140 700 10 100 28
9
7
6
4
6
7
4
6
3
6
7
6
4
3
4
7
11
4
7
3
8
2
4
6
3
5
5
5
6
3
5
1
5
5
4
4
6
3
5
2
4
4
6
4
8
8
4
6
3
4
13
3
6
4
5
5
3
5
5
3
3
6
5
4
5
4
5
7
3
7
5
10
7
3
3
1
5
5
5
4
5
6
3
4
4
6
1
9
4
6
5
3
7
9
5
4
3
3
3
4
5
4
2
4
2
3
8
5
1
7
7
6
4
7
6
7
5
1
6
5
5
8
6
2
3
3
9
4
10
8
8
7
3
7
3
6
4
6
5
3
100 76
65 59
15 61
38 15
42 58
120 58
94 84
106 95
2 29
132 45
87 67
51 59
112 48
58 62
57 53
3 74
65 93
16 31
27 52
68 43
131 90
4 23
32 34
109 86
21 86
5 72
114 46
70 73
12 26
121 72
23 27
6 56
39 49
58 81
72 61
19 96
85 96
27 60
7 89
104 100
33 43
19 30
8 67
93 27
74 11
15 53
81 61
49 99
9 51
83 100
12 51
10 20
127 93
113 59
137 31
69 69
38 32
11 20
18 80
138 34
79 87
118 89
45 38
5 26
12 10
52 28
91 33
5 27
53 91
44 46
13 93
126 37
83 25
32 19
14 59
28 71
128 93
15 78
140 68
23 28
43 65
16 96
87 37
15 29
108 43
116 93
14 45
53 75
17 71
118 79
95 65
100 11
92 10
91 98
20 69
58 30
13 15
82 52
67 69
18 16
52 82
77 73
132 75
19 93
103 28
120 73
57 23
94 46
38 76
31 64
20 71
136 13
75 83
21 41
57 70
32 69
92 52
68 85
28 51
123 22
135 16
22 89
24 99
23 14
83 33
27 38
128 28
24 70
55 81
3 68
87 87
10 34
86 95
25 24
56 32
126 42
26 21
111 75
32 81
127 71
20 75
27 84
59 44
102 63
76 56
41 62
28 90
81 79
57 35
114 25
125 18
29 73
54 65
61 68
33 15
68 69
86 62
30 76
118 88
99 78
31 51
140 46
8 17
117 98
105 88
32 87
33 28
93 100
8 45
63 100
36 89
34 63
36 49
18 97
107 11
81 70
35 98
67 70
136 88
90 96
36 86
73 11
8 76
34 32
37 35
118 86
74 91
57 17
138 72
117 15
38 95
7 90
67 57
39 91
114 52
36 20
61 29
57 34
40 94
17 51
41 49
69 24
112 69
1 29
42 34
107 100
86 75
129 88
43 73
93 99
99 94
140 37
8 15
91 66
44 40
36 86
38 98
106 16
45 45
27 62
82 87
49 61
51 40
94 12
36 42
84 40
46 88
32 51
128 32
78 22
40 97
80 32
11 89
16 48
47 25
87 24
11 89
52 68
48 84
57 77
97 61
30 77
45 27
109 16
49 14
54 24
35 86
50 66
3 36
101 82
66 51
51 13
45 76
69 76
2 37
34 80
58 66
23 89
8 91
62 98
70 84
3 68
27 29
5 57
52 33
9 70
24 31
53 15
22 28
88 44
107 53
9 65
105 19
54 14
88 47
124 84
42 34
55 97
93 86
105 93
1 36
81 84
56 45
86 35
59 17
13 51
42 25
57 27
115 66
81 45
58 41
119 90
32 22
113 63
49 72
59 82
103 78
81 89
72 37
40 57
60 82
132 67
13 44
61 81
74 28
63 52
62 80
67 26
65 56
30 39
16 65
77 59
63 69
91 40
35 91
96 33
84 32
64 58
93 57
77 25
91 34
65 79
15 55
70 59
94 69
96 42
66 29
35 53
29 52
109 43
67 84
135 33
136 21
5 30
106 43
68 37
80 20
95 75
113 90
116 58
30 79
128 99
69 65
29 67
34 19
70 24
45 11
125 24
74 72
121 18
81 60
76 24
71 90
78 96
97 55
96 72
52 47
72 64
133 68
50 94
26 74
36 45
140 53
79 79
61 52
53 14
128 82
73 36
58 52
98 21
29 54
13 36
68 14
61 72
74 73
105 19
68 86
75 36
109 28
94 34
76 96
77 29
55 13
119 92
73 55
20 20
78 94
37 29
52 31
115 47
31 82
79 75
96 97
65 42
50 49
140 26
80 77
47 50
99 41
114 60
81 51
31 59
46 69
78 19
109 53
82 57
1 73
89 55
111 100
7 27
77 56
83 100
10 76
113 51
84 61
69 48
51 94
28 18
85 54
84 78
22 65
24 21
86 54
67 33
6 48
66 30
108 12
106 54
87 40
88 72
83 45
112 40
136 20
98 51
134 12
108 37
123 76
73 55
89 69
79 43
66 19
101 43
90 42
122 97
110 30
136 29
123 32
135 39
91 50
20 59
56 43
89 18
16 16
92 42
73 46
1 19
93 50
54 31
107 33
87 61
14 39
32 53
138 56
94 61
73 39
107 82
13 94
17 15
62 34
21 72
2 71
42 54
95 10
42 90
119 39
121 22
133 91
96 45
42 49
106 51
126 83
97 20
71 12
24 14
98 90
136 76
78 43
99 42
124 51
46 56
100 100
68 52
75 57
28 97
101 45
60 32
73 73
103 54
72 90
102 13
70 79
64 99
124 32
103 99
7 54
104 39
101 53
34 45
66 63
105 51
72 93
106 84
10 73
132 21
107 85
42 50
16 71
112 32
120 38
98 59
101 21
67 80
108 26
28 13
24 70
129 99
12 50
109 78
110 96
1 30
58 79
81 62
55 13
92 84
84 38
111 50
78 40
39 78
92 50
9 89
51 22
132 22
112 40
83 73
79 47
102 78
57 71
64 41
113 67
33 23
35 42
59 29
114 78
27 65
109 82
84 76
129 47
33 11
69 44
115 94
133 75
138 51
20 22
82 17
50 50
116 60
23 75
41 28
127 70
120 34
122 41
24 26
117 68
113 27
122 70
116 94
119 24
118 24
119 28
35 100
140 88
24 60
138 48
94 23
120 64
17 77
139 98
51 25
11 20
121 74
98 31
32 28
57 92
1 16
122 60
43 75
120 63
136 78
55 61
14 18
3 88
40 21
123 41
91 63
127 93
20 10
135 18
78 58
124 11
33 17
125 68
130 36
93 37
126 92
94 81
52 11
127 57
48 99
42 89
20 59
90 78
67 95
38 49
126 31
121 33
128 70
41 50
28 49
86 14
129 78
102 58
134 84
4 35
126 32
87 34
103 45
92 80
66 23
20 74
130 84
4 39
1 63
79 89
41 44
133 49
68 25
7 86
131 48
102 74
90 68
104 34
38 34
60 83
96 43
52 74
132 76
82 77
99 86
127 75
98 77
57 11
116 25
133 51
94 78
139 63
134 46
97 88
20 93
69 91
100 92
56 22
58 67
135 53
138 39
6 56
136 52
41 77
81 18
54 13
60 60
34 65
137 16
56 99
67 12
118 47
138 56
43 17
1 92
54 56
86 10
89 64
139 75
116 46
114 56
10 31
133 56
140 39
26 97
43 95
1 23
55
58
2 122 55 
3 13 92 70 
2 72 103 
4 22 24 100 110 
2 17 56 
1 73 
1 45 
5 126 71 67 84 102 
2 80 20 
3 18 14 93 
3 57 79 48 
1 118 
1 42 
2 51 116 
1 12 
3 104 139 63 
1 132 
1 125 
2 4 117 
1 35 
3 96 113 83 
1 25 
1 66 
2 59 21 
3 86 32 10 
2 19 134 
2 64 46 
1 58 
