140 700 10 100 28
7
4
4
3
3
3
4
6
4
7
2
5
3
6
4
7
4
3
7
5
8
2
5
3
7
1
8
7
4
8
4
6
3
6
5
4
7
2
9
6
5
6
7
3
2
2
4
7
5
6
9
4
7
9
3
3
5
2
7
5
6
4
4
4
6
5
6
6
4
6
6
6
3
5
7
5
4
5
6
5
6
2
5
3
2
7
3
5
5
3
3
10
1
3
5
6
3
5
3
6
3
4
5
5
6
3
5
4
4
9
5
4
7
8
4
7
7
5
4
5
2
6
6
4
9
4
5
4
5
6
6
6
3
9
7
5
5
9
4
5
112 63
41 29
136 40
119 80
6 91
31 65
2 29
47 86
9 20
17 27
3 81
6 21
46 14
17 30
4 87
92 83
6 54
5 52
49 29
61 73
6 81
139 84
52 23
7 40
80 98
71 52
93 68
8 37
53 41
115 57
126 61
89 69
32 73
9 74
102 20
98 82
1 57
10 42
23 62
95 89
9 63
105 47
75 56
91 47
11 62
123 39
12 39
117 83
105 70
93 73
119 44
13 35
16 63
129 55
14 76
103 14
91 16
70 10
6 19
75 32
15 56
29 81
35 49
99 77
16 61
20 35
123 11
128 54
75 71
138 20
133 15
17 97
74 84
117 23
29 57
18 44
6 68
11 77
19 88
22 96
66 70
91 63
84 99
123 75
23 32
20 100
67 17
12 46
87 44
50 74
21 89
17 95
25 73
102 25
24 41
136 67
58 88
107 22
22 97
48 24
23 31
32 69
44 45
79 71
107 91
24 59
87 88
120 64
25 68
69 20
83 44
18 97
103 74
140 90
31 78
26 28
27 21
56 93
108 16
115 18
16 10
24 25
52 71
139 35
28 31
71 47
49 90
87 68
132 34
116 67
10 74
29 20
76 44
23 21
52 37
30 84
119 60
48 50
59 12
98 63
101 81
112 53
120 10
31 59
104 14
22 65
66 33
32 53
110 50
67 59
114 90
127 42
115 96
33 89
90 78
9 35
34 78
61 93
52 53
78 86
86 57
129 91
35 67
31 33
105 76
26 78
64 36
36 72
33 89
66 60
41 100
37 99
130 53
135 11
98 91
115 95
39 23
109 56
38 56
130 31
39 64
82 86
15 92
16 96
78 97
74 32
53 88
132 94
109 10
40 100
85 39
79 10
103 20
101 16
108 68
41 89
81 40
104 40
4 12
76 84
42 59
79 97
101 90
29 97
37 85
23 100
43 84
123 96
25 25
16 58
132 41
109 40
17 26
44 35
68 24
140 92
45 20
132 68
46 37
41 49
47 70
19 79
91 48
107 15
48 46
122 33
10 63
110 36
120 28
63 48
26 72
49 88
58 24
93 71
118 80
97 73
50 75
115 36
16 19
10 73
106 65
39 89
51 99
75 88
55 90
68 13
28 27
124 87
54 35
5 43
81 30
52 91
72 19
78 57
34 48
53 74
96 58
67 32
39 35
123 19
102 44
133 91
54 45
136 92
128 98
134 82
101 46
103 97
139 21
95 72
100 89
55 13
133 84
29 57
56 89
35 85
123 10
57 12
38 88
102 65
53 89
103 97
58 95
134 61
59 56
93 57
106 21
81 14
54 90
107 92
56 93
60 49
9 46
84 56
41 81
133 38
61 42
58 72
15 88
3 77
53 74
21 67
62 50
124 76
92 52
27 83
63 21
37 19
59 82
97 16
64 93
132 88
114 75
73 33
65 58
130 85
30 64
81 79
136 89
54 18
66 38
2 79
78 95
128 42
59 24
67 42
89 32
106 68
95 82
10 46
13 49
68 49
66 28
138 74
87 82
45 27
77 95
69 98
60 50
111 29
17 45
70 58
53 99
33 65
56 35
19 95
4 66
71 43
2 26
130 45
26 16
60 46
20 88
72 18
70 36
127 17
125 34
107 14
131 94
73 65
140 38
123 20
74 79
114 36
103 59
90 63
68 23
75 91
126 35
39 38
33 79
98 38
18 72
68 10
76 31
121 28
38 74
129 98
9 76
77 97
86 51
116 38
40 79
78 41
54 30
22 29
136 77
30 39
79 43
8 62
124 40
70 77
88 40
40 72
80 47
7 33
19 28
55 36
108 93
81 15
106 74
39 64
52 69
24 82
101 87
82 75
120 36
83 20
12 85
70 81
71 75
21 82
84 51
66 70
71 12
85 70
16 83
86 47
116 96
101 51
49 43
69 44
138 15
37 25
87 94
22 84
102 49
88 58
16 63
15 55
61 28
82 80
89 62
33 26
133 81
76 23
124 38
90 42
11 96
125 95
91 30
87 73
122 88
92 76
34 40
95 23
5 83
114 27
68 19
127 45
87 62
129 56
17 56
93 37
94 20
109 63
73 79
95 47
76 97
134 57
26 82
67 21
96 32
36 36
61 74
58 55
69 40
121 90
97 27
2 27
53 96
98 10
67 63
113 46
59 13
106 93
99 52
136 41
75 60
100 19
32 89
16 44
120 97
3 17
90 43
101 54
23 81
45 17
102 35
91 60
137 25
14 35
103 74
47 32
65 58
49 25
8 55
104 38
12 19
114 16
129 78
2 78
105 28
107 89
40 40
30 70
129 93
44 90
106 77
15 48
39 87
107 84
99 54
91 92
57 45
6 78
108 60
63 41
64 61
46 73
109 57
42 21
58 56
8 89
110 29
86 34
84 80
140 12
115 69
30 89
88 60
32 82
55 92
111 97
114 10
66 71
122 53
34 83
112 69
118 16
26 19
74 47
113 46
117 97
118 40
124 65
86 60
25 88
96 45
114 89
96 21
106 15
108 13
107 54
35 97
29 92
75 65
115 73
9 15
41 89
117 82
116 26
1 95
29 83
97 36
136 30
51 39
48 96
117 78
25 63
54 47
72 71
34 88
53 52
63 70
118 13
41 23
70 99
67 55
80 21
119 75
104 10
32 91
91 83
120 64
16 92
55 22
15 73
6 34
121 82
138 92
122 93
90 20
66 46
4 59
69 44
106 54
123 49
55 56
89 43
70 11
137 22
41 49
124 100
76 95
102 59
103 97
125 77
25 49
133 81
135 91
34 59
37 21
94 22
106 84
132 12
126 74
117 36
75 91
28 12
127 59
12 86
68 49
96 22
27 62
128 19
16 50
91 87
14 62
129 16
1 27
101 63
71 30
138 26
130 60
127 34
22 68
2 68
92 64
91 88
131 28
4 90
22 59
135 27
51 82
5 95
132 57
83 56
104 72
44 90
4 58
50 85
133 90
52 90
14 30
134 41
77 19
41 95
69 67
23 40
81 32
40 57
11 73
35 60
135 74
65 10
13 22
47 79
30 19
118 24
129 36
136 79
25 43
90 90
118 86
66 11
137 42
8 100
103 24
15 66
89 17
138 10
97 64
133 11
84 11
91 74
103 59
102 37
118 70
95 40
139 72
44 57
50 55
74 91
140 29
103 84
69 21
130 24
107 33
1 31
94
3
1 94 
2 75 135 
2 57 137 
1 27 
1 14 
4 105 88 81 34 
2 63 85 
1 17 
3 40 5 47 
4 73 125 10 60 
6 69 50 78 133 101 20 
3 68 67 48 
1 90 
2 108 49 
2 70 114 
2 25 98 
2 92 93 
1 72 
1 12 
2 76 126 
1 97 
1 100 
1 129 
2 1 113 
3 38 104 43 
2 80 13 
2 115 53 
1 3 
