140 700 10 100 28
6
4
4
2
10
4
7
8
3
4
3
7
4
7
6
6
4
2
6
3
3
4
6
3
6
6
6
4
3
3
5
8
5
4
4
8
2
6
5
8
4
6
4
5
12
5
5
5
5
4
6
2
6
10
5
4
7
7
3
6
2
11
4
5
3
4
7
9
4
7
5
3
2
9
6
5
4
6
2
7
5
11
7
2
2
4
10
3
2
7
3
3
4
8
3
5
3
2
5
8
4
4
6
5
5
7
4
2
5
2
3
8
7
7
7
4
4
3
5
7
4
4
8
1
7
5
4
4
4
5
1
5
5
3
8
2
7
5
2
5
104 81
24 32
89 69
94 23
21 59
2 29
112 88
37 58
25 12
3 69
125 77
65 89
95 96
4 19
57 69
5 11
116 67
16 49
121 43
25 54
106 59
139 66
45 69
131 93
36 84
6 32
42 83
88 73
23 15
7 20
70 79
24 22
41 66
22 67
69 85
103 99
8 32
42 19
132 80
56 67
16 19
69 52
12 31
88 31
9 12
94 48
35 24
10 72
63 59
108 100
72 76
11 68
30 12
112 24
12 95
44 59
20 44
69 99
50 38
35 66
131 31
13 79
37 23
140 64
19 46
14 91
21 39
43 14
106 58
56 59
82 78
7 10
15 53
111 100
63 35
73 22
85 23
17 13
16 57
35 21
41 18
107 51
82 16
135 12
17 49
122 98
86 34
134 10
18 74
8 90
19 88
101 56
35 44
17 91
119 28
123 97
20 65
135 59
59 47
21 83
70 78
68 37
22 59
88 64
47 66
19 85
23 60
133 17
37 89
124 19
20 56
13 87
24 97
132 69
84 44
25 75
92 26
23 25
137 14
106 69
40 93
26 42
139 40
7 12
68 33
25 37
130 23
27 64
18 69
106 75
118 30
126 23
50 87
28 23
31 43
3 51
116 29
29 52
70 92
111 12
30 46
61 83
79 66
31 87
128 28
7 14
121 39
130 43
32 62
9 15
97 66
24 54
84 70
137 75
21 53
55 80
33 19
26 41
113 85
129 25
22 23
34 54
8 60
77 55
31 19
35 63
32 74
76 80
56 70
36 96
47 50
113 20
5 79
135 59
61 73
30 83
127 58
37 69
113 80
38 89
69 48
17 57
139 48
42 80
85 68
39 86
55 74
90 37
123 96
117 70
40 10
139 10
100 45
17 10
73 75
96 88
47 71
54 42
41 56
107 78
76 66
69 68
42 37
80 95
22 18
2 89
115 38
77 15
43 86
109 66
134 17
1 91
44 60
101 13
117 75
6 26
20 18
45 42
64 63
19 33
111 83
17 37
96 29
41 67
27 12
26 65
2 53
69 12
33 98
46 69
110 67
76 25
104 21
59 43
47 63
70 98
9 92
82 81
105 60
48 79
50 60
42 31
92 52
112 21
49 98
28 52
126 39
56 17
63 26
50 50
9 46
19 55
5 61
51 59
70 28
89 27
124 73
40 50
90 79
52 21
75 13
53 31
19 86
107 59
42 12
50 39
112 56
54 23
106 78
44 13
133 44
107 55
84 68
75 19
11 17
115 29
41 58
55 79
67 57
68 63
75 15
50 88
56 56
33 40
135 66
137 15
57 88
13 58
104 14
74 96
22 86
126 36
117 80
58 51
73 67
19 20
129 67
138 83
65 64
137 72
59 66
55 54
132 84
60 58
46 62
102 88
71 28
72 28
115 49
61 37
50 75
62 58
86 27
48 73
104 44
5 37
94 84
72 80
17 87
77 75
37 91
10 33
63 66
44 72
14 96
61 39
64 46
15 43
128 77
32 58
38 36
65 28
51 35
18 65
66 39
78 92
63 88
74 77
67 88
17 88
139 78
52 52
111 74
96 77
124 97
68 25
99 42
92 94
26 30
115 64
79 31
89 60
119 60
129 100
69 89
60 17
101 50
54 42
70 63
123 29
137 37
106 10
13 49
68 79
85 21
71 37
55 84
45 91
88 85
134 24
72 63
6 86
15 40
73 30
66 96
74 54
18 13
8 36
14 83
123 19
114 74
34 34
111 57
140 55
75 99
7 48
138 80
133 23
40 22
11 89
76 74
36 63
133 28
29 29
67 10
77 55
87 42
4 28
61 41
78 46
75 91
74 82
88 18
128 71
24 65
79 38
33 14
80 68
63 70
26 39
70 39
118 63
126 10
133 93
81 36
67 72
108 71
132 28
51 69
82 91
17 94
69 89
12 84
115 84
107 54
130 48
64 83
30 60
36 23
11 18
83 100
43 31
124 85
69 57
60 65
91 79
73 39
84 50
102 63
85 99
128 12
86 59
95 56
77 54
28 19
87 37
92 40
20 27
8 90
133 92
83 44
136 69
121 91
24 47
37 70
88 82
30 88
130 35
89 87
114 57
90 42
56 35
127 95
13 99
45 78
70 54
11 60
91 40
57 65
104 92
92 55
62 80
13 31
93 100
108 74
41 77
78 97
94 79
135 60
13 62
110 99
51 31
8 66
71 94
79 76
95 92
113 14
34 84
96 69
8 66
105 82
110 86
132 16
97 41
16 77
23 79
98 63
56 23
99 67
3 46
136 18
112 83
33 70
100 86
88 12
34 42
30 20
132 30
10 92
60 48
13 88
101 16
96 23
86 12
47 34
102 77
110 21
19 59
34 96
103 31
37 39
67 94
124 37
38 96
39 80
104 11
126 42
134 64
9 35
109 98
105 12
63 10
138 13
20 17
58 40
106 63
29 13
39 27
89 25
97 57
60 90
71 60
107 32
2 34
101 61
46 14
108 78
47 51
109 54
78 22
62 80
117 28
60 58
110 71
116 85
111 52
74 27
61 80
112 73
16 94
61 77
91 78
15 15
119 48
17 86
137 41
113 69
138 97
72 85
119 79
89 23
128 12
13 93
114 38
90 17
101 18
76 41
81 67
58 38
11 16
115 83
67 23
104 21
26 83
64 75
140 54
27 32
116 60
64 92
23 78
50 67
117 92
57 75
136 23
27 26
118 90
62 10
69 38
119 55
136 60
6 44
75 30
103 95
120 90
118 35
62 73
67 61
127 97
23 36
39 25
121 70
53 68
75 12
22 86
122 85
126 93
91 88
116 71
123 24
5 97
88 81
122 76
31 66
87 57
55 67
79 81
124 100
125 40
11 57
84 18
65 89
22 23
45 25
50 24
126 72
6 88
30 73
34 41
50 55
127 86
67 88
9 67
46 18
128 25
4 44
84 26
65 14
129 85
102 55
91 41
78 79
130 43
126 93
134 52
54 12
95 82
131 90
132 67
89 46
57 42
48 62
26 27
133 31
42 96
1 89
129 70
67 11
134 27
132 79
107 89
135 12
51 62
16 57
121 48
38 93
109 47
1 20
91 15
136 44
32 93
137 98
125 49
121 13
55 64
21 27
59 46
20 46
138 56
128 47
47 47
17 77
131 49
139 59
18 68
140 66
3 27
82 17
99 85
126 16
1 45
136
39
1 136 
1 24 
3 120 80 5 
2 38 9 
2 109 18 
2 106 111 
2 119 56 
2 1 22 
3 59 101 95 
2 49 79 
4 103 58 55 127 
1 77 
1 99 
3 10 78 66 
1 128 
1 107 
3 15 63 28 
3 6 40 62 
5 112 35 97 122 130 
1 33 
2 131 73 
2 132 70 
2 51 65 
1 13 
2 41 36 
1 113 
1 27 
2 134 39 
