160 800 10 100 32
2
6
12
2
7
3
2
5
2
4
5
8
3
4
4
7
4
4
3
5
5
13
9
9
3
4
4
4
4
5
3
6
10
7
6
2
6
7
5
3
4
3
4
3
3
6
4
8
3
7
5
6
1
6
4
6
4
5
6
8
4
6
3
4
4
6
5
6
9
6
2
5
6
2
8
4
9
7
4
3
6
6
10
4
5
5
4
3
5
3
5
3
4
6
5
4
10
4
8
4
4
5
4
4
3
7
2
4
4
5
6
7
5
4
8
4
4
5
1
6
7
4
4
6
4
3
7
4
4
7
4
1
6
9
6
6
4
6
3
6
4
7
5
5
3
6
5
7
3
5
6
5
3
4
6
8
5
2
3
5
132 21
2 29
80 74
124 80
87 99
113 41
135 73
3 86
99 48
21 10
57 25
76 37
84 91
87 49
91 46
47 78
25 44
65 21
13 100
4 91
23 57
5 22
91 47
38 39
75 49
125 59
117 31
10 69
6 13
129 25
23 58
7 17
39 30
8 71
49 90
27 90
101 78
159 92
9 22
1 69
10 82
138 22
53 65
107 92
11 15
157 47
45 57
146 47
112 86
12 45
74 75
97 86
10 89
85 68
51 84
101 36
81 44
13 49
83 59
154 92
14 44
74 42
110 69
87 20
15 82
17 12
101 90
150 96
16 100
156 98
87 32
123 38
103 16
54 78
71 28
17 28
88 79
127 46
47 77
18 77
24 39
26 13
96 98
19 94
8 71
7 50
20 15
79 70
26 71
40 72
113 96
21 47
129 33
15 19
41 18
89 98
22 36
82 15
142 45
152 68
130 39
90 29
5 90
111 15
160 76
7 25
137 55
77 46
48 42
23 76
53 49
37 62
105 53
89 17
34 19
64 97
87 22
138 54
24 33
120 40
30 53
158 82
148 37
126 94
135 99
93 36
32 68
25 18
125 10
108 28
26 98
95 51
109 30
32 92
27 41
148 29
116 87
29 17
28 98
76 100
128 11
66 18
29 41
128 28
6 68
118 48
30 22
51 57
138 93
95 80
153 63
31 24
95 83
27 47
32 79
43 79
27 81
49 11
35 45
111 37
33 98
12 79
152 36
157 66
65 94
48 83
97 60
113 68
30 34
68 44
34 87
109 11
151 63
92 56
96 97
140 10
82 39
35 11
122 54
143 40
145 36
113 78
126 29
36 62
153 45
37 65
150 30
88 34
90 56
14 47
7 33
38 61
17 32
88 17
101 42
132 35
142 38
70 34
39 68
50 76
148 52
36 61
51 99
40 93
33 75
94 35
41 82
157 50
113 31
9 75
42 57
64 46
153 87
43 72
73 71
17 59
138 24
44 15
104 31
153 79
45 22
115 94
68 30
46 57
27 51
77 100
103 21
19 82
87 88
47 32
59 20
146 23
17 19
48 51
6 72
90 35
43 65
57 94
152 99
149 69
98 85
49 95
79 46
121 25
50 91
83 49
73 42
126 33
33 43
109 85
13 44
51 52
114 56
87 62
67 50
16 44
52 12
98 41
121 56
141 11
15 15
29 21
53 58
54 36
135 51
48 27
119 64
72 88
53 20
55 31
102 15
53 18
130 46
56 77
10 16
90 27
120 91
72 88
142 58
57 42
76 78
86 10
2 23
58 85
27 37
83 89
47 77
124 82
59 73
91 47
108 16
126 96
4 77
61 40
60 74
65 19
28 84
91 54
67 72
43 70
126 63
104 14
61 86
94 35
18 98
127 28
62 71
153 87
72 56
119 69
101 94
60 62
63 24
125 31
115 53
64 14
92 67
12 96
57 90
65 17
120 35
123 76
8 69
66 28
96 82
6 37
86 42
118 97
114 13
67 38
30 11
144 20
131 53
143 75
68 61
50 15
16 32
93 68
48 81
114 95
69 73
87 98
149 28
10 63
41 53
94 92
34 30
101 10
158 13
70 20
118 20
107 73
53 92
45 79
23 42
71 97
143 24
72 18
13 95
129 18
122 76
54 59
73 71
1 43
77 13
20 77
31 38
84 77
74 99
102 57
75 29
89 18
51 57
126 31
65 47
149 50
160 55
145 16
76 53
159 60
83 87
29 29
77 72
93 44
97 96
9 58
59 81
11 67
30 44
134 91
31 58
78 89
9 40
62 55
118 11
3 76
37 11
131 55
79 79
62 32
104 77
78 81
80 55
59 11
45 97
81 30
22 98
14 45
113 37
27 73
11 21
82 41
153 58
98 73
65 100
132 96
95 13
83 20
56 37
132 46
27 67
3 82
63 44
15 20
120 32
148 78
37 35
84 63
136 23
81 98
39 30
85 26
76 22
83 81
2 46
94 50
86 42
62 22
133 22
146 60
14 57
87 98
158 89
96 41
144 66
88 48
41 55
14 24
89 44
103 78
94 47
132 25
65 42
90 42
67 83
139 86
91 40
109 17
37 81
36 92
22 58
92 64
40 95
114 54
93 78
88 35
50 88
41 31
94 93
23 74
14 56
28 89
10 78
97 10
95 57
60 72
62 95
84 21
35 56
96 98
19 80
80 63
129 95
97 97
11 56
101 46
49 44
41 92
79 86
115 47
107 53
53 35
128 77
98 37
75 67
9 68
158 48
99 28
57 64
154 88
8 23
131 79
54 72
129 88
148 21
100 33
52 17
80 16
12 77
101 83
10 19
133 71
95 57
102 62
140 75
153 46
137 73
112 37
103 50
81 72
71 98
87 71
104 65
27 49
113 72
47 90
105 67
20 50
84 99
106 98
129 63
74 73
157 14
59 44
46 62
35 34
107 46
44 34
108 99
4 28
86 51
93 13
109 81
52 97
59 33
46 55
110 54
124 75
114 59
107 78
113 92
111 96
152 89
48 45
36 71
156 58
147 18
112 36
11 25
34 77
74 67
105 36
3 79
159 66
113 44
146 74
60 97
13 87
143 76
114 38
150 14
67 72
14 44
115 84
55 22
64 80
156 49
71 84
63 65
26 76
28 99
116 26
58 77
81 78
47 42
117 54
69 100
103 30
41 13
118 39
107 28
138 99
111 14
131 46
119 48
120 38
109 54
74 77
133 35
145 37
105 26
121 86
138 80
3 89
65 10
1 86
101 12
25 45
122 69
129 14
74 79
50 48
123 66
85 20
7 48
102 73
124 11
112 58
77 72
93 87
70 83
118 23
125 15
34 59
132 20
80 95
126 94
62 90
114 29
127 30
130 55
20 74
38 95
25 55
69 89
67 28
128 65
41 59
46 94
139 67
129 100
88 97
91 85
104 88
130 100
147 13
68 57
38 62
19 94
50 59
13 37
131 77
103 13
120 82
21 70
132 66
133 19
12 33
123 19
54 83
43 100
90 51
134 60
55 74
92 60
84 32
23 28
111 94
3 24
22 41
31 96
135 24
41 48
155 55
126 17
150 46
159 73
136 87
22 88
19 25
84 12
44 13
154 39
137 51
31 36
19 26
95 42
138 10
81 51
49 32
42 32
89 53
24 16
139 88
59 78
136 84
140 92
62 90
73 30
82 93
75 97
59 50
141 100
125 73
40 47
121 92
142 85
50 64
158 34
80 62
150 100
44 94
109 57
143 63
151 56
72 25
102 54
110 93
144 56
117 36
153 28
46 20
73 20
145 62
128 52
134 82
146 16
159 46
117 33
61 15
85 78
77 85
147 81
121 53
96 21
84 18
34 34
148 60
126 29
12 58
128 48
45 68
40 88
158 35
149 93
160 100
49 34
150 95
71 76
97 64
92 13
88 97
151 80
52 42
105 90
106 40
72 17
74 85
152 52
133 96
34 73
78 70
44 99
153 26
69 45
83 54
154 18
22 19
31 77
138 81
155 50
94 67
37 15
153 69
151 90
136 68
156 94
148 96
138 44
47 11
36 46
139 35
6 63
46 54
157 60
7 10
28 77
107 74
143 84
158 55
102 46
159 43
119 27
131 31
160 40
30 100
154 98
79 25
138 61
1 10
40
8
2 52 40 
1 23 
2 95 10 
2 126 98 
2 93 11 
3 132 29 143 
5 109 147 81 16 34 
1 7 
1 77 
2 154 128 
2 88 25 
2 152 160 
3 3 68 119 
3 113 74 80 
2 59 2 
2 142 51 
1 76 
2 50 78 
1 13 
2 69 115 
2 43 108 
1 111 
3 82 67 65 
2 116 83 
2 53 44 
2 60 38 
1 26 
2 89 15 
1 114 
1 19 
3 101 6 104 
3 140 61 8 
