160 800 10 100 32
2
5
4
6
3
7
5
5
3
4
8
10
6
4
5
4
3
3
6
4
4
5
2
3
6
6
6
3
4
5
8
7
7
5
6
7
6
4
4
7
6
6
5
6
6
3
8
6
7
2
3
6
4
7
3
7
3
7
5
5
4
6
4
4
6
5
4
6
7
7
4
7
7
5
5
3
11
5
2
6
6
2
6
3
3
4
6
5
8
3
7
2
7
5
8
4
10
4
4
3
2
5
4
6
6
3
5
4
6
2
7
3
7
9
5
5
3
5
5
8
6
5
5
8
2
3
4
6
5
3
2
6
10
5
5
6
2
4
6
5
4
7
4
5
5
3
2
4
2
5
6
7
5
1
6
2
4
3
5
7
35 78
2 29
116 57
70 78
61 86
17 44
3 50
76 14
96 74
15 29
4 67
85 77
137 73
49 72
131 95
113 15
5 79
156 66
86 86
6 50
146 44
41 56
123 67
121 59
144 78
143 12
7 49
141 96
126 26
88 33
54 97
8 58
128 93
64 100
71 15
38 81
9 19
92 27
158 43
10 78
34 28
56 15
92 39
11 32
35 17
149 68
10 41
112 61
32 42
24 50
111 79
12 31
140 95
158 49
83 63
58 16
40 98
82 82
101 90
56 49
119 93
13 89
43 34
16 67
120 89
41 22
71 74
14 90
102 98
80 77
66 93
15 72
14 24
26 82
159 69
113 28
16 86
58 97
36 33
88 93
17 65
76 87
65 80
18 76
154 27
159 48
19 92
157 86
122 15
43 55
104 40
139 52
20 92
69 65
29 84
150 56
21 28
90 68
38 67
84 32
22 13
10 41
1 41
143 90
5 52
23 71
61 27
24 54
21 63
6 14
25 37
3 16
56 49
30 67
5 87
142 39
26 49
118 90
136 17
47 72
73 15
58 18
27 79
62 74
35 81
39 73
117 27
100 35
28 73
129 19
57 91
29 45
89 48
143 95
154 72
30 91
3 77
145 65
86 91
53 55
31 14
105 45
13 41
64 65
6 72
33 76
104 73
132 93
32 13
24 61
63 55
72 43
64 63
1 13
129 55
33 72
135 62
46 85
102 71
4 62
50 90
57 14
34 16
82 87
94 33
7 31
152 98
35 89
103 27
100 21
149 52
82 23
57 84
36 43
111 99
83 65
89 73
97 82
120 88
112 26
37 66
17 61
27 61
52 53
88 88
13 82
38 70
24 36
43 68
69 66
39 44
18 100
100 78
107 53
40 96
127 13
81 65
22 26
112 71
37 81
28 41
41 73
15 61
151 59
22 43
13 100
23 31
42 80
8 48
119 64
54 70
68 35
154 10
43 76
6 51
42 70
49 97
48 50
44 90
70 31
72 55
133 22
74 39
27 76
45 90
120 94
131 47
111 86
154 57
21 83
46 61
59 76
89 23
47 12
133 75
93 38
36 99
156 28
131 30
7 18
6 82
48 60
92 63
134 73
19 73
34 56
36 73
49 35
112 63
158 38
109 76
130 83
63 37
82 53
50 17
83 96
51 24
113 17
120 92
52 75
48 90
127 85
10 46
51 75
2 74
53 19
48 11
45 92
73 34
54 62
33 92
149 22
15 83
79 40
105 22
80 29
55 47
30 94
139 89
56 70
73 82
99 72
80 21
75 50
88 47
125 72
57 88
77 44
41 66
58 44
99 28
84 88
114 12
141 52
116 27
128 25
59 10
41 91
49 36
81 38
157 14
60 99
87 81
70 48
99 79
92 33
61 70
74 97
92 80
54 19
62 97
14 82
129 29
102 65
59 33
57 85
63 69
133 11
151 47
45 23
64 55
101 60
16 35
96 80
65 21
11 47
89 42
6 15
23 55
84 67
66 32
15 52
150 84
39 58
20 36
67 85
11 88
56 64
90 80
68 79
33 55
27 25
40 49
89 46
77 83
69 48
36 41
107 79
46 86
118 88
62 43
84 31
70 34
23 47
81 41
110 84
44 39
80 56
54 28
71 77
46 78
126 83
107 45
72 64
125 50
1 42
38 96
140 42
51 56
110 70
73 57
62 71
133 88
6 40
153 39
132 36
154 37
74 23
40 78
155 74
156 89
159 28
75 52
150 97
99 47
11 90
155 67
76 90
47 38
98 67
77 36
106 92
143 84
118 97
132 51
156 97
12 80
88 91
104 14
99 63
79 53
78 14
107 14
129 61
133 34
137 21
79 66
158 86
80 29
88 66
5 35
18 59
137 46
78 51
81 93
70 15
56 83
121 68
76 97
20 40
82 88
51 48
83 77
125 82
72 71
1 34
109 39
103 62
84 59
12 16
9 56
85 20
125 95
26 88
86 78
76 68
130 13
143 76
87 17
124 68
138 16
154 10
60 98
67 79
88 29
51 98
84 68
75 67
41 10
89 28
94 56
35 51
21 39
128 94
135 34
80 31
136 19
90 42
75 85
21 96
91 70
13 78
97 72
116 92
33 13
88 34
42 40
92 91
100 59
93 85
100 17
43 90
24 65
144 62
74 45
60 100
94 89
103 23
118 59
137 60
31 21
95 99
155 63
98 26
160 53
11 88
70 24
132 53
41 31
96 28
36 53
51 49
105 50
97 48
105 69
152 58
157 48
130 48
67 10
42 80
138 57
101 79
50 55
98 15
65 71
103 60
2 83
99 71
27 45
108 85
78 64
100 51
55 80
133 33
101 61
75 52
102 98
59 78
106 17
88 92
87 81
103 14
126 46
93 32
27 77
104 77
50 99
33 73
120 16
134 27
7 23
105 18
19 52
60 45
113 11
120 18
100 71
106 56
137 67
120 13
107 72
100 61
96 29
112 69
101 27
108 62
103 40
102 55
95 43
109 72
154 34
12 14
76 19
74 12
100 15
110 90
109 66
111 51
80 70
99 97
48 66
37 81
56 53
64 90
112 48
21 39
132 88
113 22
106 99
105 63
2 66
16 33
127 11
37 56
114 68
137 29
35 31
109 38
21 19
129 21
48 99
110 40
52 91
115 23
70 74
29 94
131 13
140 78
116 37
78 48
66 47
80 51
154 20
117 97
43 40
72 78
118 86
139 30
65 66
4 74
72 33
119 80
109 75
95 50
43 38
137 76
120 25
149 75
57 89
104 31
139 29
15 26
66 79
2 54
121 50
31 58
2 59
147 36
140 25
85 66
122 44
137 86
11 27
107 93
144 94
123 82
74 10
1 81
130 15
11 62
124 10
109 49
25 93
49 10
148 85
48 99
92 12
94 94
125 84
89 27
126 87
120 15
109 82
127 18
21 81
19 92
122 96
128 82
38 93
78 86
54 12
127 82
29 10
129 34
78 39
140 83
86 43
59 75
130 51
12 21
69 69
131 81
49 67
132 97
103 18
99 88
117 24
74 72
79 23
133 23
94 84
71 86
115 67
34 96
2 63
23 81
17 38
131 84
64 97
134 19
18 64
149 28
31 39
99 19
135 20
141 37
93 43
12 87
142 31
136 73
33 85
42 57
26 18
60 26
81 33
137 37
12 48
138 56
64 23
44 95
125 19
139 48
1 56
37 32
40 94
18 96
131 78
140 23
4 55
57 53
110 74
21 90
141 52
41 20
98 58
27 59
142 15
10 16
116 12
42 62
21 38
146 61
11 87
143 76
29 84
45 26
59 40
144 86
85 58
146 91
126 11
77 43
145 21
117 85
152 64
62 29
116 22
146 20
130 65
4 56
147 61
102 57
148 21
140 61
142 74
100 84
149 29
78 93
150 26
109 57
123 39
5 48
115 47
151 38
37 95
91 14
20 87
19 59
45 52
152 16
56 95
148 86
4 75
3 43
60 79
87 30
153 36
131 18
5 87
58 55
120 73
154 74
155 86
157 94
4 68
140 72
56 24
75 32
156 98
7 80
157 71
15 94
137 100
116 43
158 20
157 95
66 81
159 47
128 38
21 24
158 23
156 59
160 52
116 94
40 71
123 43
108 85
42 41
69 16
1 63
150
54
2 32 150 
1 49 
2 63 35 
1 95 
2 115 152 
4 140 30 144 128 
1 15 
4 156 20 68 16 
1 77 
3 138 93 117 
1 5 
1 61 
3 19 129 56 
1 25 
1 139 
2 113 6 
3 149 62 104 
1 87 
3 105 3 134 
3 24 9 59 
2 151 143 
1 122 
2 58 89 
1 158 
1 11 
5 118 78 42 1 102 
2 114 41 
2 28 146 
2 142 17 
1 44 
1 48 
4 39 75 69 54 
