160 800 10 100 32
5
9
5
4
5
6
5
1
3
6
4
4
6
6
8
2
6
8
5
6
4
4
6
8
1
5
7
4
4
6
6
6
5
3
7
3
7
5
3
3
8
6
5
8
2
2
5
5
5
3
6
8
4
4
5
5
2
10
5
4
4
6
6
5
4
4
5
5
1
4
5
6
3
4
3
9
6
9
4
5
5
7
9
3
5
4
6
4
4
3
8
5
7
6
4
4
4
4
2
2
6
4
4
9
6
6
9
7
3
5
5
3
5
1
4
8
4
6
5
4
3
10
6
3
4
6
4
3
6
6
8
4
5
4
3
4
4
9
9
6
2
5
5
3
6
5
8
5
5
7
4
4
3
3
4
5
6
4
4
4
145 97
74 59
17 61
43 15
2 29
58 50
89 89
151 45
99 67
59 59
128 48
19 47
65 53
3 74
143 57
72 68
33 44
149 90
4 23
31 52
45 87
24 86
5 72
130 46
80 73
30 31
31 81
6 56
59 46
130 26
51 27
66 81
26 27
7 89
45 49
82 61
97 96
31 60
8 67
9 51
33 73
64 50
10 20
108 35
92 61
56 99
103 68
14 51
11 20
19 25
157 31
95 100
12 10
91 87
20 89
103 97
13 93
15 33
109 37
97 24
52 38
60 91
14 59
60 28
38 70
148 53
11 81
50 46
15 78
155 68
143 37
77 97
94 25
36 19
7 21
134 86
16 96
146 93
17 71
160 68
26 28
76 62
49 65
52 19
18 16
100 37
38 41
109 67
123 43
133 93
60 75
97 33
19 93
66 33
114 11
105 10
23 69
20 71
33 58
155 92
104 98
60 82
77 69
21 41
48 51
133 24
35 64
22 89
142 33
137 73
65 23
23 14
147 83
36 69
1 82
116 51
54 43
24 70
83 33
105 52
32 51
141 22
110 12
154 16
44 53
25 24
26 21
11 15
95 33
39 21
146 28
27 84
159 75
83 96
4 68
100 87
98 95
1 78
28 90
105 39
127 15
154 99
29 73
133 22
118 75
126 64
30 76
113 14
37 81
74 55
6 17
64 37
31 51
144 20
146 60
82 42
8 21
147 65
32 87
60 79
133 83
108 55
65 35
131 25
33 28
156 36
37 15
77 69
98 62
34 63
119 56
52 70
35 98
27 45
4 51
87 42
151 46
133 98
120 88
36 86
90 16
160 46
37 35
33 60
60 32
58 11
160 37
148 14
77 20
38 95
148 97
18 18
41 89
92 70
39 91
137 100
145 36
40 94
144 58
25 25
41 49
127 60
63 99
135 88
107 66
57 26
39 32
110 91
42 34
83 61
135 86
65 17
35 15
133 15
43 73
84 91
157 72
39 27
136 71
44 40
70 22
146 36
41 20
84 28
22 70
65 34
117 11
45 45
137 41
46 88
94 75
47 25
79 24
22 58
128 69
86 50
48 84
122 100
46 20
98 75
147 88
49 14
64 53
106 99
159 15
26 27
50 66
43 98
103 20
51 13
117 82
4 95
93 87
73 59
96 40
52 33
112 98
89 22
45 97
91 32
12 89
49 100
58 13
53 15
93 73
12 89
83 18
54 14
99 14
79 28
89 84
55 97
82 12
62 47
65 77
31 76
56 45
47 89
137 92
40 86
91 89
57 27
123 25
58 41
2 37
38 80
66 66
26 89
9 91
71 98
115 82
3 68
30 29
59 82
22 76
10 70
28 31
23 79
60 82
113 53
90 32
12 41
61 81
100 47
10 65
8 20
62 80
144 15
24 11
122 36
139 73
7 70
63 69
11 83
6 57
1 36
98 35
29 91
64 58
49 85
67 17
22 47
15 51
65 79
10 23
107 32
92 45
66 29
74 17
37 22
95 83
67 84
118 78
98 52
13 86
82 37
68 37
65 84
42 14
61 78
46 57
69 65
70 24
85 28
72 52
111 37
71 90
122 82
51 91
125 62
133 25
72 64
70 99
28 46
100 82
40 91
110 33
73 36
139 18
104 34
74 73
33 49
58 65
85 53
75 36
74 65
110 42
76 96
155 33
100 63
41 79
121 43
40 53
153 54
33 52
25 61
77 29
158 37
153 72
107 11
6 30
133 58
78 94
83 79
129 90
39 19
94 81
9 37
60 31
146 99
103 89
79 75
117 53
143 24
93 60
80 77
115 58
55 38
84 72
123 92
81 51
44 55
111 55
109 72
60 47
82 57
65 31
44 30
69 93
91 79
106 18
143 65
83 100
160 53
145 53
148 91
3 39
146 82
80 57
93 80
132 42
84 61
71 53
111 21
85 54
133 68
76 75
120 19
107 34
86 54
45 50
124 28
82 91
87 40
137 35
135 93
151 62
30 82
136 25
88 72
136 92
84 55
23 20
89 69
153 59
23 53
36 82
90 42
140 40
66 56
91 50
103 69
85 96
23 98
18 18
57 49
58 55
130 60
92 42
137 66
128 63
54 50
52 69
93 50
4 36
1 73
122 38
140 48
102 55
89 19
94 61
61 23
14 68
34 73
75 16
88 56
95 10
148 11
11 76
62 37
96 45
79 70
55 80
32 18
97 20
66 86
95 78
28 21
98 90
89 33
6 48
74 19
99 42
63 62
100 100
153 12
101 45
103 88
155 20
112 51
116 43
141 76
102 13
88 58
90 43
76 19
103 99
92 27
54 60
156 29
104 39
112 88
23 59
147 75
34 86
63 43
101 18
99 49
80 59
105 51
29 72
71 51
83 46
124 27
2 19
106 84
84 42
37 50
61 31
121 15
158 56
107 85
83 39
122 84
15 94
123 33
70 34
5 93
2 71
48 54
108 26
97 56
115 20
139 22
152 91
106 21
126 67
109 78
136 39
82 49
110 96
37 87
154 82
48 49
121 51
111 50
87 85
81 12
89 43
27 14
112 40
9 57
2 47
113 67
149 96
23 24
56 75
52 56
114 78
115 94
68 32
145 15
118 54
116 60
127 21
59 36
20 34
19 86
120 23
83 73
73 99
117 68
66 83
53 30
141 32
118 24
123 28
151 74
75 38
8 54
37 50
119 28
145 41
38 45
30 92
75 63
120 64
55 72
94 14
82 93
121 74
12 74
78 12
122 60
72 36
99 64
38 39
141 48
62 70
127 32
137 38
112 59
115 21
123 41
101 80
77 80
5 56
3 93
14 50
124 11
11 92
59 66
125 68
139 18
129 54
135 22
126 92
3 25
12 21
1 30
66 79
37 84
127 57
115 90
53 66
44 78
128 70
65 71
73 41
129 78
68 24
38 23
40 42
67 29
94 37
130 84
75 42
96 76
147 47
20 59
37 11
131 48
152 75
23 22
90 100
78 44
62 90
1 70
127 95
132 76
140 92
93 17
11 54
133 51
29 99
159 83
47 28
137 34
134 46
155 62
139 70
132 94
135 53
38 33
96 42
136 52
9 70
40 100
160 88
137 16
148 45
58 25
86 17
138 56
20 36
19 77
1 74
66 92
15 26
110 78
42 10
2 16
139 75
87 95
101 61
155 47
137 63
63 61
3 88
45 21
56 52
140 39
156 97
8 77
49 75
45 49
89 58
141 23
72 64
142 32
141 68
44 14
74 97
37 17
143 67
4 30
149 36
106 37
16 47
144 96
157 44
60 11
145 48
116 14
103 78
44 49
144 31
107 16
146 17
22 59
32 49
98 14
148 42
147 44
56 44
114 53
53 92
61 66
118 45
157 39
23 74
148 47
31 48
46 44
151 49
78 28
149 41
117 74
102 68
1 63
90 89
150 72
102 95
119 34
43 34
21 55
69 83
110 43
151 36
27 16
116 57
132 25
152 10
28 36
107 20
126 69
153 29
136 99
66 67
154 97
7 56
152 99
155 32
139 28
121 39
141 97
156 65
108 79
76 12
62 13
69 60
157 94
118 96
74 34
64 99
135 47
99 10
158 43
63 77
44 51
152 56
159 74
18 19
133 46
96 54
160 74
29 97
150 73
158 67
1 28
43
94
1 43 
2 69 67 
3 108 136 77 
3 81 100 151 
1 6 
3 39 57 30 
3 143 7 62 
1 105 
2 18 153 
1 3 
2 23 116 
2 64 123 
3 137 91 120 
2 107 63 
2 11 46 
2 101 38 
3 154 114 12 
1 82 
1 44 
2 152 113 
2 106 150 
1 19 
2 27 48 
3 40 34 87 
1 117 
1 65 
2 88 55 
2 132 144 
2 71 59 
1 140 
5 147 47 56 84 85 
2 110 94 
