160 800 10 100 32
7
4
2
1
6
2
5
5
9
1
6
5
2
3
5
2
7
7
7
3
3
7
1
7
4
13
9
7
3
6
3
2
6
6
7
6
8
4
7
4
6
4
2
4
6
3
5
8
4
5
7
1
5
10
10
6
7
7
6
4
7
2
5
4
6
10
5
7
7
4
2
6
8
4
4
5
4
5
7
4
6
5
3
3
6
6
4
9
4
7
2
4
9
6
3
3
5
4
7
6
5
5
2
3
6
4
4
4
2
8
4
11
8
4
4
4
3
4
4
5
2
4
4
3
4
4
6
5
4
2
5
5
7
4
2
5
3
7
8
4
6
6
5
2
4
8
4
5
3
6
4
3
8
3
5
3
6
6
6
5
36 98
106 82
142 44
24 78
47 98
95 73
2 29
89 63
91 11
93 59
3 38
92 48
4 89
5 37
107 48
53 10
93 32
112 14
103 45
6 92
130 65
7 29
133 27
134 63
150 83
42 81
8 54
32 94
77 67
41 25
68 84
9 48
152 61
78 29
132 27
116 47
150 47
142 26
36 45
124 63
10 17
11 38
27 64
36 12
127 88
152 92
50 45
12 87
72 43
69 82
117 86
119 23
13 42
87 72
14 14
131 19
68 50
15 69
103 91
101 31
70 82
3 45
16 81
138 10
17 17
102 84
98 70
107 80
150 21
123 49
43 89
18 15
116 43
27 91
79 28
160 55
43 66
111 42
19 91
108 89
30 23
95 29
21 85
73 68
71 94
20 57
102 23
2 100
21 22
75 44
90 12
22 66
153 56
73 87
20 82
67 66
145 49
68 96
23 99
24 92
118 100
143 70
38 41
37 81
2 34
132 41
25 43
18 96
2 15
151 64
26 63
158 25
104 31
129 42
137 13
25 78
55 55
125 94
29 73
97 82
86 75
90 97
130 54
27 31
150 13
152 72
29 50
160 29
97 46
21 96
78 27
89 53
28 64
140 60
71 60
155 36
80 35
94 16
68 76
29 76
76 70
61 40
30 53
6 33
126 65
71 34
19 100
143 60
31 42
59 30
119 55
32 21
9 29
33 93
85 13
35 25
156 24
30 98
73 43
34 83
23 53
94 44
68 28
143 13
147 97
35 85
90 31
144 91
45 30
108 17
47 14
83 84
36 67
95 47
96 11
134 64
67 34
124 44
37 36
121 63
91 28
93 84
7 35
156 94
16 62
27 45
38 13
109 94
3 52
71 61
39 66
46 41
105 71
10 22
82 19
155 24
54 22
40 96
7 31
114 14
73 90
41 40
25 100
90 57
147 36
20 89
9 92
42 58
47 69
54 33
151 80
43 78
149 57
44 25
143 65
89 94
116 84
45 21
107 93
153 100
148 66
138 36
64 83
46 92
41 82
97 45
47 96
105 66
140 57
34 27
155 45
48 94
50 32
103 63
86 21
110 79
139 73
19 25
37 36
49 46
61 72
69 46
145 53
50 83
70 43
12 88
153 64
56 16
51 76
48 14
59 39
156 83
107 40
83 50
100 64
52 97
53 66
101 39
25 25
90 88
134 15
54 40
46 52
2 59
61 62
63 75
56 75
137 73
131 23
102 33
41 83
55 22
133 51
147 14
85 22
34 84
25 40
57 57
124 21
16 81
67 25
56 38
60 33
147 93
4 76
143 44
11 79
57 73
1 72
106 25
86 41
26 56
18 17
160 16
58 90
87 94
82 48
11 34
140 30
19 37
63 85
59 19
46 58
154 50
30 89
15 14
77 37
60 16
15 24
151 50
89 76
61 64
57 81
78 62
108 15
38 14
54 85
102 30
62 15
65 75
63 23
51 85
127 24
145 20
100 88
64 99
137 20
28 100
40 20
65 83
56 39
92 78
79 36
73 18
62 47
66 33
33 65
76 80
77 75
118 37
30 17
47 69
44 38
17 26
114 14
67 40
8 38
60 89
91 21
85 82
68 55
117 61
27 46
101 63
62 48
71 23
121 38
69 40
50 55
68 18
15 29
160 65
11 40
111 93
70 39
84 29
151 49
24 97
71 70
42 37
72 18
98 23
129 59
83 62
99 88
102 52
73 22
53 78
121 59
103 70
155 61
12 34
16 99
51 96
74 89
145 99
44 45
45 23
75 60
6 60
22 56
145 82
76 42
150 51
93 42
97 48
106 35
77 84
111 40
41 82
98 88
78 19
76 56
68 71
93 44
5 61
79 61
57 91
105 18
10 12
54 63
19 80
86 71
80 51
14 58
54 18
131 88
81 23
152 76
151 51
126 52
39 68
78 35
82 13
10 47
148 31
39 61
77 53
83 66
20 33
57 15
84 57
57 48
14 18
85 48
4 75
93 96
54 10
55 77
114 26
86 90
140 24
41 12
150 88
21 39
110 61
87 50
84 17
96 61
24 39
88 53
48 53
144 97
116 39
24 71
30 51
9 46
120 94
123 47
89 53
128 38
134 45
31 86
90 42
22 84
151 77
18 30
46 51
21 59
128 98
91 81
87 62
92 70
33 82
49 88
71 20
93 57
154 59
100 86
59 70
79 24
24 20
137 37
115 16
41 48
94 57
80 11
79 58
104 63
18 13
19 83
95 52
65 24
8 14
96 65
12 100
80 77
97 62
115 18
45 55
89 82
29 42
98 69
47 78
143 84
25 17
99 86
8 16
9 21
132 45
160 19
28 16
5 86
100 26
69 12
116 74
35 23
39 48
97 45
101 23
15 17
114 26
110 46
119 60
102 49
116 25
20 39
83 38
57 83
103 62
44 45
104 51
49 56
148 15
105 93
27 48
50 56
58 97
18 75
139 52
106 42
77 82
123 19
150 78
107 19
135 40
22 77
50 66
108 79
114 32
13 48
143 91
109 69
54 18
110 42
39 77
77 37
120 64
8 21
137 26
88 74
55 56
111 96
39 68
18 16
142 55
112 53
85 72
119 62
101 100
128 49
29 49
25 31
104 11
127 36
53 63
125 65
113 45
151 80
120 70
109 27
126 94
2 31
22 69
15 46
114 18
133 94
125 77
58 85
115 33
77 57
61 53
105 13
116 71
40 16
51 11
106 38
117 21
154 60
132 54
118 72
110 16
141 65
15 35
119 61
10 34
32 62
135 82
120 51
93 95
88 41
115 22
116 52
121 38
74 48
122 35
84 38
14 98
140 79
123 58
65 78
136 36
5 41
124 10
45 16
27 65
125 46
145 47
37 58
99 82
126 84
26 72
98 31
138 50
127 45
137 51
39 93
158 45
74 73
69 95
128 87
68 84
106 76
56 80
9 100
129 12
17 75
66 33
157 16
130 35
72 81
131 53
148 99
94 74
18 33
58 82
132 16
39 22
129 28
62 34
65 26
133 55
23 82
7 38
71 79
149 28
47 10
88 72
134 96
102 42
120 41
5 32
135 49
123 93
136 38
127 63
129 73
47 15
43 84
137 92
59 72
149 45
138 10
148 71
152 99
157 53
23 68
111 28
91 42
139 35
49 62
52 50
95 35
26 84
154 57
110 19
17 17
140 61
146 20
113 31
21 58
141 66
38 82
70 30
117 35
110 29
14 64
142 53
7 49
110 61
69 96
39 98
102 31
143 80
105 99
64 16
23 50
14 53
144 35
51 24
145 99
33 65
100 48
53 91
146 22
69 46
119 20
152 55
158 86
44 23
12 47
136 31
147 23
58 31
117 55
141 84
148 99
29 95
52 63
92 82
30 25
149 69
77 58
154 11
150 94
85 86
49 31
140 15
89 36
60 40
151 84
3 24
50 37
142 64
152 65
52 10
40 41
153 40
119 31
131 56
35 99
111 91
110 53
19 67
31 40
154 63
142 93
26 65
155 68
80 69
73 48
138 11
61 62
156 69
62 70
131 77
157 13
104 72
151 52
76 91
70 29
49 64
158 99
123 98
71 13
50 55
122 74
78 94
159 79
56 76
114 94
24 29
1 100
68 85
160 87
99 80
10 54
78 18
143 50
1 81
67
144
2 11 67 
2 29 142 
5 37 139 35 89 13 
1 119 
2 73 92 
2 127 160 
1 57 
2 101 74 
1 70 
1 54 
2 80 45 
2 154 53 
1 93 
2 26 14 
2 96 95 
6 99 72 52 68 12 145 
5 30 156 107 50 48 
2 9 46 
2 90 10 
1 120 
1 131 
1 128 
1 47 
2 83 141 
3 125 64 85 
1 6 
3 61 103 33 
1 124 
2 36 60 
1 112 
2 143 34 
2 15 144 
