100 500 10 100 20
8
5
4
5
5
3
8
5
4
5
2
6
3
6
2
3
5
5
6
6
4
6
9
11
5
5
8
4
3
8
4
5
7
2
3
6
8
4
2
6
6
5
6
5
5
7
4
5
6
6
8
6
3
2
4
5
5
5
6
4
5
7
3
4
6
8
10
3
4
3
5
4
4
4
3
8
5
4
5
3
4
3
8
3
3
3
6
6
2
5
6
4
7
5
3
6
5
5
5
4
60 13
11 61
37 59
80 48
67 49
30 58
86 58
2 29
12 47
49 43
94 90
41 53
3 74
28 87
78 86
15 86
4 23
24 21
86 72
17 27
52 62
5 72
52 61
20 93
19 60
99 39
6 56
35 99
67 44
7 89
68 75
71 90
70 10
24 20
27 32
60 100
9 51
8 67
13 89
61 24
4 26
38 91
9 51
93 53
3 27
31 46
10 20
59 25
4 21
40 26
77 53
11 20
31 65
12 10
72 11
38 75
9 15
59 52
8 68
13 93
95 75
48 69
14 59
66 28
1 82
41 82
28 76
22 64
15 78
96 16
16 96
60 33
25 67
17 71
24 21
66 78
62 95
19 45
18 16
80 15
96 99
14 75
75 96
19 93
91 71
5 21
47 55
4 17
29 62
20 71
44 94
10 62
54 56
89 18
96 96
21 41
92 76
47 64
62 62
22 89
61 13
94 46
83 98
75 88
97 32
23 14
7 18
14 21
11 85
36 11
100 37
93 14
2 89
45 100
24 70
15 98
39 67
48 78
67 100
32 42
9 17
6 45
77 11
26 89
58 70
25 24
100 56
37 79
48 25
16 25
26 21
67 66
52 11
6 76
25 32
27 84
41 17
38 15
87 45
37 49
52 28
22 15
84 15
28 90
96 83
44 19
41 34
29 73
38 11
80 69
30 76
44 22
14 58
29 20
21 55
92 88
18 81
27 86
31 51
66 99
16 27
6 15
32 87
46 59
67 12
26 42
60 40
33 28
57 32
8 89
52 18
31 94
66 33
11 48
34 63
56 84
35 98
25 86
57 89
36 86
6 91
72 82
47 51
45 85
2 68
37 35
1 34
42 66
80 99
16 89
18 31
19 29
65 55
38 95
21 64
75 19
42 41
39 91
5 20
40 94
61 35
42 17
99 65
65 67
9 51
41 49
15 86
80 13
59 28
58 45
91 13
42 34
91 65
62 52
8 86
51 37
43 73
81 47
26 98
56 23
41 84
29 57
44 40
94 77
78 62
21 39
70 37
45 45
25 91
69 33
12 65
34 67
46 88
96 46
53 53
17 92
65 34
68 69
83 85
47 25
11 73
72 56
69 42
48 84
4 20
66 17
52 84
47 16
49 14
81 90
25 19
59 81
38 85
91 99
50 66
70 72
35 38
30 65
86 18
58 60
51 13
43 93
57 79
44 52
66 18
68 72
37 47
72 39
52 33
93 91
49 14
38 14
91 82
50 57
53 15
70 21
69 83
54 14
17 10
55 97
52 55
85 25
14 20
56 45
38 94
15 53
54 52
23 82
57 27
86 66
67 79
36 55
81 60
58 41
64 55
34 50
71 41
56 19
59 82
8 53
85 18
31 73
9 68
55 56
60 82
76 28
35 80
31 68
61 81
46 19
96 83
17 21
71 60
62 80
86 43
39 62
28 22
77 12
76 54
94 43
63 69
42 78
88 76
64 58
15 27
79 30
98 29
65 79
98 91
40 43
51 72
62 49
17 28
66 29
48 52
45 38
44 51
52 46
31 88
1 19
82 10
67 84
10 94
12 15
41 63
15 72
23 53
2 71
99 56
30 54
82 45
68 37
95 91
15 34
69 65
76 51
17 14
29 10
70 24
46 67
55 16
71 90
15 24
75 63
96 47
33 56
72 64
37 83
74 54
51 90
73 36
50 79
46 99
89 32
74 73
47 38
5 54
46 46
75 36
51 93
47 63
76 96
8 20
72 21
100 98
94 21
95 81
82 48
93 60
77 29
38 12
63 80
92 99
9 50
78 94
91 91
37 66
49 68
79 75
1 30
41 79
39 13
37 22
80 77
28 78
46 41
81 51
60 76
13 59
46 88
82 57
17 92
56 100
83 100
93 27
54 37
41 84
7 54
99 83
91 70
86 34
84 61
83 94
60 42
85 54
100 88
24 33
86 54
36 25
1 16
87 40
86 63
67 47
2 88
29 21
35 52
88 72
27 57
45 64
28 49
15 90
26 72
89 69
83 84
90 42
36 79
68 81
38 11
82 82
91 50
96 96
48 95
7 17
87 33
52 70
92 42
42 44
66 80
15 74
93 50
57 89
30 82
95 49
96 74
49 28
48 23
94 61
70 77
43 83
83 25
69 43
95 10
17 16
15 40
96 45
50 91
3 67
85 99
5 56
43 17
97 20
12 77
76 39
88 97
33 42
98 90
85 47
24 53
38 56
91 34
99 42
60 54
70 23
95 56
59 45
100 100
48 39
99 67
31 100
1 45
7
73
1 7 
1 47 
1 34 
2 55 75 
3 82 21 14 
4 81 68 98 70 
2 16 28 
2 41 85 
1 99 
1 37 
1 8 
2 93 39 
2 100 38 
2 61 32 
3 52 36 15 
5 51 2 89 46 88 
2 49 65 
1 78 
3 22 10 23 
1 73 
