100 500 10 100 20
6
6
6
5
6
4
7
5
7
3
4
5
3
4
7
4
5
4
5
7
2
4
7
7
4
4
5
5
6
7
3
4
4
3
10
5
5
5
3
2
5
6
7
7
5
6
5
8
2
4
4
4
3
2
1
3
7
7
10
4
5
7
6
5
4
1
5
6
3
4
6
4
7
5
7
2
5
1
7
7
6
2
11
4
5
7
4
7
7
3
3
7
4
6
5
5
7
3
4
5
49 27
95 89
10 32
88 44
99 45
2 29
97 25
7 34
70 63
18 55
79 76
3 14
8 60
88 70
97 12
31 17
6 19
4 43
2 61
18 22
41 48
93 57
5 45
2 41
60 40
67 46
49 22
17 19
6 87
93 66
100 55
57 74
7 80
77 63
36 10
80 66
85 17
34 14
79 81
8 45
27 28
36 77
22 16
55 22
9 15
90 64
15 15
32 47
99 53
51 39
96 74
10 75
8 71
70 57
11 50
47 44
6 27
34 91
12 18
2 45
61 26
78 90
51 65
13 39
43 69
25 45
14 45
10 94
69 45
16 72
15 63
33 84
81 82
35 92
90 88
86 63
99 73
16 71
76 64
46 35
19 34
17 12
87 61
74 44
35 10
59 35
18 75
68 62
36 20
69 25
19 90
78 35
57 23
23 12
96 88
20 78
48 65
13 95
50 99
16 82
2 86
57 39
21 10
24 14
22 82
21 89
10 35
73 58
23 65
6 63
47 48
68 39
79 74
78 76
42 13
24 75
44 74
37 60
33 84
20 62
46 84
34 50
25 56
61 16
35 96
12 35
26 91
58 98
20 71
89 11
27 26
60 85
25 14
17 14
12 60
28 48
12 16
33 19
18 40
86 62
29 48
44 98
71 65
56 79
99 89
26 88
30 68
40 100
82 29
9 11
72 97
7 80
20 68
31 96
77 77
72 48
32 37
80 17
77 16
53 82
33 46
45 57
24 32
27 51
34 35
42 30
71 57
35 76
88 25
5 71
56 16
80 73
34 56
85 89
87 53
90 79
62 19
36 24
22 75
46 55
60 33
65 90
37 67
46 40
26 95
2 40
67 54
38 80
5 12
97 94
79 80
56 98
39 19
53 23
52 21
40 98
64 27
41 65
72 41
74 19
77 57
21 40
42 13
54 74
55 20
28 22
12 10
34 32
43 81
15 92
54 92
80 88
20 32
1 14
85 71
44 75
62 14
17 97
5 54
83 14
80 52
37 22
45 66
12 100
17 22
93 19
89 85
46 65
11 46
51 54
96 70
62 33
61 26
47 83
16 59
26 91
86 63
52 93
48 70
47 54
67 72
54 36
44 40
2 13
1 93
68 53
49 67
31 46
50 33
77 38
26 88
5 11
51 87
69 85
65 77
54 10
52 48
9 99
79 52
92 88
53 70
5 30
40 69
54 88
98 83
55 63
56 63
42 95
92 86
57 42
90 45
44 94
8 66
100 32
50 33
6 97
58 93
65 100
38 73
96 93
11 48
39 79
25 81
59 38
81 32
56 26
52 34
24 70
87 71
41 18
76 100
12 66
2 37
60 33
43 71
100 29
21 69
61 53
32 98
45 28
3 36
93 74
62 32
45 87
38 28
78 20
79 63
97 81
57 54
63 22
66 25
72 71
48 25
7 29
20 79
64 96
19 19
71 26
41 10
12 27
65 25
22 44
90 95
9 21
66 35
67 41
44 46
46 22
81 83
82 41
68 97
47 24
23 93
66 24
15 90
17 47
69 23
80 67
61 95
70 48
81 17
51 25
65 82
71 57
78 17
28 18
23 27
97 87
93 16
72 18
14 71
42 32
57 13
73 44
8 12
82 96
22 74
36 63
76 10
48 71
74 38
42 45
67 69
15 21
60 96
75 76
48 28
56 10
39 65
83 37
86 65
43 13
76 37
63 75
77 91
79 21
81 11
55 35
97 99
78 30
79 52
77 57
28 21
35 65
78 36
31 24
81 19
80 94
91 89
1 73
19 95
58 90
10 49
9 73
81 64
22 46
12 82
72 40
71 92
43 95
82 44
100 32
83 43
39 84
40 89
33 70
79 81
14 40
28 36
100 34
81 31
8 43
19 77
84 54
77 54
5 33
90 43
85 14
25 22
65 66
69 41
75 93
86 23
11 45
100 82
16 36
81 66
65 38
15 95
87 27
94 11
100 16
14 41
88 10
95 44
63 67
65 16
56 66
34 17
3 72
89 12
59 39
76 92
43 66
48 89
17 47
56 27
90 42
64 85
38 32
91 10
52 54
51 46
92 27
97 19
16 66
70 68
67 21
66 77
74 95
93 93
95 93
71 31
30 88
94 84
51 49
25 95
38 74
31 56
10 65
95 50
13 97
57 37
7 58
69 54
96 49
82 77
19 87
52 17
57 91
97 90
78 70
49 40
92 96
35 46
91 99
84 12
98 85
70 30
1 62
99 23
54 12
86 28
48 49
100 68
49 65
20 36
7 60
3 48
1 38
85
99
2 72 85 
1 30 
1 55 
2 62 84 
3 19 5 77 
1 60 
3 8 61 80 
1 18 
1 1 
2 88 64 
2 76 56 
3 3 94 24 
2 57 81 
3 35 39 100 
2 82 20 
2 73 90 
1 17 
4 29 40 49 9 
2 87 50 
2 2 99 
