100 500 10 100 20
7
5
3
4
4
4
5
3
3
3
7
4
4
4
5
6
6
4
6
7
5
5
5
3
8
7
4
5
7
6
5
2
3
7
5
1
7
5
5
4
7
4
6
4
3
1
7
6
8
7
4
8
4
4
4
7
2
3
4
4
5
6
5
4
5
7
1
3
1
6
6
5
2
5
6
9
5
4
12
6
6
5
4
2
6
4
7
8
8
8
6
4
6
6
6
4
8
2
4
3
53 48
99 76
8 69
28 80
13 16
69 29
2 29
86 20
52 55
76 94
5 70
3 81
93 68
83 85
4 87
14 89
15 17
44 73
5 52
30 75
37 23
26 39
6 81
29 64
63 69
39 28
7 40
59 82
89 97
10 68
74 14
8 37
88 39
56 28
9 74
92 55
75 70
10 42
50 10
54 32
11 62
25 49
71 77
87 20
28 57
85 30
92 54
12 39
53 54
54 71
57 79
13 35
69 82
5 68
24 15
14 76
59 55
65 63
62 44
15 56
97 67
41 88
77 22
22 52
16 61
77 91
54 44
89 70
34 24
37 62
17 97
34 42
54 73
26 61
86 64
19 99
18 44
13 97
74 74
100 90
19 88
15 25
82 18
12 10
80 51
69 45
20 100
94 34
60 23
83 67
7 74
17 25
38 71
21 89
16 21
52 77
38 37
75 84
22 97
16 65
35 50
42 12
70 63
23 31
38 75
91 42
82 96
62 33
24 59
92 91
12 96
25 68
74 39
66 12
83 98
75 76
62 57
19 78
46 36
26 28
97 11
84 52
48 16
47 60
30 100
86 19
27 21
70 91
82 95
78 47
28 31
38 88
94 94
7 68
36 35
29 20
44 22
58 40
73 20
72 16
86 13
71 38
30 84
51 22
3 13
74 40
49 59
76 34
31 59
23 84
78 40
100 92
12 26
32 53
35 50
33 89
97 39
95 68
34 78
64 96
86 28
31 95
29 61
77 15
96 32
35 67
22 15
86 45
81 79
70 73
36 72
37 99
66 37
39 35
4 43
56 57
24 48
83 50
38 56
42 12
92 98
73 44
53 53
39 64
99 21
68 72
95 84
84 31
40 100
29 49
81 86
63 59
41 89
39 96
32 54
38 89
96 61
74 97
84 44
42 59
5 41
39 90
53 68
43 84
69 47
29 81
95 38
77 92
100 77
44 35
72 40
89 76
3 77
45 20
27 19
42 82
46 37
47 70
68 39
72 24
1 13
92 42
39 18
30 24
48 46
68 82
10 49
9 73
42 24
87 99
49 88
14 85
4 36
12 45
47 28
99 74
62 82
32 27
50 75
88 55
84 56
14 95
3 66
44 44
9 86
51 99
14 64
90 78
57 67
52 91
91 17
26 51
88 20
89 34
76 14
75 38
42 45
53 74
81 36
74 59
89 41
54 45
24 79
7 83
92 98
55 13
27 74
83 38
7 76
56 89
96 54
95 62
21 39
50 77
68 53
52 29
57 12
14 28
58 95
17 82
72 87
59 56
51 75
86 36
38 96
60 49
69 54
47 70
80 93
61 42
9 20
35 43
98 15
11 83
62 50
49 44
16 84
73 49
83 40
71 68
63 21
35 81
44 28
59 80
45 73
64 93
90 95
9 71
89 38
65 58
43 53
91 86
96 93
93 12
66 38
68 23
81 27
49 19
91 45
62 62
92 56
67 42
68 49
10 13
70 44
69 98
70 58
93 55
76 93
22 75
44 27
55 35
71 43
11 44
86 97
54 53
90 95
21 87
72 18
32 17
2 17
77 42
55 19
73 65
70 83
74 79
55 42
92 78
47 58
35 25
75 91
28 40
21 70
92 93
29 79
14 42
76 31
13 78
65 90
61 72
12 89
38 89
41 45
4 78
5 75
77 97
50 79
46 61
33 73
80 57
78 41
30 28
41 76
62 75
79 43
85 77
47 62
87 53
100 12
82 69
37 27
22 89
63 60
23 82
39 92
73 18
80 47
42 62
1 86
24 83
19 19
29 59
81 15
89 65
61 60
21 92
18 88
1 29
82 75
39 76
25 97
29 89
81 71
83 20
98 30
37 39
22 82
84 51
50 99
85 70
8 97
65 83
48 55
57 21
27 34
86 47
37 45
65 89
78 14
87 94
35 86
64 20
90 27
3 59
50 44
58 45
88 58
98 22
48 46
30 49
66 20
82 58
69 88
70 26
89 62
69 10
82 78
96 62
74 97
27 21
18 29
6 30
90 42
79 64
84 36
44 69
57 90
36 90
24 59
40 89
91 30
1 98
49 49
69 22
20 62
12 99
92 76
10 62
99 26
87 78
93 37
16 68
2 68
66 64
26 80
60 55
94 20
97 27
37 82
36 85
100 79
39 74
95 47
79 100
3 58
10 30
52 94
57 35
96 32
90 58
29 57
8 73
97 27
23 77
9 22
64 90
22 19
88 58
84 24
66 46
98 10
47 11
99 52
65 66
85 70
68 40
100 19
93 24
44 23
1 54
43
50
2 51 43 
1 78 
1 39 
1 94 
3 37 89 47 
3 32 48 49 
1 97 
1 2 
2 100 18 
2 73 36 
3 35 1 90 
2 13 52 
1 63 
2 81 5 
2 6 10 
3 53 56 68 
3 22 27 87 
2 77 24 
2 76 75 
3 70 33 50 
