100 500 10 100 20
6
5
5
9
8
7
4
5
3
6
9
4
5
7
6
6
4
5
3
5
4
4
5
3
7
6
6
6
6
5
2
5
8
5
4
6
3
2
6
7
5
6
8
6
8
2
4
5
7
8
7
4
9
6
3
7
5
3
9
4
4
6
5
5
6
5
6
5
4
1
2
1
1
5
7
6
2
3
2
6
6
1
4
5
2
6
4
3
5
5
6
7
6
4
4
6
4
6
2
4
88 98
80 88
15 59
12 38
90 62
2 29
89 77
46 89
26 58
48 89
3 69
25 14
41 69
39 98
60 32
4 19
77 30
87 43
17 15
18 54
76 59
99 66
32 69
57 17
5 11
30 66
16 67
3 27
49 85
74 99
1 88
18 40
6 32
40 67
12 19
50 26
49 52
8 31
89 85
7 20
77 100
26 30
90 42
8 32
22 12
7 76
10 39
88 62
9 12
82 82
36 38
10 72
31 14
14 46
40 59
58 78
93 71
11 68
44 48
7 74
61 23
76 51
13 13
59 16
34 33
28 85
12 95
31 44
61 34
30 18
13 79
66 84
85 28
10 78
65 56
14 91
38 96
72 65
12 91
27 64
52 24
83 12
15 53
10 23
50 78
43 47
49 37
48 84
16 57
76 15
84 41
85 16
15 86
100 40
17 49
50 13
53 35
29 39
18 74
17 25
98 14
4 73
30 20
19 88
100 40
49 33
20 65
25 13
90 23
36 87
19 46
21 83
50 92
79 12
56 66
22 59
70 39
93 43
56 41
23 60
68 83
90 31
60 70
19 41
24 97
55 55
98 58
25 75
23 74
54 80
40 70
63 69
96 50
17 16
26 42
96 59
43 73
22 83
15 76
82 26
27 64
15 84
33 78
30 80
96 99
67 49
28 23
12 10
69 88
65 37
18 61
78 20
29 52
71 45
52 75
34 71
49 68
92 24
30 46
54 66
1 89
82 38
55 15
31 87
96 17
32 62
70 93
68 29
29 67
81 60
33 19
59 80
99 40
54 25
75 21
20 12
19 65
42 75
34 54
46 27
66 52
50 98
28 71
35 63
89 23
100 73
45 26
36 96
33 91
88 73
14 55
64 30
66 25
37 69
64 27
65 79
38 89
80 56
39 86
54 15
82 29
4 18
36 11
53 100
40 10
96 66
98 15
36 88
64 50
9 99
15 46
41 56
75 14
99 83
90 42
53 96
42 37
20 86
94 84
98 72
37 76
32 37
43 86
81 97
9 17
73 88
51 28
52 28
82 49
42 35
44 60
36 75
67 84
2 24
33 30
35 74
45 42
75 44
4 37
51 80
48 90
10 96
13 87
26 91
46 69
13 65
47 63
56 92
45 88
70 69
48 79
37 52
79 74
69 77
53 77
49 98
59 29
99 93
82 64
56 31
72 50
85 60
50 50
76 10
9 49
48 79
38 42
61 21
32 59
3 85
51 59
32 91
63 85
96 24
75 80
25 30
54 66
52 21
4 86
73 26
81 18
53 31
13 13
6 36
10 83
88 19
18 78
81 74
25 34
96 68
54 23
11 44
49 26
99 80
48 10
95 23
55 79
3 28
72 63
56 56
97 34
63 18
92 71
17 65
80 98
32 22
57 88
85 63
90 10
24 14
74 32
58 51
94 28
64 97
59 66
82 84
43 65
77 54
65 79
93 48
46 83
52 39
79 68
60 58
65 20
73 63
37 35
61 37
91 12
68 56
55 54
62 58
59 44
97 69
87 91
20 19
17 47
63 66
70 27
21 88
93 35
24 17
64 46
18 98
40 35
4 94
24 27
65 28
35 32
91 95
9 99
32 78
41 65
66 39
93 76
29 77
69 24
56 97
67 88
43 63
37 31
6 66
51 94
39 36
68 25
15 22
75 82
24 84
96 94
69 89
6 66
79 86
84 25
70 63
71 37
24 70
72 63
73 30
74 54
7 35
48 94
88 37
91 83
75 99
45 10
99 13
14 17
42 40
56 35
24 11
76 74
72 17
69 57
33 14
43 90
49 71
77 55
49 67
78 46
84 28
43 58
79 38
53 81
80 68
82 54
85 48
12 86
16 51
65 16
81 36
92 47
91 12
54 41
83 38
78 39
82 91
83 100
46 92
21 70
68 85
84 50
34 15
73 40
78 62
38 90
85 99
74 95
86 59
43 10
5 44
48 61
91 97
71 18
87 37
98 50
65 88
23 45
88 82
56 81
95 46
89 87
44 17
32 25
10 41
67 85
90 42
92 53
33 27
29 83
7 30
91 40
47 14
6 67
33 18
64 67
53 21
92 55
64 45
56 79
18 87
100 15
76 55
89 55
93 100
73 21
96 52
42 52
24 86
16 54
94 79
19 27
44 89
8 31
95 92
34 62
48 11
92 100
96 69
55 35
35 82
76 89
3 87
1 10
97 41
23 93
78 47
16 17
98 63
39 64
15 27
42 46
73 66
14 89
99 67
13 77
100 86
49 45
60 18
59 17
1 16
71
36
2 53 71 
1 51 
3 63 21 81 
2 43 17 
2 76 4 
1 87 
2 64 7 
3 92 78 70 
1 6 
1 26 
3 27 49 30 
1 46 
2 22 68 
2 60 23 
2 59 39 
3 37 48 88 
3 31 35 67 
3 12 28 41 
2 8 42 
1 36 
