180 900 10 100 36
4
4
5
4
5
5
4
8
4
9
5
6
7
6
4
7
7
5
5
4
5
5
2
2
6
6
4
4
8
5
7
4
3
5
7
2
6
7
3
5
4
8
2
6
4
2
7
3
7
11
4
3
8
5
4
3
2
3
4
7
8
3
3
2
5
4
4
8
5
5
2
3
4
3
5
3
5
5
6
2
9
3
4
6
6
8
8
6
2
3
5
5
5
6
3
3
3
5
4
6
3
7
5
8
4
9
5
5
7
3
3
6
4
4
7
9
5
4
2
6
1
6
6
5
5
7
6
7
7
3
3
6
3
4
9
7
4
8
4
4
4
3
4
9
5
4
5
4
5
7
7
7
2
8
3
4
6
5
6
5
4
5
6
5
5
7
1
6
4
8
6
5
4
3
4
6
3
7
6
5
36 67
104 59
142 71
2 29
112 46
146 43
79 78
3 50
75 40
85 14
134 54
16 29
4 67
115 81
96 77
92 23
5 79
161 52
52 74
55 72
148 95
6 50
175 66
124 35
97 86
160 21
7 49
9 27
46 56
138 67
8 58
123 74
158 96
144 93
141 26
98 33
43 78
53 13
9 19
158 49
72 100
80 15
10 78
25 52
117 38
164 83
121 64
93 32
130 76
103 27
73 57
11 32
100 62
73 88
63 49
39 28
12 31
39 17
156 29
126 61
36 42
124 79
13 89
93 63
65 16
114 59
45 98
92 82
27 50
14 90
178 49
18 67
135 89
79 74
113 90
15 72
145 30
46 22
180 28
16 86
165 76
66 66
114 98
100 21
89 77
127 28
17 65
51 25
145 52
167 33
115 70
29 82
52 60
18 76
107 32
41 33
46 16
99 93
19 92
58 26
86 87
25 10
73 80
20 92
171 68
136 27
175 41
21 28
52 42
174 27
98 71
117 40
22 13
137 15
164 69
48 55
78 65
23 71
91 41
24 54
43 67
25 37
21 20
11 41
66 63
32 55
109 88
26 49
91 30
18 13
141 63
69 27
72 64
27 79
24 91
86 70
23 63
28 73
3 16
63 49
34 67
29 45
153 17
177 87
6 87
117 86
61 69
82 15
65 18
30 91
117 20
133 90
39 81
99 76
31 14
99 82
19 90
70 19
131 27
81 72
65 91
32 13
141 11
161 95
21 88
33 72
114 61
148 59
34 16
168 70
151 65
97 91
87 66
35 89
15 41
59 40
37 76
72 63
117 73
149 54
36 43
2 13
37 66
169 71
126 63
52 85
5 62
8 93
38 70
177 77
92 87
106 33
115 71
56 90
140 61
39 44
112 21
92 23
40 96
36 23
125 30
109 82
135 88
41 73
53 77
165 21
125 99
42 80
35 10
102 99
81 11
30 61
59 53
49 68
55 56
43 76
27 36
44 90
126 27
21 100
90 53
102 33
69 41
45 90
143 13
91 65
139 62
46 61
17 61
47 12
9 48
134 64
76 35
141 53
173 10
38 96
48 60
56 97
102 59
49 35
175 67
123 16
7 51
78 31
149 22
63 59
50 17
26 35
97 80
81 55
33 40
59 26
164 46
83 39
136 58
24 83
27 74
51 24
135 94
66 76
173 57
52 75
153 82
100 23
53 19
124 90
104 38
175 28
77 44
40 73
148 30
7 18
54 62
4 44
103 63
170 61
38 42
55 47
156 65
49 33
31 66
56 70
178 38
92 49
57 88
60 51
58 44
79 29
127 17
59 10
54 90
143 85
20 100
60 99
16 37
167 22
121 39
89 40
2 75
160 92
61 70
11 47
125 81
21 99
37 92
20 37
76 25
80 70
62 97
139 15
43 70
63 69
83 82
90 21
64 55
10 12
65 21
174 82
128 12
130 27
144 25
66 32
56 36
47 65
155 80
67 85
46 91
60 44
58 38
68 79
158 63
114 57
70 99
79 48
103 33
171 59
96 91
69 48
115 65
173 84
103 80
7 91
70 34
80 91
95 80
145 29
74 21
71 77
53 85
72 64
64 39
15 34
73 57
100 42
7 15
26 55
74 23
10 27
63 66
75 52
109 60
54 86
148 75
138 27
76 90
119 66
67 66
77 36
37 55
54 20
94 31
24 57
78 14
41 41
133 88
82 96
120 77
79 66
26 47
51 78
91 41
29 100
90 56
80 29
142 83
81 93
75 21
140 50
1 42
43 96
157 42
66 44
46 61
79 40
82 88
86 83
85 36
83 77
173 64
2 85
75 41
84 59
149 85
114 48
81 33
15 47
22 95
85 20
68 55
172 99
88 70
13 90
174 67
86 78
161 84
132 97
175 97
13 80
110 67
146 53
124 41
87 17
171 66
14 89
105 66
149 51
174 52
2 44
153 56
88 29
64 65
60 28
145 61
77 23
147 37
89 28
178 86
90 42
99 66
151 90
91 70
63 21
7 92
136 68
85 97
92 91
56 85
17 100
96 24
35 84
93 85
35 69
86 60
1 34
123 39
94 89
178 99
13 16
156 37
73 16
110 81
95 99
143 54
176 13
96 28
66 32
129 89
97 48
168 97
16 17
98 15
26 77
173 10
68 98
41 17
99 71
94 68
155 97
46 10
100 51
40 51
76 65
90 31
152 19
72 55
101 61
142 88
24 96
102 98
151 24
71 85
116 33
109 72
131 92
127 30
103 14
91 40
152 28
15 78
60 41
104 77
151 97
49 82
48 90
113 59
106 100
162 62
83 45
105 18
108 30
56 56
27 65
106 56
14 11
180 27
116 23
132 59
148 53
154 60
35 21
45 25
107 72
50 99
110 26
180 53
46 31
108 62
127 45
118 50
48 36
49 25
109 72
42 19
118 69
170 58
177 48
146 48
76 10
110 90
73 71
128 21
111 51
122 85
174 30
112 48
75 26
62 80
139 37
65 32
135 11
113 22
12 25
150 33
138 90
114 68
84 52
99 60
8 40
115 23
67 78
150 29
90 89
98 81
94 72
41 73
116 37
74 95
35 64
104 32
100 42
36 45
44 66
105 21
30 77
117 97
8 48
164 46
7 23
10 64
118 86
94 24
22 52
25 90
119 80
71 95
120 25
127 49
154 22
108 40
113 61
117 78
121 50
122 44
84 95
85 19
55 45
149 45
113 15
123 82
83 12
133 11
62 43
158 21
74 95
124 10
147 69
152 55
129 60
41 60
125 84
90 70
54 66
7 78
41 81
126 87
24 39
119 42
123 40
148 88
93 50
131 47
127 18
118 63
77 70
3 56
143 11
11 75
128 82
52 39
151 89
155 45
122 38
54 99
82 12
129 34
78 74
39 31
114 49
33 94
9 31
147 13
130 51
121 68
167 59
131 81
90 51
80 78
132 97
178 19
73 66
48 40
4 74
1 29
133 23
156 30
75 31
134 19
74 61
122 75
154 76
135 20
82 45
167 75
64 89
12 57
117 31
156 29
45 30
17 26
136 73
89 42
2 59
165 36
157 25
178 47
46 22
137 37
154 86
161 79
96 52
138 56
142 20
1 81
127 10
119 87
146 15
12 27
162 94
139 48
123 49
137 70
167 85
140 23
100 27
29 93
13 77
141 52
144 27
139 37
121 67
142 15
95 29
23 81
143 76
42 19
152 16
137 96
144 86
180 36
60 12
143 82
167 50
33 10
81 38
83 98
43 49
145 21
12 94
157 83
19 92
91 12
146 20
77 69
7 69
66 75
147 61
14 21
13 41
166 66
153 43
148 21
122 16
112 88
83 72
149 29
116 18
80 86
2 63
156 33
150 26
4 59
87 71
156 32
106 84
49 24
72 97
151 38
4 15
128 87
21 64
168 28
105 43
159 16
152 16
74 18
47 57
158 37
48 65
29 18
83 97
153 36
39 42
154 74
126 72
13 48
23 75
171 93
82 84
73 58
105 44
155 86
13 49
50 95
156 98
42 32
159 85
147 41
157 71
168 53
1 56
4 55
147 78
118 66
158 20
74 77
110 58
85 74
64 53
159 47
94 21
130 12
46 20
58 78
95 80
160 52
11 16
58 91
48 62
2 19
161 63
32 84
174 89
6 57
162 52
96 58
165 91
142 11
87 43
163 100
131 85
171 64
70 29
130 22
82 97
164 28
45 12
163 57
110 72
122 63
165 26
15 26
127 70
76 32
87 54
166 39
83 32
67 59
157 61
159 74
91 21
25 12
167 55
168 47
87 36
134 63
129 47
84 81
93 38
169 61
9 59
138 39
6 48
170 80
66 78
123 97
99 77
42 95
22 59
51 52
10 99
171 39
128 82
63 95
4 75
3 43
68 79
172 10
6 87
65 55
180 32
135 73
173 74
123 71
22 59
125 46
174 40
55 73
107 24
175 55
65 52
28 24
4 68
176 29
122 33
30 44
167 11
130 43
63 80
177 74
11 41
9 12
178 39
61 87
75 16
99 38
50 84
176 95
175 59
179 91
1 11
144 38
24 24
178 23
109 37
180 66
144 100
138 43
47 41
78 16
1 54
3
129
3 158 13 3 
2 36 87 
1 21 
4 131 176 140 52 
3 82 48 146 
1 67 
2 123 113 
2 101 108 
2 30 152 
2 8 70 
2 29 60 
1 160 
2 107 11 
2 89 157 
2 14 44 
1 20 
3 28 41 25 
2 77 4 
2 78 137 
4 1 16 144 65 
3 19 178 27 
3 95 149 134 
1 168 
2 112 91 
2 142 122 
1 111 
2 109 150 
2 99 10 
3 90 177 72 
2 165 130 
1 97 
2 85 51 
2 17 167 
1 136 
1 147 
1 129 
