180 900 10 100 36
4
10
5
2
2
4
5
6
4
6
5
5
2
7
9
6
5
7
6
4
3
6
4
6
3
6
4
9
4
3
3
8
3
2
8
3
4
7
5
5
4
7
4
4
3
6
3
5
4
5
8
4
5
6
7
4
7
6
3
4
6
3
2
3
7
3
3
4
7
10
6
3
2
4
4
3
5
6
4
7
5
9
3
4
5
4
4
7
12
9
6
2
9
4
6
4
7
3
3
7
6
2
5
5
3
5
5
4
7
3
6
5
3
6
7
5
3
7
2
4
5
3
2
2
4
2
5
5
6
4
5
5
4
4
3
5
11
3
6
3
5
7
2
7
5
7
4
9
6
9
4
3
4
4
6
3
3
3
7
6
7
9
3
3
4
5
3
6
4
4
6
6
8
8
2
11
8
7
6
2
21 10
175 41
155 24
2 29
110 33
114 69
121 23
59 77
132 53
157 57
166 60
29 22
161 62
3 69
26 68
34 19
111 28
87 89
4 19
83 20
5 11
136 74
6 32
137 59
96 18
18 14
7 20
54 83
68 34
114 73
20 49
8 32
139 57
157 47
31 22
6 27
117 46
9 12
82 63
78 41
53 66
10 72
37 84
169 80
53 32
113 10
13 79
11 68
73 81
89 26
115 28
163 67
12 95
9 45
121 48
120 42
119 60
13 79
46 30
14 91
139 28
77 84
43 83
13 76
158 62
100 38
15 53
29 31
26 44
88 99
176 23
123 78
44 32
178 94
17 39
16 57
153 56
149 60
167 53
179 64
145 92
17 49
61 14
97 83
48 23
171 53
18 74
114 63
82 37
26 39
143 86
105 94
63 45
19 88
133 27
142 100
80 35
9 54
60 33
20 65
6 20
45 21
133 51
21 83
26 87
20 48
22 59
100 44
46 47
156 98
152 95
57 85
23 60
176 16
7 24
117 56
24 97
95 90
47 86
90 60
72 14
149 12
25 75
22 44
45 44
26 42
77 14
84 59
173 59
73 91
18 93
27 64
98 32
108 76
86 84
28 23
63 35
42 76
2 25
113 64
60 66
115 14
152 16
26 86
29 52
47 89
139 54
52 39
30 46
111 37
74 18
31 87
124 89
169 69
32 62
89 52
16 38
177 25
87 84
30 25
6 73
54 20
33 19
35 47
60 78
34 54
176 45
35 63
94 21
114 34
23 69
136 75
152 30
6 49
34 46
36 96
161 17
84 38
37 69
128 30
120 83
39 87
38 89
148 52
22 24
135 50
155 12
146 59
120 61
39 86
164 28
78 83
24 20
6 40
40 10
32 65
66 95
113 22
156 39
41 56
174 85
36 30
31 54
42 37
77 86
31 91
128 63
10 68
152 49
176 58
43 86
34 15
168 96
16 32
44 60
67 21
10 60
172 50
45 42
169 12
30 16
46 69
10 28
145 20
6 79
26 76
148 26
47 63
156 18
161 89
48 79
103 40
124 81
172 99
120 49
49 98
21 57
2 82
52 41
50 50
153 98
70 74
123 95
32 61
51 59
178 10
22 10
40 64
81 53
25 34
139 20
165 24
52 21
97 48
124 14
114 42
53 31
148 93
116 23
97 66
17 34
54 23
103 95
29 18
19 53
42 70
141 63
55 79
38 24
158 41
141 79
140 66
102 91
172 79
56 56
78 62
130 13
110 60
57 88
149 43
112 65
68 89
74 15
44 59
136 26
58 51
142 83
22 37
30 88
117 67
35 85
59 66
141 67
47 29
60 58
108 24
9 60
58 26
61 37
12 50
81 76
64 60
104 32
122 42
62 58
121 35
108 38
63 66
6 25
64 46
106 68
114 30
65 28
89 76
50 12
90 28
29 58
4 71
118 25
66 39
105 52
15 42
67 88
176 88
96 13
68 25
138 59
54 12
64 39
69 89
14 63
171 44
108 68
96 19
119 36
66 14
70 63
54 84
162 87
80 39
146 60
148 38
85 57
136 78
56 13
97 15
71 37
29 18
87 63
96 59
120 57
27 46
72 63
114 23
99 52
73 30
129 74
74 54
134 14
165 67
118 16
75 99
71 54
74 57
56 37
76 74
129 40
66 76
77 55
59 62
17 18
112 88
76 35
78 46
133 29
139 85
65 75
110 80
157 45
79 38
2 33
58 30
63 74
80 68
31 33
111 27
62 73
57 72
7 37
33 50
81 36
131 70
169 81
121 55
157 70
82 91
166 21
49 77
19 43
106 46
41 58
130 58
164 12
145 27
83 100
153 76
158 66
84 50
70 60
9 14
108 42
85 99
172 41
67 52
58 71
109 92
86 59
48 29
22 88
103 35
87 37
118 94
101 31
138 26
88 82
7 43
153 83
33 30
129 50
18 37
48 63
89 87
113 27
69 84
177 71
153 70
95 30
77 17
133 15
16 49
20 62
57 59
6 85
90 42
107 73
158 29
137 89
58 71
22 65
136 78
176 40
163 66
91 40
104 38
67 83
37 11
169 13
101 38
92 55
88 83
93 100
66 52
138 91
153 50
149 72
180 63
111 98
29 90
131 26
94 79
100 41
114 65
25 34
95 92
36 82
165 64
22 13
133 90
135 45
96 69
116 70
178 80
22 15
97 41
164 79
47 63
171 28
86 10
140 55
71 42
98 63
17 31
147 53
99 67
153 25
136 34
100 86
102 10
117 40
95 82
164 92
26 48
51 44
101 16
97 86
159 66
96 91
63 91
142 39
102 77
33 39
103 31
11 89
90 14
152 63
16 94
104 11
121 57
123 60
87 85
86 72
105 12
14 75
22 94
106 63
55 31
88 89
16 84
68 53
107 32
170 41
39 70
160 85
95 89
108 78
137 22
69 82
51 57
109 54
138 58
65 52
175 34
23 96
28 92
115 13
110 71
158 14
136 48
111 52
57 63
25 27
11 90
171 92
18 62
112 73
69 36
66 74
93 13
53 54
113 69
150 43
117 77
114 38
146 57
28 100
72 97
100 82
80 59
115 83
68 21
16 61
73 83
72 35
35 42
173 10
116 60
163 95
157 35
138 66
55 44
117 92
58 71
98 12
118 90
93 63
79 80
62 32
33 56
17 31
84 52
119 55
27 92
120 90
16 62
147 62
116 18
121 70
25 60
95 69
174 60
80 77
122 85
145 14
144 68
123 24
10 66
124 100
155 78
125 40
4 53
112 30
95 54
126 72
11 54
127 86
123 53
4 46
64 91
150 40
128 25
44 42
13 92
144 83
71 62
129 85
173 50
123 23
113 12
169 30
91 38
130 43
92 25
110 12
105 29
131 90
91 81
24 59
155 95
60 62
132 67
141 21
48 39
178 34
46 92
133 31
2 27
34 21
110 21
134 27
154 86
172 64
54 84
135 12
83 12
100 66
136 44
41 100
118 72
95 26
11 67
137 98
175 27
133 80
37 13
3 34
91 62
130 61
114 25
89 78
127 31
80 21
138 56
135 93
46 49
139 59
134 89
129 82
123 84
60 51
86 72
140 66
87 55
80 80
141 45
116 13
34 27
72 31
177 81
142 57
60 51
55 38
1 77
129 26
5 70
116 55
143 100
117 78
144 55
102 46
21 94
19 15
20 78
23 18
28 51
145 31
44 98
153 79
94 31
140 39
146 30
47 98
66 76
74 12
130 18
77 56
128 98
147 19
15 55
29 36
101 17
148 35
25 52
155 64
133 21
34 83
180 54
35 32
40 55
81 18
149 85
47 89
115 80
59 58
56 13
122 85
150 70
171 69
164 93
39 19
135 54
174 95
175 23
36 38
140 62
151 44
22 91
80 56
64 13
152 36
83 21
88 86
153 58
140 41
96 30
53 59
154 97
53 75
80 73
106 57
155 68
100 69
137 69
61 51
68 68
76 95
156 15
162 93
96 12
157 91
132 27
27 53
158 42
6 97
171 46
159 55
179 64
112 57
126 48
163 39
173 40
135 47
160 77
18 41
38 66
108 18
83 89
133 28
161 80
1 38
46 76
160 47
28 23
24 86
149 24
162 98
65 82
39 73
44 41
7 88
135 22
27 42
52 83
13 30
163 22
86 88
146 62
164 89
5 44
6 19
165 97
117 41
123 82
31 87
166 24
86 58
134 40
121 44
179 15
167 17
162 93
28 54
168 87
141 82
42 26
67 39
166 47
51 47
169 74
23 16
41 85
38 83
170 18
74 42
110 71
165 100
171 88
15 41
53 96
1 89
20 21
155 92
172 30
12 36
170 79
30 61
167 44
1 10
173 45
2 82
116 69
65 62
20 57
155 48
98 85
5 87
174 80
75 10
17 89
49 93
42 93
140 47
38 60
121 31
175 57
9 55
176 81
106 67
53 31
111 85
149 15
160 49
155 13
76 46
63 100
125 15
131 66
177 57
58 51
6 48
174 59
165 47
147 54
96 96
11 11
178 82
136 63
76 53
60 47
22 77
7 35
113 52
179 18
75 73
86 99
158 65
105 90
61 90
180 93
140 48
1 78
64
23
3 105 180 64 
1 116 
1 44 
2 128 104 
4 14 69 22 49 
3 63 81 33 
2 58 84 
4 111 42 96 16 
3 78 70 118 
1 35 
2 170 146 
3 54 91 27 
1 46 
1 159 
1 38 
1 129 
1 148 
1 126 
1 166 
1 142 
1 90 
2 109 55 
1 71 
2 30 52 
2 179 163 
3 127 66 169 
2 10 48 
3 157 106 117 
5 15 29 140 143 176 
1 76 
1 137 
2 136 17 
3 5 51 144 
3 110 7 139 
3 26 97 119 
1 23 
