180 900 10 100 36
5
6
11
4
2
4
2
5
7
2
2
6
5
5
3
6
8
8
7
4
4
4
4
4
11
7
6
3
2
3
4
2
5
7
4
3
6
6
10
4
8
6
7
5
6
5
4
4
2
2
6
5
5
5
4
5
5
7
3
4
7
5
5
4
8
5
9
2
7
4
4
7
7
3
4
6
9
4
4
3
4
4
6
4
1
5
9
4
4
4
8
7
9
9
8
8
6
5
5
4
2
4
2
4
5
6
5
4
8
6
5
4
6
3
7
4
5
2
3
5
3
5
4
6
2
6
8
5
4
7
4
5
4
5
5
6
5
5
8
7
6
2
8
4
5
2
5
2
5
5
4
6
6
5
7
5
5
3
5
5
3
3
2
4
6
5
6
4
5
6
7
4
3
3
5
8
4
3
3
7
66 92
149 21
118 43
131 68
2 29
27 78
95 33
118 91
98 99
152 73
3 86
37 96
64 25
90 74
157 29
86 37
95 91
98 49
139 80
28 44
29 27
4 91
23 10
102 46
52 78
5 22
135 40
6 13
160 38
132 31
12 69
7 17
117 43
8 71
172 49
44 30
31 95
77 43
9 22
156 95
104 59
55 90
62 15
114 78
179 92
10 82
66 95
11 15
20 83
12 45
63 54
156 22
176 47
29 71
126 86
13 49
11 89
95 68
58 84
91 44
14 44
109 86
167 82
173 92
180 48
15 82
137 82
93 59
16 100
52 92
114 90
123 69
98 20
74 99
17 28
69 47
43 59
20 12
143 83
130 55
75 84
168 96
18 77
7 97
5 49
176 98
98 32
139 38
116 16
79 28
19 94
46 29
54 12
157 44
57 48
143 46
52 77
20 15
27 39
29 13
108 98
21 47
94 85
31 55
8 50
22 36
89 70
9 71
79 39
23 76
17 19
29 71
127 96
24 33
45 91
145 33
92 15
25 18
132 11
42 62
27 99
176 37
6 90
125 15
179 76
19 66
63 31
54 42
26 98
135 40
60 49
100 17
38 19
96 36
155 54
27 41
175 63
166 37
152 99
105 36
36 68
28 98
179 55
141 10
29 41
107 51
30 22
88 14
36 92
31 24
112 74
33 17
74 86
32 79
38 89
33 98
119 100
57 57
144 28
132 48
34 87
136 78
73 90
172 19
155 93
107 80
173 63
35 11
31 81
133 53
125 37
36 62
55 11
39 45
37 65
21 56
54 83
110 60
127 68
34 34
38 61
62 77
122 11
170 63
103 56
108 97
39 68
62 47
157 10
147 68
161 40
163 36
38 46
141 29
48 11
92 39
40 93
180 93
92 52
172 45
41 82
7 19
103 31
124 93
132 49
144 36
165 40
8 33
42 57
168 30
98 34
101 56
150 60
4 37
43 72
114 42
170 72
105 22
159 38
58 99
79 34
44 15
151 62
56 76
167 52
41 53
45 22
146 48
37 75
125 69
75 22
106 35
46 57
150 55
177 50
18 35
10 75
47 32
105 75
54 47
94 100
48 51
160 85
82 71
20 59
49 95
173 79
50 91
138 61
51 52
16 72
84 17
31 82
30 51
97 88
52 12
99 81
86 100
115 21
21 82
53 58
103 100
4 66
19 19
111 85
54 36
167 81
71 52
101 35
48 65
55 31
29 71
7 83
136 25
56 77
94 49
142 33
37 43
98 21
57 42
123 85
18 44
77 70
14 44
58 85
94 14
128 56
119 82
110 41
136 56
33 21
59 73
159 11
16 15
60 74
152 51
134 64
22 58
61 86
81 17
54 27
114 15
123 21
135 61
59 18
62 71
169 81
128 78
26 86
147 46
63 24
101 27
135 91
81 88
160 58
64 14
12 35
168 30
3 23
65 17
8 98
9 66
6 15
89 45
31 37
94 89
139 82
66 28
179 24
38 73
142 96
53 77
67 38
32 84
142 51
103 47
121 16
141 63
117 14
104 11
80 22
68 61
56 54
69 73
62 47
105 35
21 98
114 94
61 21
143 28
70 20
129 98
81 56
134 69
71 97
15 52
150 79
141 31
72 18
102 71
19 59
131 36
13 96
64 90
173 47
73 71
60 60
137 72
171 20
23 13
138 76
8 69
74 99
96 42
128 13
75 29
51 75
33 11
161 75
76 53
174 69
18 32
104 68
42 88
129 95
77 72
30 13
68 46
56 15
97 98
179 84
12 63
54 81
178 13
78 89
38 98
180 97
46 53
79 79
133 20
120 73
26 42
80 55
135 51
161 24
81 30
156 89
138 76
61 59
82 41
64 85
41 94
35 38
83 20
133 59
125 38
5 22
114 57
95 77
84 63
58 57
142 31
73 47
85 26
86 42
105 44
171 54
7 34
72 15
87 98
72 61
131 42
67 81
70 55
12 67
34 44
85 100
35 58
88 48
133 11
3 76
147 55
89 44
64 53
117 77
88 81
90 42
6 31
66 11
51 97
91 40
97 38
15 45
107 44
77 29
128 37
30 73
12 21
92 64
172 58
87 64
105 17
111 73
73 100
148 96
93 78
62 13
136 81
3 82
17 20
134 32
154 15
107 13
41 35
94 93
168 10
54 44
31 67
101 47
71 44
18 23
177 68
166 78
95 57
153 23
11 39
74 13
91 98
126 11
24 86
173 88
96 98
70 22
106 25
94 81
149 22
164 60
3 46
136 86
97 97
104 33
16 57
82 22
26 33
2 97
98 37
177 89
108 41
121 47
162 66
99 28
124 60
46 55
16 24
173 36
100 33
116 78
83 21
148 25
101 83
176 79
102 62
42 81
88 91
24 58
103 50
45 95
104 65
57 88
128 54
7 97
105 67
103 97
78 53
46 31
11 78
106 98
26 74
35 33
75 74
164 15
81 83
107 46
146 31
24 69
39 63
40 56
108 99
176 32
21 80
90 63
109 81
12 56
46 92
129 47
2 57
120 53
60 35
144 77
110 54
160 95
114 46
55 44
84 67
89 86
111 96
9 23
10 68
145 88
166 21
112 36
25 55
64 64
147 79
113 44
115 89
58 17
150 71
5 44
13 77
114 38
52 34
126 37
115 84
39 25
70 96
74 64
154 73
89 49
61 40
116 26
6 52
91 72
79 98
117 54
44 83
127 72
53 90
113 63
118 39
22 50
119 48
66 44
52 62
120 38
178 80
25 90
106 43
163 18
121 86
5 28
128 85
122 69
62 42
59 97
66 33
38 52
123 66
128 59
52 55
121 78
124 11
6 61
115 96
139 75
175 58
127 92
125 15
41 71
126 94
87 14
12 25
38 77
84 67
118 36
127 30
112 15
117 25
136 43
67 97
63 23
43 63
161 76
128 65
98 59
169 14
75 72
15 87
129 100
16 44
86 91
80 84
130 100
165 78
72 80
175 49
70 65
29 76
31 99
131 77
82 73
73 77
53 93
132 66
148 49
125 14
173 24
46 13
133 19
120 28
156 99
147 46
134 60
16 32
158 80
30 75
118 26
135 24
123 54
67 33
150 35
164 37
136 87
115 58
143 21
73 10
1 86
28 45
137 51
171 88
88 96
113 15
83 79
138 10
14 51
170 39
96 52
67 47
139 88
73 44
38 16
95 20
25 87
115 73
138 91
133 23
140 92
99 65
125 58
86 72
90 95
105 87
79 83
141 100
38 59
149 20
70 90
128 29
167 71
142 85
15 92
143 63
178 37
97 57
48 20
26 69
28 55
78 89
177 91
144 56
24 96
84 89
46 59
145 62
99 97
169 33
102 85
117 88
146 16
172 59
147 81
59 82
25 61
21 94
23 70
148 60
135 82
149 93
61 83
49 100
51 98
144 89
150 95
94 41
13 33
161 11
35 96
151 80
94 32
26 28
125 94
152 52
97 15
76 31
47 48
174 55
94 12
153 26
52 43
24 88
148 52
49 13
173 39
154 18
110 50
119 99
35 36
21 26
155 50
91 51
55 32
107 42
100 53
29 28
27 16
156 94
153 66
168 38
66 78
47 32
157 60
110 45
167 16
92 93
152 53
158 55
84 97
1 78
159 43
90 62
172 57
50 94
136 92
160 40
177 34
27 26
169 100
123 57
161 10
81 25
124 93
162 28
21 94
82 20
163 48
151 82
164 44
68 15
14 61
87 85
165 82
67 88
128 60
131 33
74 16
39 34
166 47
39 27
51 68
45 88
177 35
167 28
171 85
9 24
81 45
78 67
118 79
168 73
37 26
56 34
72 70
169 99
85 60
80 76
110 64
159 52
170 66
118 90
120 40
162 36
81 17
84 85
171 60
54 41
31 53
38 73
158 51
49 99
177 93
172 46
146 93
38 69
154 64
173 42
180 66
156 79
174 65
41 15
173 69
175 99
171 71
53 11
156 35
7 63
176 48
3 82
8 10
81 83
167 96
155 44
41 46
51 54
177 83
69 19
31 77
114 46
178 17
72 12
133 27
179 37
100 74
126 42
180 98
137 87
33 100
179 87
89 25
113 55
155 61
1 87
71
151
2 45 71 
1 101 
2 5 14 
1 36 
3 117 62 114 
2 157 134 
7 118 85 81 16 49 104 111 
1 34 
2 7 138 
3 91 119 23 
4 102 110 76 38 
1 136 
3 109 115 15 
1 11 
1 133 
2 82 169 
1 97 
1 8 
2 25 55 
1 154 
2 106 4 
2 68 163 
1 129 
4 166 74 141 107 
1 19 
2 56 50 
1 146 
2 35 147 
1 93 
3 131 80 6 
1 39 
4 153 178 44 130 
2 127 122 
2 78 128 
1 137 
2 73 151 
