180 900 10 100 36
4
8
5
6
2
7
5
4
4
3
5
6
4
6
4
4
4
4
4
4
4
4
5
4
7
5
6
5
6
5
3
2
4
8
7
2
3
5
5
8
4
7
5
2
7
8
1
6
4
7
5
3
4
10
5
5
5
6
5
7
4
3
4
3
9
4
4
7
4
3
8
6
5
5
5
7
5
6
6
5
11
5
7
4
5
3
4
5
6
12
8
5
3
5
4
7
5
6
5
4
2
5
6
4
3
8
4
5
9
3
4
3
3
3
6
2
1
4
3
5
4
5
5
5
5
5
4
4
4
2
8
2
6
5
4
5
3
5
5
5
5
7
6
4
6
5
3
7
5
7
3
8
3
4
4
3
7
5
7
8
10
2
1
6
6
3
4
7
1
6
5
8
5
2
4
8
9
7
6
5
134 98
144 72
36 91
2 29
70 74
171 73
107 26
54 81
11 30
113 90
140 69
3 18
34 70
15 25
129 38
114 72
4 47
154 94
42 64
57 13
106 96
92 38
5 15
134 69
6 19
55 68
70 61
69 44
60 53
35 17
157 42
7 57
32 58
48 84
150 13
148 69
8 79
29 82
31 97
93 72
9 54
143 29
1 58
80 69
10 24
72 14
77 58
11 94
60 17
18 16
172 91
169 30
12 24
117 46
71 94
64 78
16 90
23 71
13 53
2 47
142 89
45 92
14 13
148 45
153 54
2 92
23 37
152 69
15 88
170 15
42 67
91 86
16 19
142 54
28 97
118 33
17 33
179 32
176 14
22 26
18 17
170 92
5 49
105 32
19 95
171 37
73 28
91 33
20 84
86 47
97 35
143 24
21 59
87 49
178 52
148 36
22 21
125 26
62 89
16 39
23 19
65 91
119 10
20 68
113 76
24 49
179 46
62 79
145 53
25 96
168 81
133 93
3 97
121 79
27 85
21 42
26 70
48 62
69 31
158 14
30 78
27 46
7 77
35 100
44 92
169 56
144 45
28 24
85 72
2 74
83 75
12 13
29 69
80 95
100 58
148 45
91 31
10 51
30 98
179 77
64 98
173 12
61 58
31 60
167 19
128 84
32 63
171 81
33 54
102 99
55 47
54 76
34 44
2 63
45 100
135 77
16 85
141 15
32 75
24 95
35 20
55 42
168 48
45 38
102 69
157 98
131 78
36 13
122 17
37 33
144 95
12 24
38 85
97 40
13 51
101 68
104 12
39 24
62 10
169 22
10 58
74 62
40 92
173 58
114 93
127 41
27 61
175 72
22 85
47 82
41 58
20 68
109 13
117 60
42 11
131 96
73 30
147 75
29 84
150 18
46 32
43 68
144 95
24 13
140 62
161 22
44 55
98 36
45 68
37 55
91 61
6 98
94 32
56 52
140 100
46 84
101 12
16 96
80 51
8 28
129 27
160 46
137 96
47 45
48 75
149 28
173 36
4 75
92 46
9 52
49 74
121 44
118 99
143 39
50 50
161 63
156 82
40 32
15 31
86 15
4 97
51 41
109 17
49 45
113 41
152 66
52 60
78 23
139 10
53 54
109 95
168 56
34 44
54 79
3 79
152 16
30 77
132 49
37 30
135 58
91 88
29 35
179 62
55 81
34 99
112 28
37 71
49 22
56 52
129 30
6 51
46 69
143 81
57 73
129 14
143 59
155 14
89 71
58 83
175 75
82 93
24 83
157 40
56 24
59 54
81 30
41 36
107 13
111 91
60 58
110 39
144 63
72 40
143 72
53 34
63 56
61 97
8 70
106 25
124 94
62 54
34 42
133 67
63 25
91 26
27 39
96 29
64 17
94 49
138 25
65 75
68 63
101 49
135 93
127 79
111 76
60 65
130 49
35 36
66 26
157 74
11 36
38 71
67 37
70 15
33 61
146 95
68 18
93 90
43 48
175 90
45 77
147 79
21 30
69 89
101 16
43 45
179 91
70 10
83 53
23 82
71 20
118 64
34 19
113 15
57 67
69 96
85 63
48 36
72 19
55 53
155 64
125 41
12 19
153 96
73 50
44 73
7 80
79 25
164 62
74 58
92 93
53 47
141 91
80 73
75 13
168 12
13 40
137 77
133 61
76 58
152 25
11 69
82 66
142 81
160 81
47 41
77 65
172 70
179 12
146 27
5 21
78 78
115 77
167 53
140 54
34 36
20 89
79 89
161 79
70 76
144 80
32 34
49 39
80 12
161 78
16 69
158 65
166 69
81 79
128 13
85 48
176 85
146 15
133 68
28 77
66 59
103 29
27 90
31 44
82 10
15 57
32 17
124 51
61 87
83 43
149 90
43 65
173 13
92 37
57 71
29 89
84 66
58 48
45 17
175 79
85 60
113 65
173 44
76 49
46 72
86 18
106 75
3 83
87 30
160 42
14 96
9 27
88 91
37 21
34 45
128 49
161 57
89 85
102 57
92 97
155 51
20 99
80 61
90 42
135 50
42 45
137 77
113 31
65 61
154 12
112 46
74 94
28 72
97 13
2 95
91 20
39 58
175 84
76 92
33 22
8 40
132 83
89 33
92 15
75 31
26 55
64 63
141 38
93 43
27 98
155 69
94 66
180 84
76 91
26 96
123 21
95 59
40 79
1 49
13 68
96 24
119 65
173 52
81 34
125 95
53 17
111 24
97 69
24 93
27 93
56 59
68 43
98 21
97 59
170 83
158 46
18 65
95 23
99 90
4 19
93 47
30 45
133 90
100 82
172 31
119 36
97 40
101 68
21 75
102 69
152 77
146 83
150 35
165 91
103 44
179 71
20 87
28 61
129 19
157 12
104 26
112 59
94 95
173 96
105 99
49 33
65 100
106 35
8 31
146 61
149 65
171 60
78 49
27 42
22 73
107 59
131 55
114 52
27 71
108 63
146 51
86 64
20 34
81 71
109 87
35 57
23 12
118 27
168 37
13 36
19 47
24 16
75 94
110 60
126 16
40 31
111 95
46 26
4 65
58 87
112 28
44 98
11 93
113 90
24 60
25 17
114 48
51 60
126 68
115 64
169 75
167 100
105 71
159 23
28 68
116 49
143 11
117 25
118 68
125 24
117 12
83 51
119 86
162 85
147 54
120 77
128 74
162 80
118 60
65 72
121 19
65 40
59 98
79 100
122 85
71 92
129 15
169 13
140 81
123 25
100 84
132 62
163 27
167 25
124 12
76 33
180 28
116 75
31 40
125 90
180 87
22 46
99 33
5 56
126 99
162 80
178 45
90 59
139 54
127 68
26 13
38 44
54 88
128 53
46 82
115 36
148 79
129 52
79 52
58 21
27 98
130 42
48 61
131 44
11 77
8 86
14 78
18 34
23 99
123 10
86 97
132 45
38 75
133 47
161 85
136 25
180 77
33 78
16 75
134 87
24 12
62 17
153 41
164 18
135 57
177 42
19 88
26 48
136 67
124 25
121 50
73 69
22 68
137 31
161 16
177 78
138 10
106 25
16 89
153 61
143 52
139 24
5 62
98 61
169 69
86 96
140 17
158 78
57 38
22 20
32 17
141 72
109 23
159 29
42 21
166 14
142 11
86 77
2 89
125 32
29 77
140 66
119 96
143 55
35 17
62 60
74 37
115 11
89 32
144 66
137 11
51 80
30 47
145 89
49 79
9 97
142 56
51 89
126 93
146 13
75 11
127 16
124 67
156 88
147 65
125 54
163 59
148 86
48 39
37 76
170 43
99 50
81 13
126 65
149 13
131 84
137 80
70 90
120 22
150 49
105 79
24 58
36 77
79 95
35 25
17 45
151 78
4 51
175 86
152 45
95 11
125 35
65 99
61 59
60 85
49 55
41 58
153 19
111 48
125 19
154 41
162 50
164 67
36 71
155 86
79 68
100 27
14 77
156 62
108 49
75 74
157 84
155 48
162 60
30 88
172 19
41 44
10 94
158 78
133 43
27 64
76 60
82 87
159 70
40 64
69 89
42 31
157 49
161 23
145 58
160 62
153 14
146 75
84 49
125 51
39 47
111 73
164 65
161 65
88 39
149 48
123 33
102 52
137 48
49 53
127 88
128 70
73 80
162 73
65 59
163 44
164 24
64 46
37 19
153 47
77 18
173 77
165 28
173 77
42 38
91 43
21 91
103 51
166 52
126 36
73 83
167 10
92 14
159 33
170 61
168 59
36 52
115 43
123 24
119 97
104 29
150 94
169 34
170 56
82 15
45 37
1 100
57 29
100 94
171 44
129 51
83 83
48 85
43 56
172 70
160 64
3 52
32 40
165 68
123 66
178 55
31 92
173 22
121 66
43 93
139 26
88 48
174 82
149 45
175 37
161 60
77 82
30 97
176 61
76 57
143 97
179 46
124 75
114 75
131 96
52 55
177 58
134 49
7 91
93 37
95 42
35 12
168 63
45 21
78 75
178 63
15 67
138 56
139 86
76 15
99 39
102 99
179 62
81 35
118 92
110 17
25 48
72 19
180 58
163 45
84 88
161 76
86 59
1 79
132
75
3 157 24 132 
1 74 
2 3 19 
2 101 158 
1 93 
3 126 123 65 
1 145 
3 22 117 159 
1 15 
2 42 125 
1 171 
1 95 
1 165 
1 102 
2 33 161 
2 7 78 
3 40 109 63 
2 147 162 
7 57 173 177 113 53 38 160 
1 128 
3 54 112 32 
3 84 23 12 
3 175 149 90 
1 88 
1 82 
1 85 
6 41 176 103 9 180 172 
1 150 
1 105 
2 179 46 
1 178 
1 139 
1 69 
2 164 110 
3 137 43 72 
2 108 75 
