81 288 10 100 15
2
3
3
3
3
3
3
3
2
3
4
4
4
4
4
4
4
3
3
4
4
4
4
4
4
4
3
3
4
4
4
4
4
4
4
3
3
4
4
4
4
4
4
4
3
3
4
4
4
4
4
4
4
3
3
4
4
4
4
4
4
4
3
3
4
4
4
4
4
4
4
3
2
3
3
3
3
3
3
3
2
10 73
2 29
11 26
3 88
1 66
12 65
4 76
2 78
13 56
5 58
3 13
14 48
6 55
4 83
15 20
7 86
5 73
16 90
8 56
6 12
17 38
9 44
7 67
18 58
8 68
19 37
1 37
11 80
20 77
2 31
12 55
10 60
21 70
3 86
13 58
11 90
22 38
4 100
14 60
12 14
23 24
5 84
15 42
13 45
24 25
6 24
16 56
14 60
25 33
7 79
17 33
15 98
26 85
8 87
18 47
16 69
27 26
9 54
17 52
28 38
10 51
20 44
29 94
11 22
21 94
19 92
30 45
12 67
22 50
20 57
31 56
13 28
23 26
21 71
32 46
14 99
24 80
22 78
33 49
15 35
25 38
23 32
34 88
16 79
26 95
24 93
35 38
17 44
27 32
25 28
36 50
18 26
26 54
37 40
19 75
29 33
38 89
20 93
30 89
28 33
39 77
21 56
31 81
29 74
40 64
22 56
32 28
30 80
41 95
23 47
33 76
31 11
42 31
24 42
34 34
32 37
43 47
25 44
35 88
33 83
44 57
26 22
36 44
34 58
45 18
27 24
35 31
46 20
28 73
38 19
47 61
29 26
39 45
37 84
48 42
30 10
40 85
38 22
49 40
31 24
41 24
39 10
50 13
32 15
42 73
40 26
51 79
33 88
43 93
41 22
52 40
34 93
44 12
42 79
53 54
35 39
45 95
43 89
54 68
36 26
44 44
55 83
37 51
47 30
56 27
38 32
48 90
46 46
57 84
39 97
49 60
47 67
58 74
40 31
50 82
48 63
59 43
41 50
51 38
49 88
60 88
42 16
52 75
50 28
61 16
43 50
53 74
51 89
62 27
44 45
54 50
52 65
63 21
45 16
53 40
64 69
46 83
56 18
65 24
47 70
57 41
55 28
66 22
48 24
58 68
56 89
67 96
49 14
59 24
57 84
68 17
50 79
60 62
58 33
69 56
51 52
61 80
59 34
70 48
52 51
62 38
60 54
71 72
53 24
63 67
61 84
72 19
54 84
62 77
73 92
55 97
65 81
74 93
56 98
66 47
64 88
75 32
57 81
67 48
65 58
76 87
58 36
68 93
66 88
77 35
59 42
69 20
67 58
78 97
60 49
70 34
68 22
79 91
61 42
71 22
69 13
80 93
62 47
72 56
70 49
81 86
63 100
71 70
64 91
74 85
65 61
75 41
73 81
66 17
76 89
74 62
67 53
77 54
75 12
68 25
78 99
76 33
69 62
79 15
77 97
70 85
80 30
78 40
71 11
81 20
79 95
72 56
80 75
4
64
1 4 
1 61 
1 67 
2 46 63 
4 40 11 74 27 
2 54 36 
3 48 50 57 
2 9 19 
1 62 
2 7 8 
2 38 32 
3 1 37 28 
1 29 
2 76 10 
1 64 
