81 288 10 100 13
2
3
3
3
3
3
3
3
2
3
4
4
4
4
4
4
4
3
3
4
4
4
4
4
4
4
3
3
4
4
4
4
4
4
4
3
3
4
4
4
4
4
4
4
3
3
4
4
4
4
4
4
4
3
3
4
4
4
4
4
4
4
3
3
4
4
4
4
4
4
4
3
2
3
3
3
3
3
3
3
2
10 55
2 29
11 44
3 63
1 38
12 56
4 24
2 76
13 31
5 34
3 58
14 44
6 91
4 29
15 81
7 49
5 85
16 83
8 67
6 18
17 52
9 84
7 98
18 67
8 29
19 65
1 72
11 61
20 44
2 20
12 18
10 27
21 27
3 45
13 54
11 72
22 85
4 87
14 35
12 17
23 88
5 31
15 77
13 75
24 77
6 96
16 18
14 33
25 86
7 56
17 36
15 63
26 72
8 37
18 75
16 100
27 64
9 66
17 90
28 58
10 73
20 80
29 18
11 88
21 64
19 67
30 20
12 84
22 17
20 79
31 91
13 56
23 65
21 43
32 46
14 53
24 93
22 29
33 84
15 55
25 67
23 18
34 14
16 30
26 70
24 78
35 12
17 91
27 94
25 75
36 81
18 40
26 11
37 32
19 10
29 25
38 82
20 28
30 17
28 38
39 43
21 26
31 43
29 80
40 77
22 90
32 97
30 62
41 22
23 18
33 44
31 11
42 34
24 16
34 66
32 29
43 75
25 22
35 49
33 92
44 46
26 96
36 64
34 38
45 43
27 81
35 94
46 71
28 20
38 78
47 97
29 53
39 65
37 19
48 85
30 27
40 40
38 81
49 19
31 34
41 21
39 52
50 82
32 43
42 46
40 77
51 74
33 99
43 54
41 35
52 79
34 86
44 88
42 53
53 94
35 36
45 45
43 52
54 58
36 85
44 47
55 27
37 59
47 54
56 87
38 40
48 21
46 44
57 70
39 79
49 89
47 63
58 46
40 19
50 51
48 43
59 94
41 99
51 40
49 13
60 40
42 40
52 57
50 59
61 20
43 50
53 87
51 25
62 94
44 70
54 16
52 98
63 18
45 45
53 76
64 58
46 39
56 38
65 86
47 33
57 47
55 84
66 44
48 50
58 87
56 94
67 19
49 95
59 43
57 42
68 14
50 13
60 28
58 73
69 98
51 39
61 33
59 85
70 78
52 17
62 70
60 92
71 48
53 62
63 80
61 91
72 28
54 80
62 85
73 28
55 14
65 25
74 28
56 93
66 48
64 19
75 11
57 20
67 78
65 20
76 60
58 22
68 66
66 69
77 10
59 62
69 77
67 35
78 69
60 56
70 21
68 97
79 72
61 22
71 86
69 23
80 28
62 24
72 55
70 42
81 36
63 40
71 23
64 47
74 23
65 68
75 80
73 59
66 50
76 70
74 35
67 87
77 98
75 39
68 66
78 100
76 68
69 13
79 89
77 90
70 67
80 91
78 78
71 71
81 47
79 16
72 46
80 65
45
3
4 9 6 69 45 
3 34 51 27 
2 54 20 
1 12 
1 47 
2 72 28 
3 4 41 23 
2 2 60 
3 40 44 15 
1 22 
1 68 
2 79 42 
3 73 58 3 
