81 288 10 100 14
2
3
3
3
3
3
3
3
2
3
4
4
4
4
4
4
4
3
3
4
4
4
4
4
4
4
3
3
4
4
4
4
4
4
4
3
3
4
4
4
4
4
4
4
3
3
4
4
4
4
4
4
4
3
3
4
4
4
4
4
4
4
3
3
4
4
4
4
4
4
4
3
2
3
3
3
3
3
3
3
2
10 81
2 29
11 97
3 77
1 16
12 30
4 19
2 95
13 42
5 53
3 83
14 31
6 41
4 71
15 42
7 92
5 95
16 69
8 55
6 34
17 92
9 92
7 44
18 48
8 28
19 100
1 77
11 24
20 91
2 57
12 62
10 15
21 96
3 17
13 45
11 59
22 75
4 57
14 34
12 46
23 67
5 86
15 42
13 92
24 26
6 33
16 58
14 37
25 67
7 49
17 29
15 52
26 44
8 69
18 31
16 17
27 35
9 57
17 94
28 63
10 32
20 38
29 41
11 58
21 17
19 84
30 13
12 46
22 39
20 26
31 41
13 58
23 79
21 56
32 23
14 48
24 75
22 10
33 83
15 77
25 41
23 45
34 86
16 11
26 63
24 96
35 26
17 64
27 27
25 53
36 65
18 63
26 99
37 81
19 38
29 58
38 17
20 43
30 14
28 91
39 62
21 57
31 39
29 69
40 34
22 49
32 87
30 92
41 10
23 51
33 19
31 27
42 56
24 52
34 25
32 97
43 93
25 31
35 15
33 89
44 94
26 18
36 84
34 77
45 63
27 12
35 55
46 16
28 18
38 98
47 42
29 59
39 17
37 74
48 79
30 98
40 30
38 31
49 30
31 41
41 65
39 29
50 70
32 66
42 72
40 29
51 42
33 96
43 53
41 77
52 43
34 95
44 88
42 62
53 29
35 91
45 50
43 66
54 36
36 70
44 38
55 59
37 58
47 48
56 26
38 10
48 87
46 32
57 37
39 85
49 20
47 90
58 47
40 100
50 95
48 70
59 99
41 70
51 41
49 74
60 21
42 77
52 60
50 50
61 21
43 88
53 90
51 97
62 28
44 58
54 12
52 32
63 17
45 12
53 41
64 45
46 55
56 37
65 47
47 71
57 86
55 56
66 80
48 73
58 75
56 89
67 65
49 52
59 54
57 46
68 100
50 39
60 63
58 70
69 43
51 75
61 66
59 20
70 79
52 52
62 62
60 41
71 81
53 19
63 58
61 48
72 85
54 78
62 19
73 11
55 72
65 77
74 62
56 84
66 82
64 97
75 32
57 59
67 13
65 83
76 42
58 93
68 52
66 13
77 84
59 54
69 27
67 15
78 42
60 21
70 16
68 36
79 48
61 49
71 45
69 19
80 14
62 58
72 60
70 36
81 98
63 76
71 16
64 37
74 16
65 16
75 73
73 22
66 65
76 19
74 27
67 57
77 47
75 77
68 85
78 55
76 14
69 86
79 91
77 44
70 93
80 88
78 43
71 77
81 97
79 85
72 67
80 18
45
77
1 45 
3 57 25 81 
1 3 
2 71 40 
3 73 79 42 
3 31 24 5 
1 80 
2 37 38 
2 21 1 
1 61 
2 41 53 
1 23 
4 33 8 34 69 
2 6 77 
