81 288 10 100 13
2
3
3
3
3
3
3
3
2
3
4
4
4
4
4
4
4
3
3
4
4
4
4
4
4
4
3
3
4
4
4
4
4
4
4
3
3
4
4
4
4
4
4
4
3
3
4
4
4
4
4
4
4
3
3
4
4
4
4
4
4
4
3
3
4
4
4
4
4
4
4
3
2
3
3
3
3
3
3
3
2
10 52
2 29
11 69
3 19
1 61
12 10
4 30
2 69
13 25
5 43
3 98
14 67
6 32
4 62
15 48
7 27
5 74
16 15
8 36
6 22
17 74
9 94
7 13
18 21
8 34
19 45
1 55
11 92
20 49
2 32
12 88
10 28
21 14
3 43
13 39
11 84
22 76
4 80
14 52
12 51
23 21
5 67
15 49
13 63
24 94
6 29
16 35
14 38
25 99
7 83
17 20
15 91
26 27
8 93
18 58
16 46
27 24
9 62
17 47
28 30
10 19
20 37
29 75
11 70
21 16
19 75
30 48
12 19
22 41
20 48
31 33
13 39
23 64
21 89
32 91
14 32
24 47
22 96
33 79
15 84
25 16
23 15
34 32
16 97
26 98
24 33
35 59
17 25
27 27
25 88
36 72
18 31
26 81
37 21
19 92
29 74
38 26
20 15
30 66
28 26
39 40
21 65
31 87
29 76
40 49
22 73
32 71
30 21
41 29
23 84
33 41
31 42
42 53
24 17
34 50
32 11
43 89
25 79
35 32
33 12
44 35
26 89
36 67
34 39
45 19
27 14
35 61
46 35
28 79
38 75
47 50
29 90
39 23
37 18
48 64
30 19
40 31
38 97
49 12
31 86
41 21
39 66
50 30
32 46
42 96
40 56
51 14
33 84
43 59
41 19
52 24
34 64
44 77
42 46
53 70
35 78
45 93
43 61
54 66
36 33
44 96
55 18
37 97
47 23
56 35
38 43
48 24
46 67
57 37
39 83
49 65
47 97
58 24
40 31
50 94
48 67
59 88
41 97
51 40
49 54
60 15
42 73
52 99
50 39
61 19
43 35
53 60
51 81
62 26
44 50
54 33
52 10
63 18
45 70
53 47
64 17
46 37
56 22
65 53
47 23
57 96
55 55
66 77
48 53
58 94
56 79
67 56
49 84
59 96
57 36
68 52
50 69
60 56
58 14
69 25
51 77
61 88
59 98
70 35
52 45
62 76
60 98
71 86
53 83
63 72
61 91
72 43
54 80
62 39
73 20
55 55
65 35
74 99
56 78
66 71
64 90
75 46
57 53
67 16
65 83
76 20
58 83
68 14
66 17
77 87
59 31
69 94
67 58
78 14
60 71
70 21
68 56
79 16
61 46
71 91
69 98
80 72
62 63
72 43
70 81
81 60
63 20
71 67
64 37
74 56
65 26
75 59
73 25
66 11
76 97
74 62
67 48
77 77
75 72
68 27
78 100
76 48
69 15
79 14
77 26
70 64
80 17
78 49
71 38
81 58
79 99
72 27
80 92
74
56
3 17 69 74 
3 27 63 1 
3 33 24 21 
2 60 50 
2 41 7 
1 11 
2 43 67 
1 36 
3 72 29 64 
5 76 8 75 13 53 
1 34 
1 80 
1 56 
