81 288 10 100 15
2
3
3
3
3
3
3
3
2
3
4
4
4
4
4
4
4
3
3
4
4
4
4
4
4
4
3
3
4
4
4
4
4
4
4
3
3
4
4
4
4
4
4
4
3
3
4
4
4
4
4
4
4
3
3
4
4
4
4
4
4
4
3
3
4
4
4
4
4
4
4
3
2
3
3
3
3
3
3
3
2
10 51
2 29
11 82
3 88
1 73
12 33
4 78
2 20
13 67
5 47
3 27
14 78
6 94
4 33
15 77
7 62
5 68
16 26
8 20
6 69
17 40
9 98
7 16
18 44
8 82
19 81
1 93
11 62
20 52
2 84
12 32
10 29
21 53
3 87
13 77
11 90
22 71
4 77
14 14
12 22
23 33
5 85
15 35
13 56
24 11
6 86
16 44
14 86
25 15
7 51
17 58
15 59
26 50
8 75
18 50
16 19
27 95
9 14
17 25
28 62
10 38
20 61
29 57
11 61
21 83
19 80
30 16
12 32
22 98
20 78
31 95
13 77
23 63
21 67
32 23
14 21
24 70
22 38
33 31
15 99
25 82
23 13
34 87
16 39
26 66
24 11
35 37
17 37
27 85
25 95
36 67
18 73
26 71
37 61
19 43
29 99
38 88
20 100
30 44
28 66
39 39
21 84
31 17
29 29
40 36
22 65
32 13
30 46
41 78
23 71
33 86
31 57
42 62
24 63
34 41
32 92
43 51
25 63
35 23
33 17
44 76
26 40
36 23
34 85
45 98
27 72
35 90
46 17
28 63
38 74
47 27
29 63
39 47
37 63
48 54
30 15
40 26
38 14
49 54
31 22
41 66
39 72
50 94
32 93
42 31
40 91
51 75
33 30
43 17
41 11
52 42
34 53
44 72
42 88
53 58
35 54
45 71
43 66
54 25
36 99
44 75
55 59
37 70
47 98
56 54
38 45
48 25
46 78
57 65
39 40
49 53
47 69
58 13
40 37
50 70
48 33
59 40
41 50
51 40
49 29
60 49
42 44
52 30
50 29
61 19
43 27
53 92
51 17
62 84
44 40
54 87
52 56
63 18
45 83
53 33
64 87
46 36
56 59
65 82
47 64
57 30
55 40
66 48
48 100
58 51
56 26
67 75
49 33
59 31
57 79
68 25
50 51
60 70
58 30
69 33
51 96
61 70
59 59
70 13
52 59
62 34
60 10
71 15
53 48
63 68
61 45
72 51
54 80
62 16
73 15
55 30
65 85
74 43
56 25
66 37
64 80
75 18
57 24
67 31
65 68
76 90
58 69
68 79
66 36
77 34
59 15
69 11
67 70
78 31
60 78
70 21
68 81
79 33
61 12
71 93
69 45
80 95
62 82
72 38
70 54
81 73
63 55
71 88
64 32
74 72
65 51
75 49
73 54
66 36
76 20
74 31
67 28
77 21
75 43
68 52
78 55
76 83
69 16
79 67
77 39
70 62
80 70
78 35
71 21
81 17
79 95
72 63
80 15
7
42
3 28 62 7 
1 69 
3 32 5 22 
1 30 
2 47 70 
2 29 2 
1 50 
2 34 65 
1 9 
2 57 72 
1 58 
3 52 43 19 
2 37 39 
1 51 
3 11 36 42 
