81 288 10 100 13
2
3
3
3
3
3
3
3
2
3
4
4
4
4
4
4
4
3
3
4
4
4
4
4
4
4
3
3
4
4
4
4
4
4
4
3
3
4
4
4
4
4
4
4
3
3
4
4
4
4
4
4
4
3
3
4
4
4
4
4
4
4
3
3
4
4
4
4
4
4
4
3
2
3
3
3
3
3
3
3
2
10 74
2 29
11 71
3 57
1 76
12 53
4 79
2 30
13 71
5 74
3 92
14 88
6 77
4 16
15 97
7 85
5 66
16 35
8 69
6 88
17 10
9 25
7 60
18 69
8 87
19 95
1 81
11 56
20 13
2 41
12 54
10 18
21 17
3 57
13 53
11 90
22 52
4 39
14 29
12 86
23 36
5 86
15 63
13 60
24 68
6 46
16 100
14 95
25 100
7 72
17 36
15 77
26 68
8 70
18 82
16 63
27 27
9 92
17 77
28 40
10 33
20 67
29 45
11 13
21 79
19 15
30 36
12 20
22 54
20 85
31 77
13 62
23 75
21 36
32 45
14 87
24 96
22 85
33 24
15 60
25 96
23 37
34 86
16 86
26 87
24 75
35 97
17 35
27 41
25 86
36 43
18 88
26 46
37 98
19 62
29 91
38 58
20 12
30 90
28 16
39 57
21 64
31 57
29 14
40 57
22 98
32 69
30 35
41 73
23 79
33 58
31 12
42 12
24 100
34 74
32 50
43 83
25 39
35 62
33 25
44 21
26 46
36 46
34 33
45 95
27 27
35 18
46 16
28 29
38 92
47 15
29 14
39 48
37 26
48 27
30 77
40 97
38 72
49 59
31 82
41 20
39 63
50 31
32 28
42 16
40 21
51 73
33 11
43 21
41 38
52 43
34 39
44 61
42 91
53 59
35 59
45 33
43 89
54 10
36 32
44 25
55 82
37 16
47 60
56 33
38 19
48 95
46 89
57 89
39 51
49 51
47 39
58 84
40 39
50 66
48 84
59 39
41 20
51 41
49 40
60 96
42 23
52 75
50 90
61 21
43 50
53 68
51 54
62 42
44 99
54 99
52 84
63 17
45 75
53 62
64 32
46 50
56 43
65 10
47 92
57 26
55 75
66 26
48 34
58 46
56 96
67 68
49 70
59 94
57 77
68 59
50 42
60 42
58 60
69 86
51 81
61 67
59 98
70 62
52 31
62 32
60 56
71 87
53 26
63 38
61 93
72 31
54 79
62 87
73 80
55 39
65 56
74 57
56 92
66 94
64 47
75 74
57 96
67 86
65 11
76 31
58 19
68 13
66 19
77 94
59 67
69 69
67 74
78 39
60 58
70 17
68 70
79 44
61 63
71 57
69 25
80 34
62 64
72 31
70 86
81 69
63 70
71 34
64 13
74 99
65 47
75 21
73 76
66 13
76 88
74 50
67 50
77 41
75 23
68 31
78 100
76 100
69 91
79 85
77 20
70 85
80 84
78 64
71 86
81 77
79 65
72 66
80 85
35
7
2 9 35 
1 18 
4 40 17 48 8 
1 20 
2 38 31 
2 69 47 
2 59 73 
2 5 28 
3 15 61 46 
3 60 19 65 
1 14 
2 45 44 
3 79 25 7 
