81 288 10 100 13
2
3
3
3
3
3
3
3
2
3
4
4
4
4
4
4
4
3
3
4
4
4
4
4
4
4
3
3
4
4
4
4
4
4
4
3
3
4
4
4
4
4
4
4
3
3
4
4
4
4
4
4
4
3
3
4
4
4
4
4
4
4
3
3
4
4
4
4
4
4
4
3
2
3
3
3
3
3
3
3
2
10 75
2 29
11 58
3 79
1 64
12 30
4 31
2 80
13 29
5 70
3 72
14 77
6 15
4 45
15 68
7 50
5 72
16 24
8 85
6 41
17 45
9 21
7 57
18 47
8 39
19 60
1 43
11 86
20 10
2 80
12 19
10 18
21 69
3 13
13 15
11 83
22 56
4 43
14 67
12 23
23 24
5 67
15 77
13 67
24 59
6 80
16 92
14 47
25 93
7 13
17 89
15 17
26 45
8 88
18 90
16 90
27 47
9 48
17 98
28 99
10 15
20 43
29 62
11 22
21 12
19 11
30 68
12 98
22 87
20 55
31 15
13 25
23 76
21 58
32 23
14 97
24 74
22 52
33 72
15 45
25 31
23 38
34 32
16 53
26 28
24 97
35 28
17 22
27 75
25 80
36 47
18 47
26 57
37 58
19 21
29 66
38 86
20 18
30 20
28 67
39 58
21 44
31 35
29 61
40 71
22 16
32 36
30 10
41 24
23 92
33 14
31 87
42 93
24 54
34 83
32 59
43 30
25 55
35 71
33 20
44 72
26 95
36 90
34 79
45 16
27 60
35 80
46 34
28 45
38 93
47 39
29 41
39 23
37 72
48 37
30 81
40 11
38 64
49 16
31 56
41 65
39 56
50 57
32 72
42 82
40 77
51 12
33 64
43 64
41 46
52 24
34 50
44 67
42 49
53 71
35 83
45 54
43 84
54 52
36 58
44 46
55 41
37 42
47 76
56 14
38 17
48 93
46 78
57 61
39 95
49 63
47 67
58 95
40 33
50 90
48 27
59 87
41 66
51 41
49 65
60 63
42 52
52 54
50 100
61 21
43 58
53 36
51 26
62 76
44 18
54 45
52 37
63 17
45 62
53 76
64 53
46 51
56 96
65 72
47 51
57 93
55 89
66 55
48 79
58 88
56 58
67 49
49 30
59 68
57 34
68 85
50 60
60 28
58 44
69 78
51 61
61 85
59 46
70 84
52 17
62 74
60 53
71 68
53 61
63 42
61 47
72 24
54 79
62 18
73 85
55 63
65 96
74 22
56 54
66 37
64 57
75 11
57 34
67 71
65 25
76 51
58 34
68 39
66 90
77 56
59 83
69 60
67 62
78 22
60 50
70 17
68 45
79 27
61 97
71 54
69 79
80 12
62 44
72 37
70 22
81 56
63 35
71 12
64 18
74 82
65 23
75 32
73 47
66 78
76 74
74 82
67 70
77 97
75 52
68 96
78 55
76 64
69 90
79 31
77 97
70 87
80 30
78 78
71 11
81 26
79 69
72 30
80 72
21
52
2 45 21 
1 6 
4 1 5 9 39 
2 50 48 
2 49 54 
2 22 10 
1 78 
2 69 19 
4 36 41 63 47 
1 71 
5 65 16 35 31 23 
1 15 
1 52 
