81 288 10 100 14
2
3
3
3
3
3
3
3
2
3
4
4
4
4
4
4
4
3
3
4
4
4
4
4
4
4
3
3
4
4
4
4
4
4
4
3
3
4
4
4
4
4
4
4
3
3
4
4
4
4
4
4
4
3
3
4
4
4
4
4
4
4
3
3
4
4
4
4
4
4
4
3
2
3
3
3
3
3
3
3
2
10 46
2 29
11 30
3 21
1 18
12 11
4 42
2 54
13 12
5 60
3 86
14 22
6 98
4 36
15 74
7 76
5 50
16 61
8 65
6 29
17 28
9 22
7 25
18 20
8 45
19 96
1 22
11 63
20 59
2 56
12 45
10 31
21 78
3 38
13 100
11 17
22 57
4 66
14 84
12 28
23 69
5 49
15 84
13 37
24 36
6 76
16 69
14 48
25 34
7 47
17 81
15 56
26 28
8 21
18 26
16 28
27 36
9 53
17 51
28 67
10 93
20 42
29 96
11 34
21 11
19 93
30 12
12 70
22 89
20 76
31 98
13 98
23 61
21 92
32 91
14 81
24 46
22 47
33 68
15 52
25 97
23 99
34 69
16 48
26 62
24 35
35 61
17 74
27 75
25 23
36 54
18 15
26 39
37 90
19 75
29 83
38 94
20 82
30 72
28 94
39 36
21 52
31 82
29 68
40 86
22 40
32 20
30 30
41 43
23 33
33 36
31 11
42 90
24 19
34 17
32 64
43 26
25 13
35 88
33 34
44 14
26 76
36 73
34 41
45 63
27 62
35 86
46 54
28 15
38 70
47 47
29 72
39 29
37 16
48 22
30 94
40 12
38 39
49 90
31 10
41 21
39 93
50 16
32 51
42 15
40 14
51 75
33 52
43 70
41 79
52 96
34 19
44 56
42 33
53 21
35 71
45 97
43 80
54 82
36 21
44 13
55 91
37 81
47 51
56 22
38 50
48 30
46 22
57 61
39 92
49 17
47 75
58 72
40 54
50 89
48 23
59 76
41 93
51 40
49 45
60 57
42 49
52 93
50 89
61 19
43 96
53 97
51 10
62 74
44 10
54 66
52 14
63 18
45 30
53 82
64 25
46 33
56 81
65 78
47 94
57 12
55 88
66 52
48 58
58 16
56 48
67 40
49 62
59 18
57 24
68 37
50 90
60 21
58 79
69 59
51 63
61 16
59 33
70 40
52 10
62 89
60 19
71 73
53 35
63 56
61 90
72 73
54 80
62 38
73 93
55 47
65 54
74 59
56 48
66 25
64 50
75 25
57 28
67 74
65 25
76 30
58 24
68 92
66 94
77 58
59 60
69 36
67 15
78 84
60 10
70 22
68 65
79 85
61 93
71 10
69 67
80 70
62 50
72 21
70 66
81 19
63 70
71 63
64 18
74 31
65 33
75 18
73 50
66 23
76 61
74 27
67 60
77 36
75 47
68 38
78 100
76 98
69 19
79 46
77 79
70 58
80 49
78 84
71 63
81 78
79 83
72 81
80 55
50
81
2 28 50 
1 30 
2 32 24 
1 48 
2 31 11 
2 12 59 
3 63 71 76 
4 27 5 18 72 
1 1 
2 45 38 
3 2 58 52 
2 70 78 
2 47 36 
1 81 
