81 288 10 100 14
2
3
3
3
3
3
3
3
2
3
4
4
4
4
4
4
4
3
3
4
4
4
4
4
4
4
3
3
4
4
4
4
4
4
4
3
3
4
4
4
4
4
4
4
3
3
4
4
4
4
4
4
4
3
3
4
4
4
4
4
4
4
3
3
4
4
4
4
4
4
4
3
2
3
3
3
3
3
3
3
2
10 80
2 29
11 19
3 55
1 28
12 52
4 67
2 46
13 84
5 57
3 12
14 42
6 12
4 42
15 71
7 36
5 90
16 80
8 40
6 81
17 57
9 97
7 47
18 70
8 77
19 44
1 23
11 85
20 94
2 17
12 97
10 16
21 43
3 61
13 83
11 65
22 71
4 53
14 88
12 18
23 79
5 13
15 28
13 86
24 34
6 90
16 67
14 85
25 74
7 17
17 67
15 21
26 67
8 51
18 23
16 80
27 15
9 100
17 72
28 95
10 50
20 62
29 24
11 49
21 84
19 89
30 72
12 59
22 96
20 56
31 12
13 95
23 79
21 33
32 45
14 37
24 97
22 43
33 35
15 92
25 15
23 43
34 50
16 44
26 32
24 73
35 95
17 76
27 84
25 60
36 60
18 14
26 88
37 30
19 79
29 83
38 80
20 36
30 84
28 39
39 61
21 76
31 61
29 22
40 20
22 41
32 29
30 26
41 59
23 39
33 63
31 42
42 65
24 98
34 16
32 87
43 55
25 14
35 97
33 94
44 43
26 60
36 40
34 32
45 51
27 70
35 84
46 89
28 93
38 97
47 18
29 31
39 42
37 28
48 69
30 94
40 25
38 39
49 72
31 68
41 20
39 36
50 44
32 22
42 97
40 64
51 12
33 42
43 11
41 69
52 61
34 84
44 83
42 13
53 16
35 66
45 28
43 70
54 85
36 44
44 18
55 100
37 31
47 32
56 46
38 12
48 89
46 44
57 66
39 42
49 99
47 61
58 36
40 15
50 71
48 37
59 50
41 24
51 41
49 49
60 54
42 48
52 81
50 40
61 21
43 81
53 31
51 34
62 86
44 48
54 66
52 79
63 17
45 24
53 27
64 24
46 54
56 75
65 76
47 21
57 19
55 41
66 51
48 29
58 32
56 35
67 84
49 92
59 80
57 89
68 74
50 22
60 77
58 86
69 52
51 95
61 48
59 72
70 57
52 66
62 20
60 44
71 100
53 75
63 54
61 93
72 92
54 78
62 87
73 98
55 47
65 36
74 97
56 31
66 48
64 87
75 95
57 30
67 27
65 68
76 21
58 78
68 26
66 32
77 32
59 38
69 36
67 27
78 60
60 28
70 16
68 61
79 65
61 16
71 47
69 57
80 37
62 77
72 54
70 10
81 19
63 20
71 38
64 32
74 33
65 40
75 63
73 51
66 91
76 33
74 86
67 38
77 82
75 48
68 19
78 10
76 50
69 87
79 53
77 57
70 91
80 51
78 29
71 60
81 57
79 81
72 12
80 31
59
63
2 3 59 
3 75 6 69 
1 4 
3 45 64 20 
1 24 
2 71 77 
2 50 61 
2 32 70 
2 62 26 
2 29 79 
4 22 78 73 76 
1 41 
1 15 
2 60 63 
