81 288 10 100 13
2
3
3
3
3
3
3
3
2
3
4
4
4
4
4
4
4
3
3
4
4
4
4
4
4
4
3
3
4
4
4
4
4
4
4
3
3
4
4
4
4
4
4
4
3
3
4
4
4
4
4
4
4
3
3
4
4
4
4
4
4
4
3
3
4
4
4
4
4
4
4
3
2
3
3
3
3
3
3
3
2
10 84
2 29
11 27
3 61
1 73
12 86
4 10
2 59
13 34
5 28
3 56
14 59
6 77
4 14
15 89
7 23
5 24
16 100
8 73
6 45
17 97
9 10
7 45
18 82
8 94
19 62
1 50
11 17
20 59
2 35
12 83
10 55
21 72
3 47
13 65
11 48
22 71
4 33
14 49
12 31
23 31
5 48
15 49
13 89
24 57
6 78
16 89
14 88
25 78
7 28
17 41
15 45
26 15
8 31
18 13
16 77
27 74
9 24
17 22
28 88
10 13
20 59
29 34
11 85
21 80
19 62
30 85
12 68
22 11
20 30
31 79
13 39
23 32
21 44
32 69
14 81
24 14
22 28
33 22
15 23
25 33
23 44
34 70
16 28
26 44
24 68
35 12
17 49
27 85
25 73
36 81
18 100
26 36
37 33
19 60
29 41
38 14
20 46
30 56
28 28
39 86
21 10
31 20
29 43
40 68
22 23
32 72
30 87
41 26
23 45
33 39
31 87
42 56
24 84
34 92
32 11
43 43
25 69
35 58
33 45
44 50
26 92
36 79
34 10
45 10
27 76
35 10
46 56
28 94
38 28
47 44
29 34
39 57
37 42
48 23
30 39
40 27
38 55
49 18
31 21
41 69
39 54
50 13
32 52
42 79
40 54
51 17
33 97
43 28
41 77
52 95
34 81
44 50
42 56
53 49
35 29
45 65
43 57
54 86
36 25
44 100
55 70
37 56
47 49
56 72
38 20
48 80
46 57
57 65
39 35
49 53
47 83
58 59
40 80
50 68
48 26
59 18
41 12
51 38
49 81
60 37
42 37
52 17
50 99
61 16
43 12
53 32
51 76
62 80
44 24
54 38
52 11
63 20
45 18
53 47
64 31
46 90
56 28
65 94
47 59
57 51
55 38
66 42
48 60
58 89
56 97
67 57
49 97
59 23
57 59
68 20
50 20
60 56
58 10
69 87
51 100
61 24
59 34
70 16
52 44
62 62
60 33
71 26
53 87
63 96
61 40
72 58
54 83
62 56
73 32
55 89
65 92
74 26
56 14
66 13
64 66
75 46
57 11
67 37
65 68
76 47
58 49
68 93
66 44
77 39
59 60
69 53
67 66
78 65
60 88
70 32
68 30
79 59
61 96
71 95
69 22
80 29
62 93
72 96
70 52
81 90
63 35
71 99
64 33
74 61
65 71
75 22
73 60
66 18
76 85
74 10
67 100
77 82
75 33
68 27
78 54
76 59
69 55
79 96
77 94
70 95
80 18
78 47
71 35
81 29
79 32
72 75
80 72
66
80
3 19 62 66 
2 38 69 
3 48 76 57 
1 46 
2 45 78 
2 3 12 
3 56 81 21 
2 16 53 
2 24 50 
3 39 25 51 
2 79 20 
2 55 47 
1 80 
