81 288 10 100 15
2
3
3
3
3
3
3
3
2
3
4
4
4
4
4
4
4
3
3
4
4
4
4
4
4
4
3
3
4
4
4
4
4
4
4
3
3
4
4
4
4
4
4
4
3
3
4
4
4
4
4
4
4
3
3
4
4
4
4
4
4
4
3
3
4
4
4
4
4
4
4
3
2
3
3
3
3
3
3
3
2
10 98
2 29
11 93
3 80
1 57
12 62
4 28
2 47
13 18
5 80
3 59
14 47
6 67
4 95
15 10
7 73
5 77
16 88
8 29
6 75
17 43
9 57
7 16
18 61
8 24
19 16
1 79
11 13
20 36
2 27
12 42
10 49
21 86
3 11
13 87
11 84
22 23
4 65
14 21
12 15
23 15
5 66
15 84
13 55
24 73
6 18
16 13
14 21
25 20
7 41
17 64
15 56
26 81
8 10
18 87
16 49
27 69
9 88
17 34
28 75
10 28
20 26
29 99
11 74
21 23
19 23
30 98
12 42
22 39
20 34
31 68
13 67
23 39
21 61
32 46
14 84
24 85
22 92
33 91
15 72
25 78
23 58
34 33
16 93
26 57
24 88
35 29
17 30
27 22
25 13
36 30
18 91
26 40
37 38
19 53
29 91
38 87
20 11
30 65
28 35
39 96
21 15
31 99
29 15
40 98
22 98
32 51
30 44
41 40
23 68
33 95
31 41
42 62
24 33
34 75
32 95
43 26
25 36
35 45
33 86
44 54
26 77
36 21
34 52
45 26
27 13
35 22
46 37
28 56
38 39
47 73
29 96
39 21
37 93
48 26
30 77
40 70
38 72
49 94
31 57
41 23
39 85
50 66
32 85
42 34
40 12
51 17
33 31
43 50
41 57
52 23
34 91
44 98
42 40
53 68
35 68
45 79
43 16
54 95
36 76
44 15
55 65
37 24
47 99
56 77
38 96
48 67
46 45
57 80
39 60
49 69
47 66
58 65
40 27
50 11
48 57
59 91
41 66
51 39
49 33
60 11
42 24
52 99
50 99
61 17
43 80
53 18
51 98
62 19
44 23
54 100
52 46
63 20
45 86
53 82
64 35
46 99
56 55
65 14
47 58
57 13
55 77
66 29
48 93
58 13
56 30
67 71
49 10
59 61
57 40
68 76
50 87
60 21
58 46
69 10
51 17
61 95
59 21
70 27
52 100
62 79
60 97
71 33
53 37
63 41
61 87
72 82
54 82
62 80
73 71
55 39
65 93
74 71
56 36
66 48
64 65
75 25
57 91
67 88
65 15
76 48
58 92
68 54
66 51
77 57
59 18
69 69
67 50
78 88
60 21
70 29
68 78
79 84
61 36
71 73
69 46
80 11
62 100
72 56
70 16
81 69
63 80
71 85
64 76
74 95
65 33
75 24
73 73
66 58
76 52
74 22
67 95
77 39
75 21
68 69
78 99
76 14
69 46
79 70
77 64
70 18
80 81
78 83
71 92
81 29
79 69
72 22
80 42
18
44
1 18 
1 23 
2 79 52 
3 76 47 74 
3 55 67 6 
2 27 5 
1 21 
2 29 34 
1 75 
2 31 66 
2 26 45 
1 32 
2 73 7 
3 37 2 22 
2 60 44 
