81 288 10 100 15
2
3
3
3
3
3
3
3
2
3
4
4
4
4
4
4
4
3
3
4
4
4
4
4
4
4
3
3
4
4
4
4
4
4
4
3
3
4
4
4
4
4
4
4
3
3
4
4
4
4
4
4
4
3
3
4
4
4
4
4
4
4
3
3
4
4
4
4
4
4
4
3
2
3
3
3
3
3
3
3
2
10 16
2 29
11 60
3 91
1 86
12 95
4 13
2 22
13 52
5 71
3 17
14 18
6 82
4 22
15 94
7 45
5 15
16 55
8 44
6 49
17 40
9 100
7 82
18 28
8 28
19 44
1 81
11 77
20 47
2 93
12 15
10 94
21 73
3 80
13 36
11 47
22 66
4 26
14 33
12 76
23 46
5 50
15 98
13 18
24 65
6 60
16 98
14 41
25 48
7 43
17 22
15 41
26 17
8 10
18 79
16 24
27 98
9 48
17 98
28 68
10 82
20 87
29 63
11 28
21 62
19 11
30 97
12 99
22 61
20 65
31 81
13 60
23 93
21 68
32 91
14 42
24 57
22 82
33 82
15 99
25 15
23 72
34 67
16 83
26 57
24 22
35 40
17 37
27 51
25 32
36 49
18 87
26 95
37 38
19 67
29 91
38 44
20 57
30 12
28 52
39 82
21 88
31 36
29 58
40 82
22 99
32 77
30 31
41 89
23 84
33 85
31 42
42 78
24 89
34 74
32 73
43 20
25 40
35 71
33 86
44 50
26 31
36 14
34 24
45 84
27 34
35 17
46 51
28 16
38 28
47 77
29 64
39 61
37 38
48 73
30 77
40 20
38 73
49 41
31 49
41 18
39 97
50 58
32 90
42 99
40 71
51 11
33 92
43 53
41 29
52 98
34 13
44 89
42 72
53 54
35 54
45 55
43 79
54 13
36 55
44 30
55 90
37 57
47 41
56 57
38 72
48 63
46 20
57 94
39 92
49 42
47 26
58 48
40 90
50 48
48 98
59 13
41 42
51 42
49 44
60 93
42 23
52 64
50 40
61 22
43 35
53 93
51 78
62 54
44 46
54 98
52 57
63 16
45 69
53 97
64 31
46 71
56 37
65 99
47 18
57 33
55 28
66 25
48 96
58 62
56 83
67 21
49 99
59 65
57 50
68 96
50 65
60 98
58 67
69 79
51 21
61 99
59 46
70 80
52 87
62 54
60 81
71 23
53 66
63 36
61 96
72 51
54 77
62 44
73 85
55 38
65 38
74 96
56 75
66 26
64 84
75 54
57 99
67 39
65 54
76 23
58 73
68 38
66 48
77 68
59 46
69 69
67 86
78 15
60 76
70 11
68 66
79 24
61 76
71 94
69 15
80 92
62 91
72 65
70 30
81 68
63 20
71 100
64 27
74 100
65 54
75 66
73 77
66 81
76 60
74 19
67 28
77 87
75 24
68 12
78 10
76 51
69 69
79 92
77 88
70 28
80 85
78 100
71 82
81 56
79 63
72 88
80 62
44
70
1 44 
3 77 51 55 
5 42 54 26 41 67 
1 72 
1 37 
2 53 62 
1 57 
1 21 
3 69 79 68 
1 19 
2 28 36 
2 56 6 
2 43 18 
1 4 
2 38 70 
