81 288 10 100 12
2
3
3
3
3
3
3
3
2
3
4
4
4
4
4
4
4
3
3
4
4
4
4
4
4
4
3
3
4
4
4
4
4
4
4
3
3
4
4
4
4
4
4
4
3
3
4
4
4
4
4
4
4
3
3
4
4
4
4
4
4
4
3
3
4
4
4
4
4
4
4
3
2
3
3
3
3
3
3
3
2
10 61
2 29
11 83
3 61
1 81
12 55
4 12
2 91
13 45
5 17
3 69
14 89
6 25
4 55
15 56
7 91
5 18
16 37
8 37
6 11
17 99
9 64
7 85
18 68
8 18
19 15
1 14
11 90
20 34
2 88
12 60
10 24
21 54
3 49
13 84
11 47
22 13
4 11
14 94
12 40
23 40
5 49
15 42
13 10
24 44
6 49
16 76
14 24
25 60
7 92
17 66
15 98
26 71
8 18
18 16
16 27
27 52
9 75
17 85
28 22
10 90
20 76
29 88
11 32
21 69
19 50
30 56
12 32
22 59
20 51
31 26
13 88
23 69
21 40
32 46
14 94
24 94
22 78
33 94
15 87
25 77
23 24
34 68
16 79
26 15
24 77
35 10
17 42
27 46
25 48
36 98
18 56
26 53
37 54
19 27
29 17
38 13
20 53
30 11
28 61
39 47
21 38
31 48
29 88
40 40
22 32
32 57
30 53
41 100
23 69
33 49
31 42
42 87
24 14
34 99
32 66
43 48
25 88
35 84
33 70
44 68
26 19
36 58
34 37
45 91
27 33
35 69
46 53
28 84
38 83
47 100
29 70
39 59
37 21
48 35
30 44
40 59
38 47
49 32
31 20
41 20
39 25
50 95
32 38
42 36
40 28
51 13
33 40
43 43
41 66
52 97
34 40
44 18
42 65
53 52
35 44
45 41
43 34
54 42
36 98
44 40
55 45
37 75
47 26
56 99
38 33
48 15
46 90
57 46
39 70
49 46
47 85
58 89
40 86
50 56
48 87
59 15
41 12
51 41
49 22
60 89
42 65
52 63
50 100
61 20
43 81
53 51
51 95
62 46
44 19
54 74
52 93
63 18
45 85
53 41
64 49
46 42
56 70
65 61
47 53
57 40
55 50
66 68
48 45
58 73
56 34
67 35
49 26
59 30
57 54
68 29
50 84
60 63
58 99
69 64
51 53
61 14
59 59
70 72
52 52
62 57
60 80
71 61
53 20
63 96
61 92
72 90
54 79
62 85
73 46
55 22
65 96
74 68
56 32
66 94
64 59
75 32
57 46
67 20
65 78
76 51
58 82
68 78
66 82
77 38
59 33
69 44
67 78
78 90
60 26
70 19
68 88
79 93
61 66
71 76
69 54
80 30
62 37
72 77
70 57
81 77
63 81
71 27
64 66
74 48
65 61
75 30
73 34
66 37
76 15
74 70
67 75
77 49
75 64
68 55
78 100
76 18
69 100
79 57
77 36
70 73
80 58
78 43
71 45
81 27
79 33
72 83
80 11
69
58
1 69 
3 72 4 77 
4 7 78 65 15 
2 19 13 
3 5 16 39 
2 12 59 
2 23 11 
1 21 
2 41 79 
2 53 35 
3 43 40 48 
3 26 14 58 
