81 288 10 100 15
2
3
3
3
3
3
3
3
2
3
4
4
4
4
4
4
4
3
3
4
4
4
4
4
4
4
3
3
4
4
4
4
4
4
4
3
3
4
4
4
4
4
4
4
3
3
4
4
4
4
4
4
4
3
3
4
4
4
4
4
4
4
3
3
4
4
4
4
4
4
4
3
2
3
3
3
3
3
3
3
2
10 99
2 29
11 33
3 71
1 54
12 27
4 74
2 49
13 81
5 92
3 26
14 75
6 27
4 58
15 58
7 38
5 76
16 21
8 58
6 13
17 50
9 34
7 97
18 50
8 87
19 39
1 85
11 19
20 60
2 77
12 98
10 97
21 85
3 30
13 44
11 77
22 42
4 99
14 28
12 24
23 15
5 50
15 28
13 77
24 16
6 74
16 49
14 99
25 81
7 66
17 30
15 66
26 41
8 11
18 38
16 70
27 90
9 83
17 80
28 45
10 83
20 25
29 68
11 74
21 32
19 33
30 29
12 73
22 76
20 32
31 27
13 65
23 89
21 49
32 23
14 81
24 78
22 66
33 23
15 82
25 71
23 64
34 67
16 67
26 80
24 92
35 20
17 99
27 65
25 65
36 27
18 21
26 43
37 56
19 90
29 33
38 84
20 26
30 87
28 69
39 76
21 95
31 53
29 94
40 14
22 57
32 59
30 65
41 60
23 21
33 34
31 27
42 34
24 46
34 33
32 26
43 10
25 48
35 28
33 23
44 68
26 59
36 67
34 72
45 24
27 49
35 71
46 51
28 28
38 22
47 51
29 20
39 91
37 80
48 21
30 57
40 87
38 23
49 70
31 89
41 64
39 40
50 19
32 51
42 43
40 64
51 41
33 99
43 21
41 80
52 98
34 48
44 62
42 10
53 84
35 22
45 38
43 11
54 79
36 17
44 16
55 22
37 15
47 54
56 64
38 81
48 70
46 77
57 56
39 58
49 73
47 66
58 85
40 29
50 19
48 20
59 43
41 82
51 42
49 10
60 77
42 60
52 79
50 80
61 22
43 88
53 71
51 35
62 68
44 87
54 94
52 18
63 16
45 42
53 27
64 19
46 67
56 42
65 63
47 39
57 65
55 47
66 62
48 57
58 34
56 90
67 23
49 26
59 13
57 81
68 54
50 68
60 77
58 57
69 31
51 26
61 100
59 33
70 63
52 66
62 24
60 96
71 29
53 74
63 16
61 50
72 88
54 77
62 21
73 64
55 96
65 17
74 91
56 83
66 37
64 34
75 95
57 44
67 20
65 73
76 12
58 90
68 90
66 53
77 78
59 59
69 19
67 54
78 12
60 22
70 13
68 100
79 21
61 90
71 15
69 22
80 21
62 97
72 36
70 80
81 40
63 15
71 27
64 94
74 92
65 86
75 14
73 40
66 28
76 37
74 43
67 20
77 81
75 61
68 50
78 55
76 46
69 74
79 87
77 64
70 20
80 81
78 30
71 91
81 36
79 43
72 87
80 38
35
1
2 38 35 
1 73 
1 71 
3 6 13 48 
1 26 
2 79 21 
1 51 
2 8 9 
2 80 31 
1 24 
2 4 2 
2 36 28 
2 20 75 
2 53 72 
4 3 77 54 1 
