81 288 10 100 13
2
3
3
3
3
3
3
3
2
3
4
4
4
4
4
4
4
3
3
4
4
4
4
4
4
4
3
3
4
4
4
4
4
4
4
3
3
4
4
4
4
4
4
4
3
3
4
4
4
4
4
4
4
3
3
4
4
4
4
4
4
4
3
3
4
4
4
4
4
4
4
3
2
3
3
3
3
3
3
3
2
10 22
2 29
11 99
3 89
1 38
12 94
4 92
2 37
13 65
5 54
3 29
14 63
6 17
4 48
15 69
7 87
5 38
16 99
8 14
6 42
17 87
9 81
7 69
18 29
8 17
19 84
1 23
11 15
20 37
2 69
12 57
10 91
21 100
3 84
13 66
11 22
22 85
4 40
14 92
12 99
23 89
5 68
15 63
13 43
24 31
6 13
16 64
14 31
25 22
7 79
17 53
15 76
26 16
8 81
18 21
16 42
27 85
9 57
17 93
28 32
10 99
20 83
29 42
11 64
21 67
19 85
30 42
12 48
22 13
20 36
31 16
13 93
23 96
21 66
32 91
14 84
24 58
22 40
33 92
15 40
25 25
23 78
34 31
16 41
26 92
24 21
35 38
17 79
27 94
25 96
36 67
18 12
26 46
37 60
19 84
29 83
38 66
20 82
30 97
28 76
39 87
21 100
31 40
29 66
40 45
22 41
32 38
30 22
41 75
23 44
33 90
31 73
42 40
24 86
34 16
32 19
43 83
25 15
35 15
33 64
44 72
26 45
36 99
34 23
45 40
27 77
35 83
46 33
28 80
38 33
47 80
29 82
39 55
37 40
48 24
30 94
40 39
38 40
49 54
31 34
41 18
39 70
50 72
32 84
42 89
40 22
51 41
33 33
43 42
41 60
52 25
34 58
44 19
42 84
53 12
35 61
45 51
43 61
54 88
36 67
44 23
55 17
37 73
47 13
56 69
38 65
48 57
46 66
57 70
39 83
49 90
47 48
58 91
40 66
50 53
48 50
59 24
41 46
51 42
49 53
60 51
42 48
52 70
50 81
61 23
43 65
53 57
51 57
62 97
44 86
54 65
52 52
63 16
45 19
53 62
64 23
46 75
56 69
65 74
47 38
57 26
55 86
66 49
48 91
58 49
56 23
67 37
49 30
59 51
57 62
68 20
50 45
60 42
58 93
69 45
51 35
61 79
59 19
70 75
52 32
62 42
60 69
71 36
53 24
63 53
61 96
72 21
54 77
62 45
73 12
55 47
65 18
74 45
56 14
66 71
64 33
75 75
57 33
67 72
65 21
76 13
58 42
68 51
66 61
77 96
59 17
69 35
67 38
78 35
60 46
70 10
68 58
79 45
61 29
71 84
69 46
80 94
62 14
72 87
70 45
81 19
63 60
71 12
64 46
74 35
65 47
75 16
73 53
66 69
76 96
74 55
67 15
77 38
75 49
68 92
78 10
76 92
69 65
79 61
77 35
70 34
80 53
78 66
71 57
81 35
79 80
72 34
80 99
68
45
1 68 
2 54 25 
2 6 63 
2 27 74 
2 57 33 
3 61 76 14 
5 52 77 1 21 49 
1 66 
1 51 
2 16 35 
1 20 
3 78 34 7 
3 18 3 45 
