81 288 10 100 14
2
3
3
3
3
3
3
3
2
3
4
4
4
4
4
4
4
3
3
4
4
4
4
4
4
4
3
3
4
4
4
4
4
4
4
3
3
4
4
4
4
4
4
4
3
3
4
4
4
4
4
4
4
3
3
4
4
4
4
4
4
4
3
3
4
4
4
4
4
4
4
3
2
3
3
3
3
3
3
3
2
10 90
2 29
11 20
3 29
1 35
12 74
4 92
2 26
13 61
5 27
3 55
14 53
6 34
4 64
15 50
7 65
5 40
16 90
8 56
6 23
17 25
9 63
7 25
18 94
8 12
19 69
1 35
11 21
20 76
2 21
12 34
10 11
21 45
3 23
13 90
11 23
22 13
4 78
14 77
12 35
23 86
5 68
15 35
13 39
24 66
6 53
16 99
14 22
25 28
7 57
17 75
15 59
26 88
8 86
18 80
16 89
27 62
9 70
17 42
28 54
10 12
20 77
29 54
11 20
21 70
19 59
30 21
12 60
22 57
20 29
31 34
13 16
23 84
21 98
32 68
14 19
24 31
22 84
33 99
15 79
25 10
23 54
34 31
16 85
26 72
24 48
35 68
17 81
27 46
25 14
36 91
18 88
26 71
37 23
19 64
29 91
38 96
20 80
30 51
28 34
39 69
21 30
31 92
29 81
40 24
22 99
32 73
30 33
41 81
23 36
33 26
31 27
42 90
24 49
34 74
32 61
43 51
25 39
35 67
33 56
44 35
26 39
36 75
34 74
45 44
27 31
35 63
46 34
28 23
38 15
47 92
29 39
39 54
37 77
48 50
30 32
40 58
38 73
49 50
31 65
41 65
39 80
50 44
32 59
42 12
40 92
51 42
33 52
43 37
41 33
52 25
34 72
44 29
42 81
53 11
35 56
45 89
43 39
54 12
36 43
44 73
55 86
37 36
47 51
56 90
38 91
48 79
46 55
57 46
39 72
49 92
47 78
58 21
40 64
50 57
48 91
59 26
41 76
51 41
49 42
60 95
42 69
52 24
50 19
61 21
43 43
53 81
51 21
62 48
44 27
54 53
52 25
63 17
45 27
53 34
64 77
46 61
56 85
65 55
47 100
57 30
55 51
66 71
48 65
58 54
56 44
67 44
49 85
59 79
57 64
68 77
50 54
60 70
58 63
69 83
51 51
61 83
59 72
70 25
52 59
62 43
60 23
71 55
53 46
63 83
61 49
72 41
54 78
62 66
73 37
55 39
65 47
74 31
56 38
66 14
64 66
75 18
57 52
67 17
65 78
76 72
58 92
68 26
66 79
77 36
59 57
69 69
67 35
78 27
60 67
70 14
68 68
79 34
61 70
71 30
69 66
80 63
62 32
72 93
70 13
81 23
63 45
71 67
64 65
74 99
65 51
75 44
73 31
66 92
76 28
74 35
67 84
77 19
75 69
68 22
78 55
76 76
69 80
79 43
77 54
70 11
80 39
78 37
71 84
81 66
79 19
72 31
80 28
40
79
1 40 
3 33 8 76 
2 6 77 
5 66 38 49 25 4 
1 72 
3 56 58 52 
2 9 24 
1 23 
1 15 
1 43 
1 65 
2 13 62 
2 75 70 
3 3 46 79 
