81 288 10 100 12
2
3
3
3
3
3
3
3
2
3
4
4
4
4
4
4
4
3
3
4
4
4
4
4
4
4
3
3
4
4
4
4
4
4
4
3
3
4
4
4
4
4
4
4
3
3
4
4
4
4
4
4
4
3
3
4
4
4
4
4
4
4
3
3
4
4
4
4
4
4
4
3
2
3
3
3
3
3
3
3
2
10 11
2 29
11 54
3 55
1 21
12 84
4 65
2 13
13 73
5 68
3 90
14 12
6 63
4 92
15 14
7 60
5 95
16 53
8 75
6 24
17 55
9 43
7 98
18 84
8 62
19 92
1 59
11 12
20 28
2 55
12 29
10 47
21 61
3 60
13 64
11 66
22 38
4 76
14 43
12 100
23 70
5 12
15 35
13 74
24 47
6 28
16 79
14 59
25 92
7 45
17 41
15 59
26 12
8 64
18 20
16 40
27 37
9 49
17 99
28 70
10 64
20 45
29 60
11 10
21 95
19 10
30 11
12 95
22 48
20 35
31 64
13 46
23 42
21 37
32 69
14 24
24 17
22 84
33 54
15 28
25 63
23 63
34 51
16 84
26 61
24 64
35 96
17 84
27 32
25 85
36 43
18 58
26 71
37 100
19 21
29 17
38 81
20 30
30 38
28 97
39 100
21 48
31 34
29 67
40 48
22 32
32 44
30 60
41 76
23 15
33 54
31 87
42 34
24 77
34 100
32 32
43 50
25 86
35 71
33 69
44 25
26 42
36 62
34 96
45 62
27 22
35 26
46 92
28 12
38 42
47 53
29 86
39 40
37 49
48 57
30 89
40 84
38 47
49 58
31 69
41 68
39 65
50 53
32 36
42 49
40 90
51 16
33 100
43 87
41 80
52 59
34 33
44 23
42 95
53 13
35 51
45 53
43 94
54 38
36 63
44 78
55 33
37 13
47 55
56 18
38 90
48 63
46 11
57 84
39 99
49 14
47 60
58 97
40 100
50 83
48 67
59 54
41 24
51 39
49 17
60 94
42 20
52 35
50 38
61 17
43 12
53 13
51 14
62 29
44 53
54 29
52 88
63 19
45 48
53 33
64 97
46 10
56 33
65 18
47 27
57 30
55 29
66 25
48 44
58 49
56 99
67 14
49 72
59 73
57 94
68 65
50 49
60 70
58 88
69 75
51 51
61 58
59 47
70 92
52 58
62 24
60 88
71 66
53 51
63 53
61 42
72 60
54 82
62 57
73 84
55 22
65 32
74 56
56 13
66 59
64 95
75 18
57 87
67 45
65 58
76 18
58 45
68 41
66 84
77 33
59 65
69 44
67 15
78 35
60 90
70 28
68 94
79 32
61 46
71 66
69 24
80 35
62 42
72 73
70 96
81 32
63 65
71 19
64 90
74 45
65 51
75 55
73 78
66 71
76 11
74 26
67 63
77 24
75 17
68 83
78 54
76 90
69 43
79 92
77 24
70 22
80 10
78 34
71 50
81 59
79 81
72 95
80 92
56
4
6 70 30 20 48 12 56 
2 71 61 
2 50 47 
1 54 
1 64 
1 29 
2 8 74 
5 52 44 78 59 23 
1 81 
2 38 15 
3 60 66 49 
2 51 4 
