81 288 10 100 15
2
3
3
3
3
3
3
3
2
3
4
4
4
4
4
4
4
3
3
4
4
4
4
4
4
4
3
3
4
4
4
4
4
4
4
3
3
4
4
4
4
4
4
4
3
3
4
4
4
4
4
4
4
3
3
4
4
4
4
4
4
4
3
3
4
4
4
4
4
4
4
3
2
3
3
3
3
3
3
3
2
10 89
2 29
11 79
3 37
1 37
12 17
4 46
2 24
13 89
5 15
3 87
14 25
6 74
4 11
15 93
7 10
5 42
16 66
8 28
6 85
17 18
9 87
7 35
18 14
8 40
19 46
1 29
11 16
20 51
2 63
12 70
10 53
21 46
3 96
13 42
11 30
22 86
4 44
14 70
12 26
23 87
5 85
15 91
13 17
24 32
6 88
16 63
14 35
25 59
7 33
17 18
15 49
26 37
8 84
18 38
16 68
27 42
9 76
17 87
28 83
10 48
20 78
29 86
11 21
21 61
19 49
30 89
12 29
22 20
20 31
31 75
13 18
23 34
21 19
32 92
14 21
24 37
22 19
33 76
15 70
25 18
23 48
34 88
16 20
26 48
24 44
35 78
17 12
27 94
25 53
36 94
18 67
26 68
37 95
19 27
29 58
38 99
20 65
30 29
28 91
39 89
21 42
31 47
29 94
40 17
22 48
32 65
30 12
41 61
23 83
33 88
31 41
42 27
24 37
34 25
32 39
43 68
25 28
35 84
33 28
44 21
26 57
36 29
34 54
45 46
27 85
35 14
46 19
28 51
38 31
47 23
29 24
39 76
37 89
48 55
30 52
40 41
38 30
49 74
31 33
41 23
39 34
50 92
32 93
42 94
40 40
51 17
33 75
43 66
41 10
52 41
34 23
44 66
42 21
53 85
35 12
45 39
43 44
54 28
36 12
44 71
55 38
37 45
47 96
56 13
38 15
48 76
46 23
57 70
39 74
49 89
47 77
58 91
40 62
50 49
48 36
59 73
41 60
51 38
49 65
60 29
42 33
52 44
50 38
61 17
43 35
53 27
51 83
62 90
44 54
54 58
52 53
63 20
45 71
53 89
64 93
46 93
56 98
65 98
47 28
57 69
55 81
66 38
48 10
58 34
56 75
67 92
49 68
59 35
57 22
68 99
50 73
60 14
58 52
69 61
51 42
61 78
59 60
70 80
52 93
62 98
60 24
71 59
53 10
63 17
61 86
72 36
54 83
62 33
73 45
55 72
65 31
74 11
56 82
66 25
64 96
75 39
57 99
67 84
65 20
76 17
58 94
68 80
66 77
77 15
59 16
69 28
67 31
78 12
60 66
70 31
68 46
79 98
61 15
71 88
69 91
80 53
62 34
72 22
70 40
81 53
63 20
71 34
64 47
74 12
65 89
75 53
73 65
66 31
76 44
74 14
67 68
77 67
75 29
68 41
78 99
76 44
69 52
79 27
77 54
70 100
80 39
78 90
71 84
81 60
79 44
72 57
80 31
23
41
1 23 
2 45 27 
3 75 14 57 
3 22 15 30 
1 55 
2 79 38 
3 50 8 76 
2 6 48 
1 61 
2 35 4 
1 28 
1 71 
2 5 3 
3 80 40 37 
1 41 
