81 288 10 100 14
2
3
3
3
3
3
3
3
2
3
4
4
4
4
4
4
4
3
3
4
4
4
4
4
4
4
3
3
4
4
4
4
4
4
4
3
3
4
4
4
4
4
4
4
3
3
4
4
4
4
4
4
4
3
3
4
4
4
4
4
4
4
3
3
4
4
4
4
4
4
4
3
2
3
3
3
3
3
3
3
2
10 28
2 29
11 94
3 27
1 71
12 14
4 77
2 100
13 64
5 21
3 53
14 68
6 20
4 49
15 58
7 40
5 69
16 17
8 63
6 50
17 70
9 80
7 63
18 18
8 77
19 66
1 14
11 68
20 90
2 36
12 100
10 39
21 89
3 26
13 10
11 90
22 90
4 24
14 90
12 50
23 30
5 85
15 98
13 52
24 46
6 35
16 78
14 77
25 21
7 30
17 80
15 42
26 31
8 79
18 19
16 66
27 72
9 27
17 64
28 84
10 42
20 55
29 69
11 18
21 87
19 54
30 86
12 43
22 52
20 71
31 21
13 91
23 51
21 99
32 91
14 47
24 43
22 82
33 37
15 47
25 67
23 80
34 87
16 83
26 46
24 38
35 68
17 40
27 37
25 12
36 92
18 57
26 95
37 24
19 23
29 17
38 28
20 98
30 90
28 25
39 21
21 14
31 69
29 44
40 15
22 32
32 49
30 58
41 84
23 63
33 22
31 11
42 21
24 26
34 100
32 44
43 19
25 87
35 75
33 100
44 39
26 34
36 91
34 46
45 11
27 25
35 70
46 18
28 97
38 56
47 38
29 20
39 46
37 100
48 80
30 44
40 46
38 47
49 50
31 53
41 22
39 82
50 67
32 67
42 45
40 69
51 76
33 49
43 12
41 76
52 41
34 66
44 82
42 85
53 57
35 49
45 19
43 43
54 39
36 74
44 35
55 37
37 33
47 45
56 76
38 71
48 47
46 68
57 41
39 29
49 55
47 98
58 34
40 35
50 74
48 74
59 41
41 80
51 39
49 19
60 92
42 65
52 75
50 59
61 18
43 96
53 25
51 72
62 34
44 72
54 75
52 29
63 19
45 91
53 96
64 51
46 21
56 76
65 63
47 36
57 34
55 97
66 69
48 74
58 57
56 47
67 82
49 87
59 59
57 80
68 83
50 60
60 98
58 92
69 71
51 21
61 74
59 21
70 55
52 86
62 35
60 55
71 34
53 71
63 98
61 89
72 70
54 81
62 36
73 41
55 22
65 23
74 29
56 49
66 71
64 22
75 53
57 43
67 67
65 35
76 59
58 27
68 53
66 53
77 65
59 55
69 44
67 66
78 23
60 99
70 25
68 92
79 22
61 53
71 39
69 64
80 64
62 10
72 44
70 22
81 77
63 40
71 52
64 52
74 46
65 54
75 77
73 33
66 60
76 43
74 11
67 97
77 93
75 63
68 73
78 100
76 66
69 31
79 50
77 58
70 39
80 57
78 98
71 48
81 48
79 34
72 61
80 35
60
76
1 60 
2 57 38 
1 36 
3 35 5 41 
1 26 
4 27 15 9 40 
2 68 23 
1 21 
2 48 54 
2 73 77 
2 72 20 
2 32 74 
3 33 18 34 
2 4 76 
