81 288 10 100 12
2
3
3
3
3
3
3
3
2
3
4
4
4
4
4
4
4
3
3
4
4
4
4
4
4
4
3
3
4
4
4
4
4
4
4
3
3
4
4
4
4
4
4
4
3
3
4
4
4
4
4
4
4
3
3
4
4
4
4
4
4
4
3
3
4
4
4
4
4
4
4
3
2
3
3
3
3
3
3
3
2
10 96
2 29
11 59
3 27
1 78
12 73
4 80
2 41
13 74
5 10
3 66
14 98
6 60
4 90
15 25
7 16
5 64
16 44
8 27
6 16
17 72
9 43
7 13
18 95
8 92
19 19
1 69
11 50
20 65
2 88
12 77
10 99
21 71
3 27
13 29
11 89
22 32
4 92
14 44
12 58
23 39
5 86
15 91
13 64
24 33
6 97
16 66
14 13
25 94
7 93
17 14
15 94
26 87
8 66
18 22
16 16
27 50
9 78
17 37
28 18
10 29
20 73
29 33
11 56
21 75
19 41
30 57
12 99
22 100
20 92
31 59
13 48
23 87
21 95
32 68
14 61
24 32
22 42
33 18
15 20
25 20
23 61
34 86
16 43
26 17
24 47
35 66
17 32
27 89
25 78
36 18
18 13
26 22
37 45
19 82
29 83
38 27
20 14
30 45
28 57
39 74
21 43
31 96
29 89
40 78
22 41
32 33
30 24
41 67
23 87
33 31
31 57
42 53
24 47
34 16
32 99
43 23
25 15
35 11
33 34
44 57
26 53
36 70
34 73
45 91
27 73
35 38
46 15
28 87
38 20
47 95
29 57
39 48
37 79
48 92
30 48
40 77
38 40
49 63
31 51
41 64
39 53
50 58
32 53
42 93
40 43
51 72
33 83
43 26
41 65
52 43
34 26
44 51
42 94
53 60
35 63
45 85
43 20
54 87
36 56
44 66
55 13
37 52
47 22
56 12
38 84
48 73
46 100
57 22
39 63
49 49
47 100
58 64
40 41
50 62
48 44
59 37
41 80
51 42
49 51
60 53
42 93
52 30
50 60
61 22
43 73
53 44
51 91
62 92
44 67
54 20
52 20
63 16
45 67
53 90
64 69
46 65
56 26
65 30
47 29
57 23
55 18
66 96
48 60
58 41
56 75
67 60
49 15
59 66
57 75
68 92
50 33
60 14
58 90
69 48
51 65
61 64
59 46
70 20
52 94
62 31
60 11
71 68
53 95
63 99
61 49
72 11
54 78
62 66
73 55
55 47
65 27
74 71
56 68
66 60
64 14
75 39
57 77
67 49
65 44
76 63
58 60
68 39
66 92
77 64
59 28
69 36
67 78
78 48
60 37
70 13
68 59
79 55
61 22
71 20
69 97
80 65
62 45
72 25
70 27
81 64
63 86
71 70
64 85
74 34
65 44
75 85
73 97
66 80
76 64
74 70
67 72
77 60
75 94
68 10
78 55
76 25
69 76
79 11
77 91
70 17
80 97
78 93
71 59
81 46
79 35
72 68
80 65
63
54
5 61 52 57 80 63 
3 43 62 46 
2 15 74 
2 32 6 
2 17 69 
4 78 42 64 5 
1 16 
3 26 24 68 
1 79 
1 55 
2 48 47 
2 21 54 
