81 288 10 100 15
2
3
3
3
3
3
3
3
2
3
4
4
4
4
4
4
4
3
3
4
4
4
4
4
4
4
3
3
4
4
4
4
4
4
4
3
3
4
4
4
4
4
4
4
3
3
4
4
4
4
4
4
4
3
3
4
4
4
4
4
4
4
3
3
4
4
4
4
4
4
4
3
2
3
3
3
3
3
3
3
2
10 95
2 29
11 27
3 35
1 81
12 17
4 34
2 39
13 11
5 89
3 98
14 70
6 99
4 37
15 68
7 52
5 65
16 20
8 90
6 78
17 65
9 67
7 23
18 15
8 30
19 87
1 63
11 44
20 41
2 39
12 21
10 51
21 73
3 100
13 72
11 96
22 14
4 58
14 38
12 49
23 39
5 12
15 56
13 42
24 89
6 41
16 30
14 26
25 33
7 69
17 49
15 84
26 36
8 65
18 70
16 86
27 30
9 84
17 82
28 47
10 65
20 73
29 64
11 56
21 66
19 32
30 34
12 68
22 63
20 94
31 10
13 51
23 38
21 17
32 91
14 63
24 39
22 68
33 86
15 11
25 28
23 55
34 52
16 69
26 84
24 43
35 76
17 54
27 46
25 27
36 21
18 83
26 19
37 26
19 44
29 50
38 30
20 90
30 23
28 23
39 94
21 55
31 51
29 11
40 71
22 81
32 26
30 94
41 47
23 42
33 93
31 72
42 81
24 34
34 58
32 77
43 40
25 94
35 27
33 97
44 43
26 70
36 23
34 52
45 94
27 37
35 80
46 92
28 24
38 36
47 26
29 41
39 70
37 91
48 96
30 68
40 60
38 88
49 87
31 19
41 23
39 98
50 14
32 88
42 84
40 82
51 47
33 15
43 55
41 41
52 59
34 68
44 87
42 34
53 43
35 19
45 35
43 25
54 12
36 24
44 64
55 56
37 61
47 67
56 25
38 99
48 70
46 68
57 46
39 65
49 46
47 100
58 43
40 39
50 54
48 80
59 85
41 64
51 39
49 74
60 78
42 57
52 51
50 79
61 17
43 65
53 81
51 63
62 42
44 94
54 25
52 48
63 20
45 21
53 54
64 85
46 97
56 39
65 72
47 48
57 62
55 48
66 62
48 96
58 20
56 15
67 17
49 90
59 22
57 34
68 23
50 52
60 49
58 78
69 27
51 56
61 59
59 34
70 75
52 37
62 85
60 12
71 72
53 58
63 33
61 86
72 97
54 82
62 34
73 62
55 80
65 11
74 51
56 21
66 70
64 45
75 60
57 33
67 26
65 78
76 98
58 62
68 93
66 90
77 43
59 78
69 86
67 74
78 32
60 36
70 30
68 37
79 28
61 59
71 78
69 31
80 55
62 48
72 44
70 55
81 94
63 60
71 37
64 66
74 37
65 82
75 94
73 40
66 19
76 80
74 50
67 55
77 18
75 54
68 29
78 99
76 85
69 48
79 86
77 91
70 15
80 97
78 55
71 59
81 39
79 60
72 95
80 68
46
16
2 39 46 
2 66 78 
3 30 50 53 
1 31 
1 49 
2 8 70 
1 65 
3 26 56 9 
3 25 17 41 
1 18 
1 11 
1 72 
2 37 58 
2 6 80 
3 33 71 16 
