81 288 10 100 14
2
3
3
3
3
3
3
3
2
3
4
4
4
4
4
4
4
3
3
4
4
4
4
4
4
4
3
3
4
4
4
4
4
4
4
3
3
4
4
4
4
4
4
4
3
3
4
4
4
4
4
4
4
3
3
4
4
4
4
4
4
4
3
3
4
4
4
4
4
4
4
3
2
3
3
3
3
3
3
3
2
10 60
2 29
11 96
3 39
1 93
12 78
4 60
2 42
13 87
5 22
3 89
14 100
6 87
4 26
15 85
7 35
5 12
16 48
8 22
6 58
17 65
9 69
7 88
18 90
8 66
19 50
1 51
11 60
20 36
2 48
12 95
10 25
21 93
3 93
13 31
11 53
22 100
4 98
14 57
12 11
23 52
5 67
15 28
13 94
24 52
6 16
16 84
14 71
25 67
7 60
17 13
15 66
26 94
8 91
18 99
16 91
27 32
9 27
17 64
28 53
10 18
20 100
29 71
11 23
21 45
19 54
30 24
12 45
22 26
20 81
31 88
13 35
23 68
21 18
32 68
14 84
24 26
22 21
33 46
15 11
25 51
23 22
34 32
16 22
26 74
24 55
35 79
17 54
27 13
25 55
36 94
18 97
26 43
37 94
19 69
29 41
38 76
20 47
30 81
28 10
39 46
21 58
31 69
29 41
40 26
22 24
32 90
30 78
41 58
23 56
33 93
31 57
42 97
24 60
34 91
32 57
43 100
25 71
35 75
33 75
44 17
26 61
36 14
34 83
45 79
27 90
35 98
46 35
28 68
38 81
47 77
29 43
39 84
37 66
48 25
30 40
40 54
38 56
49 74
31 46
41 66
39 32
50 69
32 85
42 61
40 63
51 74
33 77
43 91
41 58
52 24
34 29
44 13
42 17
53 40
35 19
45 19
43 39
54 92
36 72
44 19
55 86
37 48
47 10
56 28
38 35
48 17
46 10
57 75
39 26
49 34
47 57
58 78
40 92
50 32
48 54
59 57
41 56
51 40
49 88
60 31
42 36
52 84
50 90
61 20
43 73
53 83
51 32
62 13
44 100
54 37
52 49
63 18
45 98
53 27
64 29
46 41
56 16
65 90
47 93
57 65
55 36
66 39
48 92
58 31
56 72
67 54
49 66
59 56
57 96
68 93
50 66
60 77
58 24
69 73
51 72
61 87
59 20
70 51
52 66
62 15
60 83
71 80
53 76
63 92
61 46
72 97
54 79
62 62
73 41
55 88
65 55
74 12
56 70
66 60
64 49
75 95
57 16
67 34
65 63
76 30
58 67
68 52
66 11
77 76
59 18
69 52
67 90
78 16
60 34
70 20
68 22
79 19
61 32
71 79
69 92
80 52
62 57
72 71
70 31
81 89
63 25
71 48
64 61
74 65
65 86
75 20
73 63
66 63
76 29
74 39
67 55
77 84
75 35
68 80
78 55
76 53
69 10
79 20
77 50
70 71
80 21
78 29
71 29
81 78
79 29
72 28
80 25
2
44
1 2 
2 37 65 
3 47 33 17 
2 77 74 
2 8 21 
2 32 51 
2 55 75 
5 69 53 14 50 49 
1 23 
4 40 66 29 52 
1 72 
1 59 
1 38 
1 44 
