81 288 10 100 12
2
3
3
3
3
3
3
3
2
3
4
4
4
4
4
4
4
3
3
4
4
4
4
4
4
4
3
3
4
4
4
4
4
4
4
3
3
4
4
4
4
4
4
4
3
3
4
4
4
4
4
4
4
3
3
4
4
4
4
4
4
4
3
3
4
4
4
4
4
4
4
3
2
3
3
3
3
3
3
3
2
10 13
2 29
11 41
3 78
1 100
12 61
4 16
2 62
13 31
5 63
3 70
14 92
6 93
4 30
15 76
7 25
5 10
16 41
8 91
6 68
17 89
9 38
7 95
18 62
8 13
19 56
1 22
11 42
20 25
2 95
12 85
10 46
21 22
3 15
13 26
11 60
22 42
4 79
14 80
12 38
23 58
5 85
15 49
13 80
24 39
6 62
16 71
14 11
25 85
7 77
17 95
15 91
26 79
8 82
18 28
16 67
27 57
9 97
17 30
28 38
10 45
20 21
29 78
11 19
21 28
19 97
30 42
12 82
22 82
20 97
31 94
13 100
23 43
21 59
32 46
14 34
24 86
22 50
33 11
15 13
25 88
23 64
34 88
16 51
26 92
24 87
35 27
17 71
27 65
25 78
36 48
18 17
26 82
37 60
19 70
29 83
38 18
20 36
30 59
28 58
39 10
21 28
31 12
29 24
40 62
22 40
32 11
30 35
41 27
23 27
33 100
31 72
42 24
24 31
34 17
32 41
43 89
25 12
35 79
33 64
44 76
26 91
36 15
34 50
45 74
27 55
35 88
46 19
28 28
38 44
47 76
29 22
39 15
37 95
48 67
30 93
40 89
38 39
49 16
31 43
41 22
39 58
50 79
32 80
42 24
40 55
51 47
33 62
43 39
41 88
52 41
34 45
44 29
42 53
53 25
35 76
45 74
43 89
54 79
36 89
44 98
55 83
37 39
47 70
56 90
38 89
48 61
46 91
57 56
39 51
49 26
47 88
58 17
40 94
50 16
48 100
59 11
41 70
51 39
49 42
60 60
42 49
52 14
50 48
61 17
43 20
53 72
51 77
62 62
44 63
54 67
52 41
63 19
45 36
53 47
64 26
46 11
56 87
65 80
47 77
57 97
55 44
66 54
48 88
58 91
56 61
67 87
49 32
59 47
57 51
68 91
50 67
60 56
58 72
69 66
51 31
61 76
59 86
70 22
52 44
62 66
60 85
71 46
53 86
63 57
61 87
72 53
54 82
62 80
73 88
55 47
65 73
74 20
56 66
66 93
64 14
75 46
57 25
67 30
65 73
76 38
58 60
68 67
66 65
77 85
59 81
69 36
67 94
78 17
60 82
70 28
68 69
79 14
61 79
71 64
69 77
80 13
62 22
72 78
70 31
81 19
63 30
71 88
64 95
74 29
65 26
75 65
73 49
66 46
76 89
74 58
67 82
77 80
75 46
68 57
78 100
76 55
69 42
79 38
77 11
70 24
80 48
78 48
71 66
81 99
79 85
72 59
80 79
41
18
1 41 
2 27 74 
1 47 
4 14 60 32 76 
2 9 1 
2 64 38 
4 35 52 7 10 
1 75 
5 5 79 62 78 56 
2 21 81 
1 26 
3 4 63 18 
