81 288 11 100 14
2
3
3
3
3
3
3
3
2
3
4
4
4
4
4
4
4
3
3
4
4
4
4
4
4
4
3
3
4
4
4
4
4
4
4
3
3
4
4
4
4
4
4
4
3
3
4
4
4
4
4
4
4
3
3
4
4
4
4
4
4
4
3
3
4
4
4
4
4
4
4
3
2
3
3
3
3
3
3
3
2
10 96
2 29
11 14
3 57
1 69
12 85
4 77
2 89
13 60
5 85
3 78
14 58
6 38
4 66
15 39
7 17
5 71
16 99
8 14
6 31
17 99
9 62
7 19
18 83
8 72
19 51
1 25
11 74
20 38
2 79
12 77
10 50
21 34
3 56
13 34
11 90
22 19
4 62
14 75
12 77
23 27
5 85
15 70
13 49
24 81
6 75
16 22
14 69
25 27
7 100
17 11
15 24
26 13
8 83
18 78
16 22
27 49
9 41
17 13
28 15
10 47
20 50
29 82
11 65
21 90
19 27
30 66
12 55
22 96
20 64
31 39
13 14
23 39
21 39
32 69
14 73
24 16
22 35
33 43
15 87
25 53
23 56
34 88
16 35
26 25
24 66
35 98
17 42
27 80
25 20
36 26
18 42
26 29
37 77
19 94
29 25
38 58
20 96
30 44
28 74
39 95
21 35
31 29
29 59
40 85
22 89
32 84
30 69
41 89
23 55
33 49
31 56
42 71
24 79
34 67
32 86
43 78
25 20
35 36
33 91
44 94
26 28
36 68
34 97
45 14
27 70
35 51
46 19
28 40
38 38
47 50
29 69
39 45
37 47
48 15
30 73
40 65
38 80
49 45
31 84
41 68
39 92
50 40
32 41
42 59
40 47
51 77
33 69
43 98
41 49
52 41
34 80
44 93
42 82
53 55
35 44
45 57
43 21
54 54
36 50
44 85
55 15
37 88
47 83
56 97
38 97
48 69
46 57
57 17
39 17
49 58
47 37
58 54
40 33
50 78
48 23
59 42
41 20
51 39
49 99
60 45
42 86
52 29
50 89
61 17
43 73
53 50
51 35
62 76
44 13
54 63
52 92
63 20
45 99
53 68
64 14
46 98
56 92
65 43
47 98
57 37
55 63
66 91
48 49
58 62
56 68
67 89
49 50
59 87
57 82
68 50
50 70
60 35
58 62
69 18
51 37
61 77
59 73
70 97
52 23
62 37
60 100
71 53
53 93
63 37
61 41
72 90
54 82
62 57
73 67
55 14
65 52
74 15
56 74
66 14
64 55
75 88
57 62
67 12
65 92
76 27
58 77
68 28
66 71
77 95
59 94
69 77
67 62
78 15
60 29
70 30
68 12
79 11
61 93
71 76
69 84
80 33
62 28
72 50
70 81
81 81
63 25
71 15
64 71
74 20
65 58
75 14
73 11
66 84
76 66
74 82
67 75
77 74
75 83
68 95
78 54
76 49
69 47
79 32
77 78
70 16
80 43
78 69
71 75
81 79
79 65
72 58
80 55
32
30
1 32 
2 15 9 
3 43 80 53 
4 17 16 49 54 
1 69 
4 40 4 38 79 
1 2 
1 62 
1 18 
3 76 8 3 
1 68 
3 46 57 50 
2 42 33 
1 30 
