81 288 10 100 12
2
3
3
3
3
3
3
3
2
3
4
4
4
4
4
4
4
3
3
4
4
4
4
4
4
4
3
3
4
4
4
4
4
4
4
3
3
4
4
4
4
4
4
4
3
3
4
4
4
4
4
4
4
3
3
4
4
4
4
4
4
4
3
3
4
4
4
4
4
4
4
3
2
3
3
3
3
3
3
3
2
10 67
2 29
11 78
3 90
1 23
12 66
4 88
2 63
13 43
5 75
3 93
14 94
6 29
4 57
15 45
7 43
5 49
16 45
8 86
6 19
17 82
9 64
7 79
18 57
8 78
19 87
1 95
11 52
20 87
2 55
12 12
10 63
21 44
3 81
13 28
11 24
22 19
4 85
14 92
12 82
23 72
5 66
15 77
13 19
24 58
6 71
16 90
14 70
25 58
7 43
17 93
15 63
26 86
8 15
18 14
16 51
27 38
9 46
17 57
28 74
10 34
20 48
29 24
11 77
21 89
19 18
30 10
12 28
22 98
20 85
31 31
13 86
23 23
21 73
32 46
14 58
24 79
22 29
33 39
15 94
25 28
23 26
34 34
16 30
26 59
24 94
35 40
17 94
27 80
25 55
36 32
18 10
26 12
37 18
19 57
29 41
38 67
20 69
30 95
28 10
39 73
21 43
31 76
29 66
40 10
22 23
32 68
30 89
41 17
23 88
33 71
31 71
42 68
24 44
34 92
32 91
43 74
25 68
35 53
33 14
44 36
26 100
36 50
34 60
45 61
27 72
35 57
46 38
28 10
38 14
47 58
29 100
39 51
37 82
48 91
30 85
40 66
38 55
49 27
31 38
41 24
39 37
50 91
32 21
42 83
40 75
51 49
33 56
43 13
41 82
52 22
34 48
44 82
42 66
53 97
35 32
45 100
43 16
54 84
36 14
44 52
55 65
37 35
47 58
56 14
38 39
48 96
46 91
57 17
39 15
49 12
47 45
58 31
40 54
50 77
48 19
59 31
41 46
51 38
49 79
60 39
42 83
52 69
50 78
61 15
43 20
53 19
51 18
62 74
44 96
54 84
52 70
63 21
45 67
53 75
64 77
46 79
56 77
65 49
47 51
57 48
55 62
66 88
48 29
58 81
56 58
67 80
49 83
59 37
57 72
68 93
50 99
60 27
58 98
69 91
51 38
61 99
59 60
70 53
52 16
62 51
60 66
71 59
53 67
63 51
61 84
72 48
54 84
62 77
73 75
55 89
65 10
74 53
56 68
66 93
64 48
75 10
57 56
67 15
65 92
76 97
58 67
68 81
66 75
77 98
59 71
69 53
67 15
78 77
60 79
70 35
68 31
79 69
61 89
71 31
69 72
80 91
62 34
72 34
70 34
81 44
63 60
71 66
64 71
74 60
65 68
75 91
73 14
66 29
76 53
74 26
67 65
77 13
75 78
68 36
78 99
76 83
69 66
79 47
77 60
70 78
80 63
78 75
71 37
81 40
79 78
72 19
80 38
61
9
2 57 61 
1 11 
3 25 24 71 
3 45 26 62 
2 73 33 
1 3 
1 69 
4 56 67 76 55 
2 31 80 
3 34 14 75 
2 79 47 
4 23 35 63 9 
