81 288 10 100 15
2
3
3
3
3
3
3
3
2
3
4
4
4
4
4
4
4
3
3
4
4
4
4
4
4
4
3
3
4
4
4
4
4
4
4
3
3
4
4
4
4
4
4
4
3
3
4
4
4
4
4
4
4
3
3
4
4
4
4
4
4
4
3
3
4
4
4
4
4
4
4
3
2
3
3
3
3
3
3
3
2
10 84
2 29
11 71
3 31
1 83
12 75
4 13
2 11
13 48
5 44
3 43
14 99
6 99
4 39
15 75
7 23
5 16
16 46
8 86
6 30
17 70
9 82
7 38
18 94
8 23
19 29
1 93
11 83
20 86
2 45
12 83
10 13
21 18
3 19
13 60
11 47
22 85
4 64
14 18
12 12
23 43
5 49
15 70
13 14
24 100
6 100
16 41
14 32
25 54
7 22
17 44
15 24
26 89
8 14
18 48
16 71
27 75
9 61
17 46
28 90
10 86
20 82
29 76
11 76
21 65
19 76
30 76
12 20
22 15
20 58
31 99
13 74
23 81
21 100
32 68
14 68
24 30
22 35
33 88
15 47
25 91
23 48
34 68
16 36
26 36
24 50
35 71
17 40
27 94
25 40
36 74
18 71
26 29
37 92
19 47
29 99
38 74
20 55
30 57
28 11
39 65
21 17
31 87
29 73
40 61
22 65
32 22
30 42
41 94
23 77
33 22
31 87
42 37
24 51
34 41
32 24
43 79
25 64
35 32
33 78
44 14
26 25
36 81
34 76
45 87
27 79
35 88
46 52
28 50
38 10
47 89
29 22
39 60
37 75
48 100
30 15
40 39
38 15
49 37
31 80
41 65
39 16
50 31
32 64
42 22
40 50
51 12
33 20
43 48
41 93
52 98
34 27
44 99
42 69
53 53
35 49
45 93
43 57
54 28
36 31
44 80
55 68
37 21
47 79
56 78
38 98
48 85
46 100
57 70
39 81
49 44
47 55
58 69
40 88
50 52
48 47
59 14
41 72
51 41
49 33
60 46
42 44
52 18
50 70
61 21
43 12
53 27
51 41
62 96
44 78
54 86
52 30
63 17
45 77
53 69
64 86
46 57
56 53
65 80
47 81
57 37
55 85
66 47
48 71
58 68
56 13
67 28
49 63
59 93
57 52
68 62
50 74
60 35
58 37
69 26
51 37
61 11
59 98
70 31
52 24
62 56
60 35
71 42
53 89
63 66
61 48
72 70
54 78
62 65
73 20
55 30
65 67
74 82
56 99
66 60
64 26
75 88
57 27
67 75
65 20
76 82
58 32
68 13
66 65
77 98
59 85
69 11
67 82
78 98
60 97
70 15
68 77
79 13
61 26
71 40
69 35
80 61
62 19
72 71
70 89
81 73
63 96
71 63
64 46
74 74
65 58
75 93
73 56
66 14
76 83
74 90
67 97
77 68
75 44
68 33
78 55
76 35
69 84
79 75
77 17
70 96
80 72
78 72
71 18
81 87
79 94
72 85
80 82
16
24
2 56 16 
2 54 27 
1 1 
1 3 
2 64 80 
1 22 
2 47 38 
3 43 46 63 
2 9 35 
3 68 19 31 
2 79 5 
1 66 
2 58 18 
2 26 49 
2 11 24 
