81 288 10 100 15
2
3
3
3
3
3
3
3
2
3
4
4
4
4
4
4
4
3
3
4
4
4
4
4
4
4
3
3
4
4
4
4
4
4
4
3
3
4
4
4
4
4
4
4
3
3
4
4
4
4
4
4
4
3
3
4
4
4
4
4
4
4
3
3
4
4
4
4
4
4
4
3
2
3
3
3
3
3
3
3
2
10 39
2 29
11 94
3 92
1 78
12 35
4 11
2 80
13 41
5 82
3 95
14 79
6 43
4 72
15 37
7 69
5 20
16 27
8 79
6 83
17 38
9 46
7 41
18 42
8 13
19 91
1 26
11 96
20 72
2 40
12 38
10 34
21 90
3 79
13 17
11 47
22 33
4 49
14 79
12 67
23 37
5 49
15 14
13 97
24 78
6 89
16 20
14 15
25 66
7 70
17 88
15 80
26 52
8 22
18 76
16 74
27 29
9 88
17 34
28 44
10 95
20 70
29 100
11 80
21 73
19 23
30 35
12 44
22 13
20 44
31 43
13 11
23 56
21 72
32 23
14 29
24 67
22 31
33 10
15 35
25 62
23 91
34 69
16 32
26 85
24 13
35 41
17 44
27 89
25 57
36 32
18 40
26 78
37 17
19 99
29 25
38 44
20 51
30 56
28 20
39 30
21 59
31 99
29 12
40 19
22 90
32 93
30 65
41 14
23 61
33 76
31 87
42 46
24 67
34 66
32 18
43 16
25 21
35 45
33 61
44 32
26 13
36 35
34 88
45 94
27 77
35 49
46 54
28 27
38 64
47 21
29 28
39 59
37 59
48 62
30 73
40 79
38 80
49 27
31 50
41 67
39 35
50 68
32 12
42 50
40 97
51 15
33 59
43 38
41 40
52 96
34 54
44 29
42 62
53 51
35 39
45 79
43 12
54 57
36 74
44 90
55 23
37 38
47 64
56 29
38 59
48 37
46 79
57 22
39 58
49 48
47 24
58 18
40 84
50 60
48 37
59 16
41 42
51 40
49 11
60 41
42 86
52 17
50 39
61 19
43 58
53 75
51 58
62 88
44 51
54 62
52 66
63 18
45 93
53 12
64 13
46 28
56 86
65 41
47 24
57 44
55 16
66 90
48 20
58 79
56 55
67 42
49 80
59 58
57 55
68 87
50 93
60 91
58 69
69 11
51 68
61 17
59 21
70 23
52 79
62 59
60 34
71 80
53 42
63 35
61 44
72 19
54 81
62 15
73 71
55 14
65 34
74 54
56 56
66 37
64 92
75 67
57 65
67 56
65 44
76 19
58 40
68 53
66 100
77 69
59 73
69 77
67 74
78 81
60 47
70 24
68 99
79 82
61 16
71 22
69 74
80 90
62 56
72 83
70 25
81 81
63 65
71 81
64 85
74 22
65 65
75 58
73 12
66 61
76 38
74 50
67 53
77 29
75 84
68 76
78 54
76 92
69 24
79 40
77 55
70 50
80 45
78 14
71 72
81 58
79 63
72 80
80 31
41
12
2 74 41 
1 49 
2 6 30 
3 54 78 25 
1 80 
2 70 17 
3 42 72 69 
1 59 
5 20 76 35 26 43 
1 40 
1 11 
2 81 16 
1 9 
2 47 48 
1 12 
