81 288 10 100 14
2
3
3
3
3
3
3
3
2
3
4
4
4
4
4
4
4
3
3
4
4
4
4
4
4
4
3
3
4
4
4
4
4
4
4
3
3
4
4
4
4
4
4
4
3
3
4
4
4
4
4
4
4
3
3
4
4
4
4
4
4
4
3
3
4
4
4
4
4
4
4
3
2
3
3
3
3
3
3
3
2
10 67
2 29
11 31
3 59
1 33
12 54
4 91
2 15
13 58
5 91
3 81
14 43
6 51
4 81
15 31
7 42
5 42
16 81
8 99
6 95
17 55
9 45
7 72
18 69
8 98
19 55
1 47
11 27
20 23
2 64
12 12
10 21
21 81
3 53
13 23
11 23
22 32
4 25
14 62
12 63
23 83
5 67
15 98
13 35
24 10
6 93
16 43
14 14
25 34
7 36
17 97
15 42
26 69
8 90
18 49
16 45
27 39
9 83
17 81
28 76
10 16
20 71
29 66
11 68
21 74
19 32
30 92
12 71
22 11
20 22
31 51
13 30
23 72
21 38
32 45
14 45
24 95
22 36
33 14
15 28
25 87
23 30
34 32
16 37
26 51
24 76
35 99
17 84
27 89
25 22
36 25
18 72
26 95
37 76
19 45
29 99
38 36
20 78
30 96
28 84
39 52
21 51
31 52
29 96
40 94
22 65
32 18
30 44
41 86
23 28
33 54
31 72
42 50
24 12
34 41
32 13
43 20
25 63
35 28
33 47
44 90
26 33
36 52
34 35
45 47
27 75
35 44
46 35
28 57
38 87
47 12
29 88
39 53
37 23
48 77
30 61
40 78
38 14
49 45
31 96
41 20
39 90
50 17
32 33
42 26
40 70
51 43
33 71
43 32
41 98
52 24
34 85
44 40
42 78
53 10
35 51
45 37
43 16
54 26
36 19
44 32
55 63
37 91
47 89
56 21
38 26
48 100
46 44
57 22
39 60
49 94
47 17
58 41
40 62
50 61
48 40
59 27
41 16
51 41
49 31
60 47
42 90
52 69
50 49
61 20
43 20
53 14
51 75
62 90
44 59
54 41
52 88
63 17
45 35
53 97
64 41
46 46
56 11
65 35
47 72
57 33
55 17
66 93
48 40
58 60
56 65
67 51
49 48
59 16
57 65
68 44
50 63
60 98
58 34
69 30
51 67
61 86
59 33
70 67
52 87
62 45
60 68
71 74
53 69
63 22
61 92
72 60
54 79
62 86
73 63
55 30
65 76
74 17
56 62
66 48
64 99
75 53
57 71
67 53
65 44
76 41
58 50
68 91
66 96
77 66
59 96
69 11
67 31
78 19
60 88
70 18
68 79
79 23
61 19
71 67
69 85
80 32
62 51
72 100
70 72
81 27
63 30
71 30
64 85
74 73
65 54
75 71
73 100
66 25
76 51
74 15
67 62
77 90
75 89
68 43
78 100
76 59
69 96
79 26
77 73
70 79
80 26
78 99
71 20
81 97
79 49
72 29
80 48
12
33
1 12 
3 47 15 48 
1 11 
2 49 17 
1 36 
3 79 53 10 
2 76 2 
3 29 61 65 
1 62 
1 51 
2 42 32 
2 34 43 
4 52 13 80 71 
2 50 33 
