81 288 10 100 12
2
3
3
3
3
3
3
3
2
3
4
4
4
4
4
4
4
3
3
4
4
4
4
4
4
4
3
3
4
4
4
4
4
4
4
3
3
4
4
4
4
4
4
4
3
3
4
4
4
4
4
4
4
3
3
4
4
4
4
4
4
4
3
3
4
4
4
4
4
4
4
3
2
3
3
3
3
3
3
3
2
10 19
2 29
11 80
3 75
1 52
12 60
4 95
2 77
13 44
5 46
3 81
14 46
6 27
4 56
15 50
7 67
5 34
16 86
8 61
6 61
17 45
9 19
7 82
18 62
8 94
19 96
1 55
11 71
20 15
2 71
12 36
10 44
21 49
3 20
13 56
11 35
22 62
4 94
14 48
12 61
23 11
5 12
15 14
13 15
24 96
6 15
16 37
14 92
25 59
7 22
17 34
15 35
26 78
8 62
18 61
16 85
27 45
9 15
17 26
28 93
10 62
20 17
29 56
11 55
21 34
19 80
30 78
12 30
22 33
20 68
31 28
13 42
23 46
21 57
32 46
14 76
24 87
22 99
33 21
15 45
25 98
23 71
34 51
16 100
26 37
24 86
35 25
17 22
27 18
25 51
36 65
18 33
26 32
37 82
19 88
29 74
38 40
20 61
30 53
28 81
39 14
21 41
31 17
29 32
40 25
22 73
32 63
30 26
41 13
23 78
33 14
31 11
42 78
24 29
34 50
32 79
43 61
25 78
35 23
33 42
44 97
26 14
36 100
34 48
45 31
27 98
35 63
46 91
28 92
38 49
47 79
29 39
39 100
37 97
48 18
30 19
40 17
38 97
49 29
31 29
41 22
39 31
50 93
32 75
42 14
40 97
51 77
33 93
43 28
41 29
52 59
34 90
44 50
42 66
53 74
35 83
45 70
43 71
54 63
36 10
44 91
55 10
37 55
47 42
56 11
38 82
48 56
46 45
57 32
39 42
49 74
47 19
58 60
40 70
50 21
48 53
59 23
41 74
51 39
49 51
60 18
42 74
52 20
50 89
61 18
43 50
53 35
51 57
62 15
44 12
54 33
52 36
63 19
45 76
53 12
64 18
46 15
56 28
65 55
47 97
57 90
55 10
66 78
48 83
58 77
56 92
67 12
49 54
59 34
57 63
68 15
50 46
60 91
58 98
69 32
51 45
61 57
59 60
70 17
52 79
62 54
60 73
71 60
53 43
63 74
61 88
72 23
54 82
62 81
73 15
55 55
65 53
74 60
56 96
66 48
64 53
75 67
57 51
67 63
65 39
76 28
58 29
68 80
66 78
77 22
59 52
69 94
67 46
78 38
60 53
70 27
68 60
79 36
61 32
71 54
69 18
80 15
62 35
72 10
70 46
81 61
63 70
71 92
64 23
74 54
65 19
75 15
73 24
66 33
76 34
74 94
67 70
77 31
75 71
68 45
78 100
76 96
69 37
79 98
77 48
70 30
80 15
78 13
71 41
81 79
79 10
72 96
80 25
65
74
2 18 65 
3 49 25 43 
3 57 22 41 
3 71 17 78 
3 64 23 76 
3 63 32 69 
1 81 
3 38 31 35 
2 24 36 
2 34 13 
1 7 
2 40 74 
