81 288 10 100 15
2
3
3
3
3
3
3
3
2
3
4
4
4
4
4
4
4
3
3
4
4
4
4
4
4
4
3
3
4
4
4
4
4
4
4
3
3
4
4
4
4
4
4
4
3
3
4
4
4
4
4
4
4
3
3
4
4
4
4
4
4
4
3
3
4
4
4
4
4
4
4
3
2
3
3
3
3
3
3
3
2
10 23
2 29
11 42
3 51
1 16
12 82
4 41
2 43
13 99
5 33
3 21
14 12
6 24
4 53
15 54
7 54
5 52
16 52
8 17
6 10
17 57
9 95
7 73
18 86
8 40
19 81
1 34
11 69
20 98
2 99
12 23
10 41
21 23
3 68
13 33
11 17
22 76
4 13
14 69
12 55
23 66
5 49
15 56
13 33
24 71
6 25
16 12
14 39
25 40
7 26
17 12
15 38
26 100
8 25
18 85
16 75
27 13
9 67
17 90
28 89
10 98
20 36
29 17
11 82
21 15
19 67
30 82
12 82
22 43
20 69
31 25
13 21
23 48
21 32
32 69
14 16
24 19
22 91
33 75
15 92
25 83
23 75
34 69
16 91
26 41
24 62
35 92
17 76
27 27
25 32
36 79
18 91
26 64
37 53
19 55
29 91
38 34
20 79
30 26
28 53
39 18
21 73
31 43
29 83
40 65
22 98
32 56
30 42
41 48
23 25
33 63
31 57
42 49
24 73
34 75
32 16
43 86
25 37
35 49
33 25
44 68
26 70
36 50
34 93
45 66
27 16
35 67
46 55
28 49
38 52
47 59
29 30
39 28
37 53
48 49
30 31
40 31
38 72
49 85
31 41
41 68
39 11
50 80
32 25
42 29
40 83
51 76
33 71
43 65
41 52
52 96
34 32
44 66
42 30
53 20
35 66
45 44
43 57
54 97
36 88
44 63
55 69
37 44
47 89
56 43
38 76
48 51
46 11
57 37
39 81
49 19
47 13
58 92
40 52
50 93
48 63
59 78
41 32
51 39
49 35
60 10
42 70
52 48
50 28
61 18
43 73
53 30
51 64
62 25
44 42
54 54
52 78
63 19
45 38
53 54
64 80
46 18
56 97
65 59
47 66
57 16
55 54
66 74
48 33
58 22
56 69
67 47
49 25
59 46
57 26
68 95
50 99
60 49
58 49
69 97
51 79
61 20
59 86
70 82
52 37
62 90
60 64
71 92
53 57
63 86
61 43
72 92
54 81
62 59
73 28
55 39
65 83
74 45
56 73
66 59
64 83
75 60
57 47
67 19
65 82
76 89
58 74
68 66
66 20
77 89
59 99
69 69
67 11
78 76
60 30
70 26
68 76
79 74
61 42
71 47
69 87
80 39
62 68
72 27
70 34
81 23
63 55
71 26
64 37
74 96
65 37
75 46
73 28
66 47
76 84
74 98
67 38
77 16
75 67
68 59
78 54
76 81
69 34
79 28
77 99
70 35
80 36
78 55
71 90
81 18
79 22
72 79
80 75
22
35
2 60 22 
2 42 1 
2 21 41 
1 61 
1 53 
1 15 
4 71 51 80 55 
2 3 31 
1 47 
1 46 
3 4 37 16 
3 7 78 58 
1 34 
3 8 33 18 
1 35 
