81 288 10 100 13
2
3
3
3
3
3
3
3
2
3
4
4
4
4
4
4
4
3
3
4
4
4
4
4
4
4
3
3
4
4
4
4
4
4
4
3
3
4
4
4
4
4
4
4
3
3
4
4
4
4
4
4
4
3
3
4
4
4
4
4
4
4
3
3
4
4
4
4
4
4
4
3
2
3
3
3
3
3
3
3
2
10 95
2 29
11 72
3 95
1 90
12 96
4 37
2 83
13 26
5 14
3 86
14 19
6 30
4 61
15 54
7 51
5 58
16 56
8 11
6 63
17 38
9 48
7 16
18 27
8 50
19 54
1 15
11 20
20 68
2 49
12 21
10 100
21 19
3 72
13 67
11 95
22 28
4 89
14 98
12 30
23 51
5 13
15 77
13 58
24 41
6 64
16 74
14 61
25 100
7 62
17 52
15 63
26 19
8 48
18 14
16 79
27 31
9 31
17 16
28 50
10 47
20 96
29 15
11 47
21 51
19 46
30 25
12 21
22 67
20 31
31 30
13 86
23 87
21 73
32 91
14 50
24 55
22 75
33 61
15 35
25 86
23 59
34 49
16 76
26 76
24 25
35 44
17 45
27 56
25 85
36 14
18 54
26 11
37 85
19 32
29 17
38 90
20 99
30 24
28 97
39 73
21 62
31 27
29 42
40 64
22 32
32 66
30 49
41 25
23 74
33 76
31 72
42 62
24 93
34 99
32 89
43 76
25 89
35 93
33 39
44 97
26 95
36 26
34 28
45 79
27 40
35 67
46 88
28 71
38 18
47 71
29 29
39 72
37 33
48 81
30 44
40 73
38 48
49 14
31 77
41 19
39 60
50 32
32 100
42 27
40 78
51 42
33 30
43 75
41 57
52 61
34 14
44 46
42 46
53 48
35 39
45 63
43 25
54 45
36 30
44 45
55 54
37 25
47 98
56 32
38 86
48 74
46 21
57 51
39 19
49 37
47 72
58 53
40 47
50 38
48 10
59 80
41 34
51 42
49 26
60 86
42 64
52 51
50 50
61 22
43 65
53 76
51 28
62 58
44 57
54 74
52 67
63 16
45 80
53 76
64 48
46 64
56 64
65 59
47 70
57 47
55 95
66 67
48 16
58 89
56 21
67 79
49 55
59 92
57 27
68 66
50 16
60 28
58 15
69 57
51 84
61 46
59 98
70 90
52 17
62 79
60 14
71 88
53 60
63 95
61 95
72 19
54 78
62 43
73 50
55 22
65 77
74 15
56 15
66 26
64 96
75 11
57 48
67 64
65 30
76 42
58 45
68 13
66 20
77 11
59 12
69 44
67 90
78 65
60 45
70 13
68 84
79 73
61 80
71 23
69 44
80 88
62 65
72 19
70 92
81 77
63 30
71 92
64 80
74 50
65 68
75 74
73 35
66 15
76 78
74 39
67 52
77 95
75 65
68 36
78 10
76 61
69 77
79 65
77 14
70 15
80 60
78 79
71 42
81 97
79 31
72 14
80 79
78
40
2 68 78 
1 34 
1 74 
2 31 65 
3 45 6 49 
1 79 
2 17 77 
3 16 38 15 
3 30 7 21 
2 54 71 
4 46 35 64 70 
3 59 66 4 
1 40 
