81 288 11 100 15
2
3
3
3
3
3
3
3
2
3
4
4
4
4
4
4
4
3
3
4
4
4
4
4
4
4
3
3
4
4
4
4
4
4
4
3
3
4
4
4
4
4
4
4
3
3
4
4
4
4
4
4
4
3
3
4
4
4
4
4
4
4
3
3
4
4
4
4
4
4
4
3
2
3
3
3
3
3
3
3
2
10 45
2 29
11 43
3 90
1 30
12 34
4 90
2 95
13 54
5 64
3 15
14 33
6 68
4 98
15 12
7 20
5 44
16 72
8 50
6 76
17 84
9 27
7 29
18 43
8 93
19 40
1 59
11 33
20 62
2 16
12 80
10 32
21 26
3 83
13 47
11 23
22 52
4 63
14 47
12 90
23 81
5 67
15 70
13 31
24 45
6 42
16 77
14 96
25 40
7 15
17 28
15 24
26 51
8 94
18 18
16 92
27 16
9 97
17 29
28 98
10 21
20 66
29 79
11 25
21 78
19 97
30 71
12 83
22 56
20 15
31 69
13 44
23 60
21 70
32 23
14 71
24 69
22 80
33 20
15 67
25 72
23 98
34 32
16 81
26 30
24 12
35 39
17 86
27 41
25 30
36 50
18 57
26 29
37 39
19 25
29 17
38 66
20 75
30 50
28 43
39 34
21 72
31 13
29 21
40 73
22 32
32 53
30 55
41 92
23 20
33 81
31 26
42 100
24 65
34 99
32 55
43 79
25 87
35 80
33 39
44 54
26 27
36 29
34 87
45 51
27 29
35 24
46 35
28 90
38 69
47 24
29 45
39 53
37 61
48 12
30 89
40 98
38 47
49 41
31 36
41 67
39 99
50 81
32 98
42 40
40 49
51 45
33 90
43 27
41 71
52 24
34 99
44 50
42 75
53 100
35 46
45 75
43 84
54 41
36 86
44 83
55 41
37 54
47 36
56 42
38 52
48 31
46 33
57 89
39 49
49 96
47 46
58 61
40 60
50 65
48 80
59 28
41 46
51 40
49 20
60 91
42 20
52 24
50 79
61 19
43 88
53 38
51 38
62 40
44 91
54 29
52 61
63 18
45 43
53 68
64 96
46 32
56 27
65 16
47 44
57 37
55 74
66 23
48 14
58 65
56 86
67 59
49 11
59 44
57 67
68 11
50 72
60 35
58 95
69 68
51 82
61 89
59 85
70 18
52 24
62 46
60 22
71 93
53 91
63 52
61 45
72 80
54 80
62 15
73 89
55 22
65 14
74 94
56 86
66 82
64 40
75 88
57 90
67 89
65 11
76 100
58 100
68 66
66 22
77 97
59 44
69 44
67 27
78 11
60 17
70 22
68 90
79 12
61 59
71 12
69 14
80 92
62 69
72 15
70 40
81 32
63 15
71 85
64 13
74 47
65 58
75 99
73 79
66 49
76 74
74 86
67 40
77 71
75 18
68 64
78 55
76 42
69 20
79 99
77 93
70 56
80 12
78 70
71 47
81 38
79 79
72 26
80 68
65
67
1 65 
1 17 
2 56 26 
3 21 16 28 
2 35 75 
2 18 49 
1 58 
1 20 
2 14 25 
1 55 
2 10 77 
3 9 62 15 
3 31 40 64 
1 6 
3 32 39 67 
