81 288 10 100 14
2
3
3
3
3
3
3
3
2
3
4
4
4
4
4
4
4
3
3
4
4
4
4
4
4
4
3
3
4
4
4
4
4
4
4
3
3
4
4
4
4
4
4
4
3
3
4
4
4
4
4
4
4
3
3
4
4
4
4
4
4
4
3
3
4
4
4
4
4
4
4
3
2
3
3
3
3
3
3
3
2
10 14
2 29
11 73
3 69
1 98
12 26
4 62
2 64
13 94
5 75
3 37
14 29
6 53
4 84
15 33
7 80
5 100
16 66
8 28
6 96
17 97
9 14
7 85
18 51
8 76
19 79
1 27
11 47
20 50
2 53
12 50
10 95
21 21
3 34
13 74
11 53
22 61
4 22
14 87
12 48
23 58
5 68
15 84
13 11
24 73
6 27
16 15
14 89
25 55
7 11
17 60
15 10
26 40
8 83
18 71
16 88
27 78
9 91
17 76
28 100
10 100
20 20
29 46
11 19
21 38
19 15
30 65
12 21
22 28
20 95
31 52
13 97
23 92
21 46
32 22
14 32
24 79
22 24
33 34
15 23
25 80
23 70
34 31
16 25
26 25
24 91
35 18
17 49
27 17
25 38
36 45
18 37
26 85
37 78
19 17
29 25
38 15
20 51
30 81
28 92
39 81
21 16
31 57
29 11
40 68
22 90
32 19
30 56
41 47
23 72
33 39
31 57
42 87
24 44
34 66
32 64
43 73
25 23
35 63
33 92
44 90
26 73
36 61
34 70
45 72
27 92
35 46
46 33
28 92
38 27
47 54
29 37
39 85
37 83
48 63
30 73
40 15
38 81
49 83
31 75
41 64
39 13
50 32
32 45
42 33
40 15
51 71
33 39
43 10
41 21
52 25
34 93
44 83
42 23
53 42
35 29
45 33
43 84
54 63
36 29
44 100
55 40
37 30
47 25
56 76
38 74
48 64
46 32
57 32
39 49
49 30
47 88
58 38
40 96
50 24
48 64
59 55
41 86
51 42
49 19
60 35
42 85
52 85
50 30
61 22
43 28
53 34
51 15
62 20
44 36
54 61
52 13
63 16
45 82
53 83
64 11
46 71
56 74
65 37
47 59
57 58
55 13
66 87
48 52
58 20
56 30
67 39
49 48
59 91
57 93
68 69
50 48
60 21
58 83
69 88
51 40
61 81
59 98
70 58
52 10
62 12
60 84
71 42
53 31
63 32
61 50
72 58
54 77
62 22
73 81
55 14
65 88
74 40
56 22
66 83
64 74
75 26
57 70
67 53
65 40
76 93
58 58
68 12
66 67
77 15
59 30
69 77
67 98
78 33
60 84
70 12
68 91
79 42
61 43
71 96
69 53
80 23
62 20
72 59
70 95
81 81
63 55
71 30
64 22
74 26
65 79
75 55
73 15
66 16
76 73
74 78
67 99
77 31
75 86
68 38
78 55
76 87
69 70
79 55
77 11
70 26
80 48
78 86
71 66
81 15
79 59
72 33
80 75
58
56
2 19 58 
3 30 53 42 
1 69 
2 37 49 
1 20 
2 27 54 
2 22 38 
2 32 52 
3 26 68 11 
3 73 45 36 
1 65 
3 41 76 25 
1 46 
2 21 56 
