100 360 10 100 17
2
3
3
3
3
3
3
3
3
2
3
4
4
4
4
4
4
4
4
3
3
4
4
4
4
4
4
4
4
3
3
4
4
4
4
4
4
4
4
3
3
4
4
4
4
4
4
4
4
3
3
4
4
4
4
4
4
4
4
3
3
4
4
4
4
4
4
4
4
3
3
4
4
4
4
4
4
4
4
3
3
4
4
4
4
4
4
4
4
3
2
3
3
3
3
3
3
3
3
2
11 88
2 29
12 34
3 61
1 73
13 85
4 10
2 59
14 79
5 28
3 56
15 69
6 77
4 14
16 22
7 23
5 24
17 70
8 73
6 45
18 12
9 10
7 45
19 81
10 17
8 94
20 33
9 55
21 14
1 60
12 83
22 86
2 46
13 65
11 48
23 68
3 10
14 49
12 31
24 26
4 23
15 49
13 89
25 56
5 45
16 89
14 88
26 43
6 84
17 41
15 45
27 50
7 69
18 13
16 77
28 10
8 92
19 59
17 22
29 56
9 76
20 80
18 62
30 44
10 94
19 30
31 23
11 34
22 11
32 18
12 39
23 32
21 44
33 13
13 21
24 14
22 28
34 17
14 52
25 33
23 44
35 95
15 97
26 44
24 68
36 49
16 81
27 85
25 73
37 86
17 29
28 41
26 36
38 70
18 25
29 56
27 28
39 72
19 56
30 20
28 43
40 65
20 20
29 87
41 59
21 35
32 72
42 18
22 80
33 39
31 87
43 37
23 12
34 92
32 11
44 16
24 37
35 58
33 45
45 80
25 12
36 79
34 10
46 20
26 24
37 28
35 10
47 31
27 18
38 57
36 42
48 94
28 90
39 27
37 55
49 42
29 59
40 69
38 54
50 57
30 60
39 54
51 20
31 97
42 79
52 87
32 20
43 28
41 77
53 16
33 100
44 50
42 56
54 26
34 44
45 65
43 57
55 58
35 87
46 49
44 100
56 32
36 83
47 80
45 57
57 26
37 89
48 53
46 83
58 46
38 14
49 68
47 26
59 47
39 11
50 38
48 81
60 39
40 49
49 99
61 65
41 60
52 17
62 59
42 88
53 32
51 76
63 29
43 96
54 38
52 11
64 90
44 93
55 28
53 47
65 42
45 35
56 51
54 38
66 99
46 33
57 89
55 97
67 34
47 71
58 23
56 59
68 13
48 18
59 56
57 10
69 77
49 100
60 24
58 34
70 42
50 27
59 33
71 77
51 55
62 62
72 97
52 95
63 96
61 40
73 73
53 35
64 92
62 56
74 55
54 75
65 13
63 66
75 11
55 83
66 37
64 68
76 30
56 23
67 93
65 44
77 72
57 47
68 53
66 66
78 11
58 87
69 32
67 30
79 44
59 39
70 95
68 22
80 12
60 40
69 52
81 37
61 45
72 96
82 75
62 50
73 61
71 99
83 53
63 73
74 22
72 60
84 42
64 18
75 85
73 10
85 36
65 80
76 82
74 33
86 78
66 14
77 54
75 59
87 90
67 71
78 96
76 94
88 69
68 52
79 18
77 47
89 69
69 38
80 29
78 32
90 52
70 29
79 72
91 34
71 91
82 84
92 97
72 15
83 27
81 50
93 100
73 76
84 86
82 35
94 99
74 28
85 34
83 47
95 51
75 56
86 59
84 33
96 90
76 62
87 89
85 48
97 68
77 43
88 100
86 78
98 48
78 47
89 97
87 28
99 65
79 79
90 82
88 31
100 30
80 54
89 24
81 89
92 62
82 42
93 59
91 13
83 67
94 72
92 85
84 38
95 71
93 68
85 88
96 31
94 39
86 84
97 57
95 81
87 78
98 78
96 23
88 48
99 15
97 28
89 37
100 74
98 49
90 32
99 100
94
98
1 94 
2 13 90 
2 49 87 
2 60 10 
1 75 
2 80 21 
2 43 24 
2 33 92 
1 37 
3 46 20 97 
3 36 14 78 
1 82 
3 76 41 12 
2 64 27 
2 38 51 
4 91 55 95 62 
2 3 98 
