100 360 10 100 15
2
3
3
3
3
3
3
3
3
2
3
4
4
4
4
4
4
4
4
3
3
4
4
4
4
4
4
4
4
3
3
4
4
4
4
4
4
4
4
3
3
4
4
4
4
4
4
4
4
3
3
4
4
4
4
4
4
4
4
3
3
4
4
4
4
4
4
4
4
3
3
4
4
4
4
4
4
4
4
3
3
4
4
4
4
4
4
4
4
3
2
3
3
3
3
3
3
3
3
2
11 59
2 29
12 93
3 53
1 71
13 17
4 55
2 61
14 37
5 40
3 23
15 45
6 37
4 68
16 45
7 79
5 22
17 13
8 10
6 74
18 93
9 77
7 35
19 78
10 22
8 66
20 52
9 13
21 11
1 97
12 48
22 66
2 61
13 22
11 41
23 74
3 89
14 55
12 41
24 45
4 74
15 84
13 20
25 28
5 89
16 33
14 75
26 27
6 96
17 97
15 56
27 65
7 81
18 56
16 98
28 99
8 74
19 58
17 68
29 70
9 21
20 89
18 71
30 21
10 66
19 28
31 19
11 49
22 48
32 85
12 19
23 82
21 31
33 57
13 53
24 99
22 93
34 42
14 17
25 25
23 49
35 79
15 74
26 68
24 72
36 65
16 38
27 36
25 33
37 69
17 73
28 74
26 39
38 27
18 57
29 78
27 62
39 58
19 47
30 66
28 30
40 42
20 96
29 17
41 79
21 33
32 80
42 62
22 82
33 68
31 72
43 12
23 28
34 50
32 33
44 21
24 73
35 41
33 72
45 38
25 20
36 34
34 30
46 17
26 88
37 11
35 59
47 15
27 65
38 36
36 30
48 51
28 58
39 44
37 97
49 75
29 40
40 19
38 100
50 100
30 24
39 15
51 89
31 23
42 88
52 17
32 92
43 91
41 10
53 52
33 18
44 13
42 26
54 22
34 10
45 24
43 52
55 63
35 32
46 95
44 10
56 24
36 78
47 83
45 89
57 46
37 55
48 56
46 84
58 25
38 61
49 76
47 81
59 11
39 56
50 41
48 58
60 60
40 47
49 80
61 80
41 10
52 88
62 87
42 89
53 86
51 13
63 39
43 59
54 33
52 74
64 60
44 90
55 16
53 83
65 73
45 60
56 12
54 99
66 51
46 51
57 19
55 66
67 10
47 33
58 67
56 100
68 81
48 79
59 21
57 21
69 42
49 25
60 29
58 46
70 92
50 99
59 32
71 34
51 83
62 98
72 21
52 97
63 70
61 94
73 32
53 35
64 16
62 88
74 69
54 49
65 94
63 36
75 39
55 11
66 60
64 35
76 74
56 57
67 39
65 46
77 91
57 76
68 93
66 70
78 92
58 69
69 15
67 52
79 69
59 64
70 37
68 88
80 48
60 88
69 24
81 73
61 52
72 77
82 68
62 83
73 58
71 41
83 29
63 28
74 13
72 27
84 47
64 69
75 69
73 31
85 72
65 66
76 33
74 73
86 97
66 96
77 10
75 90
87 92
67 83
78 21
76 94
88 66
68 63
79 18
77 86
89 65
69 50
80 36
78 98
90 92
70 77
79 68
91 36
71 94
82 86
92 66
72 81
83 58
81 56
93 12
73 54
84 52
82 84
94 90
74 40
85 97
83 66
95 86
75 30
86 87
84 67
96 40
76 100
87 46
85 31
97 22
77 19
88 34
86 43
98 32
78 78
89 13
87 53
99 77
79 99
90 71
88 32
100 25
80 100
89 18
81 67
92 85
82 93
93 83
91 67
83 10
94 70
92 85
84 98
95 90
93 98
85 80
96 31
94 37
86 52
97 91
95 79
87 83
98 48
96 33
88 32
99 66
97 93
89 39
100 94
98 27
90 42
99 30
3
25
4 39 81 84 3 
1 15 
1 22 
3 45 66 9 
2 98 5 
5 59 75 4 50 42 
1 33 
4 28 23 92 46 
1 74 
2 76 80 
4 49 48 72 68 
1 24 
3 20 91 94 
1 43 
2 7 25 
