100 360 10 100 17
2
3
3
3
3
3
3
3
3
2
3
4
4
4
4
4
4
4
4
3
3
4
4
4
4
4
4
4
4
3
3
4
4
4
4
4
4
4
4
3
3
4
4
4
4
4
4
4
4
3
3
4
4
4
4
4
4
4
4
3
3
4
4
4
4
4
4
4
4
3
3
4
4
4
4
4
4
4
4
3
3
4
4
4
4
4
4
4
4
3
2
3
3
3
3
3
3
3
3
2
11 92
2 29
12 72
3 86
1 18
13 81
4 64
2 93
14 82
5 41
3 25
15 46
6 81
4 17
16 60
7 37
5 97
17 52
8 27
6 96
18 36
9 25
7 54
19 68
10 18
8 57
20 62
9 58
21 20
1 92
12 97
22 82
2 27
13 88
11 66
23 27
3 68
14 28
12 37
24 81
4 89
15 98
13 70
25 84
5 98
16 23
14 50
26 19
6 40
17 63
15 42
27 79
7 19
18 80
16 87
28 66
8 36
19 39
17 48
29 93
9 66
20 99
18 75
30 64
10 46
19 28
31 83
11 44
22 93
32 54
12 27
23 30
21 68
33 26
13 100
24 81
22 36
34 18
14 10
25 48
23 39
35 59
15 28
26 40
24 92
36 12
16 47
27 75
25 93
37 52
17 46
28 25
26 96
38 11
18 39
29 83
27 56
39 40
19 67
30 85
28 82
40 60
20 25
29 71
41 26
21 88
32 80
42 55
22 98
33 81
31 41
43 46
23 54
34 67
32 74
44 16
24 41
35 32
33 61
45 70
25 80
36 38
34 56
46 20
26 85
37 24
35 97
47 60
27 56
38 39
36 86
48 90
28 87
39 13
37 80
49 46
29 90
40 23
38 75
50 22
30 18
39 68
51 31
31 36
42 63
52 22
32 58
43 82
41 54
53 43
33 66
44 34
42 92
54 85
34 86
45 91
43 71
55 80
35 73
46 93
44 37
56 19
36 83
47 85
45 91
57 42
37 14
48 17
46 89
58 53
38 37
49 87
47 16
59 77
39 15
50 38
48 97
60 63
40 95
49 68
61 27
41 13
52 81
62 21
42 19
53 37
51 68
63 95
43 86
54 17
52 60
64 36
44 60
55 50
53 96
65 24
45 50
56 34
54 86
66 53
46 19
57 54
55 29
67 31
47 54
58 10
56 96
68 76
48 95
59 97
57 59
69 45
49 40
60 61
58 99
70 50
50 13
59 42
71 85
51 58
62 26
72 98
52 91
63 83
61 85
73 88
53 77
64 61
62 78
74 26
54 93
65 93
63 37
75 20
55 40
66 81
64 25
76 56
56 66
67 15
65 11
77 41
57 26
68 77
66 11
78 10
58 23
69 33
67 13
79 83
59 30
70 12
68 44
80 54
60 75
69 63
81 77
61 69
72 79
82 95
62 41
73 19
71 74
83 89
63 54
74 83
72 56
84 36
64 15
75 35
73 97
85 87
65 21
76 96
74 37
86 58
66 67
77 99
75 74
87 15
67 50
78 74
76 44
88 16
68 62
79 88
77 96
89 54
69 82
80 90
78 20
90 62
70 82
79 21
91 36
71 61
82 79
92 56
72 10
83 65
81 71
93 24
73 38
84 64
82 98
94 43
74 98
85 69
83 90
95 48
75 83
86 93
84 23
96 49
76 72
87 86
85 12
97 87
77 74
88 44
86 68
98 44
78 62
89 84
87 24
99 66
79 100
90 58
88 68
100 86
80 32
89 63
81 92
92 77
82 59
93 67
91 68
83 52
94 97
92 58
84 22
95 57
93 15
85 31
96 67
94 60
86 82
97 82
95 50
87 61
98 98
96 67
88 89
99 84
97 37
89 40
100 14
98 86
90 84
99 43
99
80
4 21 62 30 99 
1 98 
1 25 
2 9 34 
3 3 94 96 
2 39 29 
1 49 
3 77 24 40 
2 16 28 
3 26 35 61 
3 48 60 36 
2 82 79 
1 64 
3 8 73 13 
2 88 42 
1 33 
1 80 
