100 360 10 100 18
2
3
3
3
3
3
3
3
3
2
3
4
4
4
4
4
4
4
4
3
3
4
4
4
4
4
4
4
4
3
3
4
4
4
4
4
4
4
4
3
3
4
4
4
4
4
4
4
4
3
3
4
4
4
4
4
4
4
4
3
3
4
4
4
4
4
4
4
4
3
3
4
4
4
4
4
4
4
4
3
3
4
4
4
4
4
4
4
4
3
2
3
3
3
3
3
3
3
3
2
11 15
2 29
12 98
3 68
1 35
13 69
4 45
2 13
14 93
5 79
3 22
15 69
6 91
4 27
16 82
7 78
5 43
17 89
8 70
6 66
18 18
9 69
7 82
19 28
10 22
8 36
20 58
9 64
21 38
1 98
12 47
22 72
2 62
13 66
11 30
23 87
3 63
14 55
12 53
24 66
4 15
15 63
13 13
25 78
5 75
16 98
14 27
26 36
6 90
17 40
15 32
27 76
7 52
18 97
16 24
28 49
8 51
19 72
17 35
29 20
9 39
20 65
18 23
30 35
10 85
19 24
31 81
11 73
22 65
32 69
12 81
23 22
21 51
33 65
13 64
24 11
22 62
34 19
14 67
25 94
23 25
35 40
15 94
26 28
24 72
36 84
16 37
27 46
25 61
37 43
17 98
28 66
26 92
38 15
18 79
29 74
27 50
39 34
19 100
30 98
28 18
40 46
20 41
29 23
41 20
21 63
32 10
42 74
22 60
33 24
31 86
43 72
23 91
34 83
32 82
44 15
24 54
35 45
33 20
45 40
25 12
36 97
34 15
46 21
26 86
37 13
35 86
47 57
27 79
38 75
36 36
48 78
28 78
39 61
37 63
49 59
29 91
40 70
38 44
50 99
30 76
39 19
51 66
31 32
42 17
52 99
32 82
43 61
41 74
53 31
33 58
44 76
42 18
54 78
34 30
45 78
43 21
55 55
35 32
46 43
44 31
56 71
36 84
47 98
45 12
57 88
37 64
48 91
46 16
58 73
38 15
49 53
47 77
59 76
39 27
50 38
48 54
60 45
40 52
49 68
61 95
41 55
52 90
62 87
42 86
53 51
51 46
63 22
43 56
54 46
52 26
64 57
44 53
55 23
53 61
65 61
45 95
56 72
54 47
66 94
46 67
57 39
55 96
67 21
47 92
58 64
56 24
68 86
48 55
59 41
57 23
69 43
49 45
60 81
58 21
70 74
50 62
59 69
71 18
51 67
62 99
72 10
52 77
63 47
61 38
73 43
53 20
64 60
62 54
74 30
54 55
65 59
63 38
75 47
55 94
66 30
64 78
76 44
56 13
67 55
65 94
77 40
57 55
68 61
66 27
78 98
58 16
69 35
67 56
79 18
59 95
70 34
68 19
80 87
60 89
69 99
81 15
61 48
72 28
82 63
62 14
73 77
71 88
83 18
63 89
74 81
72 43
84 18
64 94
75 67
73 85
85 56
65 27
76 48
74 49
86 88
66 42
77 53
75 27
87 64
67 76
78 100
76 73
88 42
68 92
79 25
77 61
89 10
69 32
80 91
78 74
90 91
70 58
79 52
91 40
71 62
82 66
92 22
72 87
83 91
81 41
93 68
73 16
84 89
82 15
94 56
74 34
85 86
83 35
95 38
75 72
86 15
84 82
96 17
76 11
87 74
85 84
97 52
77 76
88 57
86 37
98 33
78 15
89 47
87 12
99 69
79 73
90 79
88 89
100 75
80 58
89 89
81 100
92 32
82 19
93 90
91 53
83 98
94 82
92 68
84 64
95 14
93 41
85 45
96 84
94 32
86 78
97 67
95 47
87 11
98 65
96 18
88 30
99 18
97 63
89 48
100 19
98 15
90 57
99 51
12
27
2 53 12 
2 59 21 
1 36 
2 81 8 
1 60 
4 40 41 2 58 
2 96 30 
3 84 63 82 
2 46 4 
2 68 52 
2 93 1 
1 64 
1 22 
3 31 76 80 
2 28 5 
1 45 
2 23 17 
2 18 27 
