100 360 10 100 18
2
3
3
3
3
3
3
3
3
2
3
4
4
4
4
4
4
4
4
3
3
4
4
4
4
4
4
4
4
3
3
4
4
4
4
4
4
4
4
3
3
4
4
4
4
4
4
4
4
3
3
4
4
4
4
4
4
4
4
3
3
4
4
4
4
4
4
4
4
3
3
4
4
4
4
4
4
4
4
3
3
4
4
4
4
4
4
4
4
3
2
3
3
3
3
3
3
3
3
2
11 74
2 29
12 24
3 90
1 23
13 10
4 88
2 63
14 31
5 75
3 93
15 46
6 29
4 57
16 39
7 43
5 49
17 34
8 86
6 19
18 40
9 64
7 79
19 32
10 52
8 78
20 18
9 63
21 67
1 57
12 12
22 73
2 69
13 28
11 24
23 10
3 43
14 92
12 82
24 17
4 23
15 77
13 19
25 68
5 88
16 90
14 70
26 74
6 44
17 93
15 63
27 36
7 68
18 14
16 51
28 61
8 100
19 48
17 57
29 38
9 72
20 89
18 18
30 58
10 10
19 85
31 91
11 100
22 98
32 27
12 85
23 23
21 73
33 91
13 38
24 79
22 29
34 49
14 21
25 28
23 26
35 22
15 56
26 59
24 94
36 97
16 48
27 80
25 55
37 84
17 32
28 41
26 12
38 65
18 14
29 95
27 10
39 14
19 35
30 76
28 66
40 17
20 39
29 89
41 31
21 15
32 68
42 31
22 54
33 71
31 71
43 39
23 46
34 92
32 91
44 15
24 83
35 53
33 14
45 74
25 20
36 50
34 60
46 21
26 96
37 14
35 57
47 77
27 67
38 51
36 82
48 49
28 79
39 66
37 55
49 88
29 51
40 24
38 37
50 80
30 29
39 75
51 93
31 83
42 83
52 91
32 99
43 13
41 82
53 53
33 38
44 82
42 66
54 59
34 16
45 100
43 16
55 48
35 67
46 58
44 52
56 75
36 84
47 96
45 91
57 53
37 89
48 12
46 45
58 10
38 68
49 77
47 19
59 97
39 56
50 38
48 79
60 98
40 67
49 78
61 77
41 71
52 69
62 69
42 79
53 19
51 18
63 91
43 89
54 84
52 70
64 44
44 34
55 77
53 75
65 98
45 60
56 48
54 62
66 19
46 71
57 81
55 58
67 22
47 68
58 37
56 72
68 64
48 29
59 27
57 98
69 23
49 65
60 99
58 60
70 11
50 36
59 66
71 45
51 66
62 51
72 40
52 78
63 51
61 84
73 38
53 37
64 10
62 77
74 10
54 19
65 93
63 48
75 74
55 78
66 15
64 92
76 66
56 90
67 81
65 75
77 81
57 32
68 53
66 15
78 68
58 97
69 35
67 31
79 96
59 37
70 31
68 72
80 43
60 17
69 34
81 32
61 71
72 34
82 87
62 47
73 60
71 66
83 97
63 35
74 91
72 14
84 81
64 65
75 53
73 26
85 100
65 16
76 13
74 78
86 64
66 86
77 99
75 83
87 28
67 23
78 47
76 60
88 90
68 28
79 63
77 75
89 75
69 18
80 40
78 78
90 58
70 71
79 38
91 70
71 12
82 67
92 66
72 58
83 78
81 95
93 94
73 59
84 66
82 55
94 15
74 71
85 43
83 81
95 100
75 32
86 94
84 85
96 61
76 69
87 45
85 66
97 15
77 35
88 45
86 71
98 35
78 71
89 82
87 43
99 99
79 66
90 57
88 15
100 26
80 35
89 46
81 38
92 87
82 43
93 87
91 34
83 12
94 44
92 77
84 70
95 19
93 28
85 94
96 72
94 86
86 18
97 58
95 58
87 47
98 58
96 94
88 16
99 86
97 30
89 17
100 38
98 94
90 100
99 10
11
99
1 11 
1 84 
2 14 88 
1 100 
3 69 28 82 
2 60 51 
2 26 50 
3 15 97 63 
2 27 71 
1 94 
4 68 23 61 79 
2 87 58 
2 52 32 
1 44 
2 96 70 
2 49 81 
2 43 67 
2 13 99 
