100 360 10 100 19
2
3
3
3
3
3
3
3
3
2
3
4
4
4
4
4
4
4
4
3
3
4
4
4
4
4
4
4
4
3
3
4
4
4
4
4
4
4
4
3
3
4
4
4
4
4
4
4
4
3
3
4
4
4
4
4
4
4
4
3
3
4
4
4
4
4
4
4
4
3
3
4
4
4
4
4
4
4
4
3
3
4
4
4
4
4
4
4
4
3
2
3
3
3
3
3
3
3
3
2
11 90
2 29
12 76
3 31
1 83
13 76
4 13
2 11
14 99
5 44
3 43
15 68
6 99
4 39
16 88
7 23
5 16
17 68
8 86
6 30
18 71
9 82
7 38
19 74
10 83
8 23
20 92
9 13
21 74
1 47
12 83
22 65
2 55
13 60
11 47
23 61
3 17
14 18
12 12
24 94
4 65
15 70
13 14
25 37
5 77
16 41
14 32
26 79
6 51
17 44
15 24
27 14
7 64
18 48
16 71
28 87
8 25
19 82
17 46
29 52
9 79
20 65
18 76
30 89
10 50
19 58
31 100
11 22
22 15
32 37
12 15
23 81
21 100
33 31
13 80
24 30
22 35
34 12
14 64
25 91
23 48
35 98
15 20
26 36
24 50
36 53
16 27
27 94
25 40
37 28
17 49
28 99
26 29
38 68
18 31
29 57
27 11
39 78
19 21
30 87
28 73
40 70
20 98
29 42
41 69
21 81
32 22
42 14
22 88
33 22
31 87
43 46
23 72
34 41
32 24
44 21
24 44
35 32
33 78
45 96
25 12
36 81
34 76
46 17
26 78
37 10
35 88
47 86
27 77
38 60
36 75
48 80
28 57
39 39
37 15
49 47
29 81
40 65
38 16
50 28
30 71
39 50
51 62
31 63
42 22
52 26
32 74
43 48
41 93
53 31
33 37
44 99
42 69
54 42
34 24
45 93
43 57
55 70
35 89
46 79
44 80
56 20
36 78
47 85
45 100
57 82
37 30
48 44
46 55
58 88
38 99
49 52
47 47
59 82
39 27
50 41
48 33
60 98
40 32
49 70
61 98
41 85
52 18
62 13
42 97
53 27
51 41
63 61
43 26
54 86
52 30
64 73
44 19
55 53
53 69
65 37
45 96
56 37
54 85
66 36
46 46
57 68
55 13
67 100
47 58
58 93
56 52
68 11
48 14
59 35
57 37
69 62
49 97
60 11
58 98
70 64
50 33
59 35
71 97
51 84
62 56
72 82
52 96
63 66
61 48
73 38
53 18
64 67
62 65
74 90
54 85
65 60
63 26
75 12
55 27
66 75
64 20
76 53
56 72
67 13
65 65
77 51
57 99
68 11
66 82
78 31
58 78
69 15
67 77
79 82
59 31
70 40
68 35
80 93
60 69
69 89
81 56
61 29
72 71
82 44
62 50
73 74
71 63
83 42
63 83
74 93
72 56
84 75
64 98
75 83
73 90
85 29
65 76
76 68
74 44
86 30
66 53
77 55
75 35
87 37
67 46
78 75
76 17
88 18
68 36
79 72
77 72
89 91
69 65
80 87
78 94
90 35
70 64
79 82
91 97
71 54
82 84
92 21
72 18
83 71
81 93
93 78
73 11
84 75
82 45
94 41
74 93
85 48
83 19
95 24
75 70
86 99
84 64
96 87
76 43
87 75
85 49
97 58
77 60
88 46
86 100
98 31
78 22
89 70
87 22
99 47
79 15
90 94
88 14
100 75
80 32
89 61
81 37
92 29
82 68
93 86
91 86
83 95
94 18
92 76
84 92
95 85
93 20
85 31
96 43
94 74
86 22
97 100
95 68
87 47
98 54
96 47
88 45
99 89
97 36
89 70
100 75
98 40
90 89
99 71
4
52
2 62 4 
1 50 
3 38 23 67 
1 17 
2 39 79 
2 13 41 
1 5 
3 11 57 59 
1 1 
1 33 
1 86 
1 21 
1 78 
4 49 72 83 70 
2 95 100 
2 68 87 
3 43 15 9 
2 58 6 
2 91 52 
