100 360 10 100 16
2
3
3
3
3
3
3
3
3
2
3
4
4
4
4
4
4
4
4
3
3
4
4
4
4
4
4
4
4
3
3
4
4
4
4
4
4
4
4
3
3
4
4
4
4
4
4
4
4
3
3
4
4
4
4
4
4
4
4
3
3
4
4
4
4
4
4
4
4
3
3
4
4
4
4
4
4
4
4
3
3
4
4
4
4
4
4
4
4
3
2
3
3
3
3
3
3
3
3
2
11 68
2 29
12 63
3 91
1 86
13 97
4 13
2 22
14 81
5 71
3 17
15 91
6 82
4 22
16 82
7 45
5 15
17 67
8 44
6 49
18 40
9 100
7 82
19 49
10 77
8 28
20 38
9 94
21 44
1 67
12 15
22 82
2 57
13 36
11 47
23 82
3 88
14 33
12 76
24 89
4 99
15 98
13 18
25 78
5 84
16 98
14 41
26 20
6 89
17 22
15 41
27 50
7 40
18 79
16 24
28 84
8 31
19 87
17 98
29 51
9 34
20 62
18 11
30 77
10 16
19 65
31 73
11 64
22 61
32 41
12 77
23 93
21 68
33 58
13 49
24 57
22 82
34 11
14 90
25 15
23 72
35 98
15 92
26 57
24 22
36 54
16 13
27 51
25 32
37 13
17 54
28 91
26 95
38 90
18 55
29 12
27 52
39 57
19 57
30 36
28 58
40 94
20 72
29 31
41 48
21 92
32 77
42 13
22 90
33 85
31 42
43 93
23 42
34 74
32 73
44 22
24 23
35 71
33 86
45 54
25 35
36 14
34 24
46 16
26 46
37 28
35 17
47 31
27 69
38 61
36 38
48 99
28 71
39 20
37 73
49 25
29 18
40 18
38 97
50 21
30 96
39 71
51 96
31 99
42 99
52 79
32 65
43 53
41 29
53 80
33 21
44 89
42 72
54 23
34 87
45 55
43 79
55 51
35 66
46 41
44 30
56 85
36 77
47 63
45 20
57 96
37 38
48 42
46 26
58 54
38 75
49 48
47 98
59 23
39 99
50 42
48 44
60 68
40 73
49 40
61 15
41 46
52 64
62 24
42 76
53 93
51 78
63 92
43 76
54 98
52 57
64 68
44 91
55 37
53 97
65 35
45 20
56 33
54 28
66 88
46 27
57 62
55 83
67 26
47 54
58 65
56 50
68 56
48 81
59 98
57 67
69 35
49 28
60 99
58 46
70 24
50 12
59 81
71 57
51 69
62 54
72 78
52 28
63 36
61 96
73 52
53 82
64 38
62 44
74 53
54 88
65 26
63 84
75 58
55 59
66 39
64 54
76 13
56 39
67 38
65 48
77 23
57 21
68 69
66 86
78 36
58 30
69 11
67 66
79 69
59 75
70 94
68 15
80 67
60 76
69 30
81 37
61 93
72 65
82 37
62 95
73 100
71 100
83 39
63 85
74 66
72 77
84 15
64 27
75 60
73 19
85 49
65 98
76 87
74 24
86 41
66 63
77 10
75 51
87 46
67 62
78 92
76 88
88 97
68 77
79 85
77 100
89 74
69 26
80 56
78 63
90 76
70 73
79 62
91 90
71 22
82 16
92 48
72 42
83 60
81 81
93 95
73 18
84 95
82 93
94 49
74 18
85 52
83 80
95 40
75 28
86 18
84 26
96 18
76 83
87 94
85 50
97 56
77 87
88 55
86 60
98 49
78 39
89 40
87 43
99 42
79 90
90 28
88 10
100 63
80 50
89 48
81 24
92 44
82 74
93 47
91 82
83 80
94 73
92 28
84 83
95 66
93 99
85 39
96 46
94 60
86 29
97 65
95 42
87 39
98 48
96 99
88 22
99 17
97 83
89 56
100 98
98 37
90 13
99 87
82
41
2 49 82 
2 73 14 
2 46 86 
3 28 40 94 
2 32 76 
2 39 97 
1 71 
2 34 22 
2 17 42 
6 72 91 85 10 70 15 
3 55 96 9 
2 51 52 
1 18 
3 23 48 30 
1 61 
1 41 
