100 360 10 100 16
2
3
3
3
3
3
3
3
3
2
3
4
4
4
4
4
4
4
4
3
3
4
4
4
4
4
4
4
4
3
3
4
4
4
4
4
4
4
4
3
3
4
4
4
4
4
4
4
4
3
3
4
4
4
4
4
4
4
4
3
3
4
4
4
4
4
4
4
4
3
3
4
4
4
4
4
4
4
4
3
3
4
4
4
4
4
4
4
4
3
2
3
3
3
3
3
3
3
3
2
11 22
2 29
12 72
3 51
1 23
13 53
4 43
2 76
14 63
5 23
3 35
15 45
6 63
4 94
16 56
7 30
5 46
17 68
8 72
6 67
18 91
9 58
7 22
19 96
10 51
8 55
20 74
9 10
21 34
1 23
12 91
22 71
2 86
13 52
11 17
23 37
3 11
14 23
12 64
24 32
4 16
15 49
13 45
25 81
5 49
16 91
14 66
26 90
6 94
17 37
15 91
27 86
7 56
18 89
16 25
28 56
8 88
19 53
17 63
29 52
9 64
20 94
18 54
30 24
10 39
19 90
31 61
11 66
22 91
32 99
12 36
23 85
21 29
33 71
13 39
24 100
22 51
34 72
14 12
25 35
23 56
35 98
15 14
26 12
24 71
36 23
16 83
27 80
25 98
37 53
17 81
28 66
26 81
38 45
18 69
29 72
27 86
39 71
19 63
30 70
28 38
40 18
20 89
29 99
41 31
21 24
32 40
42 74
22 58
33 73
31 12
43 61
23 32
34 83
32 71
44 22
24 98
35 76
33 50
45 82
25 50
36 29
34 28
46 17
26 37
37 16
35 34
47 98
27 14
38 30
36 32
48 26
28 62
39 63
37 64
49 100
29 60
40 19
38 73
50 26
30 18
39 57
51 13
31 45
42 78
52 74
32 71
43 80
41 41
53 47
33 32
44 35
42 39
54 36
34 45
45 20
43 34
55 33
35 81
46 66
44 94
56 42
36 78
47 77
45 43
57 86
37 63
48 13
46 15
58 46
38 91
49 81
47 33
59 93
39 81
50 42
48 67
60 88
40 15
49 30
61 10
41 72
52 94
62 17
42 60
53 49
51 84
63 41
43 12
54 90
52 69
64 11
44 13
55 48
53 48
65 36
45 10
56 96
54 66
66 23
46 70
57 96
55 97
67 15
47 26
58 53
56 21
68 87
48 67
59 56
57 47
69 53
49 13
60 10
58 20
70 20
50 87
59 20
71 53
51 79
62 85
72 50
52 12
63 87
61 94
73 12
53 100
64 87
62 88
74 78
54 86
65 48
63 76
75 57
55 37
66 93
64 92
76 70
56 91
67 52
65 59
77 72
57 73
68 60
66 23
78 63
58 32
69 14
67 43
79 17
59 15
70 27
68 28
80 54
60 71
69 39
81 50
61 50
72 99
82 72
62 35
73 83
71 45
83 71
63 84
74 54
72 93
84 24
64 44
75 14
73 66
85 66
65 23
76 74
74 98
86 94
66 87
77 10
75 40
87 40
67 51
78 81
76 41
88 75
68 80
79 76
77 51
89 55
69 82
80 16
78 23
90 49
70 37
79 15
91 65
71 73
82 92
92 61
72 57
83 98
81 89
93 23
73 44
84 51
82 61
94 13
74 99
85 19
83 70
95 60
75 56
86 42
84 81
96 34
76 56
87 21
85 49
97 57
77 38
88 79
86 87
98 37
78 28
89 60
87 89
99 15
79 71
90 72
88 12
100 10
80 99
89 27
81 93
92 34
82 100
93 73
91 84
83 30
94 97
92 29
84 28
95 18
93 47
85 94
96 74
94 69
86 85
97 58
95 29
87 45
98 22
96 65
88 68
99 65
97 51
89 96
100 82
98 69
90 34
99 46
97
15
2 3 97 
1 71 
1 39 
3 73 81 76 
3 70 63 11 
2 41 27 
2 75 29 
6 1 58 37 83 66 80 
2 47 49 
4 24 19 6 60 
2 17 93 
1 31 
1 57 
1 21 
2 77 54 
2 64 15 
