100 360 10 100 18
2
3
3
3
3
3
3
3
3
2
3
4
4
4
4
4
4
4
4
3
3
4
4
4
4
4
4
4
4
3
3
4
4
4
4
4
4
4
4
3
3
4
4
4
4
4
4
4
4
3
3
4
4
4
4
4
4
4
4
3
3
4
4
4
4
4
4
4
4
3
3
4
4
4
4
4
4
4
4
3
3
4
4
4
4
4
4
4
4
3
2
3
3
3
3
3
3
3
3
2
11 35
2 29
12 22
3 43
1 97
13 44
4 84
2 12
14 36
5 56
3 67
15 68
6 36
4 65
16 25
7 41
5 56
17 14
8 81
6 73
18 83
9 17
7 22
19 58
10 93
8 88
20 50
9 30
21 32
1 34
12 10
22 37
2 88
13 62
11 11
23 100
3 33
14 30
12 56
24 85
4 48
15 98
13 44
25 81
5 46
16 60
14 91
26 65
6 64
17 43
15 87
27 65
7 30
18 34
16 55
28 75
8 34
19 18
17 73
29 72
9 96
20 35
18 88
30 71
10 31
19 47
31 33
11 99
22 31
32 47
12 98
23 61
21 23
33 42
13 74
24 24
22 14
34 14
14 95
25 31
23 10
35 78
15 15
26 94
24 57
36 33
16 30
27 17
25 17
37 33
17 95
28 58
26 50
38 50
18 47
29 93
27 54
39 94
19 17
30 61
28 25
40 32
20 49
29 96
41 83
21 44
32 79
42 34
22 49
33 83
31 87
43 24
23 48
34 25
32 74
44 19
24 77
35 97
33 28
45 17
25 12
36 26
34 86
46 18
26 20
37 72
35 57
47 46
27 17
38 95
36 62
48 49
28 34
39 16
37 31
49 81
29 54
40 66
38 86
50 21
30 12
39 70
51 64
31 22
42 81
52 51
32 16
43 22
41 87
53 61
33 44
44 61
42 82
54 54
34 87
45 28
43 75
55 65
35 70
46 67
44 33
56 97
36 80
47 28
45 10
57 23
37 72
48 29
46 12
58 53
38 10
49 22
47 57
59 50
39 57
50 40
48 70
60 20
40 39
49 100
61 66
41 75
52 72
62 68
42 93
53 65
51 73
63 48
43 36
54 12
52 59
64 98
44 30
55 43
53 96
65 75
45 35
56 79
54 11
66 25
46 23
57 58
55 10
67 74
47 100
58 83
56 73
68 66
48 88
59 98
57 63
69 86
49 80
60 34
58 72
70 37
50 13
59 16
71 71
51 18
62 40
72 88
52 59
63 60
61 45
73 70
53 80
64 95
62 61
74 40
54 45
65 59
63 60
75 84
55 49
66 60
64 39
76 80
56 52
67 27
65 75
77 78
57 24
68 27
66 94
78 23
58 27
69 22
67 40
79 31
59 52
70 98
68 29
80 61
60 76
69 92
81 12
61 35
72 26
82 20
62 68
73 14
71 41
83 64
63 24
74 29
72 21
84 25
64 66
75 47
73 58
85 68
65 60
76 92
74 76
86 49
66 19
77 55
75 63
87 76
67 56
78 83
76 66
88 57
68 24
79 87
77 98
89 64
69 54
80 27
78 87
90 23
70 32
79 41
91 18
71 87
82 48
92 52
72 72
83 17
81 76
93 14
73 73
84 79
82 95
94 46
74 13
85 61
83 85
95 89
75 10
86 10
84 70
96 33
76 32
87 44
85 31
97 26
77 35
88 49
86 19
98 92
78 50
89 62
87 79
99 54
79 95
90 89
88 39
100 75
80 41
89 10
81 58
92 60
82 21
93 57
91 75
83 66
94 39
92 43
84 52
95 61
93 57
85 35
96 57
94 60
86 10
97 28
95 92
87 96
98 28
96 38
88 10
99 96
97 15
89 93
100 56
98 62
90 48
99 65
40
10
1 40 
1 7 
3 52 64 57 
4 72 35 80 16 
2 65 39 
1 14 
2 25 13 
1 34 
2 46 41 
2 62 43 
1 26 
1 70 
2 18 92 
2 3 75 
1 1 
4 29 77 8 42 
2 51 11 
3 94 100 10 
