100 360 10 100 18
2
3
3
3
3
3
3
3
3
2
3
4
4
4
4
4
4
4
4
3
3
4
4
4
4
4
4
4
4
3
3
4
4
4
4
4
4
4
4
3
3
4
4
4
4
4
4
4
4
3
3
4
4
4
4
4
4
4
4
3
3
4
4
4
4
4
4
4
4
3
3
4
4
4
4
4
4
4
4
3
3
4
4
4
4
4
4
4
4
3
2
3
3
3
3
3
3
3
3
2
11 46
2 29
12 81
3 45
1 47
13 37
4 94
2 55
14 64
5 84
3 42
15 92
6 62
4 89
16 34
7 22
5 38
17 52
8 55
6 23
18 87
9 74
7 85
19 24
10 83
8 84
20 98
9 65
21 10
1 49
12 82
22 70
2 56
13 13
11 36
23 74
3 82
14 18
12 25
24 24
4 97
15 49
13 98
25 87
5 62
16 15
14 75
26 88
6 45
17 78
15 91
27 25
7 35
18 89
16 88
28 38
8 93
19 96
17 13
29 93
9 96
20 41
18 27
30 11
10 69
19 54
31 71
11 46
22 31
32 20
12 76
23 21
21 29
33 38
13 91
24 33
22 96
34 79
14 23
25 69
23 23
35 58
15 41
26 87
24 49
36 72
16 26
27 13
25 68
37 92
17 73
28 91
26 82
38 56
18 53
29 53
27 89
39 54
19 73
30 29
28 62
40 75
20 43
29 48
41 100
21 19
32 42
42 26
22 66
33 68
31 11
43 14
23 44
34 75
32 72
44 15
24 25
35 36
33 25
45 98
25 96
36 53
34 61
46 21
26 76
37 12
35 24
47 36
27 92
38 99
36 80
48 16
28 77
39 56
37 71
49 30
29 41
40 24
38 51
50 26
30 32
39 54
51 40
31 72
42 42
52 17
32 64
43 18
41 66
53 10
33 77
44 71
42 60
54 97
34 44
45 56
43 25
55 63
35 88
46 27
44 10
56 66
36 84
47 99
45 23
57 32
37 39
48 79
46 79
58 45
38 53
49 29
47 43
59 56
39 89
50 38
48 29
60 84
40 37
49 58
61 21
41 39
52 20
62 13
42 94
53 83
51 74
63 44
43 22
54 100
52 72
64 69
44 72
55 61
53 47
65 25
45 40
56 97
54 33
66 78
46 62
57 88
55 43
67 20
47 26
58 90
56 66
68 16
48 81
59 55
57 39
69 63
49 26
60 63
58 73
70 46
50 88
59 72
71 81
51 68
62 57
72 71
52 75
63 43
61 84
73 49
53 95
64 20
62 31
74 51
54 91
65 25
63 28
75 20
55 19
66 44
64 63
76 22
56 28
67 29
65 22
77 90
57 78
68 69
66 38
78 37
58 25
69 35
67 81
79 31
59 62
70 36
68 57
80 41
60 71
69 72
81 89
61 26
72 22
82 40
62 72
73 93
71 19
83 31
63 53
74 71
72 72
84 46
64 32
75 80
73 54
85 12
65 37
76 83
74 20
86 21
66 90
77 99
75 62
87 100
67 39
78 63
76 87
88 86
68 65
79 79
77 47
89 35
69 47
80 50
78 70
90 34
70 46
79 65
91 10
71 22
82 64
92 68
72 25
83 12
81 79
93 43
73 64
84 21
82 66
94 98
74 87
85 37
83 79
95 67
75 20
86 26
84 78
96 64
76 45
87 12
85 11
97 88
77 25
88 68
86 95
98 32
78 50
89 13
87 71
99 39
79 80
90 11
88 71
100 33
80 81
89 41
81 70
92 67
82 85
93 92
91 71
83 92
94 30
92 59
84 59
95 100
93 54
85 86
96 96
94 70
86 47
97 75
95 37
87 66
98 71
96 33
88 43
99 41
97 97
89 79
100 90
98 27
90 13
99 93
14
54
2 35 14 
1 57 
2 77 80 
3 44 51 17 
3 52 75 32 
2 6 61 
1 3 
1 96 
2 30 36 
2 38 5 
5 63 18 85 20 21 
2 88 60 
1 4 
1 10 
1 37 
1 98 
2 9 58 
3 33 100 54 
