100 360 10 100 15
2
3
3
3
3
3
3
3
3
2
3
4
4
4
4
4
4
4
4
3
3
4
4
4
4
4
4
4
4
3
3
4
4
4
4
4
4
4
4
3
3
4
4
4
4
4
4
4
4
3
3
4
4
4
4
4
4
4
4
3
3
4
4
4
4
4
4
4
4
3
3
4
4
4
4
4
4
4
4
3
3
4
4
4
4
4
4
4
4
3
2
3
3
3
3
3
3
3
3
2
11 72
2 29
12 28
3 35
1 88
13 96
4 37
2 72
14 48
5 78
3 21
15 68
6 48
4 78
16 67
7 29
5 60
17 50
8 54
6 44
18 75
9 30
7 63
19 38
10 26
8 45
20 47
9 19
21 30
1 12
12 89
22 55
2 96
13 91
11 96
23 43
3 83
14 83
12 57
24 30
4 90
15 49
13 54
25 21
5 66
16 17
14 52
26 44
6 55
17 74
15 45
27 61
7 22
18 73
16 35
28 83
8 89
19 91
17 55
29 89
9 85
20 55
18 19
30 83
10 14
19 24
31 17
11 78
22 20
32 10
12 73
23 74
21 14
33 96
13 17
24 28
22 28
34 43
14 74
25 71
23 35
35 61
15 49
26 55
24 52
36 46
16 28
27 99
25 93
37 60
17 34
28 25
26 36
38 32
18 97
29 69
27 56
39 53
19 80
30 78
28 57
40 27
20 21
29 60
41 73
21 99
32 10
42 81
22 45
33 12
31 27
43 38
23 64
34 66
32 41
44 20
24 85
35 54
33 31
45 100
25 43
36 93
34 79
46 17
26 89
37 91
35 47
47 12
27 88
38 72
36 71
48 39
28 49
39 92
37 81
49 88
29 41
40 65
38 69
50 86
30 81
39 56
51 32
31 19
42 42
52 95
32 25
43 70
41 30
53 41
33 100
44 56
42 43
54 15
34 45
45 11
43 93
55 38
35 82
46 45
44 95
56 76
36 79
47 96
45 10
57 92
37 14
48 39
46 11
58 46
38 39
49 42
47 50
59 11
39 67
50 41
48 15
60 42
40 95
49 80
61 57
41 52
52 97
62 62
42 65
53 100
51 82
63 57
43 29
54 62
52 39
64 81
44 83
55 80
53 48
65 19
45 15
56 51
54 60
66 93
46 99
57 95
55 43
67 91
47 72
58 29
56 29
68 90
48 39
59 56
57 76
69 39
49 30
60 49
58 59
70 25
50 57
59 59
71 58
51 92
62 81
72 23
52 84
63 34
61 47
73 79
53 69
64 15
62 64
74 73
54 11
65 60
63 37
75 66
55 65
66 100
64 87
76 62
56 96
67 78
65 38
77 90
57 13
68 77
66 86
78 89
58 61
69 18
67 95
79 95
59 38
70 59
68 63
80 82
60 11
69 60
81 11
61 31
72 26
82 36
62 56
73 24
71 56
83 49
63 63
74 11
72 14
84 28
64 57
75 10
73 19
85 42
65 71
76 76
74 85
86 36
66 72
77 55
75 44
87 50
67 19
78 47
76 33
88 92
68 93
79 46
77 50
89 21
69 92
80 37
78 61
90 31
70 53
79 99
91 41
71 95
82 72
92 32
72 66
83 84
81 27
93 56
73 32
84 76
82 92
94 12
74 66
85 22
83 11
95 76
75 19
86 100
84 35
96 100
76 39
87 35
85 13
97 78
77 21
88 47
86 13
98 21
78 31
89 67
87 41
99 80
79 72
90 92
88 52
100 14
80 35
89 44
81 74
92 40
82 52
93 16
91 52
83 55
94 55
92 95
84 49
95 47
93 33
85 93
96 48
94 100
86 48
97 76
95 76
87 33
98 15
96 74
88 64
99 91
97 29
89 48
100 99
98 47
90 15
99 39
16
72
4 34 81 48 16 
1 36 
2 97 30 
1 83 
2 91 64 
4 20 89 99 65 
3 39 12 6 
1 82 
2 86 46 
2 35 68 
1 29 
2 62 1 
2 92 49 
1 3 
7 26 53 38 42 54 43 72 
