100 360 10 100 18
2
3
3
3
3
3
3
3
3
2
3
4
4
4
4
4
4
4
4
3
3
4
4
4
4
4
4
4
4
3
3
4
4
4
4
4
4
4
4
3
3
4
4
4
4
4
4
4
4
3
3
4
4
4
4
4
4
4
4
3
3
4
4
4
4
4
4
4
4
3
3
4
4
4
4
4
4
4
4
3
3
4
4
4
4
4
4
4
4
3
2
3
3
3
3
3
3
3
3
2
11 47
2 29
12 64
3 35
1 81
13 34
4 34
2 39
14 10
5 89
3 98
15 91
6 99
4 37
16 86
7 52
5 65
17 52
8 90
6 78
18 76
9 67
7 23
19 21
10 44
8 30
20 26
9 51
21 30
1 44
12 21
22 94
2 90
13 72
11 96
23 71
3 55
14 38
12 49
24 47
4 81
15 56
13 42
25 81
5 42
16 30
14 26
26 40
6 34
17 49
15 84
27 43
7 94
18 70
16 86
28 94
8 70
19 73
17 82
29 92
9 37
20 66
18 32
30 26
10 24
19 94
31 96
11 41
22 63
32 87
12 68
23 38
21 17
33 14
13 19
24 39
22 68
34 47
14 88
25 28
23 55
35 59
15 15
26 84
24 43
36 43
16 68
27 46
25 27
37 12
17 19
28 50
26 19
38 56
18 24
29 23
27 23
39 25
19 61
30 51
28 11
40 46
20 99
29 94
41 43
21 65
32 26
42 85
22 39
33 93
31 72
43 78
23 64
34 58
32 77
44 17
24 57
35 27
33 97
45 42
25 65
36 23
34 52
46 20
26 94
37 36
35 80
47 85
27 21
38 70
36 91
48 72
28 97
39 60
37 88
49 62
29 48
40 23
38 98
50 17
30 96
39 82
51 23
31 90
42 84
52 27
32 52
43 55
41 41
53 75
33 56
44 87
42 34
54 72
34 37
45 35
43 25
55 97
35 58
46 67
44 64
56 62
36 82
47 70
45 68
57 51
37 80
48 46
46 100
58 60
38 21
49 54
47 80
59 98
39 33
50 39
48 74
60 43
40 62
49 79
61 32
41 78
52 51
62 28
42 36
53 81
51 63
63 55
43 59
54 25
52 48
64 94
44 48
55 39
53 54
65 23
45 60
56 62
54 48
66 27
46 66
57 20
55 15
67 42
47 82
58 22
56 34
68 46
48 19
59 49
57 78
69 28
49 55
60 59
58 34
70 54
50 29
59 12
71 88
51 48
62 85
72 35
52 15
63 33
61 86
73 37
53 59
64 11
62 34
74 93
54 95
65 70
63 45
75 20
55 61
66 26
64 78
76 90
56 14
67 93
65 90
77 83
57 65
68 86
66 74
78 74
58 22
69 30
67 37
79 44
59 89
70 78
68 31
80 67
60 80
69 55
81 65
61 20
72 44
82 60
62 11
73 37
71 37
83 57
63 56
74 94
72 40
84 27
64 88
75 80
73 50
85 70
65 97
76 18
74 54
86 95
66 43
77 99
75 85
87 21
67 61
78 86
76 91
88 38
68 59
79 97
77 55
89 73
69 26
80 39
78 60
90 89
70 27
79 68
91 61
71 100
82 95
92 43
72 87
83 27
81 63
93 96
73 12
84 17
82 39
94 79
74 18
85 11
83 100
95 28
75 55
86 70
84 58
96 33
76 99
87 68
85 12
97 85
77 31
88 20
86 41
98 57
78 73
89 65
87 69
99 94
79 29
90 15
88 65
100 48
80 74
89 84
81 23
92 87
82 33
93 41
91 65
83 11
94 73
92 56
84 77
95 14
93 68
85 67
96 39
94 51
86 26
97 89
95 63
87 56
98 33
96 11
88 43
99 36
97 69
89 91
100 30
98 54
90 63
99 83
84
6
1 84 
1 42 
4 27 95 66 72 
2 91 52 
2 46 65 
2 81 100 
1 96 
1 82 
1 22 
2 45 16 
2 38 53 
2 41 2 
1 25 
2 19 21 
2 35 48 
6 5 85 87 30 43 71 
2 1 20 
1 6 
