100 360 10 100 15
2
3
3
3
3
3
3
3
3
2
3
4
4
4
4
4
4
4
4
3
3
4
4
4
4
4
4
4
4
3
3
4
4
4
4
4
4
4
4
3
3
4
4
4
4
4
4
4
4
3
3
4
4
4
4
4
4
4
4
3
3
4
4
4
4
4
4
4
4
3
3
4
4
4
4
4
4
4
4
3
3
4
4
4
4
4
4
4
4
3
2
3
3
3
3
3
3
3
3
2
11 50
2 29
12 15
3 95
1 90
13 25
4 37
2 83
14 30
5 14
3 86
15 91
6 30
4 61
16 61
7 51
5 58
17 49
8 11
6 63
18 44
9 48
7 16
19 14
10 20
8 50
20 85
9 100
21 90
1 32
12 21
22 73
2 99
13 67
11 95
23 64
3 62
14 98
12 30
24 25
4 32
15 77
13 58
25 62
5 74
16 74
14 61
26 76
6 93
17 52
15 63
27 97
7 89
18 14
16 79
28 79
8 95
19 96
17 16
29 88
9 40
20 51
18 46
30 71
10 71
19 31
31 81
11 29
22 67
32 14
12 44
23 87
21 73
33 32
13 77
24 55
22 75
34 42
14 100
25 86
23 59
35 61
15 30
26 76
24 25
36 48
16 14
27 56
25 85
37 45
17 39
28 17
26 11
38 54
18 30
29 24
27 97
39 32
19 25
30 27
28 42
40 51
20 86
29 49
41 53
21 19
32 66
42 80
22 47
33 76
31 72
43 86
23 34
34 99
32 89
44 22
24 64
35 93
33 39
45 58
25 65
36 26
34 28
46 16
26 57
37 18
35 67
47 48
27 80
38 72
36 33
48 59
28 64
39 73
37 48
49 67
29 70
40 19
38 60
50 79
30 16
39 78
51 66
31 55
42 27
52 57
32 16
43 75
41 57
53 90
33 84
44 46
42 46
54 88
34 17
45 63
43 25
55 19
35 60
46 98
44 45
56 50
36 78
47 74
45 21
57 15
37 22
48 37
46 72
58 11
38 15
49 38
47 10
59 42
39 48
50 42
48 26
60 11
40 45
49 50
61 65
41 12
52 51
62 73
42 45
53 76
51 28
63 88
43 80
54 74
52 67
64 77
44 65
55 64
53 76
65 18
45 30
56 47
54 95
66 54
46 80
57 89
55 21
67 17
47 68
58 92
56 27
68 44
48 15
59 28
57 15
69 13
49 52
60 46
58 98
70 76
50 36
59 14
71 18
51 77
62 79
72 19
52 15
63 95
61 95
73 93
53 42
64 77
62 43
74 36
54 14
65 26
63 96
75 21
55 96
66 64
64 30
76 22
56 62
67 13
65 20
77 62
57 26
68 44
66 90
78 94
58 13
69 13
67 84
79 82
59 82
70 23
68 44
80 56
60 18
69 92
81 83
61 95
72 19
82 29
62 10
73 50
71 92
83 46
63 66
74 74
72 35
84 59
64 77
75 78
73 39
85 62
65 92
76 95
74 65
86 47
66 82
77 10
75 61
87 60
67 35
78 65
76 14
88 79
68 43
79 60
77 79
89 95
69 53
80 97
78 31
90 72
70 62
79 79
91 34
71 63
82 95
92 58
72 90
83 72
81 15
93 74
73 38
84 96
82 49
94 20
74 83
85 26
83 72
95 92
75 68
86 19
84 89
96 31
76 80
87 54
85 13
97 75
77 48
88 56
86 64
98 39
78 48
89 38
87 62
99 75
79 56
90 27
88 48
100 94
80 52
89 31
81 61
92 54
82 59
93 68
91 47
83 40
94 19
92 47
84 39
95 28
93 21
85 10
96 51
94 86
86 55
97 41
95 50
87 25
98 100
96 35
88 41
99 19
97 76
89 33
100 31
98 45
90 29
99 54
94
60
1 94 
2 95 100 
4 91 24 39 47 
3 15 22 58 
1 64 
4 43 66 86 19 
3 70 83 77 
2 51 45 
2 28 87 
1 49 
2 13 54 
3 69 11 32 
4 42 14 75 89 
2 8 62 
1 60 
