100 360 10 100 19
2
3
3
3
3
3
3
3
3
2
3
4
4
4
4
4
4
4
4
3
3
4
4
4
4
4
4
4
4
3
3
4
4
4
4
4
4
4
4
3
3
4
4
4
4
4
4
4
4
3
3
4
4
4
4
4
4
4
4
3
3
4
4
4
4
4
4
4
4
3
3
4
4
4
4
4
4
4
4
3
3
4
4
4
4
4
4
4
4
3
2
3
3
3
3
3
3
3
3
2
11 26
2 29
12 36
3 85
1 26
13 52
4 66
2 35
14 29
5 30
3 38
15 23
6 29
4 59
16 41
7 14
5 91
17 50
8 82
6 62
18 35
9 79
7 94
19 85
10 91
8 72
20 83
9 26
21 20
1 60
12 74
22 44
2 34
13 16
11 65
23 90
3 97
14 73
12 45
24 64
4 98
15 91
13 82
25 24
5 31
16 10
14 76
26 23
6 61
17 89
15 94
27 97
7 38
18 83
16 37
28 55
8 54
19 56
17 21
29 90
9 23
20 88
18 63
30 30
10 36
19 49
31 95
11 80
22 50
32 67
12 32
23 66
21 65
33 17
13 99
24 71
22 87
34 14
14 87
25 92
23 19
35 60
15 62
26 11
24 10
36 15
16 97
27 37
25 68
37 100
17 61
28 91
26 22
38 77
18 20
29 38
27 89
39 67
19 86
30 22
28 37
40 41
20 38
29 37
41 56
21 31
32 64
42 52
22 13
33 90
31 87
43 98
23 54
34 75
32 39
44 20
24 69
35 58
33 86
45 36
25 58
36 17
34 83
46 18
26 80
37 79
35 65
47 79
27 32
38 41
36 65
48 57
28 40
39 45
37 72
49 72
29 83
40 66
38 46
50 91
30 95
39 42
51 40
31 55
42 21
52 90
32 31
43 97
41 43
53 99
33 19
44 93
42 10
54 28
34 94
45 67
43 48
55 21
35 97
46 70
44 68
56 33
36 80
47 20
45 33
57 83
37 39
48 10
46 91
58 39
38 55
49 75
47 77
59 81
39 49
50 40
48 38
60 62
40 37
49 69
61 52
41 78
52 36
62 54
42 49
53 55
51 88
63 97
43 56
54 54
52 51
64 23
44 96
55 91
53 90
65 20
45 96
56 23
54 98
66 27
46 51
57 38
55 57
67 81
47 44
58 17
56 90
68 30
48 24
59 14
57 56
69 57
49 16
60 51
58 33
70 21
50 41
59 89
71 54
51 12
62 21
72 87
52 68
63 84
61 46
73 39
53 87
64 65
62 17
74 98
54 100
65 82
63 29
75 66
55 44
66 63
64 35
76 28
56 57
67 92
65 49
77 48
57 65
68 69
66 23
78 25
58 62
69 20
67 72
79 43
59 70
70 84
68 76
80 69
60 97
69 69
81 23
61 79
72 60
82 72
62 86
73 98
71 92
83 81
63 62
74 90
72 30
84 38
64 74
75 56
73 66
85 58
65 87
76 63
74 68
86 90
66 96
77 55
75 33
87 44
67 99
78 36
76 76
88 70
68 95
79 37
77 92
89 93
69 57
80 88
78 21
90 94
70 17
79 52
91 15
71 56
82 57
92 44
72 81
83 31
81 35
93 75
73 58
84 33
82 60
94 68
74 55
85 80
83 91
95 96
75 47
86 32
84 91
96 24
76 12
87 52
85 13
97 79
77 64
88 71
86 39
98 100
78 20
89 87
87 87
99 52
79 52
90 45
88 55
100 52
80 84
89 23
81 53
92 30
82 78
93 41
91 55
83 96
94 80
92 97
84 85
95 90
93 71
85 57
96 76
94 18
86 13
97 69
95 63
87 38
98 80
96 40
88 19
99 49
97 88
89 88
100 83
98 79
90 36
99 89
31
46
3 18 76 31 
1 93 
2 21 83 
2 3 64 
4 62 57 96 98 
1 94 
1 58 
1 36 
2 52 51 
2 70 10 
2 71 13 
2 44 78 
1 86 
2 16 95 
1 24 
1 99 
2 97 56 
2 72 48 
3 20 75 46 
