100 360 10 100 15
2
3
3
3
3
3
3
3
3
2
3
4
4
4
4
4
4
4
4
3
3
4
4
4
4
4
4
4
4
3
3
4
4
4
4
4
4
4
4
3
3
4
4
4
4
4
4
4
4
3
3
4
4
4
4
4
4
4
4
3
3
4
4
4
4
4
4
4
4
3
3
4
4
4
4
4
4
4
4
3
3
4
4
4
4
4
4
4
4
3
2
3
3
3
3
3
3
3
3
2
11 63
2 29
12 41
3 77
1 16
13 13
4 19
2 95
14 41
5 53
3 83
15 23
6 41
4 71
16 83
7 92
5 95
17 86
8 55
6 34
18 26
9 92
7 44
19 65
10 24
8 28
20 81
9 15
21 17
1 38
12 62
22 62
2 43
13 45
11 59
23 34
3 57
14 34
12 46
24 10
4 49
15 42
13 92
25 56
5 51
16 58
14 37
26 93
6 52
17 29
15 52
27 94
7 31
18 31
16 17
28 63
8 18
19 38
17 94
29 16
9 12
20 17
18 84
30 42
10 18
19 26
31 79
11 59
22 39
32 30
12 98
23 79
21 56
33 70
13 41
24 75
22 10
34 42
14 66
25 41
23 45
35 43
15 96
26 63
24 96
36 29
16 95
27 27
25 53
37 36
17 91
28 58
26 99
38 59
18 70
29 14
27 91
39 26
19 58
30 39
28 69
40 37
20 10
29 92
41 47
21 85
32 87
42 99
22 100
33 19
31 27
43 21
23 70
34 25
32 97
44 21
24 77
35 15
33 89
45 28
25 88
36 84
34 77
46 17
26 58
37 98
35 55
47 45
27 12
38 17
36 74
48 47
28 55
39 30
37 31
49 80
29 71
40 65
38 29
50 65
30 73
39 29
51 100
31 52
42 72
52 43
32 39
43 53
41 77
53 79
33 75
44 88
42 62
54 81
34 52
45 50
43 66
55 85
35 19
46 48
44 38
56 11
36 78
47 87
45 32
57 62
37 72
48 20
46 90
58 32
38 84
49 95
47 70
59 42
39 59
50 41
48 74
60 84
40 93
49 50
61 42
41 54
52 60
62 48
42 21
53 90
51 97
63 14
43 49
54 12
52 32
64 98
44 58
55 37
53 41
65 55
45 76
56 86
54 56
66 95
46 37
57 75
55 89
67 98
47 16
58 54
56 46
68 54
48 65
59 63
57 70
69 11
49 57
60 66
58 20
70 100
50 85
59 41
71 42
51 86
62 62
72 22
52 93
63 58
61 48
73 48
53 77
64 77
62 19
74 40
54 67
65 82
63 97
75 48
55 59
66 13
64 83
76 100
56 10
67 52
65 13
77 61
57 55
68 27
66 15
78 91
58 96
69 16
67 36
79 17
59 56
70 45
68 19
80 90
60 32
69 36
81 22
61 75
72 60
82 88
62 74
73 16
71 16
83 66
63 10
74 73
72 22
84 40
64 65
75 19
73 27
85 32
65 98
76 47
74 77
86 77
66 58
77 55
75 14
87 17
67 62
78 91
76 44
88 14
68 73
79 88
77 43
89 51
69 94
80 97
78 85
90 11
70 39
79 18
91 38
71 64
82 81
92 24
72 76
83 97
81 77
93 27
73 16
84 30
82 57
94 34
74 18
85 42
83 17
95 83
75 57
86 31
84 57
96 90
76 19
87 42
85 86
97 40
77 50
88 69
86 33
98 28
78 93
89 92
87 49
99 78
79 29
90 48
88 69
100 82
80 78
89 57
81 69
92 100
82 18
93 91
91 32
83 85
94 96
92 58
84 81
95 75
93 46
85 24
96 67
94 58
86 51
97 26
95 48
87 66
98 67
96 77
88 73
99 44
97 11
89 42
100 35
98 64
90 94
99 63
7
80
4 99 66 3 7 
2 98 57 
4 67 88 54 33 
2 83 25 
4 39 74 53 48 
3 22 90 56 
3 29 35 89 
1 64 
2 9 40 
2 6 20 
1 14 
2 10 45 
1 27 
2 50 61 
2 71 80 
