100 360 10 100 18
2
3
3
3
3
3
3
3
3
2
3
4
4
4
4
4
4
4
4
3
3
4
4
4
4
4
4
4
4
3
3
4
4
4
4
4
4
4
4
3
3
4
4
4
4
4
4
4
4
3
3
4
4
4
4
4
4
4
4
3
3
4
4
4
4
4
4
4
4
3
3
4
4
4
4
4
4
4
4
3
3
4
4
4
4
4
4
4
4
3
2
3
3
3
3
3
3
3
3
2
11 30
2 29
12 91
3 29
1 28
13 51
4 89
2 85
14 87
5 38
3 41
15 91
6 86
4 23
16 26
7 88
5 46
17 33
8 92
6 57
18 70
9 100
7 76
19 74
10 39
8 88
20 93
9 42
21 97
1 97
12 58
22 17
2 73
13 71
11 23
23 52
3 93
14 32
12 27
24 97
4 90
15 42
13 27
25 59
5 12
16 21
14 87
26 47
6 28
17 49
15 98
27 17
7 20
18 77
16 48
28 54
8 21
19 60
17 69
29 36
9 74
20 82
18 71
30 35
10 33
19 99
31 38
11 94
22 100
32 36
12 27
23 48
21 10
33 54
13 67
24 42
22 33
34 46
14 72
25 57
23 74
35 23
15 18
26 10
24 39
36 99
16 21
27 85
25 38
37 55
17 41
28 25
26 53
38 19
18 62
29 96
27 92
39 63
19 18
30 64
28 36
40 65
20 78
29 67
41 81
21 38
32 88
42 29
22 58
33 17
31 72
43 43
23 76
34 67
32 97
44 18
24 41
35 40
33 31
45 82
25 65
36 97
34 47
46 19
26 32
37 51
35 96
47 59
27 51
38 52
36 98
48 88
28 17
39 27
37 80
49 45
29 16
40 22
38 18
50 66
30 80
39 27
51 68
31 65
42 55
52 15
32 81
43 23
41 44
53 60
33 98
44 61
42 72
54 21
34 51
45 23
43 62
55 100
35 22
46 73
44 42
56 23
36 81
47 53
45 22
57 80
37 14
48 98
46 76
58 32
38 20
49 69
47 30
59 69
39 18
50 39
48 10
60 37
40 59
49 18
61 94
41 83
52 69
62 92
42 38
53 62
51 92
63 62
43 100
54 17
52 34
64 36
44 88
55 44
53 40
65 95
45 90
56 41
54 39
66 32
46 33
57 70
55 16
67 55
47 61
58 72
56 69
68 64
48 73
59 63
57 66
69 61
49 18
60 93
58 47
70 22
50 85
59 67
71 56
51 35
62 48
72 32
52 33
63 82
61 88
73 66
53 74
64 43
62 36
74 27
54 24
65 25
63 73
75 75
55 50
66 34
64 68
76 77
56 23
67 40
65 40
77 24
57 57
68 77
66 23
78 78
58 93
69 27
67 10
79 70
59 33
70 49
68 33
80 83
60 31
69 98
81 87
61 17
72 21
82 72
62 47
73 21
71 48
83 92
63 40
74 36
72 57
84 51
64 13
75 98
73 66
85 50
65 59
76 51
74 38
86 86
66 14
77 100
75 25
87 47
67 56
78 82
76 21
88 65
68 20
79 90
77 41
89 41
69 31
80 69
78 18
90 49
70 89
79 89
91 56
71 38
82 22
92 28
72 14
83 54
81 71
93 37
73 72
84 14
82 59
94 31
74 12
85 50
83 22
95 41
75 39
86 23
84 10
96 15
76 59
87 83
85 67
97 10
77 89
88 63
86 82
98 71
78 13
89 23
87 85
99 90
79 34
90 17
88 98
100 94
80 70
89 19
81 12
92 26
82 56
93 10
91 25
83 71
94 62
92 73
84 51
95 71
93 95
85 20
96 78
94 58
86 32
97 80
95 97
87 32
98 46
96 16
88 61
99 32
97 34
89 79
100 84
98 89
90 38
99 41
66
77
4 92 87 68 66 
1 14 
2 95 27 
1 54 
3 43 74 86 
3 58 38 63 
3 82 84 93 
2 52 97 
3 46 24 53 
1 61 
1 32 
1 26 
1 16 
1 70 
2 21 98 
2 35 94 
2 36 18 
2 96 77 
