100 360 11 100 17
2
3
3
3
3
3
3
3
3
2
3
4
4
4
4
4
4
4
4
3
3
4
4
4
4
4
4
4
4
3
3
4
4
4
4
4
4
4
4
3
3
4
4
4
4
4
4
4
4
3
3
4
4
4
4
4
4
4
4
3
3
4
4
4
4
4
4
4
4
3
3
4
4
4
4
4
4
4
4
3
3
4
4
4
4
4
4
4
4
3
2
3
3
3
3
3
3
3
3
2
11 15
2 29
12 82
3 57
1 69
13 66
4 77
2 89
14 39
5 85
3 78
15 69
6 38
4 66
16 43
7 17
5 71
17 88
8 14
6 31
18 98
9 62
7 19
19 26
10 74
8 72
20 77
9 50
21 58
1 94
12 77
22 95
2 96
13 34
11 90
23 85
3 35
14 75
12 77
24 89
4 89
15 70
13 49
25 71
5 55
16 22
14 69
26 78
6 79
17 11
15 24
27 94
7 20
18 78
16 22
28 14
8 28
19 50
17 13
29 19
9 70
20 90
18 27
30 50
10 40
19 64
31 15
11 69
22 96
32 45
12 73
23 39
21 39
33 40
13 84
24 16
22 35
34 77
14 41
25 53
23 56
35 41
15 69
26 25
24 66
36 55
16 80
27 80
25 20
37 54
17 44
28 25
26 29
38 15
18 50
29 44
27 74
39 97
19 88
30 29
28 59
40 17
20 97
29 69
41 54
21 17
32 84
42 42
22 33
33 49
31 56
43 45
23 20
34 67
32 86
44 17
24 86
35 36
33 91
45 76
25 73
36 68
34 97
46 20
26 13
37 38
35 51
47 14
27 99
38 45
36 47
48 43
28 98
39 65
37 80
49 91
29 98
40 68
38 92
50 89
30 49
39 47
51 50
31 50
42 59
52 18
32 70
43 98
41 49
53 97
33 37
44 93
42 82
54 53
34 23
45 57
43 21
55 90
35 93
46 83
44 85
56 67
36 82
47 69
45 57
57 15
37 14
48 58
46 37
58 88
38 74
49 78
47 23
59 27
39 62
50 39
48 99
60 95
40 77
49 89
61 15
41 94
52 29
62 11
42 29
53 50
51 35
63 33
43 93
54 63
52 92
64 81
44 28
55 92
53 68
65 60
45 25
56 37
54 63
66 42
46 71
57 62
55 68
67 43
47 58
58 87
56 82
68 25
48 84
59 35
57 62
69 99
49 75
60 77
58 73
70 81
50 95
59 100
71 25
51 47
62 37
72 65
52 16
63 37
61 41
73 32
53 75
64 52
62 57
74 72
54 58
65 14
63 55
75 47
55 45
66 12
64 92
76 21
56 90
67 28
65 71
77 33
57 42
68 77
66 62
78 44
58 13
69 30
67 12
79 31
59 32
70 76
68 84
80 23
60 99
69 81
81 82
61 43
72 50
82 83
62 44
73 20
71 15
83 45
63 92
74 14
72 11
84 89
64 59
75 66
73 82
85 23
65 86
76 74
74 83
86 72
66 86
77 54
75 49
87 77
67 98
78 32
76 78
88 86
68 86
79 43
77 69
89 48
69 11
80 79
78 65
90 55
70 40
79 55
91 91
71 50
82 96
92 87
72 58
83 14
81 25
93 30
73 55
84 85
82 79
94 37
74 55
85 60
83 56
95 90
75 15
86 58
84 62
96 77
76 66
87 39
85 85
97 49
77 81
88 99
86 75
98 58
78 37
89 99
87 100
99 33
79 22
90 83
88 83
100 90
80 51
89 41
81 52
92 51
82 58
93 38
91 47
83 16
94 34
92 65
84 82
95 19
93 55
85 26
96 27
94 14
86 57
97 81
95 73
87 92
98 27
96 87
88 29
99 13
97 35
89 59
100 49
98 42
90 15
99 42
82
78
2 77 82 
1 6 
1 27 
3 1 100 44 
2 76 92 
2 65 97 
2 62 21 
2 42 67 
5 96 86 51 88 91 
1 60 
1 34 
2 26 4 
2 87 40 
1 90 
3 69 93 18 
4 24 17 28 14 
1 78 
