100 360 10 100 16
2
3
3
3
3
3
3
3
3
2
3
4
4
4
4
4
4
4
4
3
3
4
4
4
4
4
4
4
4
3
3
4
4
4
4
4
4
4
4
3
3
4
4
4
4
4
4
4
4
3
3
4
4
4
4
4
4
4
4
3
3
4
4
4
4
4
4
4
4
3
3
4
4
4
4
4
4
4
4
3
3
4
4
4
4
4
4
4
4
3
2
3
3
3
3
3
3
3
3
2
11 71
2 29
12 44
3 45
1 54
13 99
4 96
2 88
14 11
5 73
3 55
15 68
6 10
4 39
16 15
7 90
5 32
17 51
8 19
6 80
18 85
9 37
7 35
19 41
10 64
8 99
20 28
9 33
21 10
1 16
12 59
22 32
2 63
13 32
11 35
23 46
3 20
14 63
12 33
24 99
4 15
15 42
13 18
25 28
5 86
16 94
14 10
26 93
6 66
17 12
15 52
27 43
7 54
18 92
16 38
28 27
8 20
19 22
17 77
29 90
9 53
20 30
18 15
30 68
10 58
19 75
31 82
11 82
22 80
32 34
12 81
23 58
21 25
33 29
13 89
24 23
22 56
34 75
14 10
25 21
23 94
35 60
15 74
26 58
24 58
36 75
16 76
27 65
25 43
37 49
17 88
28 66
26 99
38 32
18 34
29 99
27 31
39 81
19 92
30 56
28 17
40 56
20 56
29 14
41 40
21 54
32 27
42 22
22 72
33 78
31 57
43 66
23 44
34 83
32 36
44 19
24 53
35 62
33 50
45 64
25 73
36 32
34 88
46 18
26 71
37 67
35 82
47 54
27 68
38 10
36 60
48 74
28 30
39 88
37 64
49 56
29 34
40 67
38 22
50 96
30 17
39 27
51 49
31 91
42 91
52 85
32 37
43 33
41 55
53 66
33 30
44 40
42 69
54 41
34 52
45 32
43 93
55 95
35 21
46 95
44 41
56 80
36 80
47 34
45 56
57 74
37 64
48 72
46 81
58 32
38 71
49 17
47 13
59 60
39 32
50 40
48 61
60 83
40 70
49 59
61 46
41 13
52 66
62 47
42 32
53 11
51 94
63 46
43 83
54 46
52 64
64 56
44 17
55 11
53 40
65 21
45 85
56 86
54 45
66 53
46 95
57 72
55 71
67 70
47 16
58 97
56 61
68 60
48 100
59 63
57 37
69 75
49 92
60 53
58 98
70 17
50 24
59 28
71 51
51 22
62 52
72 59
52 53
63 44
61 44
73 90
53 14
64 24
62 61
74 31
54 99
65 14
63 21
75 66
55 23
66 27
64 73
76 85
56 19
67 14
65 61
77 97
57 26
68 61
66 50
78 52
58 64
69 23
67 49
79 83
59 10
70 17
68 89
80 55
60 92
69 78
81 35
61 37
72 95
82 16
62 26
73 80
71 37
83 22
63 60
74 79
72 46
84 48
64 91
75 11
73 23
85 75
65 11
76 50
74 51
86 53
66 29
77 54
75 22
87 37
67 88
78 24
76 29
88 48
68 98
79 28
77 42
89 75
69 22
80 48
78 71
90 67
70 72
79 95
91 80
71 17
82 42
92 57
72 96
83 69
81 43
93 94
73 84
84 80
82 28
94 32
74 45
85 48
83 81
95 25
75 76
86 56
84 56
96 40
76 76
87 70
85 12
97 81
77 15
88 95
86 66
98 87
78 100
89 15
87 43
99 25
79 33
90 88
88 58
100 90
80 42
89 92
81 31
92 20
82 13
93 67
91 58
83 46
94 13
92 98
84 31
95 42
93 18
85 21
96 13
94 28
86 69
97 62
95 50
87 43
98 53
96 97
88 65
99 97
97 57
89 36
100 68
98 20
90 57
99 48
46
20
1 46 
2 73 51 
1 37 
5 10 27 43 66 48 
2 100 31 
2 52 25 
4 34 77 54 12 
2 62 94 
2 95 61 
2 8 58 
2 79 97 
1 60 
1 26 
2 1 88 
4 98 91 75 16 
2 99 20 
