100 360 10 100 17
2
3
3
3
3
3
3
3
3
2
3
4
4
4
4
4
4
4
4
3
3
4
4
4
4
4
4
4
4
3
3
4
4
4
4
4
4
4
4
3
3
4
4
4
4
4
4
4
4
3
3
4
4
4
4
4
4
4
4
3
3
4
4
4
4
4
4
4
4
3
3
4
4
4
4
4
4
4
4
3
3
4
4
4
4
4
4
4
4
3
2
3
3
3
3
3
3
3
3
2
11 68
2 29
12 80
3 11
1 52
13 100
4 73
2 38
14 44
5 66
3 52
15 91
6 44
4 74
16 30
7 15
5 78
17 68
8 100
6 85
18 51
9 16
7 54
19 52
10 25
8 82
20 18
9 17
21 24
1 71
12 75
22 59
2 24
13 68
11 77
23 84
3 24
14 13
12 52
24 66
4 24
15 91
13 73
25 84
5 13
16 83
14 90
26 69
6 99
17 52
15 49
27 32
7 72
18 98
16 26
28 28
8 53
19 19
17 29
29 52
9 94
20 36
18 97
30 62
10 61
19 25
31 48
11 68
22 30
32 65
12 85
23 77
21 80
33 83
13 29
24 51
22 19
34 43
14 25
25 56
23 40
35 97
15 27
26 59
24 28
36 83
16 61
27 17
25 73
37 93
17 17
28 41
26 67
38 91
18 83
29 42
27 28
39 85
19 69
30 13
28 18
40 32
20 16
29 76
41 15
21 47
32 94
42 44
22 27
33 61
31 72
43 30
23 22
34 91
32 69
44 21
24 81
35 80
33 14
45 18
25 65
36 43
34 33
46 17
26 28
37 95
35 51
47 74
27 50
38 90
36 27
48 43
28 52
39 16
37 56
49 84
29 11
40 20
38 49
50 30
30 32
39 42
51 21
31 81
42 57
52 69
32 78
43 16
41 54
53 14
33 42
44 72
42 98
54 48
34 94
45 76
43 80
55 16
35 96
46 92
44 67
56 89
36 79
47 92
45 66
57 77
37 88
48 75
46 96
58 39
38 16
49 23
47 60
59 72
39 63
50 41
48 90
60 18
40 49
49 19
61 95
41 98
52 33
62 100
42 43
53 95
51 89
63 81
43 39
54 82
52 81
64 44
44 25
55 59
53 90
65 37
45 91
56 68
54 12
66 48
46 23
57 39
55 20
67 95
47 89
58 41
56 83
68 26
48 52
59 14
57 28
69 70
49 89
60 12
58 85
70 17
50 71
59 50
71 50
51 89
62 26
72 23
52 88
63 46
61 93
73 63
53 27
64 46
62 41
74 11
54 84
65 71
63 67
75 57
55 16
66 56
64 40
76 36
56 53
67 65
65 71
77 30
57 34
68 52
66 50
78 90
58 33
69 17
67 20
79 56
59 47
70 52
68 41
80 40
60 67
69 48
81 62
61 99
72 43
82 17
62 65
73 66
71 81
83 12
63 82
74 42
72 18
84 34
64 61
75 60
73 23
85 82
65 39
76 62
74 81
86 57
66 20
77 10
75 29
87 34
67 40
78 69
76 84
88 53
68 83
79 67
77 92
89 36
69 48
80 67
78 73
90 21
70 91
79 58
91 39
71 34
82 77
92 73
72 71
83 45
81 97
93 42
73 70
84 98
82 29
94 69
74 88
85 77
83 59
95 80
75 84
86 65
84 46
96 49
76 29
87 39
85 49
97 59
77 81
88 12
86 23
98 25
78 17
89 79
87 45
99 79
79 51
90 24
88 15
100 48
80 57
89 96
81 72
92 24
82 35
93 99
91 87
83 70
94 30
92 31
84 65
95 61
93 85
85 58
96 12
94 79
86 49
97 51
95 16
87 50
98 87
96 30
88 23
99 22
97 20
89 45
100 67
98 10
90 54
99 96
12
89
2 43 12 
2 65 29 
2 48 93 
4 99 92 86 58 
1 44 
1 56 
1 80 
2 40 34 
2 22 54 
1 4 
2 32 75 
1 8 
4 35 71 18 97 
2 57 16 
2 66 46 
4 78 6 79 67 
2 3 89 
