100 360 10 100 16
2
3
3
3
3
3
3
3
3
2
3
4
4
4
4
4
4
4
4
3
3
4
4
4
4
4
4
4
4
3
3
4
4
4
4
4
4
4
4
3
3
4
4
4
4
4
4
4
4
3
3
4
4
4
4
4
4
4
4
3
3
4
4
4
4
4
4
4
4
3
3
4
4
4
4
4
4
4
4
3
3
4
4
4
4
4
4
4
4
3
2
3
3
3
3
3
3
3
3
2
11 45
2 29
12 84
3 81
1 21
13 32
4 42
2 65
14 80
5 87
3 61
15 23
6 80
4 19
16 62
7 99
5 48
17 68
8 23
6 48
18 30
9 40
7 69
19 29
10 57
8 50
20 36
9 20
21 64
1 95
12 68
22 53
2 84
13 76
11 17
23 16
3 31
14 99
12 91
24 37
4 73
15 21
13 41
25 40
5 41
16 34
14 57
26 58
6 57
17 59
15 73
27 50
7 80
18 57
16 72
28 59
8 82
19 47
17 12
29 53
9 18
20 98
18 28
30 36
10 73
19 83
31 87
11 24
22 44
32 94
12 65
23 73
21 60
33 43
13 70
24 73
22 94
34 74
14 77
25 21
23 32
35 97
15 33
26 83
24 98
36 22
16 96
27 32
25 15
37 68
17 76
28 74
26 15
38 23
18 45
29 26
27 44
39 92
19 26
30 31
28 53
40 85
20 24
29 19
41 52
21 13
32 76
42 75
22 56
33 100
31 57
43 14
23 62
34 50
32 22
44 20
24 28
35 36
33 42
45 32
25 27
36 96
34 80
46 17
26 69
37 89
35 15
47 62
27 22
38 29
36 70
48 97
28 47
39 83
37 97
49 31
29 32
40 66
38 83
50 33
30 84
39 35
51 70
31 99
42 92
52 21
32 81
43 75
41 14
53 89
33 47
44 45
42 36
54 54
34 73
45 58
43 11
55 53
35 12
46 13
44 53
56 67
36 79
47 99
45 33
57 72
37 55
48 15
46 45
58 81
38 24
49 85
47 74
59 61
39 100
50 41
48 56
60 28
40 65
49 60
61 92
41 20
52 48
62 97
42 80
53 73
51 47
63 10
43 53
54 78
52 42
64 15
44 31
55 64
53 20
65 38
45 86
56 100
54 31
66 61
46 90
57 11
55 27
67 89
47 30
58 81
56 23
68 42
48 90
59 84
57 18
69 79
49 82
60 13
58 72
70 60
50 17
59 65
71 94
51 95
62 87
72 54
52 80
63 26
61 47
73 89
53 36
64 25
62 18
74 23
54 84
65 82
63 17
75 12
55 97
66 38
64 59
76 19
56 33
67 26
65 77
77 100
57 60
68 94
66 19
78 58
58 79
69 18
67 54
79 30
59 63
70 64
68 48
80 79
60 64
69 98
81 68
61 77
72 14
82 80
62 80
73 57
71 99
83 74
63 81
74 82
72 72
84 85
64 24
75 38
73 46
85 45
65 92
76 55
74 27
86 84
66 77
77 55
75 24
87 31
67 35
78 63
76 60
88 87
68 39
79 63
77 22
89 72
69 30
80 47
78 53
90 98
70 28
79 35
91 72
71 15
82 69
92 34
72 33
83 18
81 10
93 97
73 37
84 31
82 13
94 96
74 82
85 15
83 100
95 44
75 98
86 32
84 28
96 12
76 16
87 93
85 49
97 60
77 11
88 70
86 36
98 19
78 11
89 89
87 68
99 20
79 86
90 46
88 17
100 22
80 81
89 40
81 15
92 19
82 94
93 21
91 89
83 45
94 42
92 77
84 38
95 37
93 59
85 86
96 72
94 83
86 77
97 93
95 55
87 52
98 28
96 13
88 91
99 46
97 95
89 19
100 59
98 72
90 19
99 31
19
27
2 100 19 
2 52 7 
2 85 22 
3 5 28 99 
3 15 93 12 
1 72 
2 37 58 
1 14 
2 81 8 
2 34 78 
1 68 
5 63 41 56 57 97 
4 44 55 49 18 
2 35 62 
2 46 91 
1 27 
