100 360 10 100 18
2
3
3
3
3
3
3
3
3
2
3
4
4
4
4
4
4
4
4
3
3
4
4
4
4
4
4
4
4
3
3
4
4
4
4
4
4
4
4
3
3
4
4
4
4
4
4
4
4
3
3
4
4
4
4
4
4
4
4
3
3
4
4
4
4
4
4
4
4
3
3
4
4
4
4
4
4
4
4
3
3
4
4
4
4
4
4
4
4
3
2
3
3
3
3
3
3
3
3
2
11 98
2 29
12 95
3 100
1 88
13 74
4 59
2 20
14 32
5 59
3 50
15 23
6 31
4 59
16 59
7 81
5 16
17 33
8 15
6 20
18 50
9 33
7 92
19 52
10 72
8 56
20 20
9 46
21 46
1 29
12 50
22 11
2 42
13 79
11 54
23 75
3 99
14 26
12 66
24 69
4 48
15 63
13 87
25 15
5 40
16 62
14 54
26 36
6 76
17 57
15 31
27 36
7 28
18 36
16 94
28 86
8 49
19 88
17 52
29 37
9 89
20 53
18 92
30 100
10 44
19 67
31 78
11 49
22 24
32 65
12 97
23 43
21 81
33 15
13 17
24 63
22 17
34 77
14 33
25 22
23 66
35 23
15 25
26 33
24 18
36 38
16 56
27 99
25 71
37 30
17 100
28 58
26 92
38 42
18 23
29 80
27 18
39 70
19 66
30 82
28 71
40 27
20 87
29 10
41 28
21 94
32 70
42 60
22 88
33 56
31 56
43 27
23 26
34 25
32 51
44 17
24 78
35 88
33 58
45 96
25 27
36 59
34 95
46 19
26 73
37 45
35 59
47 47
27 23
38 82
36 50
48 51
28 12
39 94
37 30
49 82
29 37
40 68
38 51
50 68
30 41
39 20
51 27
31 83
42 90
52 58
32 84
43 82
41 96
53 44
33 12
44 34
42 11
54 27
34 30
45 96
43 84
55 46
35 30
46 86
44 28
56 93
36 82
47 60
45 79
57 76
37 72
48 38
46 25
58 74
38 28
49 40
47 43
59 58
39 54
50 39
48 67
60 47
40 75
49 58
61 91
41 96
52 84
62 88
42 75
53 40
51 49
63 82
43 22
54 13
52 85
64 98
44 94
55 49
53 61
65 95
45 85
56 72
54 58
66 45
46 100
57 42
55 23
67 50
47 93
58 21
56 100
68 79
48 20
59 42
57 56
69 70
49 11
60 94
58 34
70 65
50 32
59 82
71 100
51 41
62 18
72 63
52 26
63 61
61 42
73 92
53 83
64 22
62 12
74 39
54 23
65 36
63 24
75 29
55 39
66 16
64 87
76 60
56 95
67 93
65 46
77 94
57 83
68 28
66 82
78 46
58 48
69 28
67 44
79 44
59 49
70 61
68 40
80 31
60 29
69 57
81 93
61 87
72 84
82 44
62 62
73 13
71 66
83 62
63 39
74 75
72 20
84 11
64 67
75 75
73 90
85 13
65 22
76 45
74 75
86 22
66 72
77 54
75 20
87 44
67 50
78 76
76 88
88 99
68 66
79 85
77 62
89 77
69 14
80 49
78 89
90 36
70 25
79 65
91 89
71 19
82 14
92 80
72 67
83 28
81 75
93 92
73 40
84 38
82 43
94 58
74 98
85 80
83 62
95 96
75 53
86 80
84 83
96 68
76 45
87 47
85 67
97 11
77 19
88 30
86 96
98 65
78 99
89 33
87 18
99 31
79 70
90 39
88 100
100 67
80 94
89 54
81 47
92 21
82 24
93 23
91 27
83 46
94 74
92 28
84 24
95 47
93 69
85 47
96 46
94 63
86 60
97 31
95 45
87 34
98 79
96 89
88 38
99 56
97 18
89 54
100 77
98 59
90 94
99 66
73
14
2 46 73 
3 32 1 93 
2 40 54 
1 95 
2 22 50 
1 78 
2 75 67 
2 80 74 
3 4 65 8 
1 34 
1 25 
2 27 18 
2 28 37 
3 33 59 16 
2 47 44 
2 86 77 
2 10 29 
2 19 14 
