100 360 10 100 18
2
3
3
3
3
3
3
3
3
2
3
4
4
4
4
4
4
4
4
3
3
4
4
4
4
4
4
4
4
3
3
4
4
4
4
4
4
4
4
3
3
4
4
4
4
4
4
4
4
3
3
4
4
4
4
4
4
4
4
3
3
4
4
4
4
4
4
4
4
3
3
4
4
4
4
4
4
4
4
3
3
4
4
4
4
4
4
4
4
3
2
3
3
3
3
3
3
3
3
2
11 61
2 29
12 90
3 17
1 97
13 22
4 16
2 51
14 20
5 37
3 96
15 23
6 19
4 47
16 17
7 93
5 12
17 88
8 42
6 49
18 58
9 20
7 51
19 72
10 48
8 100
20 22
9 57
21 48
1 51
12 62
22 83
2 34
13 50
11 60
23 41
3 49
14 65
12 65
24 32
4 98
15 21
13 76
25 75
5 20
16 14
14 93
26 57
6 85
17 25
15 73
27 39
7 36
18 88
16 23
28 77
8 85
19 15
17 69
29 20
9 100
20 32
18 71
30 88
10 62
19 90
31 94
11 71
22 35
32 12
12 31
23 30
21 91
33 52
13 74
24 59
22 94
34 48
14 54
25 73
23 40
35 40
15 81
26 72
24 23
36 24
16 58
27 18
25 86
37 94
17 71
28 91
26 15
38 61
18 64
29 14
27 16
39 20
19 94
30 64
28 39
40 32
20 24
29 46
41 37
21 40
32 47
42 13
22 92
33 36
31 26
43 13
23 10
34 75
32 84
44 16
24 70
35 40
33 56
45 13
25 88
36 82
34 11
46 20
26 95
37 25
35 68
47 81
27 44
38 15
36 41
48 61
28 88
39 18
37 72
49 75
29 49
40 69
38 68
50 94
30 62
39 33
51 58
31 87
42 38
52 13
32 76
43 34
41 62
53 64
33 47
44 39
42 50
54 65
34 72
45 22
43 66
55 73
35 17
46 17
44 58
56 23
36 83
47 83
45 80
57 97
37 39
48 29
46 27
58 81
38 90
49 20
47 50
59 97
39 44
50 38
48 31
60 25
40 19
49 78
61 100
41 29
52 60
62 94
42 12
53 96
51 40
63 73
43 29
54 54
52 14
64 24
44 41
55 12
53 19
65 61
45 15
56 100
54 100
66 68
46 23
57 96
55 82
67 32
47 29
58 75
56 53
68 55
48 69
59 83
57 42
69 26
49 60
60 79
58 47
70 78
50 78
59 39
71 21
51 57
62 68
72 37
52 92
63 87
61 40
73 83
53 93
64 11
62 10
74 97
54 57
65 36
63 46
75 47
55 24
66 66
64 39
76 78
56 52
67 41
65 82
77 82
57 94
68 69
66 90
78 71
58 14
69 32
67 79
79 70
59 63
70 100
68 97
80 10
60 94
69 90
81 94
61 91
72 84
82 28
62 75
73 94
71 52
83 77
63 91
74 93
72 27
84 99
64 77
75 21
73 38
85 40
65 11
76 61
74 66
86 34
66 19
77 54
75 38
87 70
67 87
78 21
76 30
88 64
68 89
79 34
77 19
89 29
69 67
80 40
78 24
90 28
70 94
79 99
91 66
71 10
82 81
92 100
72 72
83 52
81 33
93 49
73 81
84 41
82 47
94 92
74 44
85 27
83 45
95 18
75 44
86 82
84 26
96 93
76 39
87 56
85 84
97 50
77 33
88 32
86 11
98 46
78 26
89 28
87 56
99 96
79 93
90 36
88 86
100 37
80 100
89 19
81 30
92 42
82 84
93 64
91 50
83 57
94 58
92 67
84 28
95 62
93 94
85 81
96 55
94 23
86 22
97 74
95 60
87 97
98 91
96 52
88 75
99 61
97 95
89 99
100 34
98 74
90 36
99 92
97
52
1 97 
1 63 
4 81 22 14 80 
2 47 25 
2 46 24 
1 27 
3 91 32 74 
2 8 23 
2 68 99 
1 6 
1 17 
3 5 43 83 
2 62 79 
4 21 98 12 85 
2 75 11 
1 76 
2 31 95 
1 52 
