100 360 10 100 19
2
3
3
3
3
3
3
3
3
2
3
4
4
4
4
4
4
4
4
3
3
4
4
4
4
4
4
4
4
3
3
4
4
4
4
4
4
4
4
3
3
4
4
4
4
4
4
4
4
3
3
4
4
4
4
4
4
4
4
3
3
4
4
4
4
4
4
4
4
3
3
4
4
4
4
4
4
4
4
3
3
4
4
4
4
4
4
4
4
3
2
3
3
3
3
3
3
3
3
2
11 91
2 29
12 59
3 21
1 26
13 73
4 44
2 87
14 45
5 50
3 100
15 68
6 46
4 77
16 49
7 53
5 44
17 67
8 29
6 86
18 60
9 76
7 66
19 71
10 45
8 60
20 20
9 90
21 94
1 43
12 22
22 88
2 88
13 28
11 16
23 58
3 81
14 38
12 37
24 26
4 49
15 77
13 49
25 31
5 57
16 56
14 74
26 31
6 40
17 15
15 17
27 32
7 32
18 29
16 69
28 52
8 94
19 59
17 24
29 51
9 19
20 91
18 80
30 13
10 96
19 97
31 34
11 18
22 46
32 12
12 98
23 97
21 88
33 98
13 99
24 35
22 98
34 71
14 38
25 50
23 80
35 98
15 86
26 33
24 44
36 24
16 69
27 36
25 90
37 39
17 86
28 58
26 56
38 67
18 93
29 27
27 36
39 50
19 100
30 18
28 23
40 42
20 63
29 88
41 11
21 35
32 96
42 73
22 61
33 46
31 57
43 18
23 92
34 24
32 28
44 23
24 77
35 24
33 59
45 40
25 73
36 52
34 68
46 16
26 96
37 34
35 54
47 43
27 97
38 31
36 86
48 45
28 76
39 43
37 32
49 78
29 88
40 64
38 64
50 18
30 44
39 79
51 46
31 81
42 64
52 36
32 62
43 85
41 68
53 96
33 16
44 24
42 42
54 17
34 18
45 73
43 57
55 14
35 59
46 28
44 44
56 16
36 77
47 56
45 54
57 100
37 72
48 11
46 76
58 12
38 67
49 77
47 84
59 33
39 62
50 42
48 78
60 57
40 57
49 91
61 18
41 33
52 48
62 28
42 39
53 25
51 30
63 72
43 63
54 12
52 97
64 97
44 85
55 31
53 76
65 35
45 25
56 93
54 100
66 75
46 51
57 91
55 76
67 31
47 23
58 25
56 19
68 41
48 43
59 28
57 77
69 26
49 35
60 97
58 58
70 71
50 66
59 66
71 13
51 64
62 84
72 46
52 35
63 57
61 51
73 26
53 73
64 58
62 68
74 41
54 89
65 15
63 43
75 12
55 69
66 57
64 35
76 30
56 58
67 77
65 42
77 44
57 86
68 27
66 27
78 68
58 75
69 10
67 33
79 95
59 59
70 82
68 100
80 28
60 79
69 71
81 31
61 24
72 93
82 64
62 80
73 18
71 82
83 68
63 86
74 26
72 24
84 55
64 64
75 82
73 86
85 87
65 44
76 94
74 78
86 14
66 97
77 56
75 57
87 50
67 68
78 98
76 21
88 62
68 30
79 90
77 80
89 38
69 44
80 76
78 84
90 90
70 45
79 85
91 58
71 41
82 24
92 87
72 80
83 86
81 77
93 40
73 50
84 71
82 18
94 21
74 24
85 23
83 40
95 76
75 14
86 52
84 44
96 56
76 97
87 40
85 50
97 55
77 65
88 88
86 47
98 55
78 44
89 30
87 19
99 10
79 55
90 97
88 99
100 90
80 25
89 13
81 80
92 49
82 16
93 34
91 80
83 14
94 61
92 73
84 19
95 90
93 35
85 12
96 77
94 55
86 92
97 23
95 95
87 37
98 16
96 25
88 45
99 84
97 99
89 82
100 14
98 67
90 48
99 62
75
4
2 54 75 
3 28 78 36 
3 84 87 59 
3 46 24 53 
2 32 12 
1 83 
2 69 98 
3 29 27 44 
2 74 90 
2 80 42 
1 18 
1 64 
2 100 97 
1 81 
1 15 
2 65 57 
2 30 71 
1 7 
1 4 
