100 360 10 100 18
2
3
3
3
3
3
3
3
3
2
3
4
4
4
4
4
4
4
4
3
3
4
4
4
4
4
4
4
4
3
3
4
4
4
4
4
4
4
4
3
3
4
4
4
4
4
4
4
4
3
3
4
4
4
4
4
4
4
4
3
3
4
4
4
4
4
4
4
4
3
3
4
4
4
4
4
4
4
4
3
3
4
4
4
4
4
4
4
4
3
2
3
3
3
3
3
3
3
3
2
11 37
2 29
12 81
3 23
1 74
13 38
4 56
2 72
14 20
5 67
3 89
15 68
6 20
4 51
16 39
7 10
5 20
17 13
8 59
6 93
18 62
9 96
7 78
19 53
10 16
8 71
20 89
9 93
21 72
1 25
12 71
22 83
2 64
13 89
11 41
23 95
3 68
14 70
12 14
24 40
4 16
15 21
13 24
25 68
5 97
16 90
14 84
26 59
6 42
17 76
15 73
27 10
7 57
18 87
16 51
28 95
8 80
19 63
17 28
29 69
9 68
20 86
18 98
30 10
10 32
19 35
31 84
11 91
22 95
32 90
12 82
23 94
21 91
33 84
13 22
24 34
22 49
34 41
14 43
25 40
23 73
35 80
15 55
26 88
24 45
36 66
16 24
27 84
25 25
37 55
17 78
28 66
26 14
38 49
18 81
29 33
27 13
39 37
19 84
30 14
28 15
40 66
20 70
29 97
41 59
21 45
32 45
42 61
22 84
33 41
31 27
43 60
23 88
34 82
32 82
44 22
24 52
35 80
33 81
45 88
25 43
36 58
34 69
46 16
26 56
37 29
35 79
47 52
27 57
38 37
36 84
48 70
28 72
39 24
37 65
49 54
29 68
40 64
38 90
50 93
30 49
39 36
51 31
31 59
42 73
52 70
32 83
43 96
41 36
53 10
33 93
44 94
42 29
54 94
34 74
45 77
43 75
55 43
35 10
46 57
44 51
56 90
36 77
47 61
45 100
57 60
37 63
48 54
46 54
58 82
38 37
49 72
47 40
59 43
39 37
50 42
48 69
60 29
40 88
49 50
61 88
41 62
52 42
62 98
42 69
53 61
51 50
63 70
43 19
54 45
52 10
64 56
44 72
55 90
53 20
65 72
45 76
56 100
54 42
66 12
46 32
57 13
55 45
67 27
47 30
58 39
56 99
68 35
48 55
59 84
57 51
69 15
49 47
60 26
58 85
70 51
50 78
59 78
71 84
51 68
62 96
72 17
52 29
63 40
61 50
73 46
53 99
64 78
62 67
74 32
54 52
65 60
63 94
75 85
55 42
66 24
64 68
76 34
56 24
67 64
65 28
77 63
57 89
68 60
66 74
78 97
58 21
69 11
67 41
79 56
59 17
70 92
68 68
80 23
60 95
69 57
81 54
61 25
72 70
82 60
62 38
73 84
71 78
83 27
63 31
74 76
72 48
84 77
64 89
75 46
73 51
85 93
65 87
76 52
74 53
86 17
66 15
77 56
75 16
87 11
67 100
78 39
76 75
88 53
68 13
79 32
77 23
89 48
69 12
80 96
78 67
90 42
70 86
79 48
91 29
71 62
82 17
92 92
72 13
83 47
81 44
93 29
73 60
84 72
82 41
94 98
74 56
85 10
83 36
95 11
75 79
86 97
84 29
96 62
76 50
87 65
85 32
97 19
77 46
88 43
86 94
98 51
78 94
89 74
87 74
99 72
79 83
90 97
88 28
100 14
80 27
89 96
81 53
92 99
82 99
93 45
91 63
83 85
94 34
92 37
84 88
95 71
93 86
85 88
96 34
94 23
86 60
97 57
95 53
87 75
98 42
96 84
88 99
99 85
97 50
89 25
100 26
98 25
90 56
99 45
80
14
1 80 
1 78 
2 12 40 
1 86 
3 73 48 4 
3 42 7 94 
3 11 90 99 
2 93 8 
2 62 13 
4 64 41 68 60 
2 51 91 
2 52 53 
2 97 33 
1 100 
2 71 32 
1 81 
2 10 39 
1 14 
