100 360 10 100 15
2
3
3
3
3
3
3
3
3
2
3
4
4
4
4
4
4
4
4
3
3
4
4
4
4
4
4
4
4
3
3
4
4
4
4
4
4
4
4
3
3
4
4
4
4
4
4
4
4
3
3
4
4
4
4
4
4
4
4
3
3
4
4
4
4
4
4
4
4
3
3
4
4
4
4
4
4
4
4
3
3
4
4
4
4
4
4
4
4
3
2
3
3
3
3
3
3
3
3
2
11 53
2 29
12 71
3 39
1 93
13 24
4 60
2 42
14 88
5 22
3 89
15 68
6 87
4 26
16 46
7 35
5 12
17 32
8 22
6 58
18 79
9 69
7 88
19 94
10 60
8 66
20 94
9 25
21 76
1 69
12 95
22 46
2 47
13 31
11 53
23 26
3 58
14 57
12 11
24 58
4 24
15 28
13 94
25 97
5 56
16 84
14 71
26 100
6 60
17 13
15 66
27 17
7 71
18 99
16 91
28 79
8 61
19 100
17 64
29 35
9 90
20 45
18 54
30 77
10 68
19 81
31 25
11 43
22 26
32 74
12 40
23 68
21 18
33 69
13 46
24 26
22 21
34 74
14 85
25 51
23 22
35 24
15 77
26 74
24 55
36 40
16 29
27 13
25 55
37 92
17 19
28 41
26 43
38 86
18 72
29 81
27 10
39 28
19 48
30 69
28 41
40 75
20 35
29 78
41 78
21 26
32 90
42 57
22 92
33 93
31 57
43 31
23 56
34 91
32 57
44 20
24 36
35 75
33 75
45 13
25 73
36 14
34 83
46 18
26 100
37 81
35 98
47 29
27 98
38 84
36 66
48 90
28 41
39 54
37 56
49 39
29 93
40 66
38 32
50 54
30 92
39 63
51 93
31 66
42 61
52 73
32 66
43 91
41 58
53 51
33 72
44 13
42 17
54 80
34 66
45 19
43 39
55 97
35 76
46 10
44 19
56 41
36 79
47 17
45 10
57 12
37 88
48 34
46 57
58 95
38 70
49 32
47 54
59 30
39 16
50 40
48 88
60 76
40 67
49 90
61 16
41 18
52 84
62 19
42 34
53 83
51 32
63 52
43 32
54 37
52 49
64 89
44 57
55 16
53 27
65 93
45 25
56 65
54 36
66 59
46 61
57 31
55 72
67 83
47 86
58 56
56 96
68 78
48 63
59 77
57 24
69 17
49 55
60 87
58 20
70 76
50 80
59 83
71 19
51 10
62 15
72 56
52 71
63 92
61 46
73 29
53 29
64 55
62 62
74 56
54 28
65 60
63 49
75 30
55 12
66 34
64 63
76 71
56 29
67 52
65 11
77 38
57 18
68 52
66 90
78 56
58 44
69 20
67 22
79 17
59 45
70 79
68 92
80 71
60 43
69 31
81 57
61 33
72 71
82 28
62 62
73 65
71 48
83 57
63 44
74 20
72 63
84 72
64 16
75 29
73 39
85 55
65 65
76 84
74 35
86 43
66 91
77 55
75 53
87 63
67 83
78 20
76 50
88 74
68 58
79 21
77 29
89 43
69 27
80 78
78 29
90 27
70 43
79 25
91 75
71 46
82 60
92 42
72 24
83 96
81 51
93 35
73 53
84 78
82 48
94 75
74 39
85 87
83 93
95 37
75 60
86 100
84 98
96 21
76 36
87 85
85 67
97 97
77 73
88 48
86 16
98 11
78 41
89 65
87 60
99 21
79 38
90 90
88 91
100 45
80 38
89 27
81 21
92 50
82 37
93 36
91 18
83 15
94 93
92 23
84 96
95 100
93 45
85 64
96 52
94 35
86 74
97 52
95 84
87 19
98 67
96 11
88 82
99 94
97 22
89 25
100 32
98 54
90 32
99 97
28
91
3 3 16 28 
1 21 
5 31 77 14 66 93 
2 70 49 
3 17 8 52 
1 88 
1 9 
2 61 6 
2 73 90 
1 2 
2 55 75 
3 48 27 82 
3 41 97 20 
2 34 38 
4 43 13 74 91 
