100 360 10 100 17
2
3
3
3
3
3
3
3
3
2
3
4
4
4
4
4
4
4
4
3
3
4
4
4
4
4
4
4
4
3
3
4
4
4
4
4
4
4
4
3
3
4
4
4
4
4
4
4
4
3
3
4
4
4
4
4
4
4
4
3
3
4
4
4
4
4
4
4
4
3
3
4
4
4
4
4
4
4
4
3
3
4
4
4
4
4
4
4
4
3
2
3
3
3
3
3
3
3
3
2
11 62
2 29
12 57
3 88
1 73
13 16
4 78
2 20
14 95
5 47
3 27
15 23
6 94
4 33
16 31
7 62
5 68
17 87
8 20
6 69
18 37
9 98
7 16
19 67
10 62
8 82
20 61
9 29
21 88
1 43
12 32
22 39
2 100
13 77
11 90
23 36
3 84
14 14
12 22
24 78
4 65
15 35
13 56
25 62
5 71
16 44
14 86
26 51
6 63
17 58
15 59
27 76
7 63
18 50
16 19
28 98
8 40
19 61
17 25
29 17
9 72
20 83
18 80
30 27
10 63
19 78
31 54
11 63
22 98
32 54
12 15
23 63
21 67
33 94
13 22
24 70
22 38
34 75
14 93
25 82
23 13
35 42
15 30
26 66
24 11
36 58
16 53
27 85
25 95
37 25
17 54
28 99
26 71
38 59
18 99
29 44
27 66
39 54
19 70
30 17
28 29
40 65
20 45
29 46
41 13
21 40
32 13
42 40
22 37
33 86
31 57
43 49
23 50
34 41
32 92
44 19
24 44
35 23
33 17
45 84
25 27
36 23
34 85
46 18
26 40
37 74
35 90
47 87
27 83
38 47
36 63
48 82
28 36
39 26
37 14
49 48
29 64
40 66
38 72
50 75
30 100
39 91
51 25
31 33
42 31
52 33
32 51
43 17
41 11
53 13
33 96
44 72
42 88
54 15
34 59
45 71
43 66
55 51
35 48
46 98
44 75
56 15
36 80
47 25
45 78
57 43
37 30
48 53
46 69
58 18
38 25
49 70
47 33
59 90
39 24
50 40
48 29
60 34
40 69
49 29
61 31
41 15
52 30
62 33
42 78
53 92
51 17
63 95
43 12
54 87
52 56
64 73
44 82
55 59
53 33
65 57
45 55
56 30
54 40
66 56
46 32
57 51
55 26
67 76
47 51
58 31
56 79
68 24
48 36
59 70
57 30
69 46
49 28
60 70
58 59
70 92
50 52
59 10
71 35
51 16
62 34
72 57
52 62
63 68
61 45
73 60
53 21
64 85
62 16
74 89
54 63
65 37
63 80
75 48
55 17
66 31
64 68
76 32
56 24
67 79
65 36
77 68
57 68
68 11
66 70
78 54
58 99
69 21
67 81
79 96
59 28
70 93
68 45
80 63
60 22
69 54
81 46
61 80
72 38
82 68
62 44
73 72
71 88
83 40
63 97
74 49
72 54
84 60
64 99
75 20
73 31
85 65
65 38
76 21
74 43
86 93
66 15
77 55
75 83
87 96
67 40
78 67
76 39
88 61
68 78
79 70
77 35
89 13
69 25
80 17
78 95
90 47
70 57
79 15
91 77
71 77
82 51
92 49
72 14
83 82
81 93
93 65
73 68
84 33
82 84
94 53
74 88
85 67
83 87
95 31
75 22
86 78
84 77
96 30
76 56
87 77
85 85
97 44
77 44
88 26
86 86
98 95
78 71
89 40
87 51
99 23
79 81
90 44
88 75
100 67
80 86
89 14
81 26
92 81
82 71
93 52
91 38
83 76
94 53
92 61
84 63
95 71
93 32
85 43
96 33
94 77
86 72
97 11
95 21
87 77
98 15
96 99
88 74
99 50
97 39
89 31
100 95
98 37
90 44
99 73
37
56
4 51 14 1 37 
1 35 
2 2 66 
3 63 90 98 
2 31 91 
1 7 
2 22 61 
3 93 46 100 
4 99 6 26 74 
2 18 27 
1 85 
1 69 
3 11 5 21 
1 12 
1 42 
1 24 
3 81 60 56 
