100 360 10 100 17
2
3
3
3
3
3
3
3
3
2
3
4
4
4
4
4
4
4
4
3
3
4
4
4
4
4
4
4
4
3
3
4
4
4
4
4
4
4
4
3
3
4
4
4
4
4
4
4
4
3
3
4
4
4
4
4
4
4
4
3
3
4
4
4
4
4
4
4
4
3
3
4
4
4
4
4
4
4
4
3
3
4
4
4
4
4
4
4
4
3
2
3
3
3
3
3
3
3
3
2
11 16
2 29
12 65
3 47
1 11
13 63
4 17
2 73
14 76
5 90
3 44
15 68
6 75
4 13
16 95
7 47
5 99
17 87
8 49
6 87
18 88
9 56
7 48
19 23
10 36
8 18
20 97
9 36
21 78
1 90
12 17
22 27
2 38
13 93
11 60
23 83
3 98
14 95
12 10
24 21
4 73
15 77
13 84
25 65
5 35
16 36
14 20
26 30
6 68
17 73
15 17
27 21
7 79
18 60
16 20
28 70
8 97
19 27
17 82
29 18
9 11
20 25
18 32
30 65
10 86
19 13
31 41
11 65
22 37
32 21
12 64
23 55
21 28
33 16
13 12
24 21
22 98
34 45
14 15
25 12
23 88
35 42
15 43
26 22
24 59
36 27
16 31
27 22
25 70
37 65
17 81
28 74
26 57
38 14
18 22
29 14
27 99
39 69
19 76
30 52
28 99
40 80
20 63
29 24
41 87
21 63
32 67
42 10
22 96
33 73
31 26
43 17
23 40
34 50
32 90
44 19
24 28
35 28
33 72
45 21
25 43
36 38
34 89
46 19
26 31
37 62
35 16
47 63
27 28
38 16
36 57
48 99
28 26
39 69
37 97
49 32
29 15
40 67
38 49
50 80
30 22
39 76
51 34
31 69
42 10
52 28
32 57
43 44
41 24
53 71
33 16
44 18
42 56
54 28
34 16
45 36
43 21
55 33
35 63
46 32
44 48
56 63
36 81
47 40
45 10
57 34
37 55
48 24
46 58
58 11
38 41
49 12
47 60
59 69
39 97
50 40
48 52
60 55
40 11
49 18
61 26
41 41
52 60
62 26
42 62
53 48
51 23
63 44
43 39
54 79
52 68
64 15
44 95
55 70
53 75
65 58
45 45
56 93
54 78
66 82
46 76
57 85
55 40
67 65
47 23
58 19
56 50
68 54
48 22
59 28
57 11
69 64
49 13
60 72
58 34
70 89
50 36
59 40
71 32
51 26
62 65
72 30
52 47
63 27
61 44
73 20
53 39
64 44
62 60
74 23
54 62
65 59
63 72
75 48
55 87
66 85
64 15
76 89
56 76
67 92
65 48
77 26
57 29
68 94
66 98
78 81
58 10
69 24
67 58
79 44
59 60
70 27
68 58
80 50
60 17
69 63
81 58
61 38
72 72
82 12
62 74
73 55
71 34
83 72
63 96
74 37
72 70
84 70
64 25
75 66
73 78
85 81
65 54
76 99
74 26
86 56
66 38
77 54
75 72
87 89
67 29
78 56
76 82
88 39
68 81
79 61
77 77
89 85
69 81
80 68
78 55
90 19
70 21
79 58
91 52
71 37
82 36
92 62
72 29
83 29
81 10
93 84
73 94
84 81
82 52
94 17
74 77
85 34
83 77
95 51
75 50
86 11
84 41
96 46
76 29
87 95
85 85
97 45
77 87
88 51
86 22
98 83
78 59
89 60
87 98
99 87
79 61
90 87
88 77
100 14
80 44
89 84
81 95
92 71
82 97
93 78
91 41
83 26
94 77
92 62
84 100
95 23
93 70
85 98
96 61
94 86
86 36
97 95
95 99
87 82
98 79
96 65
88 28
99 98
97 99
89 71
100 80
98 69
90 65
99 32
52
30
2 43 52 
3 100 42 93 
1 18 
1 80 
3 16 26 25 
2 8 38 
1 14 
2 10 58 
2 41 81 
2 66 73 
4 3 24 55 69 
1 48 
2 34 62 
2 47 5 
1 35 
2 63 89 
4 45 27 9 30 
