100 360 10 100 16
2
3
3
3
3
3
3
3
3
2
3
4
4
4
4
4
4
4
4
3
3
4
4
4
4
4
4
4
4
3
3
4
4
4
4
4
4
4
4
3
3
4
4
4
4
4
4
4
4
3
3
4
4
4
4
4
4
4
4
3
3
4
4
4
4
4
4
4
4
3
3
4
4
4
4
4
4
4
4
3
3
4
4
4
4
4
4
4
4
3
2
3
3
3
3
3
3
3
3
2
11 77
2 29
12 50
3 49
1 66
13 89
4 31
2 91
14 88
5 97
3 46
15 45
6 89
4 29
16 66
7 72
5 70
17 31
8 42
6 60
18 89
9 39
7 10
19 23
10 80
8 44
20 96
9 98
21 56
1 41
12 42
22 75
2 20
13 82
11 83
23 92
3 23
14 82
12 87
24 18
4 49
15 14
13 71
25 43
5 100
16 57
14 56
26 62
6 92
17 68
15 34
27 17
7 31
18 30
16 43
28 12
8 10
19 49
17 59
29 33
9 16
20 99
18 37
30 27
10 12
19 62
31 11
11 84
22 43
32 21
12 53
23 88
21 26
33 84
13 25
24 10
22 100
34 11
14 97
25 45
23 62
35 25
15 45
26 48
24 70
36 72
16 37
27 32
25 72
37 37
17 88
28 58
26 32
38 63
18 82
29 66
27 18
39 83
19 79
30 74
28 46
40 85
20 82
29 90
41 75
21 15
32 92
42 86
22 35
33 78
31 42
43 20
23 36
34 25
32 17
44 22
24 31
35 19
33 28
45 34
25 81
36 23
34 27
46 16
26 77
37 21
35 100
47 89
27 54
38 24
36 34
48 92
28 66
39 82
37 31
49 34
29 79
40 19
38 46
50 42
30 13
39 99
51 28
31 66
42 68
52 40
32 51
43 69
41 72
53 42
33 46
44 56
42 52
54 49
34 80
45 16
43 16
55 95
35 39
46 38
44 86
56 59
36 77
47 72
45 89
57 35
37 72
48 61
46 38
58 67
38 30
49 86
47 77
59 83
39 15
50 42
48 76
60 25
40 75
49 70
61 30
41 44
52 100
62 38
42 30
53 12
51 63
63 43
43 56
54 57
52 64
64 52
44 26
55 80
53 13
65 90
45 50
56 89
54 32
66 85
46 89
57 83
55 37
67 19
47 19
58 39
56 33
68 93
48 54
59 91
57 73
69 64
49 92
60 82
58 85
70 40
50 75
59 99
71 73
51 75
62 73
72 80
52 18
63 12
61 95
73 82
53 75
64 67
62 89
74 86
54 32
65 94
63 24
75 76
55 64
66 35
64 59
76 65
56 34
67 65
65 73
77 52
57 70
68 27
66 66
78 34
58 86
69 13
67 34
79 56
59 57
70 18
68 59
80 59
60 55
69 54
81 26
61 49
72 31
82 76
62 77
73 17
71 49
83 22
63 48
74 95
72 68
84 93
64 19
75 51
73 11
85 59
65 71
76 25
74 32
86 91
66 77
77 10
75 81
87 79
67 19
78 49
76 78
88 83
68 97
79 44
77 16
89 44
69 24
80 86
78 39
90 96
70 88
79 52
91 93
71 53
82 98
92 55
72 33
83 46
81 31
93 33
73 33
84 50
82 37
94 28
74 66
85 32
83 74
95 34
75 81
86 87
84 96
96 28
76 13
87 87
85 68
97 93
77 58
88 33
86 40
98 42
78 68
89 15
87 34
99 44
79 42
90 73
88 84
100 86
80 97
89 35
81 29
92 74
82 17
93 63
91 11
83 50
94 33
92 65
84 50
95 37
93 86
85 18
96 27
94 11
86 26
97 24
95 71
87 97
98 87
96 97
88 13
99 64
97 100
89 62
100 70
98 20
90 25
99 62
91
6
3 85 82 91 
1 29 
1 58 
2 76 43 
5 86 48 59 83 18 
1 15 
1 27 
3 2 75 17 
2 51 30 
4 71 9 69 46 
1 21 
3 52 81 44 
2 98 24 
1 4 
1 41 
4 74 28 70 6 
