100 360 10 100 17
2
3
3
3
3
3
3
3
3
2
3
4
4
4
4
4
4
4
4
3
3
4
4
4
4
4
4
4
4
3
3
4
4
4
4
4
4
4
4
3
3
4
4
4
4
4
4
4
4
3
3
4
4
4
4
4
4
4
4
3
3
4
4
4
4
4
4
4
4
3
3
4
4
4
4
4
4
4
4
3
3
4
4
4
4
4
4
4
4
3
2
3
3
3
3
3
3
3
3
2
11 49
2 29
12 32
3 15
1 57
13 28
4 97
2 99
14 84
5 100
3 29
15 91
6 84
4 23
16 100
7 21
5 30
17 50
8 68
6 99
18 55
9 55
7 79
19 16
10 58
8 13
20 65
9 23
21 70
1 36
12 82
22 50
2 65
13 99
11 35
23 67
3 90
14 78
12 97
24 93
4 49
15 70
13 22
25 68
5 94
16 59
14 19
26 34
6 13
17 81
15 70
27 79
7 30
18 33
16 82
28 23
8 26
19 28
17 38
29 89
9 99
20 26
18 41
30 56
10 25
19 82
31 56
11 33
22 35
32 39
12 52
23 70
21 85
33 56
13 58
24 49
22 12
34 74
14 35
25 36
23 27
35 61
15 55
26 79
24 31
36 76
16 63
27 22
25 35
37 34
17 93
28 58
26 74
38 54
18 58
29 54
27 72
39 60
19 37
30 96
28 92
40 80
20 30
29 94
41 19
21 65
32 83
42 21
22 74
33 51
31 11
43 23
23 14
34 25
32 85
44 20
24 32
35 10
33 58
45 22
25 96
36 55
34 36
46 18
26 39
37 85
35 11
47 91
27 60
38 11
36 22
48 94
28 44
39 69
37 31
49 35
29 62
40 20
38 12
50 89
30 42
39 49
51 82
31 37
42 77
52 47
32 28
43 38
41 82
53 24
33 14
44 29
42 72
54 22
34 24
45 84
43 25
55 75
35 90
46 57
44 81
56 54
36 79
47 12
45 67
57 88
37 72
48 70
46 51
58 88
38 47
49 13
47 64
59 91
39 13
50 41
48 72
60 52
40 20
49 29
61 54
41 65
52 21
62 58
42 11
53 78
51 39
63 77
43 43
54 58
52 91
64 52
44 89
55 86
53 69
65 20
45 10
56 82
54 79
66 14
46 75
57 66
55 50
67 86
47 12
58 68
56 60
68 15
48 77
59 35
57 66
69 48
49 23
60 50
58 46
70 68
50 94
59 74
71 11
51 98
62 51
72 55
52 76
63 14
61 92
73 13
53 78
64 86
62 40
74 85
54 10
65 71
63 79
75 21
55 54
66 82
64 16
76 45
56 76
67 39
65 44
77 69
57 39
68 27
66 54
78 57
58 16
69 19
67 38
79 69
59 54
70 71
68 70
80 30
60 99
69 19
81 17
61 10
72 88
82 100
62 71
73 15
71 74
83 20
63 62
74 51
72 67
84 78
64 20
75 79
73 43
85 95
65 33
76 69
74 31
86 63
66 39
77 100
75 38
87 47
67 14
78 42
76 100
88 35
68 48
79 42
77 71
89 57
69 74
80 17
78 41
90 17
70 81
79 75
91 73
71 76
82 64
92 83
72 28
83 57
81 31
93 20
73 90
84 100
82 76
94 40
74 61
85 51
83 51
95 41
75 33
86 66
84 18
96 62
76 26
87 89
85 13
97 78
77 42
88 13
86 26
98 15
78 26
89 77
87 64
99 20
79 17
90 23
88 54
100 79
80 60
89 79
81 18
92 35
82 20
93 28
91 53
83 30
94 67
92 50
84 21
95 23
93 97
85 29
96 16
94 13
86 76
97 27
95 24
87 36
98 47
96 57
88 41
99 25
97 13
89 22
100 91
98 17
90 71
99 64
24
9
2 67 24 
2 57 15 
1 58 
1 26 
3 27 50 34 
2 14 81 
1 85 
4 71 93 62 61 
3 23 41 99 
1 40 
3 47 52 22 
2 84 91 
3 44 51 68 
3 48 94 49 
1 79 
2 56 17 
1 9 
