100 360 10 100 18
2
3
3
3
3
3
3
3
3
2
3
4
4
4
4
4
4
4
4
3
3
4
4
4
4
4
4
4
4
3
3
4
4
4
4
4
4
4
4
3
3
4
4
4
4
4
4
4
4
3
3
4
4
4
4
4
4
4
4
3
3
4
4
4
4
4
4
4
4
3
3
4
4
4
4
4
4
4
4
3
3
4
4
4
4
4
4
4
4
3
2
3
3
3
3
3
3
3
3
2
11 99
2 29
12 62
3 79
1 64
13 68
4 31
2 80
14 15
5 70
3 72
15 23
6 15
4 45
16 72
7 50
5 72
17 32
8 85
6 41
18 28
9 21
7 57
19 47
10 86
8 39
20 58
9 18
21 86
1 21
12 19
22 58
2 18
13 15
11 83
23 71
3 44
14 67
12 23
24 24
4 16
15 77
13 67
25 93
5 92
16 92
14 47
26 30
6 54
17 89
15 17
27 72
7 55
18 90
16 90
28 16
8 95
19 43
17 98
29 34
9 60
20 12
18 11
30 39
10 45
19 55
31 37
11 41
22 87
32 16
12 81
23 76
21 58
33 57
13 56
24 74
22 52
34 12
14 72
25 31
23 38
35 24
15 64
26 28
24 97
36 71
16 50
27 75
25 80
37 52
17 83
28 66
26 57
38 41
18 58
29 20
27 67
39 14
19 42
30 35
28 61
40 61
20 17
29 10
41 95
21 95
32 36
42 87
22 33
33 14
31 87
43 63
23 66
34 83
32 59
44 21
24 52
35 71
33 20
45 76
25 58
36 90
34 79
46 17
26 18
37 93
35 80
47 53
27 62
38 23
36 72
48 72
28 51
39 11
37 64
49 55
29 51
40 65
38 56
50 49
30 79
39 77
51 85
31 30
42 82
52 78
32 60
43 64
41 46
53 84
33 61
44 67
42 49
54 68
34 17
45 54
43 84
55 24
35 61
46 76
44 46
56 85
36 79
47 93
45 78
57 22
37 63
48 63
46 67
58 11
38 54
49 90
47 27
59 51
39 34
50 41
48 65
60 56
40 34
49 100
61 22
41 83
52 54
62 27
42 50
53 36
51 26
63 12
43 97
54 45
52 37
64 56
44 44
55 96
53 76
65 92
45 35
56 93
54 89
66 33
46 18
57 88
55 58
67 94
47 23
58 68
56 34
68 48
48 78
59 28
57 44
69 90
49 70
60 85
58 46
70 80
50 96
59 53
71 22
51 90
62 74
72 83
52 87
63 42
61 47
73 68
53 11
64 96
62 18
74 32
54 30
65 37
63 57
75 30
55 33
66 71
64 25
76 14
56 67
67 39
65 90
77 80
57 57
68 60
66 62
78 29
58 42
69 17
67 45
79 69
59 14
70 54
68 79
80 85
60 48
69 22
81 45
61 76
72 37
82 84
62 32
73 82
71 12
83 25
63 45
74 32
72 47
84 62
64 90
75 74
73 82
85 38
65 49
76 97
74 52
86 80
66 68
77 55
75 64
87 69
67 94
78 31
76 97
88 96
68 56
79 30
77 78
89 61
69 62
80 26
78 69
90 55
70 79
79 72
91 100
71 85
82 75
92 29
72 100
83 58
81 43
93 16
73 27
84 30
82 80
94 19
74 50
85 29
83 13
95 18
75 32
86 77
84 43
96 96
76 63
87 68
85 67
97 96
77 31
88 24
86 80
98 23
78 52
89 45
87 13
99 49
79 58
90 47
88 88
100 98
80 80
89 48
81 42
92 60
82 11
93 10
91 15
83 65
94 69
92 22
84 59
95 56
93 98
85 100
96 24
94 25
86 19
97 59
95 97
87 14
98 93
96 45
88 37
99 45
97 53
89 76
100 47
98 22
90 11
99 47
13
17
5 93 2 50 1 13 
3 26 89 65 
3 33 52 40 
1 68 
2 79 19 
1 60 
2 61 56 
1 51 
3 54 9 87 
2 38 59 
1 95 
1 5 
2 85 81 
2 3 43 
2 53 76 
2 32 23 
1 57 
1 17 
