100 360 10 100 18
2
3
3
3
3
3
3
3
3
2
3
4
4
4
4
4
4
4
4
3
3
4
4
4
4
4
4
4
4
3
3
4
4
4
4
4
4
4
4
3
3
4
4
4
4
4
4
4
4
3
3
4
4
4
4
4
4
4
4
3
3
4
4
4
4
4
4
4
4
3
3
4
4
4
4
4
4
4
4
3
3
4
4
4
4
4
4
4
4
3
2
3
3
3
3
3
3
3
3
2
11 24
2 29
12 68
3 15
1 49
13 58
4 95
2 66
14 46
5 19
3 16
15 23
6 44
4 73
16 27
7 45
5 36
17 52
8 13
6 42
18 56
9 92
7 38
19 90
10 77
8 89
20 44
9 54
21 70
1 68
12 14
22 88
2 58
13 80
11 36
23 95
3 62
14 33
12 88
24 19
4 40
15 77
13 11
25 37
5 70
16 72
14 83
26 29
6 83
17 56
15 17
27 61
7 11
18 29
16 41
28 34
8 99
19 11
17 65
29 92
9 52
20 37
18 53
30 91
10 35
19 61
31 44
11 88
22 78
32 25
12 48
23 34
21 88
33 66
13 60
24 60
22 52
34 78
14 49
25 83
23 47
35 59
15 22
26 17
24 22
36 73
16 12
27 61
25 60
37 78
17 78
28 83
26 57
38 79
18 77
29 99
27 40
39 32
19 19
30 68
28 47
40 99
20 17
29 37
41 80
21 31
32 98
42 24
22 68
33 41
31 56
43 62
23 14
34 17
32 30
44 16
24 95
35 75
33 33
45 56
25 27
36 76
34 100
46 20
26 44
37 30
35 43
47 73
27 84
38 100
36 43
48 36
28 92
39 37
37 39
49 100
29 69
40 69
38 41
50 19
30 57
39 75
51 73
31 17
42 28
52 70
32 55
43 23
41 93
53 59
33 61
44 60
42 63
54 79
34 16
45 18
43 48
55 43
35 66
46 80
44 50
56 40
36 83
47 77
45 34
57 46
37 47
48 77
46 49
58 11
38 29
49 25
47 94
59 87
39 70
50 38
48 40
60 53
40 79
49 28
61 30
41 91
52 66
62 25
42 73
53 59
51 20
63 75
43 73
54 21
52 100
64 65
44 54
55 44
53 75
65 24
45 55
56 93
54 67
66 40
46 43
57 83
55 22
67 37
47 23
58 62
56 65
68 61
48 57
59 28
57 69
69 37
49 48
60 60
58 21
70 97
50 67
59 27
71 41
51 53
62 55
72 67
52 98
63 13
61 40
73 63
53 68
64 82
62 10
74 14
54 94
65 82
63 86
75 66
55 51
66 99
64 97
76 73
56 85
67 54
65 96
77 62
57 91
68 36
66 42
78 42
58 68
69 31
67 71
79 18
59 14
70 91
68 37
80 15
60 78
69 14
81 71
61 90
72 16
82 32
62 26
73 28
71 55
83 28
63 55
74 43
72 94
84 77
64 51
75 57
73 74
85 33
65 59
76 11
74 91
86 31
66 100
77 54
75 79
87 18
67 55
78 80
76 67
88 73
68 15
79 92
77 76
89 18
69 99
80 19
78 40
90 75
70 54
79 45
91 94
71 81
82 87
92 95
72 48
83 92
81 67
93 60
73 71
84 40
82 23
94 16
74 12
85 40
83 49
95 83
75 69
86 36
84 40
96 87
76 86
87 31
85 12
97 86
77 52
88 77
86 55
98 51
78 67
89 75
87 92
99 35
79 64
90 37
88 66
100 22
80 98
89 28
81 57
92 82
82 91
93 54
91 67
83 77
94 85
92 12
84 49
95 81
93 42
85 95
96 99
94 56
86 54
97 40
95 11
87 59
98 65
96 84
88 20
99 60
97 53
89 65
100 22
98 25
90 28
99 17
91
43
3 11 90 91 
2 21 20 
4 82 64 68 99 
1 93 
1 31 
1 14 
1 72 
1 61 
2 4 75 
1 87 
2 47 44 
1 89 
4 53 65 40 42 
3 85 58 66 
4 76 22 77 94 
1 50 
2 95 26 
1 43 
