100 360 10 100 15
2
3
3
3
3
3
3
3
3
2
3
4
4
4
4
4
4
4
4
3
3
4
4
4
4
4
4
4
4
3
3
4
4
4
4
4
4
4
4
3
3
4
4
4
4
4
4
4
4
3
3
4
4
4
4
4
4
4
4
3
3
4
4
4
4
4
4
4
4
3
3
4
4
4
4
4
4
4
4
3
3
4
4
4
4
4
4
4
4
3
2
3
3
3
3
3
3
3
3
2
11 57
2 29
12 35
3 73
1 95
13 23
4 83
2 92
14 54
5 29
3 92
15 46
6 53
4 82
16 32
7 19
5 58
17 15
8 32
6 54
18 23
9 90
7 70
19 83
10 99
8 83
20 13
9 41
21 62
1 14
12 79
22 19
2 86
13 86
11 11
23 79
3 53
14 15
12 84
24 91
4 15
15 70
13 40
25 40
5 38
16 95
14 82
26 33
6 27
17 65
15 70
27 28
7 54
18 93
16 12
28 78
8 28
19 12
17 21
29 73
9 50
20 39
18 62
30 82
10 65
19 40
31 59
11 57
22 76
32 43
12 35
23 49
21 54
33 15
13 14
24 88
22 57
34 16
14 70
25 17
23 77
35 78
15 34
26 73
24 84
36 32
16 44
27 61
25 25
37 47
17 91
28 66
26 74
38 28
18 23
29 47
27 13
39 24
19 71
30 21
28 40
40 99
20 75
29 17
41 12
21 33
32 23
42 35
22 47
33 19
31 41
43 68
23 78
34 83
32 25
44 18
24 98
35 58
33 20
45 58
25 80
36 94
34 47
46 19
26 52
37 53
35 37
47 100
27 25
38 95
36 99
48 30
28 19
39 36
37 64
49 12
29 26
40 22
38 95
50 28
30 77
39 48
51 30
31 76
42 95
52 89
32 25
43 17
41 60
53 12
33 59
44 72
42 79
54 73
34 23
45 66
43 53
55 85
35 92
46 14
44 84
56 32
36 81
47 50
45 90
57 100
37 64
48 31
46 42
58 88
38 34
49 26
47 97
59 18
39 76
50 39
48 60
60 51
40 88
49 38
61 58
41 23
52 26
62 57
42 23
53 89
51 36
63 17
43 76
54 91
52 31
64 11
44 49
55 60
53 68
65 77
45 20
56 83
54 68
66 63
46 42
57 64
55 31
67 57
47 12
58 20
56 75
68 21
48 21
59 35
57 33
69 21
49 58
60 38
58 34
70 77
50 34
59 61
71 20
51 33
62 41
72 92
52 36
63 90
61 88
73 56
53 16
64 33
62 82
74 77
54 42
65 93
63 93
75 39
55 18
66 96
64 97
76 29
56 86
67 92
65 92
77 15
57 11
68 61
66 90
78 18
58 74
69 26
67 51
79 44
59 100
70 44
68 49
80 86
60 69
69 60
81 30
61 62
72 32
82 28
62 23
73 79
71 96
83 67
63 22
74 56
72 90
84 86
64 46
75 70
73 38
85 47
65 38
76 72
74 96
86 39
66 10
77 100
75 46
87 67
67 40
78 66
76 85
88 69
68 74
79 73
77 70
89 81
69 93
80 59
78 26
90 73
70 23
79 62
91 25
71 28
82 25
92 25
72 48
83 29
81 88
93 88
73 67
84 59
82 48
94 38
74 87
85 57
83 24
95 73
75 52
86 91
84 17
96 11
76 83
87 25
85 30
97 28
77 99
88 40
86 59
98 74
78 34
89 92
87 58
99 59
79 20
90 63
88 43
100 86
80 23
89 23
81 71
92 46
82 15
93 96
91 79
83 81
94 76
92 91
84 62
95 81
93 69
85 27
96 54
94 74
86 94
97 63
95 27
87 12
98 34
96 77
88 33
99 77
97 58
89 17
100 33
98 64
90 34
99 49
63
22
3 42 45 63 
5 29 32 9 20 43 
3 2 40 36 
1 38 
2 33 39 
3 69 60 59 
4 80 34 82 44 
1 68 
2 28 95 
2 64 55 
1 98 
2 74 30 
2 14 50 
2 67 10 
2 41 22 
