100 360 10 100 15
2
3
3
3
3
3
3
3
3
2
3
4
4
4
4
4
4
4
4
3
3
4
4
4
4
4
4
4
4
3
3
4
4
4
4
4
4
4
4
3
3
4
4
4
4
4
4
4
4
3
3
4
4
4
4
4
4
4
4
3
3
4
4
4
4
4
4
4
4
3
3
4
4
4
4
4
4
4
4
3
3
4
4
4
4
4
4
4
4
3
2
3
3
3
3
3
3
3
3
2
11 30
2 29
12 75
3 19
1 61
13 48
4 30
2 69
14 33
5 43
3 98
15 91
6 32
4 62
16 79
7 27
5 74
17 32
8 36
6 22
18 59
9 94
7 13
19 72
10 92
8 34
20 21
9 28
21 26
1 92
12 88
22 40
2 15
13 39
11 84
23 49
3 65
14 52
12 51
24 29
4 73
15 49
13 63
25 53
5 84
16 35
14 38
26 89
6 17
17 20
15 91
27 35
7 79
18 58
16 46
28 19
8 89
19 37
17 47
29 35
9 14
20 16
18 75
30 50
10 79
19 48
31 64
11 90
22 41
32 12
12 19
23 64
21 89
33 30
13 86
24 47
22 96
34 14
14 46
25 16
23 15
35 24
15 84
26 98
24 33
36 70
16 64
27 27
25 88
37 66
17 78
28 74
26 81
38 18
18 33
29 66
27 26
39 35
19 97
30 87
28 76
40 37
20 43
29 21
41 24
21 83
32 71
42 88
22 31
33 41
31 42
43 15
23 97
34 50
32 11
44 19
24 73
35 32
33 12
45 26
25 35
36 67
34 39
46 18
26 50
37 75
35 61
47 17
27 70
38 23
36 18
48 53
28 37
39 31
37 97
49 77
29 23
40 21
38 66
50 56
30 53
39 56
51 52
31 84
42 96
52 25
32 69
43 59
41 19
53 35
33 77
44 77
42 46
54 86
34 45
45 93
43 61
55 43
35 83
46 23
44 96
56 20
36 80
47 24
45 67
57 99
37 55
48 65
46 97
58 46
38 78
49 94
47 67
59 20
39 53
50 40
48 54
60 87
40 83
49 39
61 14
41 31
52 99
62 16
42 71
53 60
51 81
63 72
43 46
54 33
52 10
64 60
44 63
55 22
53 47
65 93
45 20
56 96
54 55
66 72
46 37
57 94
55 79
67 77
47 26
58 96
56 36
68 94
48 11
59 56
57 14
69 26
49 48
60 88
58 98
70 29
50 27
59 98
71 63
51 15
62 76
72 87
52 64
63 72
61 91
73 54
53 38
64 35
62 39
74 69
54 27
65 71
63 90
75 75
55 92
66 16
64 83
76 54
56 100
67 14
65 17
77 17
57 44
68 94
66 58
78 24
58 90
69 21
67 56
79 82
59 61
70 91
68 98
80 19
60 41
69 81
81 63
61 12
72 43
82 92
62 77
73 56
71 67
83 27
63 43
74 59
72 25
84 32
64 70
75 97
73 62
85 18
65 28
76 77
74 72
86 70
66 58
77 100
75 48
87 60
67 78
78 14
76 26
88 18
68 14
79 17
77 49
89 79
69 10
80 58
78 99
90 13
70 70
79 92
91 16
71 26
82 52
92 94
72 76
83 69
81 55
93 90
73 20
84 10
82 32
94 11
74 34
85 25
83 43
95 93
75 74
86 67
84 80
96 74
76 22
87 48
85 67
97 98
77 95
88 15
86 29
98 96
78 35
89 74
87 83
99 53
79 74
90 21
88 93
100 18
80 62
89 62
81 55
92 45
82 95
93 49
91 19
83 81
94 14
92 70
84 69
95 76
93 19
85 92
96 21
94 39
86 11
97 94
95 32
87 21
98 99
96 84
88 60
99 27
97 97
89 90
100 24
98 25
90 88
99 31
36
28
2 29 36 
3 41 50 100 
1 19 
3 23 33 89 
3 15 13 17 
2 99 4 
3 9 54 85 
2 46 83 
1 45 
2 97 73 
5 27 40 20 31 67 
3 86 84 71 
2 68 39 
1 82 
2 32 28 
