100 360 10 100 17
2
3
3
3
3
3
3
3
3
2
3
4
4
4
4
4
4
4
4
3
3
4
4
4
4
4
4
4
4
3
3
4
4
4
4
4
4
4
4
3
3
4
4
4
4
4
4
4
4
3
3
4
4
4
4
4
4
4
4
3
3
4
4
4
4
4
4
4
4
3
3
4
4
4
4
4
4
4
4
3
3
4
4
4
4
4
4
4
4
3
2
3
3
3
3
3
3
3
3
2
11 54
2 29
12 54
3 29
1 35
13 21
4 92
2 26
14 34
5 27
3 55
15 68
6 34
4 64
16 99
7 65
5 40
17 31
8 56
6 23
18 68
9 63
7 25
19 91
10 21
8 12
20 23
9 11
21 96
1 64
12 34
22 69
2 80
13 90
11 23
23 24
3 30
14 77
12 35
24 81
4 99
15 35
13 39
25 90
5 36
16 99
14 22
26 51
6 49
17 75
15 59
27 35
7 39
18 80
16 89
28 44
8 39
19 77
17 42
29 34
9 31
20 70
18 59
30 92
10 23
19 29
31 50
11 39
22 57
32 50
12 32
23 84
21 98
33 44
13 65
24 31
22 84
34 42
14 59
25 10
23 54
35 25
15 52
26 72
24 48
36 11
16 72
27 46
25 14
37 12
17 56
28 91
26 71
38 86
18 43
29 51
27 34
39 90
19 36
30 92
28 81
40 46
20 91
29 33
41 21
21 72
32 73
42 26
22 64
33 26
31 27
43 95
23 76
34 74
32 61
44 21
24 69
35 67
33 56
45 48
25 43
36 75
34 74
46 17
26 27
37 15
35 63
47 77
27 27
38 54
36 77
48 55
28 61
39 58
37 73
49 71
29 100
40 65
38 80
50 44
30 65
39 92
51 77
31 85
42 12
52 83
32 54
43 37
41 33
53 25
33 51
44 29
42 81
54 55
34 59
45 89
43 39
55 41
35 46
46 51
44 73
56 37
36 78
47 79
45 55
57 31
37 39
48 92
46 78
58 18
38 38
49 57
47 91
59 72
39 52
50 41
48 42
60 36
40 92
49 19
61 27
41 57
52 24
62 34
42 67
53 81
51 21
63 63
43 70
54 53
52 25
64 23
44 32
55 85
53 34
65 91
45 45
56 30
54 51
66 98
46 65
57 54
55 44
67 14
47 51
58 79
56 64
68 17
48 92
59 70
57 63
69 73
49 84
60 83
58 72
70 84
50 22
59 23
71 26
51 80
62 43
72 20
52 11
63 83
61 49
73 17
53 84
64 47
62 66
74 98
54 31
65 14
63 66
75 30
55 54
66 17
64 78
76 48
56 14
67 26
65 79
77 31
57 96
68 69
66 35
78 93
58 41
69 14
67 68
79 30
59 73
70 30
68 66
80 98
60 53
69 13
81 33
61 28
72 93
82 48
62 92
73 99
71 67
83 83
63 47
74 44
72 31
84 53
64 73
75 28
73 35
85 22
65 33
76 19
74 69
86 27
66 44
77 55
75 76
87 76
67 14
78 43
76 54
88 27
68 53
79 39
77 37
89 80
69 97
80 66
78 19
90 82
70 24
79 28
91 35
71 33
82 90
92 16
72 85
83 20
81 35
93 88
73 92
84 74
82 21
94 55
74 61
85 61
83 23
95 89
75 95
86 53
84 78
96 81
76 90
87 50
85 68
97 94
77 79
88 90
86 53
98 36
78 63
89 25
87 57
99 76
79 78
90 94
88 86
100 60
80 31
89 70
81 64
92 69
82 76
93 76
91 12
83 25
94 45
92 20
84 23
95 13
93 60
85 45
96 86
94 16
86 54
97 66
95 19
87 100
98 28
96 79
88 82
99 88
97 85
89 36
100 62
98 81
90 81
99 88
98
43
3 65 74 98 
4 16 87 38 7 
2 32 84 
1 83 
1 82 
1 29 
3 68 33 3 
3 13 93 94 
1 76 
2 71 15 
1 12 
2 86 30 
2 41 42 
2 47 52 
2 6 81 
1 59 
4 57 77 40 43 
