100 360 10 100 18
2
3
3
3
3
3
3
3
3
2
3
4
4
4
4
4
4
4
4
3
3
4
4
4
4
4
4
4
4
3
3
4
4
4
4
4
4
4
4
3
3
4
4
4
4
4
4
4
4
3
3
4
4
4
4
4
4
4
4
3
3
4
4
4
4
4
4
4
4
3
3
4
4
4
4
4
4
4
4
3
3
4
4
4
4
4
4
4
4
3
2
3
3
3
3
3
3
3
3
2
11 61
2 29
12 73
3 98
1 40
13 19
4 47
2 35
14 57
5 42
3 61
15 23
6 56
4 85
16 69
7 32
5 40
17 88
8 77
6 13
18 47
9 14
7 79
19 70
10 10
8 45
20 42
9 43
21 68
1 47
12 92
22 16
2 67
13 18
11 29
23 38
3 21
14 85
12 89
24 55
4 81
15 28
13 21
25 68
5 91
16 29
14 44
26 100
6 74
17 87
15 66
27 57
7 95
18 69
16 21
28 42
8 63
19 84
17 47
29 18
9 40
20 58
18 75
30 12
10 17
19 38
31 28
11 67
22 67
32 78
12 23
23 47
21 79
33 28
13 93
24 64
22 66
34 16
14 28
25 32
23 72
35 41
15 56
26 69
24 17
36 87
16 10
27 51
25 45
37 14
17 17
28 50
26 43
38 60
18 36
29 74
27 41
39 83
19 82
30 86
28 79
40 94
20 80
29 92
41 71
21 85
32 30
42 72
22 64
33 61
31 87
43 76
23 30
34 58
32 88
44 18
24 12
35 32
33 36
45 48
25 58
36 53
34 93
46 19
26 22
37 50
35 34
47 39
27 63
38 76
36 52
48 26
28 16
39 22
37 88
49 16
29 56
40 68
38 25
50 84
30 36
39 62
51 42
31 14
42 80
52 23
32 63
43 71
41 36
53 39
33 26
44 55
42 24
54 40
34 65
45 92
43 66
55 16
35 78
46 58
44 21
56 19
36 82
47 54
45 34
57 25
37 80
48 86
46 48
58 95
38 58
49 45
47 87
59 48
39 80
50 39
48 76
60 75
40 44
49 99
61 20
41 68
52 90
62 18
42 45
53 94
51 29
63 84
43 66
54 71
52 80
64 48
44 16
55 81
53 26
65 59
45 35
56 65
54 25
66 17
46 28
57 28
55 54
67 54
47 86
58 98
56 20
68 85
48 98
59 77
57 82
69 81
49 90
60 75
58 99
70 85
50 20
59 70
71 28
51 36
62 96
72 93
52 32
63 78
61 42
73 71
53 57
64 93
62 13
74 48
54 60
65 82
63 63
75 48
55 66
66 48
64 54
76 55
56 38
67 14
65 59
77 75
57 81
68 86
66 34
78 17
58 11
69 27
67 35
79 83
59 91
70 51
68 71
80 36
60 13
69 72
81 70
61 86
72 16
82 48
62 14
73 38
71 70
83 13
63 94
74 26
72 86
84 79
64 42
75 20
73 34
85 98
65 70
76 87
74 100
86 18
66 62
77 54
75 61
87 83
67 18
78 44
76 35
88 17
68 84
79 52
77 27
89 66
69 46
80 28
78 14
90 83
70 76
79 11
91 26
71 89
82 20
92 75
72 43
83 67
81 18
93 12
73 29
84 37
82 20
94 73
74 66
85 93
83 66
95 70
75 78
86 35
84 97
96 62
76 93
87 21
85 85
97 47
77 39
88 75
86 48
98 70
78 48
89 79
87 54
99 60
79 41
90 40
88 80
100 52
80 93
89 62
81 74
92 61
82 32
93 12
91 44
83 66
94 10
92 64
84 45
95 66
93 17
85 62
96 90
94 95
86 92
97 88
95 86
87 87
98 53
96 30
88 74
99 55
97 67
89 19
100 65
98 10
90 86
99 83
67
4
2 70 67 
1 50 
2 91 73 
1 62 
2 35 57 
2 21 68 
1 69 
3 34 36 12 
1 88 
2 7 18 
2 77 51 
2 24 26 
2 53 1 
2 65 99 
3 52 44 28 
4 41 95 87 49 
1 61 
2 84 4 
