100 360 10 100 17
2
3
3
3
3
3
3
3
3
2
3
4
4
4
4
4
4
4
4
3
3
4
4
4
4
4
4
4
4
3
3
4
4
4
4
4
4
4
4
3
3
4
4
4
4
4
4
4
4
3
3
4
4
4
4
4
4
4
4
3
3
4
4
4
4
4
4
4
4
3
3
4
4
4
4
4
4
4
4
3
3
4
4
4
4
4
4
4
4
3
2
3
3
3
3
3
3
3
3
2
11 80
2 29
12 31
3 94
1 35
13 91
4 23
2 65
14 18
5 99
3 84
15 23
6 17
4 46
16 90
7 26
5 87
17 14
8 18
6 90
18 43
9 66
7 54
19 14
10 67
8 24
20 86
9 37
21 22
1 81
12 86
22 25
2 26
13 78
11 72
23 56
3 46
14 20
12 44
24 28
4 57
15 49
13 71
25 84
5 10
16 53
14 25
26 44
6 70
17 57
15 45
27 10
7 46
18 43
16 56
28 47
8 90
19 75
17 38
29 72
9 35
20 68
18 41
30 18
10 54
19 72
31 20
11 10
22 61
32 14
12 56
23 53
21 74
33 55
13 65
24 66
22 73
34 76
14 17
25 52
23 85
35 78
15 27
26 50
24 15
36 93
16 100
27 46
25 83
37 73
17 32
28 33
26 36
38 96
18 61
29 62
27 87
39 17
19 23
30 95
28 95
40 46
20 66
29 74
41 66
21 67
32 41
42 95
22 17
33 71
31 57
43 83
23 38
34 33
32 72
44 18
24 61
35 10
33 83
45 44
25 27
36 41
34 90
46 19
26 11
37 59
35 74
47 22
27 53
38 64
36 56
48 66
28 24
39 60
37 22
49 65
29 96
40 67
38 62
50 26
30 25
39 55
51 72
31 58
42 60
52 46
32 22
43 49
41 99
53 28
33 54
44 98
42 50
54 66
34 44
45 84
43 30
55 48
35 85
46 92
44 97
56 54
36 81
47 43
45 33
57 14
37 97
48 91
46 92
58 46
38 26
49 55
47 84
59 29
39 39
50 40
48 94
60 40
40 72
49 89
61 61
41 10
52 11
62 61
42 77
53 21
51 79
63 88
43 63
54 95
52 71
64 40
44 43
55 54
53 47
65 76
45 25
56 51
54 49
66 50
46 66
57 92
55 24
67 63
47 72
58 71
56 44
68 97
48 74
59 56
57 43
69 12
49 65
60 36
58 47
70 33
50 87
59 46
71 67
51 28
62 71
72 60
52 44
63 19
61 43
73 30
53 98
64 54
62 14
74 64
54 43
65 82
63 52
75 84
55 28
66 23
64 78
76 46
56 14
67 40
65 86
77 36
57 76
68 19
66 31
78 50
58 28
69 25
67 17
79 70
59 84
70 32
68 42
80 47
60 71
69 10
81 24
61 84
72 61
82 56
62 99
73 88
71 77
83 96
63 23
74 17
72 37
84 35
64 83
75 93
73 15
85 84
65 76
76 79
74 59
86 12
66 43
77 54
75 51
87 70
67 45
78 72
76 18
88 35
68 27
79 78
77 49
89 45
69 19
80 79
78 47
90 87
70 87
79 85
91 83
71 48
82 32
92 64
72 86
83 55
81 84
93 33
73 99
84 36
82 63
94 10
74 93
85 28
83 75
95 18
75 38
86 34
84 34
96 49
76 96
87 62
85 30
97 27
77 77
88 74
86 45
98 80
78 39
89 82
87 35
99 27
79 75
90 41
88 42
100 22
80 90
89 79
81 36
92 51
82 47
93 83
91 78
83 16
94 64
92 44
84 89
95 14
93 96
85 90
96 85
94 70
86 66
97 21
95 79
87 10
98 92
96 94
88 56
99 53
97 74
89 42
100 41
98 94
90 69
99 24
55
85
2 31 55 
2 8 64 
1 9 
1 97 
2 50 71 
2 40 41 
3 3 12 65 
2 21 88 
6 73 69 29 13 26 39 
2 37 81 
2 77 5 
2 10 43 
2 16 28 
2 70 63 
2 80 93 
1 1 
1 85 
