100 360 10 100 18
2
3
3
3
3
3
3
3
3
2
3
4
4
4
4
4
4
4
4
3
3
4
4
4
4
4
4
4
4
3
3
4
4
4
4
4
4
4
4
3
3
4
4
4
4
4
4
4
4
3
3
4
4
4
4
4
4
4
4
3
3
4
4
4
4
4
4
4
4
3
3
4
4
4
4
4
4
4
4
3
3
4
4
4
4
4
4
4
4
3
2
3
3
3
3
3
3
3
3
2
11 42
2 29
12 42
3 21
1 11
13 41
4 39
2 21
14 60
5 71
3 73
15 23
6 58
4 86
16 87
7 99
5 55
17 70
8 10
6 63
18 62
9 59
7 76
19 37
10 82
8 30
20 69
9 62
21 95
1 16
12 68
22 74
2 75
13 81
11 18
23 23
3 24
14 39
12 19
24 60
4 31
15 91
13 26
25 59
5 100
16 81
14 22
26 22
6 89
17 55
15 95
27 87
7 85
18 23
16 79
28 73
8 58
19 24
17 78
29 57
9 15
20 22
18 14
30 82
10 25
19 56
31 11
11 36
22 41
32 76
12 89
23 24
21 95
33 26
13 12
24 57
22 87
34 79
14 65
25 54
23 28
35 95
15 19
26 91
24 26
36 18
16 59
27 22
25 48
37 35
17 56
28 16
26 22
38 24
18 39
29 26
27 61
39 86
19 62
30 55
28 22
40 80
20 38
29 64
41 42
21 58
32 35
42 80
22 48
33 27
31 56
43 97
23 93
34 100
32 100
44 15
24 21
35 62
33 100
45 17
25 27
36 94
34 14
46 21
26 15
37 16
35 27
47 98
27 54
38 26
36 37
48 20
28 80
39 71
37 47
49 26
29 10
40 69
38 31
50 61
30 73
39 40
51 28
31 43
42 58
52 82
32 26
43 56
41 90
53 74
33 19
44 87
42 24
54 39
34 93
45 30
43 12
55 41
35 11
46 74
44 72
56 79
36 84
47 95
45 80
57 17
37 22
48 24
46 73
58 38
38 30
49 10
47 53
59 26
39 85
50 38
48 13
60 59
40 82
49 88
61 59
41 86
52 47
62 52
42 71
53 78
51 81
63 69
43 32
54 30
52 23
64 32
44 14
55 39
53 89
65 43
45 25
56 23
54 76
66 34
46 76
57 32
55 20
67 23
47 43
58 11
56 30
68 43
48 94
59 13
57 81
69 94
49 85
60 26
58 99
70 38
50 11
59 63
71 73
51 65
62 93
72 70
52 80
63 55
61 39
73 33
53 53
64 50
62 100
74 80
54 74
65 36
63 58
75 11
55 62
66 91
64 15
76 87
56 76
67 16
65 55
77 30
57 99
68 44
66 94
78 38
58 88
69 34
67 97
79 83
59 70
70 29
68 35
80 90
60 36
69 61
81 49
61 93
72 39
82 20
62 81
73 44
71 44
83 85
63 71
74 11
72 76
84 52
64 36
75 39
73 58
85 53
65 96
76 69
74 16
86 41
66 38
77 53
75 48
87 83
67 60
78 84
76 47
88 47
68 55
79 100
77 89
89 50
69 94
80 80
78 82
90 24
70 84
79 25
91 100
71 52
82 69
92 19
72 29
83 65
81 58
93 28
73 11
84 43
82 94
94 64
74 17
85 92
83 37
95 71
75 84
86 83
84 89
96 14
76 35
87 16
85 48
97 70
77 85
88 34
86 14
98 36
78 36
89 25
87 75
99 38
79 59
90 34
88 33
100 67
80 12
89 93
81 68
92 52
82 68
93 85
91 16
83 17
94 96
92 86
84 75
95 24
93 15
85 52
96 60
94 49
86 48
97 50
95 68
87 83
98 52
96 80
88 93
99 63
97 88
89 77
100 58
98 81
90 53
99 60
9
72
3 99 20 9 
2 8 49 
1 43 
2 5 92 
2 98 12 
2 87 52 
2 61 78 
3 63 21 48 
1 42 
1 39 
2 41 65 
1 66 
3 59 69 53 
3 74 79 19 
2 17 44 
1 27 
2 11 29 
2 77 72 
