100 360 11 100 19
2
3
3
3
3
3
3
3
3
2
3
4
4
4
4
4
4
4
4
3
3
4
4
4
4
4
4
4
4
3
3
4
4
4
4
4
4
4
4
3
3
4
4
4
4
4
4
4
4
3
3
4
4
4
4
4
4
4
4
3
3
4
4
4
4
4
4
4
4
3
3
4
4
4
4
4
4
4
4
3
3
4
4
4
4
4
4
4
4
3
2
3
3
3
3
3
3
3
3
2
11 27
2 29
12 19
3 75
1 59
13 49
4 98
2 19
14 66
5 36
3 95
15 23
6 67
4 97
16 93
7 44
5 28
17 50
8 26
6 27
18 24
9 73
7 32
19 83
10 52
8 18
20 12
9 12
21 40
1 56
12 13
22 67
2 67
13 75
11 35
23 88
3 69
14 93
12 69
24 87
4 82
15 98
13 26
25 18
5 11
16 25
14 27
26 65
6 50
17 60
15 87
27 24
7 97
18 64
16 34
28 20
8 32
19 34
17 89
29 88
9 55
20 22
18 67
30 45
10 82
19 89
31 29
11 76
22 82
32 43
12 24
23 83
21 53
33 83
13 27
24 76
22 59
34 72
14 61
25 51
23 51
35 61
15 36
26 99
24 95
36 78
16 49
27 70
25 27
37 20
17 98
28 50
26 50
38 77
18 83
29 99
27 23
39 39
19 74
30 44
28 77
40 13
20 94
29 83
41 90
21 76
32 47
42 20
22 76
33 24
31 57
43 70
23 74
34 58
32 43
44 21
24 11
35 50
33 67
45 72
25 27
36 78
34 75
46 17
26 98
37 12
35 30
47 36
27 52
38 12
36 76
48 22
28 59
39 49
37 89
49 13
29 91
40 65
38 93
50 82
30 68
39 71
51 24
31 74
42 62
52 100
32 19
43 43
41 18
53 73
33 89
44 19
42 75
54 94
34 87
45 46
43 48
55 56
35 67
46 19
44 31
56 29
36 78
47 82
45 78
57 11
37 80
48 68
46 21
58 53
38 23
49 100
47 23
59 32
39 85
50 41
48 83
60 21
40 62
49 90
61 63
41 25
52 66
62 69
42 82
53 54
51 76
63 17
43 93
54 70
52 27
64 48
44 71
55 69
53 97
65 18
45 25
56 79
54 22
66 67
46 56
57 61
55 28
67 11
47 100
58 40
56 58
68 60
48 53
59 98
57 96
69 22
49 45
60 47
58 85
70 28
50 73
59 29
71 61
51 82
62 49
72 51
52 99
63 74
61 48
73 27
53 51
64 57
62 20
74 49
54 13
65 37
63 46
75 66
55 86
66 46
64 49
76 96
56 43
67 65
65 26
77 41
57 52
68 85
66 58
78 62
58 59
69 15
67 27
79 56
59 98
70 35
68 50
80 95
60 15
69 51
81 90
61 74
72 82
82 92
62 26
73 41
71 19
83 17
63 65
74 23
72 89
84 18
64 40
75 55
73 62
85 25
65 55
76 89
74 11
86 74
66 49
77 55
75 55
87 56
67 30
78 59
76 81
88 23
68 90
79 55
77 100
89 40
69 36
80 77
78 11
90 58
70 89
79 55
91 66
71 43
82 87
92 19
72 52
83 46
81 19
93 38
73 97
84 29
82 33
94 48
74 77
85 55
83 21
95 57
75 82
86 76
84 71
96 84
76 66
87 17
85 13
97 76
77 69
88 22
86 77
98 33
78 43
89 47
87 85
99 16
79 92
90 48
88 50
100 67
80 77
89 66
81 96
92 49
82 26
93 81
91 49
83 15
94 31
92 93
84 12
95 95
93 85
85 38
96 19
94 90
86 83
97 83
95 89
87 28
98 41
96 18
88 18
99 43
97 60
89 99
100 23
98 15
90 85
99 79
1
97
1 1 
1 78 
3 8 57 74 
1 2 
3 81 33 32 
1 36 
2 84 54 
2 52 26 
1 42 
2 21 23 
1 49 
2 95 24 
3 41 79 10 
2 55 11 
1 45 
1 75 
2 34 27 
3 46 7 59 
3 47 25 97 
