100 360 10 100 19
2
3
3
3
3
3
3
3
3
2
3
4
4
4
4
4
4
4
4
3
3
4
4
4
4
4
4
4
4
3
3
4
4
4
4
4
4
4
4
3
3
4
4
4
4
4
4
4
4
3
3
4
4
4
4
4
4
4
4
3
3
4
4
4
4
4
4
4
4
3
3
4
4
4
4
4
4
4
4
3
3
4
4
4
4
4
4
4
4
3
2
3
3
3
3
3
3
3
3
2
11 81
2 29
12 14
3 83
1 69
13 88
4 54
2 50
14 55
5 13
3 49
15 23
6 55
4 84
16 52
7 56
5 24
17 14
8 52
6 55
18 33
9 59
7 82
19 12
10 28
8 61
20 14
9 23
21 42
1 77
12 25
22 48
2 59
13 46
11 41
23 53
3 19
14 40
12 68
24 51
4 40
15 56
13 16
25 78
5 81
16 68
14 67
26 86
6 59
17 28
15 38
27 28
7 14
18 25
16 54
28 12
8 68
19 52
17 16
29 71
9 66
20 93
18 45
30 33
10 100
19 21
31 45
11 97
22 93
32 81
12 48
23 70
21 63
33 30
13 84
24 72
22 45
34 44
14 82
25 11
23 26
35 79
15 93
26 47
24 99
36 64
16 51
27 80
25 42
37 84
17 68
28 83
26 64
38 95
18 33
29 32
27 21
39 80
19 11
30 26
28 45
40 18
20 31
29 28
41 100
21 22
32 25
42 63
22 80
33 95
31 27
43 56
23 58
34 17
32 76
44 20
24 94
35 93
33 64
45 80
25 88
36 11
34 82
46 18
26 29
37 84
35 40
47 70
27 73
38 35
36 67
48 32
28 43
39 64
37 39
49 97
29 12
40 66
38 19
50 16
30 89
39 84
51 55
31 77
42 11
52 55
32 10
43 86
41 74
53 94
33 33
44 24
42 23
54 41
34 38
45 63
43 30
55 83
35 55
46 42
44 61
56 50
36 79
47 14
45 78
57 32
37 47
48 58
46 23
58 60
38 85
49 80
47 30
59 71
39 75
50 41
48 47
60 91
40 97
49 19
61 72
41 49
52 42
62 75
42 19
53 19
51 67
63 99
43 100
54 20
52 47
64 65
44 18
55 32
53 55
65 74
45 45
56 16
54 65
66 90
46 71
57 24
55 87
67 85
47 37
58 95
56 11
68 36
48 12
59 49
57 83
69 68
49 94
60 32
58 98
70 41
50 29
59 77
71 74
51 99
62 100
72 25
52 74
63 100
61 46
73 19
53 62
64 45
62 17
74 15
54 47
65 37
63 69
75 84
55 70
66 96
64 92
76 23
56 91
67 13
65 63
77 29
57 63
68 36
66 66
78 87
58 25
69 19
67 63
79 82
59 21
70 74
68 16
80 74
60 81
69 83
81 91
61 78
72 83
82 76
62 38
73 32
71 96
83 32
63 26
74 40
72 96
84 16
64 49
75 92
73 11
85 52
65 44
76 13
74 93
86 87
66 87
77 55
75 74
87 83
67 67
78 95
76 23
88 78
68 21
79 96
77 57
89 83
69 89
80 67
78 37
90 51
70 68
79 89
91 43
71 35
82 63
92 39
72 57
83 70
81 68
93 86
73 47
84 32
82 36
94 82
74 23
85 93
83 95
95 70
75 73
86 77
84 14
96 18
76 59
87 27
85 31
97 24
77 83
88 25
86 83
98 14
78 61
89 42
87 32
99 81
79 24
90 45
88 36
100 37
80 83
89 31
81 80
92 70
82 86
93 31
91 72
83 25
94 15
92 41
84 16
95 18
93 19
85 71
96 28
94 51
86 45
97 35
95 14
87 91
98 54
96 72
88 55
99 48
97 46
89 53
100 71
98 30
90 27
99 14
25
36
2 48 25 
2 3 51 
2 95 2 
1 33 
1 6 
2 85 84 
2 45 61 
1 77 
4 49 68 96 30 
1 94 
2 26 42 
1 89 
2 55 53 
5 15 18 7 27 79 
1 10 
2 43 73 
2 1 92 
1 50 
1 36 
