100 360 10 100 17
2
3
3
3
3
3
3
3
3
2
3
4
4
4
4
4
4
4
4
3
3
4
4
4
4
4
4
4
4
3
3
4
4
4
4
4
4
4
4
3
3
4
4
4
4
4
4
4
4
3
3
4
4
4
4
4
4
4
4
3
3
4
4
4
4
4
4
4
4
3
3
4
4
4
4
4
4
4
4
3
3
4
4
4
4
4
4
4
4
3
2
3
3
3
3
3
3
3
3
2
11 100
2 29
12 46
3 69
1 98
13 65
4 62
2 64
14 52
5 75
3 37
15 22
6 53
4 84
16 34
7 80
5 100
17 31
8 28
6 96
18 18
9 14
7 85
19 45
10 47
8 76
20 78
9 95
21 15
1 17
12 50
22 81
2 51
13 74
11 53
23 68
3 16
14 87
12 48
24 47
4 90
15 84
13 11
25 87
5 72
16 15
14 89
26 73
6 44
17 60
15 10
27 90
7 23
18 71
16 88
28 72
8 73
19 20
17 76
29 33
9 92
20 38
18 15
30 54
10 92
19 95
31 63
11 37
22 28
32 83
12 73
23 92
21 46
33 32
13 75
24 79
22 24
34 71
14 45
25 80
23 70
35 25
15 39
26 25
24 91
36 42
16 93
27 17
25 38
37 63
17 29
28 25
26 85
38 40
18 29
29 81
27 92
39 76
19 30
30 57
28 11
40 32
20 74
29 56
41 38
21 49
32 19
42 55
22 96
33 39
31 57
43 35
23 86
34 66
32 64
44 22
24 85
35 63
33 92
45 20
25 28
36 61
34 70
46 16
26 36
37 27
35 46
47 11
27 82
38 85
36 83
48 37
28 71
39 15
37 81
49 87
29 59
40 64
38 13
50 39
30 52
39 15
51 69
31 48
42 33
52 88
32 48
43 10
41 21
53 58
33 40
44 83
42 23
54 42
34 10
45 33
43 84
55 58
35 31
46 25
44 100
56 81
36 77
47 64
45 32
57 40
37 14
48 30
46 88
58 26
38 22
49 24
47 64
59 93
39 70
50 42
48 19
60 15
40 58
49 30
61 33
41 30
52 85
62 42
42 84
53 34
51 15
63 23
43 43
54 61
52 13
64 81
44 20
55 74
53 83
65 90
45 55
56 58
54 13
66 72
46 22
57 20
55 30
67 25
47 79
58 91
56 93
68 78
48 16
59 21
57 83
69 55
49 99
60 81
58 98
70 87
50 38
59 84
71 29
51 70
62 12
72 48
52 26
63 32
61 50
73 57
53 66
64 88
62 22
74 74
54 33
65 83
63 74
75 30
55 75
66 53
64 40
76 82
56 53
67 12
65 67
77 73
57 44
68 77
66 98
78 66
58 39
69 12
67 91
79 82
59 42
70 96
68 53
80 20
60 57
69 95
81 20
61 71
72 59
82 13
62 62
73 26
71 30
83 51
63 49
74 55
72 15
84 43
64 56
75 73
73 78
85 96
65 18
76 31
74 86
86 64
66 20
77 55
75 87
87 82
67 25
78 55
76 11
88 49
68 50
79 48
77 86
89 99
69 41
80 15
78 59
90 19
70 60
79 75
91 61
71 72
82 14
92 95
72 71
83 73
81 27
93 70
73 66
84 26
82 53
94 91
74 72
85 94
83 34
95 70
75 67
86 29
84 22
96 65
76 26
87 33
85 68
97 92
77 36
88 66
86 27
98 48
78 74
89 97
87 11
99 12
79 98
90 51
88 83
100 22
80 73
89 91
81 86
92 79
82 50
93 50
91 100
83 75
94 21
92 19
84 77
95 61
93 21
85 81
96 58
94 97
86 89
97 73
95 32
87 94
98 55
96 23
88 36
99 40
97 25
89 87
100 78
98 49
90 60
99 37
83
68
1 83 
2 4 49 
2 98 30 
1 2 
1 52 
3 35 72 99 
1 48 
3 31 21 38 
1 74 
3 61 11 70 
4 33 32 89 26 
4 51 85 97 50 
1 1 
1 59 
1 91 
3 20 28 96 
3 69 71 68 
