100 360 10 100 16
2
3
3
3
3
3
3
3
3
2
3
4
4
4
4
4
4
4
4
3
3
4
4
4
4
4
4
4
4
3
3
4
4
4
4
4
4
4
4
3
3
4
4
4
4
4
4
4
4
3
3
4
4
4
4
4
4
4
4
3
3
4
4
4
4
4
4
4
4
3
3
4
4
4
4
4
4
4
4
3
3
4
4
4
4
4
4
4
4
3
2
3
3
3
3
3
3
3
3
2
11 86
2 29
12 37
3 97
1 47
13 80
4 49
2 68
14 95
5 31
3 75
15 91
6 96
4 35
16 51
7 100
5 34
17 86
8 41
6 70
18 46
9 68
7 28
19 87
10 82
8 60
20 63
9 11
21 68
1 15
12 69
22 68
2 74
13 37
11 29
23 10
3 50
14 39
12 98
24 38
4 90
15 21
13 33
25 100
5 24
16 16
14 70
26 13
6 95
17 22
15 28
27 75
7 23
18 72
16 62
28 32
8 81
19 10
17 20
29 15
9 88
20 46
18 63
30 68
10 98
19 59
31 40
11 12
22 24
32 92
12 28
23 83
21 75
33 18
13 92
24 54
22 26
34 12
14 14
25 76
23 53
35 43
15 89
26 40
24 26
36 90
16 60
27 13
25 20
37 61
17 32
28 25
26 60
38 36
18 17
29 30
27 74
39 19
19 10
30 22
28 34
40 75
20 93
29 58
41 10
21 29
32 15
42 68
22 70
33 71
31 42
43 37
23 30
34 66
32 52
44 21
24 40
35 58
33 61
45 14
25 35
36 31
34 29
46 17
26 17
37 13
35 92
47 57
27 39
38 78
36 31
48 84
28 60
39 54
37 81
49 42
29 50
40 19
38 87
50 63
30 21
39 36
51 51
31 34
42 37
52 91
32 36
43 85
41 25
53 95
33 70
44 24
42 33
54 74
34 73
45 68
43 43
55 48
35 11
46 35
44 52
56 33
36 78
47 80
45 66
57 66
37 14
48 80
46 49
58 81
38 76
49 33
47 57
59 52
39 23
50 41
48 17
60 74
40 77
49 100
61 45
41 41
52 45
62 52
42 74
53 22
51 48
63 85
43 36
54 16
52 72
64 35
44 52
55 32
53 20
65 55
45 81
56 54
54 37
66 82
46 61
57 12
55 82
67 13
47 75
58 14
56 15
68 38
48 27
59 84
57 80
69 93
49 65
60 65
58 33
70 56
50 47
59 26
71 89
51 81
62 92
72 81
52 100
63 79
61 94
73 22
53 68
64 97
62 43
74 28
54 68
65 71
63 56
75 94
55 70
66 31
64 64
76 26
56 29
67 91
65 98
77 82
57 29
68 77
66 46
78 32
58 50
69 15
67 93
79 43
59 40
70 32
68 12
80 51
60 34
69 77
81 16
61 96
72 88
82 25
62 59
73 25
71 89
83 96
63 10
74 33
72 60
84 81
64 11
75 42
73 94
85 69
65 44
76 54
74 40
86 50
66 92
77 10
75 20
87 21
67 67
78 97
76 67
88 70
68 26
79 93
77 23
89 15
69 21
80 26
78 15
90 25
70 11
79 41
91 96
71 84
82 89
92 63
72 23
83 33
81 73
93 63
73 49
84 97
82 72
94 97
74 24
85 12
83 68
95 27
75 43
86 65
84 74
96 37
76 33
87 79
85 86
97 39
77 29
88 11
86 20
98 35
78 98
89 82
87 26
99 46
79 85
90 26
88 68
100 18
80 54
89 22
81 34
92 14
82 51
93 78
91 30
83 20
94 83
92 11
84 17
95 99
93 73
85 87
96 98
94 53
86 23
97 75
95 100
87 64
98 35
96 94
88 95
99 20
97 27
89 68
100 43
98 94
90 38
99 38
100
70
2 99 100 
4 3 66 27 42 
2 17 29 
2 34 92 
2 95 57 
3 18 46 31 
3 20 71 78 
1 9 
1 10 
4 62 5 12 68 
1 28 
2 76 25 
2 53 24 
2 30 81 
1 13 
3 94 40 70 
