100 360 10 100 17
2
3
3
3
3
3
3
3
3
2
3
4
4
4
4
4
4
4
4
3
3
4
4
4
4
4
4
4
4
3
3
4
4
4
4
4
4
4
4
3
3
4
4
4
4
4
4
4
4
3
3
4
4
4
4
4
4
4
4
3
3
4
4
4
4
4
4
4
4
3
3
4
4
4
4
4
4
4
4
3
3
4
4
4
4
4
4
4
4
3
2
3
3
3
3
3
3
3
3
2
11 31
2 29
12 58
3 100
1 95
13 45
4 61
2 53
14 70
5 48
3 63
15 91
6 70
4 100
16 40
7 57
5 10
17 31
8 70
6 77
18 48
9 87
7 41
19 69
10 53
8 71
20 41
9 14
21 46
1 88
12 27
22 64
2 49
13 98
11 53
23 47
3 37
14 72
12 75
24 52
4 57
15 56
13 98
25 46
5 64
16 50
14 80
26 41
6 97
17 82
15 84
27 54
7 47
18 40
16 44
28 75
8 67
19 14
17 24
29 34
9 46
20 41
18 80
30 65
10 34
19 88
31 89
11 86
22 72
32 79
12 11
23 80
21 78
33 96
13 15
24 53
22 68
34 73
14 20
25 66
23 46
35 25
15 58
26 95
24 27
36 41
16 15
27 60
25 47
37 77
17 24
28 33
26 18
38 18
18 96
29 36
27 51
39 98
19 85
30 18
28 26
40 99
20 100
29 67
41 58
21 38
32 55
42 56
22 94
33 66
31 12
43 79
23 26
34 33
32 15
44 21
24 15
35 24
33 83
45 62
25 96
36 37
34 31
46 17
26 68
37 100
35 26
47 65
27 90
38 84
36 29
48 18
28 56
39 35
37 23
49 18
29 30
40 20
38 22
50 47
30 26
39 85
51 36
31 12
42 47
52 35
32 57
43 96
41 85
53 100
33 56
44 94
42 20
54 61
34 38
45 72
43 61
55 78
35 54
46 63
44 59
56 16
36 78
47 86
45 21
57 26
37 96
48 32
46 27
58 60
38 46
49 28
47 13
59 62
39 89
50 41
48 99
60 46
40 17
49 60
61 25
41 70
52 39
62 31
42 13
53 58
51 69
63 83
43 83
54 49
52 76
64 85
44 38
55 91
53 55
65 91
45 40
56 61
54 70
66 20
46 42
57 26
55 51
67 99
47 82
58 28
56 95
68 32
48 40
59 49
57 54
69 82
49 77
60 84
58 59
70 36
50 59
59 38
71 69
51 85
62 13
72 52
52 94
63 62
61 94
73 43
53 93
64 26
62 42
74 20
54 31
65 26
63 16
75 76
55 43
66 89
64 97
76 31
56 86
67 78
65 84
77 10
57 31
68 19
66 94
78 61
58 87
69 16
67 11
79 95
59 89
70 42
68 72
80 46
60 50
69 63
81 39
61 98
72 65
82 21
62 16
73 91
71 85
83 54
63 46
74 83
72 84
84 12
64 36
75 96
73 58
85 76
65 87
76 12
74 15
86 54
66 10
77 10
75 70
87 73
67 99
78 37
76 30
88 61
68 100
79 35
77 58
89 25
69 80
80 46
78 89
90 68
70 51
79 95
91 68
71 13
82 83
92 68
72 47
83 84
81 39
93 52
73 59
84 98
82 96
94 83
74 56
85 90
83 64
95 53
75 18
86 19
84 60
96 43
76 76
87 13
85 68
97 95
77 100
88 57
86 67
98 30
78 57
89 35
87 81
99 17
79 22
90 25
88 87
100 33
80 55
89 14
81 99
92 65
82 43
93 88
91 13
83 90
94 57
92 67
84 87
95 80
93 33
85 73
96 55
94 20
86 82
97 17
95 58
87 11
98 61
96 62
88 59
99 21
97 69
89 11
100 55
98 52
90 46
99 22
6
80
1 6 
3 14 43 86 
1 12 
3 38 64 26 
1 52 
1 45 
3 54 16 79 
2 83 72 
1 32 
2 21 88 
3 41 57 2 
1 18 
4 31 87 50 61 
1 98 
2 44 30 
3 11 93 42 
3 58 70 80 
