100 360 10 100 16
2
3
3
3
3
3
3
3
3
2
3
4
4
4
4
4
4
4
4
3
3
4
4
4
4
4
4
4
4
3
3
4
4
4
4
4
4
4
4
3
3
4
4
4
4
4
4
4
4
3
3
4
4
4
4
4
4
4
4
3
3
4
4
4
4
4
4
4
4
3
3
4
4
4
4
4
4
4
4
3
3
4
4
4
4
4
4
4
4
3
2
3
3
3
3
3
3
3
3
2
11 38
2 29
12 78
3 78
1 100
13 42
4 16
2 62
14 94
5 63
3 70
15 46
6 93
4 30
16 11
7 25
5 10
17 88
8 91
6 68
18 27
9 38
7 95
19 48
10 42
8 13
20 60
9 46
21 18
1 70
12 85
22 10
2 36
13 26
11 60
23 62
3 28
14 80
12 38
24 27
4 40
15 49
13 80
25 24
5 27
16 71
14 11
26 89
6 31
17 95
15 91
27 76
7 12
18 28
16 67
28 74
8 91
19 21
17 30
29 19
9 55
20 28
18 97
30 76
10 28
19 97
31 67
11 22
22 82
32 16
12 93
23 43
21 59
33 79
13 43
24 86
22 50
34 47
14 80
25 88
23 64
35 41
15 62
26 92
24 87
36 25
16 45
27 65
25 78
37 79
17 76
28 83
26 82
38 83
18 89
29 59
27 58
39 90
19 39
30 12
28 24
40 56
20 89
29 35
41 17
21 51
32 11
42 11
22 94
33 100
31 72
43 60
23 70
34 17
32 41
44 17
24 49
35 79
33 64
45 62
25 20
36 15
34 50
46 19
26 63
37 44
35 88
47 26
27 36
38 15
36 95
48 80
28 11
39 89
37 39
49 54
29 77
40 22
38 58
50 87
30 88
39 55
51 91
31 32
42 24
52 66
32 67
43 39
41 88
53 22
33 31
44 29
42 53
54 46
34 44
45 74
43 89
55 53
35 86
46 70
44 98
56 88
36 82
47 61
45 91
57 20
37 47
48 26
46 88
58 46
38 66
49 16
47 100
59 38
39 25
50 39
48 42
60 85
40 60
49 48
61 17
41 81
52 14
62 14
42 82
53 72
51 77
63 13
43 79
54 67
52 41
64 19
44 22
55 87
53 47
65 59
45 30
56 97
54 44
66 29
46 95
57 91
55 61
67 49
47 26
58 47
56 51
68 100
48 46
59 56
57 72
69 90
49 82
60 76
58 86
70 38
50 57
59 85
71 72
51 42
62 66
72 33
52 24
63 57
61 87
73 97
53 66
64 73
62 80
74 60
54 59
65 93
63 14
75 93
55 55
66 30
64 73
76 38
56 18
67 67
65 65
77 54
57 16
68 36
66 94
78 76
58 57
69 28
67 69
79 57
59 16
70 64
68 77
80 75
60 10
69 31
81 76
61 64
72 78
82 20
62 29
73 29
71 88
83 74
63 93
74 65
72 49
84 39
64 96
75 89
73 58
85 60
65 32
76 80
74 46
86 45
66 29
77 100
75 55
87 80
67 13
78 38
76 11
88 52
68 39
79 48
77 48
89 11
69 29
80 99
78 85
90 69
70 12
79 79
91 59
71 69
82 13
92 35
72 96
83 41
81 22
93 67
73 88
84 61
82 95
94 100
74 61
85 31
83 15
95 35
75 92
86 92
84 79
96 24
76 79
87 76
85 85
97 48
77 60
88 41
86 62
98 64
78 43
89 89
87 77
99 92
79 77
90 62
88 82
100 26
80 26
89 97
81 17
92 56
82 90
93 25
91 45
83 41
94 22
92 19
84 18
95 42
93 82
85 89
96 58
94 100
86 29
97 39
95 34
87 89
98 85
96 13
88 52
99 79
97 51
89 85
100 57
98 71
90 50
99 17
75
41
2 10 75 
1 28 
4 66 83 43 100 
1 3 
2 33 25 
3 30 85 82 
3 37 99 45 
1 90 
2 13 39 
1 89 
2 27 44 
1 15 
4 19 74 70 20 
1 48 
5 2 61 92 51 72 
2 59 41 
