100 9900 10 100 80
99
99
99
99
99
99
99
99
99
99
99
99
99
99
99
99
99
99
99
99
99
99
99
99
99
99
99
99
99
99
99
99
99
99
99
99
99
99
99
99
99
99
99
99
99
99
99
99
99
99
99
99
99
99
99
99
99
99
99
99
99
99
99
99
99
99
99
99
99
99
99
99
99
99
99
99
99
99
99
99
99
99
99
99
99
99
99
99
99
99
99
99
99
99
99
99
99
99
99
99
100 92
99 73
98 23
97 44
96 72
95 90
94 16
93 51
92 17
91 37
90 49
89 25
88 23
87 32
86 97
85 21
84 19
83 100
82 91
81 83
80 11
79 27
78 68
77 22
76 34
75 53
74 27
73 75
72 59
71 86
70 11
69 87
68 86
67 78
66 15
65 30
64 95
63 53
62 91
61 98
60 67
59 40
58 74
57 22
56 50
55 84
54 98
53 83
52 93
51 30
50 13
49 83
48 13
47 15
46 30
45 19
44 64
43 88
42 32
41 100
40 84
39 23
38 21
37 15
36 13
35 81
34 83
33 46
32 70
31 92
30 64
29 57
28 56
27 11
26 92
25 85
24 38
23 91
22 70
21 24
20 46
19 95
18 15
17 76
16 88
15 10
14 89
13 11
12 48
11 53
10 95
9 76
8 85
7 96
6 100
5 84
4 37
3 64
2 98
100 36
99 60
98 16
97 67
96 92
95 63
94 100
93 50
92 13
91 48
90 55
89 37
88 66
87 11
86 99
85 55
84 85
83 60
82 87
81 36
80 94
79 89
78 81
77 77
76 75
75 50
74 86
73 73
72 98
71 74
70 36
69 26
68 67
67 72
66 66
65 71
64 72
63 60
62 41
61 50
60 25
59 20
58 18
57 56
56 49
55 62
54 71
53 57
52 42
51 39
50 44
49 53
48 75
47 33
46 66
45 26
44 70
43 38
42 99
41 16
40 79
39 22
38 55
37 20
36 43
35 84
34 30
33 58
32 70
31 22
30 14
29 77
28 31
27 10
26 40
25 48
24 48
23 52
22 59
21 71
20 82
19 36
18 28
17 85
16 86
15 96
14 49
13 74
12 30
11 29
10 29
9 93
8 39
7 45
6 75
5 73
4 37
3 92
1 29
100 65
99 58
98 39
97 92
96 29
95 34
94 69
93 45
92 16
91 87
90 69
89 83
88 90
87 33
86 58
85 97
84 31
83 83
82 15
81 98
80 36
79 77
78 31
77 23
76 10
75 35
74 69
73 93
72 21
71 62
70 22
69 65
68 40
67 49
66 40
65 53
64 73
63 15
62 72
61 19
60 29
59 89
58 31
57 70
56 98
55 51
54 39
53 53
52 13
51 59
50 95
49 34
48 47
47 14
46 80
45 78
44 34
43 31
42 40
41 54
40 93
39 96
38 13
37 61
36 77
35 31
34 97
33 33
32 61
31 23
30 57
29 13
28 19
27 11
26 99
25 93
24 79
23 73
22 43
21 37
20 63
19 15
18 47
17 98
16 88
15 24
14 22
13 37
12 70
11 98
10 69
9 90
8 49
7 23
6 71
5 64
4 66
2 78
1 69
100 54
99 20
98 20
97 31
96 32
95 20
94 19
93 42
92 52
91 22
90 51
89 100
88 20
87 21
86 61
85 15
84 97
83 84
82 84
81 95
80 49
79 52
78 14
77 90
76 56
75 97
74 36
73 60
72 77
71 38
70 74
69 52
68 14
67 100
66 51
65 16
64 95
63 38
62 11
61 47
60 93
59 70
58 44
57 14
56 19
55 82
54 85
53 15
52 80
51 79
50 65
49 71
48 51
47 89
46 24
45 76
44 41
43 71
42 20
41 63
40 17
39 26
38 64
37 41
36 90
35 24
34 17
33 96
32 96
31 24
30 25
29 48
28 27
27 21
26 25
25 33
24 45
23 64
22 95
21 26
20 66
19 97
18 14
17 91
16 30
15 81
14 41
13 91
12 27
11 83
10 60
9 41
8 38
7 44
6 18
5 73
3 72
2 15
1 62
100 52
99 95
98 34
97 43
96 82
95 22
94 63
93 60
92 64
91 71
90 83
89 21
88 46
87 61
86 24
85 80
84 83
83 75
82 19
81 12
80 86
79 57
78 64
77 35
76 35
75 74
74 70
73 56
72 12
71 57
70 42
69 40
68 51
67 85
66 97
65 16
64 76
63 53
62 37
61 87
60 32
59 47
58 79
57 91
56 26
55 57
54 69
53 71
52 51
51 40
50 93
49 35
48 62
47 91
46 13
45 32
44 90
43 65
42 31
41 81
40 88
39 57
38 22
37 60
36 12
35 25
34 31
33 15
32 10
31 26
30 28
29 21
28 17
27 12
26 36
25 34
24 76
23 91
22 88
21 70
20 89
19 19
18 76
17 46
16 59
15 32
14 44
13 82
12 65
11 56
10 20
9 34
8 65
7 49
6 47
4 16
3 71
2 81
1 75
100 56
99 31
98 89
97 12
96 55
95 100
94 57
93 42
92 26
91 60
90 99
89 55
88 54
87 95
86 99
85 51
84 22
83 17
82 81
81 71
80 92
79 86
78 98
77 100
76 88
75 79
74 84
73 13
72 31
71 96
70 69
69 58
68 89
67 84
66 91
65 61
64 48
63 18
62 41
61 19
60 24
59 42
58 78
57 42
56 80
55 12
54 23
53 62
52 62
51 20
50 13
49 48
48 51
47 41
46 95
45 82
44 96
43 56
42 42
41 50
40 78
39 85
38 53
37 35
36 45
35 62
34 79
33 67
32 67
31 80
30 28
29 69
28 32
27 90
26 46
25 20
24 97
23 10
22 18
21 86
20 33
19 75
18 76
17 40
16 74
15 16
14 88
13 22
12 59
11 82
10 30
9 48
8 44
7 74
5 36
4 46
3 13
2 68
1 53
100 40
99 63
98 28
97 65
96 63
95 66
94 29
93 95
92 77
91 95
90 30
89 23
88 89
87 31
86 28
85 99
84 53
83 49
82 80
81 33
80 92
79 61
78 40
77 11
76 51
75 49
74 37
73 87
72 47
71 53
70 62
69 30
68 11
67 28
66 41
65 19
64 80
63 80
62 45
61 82
60 68
59 44
58 39
57 77
56 19
55 100
54 100
53 96
52 26
51 86
50 98
49 94
48 56
47 36
46 65
45 10
44 41
43 31
42 20
41 47
40 92
39 18
38 64
37 54
36 58
35 39
34 99
33 26
32 29
31 85
30 72
29 45
28 77
27 63
26 18
25 81
24 16
23 85
22 75
21 48
20 30
19 45
18 35
17 88
16 36
15 84
14 87
13 38
12 17
11 93
10 59
9 75
8 42
6 25
5 24
4 87
3 11
2 47
1 80
100 29
99 82
98 49
97 64
96 96
95 84
94 26
93 73
92 68
91 87
90 28
89 64
88 74
87 15
86 53
85 59
84 15
83 40
82 45
81 98
80 49
79 31
78 62
77 21
76 47
75 91
74 75
73 33
72 43
71 12
70 85
69 69
68 73
67 35
66 44
65 56
64 77
63 69
62 87
61 32
60 47
59 14
58 79
57 50
56 27
55 92
54 24
53 48
52 24
51 47
50 33
49 74
48 77
47 15
46 22
45 45
44 90
43 43
42 41
41 69
40 29
39 100
38 41
37 17
36 65
35 46
34 19
33 20
32 93
31 68
30 18
29 28
28 32
27 53
26 11
25 83
24 96
23 81
22 26
21 16
20 79
19 70
18 16
17 38
16 46
15 18
14 54
13 56
12 99
11 41
10 79
9 37
7 62
6 60
5 90
4 70
3 72
2 87
1 28
100 94
99 31
98 37
97 92
96 94
95 13
94 14
93 25
92 61
91 41
90 91
89 86
88 36
87 10
86 37
85 97
84 90
83 36
82 30
81 33
80 58
79 79
78 87
77 64
76 99
75 54
74 17
73 54
72 55
71 86
70 31
69 82
68 81
67 44
66 28
65 21
64 43
63 84
62 70
61 15
60 35
59 75
58 29
57 89
56 51
55 59
54 24
53 85
52 13
51 19
50 11
49 91
48 33
47 74
46 14
45 51
44 11
43 72
42 98
41 43
40 82
39 97
38 59
37 20
36 97
35 23
34 19
33 94
32 55
31 15
30 89
29 28
28 57
27 72
26 61
25 31
24 79
23 11
22 91
21 37
20 29
19 84
18 26
17 85
16 65
15 91
14 29
13 97
12 100
11 97
10 44
8 62
7 24
6 89
5 77
4 96
3 80
2 73
1 14
100 55
99 53
98 41
97 35
96 99
95 32
94 29
93 74
92 32
91 58
90 58
89 96
88 15
87 94
86 17
85 16
84 77
83 23
82 99
81 46
80 35
79 44
78 76
77 78
76 10
75 69
74 29
73 70
72 93
71 24
70 58
69 67
68 50
67 98
66 19
65 19
64 17
63 49
62 83
61 41
60 55
59 68
58 25
57 98
56 97
55 79
54 77
53 25
52 51
51 99
50 100
49 31
48 88
47 69
46 78
45 77
44 10
43 15
42 88
41 26
40 65
39 58
38 58
37 38
36 62
35 47
34 21
33 92
32 75
31 18
30 44
29 29
28 61
27 20
26 76
25 12
24 63
23 94
22 64
21 19
20 53
19 51
18 57
17 39
16 67
15 29
14 39
13 56
12 11
11 91
9 42
8 62
7 46
6 87
5 30
4 19
3 23
2 90
1 47
100 28
99 84
98 90
97 43
96 20
95 91
94 56
93 32
92 62
91 52
90 26
89 42
88 80
87 28
86 91
85 80
84 41
83 23
82 92
81 32
80 95
79 47
78 27
77 64
76 38
75 77
74 31
73 69
72 39
71 96
70 53
69 87
68 56
67 87
66 64
65 55
64 60
63 35
62 61
61 61
60 15
59 82
58 15
57 71
56 33
55 99
54 76
53 64
52 31
51 58
50 23
49 79
48 47
47 86
46 98
45 54
44 76
43 73
42 35
41 95
40 95
39 17
38 71
37 35
36 35
35 73
34 62
33 69
32 16
31 20
30 38
29 83
28 85
27 11
26 93
25 33
24 59
23 50
22 11
21 40
20 30
19 33
18 13
17 68
16 47
15 61
14 18
13 94
12 30
10 92
9 30
8 26
7 91
6 22
5 31
4 73
3 36
2 72
1 50
100 61
99 22
98 38
97 49
96 66
95 76
94 50
93 62
92 38
91 77
90 81
89 67
88 92
87 32
86 61
85 32
84 59
83 33
82 90
81 23
80 85
79 70
78 86
77 24
76 88
75 36
74 67
73 14
72 62
71 17
70 63
69 84
68 55
67 58
66 81
65 76
64 36
63 54
62 84
61 63
60 34
59 68
58 57
57 72
56 38
55 19
54 41
53 27
52 66
51 81
50 35
49 78
48 64
47 76
46 33
45 19
44 22
43 40
42 18
41 39
40 83
39 82
38 12
37 16
36 18
35 25
34 30
33 51
32 93
31 95
30 47
29 89
28 45
27 47
26 14
25 22
24 70
23 64
22 83
21 58
20 91
19 52
18 11
17 95
16 34
15 90
14 62
13 59
11 40
10 38
9 61
8 20
7 43
6 21
5 28
4 27
3 54
2 33
1 74
100 85
99 74
98 36
97 59
96 19
95 16
94 39
93 39
92 17
91 51
90 50
89 97
88 37
87 59
86 65
85 63
84 78
83 86
82 71
81 15
80 27
79 75
78 81
77 54
76 21
75 92
74 26
73 39
72 50
71 63
70 93
69 52
68 31
67 33
66 86
65 75
64 89
63 58
62 83
61 28
60 58
59 63
58 15
57 68
56 80
55 97
54 95
53 93
52 45
51 48
50 50
49 22
48 91
47 28
46 25
45 95
44 54
43 87
42 100
41 38
40 13
39 24
38 32
37 100
36 24
35 26
34 42
33 13
32 33
31 23
30 44
29 42
28 16
27 63
26 90
25 83
24 55
23 35
22 44
21 15
20 64
19 62
18 14
17 38
16 33
15 64
14 14
12 54
11 49
10 23
9 64
8 80
7 82
6 35
5 46
4 48
3 69
2 54
1 87
100 29
99 71
98 14
97 83
96 79
95 64
94 26
93 69
92 59
91 86
90 21
89 98
88 15
87 22
86 27
85 77
84 59
83 54
82 49
81 77
80 39
79 31
78 33
77 62
76 46
75 19
74 41
73 82
72 47
71 22
70 100
69 94
68 52
67 65
66 15
65 77
64 60
63 63
62 19
61 38
60 30
59 76
58 24
57 71
56 82
55 13
54 68
53 45
52 96
51 60
50 64
49 60
48 67
47 45
46 54
45 32
44 60
43 14
42 17
41 22
40 10
39 24
38 14
37 62
36 49
35 87
34 40
33 66
32 51
31 80
30 79
29 99
28 32
27 36
26 60
25 94
24 29
23 83
22 76
21 39
20 75
19 87
18 24
17 52
16 62
15 59
13 24
12 35
11 56
10 50
9 22
8 32
7 10
6 67
5 75
4 34
3 94
2 63
1 84
100 77
99 31
98 78
97 49
96 12
95 95
94 62
93 19
92 63
91 72
90 99
89 13
88 30
87 89
86 13
85 18
84 73
83 21
82 31
81 66
80 53
79 43
78 12
77 67
76 100
75 61
74 77
73 81
72 48
71 90
70 57
69 98
68 17
67 34
66 15
65 48
64 85
63 91
62 46
61 51
60 34
59 76
58 62
57 96
56 53
55 19
54 26
53 86
52 78
51 19
50 39
49 17
48 92
47 73
46 71
45 55
44 94
43 33
42 12
41 75
40 90
39 77
38 86
37 92
36 93
35 87
34 43
33 36
32 63
31 25
30 75
29 97
28 30
27 63
26 62
25 33
24 41
23 79
22 84
21 51
20 59
19 80
18 14
17 78
16 93
14 29
13 91
12 62
11 44
10 37
9 88
8 16
7 38
6 29
5 30
4 50
3 93
2 83
1 15
100 31
99 100
98 59
97 87
96 78
95 10
94 80
93 18
92 64
91 28
90 18
89 84
88 98
87 69
86 16
85 16
84 49
83 39
82 34
81 27
80 72
79 91
78 53
77 93
76 57
75 54
74 20
73 40
72 78
71 65
70 67
69 83
68 13
67 73
66 82
65 97
64 59
63 58
62 41
61 97
60 57
59 18
58 80
57 46
56 80
55 50
54 62
53 31
52 20
51 99
50 83
49 83
48 81
47 48
46 11
45 62
44 70
43 53
42 77
41 97
40 23
39 50
38 78
37 80
36 25
35 33
34 37
33 22
32 52
31 65
30 43
29 91
28 79
27 94
26 39
25 70
24 89
23 31
22 93
21 57
20 10
19 23
18 41
17 75
15 29
14 59
13 29
12 54
11 31
10 19
9 11
8 45
7 61
6 83
5 16
4 42
3 62
2 32
1 60
100 89
99 15
98 52
97 31
96 79
95 14
94 87
93 48
92 32
91 33
90 85
89 33
88 24
87 46
86 52
85 92
84 84
83 27
82 54
81 92
80 63
79 77
78 10
77 41
76 60
75 85
74 87
73 38
72 23
71 73
70 71
69 38
68 66
67 56
66 81
65 77
64 29
63 86
62 82
61 84
60 79
59 67
58 27
57 17
56 89
55 83
54 49
53 87
52 55
51 11
50 97
49 14
48 21
47 67
46 26
45 98
44 89
43 47
42 49
41 51
40 47
39 90
38 72
37 27
36 56
35 31
34 53
33 95
32 97
31 66
30 21
29 49
28 55
27 93
26 26
25 48
24 17
23 37
22 90
21 87
20 61
19 43
18 53
16 51
15 32
14 18
13 59
12 78
11 71
10 51
9 85
8 66
7 72
6 80
5 34
4 53
3 85
2 71
1 71
100 81
99 31
98 34
97 62
96 94
95 80
94 51
93 14
92 20
91 59
90 46
89 78
88 94
87 83
86 23
85 24
84 23
83 42
82 60
81 75
80 87
79 71
78 36
77 29
76 10
75 65
74 56
73 40
72 76
71 95
70 60
69 74
68 40
67 86
66 86
65 50
64 85
63 17
62 44
61 89
60 60
59 62
58 39
57 49
56 47
55 11
54 44
53 99
52 73
51 31
50 17
49 16
48 67
47 22
46 65
45 75
44 17
43 53
42 35
41 35
40 53
39 32
38 16
37 29
36 69
35 13
34 74
33 24
32 56
31 73
30 43
29 49
28 27
27 50
26 27
25 20
24 43
23 59
22 39
21 12
20 39
19 77
17 23
16 86
15 73
14 39
13 59
12 88
11 73
10 81
9 69
8 57
7 73
6 14
5 92
4 32
3 46
2 25
1 20
100 92
99 71
98 70
97 50
96 48
95 82
94 96
93 44
92 27
91 92
90 92
89 57
88 24
87 26
86 61
85 89
84 55
83 37
82 55
81 26
80 72
79 95
78 48
77 94
76 89
75 79
74 94
73 19
72 23
71 29
70 94
69 74
68 77
67 34
66 14
65 25
64 77
63 48
62 96
61 48
60 21
59 86
58 23
57 13
56 78
55 91
54 51
53 78
52 98
51 85
50 96
49 44
48 19
47 39
46 56
45 74
44 43
43 16
42 99
41 81
40 16
39 29
38 92
37 38
36 14
35 28
34 20
33 49
32 98
31 46
30 72
29 69
28 40
27 25
26 32
25 70
24 66
23 67
22 31
21 38
20 69
18 98
17 86
16 49
15 63
14 86
13 51
12 82
11 19
10 36
9 30
8 100
7 98
6 73
5 93
4 65
3 21
2 42
1 38
100 67
99 18
98 22
97 21
96 71
95 56
94 59
93 56
92 18
91 19
90 44
89 63
88 48
87 48
86 78
85 40
84 12
83 35
82 67
81 85
80 55
79 32
78 28
77 70
76 90
75 45
74 96
73 36
72 64
71 63
70 97
69 35
68 45
67 70
66 48
65 75
64 95
63 71
62 18
61 32
60 81
59 31
58 77
57 68
56 59
55 72
54 88
53 48
52 85
51 50
50 35
49 18
48 77
47 99
46 71
45 70
44 44
43 56
42 75
41 99
40 100
39 77
38 59
37 42
36 49
35 55
34 83
33 71
32 58
31 88
30 15
29 100
28 95
27 87
26 78
25 28
24 93
23 17
22 12
21 12
19 49
18 17
17 81
16 39
15 54
14 39
13 10
12 75
11 40
10 62
9 55
8 99
7 25
6 91
5 89
4 45
3 63
2 63
1 28
100 89
99 68
98 32
97 32
96 13
95 33
94 98
93 65
92 96
91 31
90 14
89 27
88 75
87 49
86 33
85 79
84 31
83 28
82 42
81 39
80 38
79 47
78 63
77 82
76 70
75 81
74 18
73 65
72 46
71 59
70 20
69 26
68 79
67 65
66 36
65 68
64 72
63 45
62 73
61 36
60 85
59 24
58 68
57 86
56 31
55 71
54 21
53 74
52 98
51 70
50 85
49 24
48 18
47 88
46 88
45 22
44 59
43 79
42 22
41 32
40 80
39 56
38 96
37 29
36 41
35 61
34 95
33 14
32 97
31 12
30 48
29 47
28 85
27 31
26 37
25 42
24 56
23 97
22 71
20 62
19 57
18 35
17 65
16 46
15 95
14 100
13 43
12 19
11 51
10 78
9 89
8 19
7 37
6 46
5 68
4 58
3 88
2 40
1 92
100 80
99 11
98 26
97 21
96 11
95 73
94 100
93 58
92 25
91 60
90 24
89 64
88 54
87 94
86 84
85 96
84 50
83 50
82 67
81 12
80 70
79 56
78 99
77 85
76 77
75 21
74 18
73 31
72 12
71 84
70 70
69 81
68 43
67 53
66 77
65 26
64 52
63 23
62 78
61 66
60 70
59 24
58 66
57 62
56 97
55 61
54 58
53 22
52 63
51 60
50 75
49 69
48 52
47 89
46 61
45 33
44 30
43 39
42 83
41 57
40 81
39 73
38 86
37 36
36 89
35 58
34 31
33 58
32 10
31 66
30 36
29 58
28 35
27 70
26 77
25 44
24 36
23 50
21 88
20 94
19 95
18 11
17 82
16 78
15 79
14 73
13 88
12 29
11 37
10 28
9 50
8 32
7 49
6 95
5 24
4 92
3 94
2 76
1 79
100 27
99 62
98 36
97 66
96 52
95 79
94 92
93 47
92 84
91 94
90 10
89 71
88 46
87 10
86 95
85 65
84 82
83 38
82 55
81 48
80 25
79 41
78 70
77 33
76 100
75 86
74 57
73 88
72 27
71 63
70 35
69 61
68 30
67 57
66 38
65 92
64 91
63 73
62 71
61 31
60 41
59 95
58 71
57 95
56 75
55 73
54 81
53 17
52 34
51 54
50 53
49 79
48 48
47 13
46 46
45 50
44 66
43 65
42 96
41 24
40 16
39 55
38 94
37 28
36 27
35 47
34 50
33 88
32 31
31 23
30 75
29 90
28 65
27 64
26 56
25 47
24 57
22 46
21 73
20 72
19 36
18 97
17 60
16 43
15 33
14 85
13 31
12 28
11 40
10 60
9 25
8 57
7 25
6 36
5 10
4 64
3 52
2 32
1 80
100 86
99 28
98 68
97 34
96 33
95 16
94 54
93 23
92 63
91 47
90 63
89 39
88 46
87 53
86 52
85 51
84 75
83 55
82 51
81 98
80 70
79 95
78 87
77 54
76 39
75 95
74 53
73 60
72 56
71 94
70 75
69 14
68 10
67 52
66 30
65 19
64 25
63 78
62 15
61 29
60 97
59 18
58 37
57 46
56 46
55 63
54 15
53 22
52 50
51 72
50 100
49 100
48 22
47 23
46 82
45 36
44 55
43 40
42 14
41 86
40 79
39 99
38 45
37 14
36 48
35 13
34 38
33 80
32 44
31 98
30 79
29 95
28 71
27 93
26 45
25 91
23 73
22 80
21 75
20 27
19 22
18 74
17 16
16 81
15 95
14 70
13 12
12 45
11 64
10 53
9 76
8 77
7 24
6 41
5 62
4 98
3 62
2 38
1 25
100 63
99 16
98 77
97 98
96 21
95 14
94 88
93 19
92 96
91 21
90 79
89 93
88 98
87 66
86 74
85 61
84 83
83 12
82 79
81 94
80 56
79 47
78 66
77 40
76 40
75 20
74 73
73 73
72 19
71 47
70 55
69 15
68 26
67 12
66 27
65 16
64 64
63 74
62 83
61 86
60 71
59 96
58 30
57 82
56 21
55 29
54 65
53 92
52 71
51 31
50 19
49 98
48 50
47 48
46 27
45 22
44 94
43 14
42 84
41 85
40 76
39 17
38 87
37 11
36 56
35 21
34 87
33 30
32 81
31 85
30 11
29 44
28 77
27 33
26 21
24 74
23 28
22 33
21 98
20 16
19 41
18 87
17 10
16 62
15 45
14 67
13 19
12 49
11 73
10 80
9 80
8 74
7 74
6 70
5 13
4 19
3 66
2 55
1 17
100 91
99 96
98 54
97 55
96 24
95 89
94 63
93 24
92 19
91 18
90 56
89 16
88 91
87 55
86 49
85 76
84 46
83 86
82 83
81 46
80 91
79 96
78 79
77 71
76 96
75 77
74 85
73 11
72 49
71 53
70 72
69 14
68 11
67 44
66 48
65 73
64 93
63 18
62 28
61 51
60 34
59 26
58 45
57 60
56 85
55 71
54 90
53 22
52 34
51 32
50 72
49 14
48 63
47 33
46 30
45 23
44 85
43 58
42 72
41 36
40 92
39 19
38 65
37 81
36 98
35 41
34 40
33 40
32 63
31 37
30 11
29 93
28 15
27 20
25 16
24 36
23 33
22 27
21 82
20 13
19 84
18 61
17 39
16 35
15 23
14 70
13 67
12 28
11 98
10 40
9 27
8 82
7 89
6 61
5 89
4 70
3 11
2 35
1 25
100 53
99 68
98 72
97 40
96 25
95 22
94 95
93 90
92 77
91 95
90 12
89 31
88 21
87 73
86 15
85 72
84 24
83 65
82 91
81 33
80 21
79 36
78 90
77 54
76 62
75 79
74 72
73 51
72 19
71 37
70 57
69 52
68 40
67 14
66 46
65 89
64 40
63 21
62 33
61 91
60 97
59 68
58 78
57 41
56 73
55 34
54 41
53 61
52 70
51 39
50 49
49 13
48 93
47 15
46 17
45 36
44 79
43 53
42 82
41 35
40 28
39 34
38 54
37 36
36 35
35 94
34 93
33 42
32 75
31 22
30 100
29 15
28 85
26 24
25 25
24 27
23 65
22 87
21 44
20 16
19 98
18 91
17 33
16 100
15 76
14 82
13 15
12 23
11 48
10 51
9 87
8 82
7 32
6 59
5 27
4 49
3 10
2 22
1 81
100 14
99 52
98 82
97 74
96 33
95 18
94 49
93 31
92 82
91 14
90 78
89 74
88 44
87 92
86 34
85 83
84 45
83 71
82 87
81 77
80 22
79 18
78 30
77 69
76 70
75 22
74 69
73 31
72 12
71 95
70 55
69 49
68 75
67 36
66 44
65 83
64 97
63 18
62 92
61 98
60 17
59 64
58 51
57 60
56 38
55 13
54 29
53 65
52 91
51 57
50 33
49 90
48 77
47 38
46 65
45 78
44 96
43 87
42 51
41 76
40 38
39 98
38 89
37 82
36 18
35 75
34 88
33 14
32 74
31 18
30 81
29 55
27 33
26 55
25 83
24 48
23 68
22 83
21 58
20 38
19 61
18 71
17 25
16 49
15 87
14 13
13 10
12 63
11 86
10 29
9 76
8 67
7 60
6 37
5 60
4 67
3 50
2 20
1 57
100 91
99 23
98 24
97 66
96 40
95 43
94 34
93 68
92 57
91 47
90 100
89 54
88 35
87 67
86 27
85 17
84 50
83 21
82 94
81 65
80 51
79 53
78 55
77 36
76 95
75 23
74 96
73 19
72 59
71 54
70 60
69 80
68 48
67 28
66 41
65 86
64 81
63 54
62 80
61 46
60 30
59 24
58 99
57 78
56 40
55 86
54 72
53 97
52 44
51 31
50 10
49 31
48 86
47 10
46 92
45 92
44 93
43 23
42 65
41 52
40 94
39 65
38 27
37 81
36 61
35 52
34 55
33 48
32 24
31 88
30 69
28 42
27 47
26 42
25 19
24 54
23 34
22 50
21 67
20 44
19 38
18 95
17 86
16 42
15 38
14 55
13 30
12 33
11 69
10 88
9 37
8 77
7 67
6 76
5 67
4 72
3 33
2 16
1 19
100 48
99 61
98 87
97 47
96 80
95 79
94 72
93 16
92 40
91 70
90 91
89 89
88 20
87 30
86 67
85 63
84 72
83 98
82 63
81 80
80 41
79 19
78 97
77 88
76 60
75 52
74 78
73 49
72 15
71 100
70 76
69 22
68 97
67 58
66 20
65 77
64 57
63 37
62 45
61 55
60 52
59 14
58 27
57 48
56 68
55 69
54 91
53 85
52 39
51 23
50 81
49 21
48 46
47 81
46 94
45 73
44 55
43 28
42 25
41 92
40 99
39 75
38 66
37 91
36 53
35 48
34 93
33 97
32 100
31 54
29 17
28 41
27 86
26 38
25 88
24 73
23 83
22 70
21 14
20 99
19 30
18 73
17 83
16 90
15 71
14 95
13 63
12 15
11 35
10 26
9 52
8 13
7 41
6 17
5 73
4 79
3 38
2 11
1 39
100 52
99 17
98 54
97 23
96 11
95 69
94 49
93 75
92 26
91 63
90 17
89 28
88 51
87 96
86 85
85 62
84 81
83 98
82 88
81 100
80 68
79 82
78 58
77 38
76 40
75 72
74 34
73 100
72 63
71 46
70 86
69 31
68 46
67 97
66 34
65 54
64 76
63 63
62 33
61 70
60 80
59 73
58 13
57 63
56 63
55 37
54 68
53 50
52 39
51 54
50 34
49 99
48 24
47 24
46 25
45 58
44 30
43 21
42 60
41 52
40 68
39 34
38 12
37 82
36 54
35 30
34 61
33 54
32 92
30 92
29 94
28 50
27 69
26 88
25 60
24 62
23 75
22 38
21 68
20 67
19 76
18 94
17 59
16 61
15 26
14 92
13 92
12 26
11 24
10 16
9 70
8 15
7 26
6 32
5 86
4 22
3 52
2 37
1 66
100 76
99 50
98 50
97 13
96 92
95 92
94 45
93 73
92 91
91 41
90 26
89 97
88 75
87 12
86 48
85 77
84 81
83 90
82 29
81 29
80 74
79 80
78 29
77 72
76 35
75 99
74 30
73 34
72 99
71 68
70 61
69 100
68 68
67 75
66 18
65 75
64 93
63 49
62 79
61 34
60 12
59 13
58 14
57 62
56 81
55 35
54 20
53 98
52 91
51 51
50 48
49 17
48 22
47 44
46 98
45 30
44 65
43 61
42 18
41 96
40 91
39 61
38 54
37 66
36 30
35 76
34 86
33 70
31 67
30 89
29 16
28 33
27 30
26 36
25 96
24 34
23 46
22 47
21 33
20 79
19 28
18 45
17 16
16 32
15 62
14 42
13 44
12 49
11 67
10 42
9 33
8 62
7 80
6 69
5 58
4 25
3 27
2 87
1 63
100 48
99 48
98 64
97 83
96 25
95 90
94 21
93 46
92 58
91 17
90 16
89 67
88 58
87 27
86 36
85 28
84 94
83 42
82 83
81 30
80 41
79 64
78 51
77 57
76 78
75 38
74 15
73 45
72 58
71 12
70 83
69 18
68 14
67 73
66 89
65 88
64 14
63 13
62 75
61 23
60 62
59 93
58 28
57 13
56 80
55 48
54 61
53 95
52 36
51 98
50 43
49 32
48 40
47 95
46 27
45 63
44 88
43 76
42 57
41 48
40 75
39 60
38 58
37 50
36 92
35 24
34 84
32 81
31 47
30 68
29 42
28 33
27 28
26 73
25 11
24 61
23 70
22 55
21 99
20 52
19 22
18 17
17 83
16 77
15 55
14 61
13 66
12 31
11 65
10 28
9 56
8 71
7 70
6 52
5 83
4 51
3 42
2 39
1 61
100 41
99 29
98 29
97 49
96 98
95 45
94 84
93 29
92 38
91 21
90 37
89 86
88 94
87 77
86 11
85 14
84 60
83 82
82 57
81 48
80 86
79 88
78 12
77 68
76 45
75 14
74 69
73 42
72 66
71 33
70 94
69 71
68 13
67 61
66 36
65 100
64 12
63 27
62 26
61 46
60 39
59 11
58 23
57 87
56 31
55 93
54 100
53 94
52 71
51 51
50 26
49 61
48 17
47 24
46 51
45 96
44 32
43 99
42 58
41 82
40 13
39 93
38 50
37 99
36 77
35 21
33 63
32 48
31 53
30 48
29 65
28 84
27 47
26 17
25 66
24 41
23 66
22 91
21 14
20 71
19 70
18 17
17 10
16 11
15 67
14 10
13 43
12 37
11 93
10 18
9 71
8 58
7 27
6 72
5 23
4 45
3 91
2 69
1 27
100 45
99 84
98 81
97 47
96 75
95 34
94 59
93 34
92 72
91 93
90 63
89 96
88 72
87 41
86 54
85 28
84 98
83 11
82 27
81 46
80 35
79 32
78 23
77 83
76 48
75 21
74 84
73 16
72 72
71 52
70 83
69 80
68 90
67 66
66 100
65 61
64 17
63 40
62 32
61 84
60 74
59 58
58 12
57 76
56 32
55 20
54 46
53 10
52 18
51 35
50 29
49 59
48 40
47 41
46 67
45 26
44 100
43 10
42 26
41 80
40 90
39 34
38 60
37 37
36 16
34 18
33 41
32 93
31 30
30 61
29 16
28 81
27 74
26 73
25 48
24 82
23 42
22 76
21 92
20 52
19 56
18 87
17 56
16 57
15 97
14 30
13 57
12 43
11 94
10 97
9 95
8 75
7 55
6 96
5 95
4 63
3 58
2 88
1 85
100 69
99 77
98 67
97 84
96 72
95 42
94 17
93 60
92 65
91 32
90 13
89 76
88 84
87 82
86 66
85 71
84 77
83 33
82 47
81 38
80 38
79 82
78 37
77 60
76 98
75 10
74 27
73 98
72 45
71 58
70 95
69 49
68 97
67 21
66 100
65 70
64 39
63 72
62 77
61 47
60 85
59 47
58 96
57 94
56 36
55 80
54 41
53 61
52 98
51 25
50 48
49 62
48 77
47 62
46 34
45 88
44 33
43 12
42 62
41 46
40 65
39 41
38 76
37 24
35 61
34 82
33 26
32 78
31 94
30 13
29 51
28 73
27 36
26 54
25 48
24 79
23 37
22 57
21 18
20 70
19 71
18 61
17 17
16 47
15 58
14 65
13 19
12 69
11 90
10 32
9 53
8 100
7 78
6 85
5 37
4 14
3 11
2 58
1 15
100 35
99 27
98 14
97 82
96 37
95 25
94 27
93 96
92 12
91 79
90 70
89 65
88 70
87 50
86 60
85 73
84 68
83 44
82 30
81 72
80 62
79 62
78 27
77 44
76 29
75 25
74 43
73 95
72 90
71 37
70 58
69 90
68 11
67 82
66 45
65 65
64 21
63 24
62 33
61 98
60 85
59 89
58 62
57 88
56 87
55 43
54 40
53 13
52 39
51 33
50 43
49 84
48 17
47 91
46 91
45 63
44 65
43 61
42 12
41 35
40 89
39 91
38 88
36 10
35 75
34 28
33 44
32 75
31 30
30 72
29 99
28 25
27 65
26 25
25 18
24 75
23 16
22 48
21 43
20 88
19 73
18 33
17 49
16 32
15 30
14 26
13 93
12 52
11 49
10 76
9 82
8 10
7 22
6 74
5 76
4 52
3 31
2 42
1 64
100 14
99 58
98 16
97 72
96 42
95 95
94 94
93 61
92 71
91 20
90 24
89 27
88 93
87 64
86 77
85 96
84 94
83 78
82 64
81 88
80 36
79 30
78 84
77 73
76 59
75 98
74 42
73 85
72 92
71 53
70 87
69 21
68 54
67 99
66 45
65 79
64 86
63 84
62 54
61 47
60 16
59 47
58 12
57 55
56 33
55 56
54 48
53 67
52 61
51 58
50 66
49 77
48 60
47 15
46 80
45 15
44 91
43 55
42 95
41 57
40 89
39 28
37 15
36 55
35 56
34 93
33 55
32 41
31 68
30 74
29 95
28 84
27 23
26 83
25 31
24 68
23 66
22 91
21 40
20 22
19 24
18 25
17 93
16 30
15 100
14 37
13 34
12 72
11 87
10 47
9 92
8 24
7 31
6 67
5 70
4 76
3 57
2 58
1 33
100 93
99 79
98 59
97 89
96 21
95 41
94 36
93 79
92 79
91 39
90 24
89 40
88 37
87 69
86 70
85 79
84 51
83 22
82 30
81 17
80 55
79 73
78 23
77 10
76 63
75 51
74 85
73 86
72 80
71 72
70 91
69 13
68 63
67 91
66 22
65 45
64 36
63 85
62 69
61 12
60 56
59 40
58 52
57 41
56 13
55 68
54 40
53 83
52 25
51 20
50 17
49 60
48 87
47 11
46 62
45 47
44 63
43 88
42 73
41 34
40 24
38 37
37 23
36 58
35 64
34 10
33 78
32 21
31 79
30 37
29 69
28 77
27 68
26 52
25 89
24 60
23 99
22 66
21 86
20 36
19 41
18 93
17 54
16 59
15 76
14 30
13 14
12 31
11 16
10 32
9 86
8 85
7 12
6 32
5 46
4 63
3 79
2 81
1 10
100 97
99 67
98 47
97 52
96 66
95 29
94 79
93 81
92 27
91 39
90 33
89 73
88 11
87 69
86 90
85 45
84 71
83 43
82 54
81 84
80 26
79 53
78 44
77 68
76 29
75 43
74 71
73 21
72 52
71 28
70 76
69 44
68 17
67 20
66 10
65 80
64 54
63 46
62 21
61 69
60 56
59 87
58 26
57 60
56 55
55 90
54 51
53 78
52 75
51 87
50 82
49 38
48 79
47 75
46 43
45 93
44 86
43 47
42 34
41 29
39 15
38 99
37 83
36 33
35 25
34 60
33 73
32 56
31 11
30 21
29 11
28 15
27 62
26 13
25 60
24 42
23 98
22 17
21 82
20 23
19 74
18 22
17 52
16 66
15 89
14 38
13 73
12 76
11 27
10 14
9 98
8 35
7 55
6 51
5 66
4 31
3 68
2 40
1 83
100 80
99 76
98 68
97 72
96 17
95 25
94 59
93 66
92 69
91 51
90 49
89 60
88 45
87 47
86 20
85 16
84 45
83 82
82 21
81 86
80 81
79 62
78 21
77 65
76 57
75 17
74 14
73 57
72 92
71 89
70 20
69 79
68 89
67 33
66 67
65 23
64 58
63 30
62 67
61 15
60 10
59 33
58 96
57 33
56 79
55 25
54 40
53 69
52 19
51 56
50 58
49 35
48 56
47 73
46 47
45 62
44 75
43 46
42 90
40 13
39 23
38 62
37 86
36 94
35 89
34 59
33 36
32 60
31 71
30 65
29 95
28 43
27 70
26 87
25 86
24 39
23 56
22 86
21 22
20 18
19 26
18 37
17 27
16 82
15 60
14 86
13 24
12 43
11 54
10 63
9 76
8 92
7 26
6 17
5 68
4 28
3 73
2 26
1 33
100 15
99 93
98 94
97 93
96 18
95 35
94 22
93 44
92 21
91 55
90 80
89 72
88 11
87 32
86 31
85 14
84 71
83 49
82 41
81 16
80 30
79 71
78 21
77 100
76 88
75 65
74 13
73 74
72 16
71 11
70 64
69 12
68 16
67 11
66 10
65 19
64 49
63 58
62 42
61 81
60 70
59 48
58 23
57 76
56 54
55 46
54 81
53 72
52 79
51 40
50 90
49 89
48 24
47 66
46 93
45 38
44 36
43 16
41 72
40 83
39 36
38 86
37 74
36 82
35 12
34 74
33 77
32 88
31 55
30 20
29 91
28 46
27 20
26 60
25 66
24 94
23 99
22 81
21 89
20 30
19 59
18 19
17 68
16 49
15 97
14 96
13 60
12 97
11 91
10 89
9 22
8 11
7 74
6 46
5 28
4 85
3 54
2 93
1 25
100 94
99 61
98 32
97 43
96 21
95 34
94 34
93 98
92 66
91 51
90 39
89 95
88 76
87 25
86 94
85 52
84 75
83 10
82 36
81 83
80 30
79 37
78 47
77 97
76 87
75 41
74 39
73 56
72 42
71 15
70 76
69 60
68 98
67 16
66 95
65 86
64 29
63 98
62 83
61 59
60 98
59 25
58 52
57 88
56 82
55 59
54 48
53 39
52 60
51 86
50 87
49 82
48 27
47 42
46 47
45 53
44 85
42 100
41 50
40 89
39 78
38 55
37 94
36 30
35 63
34 30
33 87
32 47
31 52
30 38
29 10
28 78
27 36
26 31
25 21
24 32
23 43
22 10
21 12
20 33
19 93
18 37
17 44
16 53
15 13
14 11
13 83
12 96
11 100
10 18
9 89
8 77
7 71
6 66
5 36
4 86
3 29
2 15
1 64
100 13
99 12
98 83
97 25
96 21
95 23
94 86
93 64
92 75
91 44
90 11
89 11
88 83
87 14
86 97
85 73
84 61
83 28
82 83
81 68
80 23
79 75
78 81
77 66
76 86
75 21
74 56
73 100
72 63
71 62
70 66
69 87
68 33
67 20
66 64
65 59
64 20
63 100
62 41
61 58
60 29
59 95
58 23
57 75
56 40
55 50
54 96
53 70
52 15
51 84
50 88
49 46
48 50
47 63
46 86
45 29
43 32
42 26
41 61
40 64
39 83
38 78
37 100
36 68
35 77
34 36
33 20
32 93
31 91
30 79
29 73
28 15
27 97
26 82
25 40
24 43
23 42
22 18
21 88
20 16
19 100
18 73
17 67
16 80
15 61
14 17
13 73
12 24
11 97
10 45
9 92
8 17
7 35
6 77
5 56
4 22
3 36
2 33
1 30
100 50
99 92
98 29
97 29
96 79
95 20
94 36
93 43
92 37
91 98
90 60
89 85
88 70
87 64
86 14
85 85
84 26
83 62
82 51
81 57
80 15
79 13
78 39
77 39
76 57
75 62
74 15
73 14
72 24
71 13
70 29
69 82
68 86
67 13
66 75
65 97
64 23
63 25
62 91
61 48
60 58
59 92
58 41
57 24
56 51
55 31
54 87
53 98
52 62
51 71
50 14
49 98
48 92
47 36
46 27
44 100
43 37
42 32
41 32
40 98
39 74
38 99
37 72
36 20
35 46
34 45
33 10
32 51
31 69
30 55
29 59
28 52
27 19
26 56
25 18
24 85
23 71
22 71
21 59
20 79
19 58
18 71
17 78
16 36
15 70
14 81
13 90
12 80
11 59
10 100
9 94
8 73
7 41
6 69
5 82
4 61
3 63
2 42
1 24
100 15
99 63
98 78
97 98
96 27
95 83
94 55
93 31
92 89
91 83
90 85
89 70
88 17
87 10
86 96
85 52
84 21
83 90
82 38
81 24
80 74
79 72
78 33
77 66
76 80
75 72
74 78
73 57
72 77
71 11
70 59
69 52
68 67
67 66
66 52
65 59
64 94
63 43
62 67
61 15
60 11
59 29
58 24
57 44
56 52
55 71
54 79
53 73
52 58
51 26
50 77
49 66
48 36
47 34
45 47
44 39
43 49
42 86
41 60
40 35
39 18
38 25
37 80
36 86
35 85
34 38
33 97
32 18
31 23
30 17
29 80
28 13
27 11
26 83
25 45
24 96
23 57
22 13
21 60
20 18
19 39
18 63
17 88
16 77
15 91
14 80
13 70
12 50
11 16
10 51
9 99
8 52
7 79
6 61
5 67
4 37
3 55
2 23
1 42
100 53
99 49
98 36
97 26
96 20
95 70
94 69
93 73
92 33
91 14
90 93
89 44
88 55
87 17
86 94
85 85
84 58
83 58
82 18
81 79
80 29
79 38
78 20
77 100
76 11
75 51
74 35
73 22
72 62
71 44
70 63
69 88
68 86
67 86
66 80
65 24
64 31
63 15
62 64
61 89
60 79
59 76
58 96
57 44
56 97
55 55
54 78
53 99
52 71
51 67
50 56
49 87
48 36
46 90
45 34
44 93
43 38
42 87
41 81
40 95
39 44
38 26
37 20
36 79
35 14
34 56
33 78
32 83
31 92
30 78
29 84
28 31
27 65
26 63
25 76
24 93
23 86
22 88
21 10
20 91
19 86
18 62
17 66
16 40
15 65
14 17
13 98
12 98
11 10
10 89
9 71
8 28
7 17
6 79
5 63
4 35
3 61
2 81
1 85
100 13
99 97
98 58
97 13
96 18
95 94
94 62
93 16
92 65
91 44
90 42
89 48
88 13
87 25
86 12
85 97
84 90
83 82
82 25
81 20
80 50
79 46
78 75
77 61
76 14
75 33
74 37
73 25
72 81
71 79
70 21
69 43
68 50
67 89
66 63
65 89
64 19
63 41
62 29
61 26
60 35
59 30
58 11
57 67
56 38
55 25
54 85
53 65
52 17
51 35
50 11
49 71
47 47
46 56
45 95
44 29
43 22
42 63
41 92
40 63
39 66
38 86
37 75
36 21
35 84
34 23
33 21
32 100
31 54
30 84
29 54
28 59
27 15
26 51
25 61
24 21
23 10
22 89
21 47
20 75
19 24
18 49
17 94
16 73
15 35
14 20
13 70
12 19
11 48
10 17
9 66
8 64
7 99
6 67
5 74
4 36
3 53
2 90
1 34
100 13
99 85
98 76
97 99
96 54
95 92
94 91
93 48
92 11
91 79
90 11
89 33
88 15
87 97
86 90
85 55
84 72
83 72
82 72
81 15
80 42
79 68
78 25
77 22
76 18
75 30
74 19
73 58
72 24
71 18
70 74
69 44
68 87
67 75
66 36
65 15
64 98
63 26
62 85
61 82
60 36
59 68
58 71
57 56
56 97
55 54
54 35
53 20
52 37
51 75
50 72
48 23
47 43
46 43
45 22
44 33
43 16
42 78
41 81
40 58
39 78
38 93
37 91
36 59
35 92
34 16
33 64
32 24
31 41
30 17
29 31
28 88
27 87
26 77
25 69
24 70
23 38
22 79
21 95
20 61
19 35
18 55
17 99
16 23
15 59
14 22
13 35
12 88
11 51
10 23
9 13
8 67
7 87
6 36
5 60
4 11
3 13
2 72
1 61
100 90
99 92
98 48
97 75
96 30
95 25
94 91
93 73
92 66
91 48
90 80
89 35
88 18
87 93
86 15
85 36
84 68
83 39
82 48
81 62
80 58
79 96
78 54
77 25
76 79
75 36
74 13
73 37
72 66
71 63
70 93
69 19
68 17
67 83
66 71
65 88
64 74
63 92
62 24
61 29
60 85
59 51
58 73
57 77
56 69
55 86
54 75
53 51
52 69
51 29
49 97
48 42
47 14
46 35
45 62
44 56
43 62
42 88
41 40
40 76
39 49
38 12
37 43
36 76
35 60
34 84
33 31
32 30
31 38
30 60
29 34
28 56
27 84
26 42
25 38
24 46
23 94
22 21
21 59
20 47
19 26
18 76
17 72
16 35
15 10
14 85
13 38
12 52
11 95
10 71
9 17
8 54
7 41
6 25
5 73
4 66
3 18
2 25
1 74
100 90
99 42
98 98
97 14
96 75
95 36
94 47
93 50
92 91
91 63
90 14
89 84
88 23
87 86
86 79
85 96
84 18
83 84
82 57
81 90
80 55
79 60
78 81
77 54
76 42
75 30
74 29
73 49
72 25
71 81
70 99
69 60
68 75
67 76
66 96
65 69
64 77
63 66
62 59
61 11
60 95
59 90
58 89
57 81
56 36
55 67
54 21
53 56
52 26
50 20
49 65
48 12
47 53
46 16
45 81
44 58
43 75
42 21
41 70
40 66
39 95
38 89
37 12
36 62
35 76
34 60
33 27
32 84
31 39
30 72
29 98
28 35
27 69
26 84
25 23
24 80
23 64
22 40
21 33
20 90
19 40
18 100
17 22
16 59
15 10
14 22
13 56
12 96
11 85
10 15
9 84
8 81
7 84
6 24
5 98
4 40
3 75
2 78
1 58
100 12
99 70
98 15
97 94
96 37
95 91
94 31
93 92
92 74
91 28
90 46
89 79
88 73
87 65
86 90
85 100
84 31
83 39
82 83
81 22
80 45
79 75
78 90
77 45
76 15
75 52
74 22
73 99
72 89
71 67
70 74
69 77
68 96
67 35
66 65
65 16
64 58
63 80
62 95
61 58
60 26
59 64
58 69
57 39
56 13
55 85
54 68
53 89
51 98
50 75
49 53
48 25
47 56
46 78
45 89
44 14
43 34
42 44
41 35
40 48
39 28
38 14
37 60
36 13
35 80
34 83
33 55
32 62
31 43
30 91
29 67
28 98
27 27
26 23
25 62
24 86
23 57
22 91
21 68
20 67
19 22
18 90
17 84
16 22
15 38
14 14
13 88
12 12
11 66
10 73
9 89
8 45
7 14
6 12
5 48
4 16
3 36
2 55
1 20
100 22
99 11
98 54
97 49
96 86
95 92
94 61
93 10
92 77
91 31
90 47
89 54
88 60
87 86
86 53
85 62
84 68
83 26
82 68
81 88
80 11
79 71
78 64
77 34
76 36
75 38
74 41
73 38
72 93
71 25
70 23
69 63
68 98
67 74
66 64
65 12
64 80
63 19
62 58
61 43
60 55
59 68
58 53
57 21
56 19
55 74
54 42
52 87
51 37
50 92
49 86
48 44
47 56
46 100
45 74
44 87
43 82
42 46
41 39
40 41
39 53
38 79
37 86
36 22
35 30
34 37
33 90
32 54
31 67
30 91
29 48
28 46
27 62
26 59
25 39
24 54
23 75
22 11
21 78
20 85
19 87
18 21
17 67
16 22
15 85
14 21
13 79
12 79
11 86
10 66
9 35
8 59
7 60
6 100
5 96
4 77
3 81
2 87
1 91
100 67
99 97
98 92
97 40
96 100
95 81
94 29
93 74
92 97
91 47
90 48
89 67
88 58
87 40
86 14
85 94
84 66
83 67
82 69
81 84
80 27
79 70
78 50
77 21
76 11
75 98
74 37
73 53
72 64
71 22
70 91
69 89
68 20
67 41
66 51
65 54
64 86
63 64
62 30
61 45
60 96
59 15
58 49
57 69
56 24
55 73
53 76
52 79
51 76
50 18
49 56
48 57
47 32
46 13
45 78
44 29
43 62
42 52
41 28
40 94
39 45
38 75
37 94
36 64
35 83
34 35
33 88
32 18
31 14
30 80
29 81
28 89
27 96
26 45
25 35
24 42
23 41
22 67
21 59
20 67
19 99
18 29
17 49
16 25
15 64
14 58
13 35
12 71
11 10
10 39
9 25
8 88
7 96
6 26
5 17
4 54
3 20
2 29
1 21
100 38
99 51
98 52
97 73
96 64
95 84
94 86
93 58
92 96
91 49
90 44
89 87
88 66
87 15
86 97
85 47
84 54
83 95
82 99
81 28
80 61
79 24
78 20
77 54
76 13
75 73
74 50
73 10
72 63
71 18
70 79
69 65
68 86
67 16
66 10
65 77
64 48
63 65
62 70
61 97
60 63
59 75
58 65
57 57
56 85
54 82
53 25
52 63
51 81
50 90
49 48
48 71
47 59
46 10
45 58
44 22
43 48
42 49
41 93
40 57
39 90
38 90
37 72
36 38
35 22
34 89
33 15
32 17
31 88
30 98
29 67
28 37
27 72
26 39
25 12
24 86
23 78
22 35
21 76
20 10
19 42
18 22
17 91
16 16
15 78
14 63
13 67
12 30
11 92
10 54
9 93
8 37
7 96
6 15
5 50
4 59
3 98
2 48
1 81
100 77
99 18
98 61
97 71
96 25
95 61
94 83
93 36
92 59
91 57
90 48
89 15
88 75
87 30
86 93
85 80
84 74
83 100
82 23
81 79
80 49
79 50
78 18
77 22
76 83
75 34
74 51
73 34
72 23
71 23
70 26
69 62
68 77
67 25
66 74
65 52
64 75
63 63
62 66
61 25
60 81
59 87
58 46
57 39
55 40
54 46
53 35
52 20
51 71
50 14
49 60
48 29
47 41
46 43
45 88
44 42
43 77
42 99
41 28
40 87
39 83
38 24
37 88
36 75
35 34
34 53
33 75
32 11
31 56
30 22
29 40
28 28
27 90
26 54
25 63
24 63
23 87
22 25
21 61
20 50
19 36
18 58
17 59
16 87
15 90
14 73
13 97
12 65
11 45
10 44
9 70
8 31
7 36
6 51
5 79
4 51
3 50
2 57
1 12
100 41
99 18
98 48
97 33
96 81
95 33
94 25
93 63
92 86
91 15
90 23
89 17
88 82
87 48
86 39
85 60
84 22
83 36
82 89
81 55
80 86
79 31
78 35
77 32
76 25
75 69
74 31
73 17
72 15
71 32
70 37
69 91
68 67
67 62
66 68
65 96
64 79
63 16
62 10
61 51
60 44
59 18
58 22
56 99
55 85
54 58
53 59
52 33
51 68
50 87
49 47
48 77
47 79
46 28
45 87
44 69
43 91
42 25
41 60
40 81
39 97
38 48
37 94
36 78
35 21
34 94
33 79
32 83
31 61
30 41
29 74
28 63
27 84
26 71
25 16
24 73
23 11
22 68
21 100
20 58
19 68
18 11
17 23
16 13
15 31
14 32
13 32
12 76
11 29
10 91
9 61
8 100
7 22
6 89
5 54
4 88
3 34
2 74
1 32
100 75
99 38
98 79
97 18
96 37
95 69
94 41
93 37
92 25
91 51
90 86
89 70
88 18
87 68
86 66
85 37
84 44
83 25
82 37
81 68
80 37
79 31
78 62
77 81
76 37
75 39
74 47
73 72
72 19
71 91
70 52
69 94
68 66
67 27
66 24
65 16
64 24
63 72
62 39
61 37
60 49
59 39
57 22
56 47
55 79
54 13
53 10
52 96
51 79
50 29
49 65
48 87
47 63
46 54
45 44
44 78
43 34
42 21
41 85
40 80
39 54
38 21
37 78
36 59
35 80
34 97
33 96
32 98
31 53
30 47
29 14
28 33
27 33
26 99
25 83
24 75
23 64
22 18
21 82
20 100
19 85
18 12
17 52
16 14
15 52
14 40
13 22
12 17
11 22
10 98
9 50
8 25
7 56
6 67
5 72
4 81
3 19
2 30
1 88
100 33
99 48
98 49
97 26
96 98
95 48
94 88
93 75
92 22
91 95
90 79
89 28
88 40
87 58
86 18
85 88
84 88
83 50
82 25
81 73
80 67
79 47
78 11
77 64
76 46
75 83
74 72
73 99
72 55
71 38
70 38
69 76
68 57
67 75
66 72
65 69
64 54
63 19
62 86
61 96
60 85
58 92
57 95
56 88
55 99
54 64
53 23
52 51
51 29
50 80
49 92
48 37
47 31
46 59
45 61
44 53
43 59
42 25
41 49
40 17
39 83
38 17
37 52
36 77
35 69
34 73
33 68
32 47
31 17
30 58
29 89
28 67
27 88
26 52
25 61
24 50
23 90
22 33
21 25
20 45
19 14
18 52
17 16
16 45
15 21
14 42
13 70
12 15
11 83
10 29
9 23
8 33
7 76
6 74
5 53
4 78
3 55
2 82
1 83
100 78
99 93
98 18
97 41
96 36
95 73
94 55
93 80
92 21
91 23
90 19
89 61
88 28
87 29
86 50
85 93
84 19
83 100
82 59
81 46
80 14
79 86
78 74
77 73
76 56
75 72
74 27
73 68
72 71
71 43
70 95
69 31
68 87
67 35
66 28
65 90
64 38
63 38
62 58
61 47
59 35
58 42
57 80
56 48
55 41
54 97
53 34
52 64
51 35
50 86
49 90
48 15
47 39
46 39
45 47
44 19
43 18
42 29
41 26
40 12
39 100
38 87
37 36
36 40
35 73
34 78
33 67
32 80
31 61
30 40
29 32
28 54
27 77
26 97
25 49
24 13
23 32
22 17
21 27
20 61
19 59
18 16
17 80
16 17
15 84
14 91
13 75
12 39
11 54
10 20
9 81
8 56
7 67
6 36
5 87
4 78
3 100
2 73
1 53
100 28
99 12
98 40
97 19
96 54
95 19
94 93
93 93
92 53
91 83
90 30
89 56
88 35
87 84
86 83
85 97
84 92
83 97
82 47
81 91
80 95
79 23
78 97
77 12
76 88
75 11
74 11
73 51
72 29
71 27
70 19
69 21
68 90
67 95
66 79
65 39
64 78
63 15
62 87
60 97
59 68
58 11
57 65
56 59
55 25
54 96
53 52
52 93
51 31
50 62
49 92
48 61
47 45
46 52
45 83
44 41
43 38
42 91
41 86
40 70
39 44
38 54
37 19
36 64
35 97
34 45
33 63
32 79
31 17
30 57
29 72
28 68
27 45
26 45
25 62
24 68
23 65
22 65
21 62
20 89
19 46
18 82
17 36
16 76
15 25
14 41
13 44
12 17
11 27
10 46
9 53
8 44
7 53
6 15
5 14
4 67
3 79
2 66
1 12
100 38
99 34
98 82
97 25
96 45
95 71
94 57
93 80
92 75
91 85
90 64
89 15
88 38
87 23
86 31
85 11
84 26
83 68
82 22
81 79
80 44
79 28
78 55
77 89
76 20
75 55
74 17
73 64
72 29
71 30
70 73
69 70
68 37
67 80
66 77
65 38
64 100
63 77
61 80
60 65
59 84
58 74
57 65
56 86
55 27
54 26
53 16
52 16
51 40
50 37
49 73
48 100
47 55
46 80
45 30
44 87
43 91
42 16
41 92
40 71
39 93
38 92
37 46
36 17
35 27
34 17
33 63
32 45
31 18
30 13
29 87
28 59
27 97
26 73
25 94
24 48
23 21
22 20
21 98
20 52
19 70
18 59
17 32
16 61
15 47
14 24
13 63
12 90
11 61
10 36
9 83
8 17
7 31
6 34
5 57
4 85
3 90
2 82
1 77
100 62
99 28
98 19
97 79
96 97
95 77
94 45
93 93
92 28
91 96
90 12
89 35
88 86
87 56
86 71
85 10
84 34
83 39
82 59
81 42
80 81
79 72
78 26
77 96
76 83
75 17
74 27
73 69
72 83
71 89
70 27
69 76
68 32
67 67
66 14
65 85
64 10
62 13
61 36
60 94
59 13
58 87
57 83
56 71
55 86
54 92
53 81
52 72
51 36
50 33
49 78
48 60
47 46
46 28
45 33
44 73
43 75
42 50
41 56
40 72
39 54
38 48
37 79
36 74
35 58
34 34
33 89
32 64
31 54
30 85
29 68
28 98
27 40
26 97
25 53
24 46
23 59
22 83
21 16
20 64
19 64
18 62
17 22
16 77
15 43
14 77
13 36
12 88
11 57
10 13
9 82
8 51
7 86
6 55
5 64
4 51
3 28
2 20
1 12
100 39
99 93
98 17
97 74
96 81
95 99
94 23
93 69
92 63
91 37
90 19
89 40
88 57
87 53
86 56
85 30
84 71
83 32
82 25
81 17
80 82
79 61
78 59
77 97
76 59
75 37
74 54
73 21
72 72
71 19
70 76
69 45
68 46
67 61
66 96
65 16
63 36
62 66
61 43
60 20
59 15
58 22
57 100
56 78
55 63
54 42
53 44
52 96
51 75
50 94
49 60
48 58
47 76
46 86
45 80
44 43
43 51
42 21
41 81
40 41
39 26
38 90
37 14
36 38
35 23
34 82
33 80
32 21
31 62
30 57
29 96
28 33
27 36
26 36
25 97
24 86
23 29
22 56
21 50
20 74
19 36
18 13
17 92
16 41
15 84
14 56
13 62
12 71
11 89
10 31
9 46
8 34
7 25
6 42
5 40
4 57
3 76
2 20
1 96
100 46
99 36
98 32
97 51
96 31
95 82
94 84
93 17
92 32
91 58
90 41
89 56
88 45
87 34
86 42
85 40
84 14
83 92
82 81
81 71
80 99
79 70
78 85
77 71
76 66
75 37
74 26
73 57
72 20
71 12
70 85
69 21
68 20
67 18
66 95
64 68
63 98
62 33
61 42
60 41
59 62
58 71
57 90
56 58
55 31
54 21
53 79
52 47
51 21
50 75
49 73
48 57
47 51
46 54
45 99
44 36
43 67
42 15
41 53
40 26
39 11
38 98
37 73
36 77
35 60
34 25
33 63
32 70
31 82
30 40
29 32
28 60
27 93
26 30
25 16
24 75
23 93
22 67
21 21
20 32
19 69
18 45
17 38
16 47
15 87
14 19
13 43
12 97
11 63
10 13
9 52
8 21
7 94
6 24
5 99
4 88
3 33
2 13
1 59
100 23
99 32
98 59
97 93
96 13
95 52
94 82
93 63
92 32
91 88
90 29
89 33
88 70
87 37
86 71
85 70
84 48
83 27
82 67
81 11
80 68
79 75
78 47
77 72
76 52
75 10
74 12
73 31
72 62
71 87
70 61
69 90
68 66
67 11
65 53
64 70
63 79
62 91
61 29
60 57
59 50
58 66
57 57
56 73
55 44
54 48
53 14
52 57
51 60
50 54
49 43
48 76
47 53
46 73
45 37
44 100
43 71
42 23
41 48
40 10
39 98
38 54
37 88
36 80
35 40
34 82
33 68
32 24
31 99
30 82
29 71
28 88
27 58
26 21
25 43
24 51
23 26
22 40
21 14
20 90
19 36
18 20
17 93
16 70
15 51
14 64
13 67
12 76
11 29
10 66
9 96
8 57
7 75
6 57
5 82
4 29
3 26
2 51
1 26
100 80
99 70
98 32
97 77
96 34
95 19
94 18
93 10
92 55
91 52
90 37
89 74
88 53
87 47
86 37
85 68
84 80
83 57
82 47
81 48
80 32
79 22
78 43
77 23
76 94
75 99
74 88
73 83
72 85
71 95
70 70
69 87
68 34
66 50
65 47
64 87
63 96
62 33
61 14
60 11
59 12
58 87
57 16
56 85
55 63
54 25
53 94
52 28
51 50
50 34
49 70
48 19
47 40
46 48
45 80
44 59
43 52
42 88
41 83
40 24
39 96
38 38
37 79
36 84
35 32
34 17
33 10
32 64
31 67
30 35
29 69
28 30
27 61
26 27
25 11
24 10
23 60
22 26
21 29
20 79
19 55
18 60
17 84
16 78
15 72
14 54
13 96
12 90
11 99
10 72
9 91
8 17
7 12
6 70
5 57
4 89
3 95
2 43
1 55
100 10
99 75
98 23
97 86
96 66
95 83
94 45
93 82
92 56
91 81
90 84
89 97
88 44
87 68
86 68
85 64
84 65
83 23
82 62
81 43
80 42
79 71
78 76
77 24
76 82
75 11
74 96
73 24
72 31
71 98
70 75
69 39
67 10
66 100
65 17
64 47
63 29
62 96
61 76
60 19
59 80
58 95
57 23
56 59
55 80
54 19
53 56
52 76
51 23
50 100
49 78
48 72
47 59
46 94
45 92
44 85
43 41
42 41
41 17
40 92
39 39
38 27
37 67
36 100
35 20
34 61
33 82
32 43
31 69
30 17
29 59
28 49
27 53
26 32
25 56
24 52
23 33
22 53
21 30
20 31
19 73
18 85
17 11
16 22
15 61
14 90
13 82
12 45
11 48
10 65
9 70
8 70
7 53
6 34
5 45
4 59
3 99
2 96
1 73
100 27
99 61
98 12
97 39
96 88
95 89
94 48
93 71
92 81
91 77
90 79
89 18
88 37
87 30
86 65
85 82
84 11
83 55
82 25
81 70
80 15
79 54
78 39
77 32
76 83
75 64
74 60
73 71
72 13
71 65
70 68
68 55
67 75
66 14
65 13
64 46
63 48
62 27
61 28
60 19
59 92
58 64
57 23
56 36
55 26
54 84
53 16
52 98
51 63
50 44
49 74
48 18
47 99
46 84
45 14
44 87
43 35
42 64
41 19
40 94
39 57
38 34
37 38
36 93
35 65
34 64
33 89
32 21
31 48
30 41
29 37
28 20
27 39
26 35
25 51
24 58
23 58
22 34
21 25
20 60
19 69
18 85
17 10
16 77
15 27
14 53
13 95
12 33
11 75
10 88
9 78
8 61
7 36
6 19
5 33
4 42
3 29
2 64
1 31
100 86
99 38
98 44
97 10
96 60
95 78
94 99
93 17
92 83
91 49
90 23
89 99
88 100
87 46
86 60
85 67
84 48
83 79
82 79
81 53
80 72
79 35
78 79
77 77
76 28
75 87
74 56
73 46
72 28
71 31
69 41
68 78
67 57
66 94
65 14
64 88
63 78
62 49
61 89
60 82
59 13
58 24
57 62
56 69
55 76
54 13
53 56
52 46
51 66
50 33
49 89
48 11
47 61
46 34
45 40
44 98
43 35
42 78
41 59
40 83
39 99
38 88
37 63
36 85
35 15
34 12
33 65
32 75
31 84
30 92
29 23
28 70
27 23
26 40
25 95
24 73
23 35
22 32
21 61
20 72
19 13
18 40
17 45
16 48
15 16
14 71
13 40
12 91
11 65
10 94
9 79
8 14
7 57
6 24
5 49
4 20
3 24
2 82
1 55
100 14
99 52
98 62
97 57
96 49
95 99
94 48
93 51
92 14
91 72
90 63
89 35
88 42
87 47
86 81
85 57
84 64
83 65
82 36
81 71
80 99
79 14
78 68
77 68
76 80
75 67
74 24
73 100
72 61
70 77
69 92
68 25
67 51
66 65
65 49
64 91
63 96
62 94
61 95
60 27
59 23
58 51
57 25
56 100
55 83
54 21
53 55
52 70
51 78
50 78
49 13
48 68
47 96
46 57
45 56
44 29
43 90
42 64
41 97
40 30
39 75
38 94
37 13
36 46
35 59
34 36
33 62
32 14
31 97
30 84
29 11
28 32
27 92
26 17
25 50
24 38
23 69
22 55
21 67
20 51
19 48
18 74
17 12
16 15
15 93
14 13
13 17
12 65
11 52
10 69
9 47
8 35
7 15
6 37
5 95
4 17
3 11
2 49
1 55
100 77
99 67
98 14
97 46
96 51
95 81
94 55
93 37
92 80
91 21
90 92
89 36
88 73
87 41
86 39
85 66
84 29
83 95
82 99
81 55
80 63
79 39
78 18
77 98
76 96
75 89
74 46
73 93
71 16
70 59
69 13
68 14
67 74
66 90
65 31
64 19
63 100
62 91
61 16
60 50
59 10
58 52
57 79
56 61
55 74
54 20
53 64
52 48
51 62
50 15
49 24
48 86
47 20
46 78
45 43
44 68
43 97
42 29
41 68
40 46
39 84
38 54
37 37
36 51
35 48
34 15
33 45
32 72
31 69
30 44
29 54
28 82
27 40
26 53
25 33
24 44
23 38
22 89
21 91
20 15
19 44
18 57
17 41
16 66
15 27
14 77
13 74
12 27
11 79
10 88
9 17
8 69
7 50
6 84
5 99
4 69
3 53
2 99
1 48
100 29
99 34
98 77
97 73
96 23
95 16
94 96
93 83
92 86
91 17
90 83
89 96
88 28
87 75
86 95
85 14
84 79
83 25
82 70
81 58
80 55
79 89
78 77
77 53
76 48
75 36
74 84
72 45
71 33
70 89
69 42
68 75
67 77
66 52
65 43
64 40
63 76
62 65
61 96
60 28
59 45
58 26
57 47
56 21
55 86
54 48
53 40
52 84
51 74
50 41
49 60
48 78
47 38
46 21
45 90
44 92
43 87
42 82
41 30
40 22
39 77
38 87
37 46
36 83
35 58
34 15
33 62
32 48
31 41
30 86
29 72
28 93
27 57
26 57
25 18
24 20
23 73
22 30
21 26
20 74
19 75
18 49
17 35
16 23
15 97
14 25
13 30
12 87
11 93
10 80
9 91
8 70
7 65
6 25
5 18
4 64
3 21
2 19
1 15
100 20
99 66
98 55
97 29
96 62
95 53
94 44
93 82
92 85
91 74
90 17
89 41
88 48
87 79
86 73
85 44
84 85
83 26
82 57
81 97
80 98
79 15
78 81
77 99
76 55
75 80
73 88
72 43
71 100
70 91
69 70
68 72
67 37
66 92
65 61
64 69
63 17
62 86
61 59
60 81
59 67
58 83
57 53
56 62
55 17
54 46
53 58
52 83
51 43
50 100
49 43
48 86
47 69
46 43
45 86
44 50
43 58
42 50
41 98
40 47
39 39
38 23
37 14
36 89
35 92
34 83
33 45
32 15
31 67
30 97
29 43
28 81
27 34
26 96
25 63
24 96
23 15
22 55
21 27
20 86
19 97
18 24
17 23
16 24
15 46
14 50
13 100
12 46
11 94
10 74
9 69
8 64
7 95
6 80
5 27
4 10
3 64
2 61
1 14
100 85
99 99
98 50
97 69
96 63
95 62
94 63
93 74
92 99
91 57
90 28
89 70
88 98
87 66
86 85
85 40
84 61
83 55
82 89
81 91
80 58
79 36
78 70
77 96
76 99
74 25
73 60
72 59
71 76
70 21
69 75
68 69
67 98
66 36
65 15
64 63
63 13
62 56
61 13
60 85
59 43
58 47
57 31
56 10
55 36
54 14
53 99
52 13
51 44
50 47
49 15
48 36
47 13
46 90
45 51
44 86
43 61
42 75
41 82
40 52
39 20
38 13
37 43
36 60
35 33
34 60
33 52
32 98
31 61
30 100
29 57
28 90
27 19
26 55
25 38
24 71
23 71
22 39
21 48
20 94
19 75
18 99
17 80
16 36
15 78
14 21
13 24
12 79
11 91
10 47
9 51
8 15
7 89
6 31
5 93
4 47
3 85
2 95
1 73
100 91
99 73
98 45
97 99
96 10
95 15
94 20
93 58
92 91
91 73
90 87
89 85
88 73
87 89
86 97
85 18
84 37
83 75
82 78
81 10
80 52
79 20
78 50
77 55
75 18
74 79
73 10
72 78
71 59
70 13
69 81
68 74
67 10
66 92
65 13
64 34
63 50
62 38
61 95
60 26
59 43
58 43
57 77
56 94
55 14
54 13
53 63
52 80
51 77
50 70
49 76
48 43
47 34
46 78
45 87
44 22
43 99
42 62
41 61
40 86
39 59
38 87
37 64
36 98
35 75
34 61
33 97
32 61
31 34
30 61
29 69
28 74
27 88
26 93
25 74
24 64
23 10
22 62
21 49
20 26
19 59
18 28
17 17
16 63
15 72
14 29
13 34
12 95
11 68
10 60
9 69
8 92
7 43
6 87
5 43
4 31
3 92
2 70
1 26
100 92
99 15
98 29
97 54
96 32
95 95
94 68
93 99
92 77
91 35
90 68
89 32
88 12
87 46
86 38
85 14
84 42
83 72
82 24
81 70
80 82
79 19
78 66
76 46
75 42
74 96
73 72
72 57
71 79
70 37
69 24
68 59
67 12
66 59
65 63
64 68
63 20
62 62
61 29
60 84
59 85
58 15
57 53
56 72
55 11
54 79
53 58
52 96
51 23
50 17
49 88
48 100
47 83
46 74
45 14
44 72
43 69
42 66
41 85
40 90
39 68
38 37
37 88
36 52
35 81
34 14
33 29
32 95
31 49
30 85
29 18
28 98
27 49
26 72
25 88
24 60
23 75
22 12
21 43
20 30
19 30
18 76
17 64
16 32
15 32
14 97
13 94
12 24
11 36
10 31
9 73
8 11
7 38
6 37
5 27
4 27
3 81
2 91
1 94
100 66
99 73
98 57
97 65
96 59
95 14
94 96
93 15
92 14
91 23
90 25
89 56
88 84
87 47
86 72
85 44
84 63
83 89
82 35
81 77
80 78
79 25
77 46
76 44
75 86
74 76
73 74
72 50
71 84
70 36
69 55
68 43
67 55
66 70
65 35
64 99
63 40
62 65
61 22
60 14
59 22
58 44
57 73
56 38
55 75
54 84
53 34
52 22
51 64
50 98
49 84
48 55
47 10
46 44
45 82
44 44
43 75
42 78
41 43
40 29
39 40
38 33
37 96
36 98
35 83
34 97
33 51
32 55
31 20
30 78
29 93
28 71
27 99
26 75
25 97
24 68
23 48
22 56
21 25
20 52
19 22
18 85
17 28
16 63
15 70
14 79
13 88
12 80
11 17
10 96
9 69
8 29
7 60
6 61
5 47
4 74
3 83
2 70
1 29
100 76
99 63
98 17
97 80
96 42
95 98
94 15
93 40
92 44
91 21
90 56
89 77
88 94
87 18
86 38
85 21
84 56
83 30
82 68
81 79
80 82
78 14
77 63
76 65
75 88
74 72
73 56
72 60
71 82
70 13
69 60
68 87
67 60
66 69
65 70
64 72
63 27
62 91
61 25
60 18
59 56
58 77
57 66
56 46
55 99
54 86
53 86
52 71
51 66
50 48
49 15
48 93
47 78
46 14
45 85
44 81
43 63
42 73
41 84
40 18
39 85
38 74
37 48
36 96
35 41
34 78
33 56
32 90
31 50
30 65
29 87
28 100
27 30
26 15
25 67
24 68
23 20
22 34
21 42
20 39
19 59
18 62
17 47
16 62
15 24
14 96
13 74
12 23
11 90
10 87
9 49
8 25
7 46
6 71
5 51
4 26
3 74
2 65
1 33
100 54
99 79
98 78
97 98
96 95
95 12
94 53
93 62
92 47
91 41
90 13
89 28
88 29
87 71
86 17
85 81
84 25
83 57
82 70
81 27
79 24
78 63
77 83
76 91
75 36
74 95
73 49
72 39
71 25
70 32
69 72
68 89
67 16
66 79
65 43
64 66
63 69
62 82
61 22
60 75
59 66
58 18
57 92
56 94
55 34
54 66
53 50
52 78
51 81
50 91
49 20
48 57
47 47
46 38
45 30
44 82
43 15
42 98
41 64
40 57
39 78
38 91
37 100
36 72
35 29
34 15
33 58
32 23
31 26
30 78
29 92
28 39
27 80
26 27
25 28
24 96
23 34
22 64
21 33
20 25
19 29
18 66
17 64
16 33
15 51
14 90
13 81
12 41
11 87
10 65
9 73
8 100
7 31
6 50
5 88
4 91
3 65
2 92
1 66
100 73
99 40
98 83
97 60
96 42
95 41
94 77
93 72
92 74
91 80
90 16
89 11
88 69
87 22
86 72
85 34
84 24
83 37
82 19
80 60
79 55
78 46
77 29
76 76
75 29
74 64
73 15
72 45
71 55
70 50
69 61
68 21
67 91
66 55
65 31
64 56
63 80
62 53
61 73
60 18
59 28
58 78
57 35
56 71
55 25
54 35
53 18
52 20
51 90
50 11
49 40
48 78
47 100
46 19
45 92
44 89
43 54
42 56
41 81
40 53
39 29
38 52
37 38
36 80
35 99
34 98
33 37
32 85
31 17
30 23
29 53
28 30
27 87
26 42
25 51
24 90
23 76
22 30
21 94
20 55
19 74
18 29
17 99
16 87
15 17
14 22
13 69
12 28
11 19
10 34
9 22
8 15
7 18
6 40
5 73
4 71
3 52
2 48
1 97
100 86
99 97
98 85
97 52
96 57
95 74
94 64
93 75
92 54
91 59
90 17
89 10
88 43
87 97
86 53
85 61
84 74
83 42
81 87
80 37
79 27
78 84
77 74
76 69
75 36
74 29
73 49
72 15
71 16
70 57
69 36
68 47
67 79
66 44
65 14
64 83
63 33
62 81
61 100
60 51
59 99
58 63
57 98
56 84
55 34
54 71
53 91
52 87
51 66
50 64
49 87
48 49
47 10
46 92
45 89
44 12
43 56
42 66
41 90
40 17
39 59
38 38
37 44
36 92
35 73
34 93
33 56
32 76
31 69
30 10
29 21
28 39
27 45
26 61
25 34
24 86
23 54
22 14
21 78
20 13
19 62
18 72
17 70
16 78
15 60
14 21
13 68
12 18
11 95
10 89
9 77
8 65
7 79
6 66
5 64
4 78
3 41
2 12
1 51
100 67
99 95
98 48
97 10
96 91
95 12
94 54
93 57
92 48
91 64
90 37
89 60
88 66
87 43
86 71
85 16
84 16
82 34
81 95
80 12
79 51
78 78
77 42
76 68
75 30
74 28
73 10
72 65
71 17
70 36
69 75
68 46
67 69
66 45
65 45
64 91
63 94
62 51
61 30
60 57
59 38
58 96
57 67
56 37
55 56
54 99
53 49
52 97
51 37
50 53
49 51
48 73
47 80
46 22
45 60
44 73
43 38
42 24
41 58
40 12
39 86
38 18
37 30
36 61
35 33
34 70
33 29
32 100
31 45
30 19
29 88
28 40
27 59
26 29
25 66
24 19
23 23
22 38
21 73
20 84
19 20
18 56
17 25
16 34
15 22
14 67
13 95
12 58
11 10
10 18
9 72
8 76
7 62
6 100
5 50
4 96
3 92
2 22
1 79
100 58
99 13
98 63
97 81
96 18
95 100
94 76
93 24
92 47
91 45
90 14
89 51
88 68
87 56
86 89
85 39
83 40
82 56
81 43
80 69
79 16
78 44
77 75
76 14
75 42
74 65
73 93
72 85
71 73
70 68
69 21
68 22
67 45
66 68
65 92
64 22
63 92
62 30
61 93
60 97
59 92
58 56
57 89
56 81
55 78
54 20
53 23
52 10
51 33
50 11
49 67
48 69
47 76
46 88
45 92
44 39
43 58
42 64
41 58
40 23
39 57
38 54
37 95
36 20
35 94
34 39
33 59
32 29
31 64
30 56
29 15
28 81
27 38
26 15
25 83
24 56
23 22
22 65
21 32
20 11
19 49
18 62
17 21
16 54
15 39
14 16
13 56
12 66
11 66
10 78
9 80
8 97
7 100
6 68
5 37
4 14
3 94
2 61
1 50
100 40
99 94
98 34
97 70
96 76
95 84
94 42
93 48
92 86
91 11
90 64
89 97
88 96
87 41
86 77
84 14
83 75
82 49
81 99
80 20
79 44
78 64
77 90
76 80
75 39
74 95
73 92
72 91
71 12
70 18
69 27
68 78
67 97
66 93
65 28
64 71
63 47
62 48
61 21
60 36
59 64
58 89
57 80
56 11
55 49
54 86
53 61
52 32
51 51
50 62
49 79
48 50
47 40
46 45
45 50
44 74
43 41
42 47
41 30
40 42
39 80
38 33
37 36
36 39
35 25
34 54
33 79
32 62
31 60
30 53
29 51
28 64
27 81
26 32
25 100
24 63
23 79
22 42
21 84
20 94
19 54
18 42
17 73
16 36
15 44
14 49
13 96
12 71
11 96
10 13
9 74
8 46
7 83
6 66
5 74
4 24
3 61
2 71
1 21
100 51
99 77
98 58
97 93
96 72
95 49
94 19
93 88
92 60
91 27
90 21
89 28
88 97
87 47
85 89
84 20
83 64
82 95
81 83
80 72
79 35
78 30
77 89
76 39
75 11
74 66
73 90
72 68
71 55
70 54
69 48
68 47
67 33
66 11
65 45
64 17
63 99
62 76
61 43
60 25
59 62
58 91
57 56
56 47
55 26
54 11
53 18
52 38
51 67
50 96
49 39
48 17
47 42
46 81
45 59
44 69
43 47
42 64
41 19
40 41
39 25
38 19
37 15
36 96
35 55
34 29
33 83
32 39
31 42
30 52
29 73
28 68
27 65
26 98
25 10
24 99
23 26
22 11
21 56
20 11
19 74
18 49
17 89
16 99
15 84
14 42
13 35
12 35
11 19
10 77
9 31
8 89
7 59
6 21
5 42
4 16
3 19
2 73
1 61
100 25
99 70
98 59
97 30
96 19
95 82
94 62
93 100
92 77
91 84
90 61
89 46
88 75
86 34
85 96
84 11
83 84
82 11
81 55
80 21
79 79
78 62
77 47
76 13
75 93
74 77
73 94
72 42
71 67
70 66
69 88
68 72
67 69
66 60
65 65
64 75
63 16
62 45
61 24
60 13
59 82
58 85
57 43
56 65
55 52
54 23
53 97
52 86
51 31
50 49
49 94
48 43
47 73
46 99
45 82
44 84
43 33
42 51
41 36
40 79
39 74
38 18
37 22
36 25
35 85
34 90
33 15
32 42
31 57
30 90
29 94
28 46
27 18
26 97
25 26
24 93
23 86
22 85
21 95
20 16
19 62
18 18
17 75
16 18
15 19
14 10
13 34
12 15
11 89
10 40
9 51
8 58
7 49
6 42
5 36
4 61
3 30
2 54
1 58
100 91
99 36
98 52
97 32
96 47
95 61
94 70
93 56
92 89
91 64
90 59
89 81
87 47
86 79
85 97
84 90
83 49
82 100
81 53
80 46
79 91
78 78
77 16
76 74
75 35
74 21
73 63
72 27
71 92
70 35
69 73
68 62
67 11
66 30
65 58
64 88
63 44
62 71
61 60
60 83
59 78
58 65
57 79
56 55
55 59
54 18
53 45
52 12
51 68
50 68
49 91
48 62
47 93
46 60
45 43
44 99
43 81
42 29
41 29
40 14
39 14
38 60
37 44
36 68
35 61
34 37
33 95
32 40
31 16
30 77
29 19
28 57
27 78
26 21
25 88
24 98
23 97
22 67
21 96
20 37
19 12
18 33
17 30
16 81
15 42
14 92
13 76
12 59
11 74
10 95
9 71
8 64
7 53
6 89
5 14
4 22
3 51
2 56
1 73
100 63
99 81
98 64
97 90
96 11
95 100
94 82
93 57
92 79
91 35
90 69
88 64
87 40
86 90
85 56
84 23
83 37
82 83
81 41
80 70
79 18
78 81
77 69
76 85
75 99
74 28
73 96
72 39
71 43
70 60
69 40
68 24
67 83
66 99
65 47
64 17
63 77
62 13
61 49
60 40
59 64
58 85
57 83
56 88
55 71
54 68
53 84
52 69
51 84
50 71
49 32
48 27
47 64
46 10
45 11
44 10
43 68
42 70
41 55
40 40
39 95
38 76
37 41
36 41
35 94
34 31
33 89
32 81
31 99
30 16
29 19
28 67
27 23
26 86
25 71
24 66
23 75
22 57
21 95
20 86
19 50
18 16
17 29
16 12
15 49
14 21
13 46
12 48
11 74
10 15
9 72
8 30
7 26
6 22
5 35
4 74
3 39
2 34
1 55
100 45
99 16
98 38
97 34
96 64
95 39
94 76
93 45
92 72
91 12
89 53
88 82
87 13
86 24
85 29
84 49
83 27
82 84
81 17
80 27
79 51
78 14
77 62
76 25
75 24
74 77
73 77
72 75
71 65
70 49
69 53
68 12
67 88
66 18
65 24
64 41
63 56
62 40
61 20
60 48
59 29
58 82
57 84
56 35
55 33
54 11
53 41
52 83
51 53
50 73
49 39
48 53
47 75
46 23
45 84
44 93
43 38
42 100
41 13
40 82
39 31
38 72
37 83
36 20
35 91
34 16
33 83
32 51
31 91
30 17
29 44
28 94
27 41
26 34
25 46
24 62
23 64
22 22
21 42
20 11
19 23
18 87
17 70
16 50
15 37
14 83
13 54
12 94
11 78
10 64
9 30
8 91
7 23
6 16
5 32
4 48
3 39
2 75
1 40
100 77
99 69
98 14
97 58
96 26
95 27
94 48
93 22
92 51
90 99
89 39
88 78
87 32
86 25
85 15
84 38
83 64
82 100
81 91
80 68
79 26
78 19
77 26
76 97
75 75
74 25
73 36
72 10
71 46
70 44
69 63
68 66
67 14
66 68
65 76
64 27
63 58
62 38
61 72
60 71
59 15
58 71
57 78
56 39
55 44
54 69
53 30
52 94
51 49
50 92
49 69
48 40
47 18
46 75
45 12
44 16
43 54
42 37
41 72
40 80
39 33
38 81
37 12
36 64
35 74
34 68
33 38
32 25
31 74
30 95
29 46
28 63
27 44
26 99
25 39
24 83
23 73
22 58
21 76
20 49
19 90
18 92
17 23
16 97
15 37
14 88
13 83
12 40
11 38
10 66
9 83
8 11
7 13
6 45
5 23
4 15
3 56
2 99
1 78
100 70
99 30
98 13
97 94
96 60
95 57
94 37
93 48
91 58
90 39
89 50
88 41
87 38
86 40
85 26
84 40
83 19
82 53
81 49
80 57
79 42
78 64
77 52
76 43
75 80
74 46
73 82
72 85
71 66
70 26
69 75
68 36
67 82
66 42
65 21
64 68
63 96
62 90
61 52
60 40
59 87
58 59
57 79
56 82
55 23
54 98
53 37
52 13
51 58
50 39
49 47
48 39
47 20
46 73
45 45
44 90
43 62
42 99
41 98
40 11
39 30
38 79
37 15
36 47
35 71
34 82
33 19
32 28
31 17
30 67
29 73
28 87
27 20
26 70
25 100
24 87
23 44
22 57
21 90
20 15
19 56
18 29
17 22
16 43
15 29
14 51
13 32
12 99
11 16
10 76
9 28
8 52
7 18
6 88
5 39
4 23
3 95
2 18
1 100
100 64
99 40
98 76
97 46
96 67
95 95
94 10
92 84
91 24
90 31
89 12
88 30
87 96
86 58
85 73
84 27
83 47
82 27
81 60
80 94
79 100
78 91
77 20
76 29
75 61
74 42
73 57
72 24
71 58
70 14
69 29
68 10
67 86
66 69
65 79
64 12
63 12
62 26
61 75
60 65
59 16
58 94
57 49
56 77
55 54
54 82
53 64
52 50
51 20
50 49
49 13
48 77
47 74
46 45
45 22
44 18
43 91
42 63
41 74
40 40
39 11
38 10
37 23
36 12
35 32
34 25
33 40
32 78
31 13
30 83
29 25
28 53
27 56
26 22
25 52
24 46
23 72
22 85
21 69
20 91
19 41
18 37
17 73
16 78
15 11
14 13
13 28
12 34
11 42
10 72
9 96
8 79
7 51
6 87
5 73
4 11
3 82
2 80
1 46
100 96
99 85
98 29
97 18
96 12
95 47
93 11
92 37
91 20
90 29
89 56
88 52
87 12
86 97
85 96
84 54
83 100
82 73
81 62
80 96
79 69
78 42
77 50
76 16
75 43
74 79
73 55
72 54
71 20
70 57
69 20
68 30
67 92
66 68
65 75
64 59
63 79
62 59
61 33
60 68
59 76
58 60
57 98
56 31
55 34
54 86
53 87
52 62
51 74
50 40
49 75
48 77
47 31
46 47
45 21
44 86
43 72
42 29
41 37
40 48
39 12
38 72
37 57
36 81
35 93
34 28
33 56
32 69
31 75
30 16
29 16
28 13
27 65
26 65
25 23
24 49
23 99
22 59
21 82
20 64
19 57
18 64
17 74
16 13
15 17
14 14
13 49
12 26
11 80
10 52
9 35
8 72
7 84
6 73
5 87
4 10
3 13
2 37
1 65
100 68
99 85
98 85
97 68
96 62
94 11
93 72
92 48
91 43
90 60
89 20
88 77
87 87
86 65
85 72
84 18
83 18
82 60
81 55
80 88
79 88
78 88
77 73
76 12
75 67
74 87
73 51
72 58
71 31
70 13
69 45
68 69
67 41
66 79
65 96
64 73
63 90
62 11
61 67
60 27
59 21
58 40
57 39
56 53
55 93
54 34
53 82
52 58
51 94
50 95
49 85
48 26
47 26
46 97
45 76
44 32
43 26
42 77
41 26
40 85
39 21
38 46
37 11
36 91
35 96
34 44
33 76
32 97
31 61
30 37
29 50
28 98
27 51
26 98
25 89
24 41
23 64
22 32
21 41
20 28
19 99
18 19
17 95
16 49
15 50
14 23
13 47
12 91
11 39
10 78
9 41
8 54
7 59
6 45
5 67
4 53
3 98
2 91
1 52
100 43
99 30
98 73
97 18
95 100
94 39
93 92
92 17
91 68
90 38
89 15
88 11
87 21
86 73
85 53
84 52
83 89
82 30
81 10
80 13
79 17
78 47
77 44
76 61
75 97
74 40
73 95
72 23
71 38
70 82
69 50
68 45
67 23
66 77
65 59
64 61
63 86
62 36
61 97
60 98
59 77
58 75
57 87
56 98
55 69
54 58
53 67
52 31
51 82
50 85
49 13
48 97
47 89
46 33
45 44
44 14
43 44
42 41
41 24
40 33
39 31
38 71
37 89
36 85
35 67
34 85
33 85
32 52
31 53
30 33
29 57
28 22
27 93
26 85
25 23
24 26
23 64
22 55
21 87
20 86
19 53
18 34
17 84
16 72
15 93
14 87
13 33
12 26
11 16
10 90
9 17
8 28
7 70
6 39
5 15
4 99
3 70
2 74
1 22
100 17
99 81
98 50
96 98
95 71
94 96
93 22
92 41
91 11
90 23
89 11
88 68
87 13
86 78
85 73
84 32
83 11
82 77
81 50
80 55
79 78
78 40
77 64
76 83
75 63
74 42
73 28
72 79
71 41
70 95
69 20
68 53
67 82
66 57
65 77
64 95
63 91
62 62
61 63
60 46
59 96
58 11
57 47
56 64
55 25
54 76
53 21
52 92
51 39
50 59
49 83
48 37
47 28
46 21
45 66
44 76
43 92
42 25
41 32
40 47
39 64
38 46
37 29
36 72
35 15
34 18
33 76
32 42
31 81
30 81
29 46
28 87
27 18
26 67
25 14
24 24
23 95
22 10
21 57
20 57
19 86
18 77
17 58
16 18
15 33
14 47
13 65
12 24
11 22
10 27
9 23
8 54
7 74
6 63
5 67
4 15
3 23
2 20
1 34
100 97
99 26
97 73
96 74
95 69
94 12
93 68
92 42
91 98
90 37
89 49
88 68
87 59
86 64
85 76
84 45
83 85
82 75
81 97
80 33
79 48
78 85
77 64
76 85
75 14
74 27
73 31
72 28
71 50
70 19
69 17
68 29
67 85
66 35
65 12
64 49
63 87
62 16
61 88
60 96
59 23
58 90
57 33
56 62
55 19
54 62
53 49
52 99
51 75
50 20
49 22
48 94
47 43
46 86
45 28
44 19
43 34
42 55
41 97
40 44
39 36
38 86
37 20
36 92
35 85
34 88
33 92
32 82
31 36
30 23
29 92
28 98
27 53
26 58
25 86
24 95
23 100
22 83
21 62
20 88
19 28
18 83
17 51
16 61
15 24
14 36
13 45
12 27
11 44
10 62
9 76
8 71
7 47
6 25
5 18
4 16
3 86
2 99
1 31
100 57
98 88
97 83
96 42
95 88
94 89
93 99
92 54
91 29
90 90
89 40
88 73
87 25
86 66
85 39
84 55
83 76
82 86
81 10
80 46
79 64
78 81
77 13
76 42
75 58
74 28
73 21
72 67
71 35
70 85
69 79
68 59
67 45
66 14
65 12
64 54
63 79
62 78
61 25
60 48
59 28
58 57
57 39
56 81
55 70
54 19
53 95
52 76
51 39
50 74
49 97
48 14
47 54
46 24
45 17
44 35
43 19
42 91
41 79
40 99
39 26
38 28
37 72
36 78
35 21
34 59
33 45
32 41
31 54
30 63
29 54
28 12
27 80
26 11
25 10
24 68
23 81
22 24
21 87
20 15
19 25
18 47
17 16
16 32
15 45
14 94
13 21
12 91
11 40
10 41
9 10
8 19
7 40
6 32
5 71
4 98
3 49
2 46
1 18
99 43
98 85
97 68
96 34
95 60
94 54
93 41
92 77
91 83
90 54
89 90
88 90
87 57
86 28
85 35
84 88
83 14
82 88
81 44
80 82
79 29
78 25
77 54
76 99
75 47
74 75
73 77
72 19
71 48
70 37
69 87
68 17
67 79
66 47
65 50
64 67
63 50
62 32
61 56
60 51
59 16
58 57
57 83
56 46
55 76
54 75
53 86
52 61
51 81
50 32
49 19
48 52
47 74
46 97
45 50
44 85
43 99
42 35
41 25
40 22
39 32
38 26
37 20
36 44
35 81
34 100
33 52
32 57
31 86
30 81
29 75
28 19
27 41
26 78
25 46
24 74
23 54
22 22
21 22
20 89
19 50
18 91
17 64
16 22
15 70
14 33
13 52
12 30
11 100
10 78
9 72
8 14
7 25
6 23
5 92
4 73
3 88
2 36
1 45
90
85
1 90 
1 78 
1 93 
1 35 
1 47 
1 21 
1 11 
1 41 
1 74 
1 98 
1 8 
1 6 
1 77 
1 33 
1 18 
1 73 
1 53 
1 4 
1 43 
1 12 
1 57 
1 22 
1 79 
1 31 
1 100 
1 19 
1 88 
1 45 
1 17 
1 51 
1 67 
1 65 
1 15 
1 66 
1 49 
1 59 
1 84 
1 9 
1 13 
1 70 
1 7 
1 34 
1 37 
1 10 
1 2 
1 76 
1 99 
1 1 
1 46 
1 30 
1 44 
1 75 
1 91 
1 48 
1 64 
1 86 
1 14 
1 3 
1 32 
1 82 
1 26 
1 89 
1 97 
1 50 
1 39 
1 29 
1 40 
1 60 
1 94 
1 28 
1 55 
1 42 
1 54 
1 61 
1 69 
1 80 
1 63 
1 96 
1 23 
1 85 
