100 9900 10 100 80
99
99
99
99
99
99
99
99
99
99
99
99
99
99
99
99
99
99
99
99
99
99
99
99
99
99
99
99
99
99
99
99
99
99
99
99
99
99
99
99
99
99
99
99
99
99
99
99
99
99
99
99
99
99
99
99
99
99
99
99
99
99
99
99
99
99
99
99
99
99
99
99
99
99
99
99
99
99
99
99
99
99
99
99
99
99
99
99
99
99
99
99
99
99
99
99
99
99
99
99
100 73
99 53
98 15
97 47
96 87
95 41
94 43
93 14
92 82
91 13
90 32
89 43
88 20
87 61
86 48
85 99
84 56
83 29
82 78
81 66
80 93
79 97
78 86
77 92
76 27
75 88
74 69
73 65
72 35
71 93
70 91
69 25
68 94
67 70
66 97
65 70
64 27
63 97
62 59
61 78
60 92
59 44
58 14
57 66
56 49
55 11
54 46
53 90
52 75
51 75
50 18
49 90
48 20
47 91
46 60
45 51
44 44
43 100
42 100
41 66
40 20
39 94
38 65
37 43
36 53
35 40
34 79
33 38
32 73
31 34
30 99
29 57
28 24
27 89
26 57
25 22
24 78
23 47
22 61
21 42
20 95
19 92
18 41
17 37
16 16
15 94
14 13
13 64
12 58
11 89
10 99
9 92
8 13
7 16
6 64
5 90
4 66
3 41
2 78
100 40
99 12
98 54
97 20
96 94
95 19
94 24
93 96
92 70
91 70
90 67
89 13
88 72
87 85
86 54
85 42
84 93
83 73
82 93
81 27
80 61
79 86
78 60
77 45
76 45
75 83
74 91
73 29
72 49
71 13
70 98
69 46
68 29
67 29
66 81
65 61
64 12
63 75
62 38
61 70
60 73
59 34
58 82
57 48
56 11
55 44
54 27
53 36
52 24
51 95
50 94
49 48
48 80
47 68
46 59
45 17
44 76
43 10
42 72
41 80
40 44
39 85
38 86
37 45
36 22
35 37
34 28
33 60
32 77
31 68
30 47
29 78
28 95
27 94
26 65
25 33
24 15
23 60
22 29
21 65
20 67
19 67
18 73
17 93
16 80
15 41
14 63
13 84
12 52
11 56
10 63
9 26
8 83
7 53
6 51
5 48
4 57
3 87
1 29
100 36
99 40
98 50
97 91
96 31
95 13
94 47
93 72
92 40
91 13
90 84
89 19
88 66
87 81
86 99
85 72
84 47
83 48
82 33
81 57
80 78
79 74
78 50
77 80
76 97
75 12
74 26
73 61
72 24
71 12
70 19
69 53
68 76
67 59
66 70
65 83
64 83
63 81
62 44
61 17
60 25
59 88
58 68
57 90
56 90
55 81
54 59
53 61
52 58
51 24
50 50
49 90
48 91
47 91
46 82
45 89
44 88
43 36
42 66
41 77
40 92
39 70
38 64
37 96
36 35
35 81
34 100
33 99
32 39
31 85
30 68
29 79
28 39
27 50
26 93
25 18
24 80
23 66
22 42
21 80
20 63
19 97
18 58
17 86
16 68
15 20
14 52
13 97
12 36
11 85
10 90
9 61
8 73
7 93
6 98
5 88
4 76
2 45
1 27
100 38
99 15
98 97
97 51
96 72
95 18
94 69
93 48
92 16
91 80
90 70
89 76
88 85
87 35
86 26
85 98
84 42
83 28
82 78
81 51
80 11
79 89
78 31
77 61
76 25
75 30
74 29
73 76
72 70
71 95
70 44
69 80
68 73
67 28
66 63
65 34
64 97
63 97
62 50
61 48
60 28
59 71
58 61
57 54
56 16
55 93
54 50
53 13
52 42
51 38
50 16
49 32
48 66
47 45
46 54
45 62
44 47
43 85
42 37
41 67
40 30
39 38
38 25
37 46
36 84
35 85
34 56
33 86
32 59
31 10
30 15
29 67
28 100
27 60
26 44
25 31
24 95
23 81
22 23
21 14
20 50
19 42
18 39
17 52
16 52
15 38
14 70
13 11
12 82
11 15
10 41
9 39
8 39
7 49
6 26
5 40
3 27
2 27
1 80
100 68
99 14
98 30
97 43
96 48
95 39
94 25
93 88
92 33
91 51
90 40
89 34
88 24
87 19
86 60
85 29
84 14
83 20
82 47
81 97
80 62
79 36
78 64
77 29
76 12
75 56
74 71
73 18
72 21
71 14
70 98
69 29
68 51
67 73
66 97
65 29
64 57
63 42
62 26
61 18
60 25
59 84
58 77
57 81
56 81
55 76
54 25
53 21
52 68
51 57
50 73
49 76
48 15
47 79
46 67
45 32
44 82
43 14
42 10
41 97
40 96
39 43
38 61
37 48
36 54
35 36
34 55
33 99
32 45
31 82
30 17
29 26
28 63
27 61
26 61
25 73
24 14
23 13
22 23
21 23
20 56
19 98
18 32
17 15
16 71
15 49
14 46
13 28
12 100
11 89
10 12
9 84
8 91
7 39
6 43
4 19
3 17
2 74
1 10
100 66
99 91
98 69
97 11
96 88
95 54
94 55
93 69
92 19
91 31
90 18
89 32
88 71
87 17
86 72
85 12
84 47
83 42
82 59
81 34
80 53
79 50
78 65
77 99
76 43
75 28
74 85
73 76
72 100
71 23
70 74
69 87
68 92
67 85
66 86
65 14
64 77
63 33
62 99
61 28
60 14
59 18
58 77
57 71
56 82
55 77
54 26
53 63
52 42
51 60
50 82
49 20
48 79
47 20
46 83
45 33
44 63
43 76
42 97
41 87
40 91
39 46
38 88
37 40
36 16
35 95
34 76
33 79
32 84
31 55
30 33
29 41
28 53
27 93
26 23
25 22
24 22
23 54
22 70
21 37
20 86
19 94
18 75
17 42
16 47
15 76
14 57
13 17
12 78
11 69
10 26
9 50
8 73
7 87
5 33
4 81
3 43
2 78
1 60
100 70
99 10
98 70
97 65
96 69
95 73
94 68
93 17
92 66
91 76
90 89
89 30
88 17
87 54
86 45
85 17
84 52
83 29
82 43
81 63
80 30
79 46
78 32
77 98
76 58
75 49
74 19
73 27
72 88
71 21
70 76
69 48
68 52
67 40
66 25
65 55
64 89
63 62
62 83
61 65
60 82
59 16
58 20
57 61
56 62
55 81
54 25
53 34
52 49
51 70
50 73
49 36
48 79
47 50
46 53
45 77
44 10
43 46
42 28
41 10
40 63
39 51
38 22
37 93
36 60
35 25
34 26
33 14
32 58
31 48
30 15
29 32
28 19
27 32
26 83
25 92
24 25
23 31
22 53
21 94
20 99
19 27
18 13
17 78
16 97
15 53
14 39
13 85
12 25
11 58
10 50
9 81
8 81
6 98
5 55
4 65
3 40
2 67
1 16
100 93
99 81
98 24
97 28
96 97
95 80
94 73
93 68
92 19
91 16
90 14
89 58
88 85
87 15
86 45
85 59
84 56
83 38
82 20
81 91
80 38
79 80
78 48
77 84
76 97
75 14
74 98
73 36
72 89
71 43
70 68
69 51
68 99
67 38
66 92
65 83
64 42
63 62
62 22
61 61
60 64
59 57
58 22
57 19
56 36
55 21
54 51
53 40
52 85
51 98
50 15
49 84
48 78
47 21
46 24
45 93
44 91
43 52
42 45
41 29
40 46
39 63
38 13
37 81
36 100
35 99
34 82
33 16
32 79
31 66
30 25
29 55
28 46
27 99
26 44
25 61
24 32
23 50
22 59
21 34
20 23
19 65
18 63
17 85
16 64
15 53
14 12
13 58
12 14
11 63
10 50
9 99
7 15
6 30
5 73
4 66
3 68
2 53
1 27
100 70
99 74
98 36
97 23
96 98
95 58
94 14
93 12
92 12
91 31
90 58
89 27
88 47
87 37
86 34
85 30
84 38
83 26
82 44
81 20
80 55
79 44
78 32
77 94
76 14
75 72
74 50
73 85
72 82
71 35
70 91
69 47
68 60
67 85
66 14
65 59
64 18
63 66
62 39
61 12
60 54
59 24
58 80
57 42
56 74
55 51
54 24
53 59
52 14
51 57
50 64
49 26
48 70
47 19
46 56
45 23
44 14
43 84
42 52
41 43
40 79
39 34
38 82
37 80
36 33
35 76
34 33
33 26
32 73
31 69
30 11
29 26
28 44
27 49
26 23
25 47
24 44
23 88
22 54
21 80
20 51
19 83
18 77
17 31
16 97
15 10
14 55
13 48
12 57
11 36
10 23
8 59
7 84
6 48
5 14
4 38
3 11
2 23
1 43
100 58
99 46
98 98
97 79
96 40
95 77
94 10
93 68
92 53
91 73
90 97
89 51
88 60
87 22
86 84
85 31
84 19
83 20
82 32
81 17
80 96
79 48
78 28
77 53
76 17
75 35
74 71
73 54
72 68
71 81
70 93
69 58
68 35
67 99
66 22
65 96
64 26
63 95
62 41
61 26
60 95
59 25
58 51
57 40
56 100
55 49
54 69
53 26
52 85
51 94
50 80
49 84
48 74
47 48
46 67
45 65
44 57
43 49
42 67
41 37
40 60
39 51
38 20
37 57
36 71
35 91
34 71
33 22
32 92
31 16
30 64
29 37
28 15
27 19
26 67
25 88
24 61
23 25
22 48
21 90
20 76
19 36
18 94
17 76
16 21
15 72
14 49
13 64
12 38
11 46
9 65
8 21
7 43
6 88
5 73
4 93
3 13
2 57
1 50
100 51
99 71
98 31
97 11
96 21
95 91
94 49
93 94
92 65
91 70
90 24
89 83
88 38
87 46
86 97
85 21
84 87
83 100
82 98
81 66
80 46
79 82
78 12
77 71
76 35
75 55
74 43
73 14
72 33
71 22
70 35
69 70
68 22
67 32
66 83
65 74
64 46
63 29
62 15
61 86
60 13
59 41
58 55
57 62
56 21
55 98
54 88
53 57
52 52
51 77
50 17
49 27
48 85
47 27
46 23
45 62
44 96
43 93
42 96
41 16
40 97
39 92
38 98
37 78
36 59
35 54
34 12
33 34
32 72
31 64
30 70
29 60
28 61
27 12
26 58
25 62
24 63
23 76
22 52
21 18
20 66
19 53
18 53
17 31
16 36
15 69
14 56
13 100
12 10
10 73
9 95
8 75
7 78
6 57
5 17
4 98
3 47
2 91
1 77
100 47
99 92
98 93
97 46
96 59
95 51
94 60
93 10
92 80
91 10
90 95
89 77
88 62
87 65
86 70
85 56
84 50
83 66
82 13
81 43
80 23
79 52
78 78
77 37
76 47
75 44
74 59
73 80
72 24
71 15
70 52
69 75
68 61
67 72
66 29
65 87
64 75
63 81
62 80
61 18
60 33
59 28
58 92
57 62
56 22
55 43
54 66
53 91
52 93
51 46
50 26
49 58
48 11
47 65
46 26
45 98
44 91
43 50
42 90
41 11
40 46
39 50
38 24
37 28
36 94
35 53
34 23
33 13
32 97
31 98
30 62
29 35
28 52
27 42
26 32
25 97
24 80
23 90
22 13
21 87
20 22
19 79
18 47
17 27
16 23
15 67
14 80
13 71
11 18
10 11
9 25
8 86
7 53
6 30
5 18
4 20
3 59
2 15
1 29
100 54
99 55
98 41
97 90
96 81
95 85
94 65
93 67
92 82
91 13
90 69
89 38
88 52
87 87
86 61
85 72
84 66
83 42
82 52
81 58
80 81
79 30
78 86
77 16
76 76
75 85
74 37
73 77
72 100
71 20
70 76
69 27
68 98
67 85
66 77
65 78
64 23
63 68
62 77
61 14
60 41
59 54
58 55
57 91
56 25
55 95
54 52
53 46
52 71
51 23
50 12
49 99
48 26
47 97
46 82
45 58
44 33
43 93
42 51
41 91
40 22
39 29
38 10
37 75
36 80
35 31
34 45
33 100
32 76
31 82
30 90
29 81
28 11
27 46
26 15
25 27
24 16
23 37
22 57
21 93
20 54
19 32
18 38
17 47
16 48
15 96
14 99
12 93
11 84
10 52
9 30
8 93
7 54
6 34
5 93
4 82
3 80
2 95
1 44
100 12
99 62
98 91
97 36
96 43
95 89
94 47
93 90
92 68
91 41
90 17
89 77
88 33
87 99
86 47
85 23
84 85
83 93
82 17
81 71
80 41
79 91
78 24
77 68
76 88
75 15
74 75
73 65
72 39
71 32
70 10
69 28
68 96
67 46
66 28
65 30
64 58
63 76
62 55
61 85
60 59
59 62
58 99
57 16
56 39
55 66
54 34
53 30
52 73
51 54
50 20
49 78
48 34
47 77
46 72
45 36
44 41
43 73
42 77
41 79
40 89
39 16
38 11
37 67
36 42
35 25
34 97
33 95
32 74
31 89
30 26
29 15
28 85
27 48
26 79
25 22
24 43
23 28
22 54
21 84
20 92
19 85
18 56
17 63
16 56
15 48
13 67
12 43
11 53
10 43
9 85
8 92
7 79
6 87
5 41
4 86
3 32
2 92
1 91
100 98
99 67
98 94
97 14
96 92
95 44
94 62
93 54
92 76
91 88
90 73
89 96
88 83
87 12
86 40
85 75
84 84
83 63
82 11
81 93
80 72
79 59
78 73
77 85
76 78
75 48
74 60
73 93
72 93
71 21
70 19
69 52
68 14
67 43
66 33
65 86
64 58
63 41
62 60
61 26
60 51
59 87
58 51
57 19
56 63
55 84
54 59
53 80
52 94
51 18
50 90
49 46
48 10
47 57
46 100
45 37
44 14
43 99
42 37
41 36
40 46
39 66
38 15
37 55
36 35
35 71
34 33
33 88
32 48
31 25
30 23
29 98
28 19
27 81
26 52
25 68
24 95
23 84
22 100
21 84
20 21
19 29
18 16
17 29
16 94
14 35
13 54
12 63
11 17
10 51
9 24
8 53
7 33
6 75
5 70
4 71
3 41
2 63
1 66
100 87
99 64
98 95
97 45
96 37
95 82
94 59
93 71
92 28
91 76
90 55
89 40
88 64
87 82
86 29
85 93
84 79
83 39
82 37
81 20
80 82
79 16
78 14
77 19
76 44
75 85
74 31
73 37
72 47
71 11
70 85
69 54
68 76
67 32
66 96
65 21
64 64
63 17
62 73
61 89
60 85
59 63
58 23
57 86
56 67
55 59
54 54
53 69
52 21
51 45
50 14
49 50
48 23
47 27
46 83
45 45
44 38
43 40
42 20
41 71
40 50
39 19
38 69
37 51
36 42
35 34
34 61
33 87
32 55
31 84
30 89
29 57
28 97
27 85
26 95
25 40
24 53
23 29
22 66
21 26
20 27
19 38
18 31
17 20
15 42
14 48
13 42
12 99
11 82
10 31
9 13
8 67
7 16
6 57
5 90
4 60
3 94
2 58
1 14
100 49
99 36
98 60
97 91
96 97
95 15
94 12
93 27
92 29
91 74
90 22
89 36
88 82
87 20
86 55
85 53
84 40
83 31
82 37
81 91
80 39
79 16
78 25
77 91
76 41
75 86
74 30
73 27
72 21
71 25
70 87
69 19
68 20
67 93
66 49
65 11
64 22
63 15
62 71
61 85
60 68
59 60
58 42
57 57
56 76
55 24
54 55
53 36
52 83
51 98
50 57
49 32
48 13
47 99
46 76
45 12
44 34
43 88
42 67
41 44
40 65
39 54
38 73
37 78
36 49
35 92
34 23
33 64
32 92
31 82
30 75
29 42
28 90
27 81
26 41
25 20
24 33
23 39
22 49
21 75
20 69
19 78
18 40
16 60
15 54
14 58
13 22
12 94
11 92
10 29
9 44
8 89
7 83
6 34
5 49
4 50
3 21
2 72
1 22
100 28
99 79
98 47
97 51
96 46
95 24
94 19
93 42
92 59
91 41
90 25
89 74
88 81
87 75
86 72
85 67
84 92
83 53
82 64
81 93
80 10
79 49
78 44
77 40
76 88
75 45
74 100
73 69
72 46
71 57
70 97
69 26
68 28
67 91
66 24
65 64
64 47
63 69
62 62
61 64
60 77
59 32
58 69
57 24
56 100
55 15
54 65
53 27
52 25
51 36
50 40
49 77
48 20
47 19
46 35
45 41
44 72
43 63
42 41
41 37
40 32
39 99
38 30
37 94
36 87
35 42
34 11
33 84
32 63
31 30
30 59
29 46
28 80
27 68
26 76
25 47
24 78
23 67
22 36
21 21
20 89
19 27
17 86
16 87
15 66
14 25
13 53
12 60
11 86
10 80
9 80
8 12
7 41
6 84
5 21
4 57
3 23
2 43
1 73
100 38
99 47
98 91
97 19
96 40
95 68
94 77
93 40
92 12
91 38
90 24
89 52
88 77
87 71
86 71
85 25
84 30
83 14
82 92
81 92
80 24
79 46
78 78
77 69
76 60
75 55
74 100
73 71
72 68
71 15
70 46
69 38
68 27
67 68
66 95
65 51
64 45
63 20
62 63
61 13
60 67
59 25
58 75
57 42
56 62
55 60
54 38
53 13
52 85
51 65
50 86
49 73
48 69
47 72
46 70
45 58
44 68
43 61
42 46
41 68
40 71
39 80
38 52
37 98
36 50
35 56
34 20
33 39
32 46
31 24
30 62
29 80
28 37
27 70
26 98
25 80
24 37
23 73
22 81
21 79
20 35
18 82
17 71
16 51
15 35
14 85
13 42
12 63
11 44
10 84
9 67
8 70
7 30
6 87
5 33
4 84
3 83
2 60
1 75
100 47
99 81
98 48
97 67
96 12
95 74
94 73
93 74
92 47
91 54
90 93
89 90
88 22
87 36
86 60
85 85
84 13
83 85
82 48
81 52
80 93
79 39
78 90
77 78
76 18
75 93
74 34
73 76
72 27
71 62
70 85
69 75
68 82
67 15
66 80
65 39
64 65
63 26
62 46
61 51
60 83
59 35
58 84
57 85
56 32
55 37
54 77
53 71
52 90
51 81
50 32
49 16
48 61
47 75
46 95
45 44
44 19
43 38
42 10
41 34
40 63
39 50
38 37
37 47
36 63
35 55
34 35
33 15
32 38
31 12
30 77
29 44
28 93
27 67
26 29
25 45
24 83
23 96
22 60
21 50
19 88
18 96
17 73
16 49
15 17
14 56
13 14
12 81
11 68
10 12
9 16
8 18
7 77
6 83
5 13
4 11
3 37
2 87
1 100
100 56
99 93
98 42
97 14
96 64
95 30
94 32
93 19
92 10
91 70
90 41
89 48
88 95
87 50
86 46
85 50
84 37
83 91
82 66
81 40
80 74
79 86
78 82
77 52
76 63
75 31
74 78
73 12
72 49
71 58
70 99
69 99
68 34
67 81
66 20
65 63
64 90
63 47
62 94
61 41
60 88
59 20
58 18
57 10
56 24
55 57
54 15
53 10
52 36
51 52
50 50
49 22
48 36
47 99
46 93
45 79
44 28
43 82
42 49
41 87
40 77
39 84
38 60
37 57
36 44
35 80
34 36
33 84
32 42
31 74
30 16
29 79
28 65
27 85
26 56
25 61
24 19
23 35
22 49
20 32
19 35
18 57
17 27
16 42
15 30
14 70
13 58
12 25
11 24
10 12
9 70
8 40
7 56
6 44
5 25
4 73
3 13
2 13
1 87
100 43
99 63
98 19
97 52
96 85
95 63
94 11
93 63
92 39
91 70
90 53
89 19
88 88
87 58
86 92
85 39
84 36
83 64
82 18
81 74
80 72
79 97
78 86
77 97
76 51
75 77
74 78
73 95
72 37
71 45
70 25
69 15
68 14
67 10
66 33
65 50
64 83
63 53
62 40
61 33
60 76
59 96
58 53
57 96
56 27
55 23
54 99
53 36
52 71
51 47
50 22
49 65
48 10
47 40
46 50
45 74
44 49
43 35
42 77
41 69
40 90
39 42
38 34
37 51
36 43
35 68
34 90
33 16
32 58
31 38
30 35
29 44
28 90
27 11
26 50
25 36
24 29
23 23
21 56
20 60
19 15
18 14
17 77
16 49
15 31
14 93
13 67
12 15
11 63
10 68
9 46
8 18
7 88
6 63
5 69
4 62
3 11
2 12
1 32
100 68
99 38
98 61
97 91
96 21
95 44
94 15
93 70
92 37
91 61
90 14
89 91
88 72
87 25
86 59
85 79
84 83
83 13
82 20
81 41
80 68
79 19
78 51
77 73
76 65
75 54
74 24
73 55
72 51
71 43
70 70
69 63
68 49
67 22
66 72
65 54
64 57
63 68
62 94
61 25
60 76
59 97
58 83
57 60
56 95
55 65
54 15
53 96
52 58
51 23
50 24
49 87
48 34
47 81
46 90
45 96
44 70
43 38
42 62
41 22
40 25
39 38
38 69
37 64
36 14
35 91
34 71
33 81
32 35
31 11
30 57
29 46
28 12
27 17
26 51
25 79
24 79
22 93
21 98
20 62
19 80
18 96
17 51
16 40
15 15
14 95
13 96
12 89
11 55
10 68
9 77
8 44
7 96
6 14
5 13
4 77
3 83
2 22
1 20
100 81
99 53
98 60
97 28
96 61
95 98
94 43
93 76
92 81
91 73
90 51
89 81
88 52
87 97
86 74
85 46
84 68
83 16
82 72
81 76
80 25
79 70
78 31
77 94
76 15
75 10
74 76
73 14
72 40
71 37
70 63
69 57
68 30
67 24
66 62
65 29
64 36
63 68
62 24
61 98
60 93
59 80
58 17
57 43
56 56
55 30
54 14
53 49
52 57
51 77
50 43
49 78
48 60
47 91
46 47
45 35
44 33
43 50
42 71
41 31
40 35
39 12
38 72
37 13
36 93
35 43
34 59
33 47
32 38
31 80
30 92
29 43
28 36
27 28
26 83
25 98
23 85
22 34
21 13
20 70
19 42
18 41
17 36
16 10
15 84
14 78
13 72
12 25
11 75
10 88
9 56
8 73
7 41
6 70
5 13
4 55
3 86
2 64
1 17
100 52
99 72
98 84
97 92
96 41
95 57
94 41
93 88
92 24
91 94
90 61
89 92
88 48
87 15
86 37
85 33
84 80
83 51
82 18
81 26
80 15
79 48
78 47
77 78
76 70
75 20
74 17
73 50
72 84
71 100
70 12
69 66
68 94
67 71
66 13
65 35
64 96
63 41
62 67
61 93
60 34
59 90
58 64
57 14
56 58
55 91
54 57
53 82
52 54
51 54
50 51
49 36
48 48
47 90
46 57
45 52
44 92
43 55
42 18
41 75
40 58
39 83
38 43
37 67
36 89
35 39
34 16
33 88
32 52
31 81
30 55
29 67
28 39
27 96
26 35
24 22
23 62
22 95
21 64
20 33
19 72
18 26
17 84
16 57
15 84
14 43
13 98
12 43
11 33
10 58
9 88
8 91
7 27
6 68
5 38
4 14
3 78
2 37
1 89
100 46
99 22
98 60
97 29
96 11
95 34
94 34
93 90
92 52
91 47
90 84
89 100
88 24
87 75
86 79
85 99
84 75
83 34
82 95
81 72
80 93
79 75
78 43
77 56
76 72
75 16
74 77
73 93
72 11
71 64
70 58
69 39
68 56
67 69
66 12
65 50
64 33
63 49
62 47
61 89
60 55
59 58
58 90
57 74
56 15
55 44
54 36
53 78
52 64
51 55
50 14
49 21
48 33
47 76
46 80
45 57
44 100
43 71
42 60
41 76
40 73
39 67
38 26
37 36
36 24
35 61
34 84
33 100
32 81
31 40
30 32
29 88
28 76
27 68
25 10
24 42
23 26
22 73
21 25
20 60
19 36
18 50
17 97
16 56
15 50
14 59
13 88
12 39
11 54
10 28
9 29
8 68
7 81
6 26
5 22
4 14
3 35
2 53
1 83
100 62
99 56
98 69
97 46
96 28
95 32
94 59
93 12
92 40
91 66
90 29
89 69
88 22
87 14
86 88
85 54
84 18
83 54
82 60
81 22
80 54
79 92
78 82
77 24
76 56
75 10
74 58
73 73
72 81
71 70
70 69
69 71
68 78
67 77
66 64
65 98
64 63
63 47
62 85
61 64
60 42
59 75
58 26
57 15
56 30
55 21
54 18
53 19
52 23
51 85
50 31
49 44
48 80
47 53
46 48
45 49
44 27
43 60
42 37
41 55
40 36
39 24
38 11
37 31
36 78
35 96
34 26
33 57
32 62
31 72
30 67
29 100
28 66
26 68
25 41
24 86
23 27
22 91
21 47
20 34
19 25
18 30
17 50
16 31
15 72
14 81
13 64
12 32
11 54
10 97
9 31
8 52
7 18
6 62
5 42
4 11
3 52
2 22
1 45
100 42
99 90
98 96
97 60
96 93
95 39
94 82
93 52
92 45
91 47
90 26
89 69
88 18
87 81
86 65
85 40
84 12
83 94
82 78
81 28
80 83
79 15
78 78
77 21
76 66
75 31
74 78
73 18
72 26
71 40
70 69
69 95
68 85
67 31
66 10
65 99
64 13
63 41
62 26
61 94
60 60
59 43
58 65
57 93
56 64
55 38
54 21
53 39
52 96
51 19
50 42
49 11
48 78
47 70
46 56
45 74
44 48
43 62
42 59
41 100
40 88
39 35
38 72
37 96
36 91
35 96
34 37
33 15
32 19
31 97
30 70
29 86
27 65
26 78
25 11
24 25
23 79
22 87
21 67
20 36
19 80
18 16
17 99
16 27
15 60
14 37
13 29
12 45
11 23
10 41
9 56
8 34
7 84
6 69
5 57
4 60
3 57
2 92
1 96
100 23
99 65
98 98
97 91
96 17
95 37
94 12
93 63
92 53
91 37
90 41
89 12
88 52
87 47
86 28
85 28
84 97
83 58
82 73
81 15
80 86
79 21
78 41
77 64
76 17
75 56
74 82
73 94
72 35
71 40
70 79
69 10
68 81
67 55
66 91
65 45
64 45
63 78
62 86
61 69
60 71
59 62
58 49
57 27
56 13
55 26
54 10
53 29
52 17
51 98
50 70
49 56
48 42
47 64
46 81
45 25
44 21
43 28
42 18
41 20
40 81
39 27
38 86
37 16
36 80
35 85
34 30
33 47
32 68
31 14
30 96
28 75
27 100
26 34
25 84
24 37
23 60
22 90
21 54
20 99
19 87
18 77
17 86
16 11
15 31
14 88
13 27
12 97
11 51
10 74
9 61
8 75
7 65
6 77
5 29
4 81
3 53
2 16
1 33
100 53
99 56
98 91
97 41
96 16
95 71
94 61
93 54
92 88
91 29
90 12
89 26
88 37
87 73
86 72
85 39
84 94
83 95
82 95
81 91
80 78
79 14
78 78
77 31
76 57
75 43
74 48
73 63
72 83
71 24
70 19
69 33
68 30
67 95
66 44
65 76
64 39
63 73
62 100
61 56
60 40
59 13
58 91
57 26
56 26
55 64
54 56
53 99
52 62
51 19
50 99
49 62
48 76
47 52
46 96
45 53
44 41
43 61
42 51
41 13
40 33
39 11
38 33
37 31
36 83
35 99
34 84
33 79
32 73
31 99
29 41
28 90
27 75
26 67
25 95
24 38
23 52
22 74
21 38
20 10
19 92
18 37
17 76
16 80
15 88
14 31
13 29
12 27
11 95
10 78
9 82
8 81
7 23
6 17
5 17
4 67
3 23
2 69
1 31
100 12
99 26
98 97
97 80
96 67
95 24
94 57
93 91
92 72
91 33
90 45
89 74
88 23
87 27
86 51
85 72
84 27
83 62
82 44
81 91
80 69
79 85
78 29
77 88
76 31
75 41
74 77
73 41
72 60
71 89
70 30
69 60
68 29
67 44
66 19
65 99
64 91
63 20
62 28
61 80
60 42
59 62
58 37
57 43
56 91
55 94
54 28
53 56
52 32
51 97
50 57
49 77
48 86
47 69
46 80
45 23
44 52
43 85
42 38
41 23
40 51
39 87
38 73
37 44
36 30
35 96
34 59
33 17
32 32
30 54
29 91
28 63
27 15
26 85
25 28
24 72
23 89
22 38
21 36
20 68
19 71
18 44
17 29
16 34
15 72
14 27
13 77
12 47
11 34
10 34
9 56
8 27
7 62
6 12
5 19
4 21
3 62
2 30
1 16
100 34
99 86
98 81
97 71
96 49
95 51
94 42
93 51
92 52
91 47
90 77
89 36
88 52
87 10
86 32
85 77
84 29
83 22
82 51
81 97
80 89
79 36
78 72
77 93
76 66
75 93
74 70
73 65
72 22
71 53
70 76
69 92
68 21
67 78
66 60
65 29
64 78
63 27
62 43
61 91
60 76
59 47
58 53
57 12
56 35
55 48
54 10
53 62
52 73
51 44
50 94
49 35
48 47
47 53
46 100
45 27
44 86
43 11
42 25
41 68
40 18
39 57
38 21
37 81
36 62
35 65
34 22
33 35
31 32
30 55
29 37
28 27
27 92
26 68
25 100
24 19
23 15
22 94
21 75
20 54
19 36
18 67
17 12
16 59
15 28
14 76
13 90
12 26
11 88
10 13
9 53
8 56
7 74
6 19
5 41
4 98
3 86
2 96
1 11
100 75
99 91
98 64
97 78
96 67
95 36
94 97
93 19
92 91
91 54
90 84
89 15
88 28
87 100
86 28
85 43
84 25
83 64
82 69
81 40
80 53
79 81
78 89
77 91
76 70
75 34
74 51
73 19
72 67
71 30
70 32
69 12
68 38
67 20
66 23
65 47
64 14
63 29
62 44
61 77
60 22
59 33
58 80
57 50
56 55
55 30
54 28
53 52
52 92
51 76
50 84
49 42
48 34
47 60
46 27
45 15
44 78
43 19
42 58
41 54
40 67
39 53
38 79
37 68
36 47
35 99
34 64
32 36
31 90
30 96
29 60
28 14
27 100
26 33
25 37
24 82
23 20
22 42
21 60
20 39
19 72
18 77
17 84
16 44
15 14
14 47
13 61
12 42
11 51
10 97
9 66
8 48
7 63
6 62
5 17
4 64
3 71
2 60
1 70
100 33
99 44
98 28
97 61
96 74
95 76
94 36
93 25
92 18
91 29
90 50
89 63
88 80
87 13
86 33
85 86
84 16
83 14
82 92
81 85
80 43
79 61
78 96
77 45
76 42
75 39
74 54
73 23
72 99
71 62
70 56
69 21
68 55
67 66
66 51
65 22
64 38
63 58
62 64
61 85
60 10
59 51
58 59
57 10
56 53
55 47
54 92
53 54
52 88
51 81
50 28
49 52
48 60
47 76
46 40
45 99
44 80
43 20
42 52
41 78
40 83
39 81
38 34
37 60
36 87
35 14
33 51
32 31
31 84
30 10
29 58
28 85
27 23
26 19
25 71
24 89
23 14
22 93
21 68
20 57
19 46
18 67
17 55
16 77
15 21
14 48
13 45
12 50
11 17
10 85
9 54
8 43
7 71
6 92
5 85
4 68
3 13
2 92
1 20
100 80
99 25
98 32
97 76
96 78
95 51
94 12
93 100
92 100
91 77
90 53
89 10
88 62
87 13
86 62
85 27
84 98
83 99
82 34
81 16
80 83
79 12
78 72
77 73
76 53
75 87
74 58
73 53
72 47
71 87
70 56
69 76
68 50
67 43
66 14
65 80
64 21
63 43
62 22
61 96
60 29
59 69
58 33
57 63
56 40
55 11
54 29
53 44
52 31
51 12
50 87
49 89
48 26
47 52
46 83
45 91
44 46
43 100
42 27
41 51
40 98
39 39
38 26
37 36
36 11
34 50
33 14
32 10
31 85
30 30
29 100
28 82
27 97
26 50
25 40
24 31
23 100
22 57
21 71
20 76
19 68
18 46
17 71
16 92
15 24
14 85
13 93
12 92
11 93
10 94
9 38
8 60
7 23
6 47
5 31
4 59
3 44
2 48
1 48
100 83
99 42
98 25
97 97
96 20
95 62
94 47
93 86
92 75
91 77
90 38
89 85
88 58
87 29
86 34
85 32
84 83
83 93
82 66
81 85
80 52
79 17
78 90
77 76
76 10
75 11
74 35
73 96
72 50
71 40
70 51
69 33
68 16
67 89
66 15
65 94
64 77
63 40
62 54
61 81
60 48
59 37
58 62
57 48
56 40
55 39
54 43
53 24
52 51
51 17
50 82
49 99
48 63
47 56
46 70
45 96
44 52
43 67
42 78
41 45
40 58
39 31
38 21
37 90
35 42
34 90
33 76
32 35
31 65
30 40
29 24
28 50
27 51
26 25
25 15
24 75
23 19
22 40
21 19
20 71
19 72
18 61
17 32
16 32
15 28
14 79
13 84
12 75
11 23
10 84
9 88
8 19
7 97
6 37
5 13
4 98
3 57
2 20
1 77
100 42
99 56
98 50
97 76
96 77
95 73
94 11
93 60
92 77
91 81
90 49
89 22
88 81
87 63
86 85
85 23
84 32
83 32
82 77
81 70
80 64
79 52
78 36
77 64
76 72
75 47
74 18
73 13
72 45
71 60
70 56
69 19
68 20
67 86
66 42
65 64
64 86
63 12
62 75
61 95
60 17
59 65
58 90
57 96
56 60
55 50
54 26
53 43
52 85
51 80
50 71
49 57
48 31
47 97
46 30
45 41
44 96
43 33
42 44
41 39
40 16
39 71
38 92
36 94
35 50
34 42
33 62
32 89
31 75
30 31
29 61
28 48
27 67
26 15
25 95
24 76
23 50
22 67
21 20
20 60
19 13
18 46
17 41
16 91
15 68
14 48
13 43
12 10
11 14
10 16
9 37
8 61
7 23
6 43
5 63
4 75
3 20
2 68
1 64
100 97
99 53
98 51
97 38
96 45
95 37
94 96
93 42
92 69
91 88
90 74
89 65
88 22
87 36
86 81
85 63
84 25
83 44
82 36
81 12
80 85
79 97
78 76
77 20
76 69
75 27
74 95
73 31
72 45
71 46
70 97
69 66
68 34
67 94
66 25
65 46
64 62
63 86
62 68
61 28
60 38
59 53
58 73
57 17
56 93
55 65
54 24
53 82
52 28
51 18
50 71
49 77
48 100
47 38
46 78
45 87
44 62
43 94
42 72
41 86
40 57
39 70
37 30
36 87
35 27
34 16
33 54
32 90
31 67
30 67
29 88
28 87
27 26
26 55
25 49
24 78
23 11
22 81
21 20
20 17
19 18
18 75
17 80
16 47
15 83
14 18
13 100
12 65
11 48
10 47
9 58
8 97
7 58
6 26
5 93
4 45
3 99
2 11
1 93
100 26
99 95
98 73
97 59
96 15
95 23
94 63
93 63
92 29
91 65
90 77
89 80
88 35
87 55
86 10
85 50
84 22
83 75
82 54
81 54
80 42
79 71
78 86
77 22
76 14
75 91
74 20
73 74
72 35
71 74
70 72
69 37
68 52
67 29
66 32
65 88
64 70
63 63
62 78
61 47
60 88
59 12
58 87
57 31
56 57
55 56
54 46
53 46
52 11
51 89
50 83
49 23
48 61
47 66
46 24
45 44
44 82
43 84
42 53
41 95
40 21
38 76
37 27
36 20
35 17
34 35
33 77
32 64
31 92
30 66
29 72
28 91
27 55
26 22
25 75
24 52
23 23
22 39
21 19
20 86
19 56
18 74
17 97
16 55
15 10
14 59
13 96
12 17
11 25
10 94
9 23
8 63
7 42
6 27
5 77
4 73
3 95
2 55
1 26
100 64
99 60
98 21
97 33
96 100
95 70
94 34
93 65
92 97
91 30
90 17
89 67
88 53
87 58
86 40
85 72
84 62
83 88
82 42
81 12
80 43
79 17
78 33
77 80
76 59
75 84
74 63
73 69
72 79
71 13
70 65
69 40
68 30
67 94
66 82
65 42
64 27
63 70
62 12
61 49
60 39
59 76
58 43
57 46
56 94
55 41
54 95
53 55
52 79
51 12
50 45
49 29
48 68
47 62
46 63
45 52
44 94
43 27
42 56
41 46
39 63
38 69
37 99
36 84
35 59
34 54
33 21
32 79
31 31
30 92
29 89
28 39
27 61
26 19
25 37
24 62
23 88
22 11
21 64
20 11
19 55
18 88
17 74
16 93
15 82
14 35
13 83
12 22
11 30
10 80
9 46
8 53
7 56
6 69
5 45
4 65
3 30
2 71
1 51
100 91
99 62
98 75
97 18
96 80
95 31
94 31
93 94
92 47
91 69
90 76
89 59
88 31
87 100
86 16
85 99
84 37
83 75
82 94
81 31
80 68
79 71
78 47
77 91
76 81
75 71
74 84
73 81
72 81
71 51
70 39
69 32
68 89
67 54
66 61
65 100
64 76
63 42
62 82
61 80
60 84
59 60
58 21
57 70
56 40
55 35
54 57
53 61
52 12
51 45
50 45
49 10
48 69
47 97
46 17
45 96
44 58
43 29
42 23
40 22
39 46
38 23
37 96
36 14
35 18
34 98
33 90
32 86
31 58
30 35
29 24
28 15
27 58
26 76
25 43
24 81
23 19
22 68
21 87
20 34
19 17
18 83
17 62
16 43
15 10
14 83
13 64
12 41
11 74
10 32
9 42
8 29
7 68
6 10
5 18
4 37
3 46
2 39
1 85
100 54
99 64
98 98
97 68
96 62
95 59
94 50
93 42
92 45
91 51
90 45
89 72
88 98
87 59
86 60
85 87
84 66
83 97
82 74
81 19
80 74
79 54
78 64
77 18
76 24
75 67
74 31
73 61
72 98
71 66
70 80
69 61
68 35
67 28
66 17
65 19
64 90
63 55
62 29
61 85
60 53
59 76
58 93
57 41
56 47
55 100
54 91
53 11
52 50
51 54
50 23
49 14
48 98
47 82
46 35
45 76
44 26
43 12
41 92
40 55
39 43
38 11
37 79
36 59
35 95
34 18
33 65
32 20
31 67
30 94
29 48
28 49
27 26
26 94
25 54
24 54
23 87
22 59
21 28
20 99
19 45
18 23
17 93
16 61
15 19
14 44
13 97
12 12
11 65
10 93
9 33
8 92
7 87
6 80
5 42
4 33
3 25
2 63
1 22
100 36
99 42
98 36
97 19
96 96
95 58
94 65
93 91
92 100
91 85
90 47
89 56
88 73
87 95
86 93
85 88
84 90
83 37
82 61
81 96
80 97
79 51
78 25
77 62
76 69
75 73
74 62
73 20
72 45
71 61
70 87
69 81
68 28
67 14
66 86
65 24
64 85
63 57
62 41
61 68
60 55
59 53
58 99
57 25
56 98
55 27
54 83
53 76
52 39
51 65
50 81
49 48
48 95
47 53
46 19
45 71
44 47
42 95
41 76
40 18
39 70
38 92
37 49
36 60
35 95
34 67
33 97
32 53
31 82
30 53
29 16
28 29
27 94
26 85
25 15
24 89
23 43
22 91
21 31
20 90
19 100
18 96
17 49
16 38
15 69
14 25
13 73
12 62
11 90
10 73
9 59
8 16
7 95
6 78
5 89
4 98
3 32
2 64
1 73
100 28
99 19
98 43
97 92
96 97
95 76
94 67
93 80
92 64
91 31
90 47
89 99
88 48
87 17
86 95
85 92
84 83
83 60
82 15
81 59
80 84
79 29
78 100
77 83
76 86
75 20
74 45
73 38
72 94
71 70
70 62
69 17
68 47
67 98
66 37
65 47
64 31
63 83
62 69
61 87
60 64
59 81
58 69
57 57
56 43
55 52
54 20
53 33
52 72
51 38
50 88
49 20
48 11
47 20
46 82
45 80
43 83
42 61
41 47
40 47
39 92
38 13
37 68
36 38
35 73
34 11
33 16
32 67
31 25
30 14
29 59
28 69
27 99
26 65
25 17
24 17
23 56
22 88
21 38
20 67
19 97
18 44
17 23
16 24
15 73
14 16
13 99
12 49
11 41
10 91
9 44
8 98
7 14
6 67
5 55
4 24
3 91
2 48
1 49
100 48
99 34
98 18
97 84
96 12
95 59
94 33
93 85
92 59
91 67
90 56
89 66
88 94
87 20
86 17
85 10
84 96
83 98
82 76
81 96
80 97
79 64
78 38
77 55
76 87
75 18
74 58
73 92
72 17
71 42
70 46
69 41
68 28
67 84
66 28
65 18
64 65
63 83
62 71
61 68
60 51
59 50
58 16
57 81
56 11
55 27
54 57
53 94
52 47
51 61
50 23
49 30
48 37
47 67
46 29
44 54
43 97
42 57
41 80
40 34
39 48
38 85
37 38
36 61
35 91
34 76
33 40
32 62
31 93
30 17
29 60
28 100
27 55
26 94
25 43
24 62
23 76
22 61
21 29
20 86
19 99
18 82
17 25
16 16
15 59
14 79
13 87
12 96
11 12
10 83
9 84
8 85
7 40
6 40
5 55
4 97
3 17
2 55
1 62
100 47
99 36
98 74
97 52
96 11
95 11
94 53
93 83
92 37
91 12
90 33
89 57
88 99
87 38
86 20
85 16
84 54
83 47
82 91
81 35
80 88
79 49
78 84
77 19
76 99
75 30
74 13
73 80
72 68
71 87
70 34
69 67
68 93
67 57
66 38
65 72
64 16
63 89
62 23
61 48
60 33
59 69
58 22
57 93
56 86
55 15
54 43
53 38
52 100
51 64
50 98
49 48
48 25
47 62
45 39
44 51
43 70
42 78
41 99
40 25
39 77
38 13
37 70
36 61
35 60
34 35
33 97
32 77
31 97
30 96
29 37
28 33
27 13
26 85
25 71
24 81
23 47
22 77
21 22
20 28
19 99
18 24
17 52
16 41
15 11
14 16
13 52
12 92
11 46
10 64
9 89
8 51
7 72
6 35
5 17
4 85
3 78
2 65
1 42
100 38
99 21
98 42
97 20
96 74
95 84
94 22
93 65
92 18
91 47
90 41
89 34
88 14
87 88
86 15
85 53
84 72
83 49
82 10
81 35
80 65
79 97
78 33
77 23
76 36
75 97
74 47
73 94
72 33
71 95
70 34
69 18
68 94
67 66
66 88
65 46
64 92
63 96
62 58
61 52
60 67
59 17
58 83
57 72
56 100
55 72
54 65
53 27
52 97
51 17
50 31
49 60
48 88
46 67
45 14
44 77
43 75
42 97
41 57
40 79
39 35
38 88
37 25
36 83
35 92
34 19
33 36
32 35
31 47
30 66
29 64
28 77
27 38
26 36
25 71
24 41
23 57
22 69
21 81
20 95
19 50
18 25
17 56
16 19
15 35
14 87
13 72
12 89
11 20
10 26
9 91
8 34
7 68
6 57
5 45
4 60
3 38
2 64
1 30
100 21
99 59
98 25
97 96
96 15
95 41
94 40
93 40
92 12
91 60
90 85
89 77
88 44
87 48
86 79
85 22
84 96
83 45
82 40
81 66
80 11
79 41
78 99
77 95
76 90
75 71
74 26
73 66
72 49
71 25
70 35
69 66
68 64
67 83
66 34
65 95
64 20
63 59
62 31
61 56
60 76
59 98
58 78
57 88
56 94
55 55
54 21
53 79
52 81
51 69
50 44
49 83
47 13
46 15
45 60
44 80
43 80
42 42
41 21
40 77
39 98
38 46
37 40
36 32
35 84
34 92
33 71
32 89
31 37
30 74
29 25
28 95
27 26
26 49
25 33
24 24
23 63
22 39
21 98
20 23
19 84
18 89
17 30
16 34
15 72
14 76
13 41
12 57
11 33
10 64
9 67
8 81
7 92
6 80
5 43
4 36
3 69
2 54
1 44
100 16
99 33
98 72
97 24
96 73
95 84
94 62
93 41
92 71
91 53
90 10
89 80
88 47
87 56
86 63
85 97
84 12
83 76
82 55
81 21
80 27
79 72
78 75
77 66
76 73
75 98
74 59
73 54
72 68
71 94
70 29
69 47
68 91
67 66
66 48
65 49
64 26
63 90
62 73
61 93
60 46
59 30
58 58
57 43
56 32
55 14
54 95
53 92
52 57
51 34
50 25
48 24
47 58
46 58
45 72
44 88
43 67
42 37
41 68
40 92
39 26
38 36
37 57
36 81
35 32
34 93
33 55
32 34
31 88
30 72
29 26
28 88
27 98
26 36
25 45
24 88
23 72
22 59
21 60
20 17
19 53
18 33
17 31
16 39
15 87
14 23
13 45
12 98
11 37
10 58
9 37
8 71
7 73
6 40
5 45
4 24
3 10
2 70
1 20
100 10
99 10
98 29
97 83
96 15
95 60
94 46
93 63
92 61
91 23
90 38
89 40
88 14
87 18
86 93
85 74
84 60
83 39
82 10
81 63
80 27
79 70
78 97
77 12
76 12
75 82
74 92
73 39
72 69
71 18
70 96
69 51
68 31
67 62
66 56
65 38
64 37
63 92
62 18
61 16
60 75
59 85
58 71
57 58
56 43
55 41
54 17
53 76
52 35
51 93
49 18
48 80
47 22
46 57
45 49
44 94
43 73
42 83
41 36
40 100
39 62
38 51
37 51
36 57
35 10
34 23
33 88
32 87
31 82
30 66
29 64
28 74
27 16
26 47
25 23
24 14
23 20
22 25
21 59
20 87
19 98
18 97
17 44
16 45
15 74
14 89
13 80
12 99
11 78
10 31
9 38
8 49
7 65
6 53
5 22
4 92
3 73
2 18
1 26
100 84
99 50
98 81
97 81
96 55
95 21
94 98
93 37
92 89
91 96
90 39
89 82
88 14
87 51
86 36
85 62
84 20
83 68
82 41
81 30
80 39
79 78
78 77
77 57
76 92
75 52
74 75
73 45
72 65
71 76
70 30
69 73
68 84
67 71
66 17
65 74
64 71
63 30
62 43
61 56
60 54
59 77
58 45
57 10
56 24
55 73
54 31
53 33
52 18
50 35
49 95
48 73
47 75
46 18
45 85
44 47
43 84
42 77
41 33
40 68
39 46
38 39
37 70
36 21
35 64
34 47
33 21
32 33
31 42
30 61
29 94
28 46
27 27
26 23
25 97
24 47
23 21
22 54
21 56
20 47
19 69
18 62
17 66
16 23
15 46
14 54
13 69
12 98
11 31
10 15
9 70
8 74
7 57
6 10
5 98
4 89
3 89
2 23
1 23
100 75
99 71
98 81
97 52
96 39
95 100
94 30
93 65
92 81
91 40
90 87
89 12
88 45
87 32
86 78
85 59
84 85
83 88
82 77
81 74
80 15
79 65
78 90
77 91
76 70
75 12
74 35
73 50
72 20
71 31
70 63
69 62
68 88
67 60
66 94
65 81
64 41
63 19
62 45
61 23
60 86
59 17
58 70
57 95
56 65
55 80
54 55
53 32
51 95
50 97
49 64
48 37
47 78
46 59
45 22
44 54
43 90
42 19
41 62
40 14
39 81
38 48
37 77
36 34
35 46
34 18
33 49
32 80
31 76
30 68
29 100
28 39
27 95
26 15
25 54
24 99
23 19
22 78
21 69
20 58
19 69
18 36
17 14
16 99
15 32
14 34
13 17
12 50
11 31
10 33
9 85
8 65
7 61
6 87
5 28
4 68
3 36
2 84
1 41
100 90
99 48
98 84
97 81
96 19
95 21
94 65
93 17
92 77
91 90
90 82
89 64
88 36
87 36
86 44
85 72
84 12
83 84
82 80
81 22
80 34
79 61
78 48
77 25
76 82
75 75
74 100
73 36
72 87
71 44
70 31
69 95
68 79
67 63
66 91
65 67
64 36
63 73
62 58
61 24
60 55
59 58
58 43
57 29
56 92
55 31
54 66
52 29
51 26
50 27
49 97
48 23
47 98
46 88
45 54
44 29
43 58
42 37
41 89
40 17
39 57
38 98
37 66
36 53
35 87
34 78
33 86
32 42
31 37
30 80
29 99
28 82
27 90
26 79
25 86
24 54
23 12
22 32
21 22
20 52
19 36
18 77
17 73
16 95
15 59
14 47
13 37
12 12
11 44
10 72
9 47
8 49
7 51
6 95
5 99
4 81
3 84
2 12
1 66
100 18
99 93
98 21
97 76
96 13
95 63
94 15
93 32
92 87
91 55
90 80
89 44
88 64
87 29
86 20
85 51
84 97
83 68
82 39
81 29
80 26
79 79
78 26
77 55
76 20
75 24
74 12
73 26
72 82
71 87
70 74
69 44
68 39
67 75
66 30
65 10
64 14
63 67
62 91
61 42
60 33
59 29
58 49
57 81
56 11
55 69
53 84
52 14
51 62
50 69
49 89
48 63
47 73
46 32
45 44
44 70
43 84
42 75
41 90
40 10
39 58
38 77
37 56
36 39
35 78
34 48
33 51
32 43
31 47
30 83
29 67
28 47
27 30
26 44
25 77
24 94
23 70
22 10
21 62
20 17
19 50
18 73
17 81
16 21
15 65
14 25
13 89
12 20
11 89
10 82
9 83
8 56
7 50
6 20
5 75
4 10
3 70
2 45
1 14
100 44
99 35
98 22
97 96
96 16
95 66
94 31
93 96
92 99
91 29
90 90
89 35
88 68
87 61
86 29
85 51
84 45
83 13
82 22
81 54
80 22
79 93
78 95
77 52
76 36
75 91
74 65
73 29
72 14
71 72
70 55
69 40
68 59
67 44
66 36
65 27
64 64
63 69
62 63
61 96
60 93
59 17
58 95
57 28
56 59
54 23
53 22
52 88
51 68
50 36
49 55
48 93
47 94
46 40
45 18
44 37
43 81
42 66
41 49
40 92
39 18
38 25
37 42
36 92
35 44
34 53
33 22
32 82
31 34
30 25
29 41
28 40
27 78
26 30
25 79
24 52
23 22
22 31
21 68
20 87
19 10
18 42
17 38
16 96
15 47
14 26
13 25
12 79
11 35
10 44
9 14
8 34
7 61
6 29
5 14
4 90
3 42
2 49
1 64
100 49
99 71
98 57
97 57
96 31
95 61
94 29
93 37
92 86
91 63
90 20
89 45
88 15
87 21
86 52
85 38
84 91
83 74
82 20
81 67
80 37
79 19
78 65
77 61
76 34
75 91
74 23
73 42
72 70
71 53
70 10
69 33
68 82
67 45
66 14
65 42
64 22
63 69
62 40
61 80
60 51
59 53
58 50
57 40
55 49
54 54
53 71
52 28
51 83
50 34
49 87
48 71
47 64
46 92
45 78
44 82
43 61
42 79
41 20
40 11
39 53
38 28
37 43
36 56
35 92
34 100
33 75
32 73
31 28
30 11
29 97
28 83
27 58
26 11
25 90
24 60
23 75
22 93
21 30
20 77
19 71
18 48
17 28
16 83
15 45
14 42
13 48
12 25
11 70
10 17
9 94
8 33
7 41
6 89
5 15
4 46
3 84
2 88
1 31
100 96
99 18
98 17
97 39
96 98
95 62
94 20
93 14
92 89
91 40
90 93
89 16
88 15
87 13
86 10
85 83
84 31
83 32
82 89
81 73
80 10
79 13
78 90
77 79
76 75
75 43
74 28
73 38
72 56
71 33
70 70
69 84
68 23
67 54
66 59
65 24
64 90
63 87
62 83
61 15
60 97
59 73
58 95
56 19
55 77
54 20
53 76
52 69
51 62
50 87
49 41
48 76
47 79
46 58
45 77
44 26
43 76
42 89
41 32
40 68
39 98
38 83
37 100
36 88
35 66
34 35
33 90
32 36
31 85
30 47
29 71
28 77
27 38
26 57
25 55
24 81
23 15
22 37
21 45
20 90
19 98
18 51
17 50
16 29
15 96
14 29
13 90
12 16
11 35
10 47
9 44
8 99
7 19
6 59
5 15
4 75
3 97
2 16
1 99
100 10
99 100
98 89
97 83
96 48
95 75
94 71
93 44
92 21
91 50
90 89
89 61
88 42
87 41
86 69
85 91
84 68
83 59
82 38
81 79
80 63
79 29
78 66
77 51
76 93
75 75
74 54
73 41
72 54
71 82
70 32
69 57
68 18
67 76
66 26
65 83
64 84
63 97
62 32
61 12
60 10
59 83
57 69
56 80
55 79
54 41
53 89
52 70
51 85
50 53
49 15
48 97
47 71
46 69
45 11
44 50
43 45
42 26
41 51
40 71
39 38
38 71
37 90
36 83
35 28
34 55
33 24
32 43
31 66
30 54
29 32
28 95
27 17
26 23
25 58
24 61
23 12
22 39
21 51
20 84
19 28
18 63
17 63
16 69
15 48
14 81
13 71
12 88
11 88
10 58
9 29
8 40
7 45
6 99
5 74
4 48
3 51
2 48
1 27
100 52
99 32
98 24
97 53
96 11
95 94
94 92
93 98
92 55
91 31
90 86
89 77
88 41
87 19
86 63
85 25
84 62
83 40
82 70
81 46
80 58
79 22
78 20
77 100
76 75
75 41
74 46
73 75
72 26
71 79
70 26
69 45
68 92
67 92
66 10
65 77
64 17
63 63
62 67
61 10
60 98
58 32
57 58
56 88
55 83
54 78
53 45
52 53
51 10
50 62
49 59
48 57
47 97
46 79
45 66
44 59
43 88
42 73
41 57
40 69
39 36
38 77
37 15
36 50
35 32
34 87
33 37
32 24
31 21
30 76
29 48
28 18
27 94
26 36
25 100
24 44
23 69
22 72
21 83
20 56
19 88
18 67
17 63
16 29
15 77
14 74
13 57
12 96
11 95
10 91
9 88
8 13
7 79
6 25
5 70
4 96
3 47
2 43
1 60
100 26
99 15
98 66
97 49
96 96
95 67
94 10
93 46
92 16
91 86
90 30
89 50
88 58
87 22
86 48
85 34
84 65
83 61
82 87
81 22
80 11
79 91
78 83
77 84
76 10
75 68
74 48
73 29
72 62
71 72
70 16
69 39
68 58
67 80
66 22
65 25
64 94
63 93
62 84
61 20
59 31
58 51
57 99
56 89
55 97
54 42
53 28
52 44
51 34
50 46
49 73
48 35
47 15
46 29
45 41
44 40
43 37
42 52
41 80
40 67
39 88
38 46
37 77
36 60
35 59
34 91
33 48
32 89
31 75
30 65
29 20
28 73
27 73
26 22
25 32
24 99
23 31
22 91
21 25
20 14
19 90
18 100
17 47
16 95
15 35
14 77
13 43
12 18
11 24
10 85
9 32
8 69
7 54
6 69
5 96
4 40
3 52
2 12
1 49
100 83
99 73
98 73
97 88
96 35
95 84
94 21
93 18
92 21
91 29
90 37
89 34
88 96
87 20
86 59
85 65
84 96
83 22
82 62
81 18
80 35
79 27
78 13
77 52
76 67
75 19
74 27
73 39
72 49
71 88
70 51
69 70
68 49
67 49
66 85
65 53
64 24
63 45
62 22
60 18
59 15
58 44
57 36
56 30
55 92
54 76
53 82
52 14
51 87
50 47
49 94
48 13
47 12
46 78
45 42
44 99
43 20
42 46
41 100
40 91
39 98
38 95
37 80
36 59
35 40
34 46
33 75
32 39
31 52
30 23
29 41
28 56
27 48
26 11
25 28
24 49
23 70
22 62
21 24
20 69
19 46
18 32
17 60
16 52
15 100
14 47
13 68
12 33
11 65
10 26
9 78
8 73
7 43
6 34
5 83
4 37
3 14
2 64
1 39
100 43
99 40
98 97
97 68
96 18
95 48
94 83
93 97
92 91
91 11
90 95
89 58
88 98
87 79
86 84
85 40
84 63
83 83
82 66
81 20
80 29
79 14
78 58
77 25
76 51
75 30
74 51
73 70
72 80
71 76
70 99
69 93
68 99
67 41
66 24
65 52
64 13
63 97
61 35
60 56
59 25
58 12
57 56
56 91
55 86
54 50
53 33
52 99
51 21
50 10
49 75
48 19
47 18
46 60
45 81
44 71
43 37
42 83
41 40
40 66
39 49
38 94
37 78
36 50
35 18
34 24
33 92
32 45
31 19
30 65
29 38
28 13
27 41
26 57
25 36
24 44
23 57
22 47
21 56
20 28
19 21
18 61
17 66
16 83
15 54
14 92
13 15
12 75
11 78
10 78
9 32
8 60
7 46
6 46
5 62
4 82
3 67
2 69
1 36
100 93
99 89
98 47
97 17
96 48
95 98
94 91
93 68
92 43
91 41
90 78
89 16
88 93
87 35
86 41
85 59
84 84
83 58
82 50
81 25
80 21
79 54
78 23
77 32
76 74
75 30
74 56
73 78
72 56
71 94
70 76
69 18
68 20
67 98
66 59
65 80
64 57
62 42
61 21
60 63
59 60
58 57
57 25
56 67
55 63
54 18
53 21
52 32
51 24
50 62
49 98
48 83
47 32
46 31
45 58
44 36
43 53
42 11
41 80
40 61
39 59
38 95
37 59
36 76
35 12
34 30
33 77
32 87
31 72
30 29
29 93
28 99
27 90
26 67
25 50
24 45
23 58
22 30
21 33
20 56
19 23
18 63
17 39
16 69
15 74
14 47
13 55
12 17
11 43
10 45
9 87
8 54
7 48
6 66
5 48
4 99
3 19
2 12
1 13
100 13
99 16
98 43
97 44
96 43
95 71
94 87
93 95
92 91
91 47
90 57
89 99
88 38
87 42
86 64
85 53
84 34
83 24
82 93
81 95
80 88
79 63
78 92
77 79
76 15
75 65
74 44
73 22
72 33
71 24
70 75
69 22
68 12
67 44
66 13
65 22
63 38
62 21
61 28
60 39
59 50
58 56
57 69
56 66
55 50
54 47
53 33
52 27
51 75
50 66
49 34
48 98
47 73
46 27
45 80
44 61
43 27
42 11
41 36
40 70
39 92
38 51
37 36
36 12
35 99
34 88
33 42
32 73
31 98
30 55
29 66
28 48
27 44
26 27
25 71
24 23
23 41
22 68
21 81
20 74
19 10
18 19
17 33
16 60
15 42
14 53
13 18
12 93
11 35
10 77
9 58
8 23
7 49
6 12
5 28
4 48
3 29
2 100
1 20
100 65
99 47
98 39
97 93
96 54
95 63
94 16
93 64
92 50
91 65
90 94
89 42
88 53
87 51
86 15
85 68
84 52
83 23
82 76
81 65
80 90
79 81
78 22
77 17
76 70
75 84
74 59
73 56
72 68
71 79
70 70
69 48
68 48
67 35
66 19
64 45
63 60
62 88
61 50
60 50
59 59
58 63
57 40
56 85
55 92
54 67
53 43
52 63
51 77
50 27
49 32
48 55
47 54
46 59
45 65
44 10
43 18
42 49
41 75
40 35
39 42
38 27
37 46
36 46
35 21
34 27
33 13
32 29
31 52
30 99
29 86
28 25
27 96
26 90
25 69
24 72
23 33
22 17
21 36
20 40
19 66
18 26
17 82
16 70
15 36
14 74
13 85
12 73
11 13
10 86
9 22
8 67
7 36
6 24
5 32
4 33
3 84
2 52
1 25
100 35
99 79
98 88
97 74
96 66
95 44
94 49
93 34
92 23
91 69
90 45
89 71
88 66
87 26
86 50
85 68
84 74
83 30
82 28
81 49
80 40
79 79
78 25
77 12
76 61
75 21
74 79
73 59
72 49
71 84
70 56
69 95
68 80
67 95
65 45
64 25
63 52
62 20
61 29
60 29
59 16
58 91
57 34
56 62
55 63
54 67
53 64
52 80
51 82
50 65
49 46
48 54
47 71
46 72
45 26
44 92
43 41
42 59
41 16
40 87
39 54
38 21
37 64
36 61
35 68
34 23
33 82
32 73
31 97
30 80
29 55
28 11
27 45
26 73
25 32
24 66
23 60
22 47
21 76
20 29
19 13
18 91
17 32
16 88
15 23
14 31
13 77
12 98
11 53
10 89
9 17
8 42
7 68
6 67
5 22
4 58
3 24
2 34
1 34
100 10
99 84
98 80
97 13
96 93
95 66
94 32
93 15
92 19
91 10
90 21
89 100
88 19
87 92
86 32
85 92
84 56
83 90
82 81
81 89
80 17
79 27
78 96
77 78
76 98
75 23
74 64
73 10
72 14
71 33
70 49
69 76
68 98
66 12
65 64
64 72
63 71
62 54
61 58
60 52
59 18
58 20
57 19
56 97
55 100
54 45
53 54
52 49
51 56
50 40
49 59
48 42
47 36
46 33
45 14
44 78
43 51
42 37
41 67
40 51
39 69
38 59
37 62
36 53
35 92
34 56
33 82
32 91
31 94
30 39
29 16
28 31
27 80
26 48
25 88
24 91
23 68
22 25
21 82
20 33
19 61
18 49
17 26
16 76
15 80
14 40
13 72
12 99
11 58
10 16
9 29
8 17
7 80
6 47
5 72
4 82
3 63
2 31
1 85
100 65
99 77
98 26
97 17
96 16
95 94
94 58
93 44
92 48
91 53
90 14
89 70
88 59
87 22
86 11
85 79
84 64
83 60
82 12
81 50
80 95
79 67
78 58
77 82
76 75
75 20
74 54
73 12
72 58
71 51
70 30
69 88
67 85
66 78
65 100
64 75
63 13
62 43
61 63
60 95
59 66
58 20
57 17
56 25
55 27
54 80
53 17
52 30
51 73
50 71
49 45
48 27
47 22
46 60
45 37
44 100
43 85
42 53
41 79
40 62
39 45
38 91
37 52
36 24
35 50
34 30
33 16
32 84
31 99
30 78
29 92
28 67
27 56
26 62
25 65
24 25
23 42
22 30
21 79
20 95
19 49
18 33
17 20
16 33
15 13
14 70
13 44
12 37
11 16
10 42
9 68
8 77
7 24
6 65
5 22
4 10
3 65
2 15
1 64
100 96
99 89
98 36
97 48
96 31
95 66
94 41
93 70
92 23
91 35
90 95
89 50
88 89
87 21
86 63
85 87
84 37
83 50
82 31
81 14
80 77
79 61
78 12
77 17
76 38
75 53
74 12
73 80
72 69
71 60
70 85
68 15
67 83
66 57
65 83
64 46
63 58
62 76
61 66
60 24
59 82
58 92
57 44
56 23
55 18
54 84
53 80
52 69
51 81
50 92
49 80
48 59
47 100
46 52
45 11
44 42
43 93
42 87
41 75
40 64
39 38
38 92
37 31
36 33
35 60
34 66
33 16
32 22
31 83
30 85
29 20
28 38
27 88
26 91
25 92
24 19
23 94
22 38
21 55
20 59
19 90
18 93
17 19
16 45
15 89
14 47
13 59
12 92
11 97
10 44
9 84
8 58
7 76
6 58
5 44
4 70
3 88
2 24
1 60
100 81
99 46
98 60
97 92
96 25
95 43
94 44
93 19
92 34
91 48
90 14
89 62
88 84
87 66
86 89
85 69
84 41
83 61
82 58
81 74
80 86
79 63
78 82
77 92
76 79
75 90
74 64
73 94
72 43
71 34
69 88
68 61
67 67
66 25
65 48
64 90
63 16
62 71
61 84
60 88
59 10
58 88
57 64
56 37
55 76
54 29
53 94
52 30
51 36
50 98
49 67
48 50
47 90
46 21
45 57
44 60
43 24
42 10
41 34
40 78
39 36
38 62
37 45
36 64
35 74
34 25
33 11
32 28
31 85
30 68
29 17
28 36
27 94
26 62
25 66
24 71
23 42
22 10
21 42
20 25
19 93
18 46
17 16
16 85
15 12
14 90
13 74
12 12
11 76
10 56
9 36
8 17
7 41
6 67
5 37
4 73
3 98
2 24
1 55
100 33
99 53
98 15
97 90
96 42
95 16
94 21
93 34
92 21
91 91
90 64
89 23
88 25
87 27
86 68
85 22
84 58
83 71
82 25
81 27
80 56
79 94
78 46
77 49
76 32
75 58
74 55
73 56
72 61
70 80
69 79
68 47
67 88
66 35
65 37
64 45
63 100
62 23
61 42
60 45
59 29
58 40
57 27
56 63
55 11
54 73
53 17
52 27
51 31
50 42
49 80
48 48
47 100
46 22
45 70
44 13
43 74
42 99
41 63
40 79
39 79
38 59
37 81
36 57
35 53
34 83
33 48
32 90
31 50
30 24
29 66
28 38
27 54
26 38
25 76
24 31
23 20
22 93
21 26
20 39
19 37
18 51
17 33
16 77
15 58
14 65
13 14
12 99
11 28
10 35
9 71
8 10
7 95
6 94
5 98
4 72
3 72
2 36
1 11
100 38
99 99
98 53
97 75
96 37
95 59
94 70
93 20
92 13
91 41
90 98
89 19
88 67
87 83
86 82
85 26
84 100
83 40
82 70
81 12
80 58
79 42
78 47
77 92
76 10
75 18
74 64
73 20
71 26
70 69
69 78
68 56
67 23
66 40
65 85
64 98
63 37
62 57
61 73
60 55
59 41
58 85
57 38
56 26
55 14
54 36
53 19
52 55
51 86
50 66
49 57
48 41
47 90
46 73
45 28
44 42
43 39
42 19
41 49
40 42
39 46
38 88
37 35
36 82
35 36
34 86
33 15
32 11
31 78
30 48
29 47
28 80
27 88
26 61
25 50
24 96
23 70
22 64
21 88
20 79
19 87
18 63
17 62
16 76
15 87
14 29
13 78
12 56
11 87
10 56
9 48
8 75
7 78
6 84
5 35
4 76
3 74
2 70
1 97
100 62
99 86
98 41
97 100
96 50
95 32
94 80
93 17
92 70
91 36
90 71
89 68
88 86
87 70
86 75
85 63
84 14
83 75
82 27
81 81
80 19
79 18
78 76
77 87
76 86
75 96
74 21
72 67
71 24
70 58
69 73
68 10
67 98
66 29
65 95
64 52
63 54
62 65
61 77
60 19
59 74
58 77
57 79
56 95
55 68
54 52
53 22
52 69
51 96
50 48
49 49
48 11
47 14
46 51
45 33
44 82
43 60
42 83
41 32
40 24
39 90
38 35
37 78
36 46
35 59
34 45
33 95
32 60
31 18
30 89
29 49
28 77
27 36
26 44
25 45
24 61
23 10
22 86
21 60
20 35
19 63
18 85
17 15
16 27
15 14
14 54
13 16
12 30
11 11
10 36
9 81
8 16
7 38
6 34
5 24
4 55
3 43
2 39
1 46
100 50
99 45
98 77
97 87
96 57
95 47
94 62
93 27
92 32
91 88
90 43
89 24
88 50
87 25
86 52
85 95
84 10
83 56
82 95
81 82
80 23
79 96
78 58
77 78
76 25
75 61
73 59
72 97
71 16
70 80
69 47
68 37
67 79
66 84
65 94
64 79
63 18
62 93
61 20
60 27
59 95
58 34
57 48
56 86
55 81
54 92
53 61
52 47
51 92
50 70
49 35
48 28
47 63
46 14
45 31
44 42
43 45
42 92
41 99
40 30
39 28
38 79
37 46
36 82
35 65
34 64
33 64
32 19
31 75
30 29
29 55
28 31
27 69
26 44
25 61
24 58
23 50
22 34
21 32
20 49
19 25
18 45
17 95
16 55
15 28
14 16
13 71
12 22
11 20
10 63
9 19
8 22
7 47
6 43
5 95
4 50
3 45
2 63
1 96
100 60
99 61
98 87
97 52
96 75
95 79
94 47
93 17
92 49
91 57
90 85
89 90
88 21
87 58
86 98
85 52
84 19
83 10
82 83
81 76
80 58
79 59
78 28
77 78
76 53
74 100
73 57
72 78
71 34
70 60
69 71
68 81
67 32
66 76
65 13
64 45
63 62
62 68
61 68
60 73
59 56
58 20
57 27
56 81
55 42
54 34
53 78
52 97
51 32
50 48
49 91
48 36
47 43
46 17
45 61
44 60
43 20
42 78
41 94
40 13
39 19
38 14
37 87
36 16
35 64
34 67
33 17
32 81
31 23
30 53
29 52
28 89
27 16
26 64
25 38
24 21
23 30
22 37
21 26
20 96
19 28
18 23
17 30
16 47
15 62
14 76
13 60
12 16
11 77
10 45
9 19
8 55
7 70
6 49
5 70
4 36
3 32
2 11
1 59
100 27
99 76
98 14
97 70
96 73
95 33
94 32
93 91
92 70
91 30
90 77
89 82
88 21
87 14
86 80
85 97
84 95
83 60
82 65
81 33
80 77
79 56
78 39
77 81
75 61
74 25
73 54
72 59
71 48
70 75
69 55
68 98
67 46
66 100
65 40
64 26
63 98
62 61
61 25
60 26
59 83
58 42
57 46
56 74
55 22
54 20
53 86
52 81
51 67
50 34
49 87
48 88
47 48
46 68
45 52
44 74
43 73
42 36
41 92
40 18
39 59
38 88
37 51
36 95
35 80
34 61
33 71
32 100
31 54
30 59
29 31
28 71
27 21
26 77
25 32
24 30
23 66
22 66
21 32
20 70
19 42
18 46
17 56
16 50
15 93
14 100
13 16
12 45
11 15
10 31
9 27
8 15
7 21
6 86
5 69
4 50
3 16
2 99
1 73
100 57
99 92
98 38
97 37
96 19
95 46
94 31
93 68
92 65
91 52
90 97
89 25
88 88
87 51
86 11
85 32
84 82
83 55
82 31
81 99
80 62
79 22
78 12
76 49
75 62
74 51
73 97
72 48
71 14
70 25
69 30
68 24
67 68
66 38
65 38
64 97
63 63
62 31
61 52
60 92
59 19
58 89
57 26
56 10
55 64
54 20
53 32
52 36
51 51
50 95
49 17
48 34
47 57
46 34
45 99
44 99
43 67
42 98
41 74
40 55
39 48
38 61
37 70
36 57
35 95
34 29
33 93
32 100
31 90
30 87
29 42
28 51
27 82
26 45
25 27
24 11
23 13
22 89
21 58
20 45
19 11
18 20
17 45
16 34
15 52
14 80
13 86
12 42
11 33
10 96
9 45
8 49
7 23
6 13
5 51
4 85
3 91
2 70
1 74
100 71
99 23
98 32
97 28
96 78
95 31
94 29
93 12
92 63
91 59
90 39
89 66
88 40
87 46
86 18
85 58
84 82
83 93
82 73
81 91
80 65
79 19
77 59
76 48
75 98
74 25
73 22
72 55
71 22
70 11
69 21
68 82
67 87
66 98
65 30
64 96
63 64
62 13
61 13
60 58
59 53
58 38
57 31
56 47
55 46
54 89
53 45
52 66
51 72
50 78
49 41
48 96
47 48
46 71
45 86
44 38
43 12
42 33
41 73
40 48
39 82
38 35
37 89
36 36
35 91
34 87
33 84
32 84
31 65
30 56
29 95
28 85
27 94
26 60
25 90
24 28
23 65
22 98
21 41
20 99
19 13
18 17
17 14
16 10
15 31
14 51
13 14
12 52
11 75
10 91
9 21
8 83
7 76
6 20
5 96
4 94
3 88
2 63
1 98
100 33
99 87
98 12
97 89
96 43
95 19
94 69
93 11
92 64
91 31
90 18
89 74
88 93
87 61
86 100
85 36
84 17
83 25
82 87
81 22
80 98
78 38
77 54
76 13
75 84
74 82
73 88
72 62
71 86
70 22
69 60
68 67
67 66
66 43
65 86
64 35
63 35
62 64
61 16
60 47
59 26
58 30
57 79
56 45
55 57
54 95
53 14
52 13
51 30
50 14
49 46
48 22
47 54
46 74
45 12
44 87
43 89
42 41
41 17
40 16
39 24
38 60
37 52
36 21
35 86
34 14
33 17
32 72
31 75
30 40
29 27
28 63
27 42
26 31
25 52
24 56
23 52
22 54
21 99
20 36
19 20
18 34
17 45
16 15
15 38
14 51
13 47
12 78
11 54
10 46
9 79
8 35
7 59
6 97
5 57
4 83
3 32
2 75
1 25
100 22
99 56
98 64
97 35
96 86
95 85
94 34
93 56
92 87
91 78
90 25
89 87
88 33
87 74
86 50
85 80
84 23
83 45
82 93
81 91
79 88
78 30
77 65
76 62
75 56
74 12
73 59
72 86
71 86
70 10
69 70
68 17
67 36
66 36
65 36
64 95
63 19
62 90
61 14
60 46
59 25
58 14
57 67
56 26
55 48
54 72
53 45
52 59
51 15
50 50
49 71
48 52
47 99
46 18
45 83
44 82
43 19
42 93
41 69
40 99
39 60
38 35
37 19
36 87
35 30
34 86
33 18
32 37
31 74
30 14
29 47
28 28
27 26
26 25
25 18
24 48
23 39
22 70
21 29
20 40
19 86
18 42
17 18
16 96
15 29
14 81
13 34
12 89
11 33
10 47
9 46
8 74
7 67
6 68
5 30
4 43
3 90
2 39
1 44
100 26
99 82
98 18
97 35
96 34
95 35
94 67
93 92
92 90
91 47
90 10
89 90
88 48
87 62
86 69
85 44
84 11
83 48
82 33
80 46
79 26
78 84
77 52
76 39
75 19
74 94
73 91
72 85
71 49
70 87
69 71
68 69
67 83
66 50
65 87
64 59
63 69
62 63
61 85
60 43
59 46
58 91
57 42
56 88
55 50
54 70
53 95
52 69
51 37
50 42
49 92
48 11
47 32
46 71
45 12
44 97
43 80
42 85
41 95
40 71
39 63
38 75
37 61
36 19
35 88
34 76
33 91
32 56
31 51
30 34
29 33
28 48
27 79
26 36
25 28
24 49
23 95
22 76
21 53
20 38
19 34
18 39
17 38
16 47
15 71
14 59
13 32
12 35
11 12
10 87
9 34
8 12
7 25
6 97
5 27
4 44
3 73
2 41
1 72
100 89
99 72
98 76
97 12
96 84
95 79
94 29
93 87
92 97
91 71
90 34
89 20
88 60
87 54
86 53
85 11
84 85
83 78
81 48
80 15
79 58
78 55
77 21
76 100
75 40
74 40
73 70
72 87
71 71
70 69
69 66
68 45
67 95
66 79
65 86
64 78
63 61
62 39
61 61
60 36
59 54
58 95
57 33
56 99
55 43
54 65
53 75
52 83
51 59
50 64
49 19
48 25
47 34
46 84
45 15
44 36
43 79
42 53
41 95
40 61
39 85
38 83
37 77
36 55
35 91
34 66
33 47
32 19
31 16
30 83
29 78
28 44
27 29
26 49
25 64
24 78
23 23
22 22
21 26
20 71
19 21
18 80
17 38
16 34
15 40
14 22
13 18
12 21
11 64
10 70
9 40
8 75
7 55
6 56
5 72
4 86
3 43
2 14
1 95
100 39
99 54
98 52
97 47
96 96
95 96
94 36
93 53
92 73
91 11
90 71
89 52
88 10
87 11
86 93
85 20
84 42
82 32
81 41
80 83
79 44
78 71
77 19
76 100
75 48
74 16
73 52
72 35
71 52
70 86
69 86
68 15
67 28
66 41
65 44
64 83
63 53
62 79
61 32
60 100
59 21
58 76
57 59
56 97
55 54
54 100
53 98
52 30
51 63
50 11
49 75
48 30
47 70
46 53
45 60
44 99
43 79
42 64
41 24
40 97
39 26
38 24
37 76
36 56
35 100
34 63
33 52
32 41
31 25
30 69
29 85
28 36
27 52
26 25
25 81
24 57
23 98
22 64
21 83
20 54
19 100
18 22
17 77
16 86
15 57
14 67
13 82
12 47
11 71
10 62
9 25
8 94
7 40
6 59
5 55
4 20
3 31
2 44
1 19
100 74
99 85
98 86
97 83
96 47
95 80
94 10
93 80
92 66
91 55
90 55
89 55
88 45
87 26
86 32
85 61
83 93
82 70
81 27
80 19
79 69
78 55
77 81
76 61
75 93
74 42
73 61
72 92
71 29
70 13
69 69
68 79
67 46
66 63
65 22
64 49
63 77
62 59
61 49
60 17
59 68
58 75
57 78
56 19
55 35
54 82
53 63
52 81
51 64
50 35
49 24
48 80
47 71
46 62
45 52
44 95
43 41
42 14
41 13
40 18
39 17
38 34
37 95
36 80
35 26
34 84
33 35
32 42
31 34
30 94
29 35
28 55
27 25
26 21
25 77
24 11
23 33
22 45
21 92
20 81
19 48
18 66
17 13
16 74
15 15
14 29
13 16
12 71
11 91
10 100
9 96
8 56
7 100
6 41
5 18
4 93
3 61
2 59
1 65
100 25
99 56
98 42
97 32
96 96
95 73
94 42
93 86
92 40
91 61
90 81
89 75
88 85
87 35
86 31
84 76
83 94
82 50
81 76
80 69
79 19
78 90
77 73
76 15
75 92
74 24
73 57
72 43
71 27
70 91
69 83
68 65
67 14
66 46
65 63
64 87
63 68
62 86
61 42
60 57
59 62
58 86
57 82
56 33
55 80
54 99
53 77
52 57
51 15
50 92
49 43
48 19
47 19
46 99
45 81
44 67
43 50
42 65
41 57
40 94
39 40
38 19
37 23
36 62
35 42
34 82
33 41
32 61
31 54
30 43
29 19
28 60
27 53
26 56
25 46
24 80
23 11
22 21
21 39
20 88
19 33
18 37
17 63
16 32
15 46
14 81
13 12
12 100
11 86
10 64
9 57
8 63
7 33
6 88
5 11
4 71
3 82
2 39
1 71
100 30
99 73
98 42
97 72
96 17
95 73
94 97
93 56
92 11
91 10
90 87
89 56
88 44
87 51
85 52
84 47
83 39
82 52
81 28
80 37
79 84
78 29
77 56
76 54
75 44
74 84
73 61
72 76
71 38
70 84
69 78
68 49
67 39
66 11
65 45
64 27
63 45
62 46
61 68
60 94
59 97
58 64
57 75
56 14
55 64
54 72
53 46
52 91
51 57
50 12
49 21
48 16
47 60
46 37
45 82
44 100
43 12
42 24
41 82
40 26
39 81
38 72
37 10
36 40
35 52
34 98
33 38
32 57
31 23
30 50
29 19
28 11
27 63
26 39
25 39
24 90
23 43
22 20
21 17
20 10
19 66
18 34
17 50
16 11
15 24
14 35
13 30
12 49
11 33
10 100
9 85
8 33
7 39
6 74
5 62
4 19
3 57
2 98
1 32
100 98
99 23
98 73
97 35
96 32
95 98
94 19
93 27
92 41
91 64
90 59
89 94
88 52
86 78
85 24
84 69
83 15
82 35
81 12
80 100
79 49
78 88
77 67
76 63
75 16
74 92
73 39
72 59
71 95
70 47
69 53
68 37
67 23
66 95
65 70
64 50
63 19
62 75
61 66
60 51
59 35
58 38
57 87
56 58
55 84
54 15
53 65
52 40
51 46
50 18
49 66
48 50
47 33
46 87
45 47
44 11
43 66
42 85
41 97
40 41
39 23
38 91
37 89
36 36
35 83
34 21
33 34
32 53
31 54
30 45
29 22
28 31
27 49
26 67
25 97
24 63
23 75
22 93
21 29
20 77
19 100
18 72
17 94
16 83
15 19
14 68
13 62
12 94
11 46
10 35
9 33
8 44
7 13
6 83
5 35
4 29
3 76
2 18
1 39
100 84
99 45
98 76
97 57
96 67
95 32
94 18
93 73
92 34
91 52
90 19
89 35
87 83
86 76
85 63
84 21
83 98
82 75
81 28
80 97
79 10
78 13
77 93
76 63
75 16
74 66
73 10
72 90
71 53
70 42
69 64
68 56
67 29
66 48
65 69
64 92
63 39
62 44
61 77
60 81
59 92
58 71
57 16
56 77
55 88
54 25
53 65
52 91
51 86
50 76
49 70
48 31
47 86
46 67
45 55
44 74
43 77
42 36
41 21
40 19
39 90
38 69
37 93
36 21
35 36
34 23
33 72
32 51
31 34
30 82
29 88
28 27
27 96
26 21
25 92
24 77
23 16
22 81
21 27
20 34
19 17
18 56
17 16
16 95
15 31
14 69
13 33
12 56
11 24
10 10
9 37
8 51
7 99
6 39
5 17
4 83
3 36
2 100
1 33
100 84
99 73
98 52
97 44
96 71
95 19
94 55
93 11
92 73
91 47
90 94
88 48
87 80
86 66
85 77
84 89
83 63
82 13
81 38
80 33
79 100
78 14
77 64
76 33
75 72
74 52
73 16
72 43
71 64
70 46
69 92
68 17
67 18
66 81
65 22
64 90
63 51
62 94
61 21
60 75
59 38
58 56
57 12
56 55
55 59
54 86
53 62
52 48
51 83
50 82
49 19
48 16
47 31
46 78
45 91
44 88
43 63
42 66
41 65
40 35
39 71
38 42
37 48
36 80
35 16
34 75
33 52
32 65
31 15
30 47
29 61
28 11
27 48
26 35
25 43
24 87
23 64
22 60
21 39
20 18
19 70
18 63
17 35
16 20
15 33
14 71
13 25
12 33
11 78
10 14
9 68
8 28
7 67
6 84
5 43
4 78
3 96
2 49
1 94
100 51
99 60
98 53
97 95
96 19
95 29
94 27
93 64
92 75
91 77
89 47
88 99
87 54
86 36
85 11
84 59
83 26
82 17
81 42
80 86
79 43
78 56
77 94
76 47
75 99
74 88
73 16
72 82
71 13
70 72
69 28
68 56
67 23
66 42
65 70
64 98
63 76
62 63
61 83
60 92
59 40
58 60
57 83
56 40
55 89
54 84
53 92
52 21
51 75
50 86
49 22
48 37
47 97
46 60
45 80
44 67
43 13
42 78
41 33
40 83
39 90
38 26
37 20
36 49
35 47
34 82
33 76
32 32
31 14
30 38
29 18
28 85
27 55
26 32
25 12
24 10
23 45
22 79
21 53
20 85
19 33
18 34
17 81
16 47
15 36
14 53
13 93
12 12
11 58
10 88
9 39
8 26
7 67
6 33
5 87
4 93
3 22
2 67
1 87
100 82
99 57
98 36
97 48
96 62
95 74
94 88
93 99
92 10
90 87
89 28
88 67
87 59
86 18
85 91
84 25
83 53
82 59
81 100
80 11
79 62
78 80
77 27
76 39
75 21
74 25
73 58
72 88
71 24
70 84
69 42
68 27
67 12
66 65
65 15
64 26
63 50
62 44
61 59
60 97
59 35
58 44
57 23
56 42
55 84
54 64
53 84
52 72
51 97
50 79
49 30
48 30
47 68
46 77
45 37
44 89
43 74
42 51
41 73
40 10
39 45
38 57
37 97
36 46
35 79
34 82
33 20
32 28
31 86
30 91
29 24
28 60
27 88
26 90
25 16
24 18
23 36
22 51
21 21
20 74
19 89
18 23
17 12
16 81
15 21
14 59
13 51
12 85
11 52
10 35
9 66
8 67
7 98
6 89
5 43
4 72
3 57
2 96
1 50
100 59
99 72
98 85
97 48
96 12
95 20
94 30
93 45
91 35
90 90
89 83
88 74
87 87
86 47
85 46
84 86
83 93
82 29
81 18
80 94
79 89
78 96
77 76
76 96
75 100
74 52
73 69
72 72
71 64
70 33
69 44
68 19
67 32
66 51
65 25
64 75
63 94
62 75
61 79
60 45
59 55
58 76
57 16
56 20
55 92
54 62
53 65
52 50
51 100
50 46
49 62
48 30
47 60
46 10
45 14
44 79
43 59
42 61
41 15
40 19
39 45
38 89
37 11
36 78
35 64
34 31
33 39
32 90
31 31
30 77
29 100
28 30
27 20
26 88
25 43
24 94
23 86
22 48
21 94
20 11
19 28
18 89
17 85
16 57
15 47
14 22
13 88
12 23
11 30
10 38
9 11
8 53
7 48
6 31
5 18
4 77
3 46
2 41
1 18
100 38
99 66
98 59
97 56
96 41
95 62
94 48
92 49
91 22
90 48
89 45
88 39
87 10
86 26
85 10
84 40
83 77
82 14
81 47
80 67
79 74
78 70
77 84
76 46
75 31
74 55
73 83
72 65
71 11
70 70
69 86
68 89
67 96
66 83
65 18
64 46
63 74
62 42
61 52
60 41
59 38
58 94
57 68
56 55
55 55
54 74
53 26
52 46
51 90
50 56
49 20
48 90
47 71
46 22
45 16
44 34
43 62
42 91
41 30
40 65
39 86
38 75
37 91
36 56
35 80
34 52
33 38
32 39
31 93
30 79
29 58
28 94
27 16
26 49
25 12
24 31
23 94
22 41
21 39
20 83
19 70
18 21
17 94
16 82
15 27
14 16
13 55
12 14
11 87
10 11
9 33
8 12
7 19
6 94
5 21
4 70
3 44
2 34
1 33
100 25
99 58
98 72
97 40
96 56
95 77
93 98
92 29
91 16
90 47
89 48
88 36
87 15
86 24
85 33
84 37
83 33
82 29
81 33
80 50
79 71
78 32
77 45
76 45
75 67
74 38
73 46
72 24
71 78
70 29
69 90
68 82
67 30
66 60
65 18
64 32
63 66
62 38
61 91
60 22
59 48
58 84
57 31
56 31
55 81
54 65
53 30
52 26
51 61
50 91
49 29
48 97
47 66
46 72
45 51
44 27
43 29
42 16
41 82
40 23
39 74
38 55
37 30
36 18
35 67
34 93
33 59
32 73
31 44
30 45
29 10
28 45
27 27
26 83
25 17
24 79
23 91
22 57
21 21
20 46
19 24
18 37
17 14
16 20
15 98
14 26
13 26
12 54
11 31
10 88
9 39
8 48
7 37
6 99
5 56
4 81
3 57
2 32
1 57
100 95
99 20
98 100
97 76
96 79
94 18
93 58
92 68
91 72
90 27
89 57
88 10
87 66
86 76
85 57
84 100
83 22
82 50
81 35
80 46
79 12
78 50
77 44
76 85
75 47
74 60
73 96
72 13
71 80
70 70
69 32
68 88
67 39
66 25
65 62
64 54
63 68
62 47
61 53
60 86
59 63
58 96
57 59
56 76
55 93
54 17
53 95
52 95
51 44
50 43
49 84
48 87
47 36
46 11
45 42
44 72
43 40
42 18
41 13
40 27
39 29
38 77
37 76
36 35
35 51
34 50
33 18
32 63
31 86
30 72
29 16
28 53
27 84
26 75
25 75
24 71
23 64
22 10
21 17
20 30
19 79
18 40
17 27
16 37
15 57
14 70
13 46
12 18
11 14
10 69
9 75
8 20
7 59
6 55
5 20
4 56
3 43
2 61
1 59
100 24
99 76
98 48
97 65
95 72
94 87
93 59
92 66
91 84
90 58
89 95
88 83
87 29
86 65
85 89
84 98
83 75
82 40
81 61
80 63
79 82
78 41
77 30
76 47
75 63
74 93
73 86
72 69
71 13
70 63
69 83
68 63
67 93
66 65
65 23
64 25
63 61
62 36
61 88
60 66
59 90
58 100
57 76
56 16
55 92
54 98
53 39
52 73
51 15
50 58
49 82
48 22
47 94
46 49
45 81
44 51
43 76
42 63
41 35
40 31
39 60
38 34
37 48
36 27
35 15
34 33
33 34
32 76
31 43
30 80
29 78
28 61
27 49
26 57
25 18
24 38
23 42
22 73
21 18
20 24
19 76
18 56
17 76
16 12
15 76
14 71
13 40
12 72
11 10
10 82
9 44
8 24
7 17
6 13
5 87
4 38
3 66
2 77
1 68
100 90
99 39
98 37
96 48
95 99
94 64
93 59
92 27
91 90
90 26
89 88
88 51
87 98
86 69
85 33
84 43
83 90
82 16
81 38
80 50
79 80
78 80
77 60
76 24
75 29
74 57
73 83
72 89
71 47
70 56
69 51
68 51
67 99
66 44
65 69
64 69
63 83
62 76
61 50
60 43
59 89
58 46
57 84
56 33
55 79
54 58
53 73
52 95
51 41
50 23
49 91
48 87
47 23
46 16
45 39
44 41
43 26
42 67
41 26
40 86
39 52
38 32
37 54
36 27
35 73
34 22
33 94
32 81
31 63
30 66
29 24
28 23
27 15
26 61
25 38
24 54
23 19
22 23
21 50
20 44
19 97
18 71
17 52
16 95
15 40
14 24
13 70
12 68
11 72
10 96
9 51
8 39
7 97
6 97
5 67
4 98
3 77
2 17
1 18
100 16
99 72
97 29
96 52
95 33
94 92
93 29
92 98
91 25
90 74
89 69
88 27
87 23
86 83
85 57
84 70
83 82
82 25
81 71
80 82
79 96
78 24
77 28
76 43
75 11
74 14
73 14
72 20
71 98
70 76
69 83
68 32
67 16
66 96
65 41
64 97
63 33
62 52
61 98
60 99
59 51
58 89
57 83
56 29
55 37
54 52
53 59
52 11
51 78
50 55
49 49
48 37
47 99
46 98
45 67
44 73
43 38
42 67
41 46
40 17
39 12
38 39
37 83
36 62
35 45
34 12
33 65
32 15
31 21
30 97
29 23
28 85
27 35
26 16
25 31
24 44
23 32
22 11
21 27
20 43
19 94
18 88
17 19
16 49
15 65
14 46
13 25
12 97
11 98
10 21
9 39
8 62
7 35
6 49
5 62
4 79
3 45
2 97
1 86
100 22
98 52
97 47
96 95
95 80
94 69
93 48
92 56
91 16
90 73
89 23
88 79
87 67
86 65
85 48
84 32
83 58
82 48
81 39
80 95
79 41
78 53
77 92
76 46
75 69
74 76
73 27
72 61
71 91
70 16
69 10
68 89
67 77
66 36
65 25
64 64
63 60
62 67
61 67
60 34
59 48
58 74
57 91
56 53
55 88
54 25
53 24
52 51
51 80
50 85
49 12
48 39
47 56
46 67
45 23
44 58
43 53
42 49
41 49
40 42
39 39
38 54
37 92
36 66
35 46
34 63
33 48
32 95
31 92
30 80
29 68
28 47
27 18
26 49
25 100
24 27
23 78
22 34
21 36
20 67
19 34
18 84
17 60
16 70
15 57
14 62
13 74
12 100
11 67
10 42
9 22
8 28
7 38
6 38
5 61
4 24
3 29
2 18
1 66
99 55
98 49
97 64
96 32
95 83
94 94
93 83
92 97
91 24
90 66
89 60
88 14
87 86
86 47
85 100
84 96
83 42
82 95
81 55
80 69
79 63
78 56
77 29
76 66
75 22
74 73
73 56
72 94
71 84
70 51
69 81
68 45
67 21
66 40
65 41
64 19
63 93
62 57
61 39
60 57
59 91
58 30
57 68
56 78
55 52
54 81
53 53
52 39
51 21
50 35
49 59
48 83
47 52
46 34
45 13
44 46
43 35
42 94
41 20
40 45
39 29
38 99
37 41
36 46
35 40
34 16
33 18
32 64
31 34
30 70
29 21
28 83
27 88
26 88
25 77
24 77
23 15
22 31
21 78
20 36
19 92
18 59
17 39
16 94
15 78
14 66
13 25
12 16
11 19
10 26
9 14
8 97
7 72
6 39
5 49
4 92
3 67
2 93
1 18
19
46
1 19 
1 17 
1 4 
1 3 
1 67 
1 51 
1 48 
1 81 
1 69 
1 52 
1 80 
1 78 
1 92 
1 82 
1 7 
1 91 
1 84 
1 40 
1 43 
1 1 
1 72 
1 94 
1 85 
1 26 
1 64 
1 60 
1 39 
1 28 
1 79 
1 31 
1 22 
1 34 
1 30 
1 99 
1 74 
1 25 
1 14 
1 18 
1 86 
1 49 
1 5 
1 76 
1 38 
1 75 
1 20 
1 98 
1 93 
1 59 
1 15 
1 37 
1 53 
1 73 
1 63 
1 32 
1 66 
1 87 
1 54 
1 35 
1 47 
1 89 
1 71 
1 77 
1 56 
1 16 
1 96 
1 23 
1 61 
1 90 
1 8 
1 24 
1 11 
1 88 
1 2 
1 62 
1 68 
1 41 
1 44 
1 27 
1 9 
1 46 
