100 9900 10 100 80
99
99
99
99
99
99
99
99
99
99
99
99
99
99
99
99
99
99
99
99
99
99
99
99
99
99
99
99
99
99
99
99
99
99
99
99
99
99
99
99
99
99
99
99
99
99
99
99
99
99
99
99
99
99
99
99
99
99
99
99
99
99
99
99
99
99
99
99
99
99
99
99
99
99
99
99
99
99
99
99
99
99
99
99
99
99
99
99
99
99
99
99
99
99
99
99
99
99
99
99
100 34
99 31
98 40
97 89
96 84
95 99
94 88
93 57
92 67
91 87
90 37
89 83
88 99
87 42
86 60
85 99
84 28
83 82
82 48
81 10
80 43
79 60
78 50
77 26
76 80
75 93
74 81
73 62
72 63
71 100
70 88
69 51
68 24
67 19
66 77
65 100
64 30
63 15
62 66
61 86
60 48
59 54
58 84
57 44
56 96
55 81
54 46
53 67
52 50
51 83
50 28
49 97
48 57
47 78
46 40
45 44
44 98
43 26
42 20
41 30
40 79
39 72
38 29
37 71
36 97
35 73
34 38
33 17
32 24
31 86
30 73
29 42
28 31
27 58
26 52
25 95
24 32
23 22
22 72
21 82
20 68
19 65
18 11
17 98
16 24
15 41
14 41
13 18
12 76
11 47
10 94
9 28
8 82
7 49
6 15
5 22
4 17
3 22
2 86
100 36
99 83
98 25
97 60
96 91
95 85
94 36
93 72
92 65
91 75
90 53
89 87
88 80
87 13
86 16
85 88
84 84
83 13
82 56
81 22
80 39
79 29
78 39
77 83
76 80
75 74
74 24
73 50
72 90
71 39
70 87
69 83
68 28
67 18
66 18
65 42
64 22
63 73
62 26
61 77
60 62
59 63
58 98
57 27
56 85
55 95
54 93
53 76
52 75
51 30
50 21
49 39
48 59
47 88
46 82
45 28
44 69
43 12
42 28
41 81
40 54
39 27
38 20
37 91
36 76
35 76
34 46
33 73
32 99
31 75
30 38
29 77
28 66
27 87
26 21
25 65
24 99
23 96
22 18
21 71
20 69
19 46
18 35
17 23
16 42
15 90
14 92
13 72
12 57
11 55
10 54
9 13
8 92
7 90
6 49
5 77
4 64
3 16
1 29
100 70
99 46
98 22
97 32
96 29
95 53
94 27
93 10
92 42
91 100
90 21
89 63
88 63
87 86
86 37
85 55
84 89
83 89
82 42
81 29
80 75
79 47
78 88
77 13
76 87
75 24
74 46
73 99
72 96
71 85
70 83
69 68
68 34
67 93
66 35
65 78
64 72
63 50
62 76
61 50
60 15
59 73
58 10
57 36
56 38
55 31
54 36
53 82
52 36
51 80
50 73
49 55
48 40
47 17
46 95
45 15
44 86
43 15
42 81
41 35
40 32
39 55
38 34
37 70
36 38
35 98
34 21
33 38
32 50
31 58
30 39
29 92
28 61
27 35
26 54
25 91
24 79
23 74
22 13
21 76
20 78
19 93
18 90
17 55
16 61
15 100
14 17
13 58
12 61
11 70
10 35
9 64
8 76
7 57
6 51
5 14
4 19
2 38
1 91
100 72
99 66
98 22
97 13
96 71
95 81
94 41
93 11
92 43
91 12
90 78
89 89
88 24
87 34
86 67
85 47
84 15
83 63
82 100
81 11
80 85
79 30
78 57
77 64
76 31
75 33
74 83
73 87
72 33
71 58
70 18
69 93
68 96
67 97
66 95
65 13
64 50
63 89
62 50
61 77
60 43
59 10
58 87
57 52
56 95
55 35
54 31
53 30
52 41
51 86
50 58
49 92
48 49
47 36
46 95
45 63
44 100
43 53
42 47
41 93
40 30
39 24
38 55
37 100
36 76
35 29
34 55
33 22
32 11
31 57
30 12
29 60
28 30
27 75
26 67
25 94
24 82
23 61
22 92
21 28
20 24
19 76
18 71
17 68
16 57
15 72
14 21
13 44
12 48
11 79
10 94
9 11
8 53
7 89
6 78
5 18
3 19
2 44
1 13
100 35
99 93
98 65
97 58
96 72
95 34
94 100
93 56
92 69
91 29
90 29
89 79
88 19
87 22
86 63
85 73
84 49
83 54
82 44
81 74
80 60
79 76
78 95
77 21
76 84
75 16
74 86
73 32
72 56
71 65
70 78
69 11
68 81
67 71
66 66
65 75
64 94
63 86
62 84
61 53
60 49
59 10
58 80
57 78
56 63
55 24
54 16
53 18
52 34
51 22
50 97
49 89
48 55
47 77
46 19
45 77
44 46
43 58
42 50
41 48
40 26
39 59
38 92
37 17
36 96
35 53
34 88
33 62
32 20
31 47
30 45
29 51
28 70
27 94
26 47
25 27
24 11
23 74
22 99
21 17
20 94
19 36
18 22
17 21
16 11
15 29
14 28
13 91
12 74
11 50
10 52
9 87
8 30
7 35
6 32
4 92
3 65
2 82
1 71
100 23
99 37
98 77
97 27
96 20
95 17
94 26
93 98
92 57
91 49
90 97
89 74
88 36
87 63
86 43
85 58
84 78
83 88
82 100
81 46
80 98
79 46
78 28
77 85
76 20
75 72
74 68
73 78
72 50
71 32
70 38
69 68
68 28
67 68
66 77
65 99
64 74
63 76
62 31
61 33
60 56
59 30
58 94
57 98
56 20
55 92
54 68
53 16
52 50
51 59
50 17
49 68
48 31
47 45
46 52
45 59
44 72
43 37
42 93
41 89
40 15
39 31
38 62
37 19
36 20
35 56
34 19
33 80
32 64
31 39
30 57
29 58
28 44
27 29
26 81
25 35
24 79
23 79
22 54
21 64
20 40
19 26
18 45
17 55
16 64
15 81
14 48
13 84
12 10
11 23
10 61
9 62
8 69
7 27
5 21
4 40
3 68
2 82
1 82
100 80
99 26
98 51
97 35
96 77
95 95
94 68
93 48
92 64
91 23
90 66
89 67
88 71
87 72
86 10
85 67
84 53
83 53
82 11
81 28
80 57
79 49
78 11
77 57
76 20
75 49
74 71
73 21
72 10
71 28
70 45
69 28
68 65
67 56
66 28
65 29
64 33
63 38
62 100
61 40
60 95
59 95
58 58
57 80
56 27
55 73
54 67
53 15
52 67
51 73
50 87
49 43
48 38
47 34
46 98
45 44
44 76
43 44
42 65
41 53
40 51
39 88
38 11
37 32
36 88
35 42
34 96
33 43
32 24
31 31
30 52
29 33
28 72
27 68
26 98
25 94
24 44
23 64
22 33
21 71
20 18
19 33
18 24
17 59
16 71
15 13
14 19
13 45
12 76
11 54
10 76
9 90
8 81
6 28
5 18
4 61
3 67
2 89
1 45
100 19
99 67
98 53
97 54
96 96
95 24
94 94
93 28
92 61
91 83
90 60
89 35
88 42
87 75
86 54
85 44
84 68
83 26
82 94
81 84
80 81
79 53
78 34
77 41
76 39
75 43
74 11
73 47
72 20
71 22
70 58
69 72
68 39
67 19
66 67
65 97
64 82
63 24
62 37
61 42
60 45
59 83
58 28
57 40
56 25
55 73
54 35
53 80
52 75
51 38
50 81
49 27
48 16
47 90
46 22
45 52
44 75
43 72
42 71
41 91
40 11
39 61
38 15
37 22
36 60
35 82
34 84
33 96
32 96
31 98
30 32
29 69
28 45
27 60
26 97
25 71
24 46
23 71
22 20
21 59
20 27
19 40
18 69
17 30
16 13
15 43
14 15
13 40
12 68
11 37
10 23
9 72
7 55
6 34
5 48
4 86
3 12
2 78
1 44
100 22
99 99
98 22
97 58
96 79
95 97
94 59
93 12
92 99
91 43
90 51
89 96
88 95
87 82
86 83
85 62
84 83
83 68
82 13
81 51
80 43
79 55
78 36
77 29
76 98
75 81
74 58
73 18
72 20
71 79
70 21
69 27
68 99
67 97
66 30
65 30
64 47
63 56
62 44
61 46
60 62
59 38
58 51
57 21
56 93
55 75
54 54
53 43
52 74
51 89
50 78
49 41
48 42
47 37
46 22
45 25
44 87
43 100
42 30
41 89
40 82
39 17
38 86
37 40
36 47
35 60
34 92
33 60
32 52
31 37
30 72
29 43
28 59
27 46
26 67
25 43
24 70
23 43
22 21
21 60
20 85
19 84
18 48
17 93
16 15
15 14
14 70
13 75
12 77
11 77
10 48
8 17
7 45
6 36
5 88
4 30
3 31
2 20
1 100
100 55
99 54
98 77
97 88
96 33
95 85
94 32
93 90
92 14
91 25
90 22
89 58
88 38
87 15
86 21
85 28
84 56
83 38
82 64
81 51
80 40
79 58
78 69
77 97
76 85
75 44
74 53
73 12
72 52
71 45
70 22
69 54
68 53
67 22
66 64
65 67
64 46
63 26
62 90
61 89
60 79
59 45
58 96
57 93
56 96
55 53
54 17
53 56
52 90
51 39
50 57
49 83
48 45
47 42
46 95
45 33
44 63
43 69
42 31
41 55
40 82
39 60
38 95
37 50
36 14
35 25
34 13
33 13
32 58
31 94
30 25
29 58
28 53
27 80
26 77
25 75
24 78
23 75
22 67
21 98
20 49
19 68
18 21
17 78
16 75
15 83
14 98
13 100
12 52
11 68
9 38
8 69
7 92
6 11
5 84
4 37
3 39
2 50
1 77
100 100
99 25
98 85
97 94
96 35
95 61
94 72
93 37
92 46
91 48
90 11
89 96
88 11
87 25
86 59
85 14
84 78
83 71
82 46
81 57
80 43
79 87
78 45
77 63
76 23
75 36
74 59
73 18
72 25
71 33
70 55
69 59
68 77
67 81
66 61
65 21
64 33
63 21
62 99
61 42
60 31
59 28
58 23
57 57
56 96
55 84
54 43
53 19
52 28
51 70
50 40
49 57
48 26
47 20
46 49
45 37
44 88
43 100
42 100
41 18
40 64
39 66
38 67
37 28
36 76
35 15
34 40
33 29
32 98
31 74
30 63
29 42
28 28
27 26
26 68
25 14
24 74
23 30
22 35
21 44
20 54
19 15
18 97
17 13
16 34
15 90
14 88
13 32
12 18
10 96
9 50
8 93
7 33
6 46
5 94
4 69
3 65
2 84
1 15
100 33
99 41
98 44
97 79
96 37
95 49
94 18
93 11
92 15
91 74
90 17
89 35
88 66
87 42
86 44
85 73
84 75
83 13
82 72
81 35
80 96
79 73
78 42
77 22
76 65
75 19
74 99
73 34
72 69
71 48
70 65
69 55
68 23
67 41
66 60
65 59
64 29
63 80
62 70
61 40
60 95
59 15
58 52
57 13
56 56
55 76
54 53
53 62
52 76
51 71
50 98
49 66
48 88
47 93
46 94
45 81
44 56
43 39
42 37
41 59
40 74
39 57
38 10
37 29
36 96
35 20
34 46
33 88
32 32
31 64
30 90
29 68
28 29
27 94
26 41
25 85
24 54
23 29
22 19
21 83
20 27
19 93
18 35
17 46
16 51
15 79
14 28
13 87
11 74
10 12
9 51
8 54
7 11
6 80
5 45
4 13
3 53
2 51
1 36
100 75
99 46
98 81
97 39
96 85
95 35
94 35
93 35
92 98
91 27
90 77
89 46
88 19
87 24
86 96
85 16
84 95
83 33
82 89
81 83
80 33
79 83
78 50
77 45
76 58
75 78
74 100
73 78
72 27
71 24
70 81
69 41
68 20
67 24
66 42
65 59
64 100
63 26
62 23
61 60
60 46
59 65
58 85
57 34
56 75
55 98
54 42
53 41
52 71
51 37
50 41
49 10
48 57
47 46
46 15
45 86
44 57
43 55
42 33
41 75
40 57
39 100
38 36
37 58
36 91
35 10
34 87
33 44
32 57
31 13
30 37
29 82
28 32
27 81
26 72
25 46
24 61
23 19
22 26
21 48
20 66
19 97
18 56
17 83
16 15
15 58
14 75
12 78
11 59
10 49
9 25
8 77
7 57
6 66
5 53
4 43
3 21
2 77
1 33
100 63
99 88
98 47
97 31
96 70
95 60
94 68
93 35
92 11
91 33
90 52
89 11
88 72
87 86
86 70
85 85
84 55
83 63
82 24
81 32
80 84
79 36
78 19
77 15
76 54
75 81
74 96
73 40
72 64
71 96
70 24
69 75
68 14
67 22
66 13
65 24
64 60
63 91
62 14
61 61
60 56
59 63
58 88
57 19
56 74
55 80
54 89
53 93
52 40
51 92
50 26
49 73
48 87
47 70
46 21
45 92
44 48
43 64
42 37
41 27
40 43
39 25
38 90
37 46
36 19
35 98
34 46
33 61
32 62
31 63
30 58
29 98
28 53
27 64
26 42
25 60
24 42
23 61
22 64
21 32
20 11
19 72
18 94
17 80
16 78
15 45
13 62
12 80
11 26
10 97
9 87
8 67
7 44
6 79
5 96
4 40
3 74
2 73
1 98
100 59
99 10
98 61
97 40
96 30
95 74
94 32
93 44
92 75
91 69
90 28
89 60
88 52
87 87
86 55
85 39
84 56
83 59
82 96
81 16
80 20
79 86
78 48
77 79
76 43
75 48
74 64
73 94
72 55
71 11
70 63
69 45
68 78
67 32
66 72
65 57
64 89
63 100
62 58
61 56
60 47
59 28
58 49
57 64
56 21
55 54
54 20
53 71
52 60
51 20
50 16
49 42
48 30
47 61
46 51
45 43
44 62
43 37
42 83
41 36
40 36
39 19
38 68
37 67
36 72
35 14
34 14
33 72
32 65
31 25
30 69
29 97
28 47
27 90
26 19
25 73
24 17
23 63
22 51
21 45
20 65
19 13
18 44
17 11
16 78
14 74
13 82
12 16
11 93
10 50
9 99
8 55
7 24
6 37
5 69
4 32
3 87
2 41
1 98
100 67
99 61
98 98
97 49
96 100
95 43
94 38
93 70
92 54
91 81
90 87
89 45
88 73
87 97
86 44
85 18
84 90
83 24
82 34
81 74
80 25
79 13
78 45
77 14
76 90
75 64
74 18
73 55
72 22
71 73
70 49
69 57
68 18
67 50
66 20
65 18
64 59
63 50
62 20
61 37
60 37
59 87
58 59
57 54
56 68
55 79
54 18
53 25
52 96
51 78
50 80
49 28
48 91
47 36
46 90
45 65
44 60
43 40
42 10
41 56
40 79
39 85
38 64
37 24
36 22
35 33
34 79
33 88
32 36
31 61
30 50
29 97
28 91
27 81
26 14
25 29
24 95
23 77
22 52
21 32
20 68
19 66
18 43
17 69
15 72
14 61
13 57
12 16
11 99
10 18
9 41
8 11
7 38
6 87
5 34
4 69
3 88
2 58
1 22
100 81
99 27
98 50
97 21
96 91
95 75
94 99
93 21
92 78
91 87
90 35
89 63
88 75
87 96
86 51
85 53
84 16
83 26
82 26
81 47
80 36
79 27
78 99
77 78
76 63
75 55
74 20
73 71
72 38
71 51
70 98
69 71
68 28
67 95
66 25
65 72
64 15
63 52
62 23
61 54
60 50
59 83
58 85
57 86
56 91
55 77
54 48
53 50
52 80
51 88
50 43
49 57
48 67
47 16
46 33
45 82
44 98
43 10
42 76
41 97
40 29
39 35
38 87
37 64
36 42
35 82
34 73
33 85
32 37
31 64
30 43
29 95
28 79
27 79
26 99
25 68
24 90
23 67
22 51
21 89
20 14
19 22
18 10
16 34
15 89
14 26
13 19
12 75
11 98
10 55
9 16
8 31
7 85
6 42
5 46
4 99
3 80
2 11
1 79
100 14
99 69
98 77
97 79
96 57
95 13
94 72
93 39
92 59
91 62
90 19
89 34
88 81
87 38
86 91
85 48
84 57
83 100
82 60
81 87
80 100
79 74
78 50
77 87
76 12
75 99
74 64
73 35
72 35
71 71
70 100
69 51
68 58
67 70
66 66
65 78
64 76
63 38
62 10
61 48
60 42
59 97
58 94
57 53
56 39
55 86
54 10
53 66
52 66
51 75
50 44
49 21
48 59
47 68
46 85
45 81
44 69
43 52
42 79
41 80
40 12
39 51
38 29
37 49
36 96
35 38
34 23
33 75
32 85
31 95
30 10
29 95
28 34
27 32
26 19
25 61
24 22
23 28
22 39
21 26
20 61
19 85
17 58
16 41
15 14
14 11
13 29
12 77
11 10
10 81
9 82
8 95
7 17
6 17
5 13
4 59
3 95
2 98
1 87
100 71
99 91
98 82
97 25
96 64
95 69
94 54
93 14
92 90
91 10
90 73
89 73
88 61
87 49
86 90
85 39
84 89
83 56
82 79
81 75
80 35
79 12
78 89
77 99
76 18
75 83
74 48
73 40
72 30
71 62
70 41
69 49
68 70
67 74
66 30
65 21
64 98
63 68
62 56
61 38
60 74
59 66
58 45
57 24
56 81
55 36
54 22
53 58
52 85
51 13
50 22
49 55
48 56
47 34
46 38
45 17
44 99
43 100
42 47
41 38
40 98
39 81
38 53
37 73
36 68
35 24
34 80
33 96
32 61
31 35
30 28
29 68
28 71
27 94
26 97
25 99
24 55
23 81
22 83
21 61
20 44
18 25
17 89
16 94
15 53
14 26
13 52
12 24
11 30
10 74
9 100
8 90
7 64
6 25
5 58
4 47
3 72
2 54
1 62
100 86
99 84
98 63
97 28
96 50
95 68
94 42
93 68
92 58
91 44
90 51
89 28
88 52
87 34
86 66
85 48
84 72
83 87
82 25
81 45
80 94
79 16
78 78
77 99
76 11
75 83
74 76
73 60
72 25
71 78
70 23
69 13
68 54
67 79
66 88
65 50
64 85
63 63
62 74
61 74
60 96
59 92
58 31
57 35
56 33
55 32
54 14
53 29
52 54
51 15
50 36
49 94
48 95
47 57
46 51
45 29
44 63
43 44
42 10
41 94
40 61
39 82
38 93
37 87
36 16
35 85
34 45
33 65
32 92
31 41
30 35
29 48
28 19
27 30
26 86
25 41
24 19
23 19
22 19
21 51
19 72
18 19
17 68
16 97
15 91
14 21
13 100
12 29
11 20
10 25
9 31
8 37
7 92
6 17
5 42
4 97
3 37
2 13
1 61
100 94
99 49
98 45
97 96
96 35
95 34
94 48
93 73
92 65
91 39
90 24
89 54
88 26
87 79
86 77
85 24
84 15
83 79
82 38
81 85
80 32
79 25
78 14
77 11
76 56
75 75
74 23
73 29
72 75
71 14
70 22
69 75
68 71
67 77
66 99
65 69
64 100
63 75
62 70
61 20
60 85
59 86
58 76
57 98
56 48
55 58
54 22
53 54
52 63
51 58
50 30
49 25
48 46
47 56
46 72
45 43
44 33
43 33
42 33
41 68
40 95
39 67
38 71
37 70
36 56
35 12
34 90
33 78
32 45
31 63
30 69
29 87
28 43
27 67
26 80
25 39
24 62
23 77
22 45
20 82
19 61
18 16
17 26
16 16
15 75
14 90
13 86
12 63
11 70
10 28
9 62
8 30
7 18
6 77
5 30
4 71
3 25
2 90
1 93
100 10
99 33
98 88
97 91
96 59
95 75
94 85
93 27
92 84
91 43
90 20
89 56
88 33
87 85
86 83
85 30
84 98
83 63
82 76
81 48
80 70
79 95
78 41
77 38
76 97
75 42
74 99
73 81
72 99
71 45
70 32
69 47
68 47
67 75
66 69
65 53
64 62
63 18
62 69
61 11
60 54
59 42
58 53
57 57
56 17
55 98
54 20
53 80
52 76
51 17
50 69
49 100
48 29
47 52
46 78
45 72
44 87
43 100
42 39
41 54
40 49
39 48
38 19
37 49
36 20
35 86
34 21
33 96
32 48
31 70
30 51
29 15
28 11
27 95
26 36
25 76
24 22
23 55
21 63
20 24
19 33
18 87
17 83
16 22
15 26
14 69
13 31
12 31
11 62
10 66
9 51
8 34
7 43
6 100
5 47
4 52
3 32
2 57
1 57
100 96
99 36
98 17
97 31
96 42
95 70
94 60
93 13
92 16
91 24
90 86
89 98
88 42
87 83
86 86
85 18
84 66
83 12
82 16
81 34
80 78
79 29
78 42
77 72
76 90
75 61
74 62
73 33
72 53
71 66
70 59
69 75
68 88
67 47
66 48
65 68
64 67
63 74
62 97
61 31
60 66
59 79
58 84
57 71
56 42
55 29
54 16
53 34
52 30
51 89
50 57
49 32
48 35
47 17
46 24
45 73
44 95
43 85
42 41
41 25
40 75
39 28
38 98
37 83
36 14
35 85
34 76
33 13
32 15
31 70
30 18
29 67
28 14
27 41
26 57
25 12
24 98
22 38
21 69
20 73
19 89
18 37
17 76
16 44
15 36
14 68
13 96
12 32
11 22
10 89
9 77
8 14
7 29
6 25
5 70
4 16
3 47
2 94
1 15
100 87
99 39
98 55
97 66
96 73
95 63
94 56
93 29
92 44
91 12
90 80
89 17
88 90
87 77
86 94
85 52
84 30
83 31
82 32
81 26
80 32
79 99
78 50
77 93
76 73
75 18
74 80
73 22
72 28
71 58
70 47
69 52
68 52
67 11
66 24
65 77
64 38
63 95
62 59
61 32
60 98
59 84
58 71
57 31
56 14
55 83
54 90
53 63
52 19
51 11
50 19
49 73
48 16
47 42
46 88
45 82
44 13
43 38
42 51
41 95
40 71
39 98
38 71
37 30
36 71
35 84
34 95
33 25
32 60
31 71
30 92
29 13
28 77
27 44
26 39
25 44
23 10
22 87
21 40
20 35
19 19
18 95
17 59
16 92
15 21
14 84
13 62
12 79
11 62
10 93
9 33
8 78
7 97
6 51
5 85
4 30
3 13
2 48
1 57
100 34
99 67
98 31
97 53
96 48
95 37
94 20
93 83
92 92
91 40
90 36
89 93
88 16
87 75
86 34
85 81
84 38
83 81
82 74
81 75
80 78
79 77
78 84
77 18
76 20
75 81
74 22
73 61
72 54
71 69
70 47
69 21
68 60
67 17
66 14
65 74
64 28
63 95
62 10
61 69
60 17
59 52
58 86
57 48
56 75
55 34
54 21
53 79
52 89
51 43
50 90
49 94
48 51
47 11
46 98
45 62
44 95
43 22
42 49
41 86
40 94
39 21
38 79
37 62
36 81
35 18
34 23
33 36
32 86
31 70
30 80
29 25
28 68
27 53
26 65
24 98
23 68
22 83
21 28
20 44
19 51
18 36
17 73
16 79
15 54
14 40
13 97
12 96
11 95
10 53
9 63
8 10
7 67
6 55
5 24
4 36
3 79
2 13
1 51
100 83
99 93
98 69
97 29
96 86
95 53
94 22
93 43
92 74
91 13
90 51
89 78
88 11
87 21
86 44
85 26
84 11
83 34
82 96
81 12
80 61
79 54
78 39
77 58
76 100
75 72
74 25
73 12
72 41
71 81
70 89
69 40
68 79
67 70
66 24
65 32
64 42
63 43
62 71
61 90
60 76
59 81
58 52
57 58
56 97
55 30
54 23
53 12
52 59
51 13
50 36
49 74
48 98
47 72
46 82
45 93
44 22
43 86
42 74
41 30
40 65
39 11
38 71
37 74
36 64
35 68
34 33
33 30
32 30
31 66
30 83
29 17
28 50
27 12
25 48
24 35
23 95
22 96
21 62
20 66
19 47
18 32
17 45
16 32
15 19
14 27
13 79
12 57
11 60
10 42
9 72
8 39
7 75
6 97
5 25
4 49
3 67
2 93
1 91
100 82
99 54
98 57
97 39
96 40
95 20
94 10
93 58
92 37
91 84
90 39
89 70
88 21
87 68
86 64
85 75
84 40
83 22
82 81
81 65
80 76
79 57
78 15
77 28
76 94
75 61
74 44
73 63
72 100
71 77
70 10
69 33
68 64
67 33
66 43
65 57
64 66
63 93
62 55
61 50
60 76
59 97
58 71
57 60
56 95
55 36
54 30
53 83
52 47
51 76
50 37
49 53
48 19
47 39
46 12
45 49
44 12
43 66
42 74
41 47
40 12
39 81
38 46
37 52
36 43
35 33
34 43
33 55
32 93
31 60
30 90
29 16
28 58
26 16
25 83
24 63
23 26
22 10
21 13
20 13
19 19
18 40
17 31
16 35
15 77
14 22
13 37
12 37
11 78
10 89
9 96
8 41
7 49
6 74
5 86
4 10
3 49
2 22
1 12
100 70
99 76
98 34
97 16
96 53
95 30
94 13
93 12
92 27
91 54
90 11
89 29
88 49
87 18
86 28
85 59
84 35
83 22
82 13
81 25
80 27
79 64
78 97
77 32
76 55
75 97
74 68
73 78
72 40
71 44
70 83
69 87
68 88
67 52
66 49
65 50
64 51
63 45
62 12
61 53
60 10
59 68
58 94
57 85
56 64
55 23
54 46
53 100
52 76
51 79
50 78
49 43
48 46
47 18
46 66
45 63
44 74
43 16
42 95
41 72
40 90
39 18
38 46
37 95
36 21
35 56
34 36
33 44
32 68
31 20
30 52
29 80
27 58
26 21
25 19
24 97
23 20
22 36
21 87
20 84
19 88
18 35
17 89
16 53
15 76
14 100
13 21
12 81
11 82
10 73
9 19
8 27
7 55
6 92
5 46
4 68
3 79
2 54
1 36
100 42
99 16
98 88
97 92
96 28
95 90
94 37
93 53
92 13
91 18
90 65
89 91
88 48
87 85
86 57
85 61
84 11
83 90
82 36
81 43
80 30
79 73
78 42
77 16
76 77
75 94
74 99
73 53
72 93
71 56
70 26
69 77
68 42
67 54
66 48
65 93
64 87
63 96
62 48
61 42
60 69
59 48
58 92
57 41
56 75
55 96
54 52
53 78
52 19
51 35
50 60
49 27
48 78
47 16
46 94
45 12
44 29
43 52
42 57
41 88
40 66
39 41
38 47
37 16
36 43
35 77
34 90
33 33
32 62
31 100
30 19
28 21
27 99
26 28
25 38
24 26
23 60
22 29
21 24
20 20
19 91
18 83
17 56
16 77
15 84
14 34
13 91
12 84
11 11
10 14
9 79
8 77
7 82
6 15
5 58
4 85
3 30
2 16
1 77
100 62
99 31
98 86
97 63
96 60
95 65
94 43
93 100
92 33
91 92
90 14
89 100
88 93
87 23
86 21
85 67
84 23
83 53
82 43
81 63
80 65
79 35
78 40
77 22
76 45
75 53
74 53
73 93
72 34
71 37
70 55
69 96
68 63
67 37
66 31
65 32
64 14
63 92
62 96
61 70
60 23
59 74
58 31
57 97
56 75
55 40
54 21
53 82
52 50
51 24
50 93
49 75
48 11
47 40
46 64
45 16
44 87
43 52
42 51
41 29
40 80
39 40
38 87
37 10
36 33
35 100
34 34
33 39
32 74
31 62
29 13
28 64
27 42
26 34
25 11
24 33
23 58
22 100
21 86
20 53
19 66
18 64
17 84
16 15
15 53
14 15
13 99
12 13
11 25
10 63
9 47
8 93
7 59
6 17
5 22
4 51
3 40
2 31
1 85
100 73
99 92
98 17
97 13
96 17
95 31
94 33
93 73
92 80
91 68
90 27
89 81
88 40
87 32
86 91
85 61
84 75
83 89
82 19
81 10
80 53
79 82
78 47
77 90
76 72
75 47
74 58
73 65
72 48
71 55
70 65
69 11
68 18
67 91
66 36
65 92
64 43
63 70
62 79
61 83
60 26
59 89
58 100
57 66
56 43
55 12
54 14
53 64
52 86
51 17
50 30
49 73
48 14
47 92
46 47
45 94
44 26
43 56
42 94
41 72
40 26
39 70
38 32
37 73
36 27
35 64
34 76
33 75
32 72
30 68
29 19
28 17
27 78
26 58
25 66
24 45
23 58
22 38
21 12
20 67
19 46
18 42
17 18
16 66
15 79
14 27
13 18
12 38
11 22
10 89
9 72
8 88
7 81
6 66
5 97
4 22
3 20
2 99
1 74
100 68
99 90
98 45
97 33
96 53
95 54
94 76
93 61
92 37
91 10
90 47
89 77
88 64
87 27
86 20
85 92
84 74
83 11
82 25
81 17
80 26
79 42
78 22
77 23
76 60
75 24
74 38
73 28
72 37
71 55
70 89
69 26
68 76
67 14
66 11
65 83
64 80
63 98
62 85
61 85
60 47
59 22
58 22
57 25
56 12
55 63
54 52
53 89
52 79
51 83
50 40
49 29
48 78
47 58
46 83
45 31
44 91
43 54
42 47
41 10
40 28
39 92
38 74
37 79
36 25
35 17
34 67
33 76
31 88
30 34
29 28
28 65
27 80
26 46
25 95
24 51
23 51
22 100
21 41
20 53
19 72
18 11
17 47
16 89
15 52
14 36
13 97
12 98
11 18
10 16
9 45
8 93
7 21
6 17
5 91
4 73
3 63
2 25
1 71
100 13
99 26
98 64
97 69
96 33
95 68
94 23
93 66
92 68
91 26
90 80
89 45
88 78
87 76
86 83
85 41
84 29
83 53
82 40
81 89
80 40
79 46
78 29
77 52
76 19
75 39
74 25
73 49
72 57
71 55
70 61
69 19
68 86
67 67
66 24
65 34
64 60
63 56
62 95
61 89
60 84
59 87
58 20
57 53
56 39
55 51
54 97
53 87
52 12
51 41
50 21
49 15
48 11
47 40
46 87
45 71
44 14
43 40
42 87
41 93
40 46
39 92
38 24
37 62
36 85
35 26
34 42
32 28
31 85
30 48
29 99
28 36
27 16
26 95
25 52
24 42
23 78
22 12
21 75
20 70
19 74
18 98
17 68
16 53
15 16
14 94
13 37
12 14
11 98
10 47
9 100
8 30
7 71
6 20
5 94
4 79
3 83
2 21
1 14
100 73
99 42
98 44
97 17
96 56
95 85
94 32
93 90
92 72
91 20
90 65
89 75
88 36
87 12
86 53
85 17
84 21
83 17
82 51
81 42
80 17
79 47
78 59
77 42
76 45
75 25
74 71
73 14
72 91
71 59
70 24
69 65
68 36
67 15
66 49
65 37
64 99
63 98
62 50
61 70
60 43
59 50
58 63
57 69
56 42
55 25
54 26
53 55
52 83
51 46
50 57
49 32
48 55
47 61
46 98
45 80
44 24
43 82
42 44
41 22
40 16
39 95
38 38
37 90
36 60
35 83
33 95
32 35
31 93
30 70
29 82
28 83
27 20
26 77
25 50
24 94
23 75
22 30
21 35
20 88
19 89
18 24
17 79
16 76
15 75
14 49
13 88
12 95
11 91
10 37
9 74
8 45
7 81
6 38
5 13
4 87
3 59
2 96
1 28
100 23
99 64
98 29
97 12
96 59
95 92
94 36
93 68
92 83
91 95
90 95
89 19
88 89
87 46
86 53
85 13
84 98
83 11
82 56
81 36
80 73
79 80
78 60
77 99
76 62
75 85
74 88
73 41
72 16
71 76
70 57
69 50
68 96
67 69
66 38
65 73
64 16
63 100
62 95
61 21
60 36
59 41
58 24
57 94
56 61
55 52
54 18
53 95
52 61
51 69
50 34
49 23
48 12
47 69
46 94
45 15
44 93
43 56
42 10
41 55
40 28
39 64
38 50
37 22
36 62
34 74
33 91
32 77
31 21
30 97
29 48
28 50
27 55
26 47
25 64
24 76
23 77
22 18
21 20
20 94
19 69
18 94
17 99
16 35
15 94
14 36
13 66
12 96
11 64
10 83
9 74
8 77
7 45
6 44
5 60
4 48
3 60
2 79
1 61
100 36
99 37
98 44
97 52
96 20
95 39
94 27
93 71
92 33
91 100
90 100
89 14
88 89
87 91
86 71
85 93
84 61
83 23
82 29
81 76
80 81
79 78
78 59
77 26
76 37
75 85
74 71
73 83
72 44
71 61
70 42
69 67
68 95
67 70
66 53
65 21
64 94
63 78
62 36
61 11
60 15
59 63
58 57
57 56
56 81
55 56
54 10
53 97
52 76
51 72
50 42
49 25
48 94
47 94
46 89
45 42
44 29
43 33
42 89
41 62
40 20
39 28
38 24
37 28
35 34
34 80
33 18
32 70
31 69
30 54
29 10
28 62
27 48
26 59
25 39
24 49
23 100
22 29
21 94
20 24
19 71
18 91
17 60
16 34
15 93
14 32
13 69
12 83
11 56
10 54
9 63
8 23
7 90
6 18
5 26
4 30
3 79
2 80
1 20
100 94
99 22
98 84
97 99
96 15
95 32
94 44
93 87
92 47
91 48
90 13
89 41
88 22
87 48
86 86
85 66
84 74
83 92
82 83
81 11
80 31
79 33
78 41
77 71
76 83
75 66
74 32
73 17
72 68
71 63
70 43
69 57
68 70
67 35
66 15
65 35
64 55
63 72
62 56
61 98
60 66
59 78
58 12
57 11
56 91
55 87
54 87
53 23
52 92
51 55
50 53
49 44
48 45
47 90
46 40
45 21
44 29
43 20
42 98
41 19
40 41
39 79
38 72
36 11
35 34
34 87
33 26
32 27
31 84
30 64
29 90
28 67
27 65
26 11
25 96
24 44
23 56
22 75
21 62
20 93
19 22
18 30
17 81
16 22
15 84
14 68
13 55
12 59
11 70
10 40
9 74
8 17
7 37
6 34
5 63
4 49
3 48
2 23
1 18
100 61
99 74
98 41
97 93
96 27
95 13
94 48
93 64
92 71
91 24
90 15
89 82
88 13
87 23
86 16
85 41
84 91
83 23
82 53
81 10
80 13
79 33
78 40
77 97
76 12
75 33
74 78
73 94
72 99
71 100
70 100
69 44
68 27
67 70
66 78
65 70
64 89
63 53
62 67
61 65
60 88
59 92
58 47
57 16
56 38
55 54
54 52
53 79
52 51
51 64
50 19
49 77
48 68
47 42
46 35
45 18
44 96
43 49
42 99
41 67
40 18
39 97
37 28
36 34
35 92
34 60
33 70
32 78
31 69
30 75
29 20
28 53
27 37
26 27
25 28
24 51
23 45
22 62
21 59
20 84
19 40
18 93
17 80
16 12
15 57
14 40
13 38
12 88
11 18
10 17
9 22
8 72
7 56
6 59
5 97
4 66
3 34
2 51
1 99
100 58
99 77
98 87
97 18
96 97
95 14
94 32
93 36
92 87
91 96
90 30
89 79
88 38
87 72
86 50
85 84
84 41
83 59
82 42
81 26
80 87
79 28
78 58
77 84
76 71
75 75
74 50
73 73
72 87
71 27
70 64
69 54
68 65
67 71
66 35
65 99
64 30
63 13
62 52
61 52
60 36
59 90
58 92
57 43
56 51
55 55
54 85
53 43
52 13
51 85
50 82
49 50
48 15
47 47
46 53
45 92
44 45
43 89
42 61
41 39
40 86
38 30
37 53
36 49
35 41
34 52
33 32
32 60
31 47
30 77
29 23
28 90
27 85
26 26
25 46
24 77
23 21
22 40
21 97
20 43
19 99
18 81
17 62
16 45
15 41
14 56
13 61
12 33
11 90
10 52
9 81
8 43
7 82
6 32
5 10
4 16
3 16
2 85
1 53
100 57
99 83
98 97
97 71
96 76
95 37
94 86
93 84
92 76
91 55
90 96
89 59
88 80
87 11
86 22
85 41
84 43
83 96
82 11
81 96
80 83
79 59
78 16
77 82
76 100
75 66
74 43
73 29
72 17
71 61
70 17
69 90
68 90
67 53
66 44
65 56
64 28
63 87
62 69
61 72
60 44
59 88
58 39
57 32
56 94
55 53
54 44
53 67
52 44
51 69
50 74
49 55
48 36
47 32
46 24
45 54
44 40
43 65
42 45
41 87
39 68
38 44
37 65
36 100
35 65
34 92
33 36
32 68
31 68
30 10
29 43
28 87
27 62
26 72
25 95
24 69
23 39
22 48
21 54
20 70
19 93
18 11
17 78
16 16
15 90
14 24
13 10
12 100
11 42
10 18
9 92
8 47
7 55
6 48
5 99
4 71
3 44
2 96
1 89
100 64
99 18
98 83
97 50
96 51
95 24
94 64
93 15
92 88
91 78
90 29
89 90
88 77
87 23
86 36
85 94
84 46
83 22
82 39
81 80
80 98
79 15
78 62
77 45
76 38
75 38
74 78
73 54
72 64
71 66
70 93
69 42
68 28
67 30
66 98
65 25
64 40
63 89
62 65
61 34
60 89
59 74
58 79
57 43
56 25
55 84
54 98
53 86
52 51
51 13
50 75
49 85
48 69
47 38
46 52
45 11
44 78
43 48
42 71
40 87
39 19
38 38
37 69
36 77
35 85
34 68
33 27
32 87
31 27
30 24
29 16
28 48
27 11
26 43
25 78
24 48
23 78
22 29
21 72
20 60
19 73
18 60
17 22
16 28
15 38
14 26
13 33
12 59
11 21
10 83
9 52
8 57
7 80
6 63
5 76
4 72
3 63
2 54
1 55
100 84
99 37
98 93
97 52
96 71
95 61
94 17
93 59
92 62
91 71
90 40
89 27
88 72
87 88
86 57
85 47
84 72
83 87
82 50
81 61
80 23
79 89
78 90
77 23
76 68
75 34
74 55
73 30
72 32
71 77
70 15
69 20
68 59
67 23
66 39
65 19
64 27
63 28
62 89
61 35
60 88
59 28
58 27
57 97
56 70
55 82
54 49
53 36
52 69
51 83
50 86
49 11
48 72
47 94
46 57
45 16
44 68
43 32
41 84
40 88
39 81
38 37
37 88
36 55
35 29
34 99
33 33
32 69
31 37
30 99
29 98
28 61
27 64
26 55
25 68
24 40
23 25
22 70
21 99
20 18
19 16
18 18
17 33
16 77
15 34
14 89
13 24
12 95
11 19
10 12
9 51
8 28
7 72
6 56
5 41
4 18
3 44
2 23
1 41
100 74
99 94
98 46
97 78
96 54
95 61
94 89
93 39
92 14
91 75
90 53
89 11
88 61
87 75
86 80
85 92
84 88
83 81
82 77
81 20
80 34
79 19
78 96
77 27
76 59
75 66
74 20
73 62
72 27
71 68
70 74
69 71
68 64
67 62
66 20
65 82
64 34
63 29
62 75
61 42
60 14
59 66
58 29
57 53
56 94
55 80
54 58
53 48
52 48
51 44
50 58
49 88
48 61
47 55
46 97
45 96
44 61
42 55
41 45
40 86
39 19
38 79
37 41
36 40
35 12
34 54
33 10
32 77
31 32
30 51
29 69
28 11
27 87
26 37
25 83
24 83
23 43
22 42
21 24
20 99
19 91
18 73
17 58
16 25
15 79
14 85
13 85
12 41
11 26
10 39
9 94
8 11
7 37
6 94
5 88
4 84
3 28
2 68
1 63
100 11
99 26
98 59
97 45
96 54
95 45
94 44
93 76
92 46
91 31
90 96
89 27
88 58
87 59
86 82
85 10
84 42
83 23
82 19
81 54
80 44
79 53
78 47
77 78
76 25
75 97
74 43
73 80
72 28
71 61
70 82
69 98
68 30
67 98
66 99
65 76
64 64
63 12
62 36
61 69
60 100
59 52
58 91
57 93
56 85
55 19
54 18
53 16
52 66
51 62
50 88
49 81
48 11
47 10
46 42
45 81
43 84
42 51
41 63
40 21
39 36
38 59
37 90
36 89
35 48
34 41
33 66
32 51
31 57
30 59
29 44
28 36
27 66
26 85
25 58
24 62
23 25
22 82
21 96
20 38
19 70
18 48
17 44
16 89
15 59
14 63
13 39
12 65
11 15
10 82
9 100
8 80
7 54
6 34
5 11
4 52
3 73
2 15
1 42
100 81
99 71
98 31
97 95
96 30
95 74
94 21
93 96
92 94
91 12
90 90
89 28
88 81
87 11
86 74
85 52
84 15
83 11
82 47
81 36
80 77
79 96
78 100
77 66
76 36
75 85
74 99
73 92
72 41
71 69
70 42
69 89
68 96
67 47
66 67
65 79
64 16
63 61
62 18
61 30
60 74
59 84
58 45
57 90
56 12
55 16
54 77
53 54
52 19
51 42
50 27
49 94
48 10
47 77
46 42
44 32
43 57
42 73
41 54
40 32
39 18
38 11
37 93
36 74
35 84
34 10
33 50
32 80
31 20
30 77
29 44
28 90
27 89
26 79
25 14
24 59
23 85
22 57
21 79
20 93
19 36
18 54
17 57
16 70
15 26
14 35
13 14
12 78
11 22
10 27
9 20
8 11
7 11
6 74
5 41
4 55
3 55
2 24
1 48
100 85
99 82
98 34
97 75
96 30
95 80
94 55
93 37
92 68
91 95
90 49
89 72
88 64
87 96
86 78
85 89
84 61
83 98
82 75
81 53
80 57
79 46
78 54
77 73
76 92
75 49
74 58
73 38
72 48
71 29
70 94
69 80
68 48
67 38
66 54
65 11
64 31
63 66
62 59
61 24
60 98
59 98
58 70
57 66
56 46
55 66
54 40
53 79
52 97
51 81
50 58
49 54
48 23
47 60
45 17
44 37
43 60
42 57
41 83
40 82
39 99
38 42
37 36
36 30
35 59
34 38
33 98
32 84
31 71
30 19
29 87
28 25
27 11
26 37
25 55
24 38
23 14
22 33
21 82
20 47
19 44
18 70
17 18
16 22
15 29
14 46
13 58
12 88
11 57
10 79
9 55
8 37
7 20
6 65
5 91
4 44
3 21
2 92
1 42
100 71
99 53
98 50
97 73
96 87
95 68
94 16
93 44
92 96
91 84
90 86
89 77
88 31
87 65
86 92
85 75
84 86
83 90
82 95
81 71
80 23
79 89
78 94
77 82
76 98
75 58
74 78
73 25
72 52
71 35
70 99
69 100
68 55
67 74
66 48
65 81
64 20
63 92
62 95
61 20
60 81
59 56
58 68
57 70
56 35
55 67
54 34
53 35
52 82
51 45
50 45
49 46
48 88
46 93
45 68
44 20
43 17
42 71
41 55
40 67
39 91
38 16
37 95
36 78
35 31
34 62
33 24
32 76
31 70
30 65
29 57
28 23
27 39
26 83
25 61
24 40
23 15
22 30
21 13
20 60
19 47
18 23
17 83
16 74
15 40
14 51
13 27
12 38
11 69
10 39
9 98
8 12
7 85
6 67
5 36
4 91
3 50
2 68
1 64
100 27
99 13
98 64
97 14
96 64
95 12
94 21
93 73
92 13
91 87
90 81
89 88
88 99
87 37
86 17
85 18
84 74
83 27
82 68
81 72
80 11
79 92
78 56
77 85
76 32
75 72
74 24
73 63
72 40
71 43
70 94
69 85
68 33
67 15
66 38
65 43
64 34
63 38
62 44
61 66
60 13
59 19
58 15
57 33
56 74
55 96
54 20
53 77
52 82
51 14
50 97
49 54
47 22
46 94
45 40
44 67
43 42
42 66
41 13
40 76
39 91
38 32
37 51
36 50
35 99
34 11
33 89
32 56
31 12
30 25
29 89
28 98
27 43
26 66
25 35
24 66
23 47
22 21
21 24
20 23
19 59
18 42
17 44
16 80
15 74
14 26
13 90
12 43
11 50
10 54
9 51
8 46
7 100
6 80
5 64
4 20
3 50
2 35
1 93
100 13
99 63
98 61
97 21
96 81
95 93
94 35
93 49
92 16
91 68
90 42
89 56
88 40
87 74
86 18
85 64
84 66
83 56
82 90
81 60
80 74
79 52
78 47
77 60
76 99
75 34
74 73
73 59
72 47
71 97
70 21
69 28
68 71
67 91
66 65
65 85
64 95
63 31
62 26
61 20
60 95
59 75
58 28
57 89
56 62
55 45
54 25
53 99
52 64
51 51
50 79
48 84
47 71
46 11
45 59
44 23
43 53
42 54
41 38
40 22
39 71
38 87
37 36
36 10
35 26
34 63
33 20
32 68
31 48
30 84
29 77
28 57
27 70
26 53
25 27
24 37
23 32
22 37
21 25
20 69
19 47
18 90
17 96
16 20
15 85
14 22
13 94
12 25
11 38
10 32
9 85
8 96
7 28
6 35
5 63
4 39
3 59
2 88
1 98
100 12
99 30
98 66
97 74
96 78
95 95
94 83
93 45
92 98
91 37
90 56
89 65
88 64
87 60
86 78
85 75
84 70
83 100
82 39
81 47
80 18
79 70
78 62
77 58
76 15
75 43
74 45
73 82
72 50
71 86
70 62
69 59
68 14
67 26
66 43
65 66
64 35
63 92
62 70
61 47
60 56
59 45
58 73
57 80
56 28
55 79
54 24
53 93
52 90
51 34
49 95
48 96
47 28
46 16
45 49
44 35
43 61
42 88
41 25
40 27
39 77
38 51
37 87
36 34
35 38
34 94
33 67
32 35
31 61
30 29
29 14
28 83
27 20
26 87
25 71
24 96
23 45
22 66
21 74
20 86
19 44
18 73
17 92
16 64
15 30
14 39
13 15
12 74
11 22
10 48
9 74
8 25
7 98
6 21
5 52
4 92
3 24
2 26
1 37
100 76
99 86
98 55
97 64
96 64
95 39
94 99
93 82
92 76
91 12
90 70
89 54
88 24
87 62
86 86
85 11
84 79
83 11
82 29
81 54
80 27
79 72
78 37
77 69
76 19
75 27
74 37
73 49
72 64
71 82
70 81
69 89
68 43
67 16
66 79
65 38
64 93
63 56
62 46
61 48
60 72
59 62
58 81
57 92
56 38
55 96
54 50
53 75
52 73
50 78
49 29
48 32
47 35
46 16
45 81
44 30
43 28
42 57
41 30
40 36
39 58
38 97
37 47
36 54
35 93
34 63
33 43
32 77
31 84
30 13
29 23
28 94
27 31
26 64
25 87
24 86
23 56
22 53
21 75
20 82
19 35
18 61
17 29
16 95
15 64
14 77
13 54
12 96
11 49
10 15
9 11
8 52
7 44
6 56
5 22
4 78
3 42
2 56
1 33
100 77
99 24
98 49
97 25
96 51
95 29
94 76
93 21
92 88
91 11
90 39
89 14
88 17
87 70
86 31
85 61
84 98
83 31
82 84
81 28
80 80
79 92
78 15
77 38
76 36
75 13
74 65
73 17
72 86
71 88
70 91
69 64
68 52
67 76
66 91
65 81
64 61
63 90
62 88
61 18
60 46
59 57
58 84
57 75
56 19
55 86
54 10
53 23
51 38
50 41
49 52
48 38
47 37
46 66
45 24
44 23
43 54
42 79
41 16
40 54
39 19
38 24
37 57
36 24
35 55
34 79
33 25
32 89
31 98
30 34
29 17
28 78
27 31
26 85
25 48
24 83
23 63
22 63
21 22
20 99
19 14
18 53
17 81
16 40
15 24
14 56
13 24
12 51
11 12
10 65
9 29
8 57
7 51
6 91
5 36
4 22
3 82
2 35
1 62
100 26
99 20
98 95
97 13
96 82
95 89
94 15
93 84
92 62
91 82
90 41
89 97
88 34
87 80
86 85
85 15
84 32
83 62
82 36
81 99
80 37
79 88
78 67
77 36
76 58
75 78
74 47
73 23
72 64
71 82
70 68
69 73
68 71
67 60
66 44
65 33
64 12
63 10
62 59
61 32
60 55
59 54
58 85
57 35
56 37
55 50
54 54
52 20
51 24
50 12
49 69
48 17
47 64
46 72
45 16
44 21
43 41
42 17
41 15
40 30
39 37
38 76
37 13
36 31
35 35
34 15
33 76
32 56
31 11
30 62
29 55
28 25
27 87
26 56
25 15
24 54
23 55
22 53
21 41
20 45
19 50
18 88
17 21
16 86
15 74
14 78
13 71
12 59
11 18
10 95
9 78
8 46
7 16
6 25
5 65
4 31
3 20
2 24
1 65
100 14
99 52
98 13
97 95
96 84
95 68
94 92
93 81
92 99
91 91
90 28
89 71
88 57
87 41
86 12
85 56
84 15
83 66
82 13
81 63
80 27
79 54
78 84
77 60
76 10
75 34
74 11
73 88
72 31
71 57
70 48
69 21
68 92
67 81
66 55
65 61
64 83
63 48
62 96
61 76
60 61
59 13
58 19
57 21
56 27
55 13
53 74
52 60
51 17
50 25
49 36
48 11
47 25
46 86
45 38
44 98
43 74
42 18
41 17
40 47
39 58
38 90
37 25
36 99
35 84
34 64
33 33
32 74
31 24
30 79
29 68
28 96
27 31
26 30
25 89
24 48
23 21
22 46
21 28
20 30
19 92
18 98
17 43
16 10
15 80
14 64
13 42
12 49
11 12
10 62
9 61
8 93
7 89
6 58
5 68
4 61
3 42
2 57
1 98
100 21
99 69
98 26
97 54
96 87
95 11
94 96
93 22
92 50
91 83
90 82
89 66
88 66
87 53
86 18
85 76
84 10
83 94
82 81
81 54
80 52
79 43
78 68
77 100
76 55
75 40
74 17
73 52
72 10
71 40
70 22
69 100
68 91
67 26
66 52
65 39
64 45
63 79
62 55
61 51
60 43
59 54
58 29
57 77
56 44
54 77
53 41
52 74
51 98
50 23
49 16
48 82
47 38
46 66
45 95
44 95
43 88
42 76
41 24
40 96
39 41
38 41
37 46
36 14
35 94
34 19
33 29
32 22
31 21
30 95
29 11
28 21
27 10
26 86
25 92
24 15
23 42
22 36
21 77
20 43
19 62
18 33
17 85
16 33
15 52
14 84
13 13
12 22
11 25
10 56
9 91
8 68
7 87
6 58
5 11
4 84
3 77
2 78
1 99
100 97
99 54
98 32
97 73
96 99
95 61
94 16
93 67
92 100
91 86
90 38
89 41
88 55
87 77
86 40
85 87
84 86
83 74
82 39
81 81
80 51
79 100
78 40
77 76
76 16
75 25
74 10
73 32
72 60
71 19
70 13
69 21
68 76
67 97
66 38
65 84
64 23
63 32
62 55
61 61
60 86
59 17
58 30
57 69
55 38
54 90
53 44
52 64
51 85
50 25
49 25
48 52
47 98
46 50
45 75
44 20
43 49
42 42
41 30
40 99
39 13
38 23
37 80
36 78
35 85
34 15
33 60
32 46
31 76
30 39
29 61
28 34
27 34
26 46
25 44
24 33
23 89
22 60
21 20
20 45
19 15
18 14
17 49
16 42
15 37
14 93
13 44
12 11
11 56
10 64
9 36
8 15
7 51
6 60
5 44
4 98
3 90
2 52
1 54
100 78
99 64
98 68
97 47
96 48
95 74
94 26
93 56
92 85
91 41
90 27
89 47
88 33
87 99
86 89
85 25
84 97
83 21
82 89
81 97
80 23
79 19
78 71
77 24
76 62
75 73
74 16
73 59
72 99
71 62
70 46
69 32
68 14
67 33
66 40
65 17
64 47
63 95
62 44
61 57
60 50
59 24
58 40
56 67
55 86
54 49
53 87
52 72
51 54
50 42
49 18
48 77
47 94
46 23
45 43
44 62
43 48
42 14
41 34
40 83
39 66
38 43
37 93
36 15
35 74
34 58
33 77
32 61
31 26
30 40
29 45
28 45
27 76
26 28
25 70
24 11
23 56
22 58
21 48
20 37
19 18
18 95
17 79
16 56
15 35
14 62
13 98
12 40
11 58
10 83
9 64
8 85
7 38
6 64
5 15
4 90
3 68
2 53
1 36
100 85
99 12
98 31
97 53
96 20
95 98
94 36
93 35
92 40
91 36
90 86
89 11
88 90
87 88
86 50
85 28
84 55
83 80
82 98
81 21
80 93
79 32
78 61
77 86
76 73
75 94
74 76
73 78
72 74
71 16
70 41
69 40
68 44
67 34
66 69
65 65
64 89
63 53
62 25
61 10
60 40
59 62
57 60
56 41
55 80
54 54
53 88
52 54
51 32
50 71
49 73
48 70
47 31
46 97
45 80
44 22
43 63
42 66
41 15
40 67
39 56
38 74
37 15
36 55
35 74
34 88
33 47
32 92
31 21
30 31
29 26
28 69
27 21
26 51
25 57
24 31
23 27
22 45
21 87
20 73
19 34
18 79
17 50
16 65
15 98
14 48
13 90
12 35
11 87
10 13
9 69
8 83
7 73
6 31
5 11
4 56
3 90
2 58
1 38
100 30
99 51
98 84
97 37
96 36
95 86
94 11
93 56
92 62
91 30
90 17
89 20
88 40
87 34
86 72
85 37
84 47
83 82
82 78
81 62
80 84
79 51
78 55
77 28
76 57
75 59
74 91
73 13
72 75
71 62
70 85
69 96
68 52
67 88
66 22
65 53
64 15
63 73
62 89
61 95
60 68
58 11
57 86
56 43
55 10
54 47
53 80
52 82
51 17
50 53
49 97
48 49
47 66
46 41
45 61
44 67
43 39
42 78
41 93
40 100
39 60
38 98
37 58
36 51
35 14
34 71
33 73
32 35
31 77
30 70
29 81
28 60
27 57
26 69
25 85
24 36
23 79
22 87
21 91
20 28
19 48
18 34
17 69
16 93
15 88
14 36
13 87
12 17
11 81
10 49
9 73
8 37
7 90
6 52
5 80
4 15
3 86
2 13
1 26
100 57
99 91
98 40
97 39
96 87
95 28
94 33
93 40
92 52
91 58
90 47
89 78
88 68
87 30
86 20
85 72
84 87
83 45
82 54
81 20
80 90
79 39
78 43
77 25
76 79
75 58
74 84
73 14
72 88
71 69
70 48
69 90
68 62
67 88
66 89
65 25
64 89
63 74
62 84
61 81
59 51
58 25
57 92
56 42
55 62
54 91
53 81
52 37
51 66
50 78
49 62
48 27
47 12
46 56
45 93
44 16
43 45
42 40
41 62
40 33
39 56
38 78
37 60
36 52
35 30
34 30
33 85
32 94
31 90
30 81
29 19
28 81
27 17
26 79
25 67
24 44
23 48
22 35
21 27
20 39
19 38
18 17
17 85
16 34
15 31
14 48
13 50
12 43
11 59
10 85
9 58
8 53
7 100
6 60
5 10
4 69
3 33
2 23
1 39
100 94
99 77
98 19
97 53
96 57
95 38
94 60
93 60
92 89
91 77
90 74
89 45
88 100
87 35
86 72
85 12
84 15
83 64
82 15
81 88
80 14
79 23
78 65
77 96
76 30
75 70
74 69
73 22
72 10
71 92
70 29
69 13
68 21
67 42
66 33
65 97
64 72
63 25
62 68
60 19
59 77
58 97
57 24
56 33
55 29
54 69
53 92
52 15
51 37
50 19
49 46
48 84
47 50
46 63
45 90
44 93
43 71
42 68
41 23
40 21
39 19
38 78
37 84
36 65
35 30
34 30
33 15
32 10
31 41
30 33
29 77
28 40
27 30
26 20
25 37
24 26
23 18
22 35
21 53
20 17
19 91
18 30
17 78
16 49
15 88
14 40
13 40
12 29
11 67
10 19
9 33
8 55
7 70
6 88
5 32
4 12
3 75
2 36
1 38
100 82
99 94
98 80
97 48
96 34
95 90
94 98
93 47
92 72
91 67
90 29
89 84
88 58
87 59
86 53
85 37
84 50
83 96
82 14
81 59
80 62
79 60
78 40
77 84
76 30
75 28
74 42
73 93
72 20
71 83
70 99
69 36
68 87
67 86
66 25
65 50
64 38
63 43
61 42
60 52
59 79
58 100
57 96
56 100
55 32
54 97
53 44
52 63
51 43
50 41
49 11
48 38
47 61
46 38
45 21
44 13
43 39
42 35
41 55
40 87
39 85
38 61
37 56
36 27
35 44
34 46
33 43
32 29
31 63
30 20
29 81
28 82
27 16
26 15
25 28
24 19
23 31
22 31
21 14
20 11
19 93
18 44
17 41
16 42
15 46
14 59
13 10
12 47
11 59
10 44
9 46
8 25
7 14
6 32
5 56
4 40
3 79
2 69
1 69
100 87
99 93
98 45
97 89
96 44
95 73
94 22
93 36
92 56
91 30
90 62
89 84
88 54
87 14
86 91
85 78
84 71
83 51
82 15
81 45
80 91
79 90
78 11
77 92
76 85
75 31
74 37
73 98
72 58
71 58
70 34
69 25
68 80
67 17
66 97
65 41
64 94
62 68
61 23
60 53
59 21
58 76
57 17
56 27
55 45
54 90
53 60
52 48
51 68
50 73
49 45
48 86
47 94
46 28
45 44
44 18
43 48
42 71
41 22
40 44
39 53
38 71
37 52
36 44
35 65
34 81
33 46
32 91
31 81
30 49
29 64
28 53
27 78
26 11
25 99
24 92
23 29
22 31
21 29
20 66
19 70
18 62
17 65
16 49
15 22
14 22
13 78
12 99
11 89
10 23
9 50
8 35
7 92
6 38
5 96
4 88
3 75
2 67
1 11
100 74
99 14
98 27
97 34
96 57
95 73
94 57
93 95
92 13
91 51
90 13
89 76
88 15
87 55
86 100
85 57
84 47
83 33
82 44
81 64
80 51
79 45
78 84
77 39
76 51
75 32
74 56
73 97
72 64
71 64
70 91
69 49
68 82
67 94
66 49
65 30
63 66
62 12
61 45
60 93
59 70
58 77
57 59
56 19
55 65
54 87
53 91
52 32
51 15
50 23
49 34
48 36
47 16
46 81
45 20
44 39
43 70
42 84
41 43
40 51
39 30
38 21
37 71
36 73
35 86
34 96
33 56
32 13
31 86
30 12
29 41
28 77
27 81
26 22
25 86
24 36
23 11
22 100
21 75
20 59
19 25
18 72
17 71
16 99
15 61
14 11
13 69
12 68
11 82
10 53
9 74
8 51
7 81
6 62
5 73
4 43
3 84
2 37
1 94
100 42
99 79
98 77
97 44
96 43
95 85
94 64
93 70
92 44
91 88
90 78
89 43
88 59
87 61
86 32
85 21
84 99
83 88
82 82
81 73
80 40
79 23
78 20
77 95
76 50
75 59
74 81
73 87
72 73
71 61
70 88
69 78
68 91
67 61
66 62
64 41
63 74
62 54
61 41
60 100
59 63
58 12
57 98
56 53
55 21
54 74
53 24
52 29
51 12
50 53
49 49
48 27
47 51
46 68
45 59
44 71
43 60
42 100
41 34
40 55
39 36
38 80
37 17
36 67
35 51
34 85
33 71
32 77
31 72
30 91
29 23
28 51
27 93
26 66
25 98
24 15
23 12
22 91
21 18
20 15
19 85
18 94
17 46
16 59
15 65
14 40
13 36
12 25
11 11
10 61
9 72
8 59
7 73
6 54
5 64
4 22
3 70
2 37
1 65
100 36
99 69
98 85
97 81
96 19
95 54
94 27
93 53
92 94
91 15
90 26
89 12
88 70
87 69
86 89
85 40
84 59
83 41
82 28
81 50
80 72
79 89
78 81
77 52
76 35
75 99
74 16
73 26
72 94
71 88
70 93
69 59
68 63
67 12
65 54
64 62
63 23
62 57
61 45
60 31
59 71
58 62
57 76
56 60
55 72
54 30
53 36
52 23
51 87
50 52
49 73
48 50
47 35
46 43
45 99
44 86
43 61
42 17
41 38
40 57
39 29
38 60
37 16
36 22
35 50
34 77
33 65
32 61
31 69
30 68
29 89
28 85
27 91
26 27
25 30
24 79
23 35
22 84
21 65
20 10
19 39
18 23
17 73
16 52
15 40
14 84
13 81
12 72
11 10
10 47
9 94
8 14
7 77
6 25
5 47
4 25
3 71
2 39
1 100
100 46
99 67
98 100
97 42
96 24
95 87
94 61
93 85
92 92
91 74
90 86
89 85
88 28
87 85
86 23
85 95
84 23
83 97
82 26
81 57
80 35
79 97
78 34
77 45
76 48
75 66
74 61
73 81
72 67
71 29
70 59
69 73
68 84
66 11
65 29
64 14
63 40
62 90
61 83
60 19
59 86
58 53
57 76
56 98
55 57
54 82
53 86
52 71
51 33
50 79
49 41
48 30
47 86
46 80
45 30
44 71
43 22
42 66
41 71
40 35
39 40
38 80
37 97
36 90
35 67
34 11
33 73
32 60
31 63
30 65
29 33
28 60
27 58
26 85
25 89
24 88
23 43
22 42
21 21
20 10
19 39
18 92
17 64
16 33
15 25
14 27
13 100
12 28
11 30
10 82
9 86
8 78
7 61
6 43
5 85
4 59
3 55
2 15
1 66
100 31
99 14
98 53
97 82
96 29
95 96
94 88
93 88
92 43
91 56
90 19
89 56
88 26
87 60
86 93
85 92
84 80
83 63
82 25
81 87
80 18
79 41
78 63
77 90
76 37
75 100
74 12
73 41
72 41
71 75
70 22
69 92
67 89
66 43
65 49
64 12
63 62
62 90
61 93
60 21
59 68
58 47
57 85
56 95
55 12
54 54
53 93
52 99
51 15
50 29
49 68
48 79
47 80
46 84
45 40
44 22
43 95
42 24
41 22
40 36
39 38
38 92
37 39
36 21
35 91
34 66
33 18
32 21
31 64
30 22
29 54
28 62
27 67
26 27
25 69
24 11
23 16
22 12
21 21
20 96
19 62
18 94
17 85
16 66
15 23
14 94
13 28
12 77
11 23
10 69
9 55
8 23
7 28
6 14
5 19
4 36
3 29
2 49
1 60
100 77
99 26
98 39
97 23
96 82
95 32
94 50
93 41
92 15
91 99
90 16
89 13
88 29
87 77
86 20
85 36
84 37
83 56
82 99
81 80
80 95
79 53
78 59
77 34
76 90
75 35
74 53
73 24
72 80
71 35
70 96
68 16
67 43
66 68
65 61
64 61
63 32
62 34
61 21
60 33
59 33
58 90
57 19
56 39
55 27
54 99
53 66
52 57
51 30
50 51
49 88
48 87
47 38
46 29
45 75
44 94
43 56
42 30
41 25
40 38
39 61
38 85
37 55
36 72
35 81
34 93
33 10
32 97
31 88
30 94
29 85
28 32
27 76
26 71
25 14
24 95
23 22
22 79
21 35
20 45
19 20
18 98
17 84
16 68
15 92
14 39
13 56
12 100
11 40
10 96
9 77
8 76
7 60
6 74
5 46
4 99
3 79
2 41
1 87
100 11
99 52
98 41
97 12
96 51
95 99
94 62
93 32
92 31
91 49
90 55
89 45
88 26
87 27
86 10
85 52
84 80
83 52
82 22
81 65
80 70
79 46
78 18
77 74
76 95
75 71
74 24
73 23
72 26
71 15
69 18
68 35
67 55
66 76
65 24
64 73
63 74
62 60
61 14
60 66
59 75
58 43
57 46
56 44
55 31
54 26
53 95
52 79
51 41
50 98
49 77
48 35
47 26
46 66
45 22
44 74
43 22
42 29
41 48
40 38
39 49
38 31
37 66
36 43
35 66
34 55
33 44
32 98
31 54
30 65
29 69
28 76
27 56
26 51
25 25
24 28
23 34
22 20
21 34
20 95
19 91
18 39
17 65
16 88
15 32
14 38
13 94
12 89
11 33
10 70
9 87
8 14
7 29
6 62
5 36
4 57
3 73
2 46
1 10
100 71
99 51
98 100
97 97
96 50
95 67
94 53
93 39
92 43
91 23
90 77
89 82
88 90
87 80
86 53
85 78
84 65
83 94
82 99
81 63
80 61
79 47
78 27
77 72
76 27
75 69
74 33
73 32
72 31
70 92
69 64
68 97
67 30
66 70
65 81
64 69
63 19
62 30
61 28
60 39
59 98
58 53
57 10
56 15
55 19
54 42
53 62
52 47
51 86
50 53
49 78
48 57
47 50
46 48
45 53
44 47
43 62
42 73
41 88
40 53
39 44
38 54
37 17
36 29
35 91
34 74
33 80
32 17
31 44
30 94
29 16
28 76
27 84
26 74
25 91
24 40
23 16
22 64
21 59
20 68
19 50
18 32
17 100
16 96
15 99
14 50
13 48
12 45
11 86
10 90
9 88
8 85
7 32
6 88
5 95
4 23
3 61
2 97
1 92
100 99
99 62
98 54
97 72
96 38
95 85
94 98
93 55
92 76
91 64
90 91
89 24
88 89
87 79
86 62
85 88
84 93
83 59
82 58
81 62
80 63
79 24
78 44
77 39
76 95
75 25
74 89
73 45
71 30
70 57
69 62
68 22
67 98
66 38
65 68
64 66
63 50
62 36
61 52
60 18
59 51
58 16
57 25
56 51
55 84
54 17
53 41
52 62
51 28
50 52
49 49
48 93
47 24
46 64
45 76
44 88
43 61
42 30
41 41
40 31
39 90
38 48
37 52
36 15
35 19
34 79
33 19
32 21
31 98
30 59
29 25
28 98
27 17
26 67
25 75
24 80
23 48
22 93
21 61
20 95
19 37
18 10
17 83
16 80
15 17
14 24
13 13
12 97
11 48
10 17
9 58
8 83
7 75
6 99
5 64
4 22
3 34
2 74
1 85
100 84
99 55
98 68
97 38
96 48
95 59
94 84
93 49
92 28
91 75
90 85
89 40
88 64
87 30
86 98
85 36
84 29
83 16
82 93
81 54
80 76
79 86
78 92
77 47
76 72
75 11
74 79
72 72
71 65
70 48
69 52
68 55
67 43
66 10
65 34
64 38
63 34
62 19
61 38
60 15
59 70
58 32
57 27
56 69
55 29
54 47
53 28
52 56
51 100
50 40
49 47
48 13
47 42
46 61
45 69
44 33
43 46
42 67
41 75
40 67
39 14
38 65
37 71
36 58
35 42
34 71
33 42
32 92
31 30
30 86
29 91
28 95
27 76
26 59
25 44
24 13
23 38
22 97
21 50
20 80
19 62
18 58
17 84
16 23
15 50
14 20
13 78
12 82
11 47
10 42
9 48
8 94
7 84
6 39
5 77
4 96
3 79
2 76
1 56
100 31
99 39
98 36
97 34
96 48
95 100
94 11
93 76
92 94
91 72
90 58
89 44
88 32
87 88
86 31
85 96
84 52
83 97
82 50
81 84
80 50
79 17
78 85
77 57
76 91
75 22
73 48
72 34
71 84
70 32
69 59
68 18
67 14
66 17
65 10
64 98
63 47
62 85
61 95
60 44
59 32
58 30
57 69
56 73
55 82
54 39
53 11
52 59
51 95
50 60
49 29
48 20
47 39
46 63
45 35
44 21
43 90
42 27
41 98
40 65
39 26
38 13
37 55
36 30
35 21
34 40
33 11
32 90
31 96
30 63
29 86
28 59
27 28
26 59
25 79
24 26
23 85
22 44
21 10
20 16
19 18
18 81
17 26
16 94
15 34
14 70
13 29
12 20
11 31
10 15
9 32
8 26
7 43
6 56
5 92
4 64
3 67
2 90
1 16
100 59
99 30
98 28
97 57
96 91
95 29
94 50
93 83
92 17
91 57
90 49
89 36
88 95
87 52
86 98
85 53
84 98
83 48
82 45
81 93
80 73
79 17
78 77
77 99
76 30
74 27
73 76
72 41
71 53
70 29
69 60
68 36
67 33
66 90
65 75
64 66
63 20
62 100
61 19
60 87
59 25
58 66
57 92
56 28
55 20
54 41
53 72
52 74
51 31
50 62
49 48
48 81
47 39
46 57
45 65
44 75
43 37
42 59
41 64
40 74
39 20
38 43
37 81
36 22
35 88
34 74
33 58
32 10
31 67
30 17
29 88
28 44
27 65
26 23
25 23
24 94
23 93
22 85
21 82
20 64
19 37
18 51
17 88
16 49
15 20
14 73
13 93
12 44
11 17
10 62
9 57
8 70
7 16
6 73
5 82
4 95
3 78
2 48
1 60
100 72
99 42
98 35
97 58
96 45
95 57
94 94
93 98
92 49
91 95
90 43
89 86
88 36
87 41
86 100
85 35
84 73
83 32
82 20
81 36
80 94
79 75
78 22
77 66
75 41
74 12
73 48
72 20
71 76
70 34
69 25
68 85
67 64
66 15
65 54
64 81
63 27
62 34
61 31
60 72
59 37
58 43
57 67
56 37
55 28
54 57
53 59
52 79
51 94
50 91
49 74
48 80
47 92
46 80
45 48
44 59
43 73
42 82
41 25
40 67
39 90
38 57
37 82
36 83
35 14
34 76
33 41
32 24
31 76
30 31
29 15
28 29
27 84
26 50
25 20
24 100
23 31
22 46
21 52
20 64
19 46
18 25
17 57
16 95
15 99
14 93
13 68
12 28
11 92
10 80
9 16
8 44
7 77
6 87
5 38
4 74
3 45
2 95
1 95
100 52
99 17
98 27
97 41
96 34
95 42
94 29
93 74
92 94
91 32
90 94
89 19
88 76
87 91
86 73
85 26
84 66
83 75
82 53
81 50
80 71
79 64
78 75
76 15
75 99
74 43
73 37
72 74
71 89
70 55
69 99
68 19
67 94
66 63
65 82
64 48
63 74
62 37
61 100
60 53
59 35
58 18
57 57
56 22
55 78
54 13
53 17
52 15
51 94
50 34
49 99
48 35
47 57
46 80
45 90
44 37
43 39
42 31
41 26
40 81
39 86
38 94
37 15
36 36
35 33
34 57
33 34
32 18
31 88
30 39
29 29
28 30
27 43
26 31
25 67
24 84
23 40
22 30
21 86
20 12
19 48
18 70
17 68
16 32
15 44
14 69
13 50
12 66
11 98
10 20
9 47
8 65
7 86
6 26
5 84
4 63
3 34
2 49
1 52
100 65
99 66
98 15
97 41
96 26
95 11
94 16
93 45
92 82
91 63
90 69
89 54
88 92
87 77
86 66
85 72
84 76
83 58
82 74
81 30
80 20
79 26
77 28
76 13
75 99
74 54
73 52
72 64
71 33
70 10
69 75
68 97
67 50
66 50
65 81
64 85
63 66
62 43
61 23
60 22
59 17
58 44
57 80
56 37
55 34
54 83
53 16
52 15
51 32
50 11
49 15
48 64
47 95
46 25
45 36
44 45
43 40
42 40
41 38
40 41
39 64
38 78
37 37
36 17
35 97
34 99
33 91
32 35
31 73
30 21
29 48
28 38
27 70
26 17
25 83
24 45
23 15
22 33
21 98
20 90
19 99
18 36
17 61
16 42
15 46
14 23
13 85
12 55
11 67
10 96
9 92
8 96
7 12
6 22
5 70
4 10
3 98
2 40
1 18
100 99
99 59
98 17
97 64
96 72
95 50
94 21
93 30
92 41
91 95
90 17
89 17
88 18
87 87
86 89
85 79
84 17
83 61
82 50
81 13
80 64
78 25
77 18
76 13
75 74
74 10
73 50
72 44
71 21
70 57
69 44
68 91
67 44
66 73
65 97
64 94
63 71
62 80
61 57
60 13
59 45
58 24
57 34
56 77
55 45
54 23
53 82
52 35
51 56
50 24
49 25
48 59
47 66
46 19
45 21
44 81
43 74
42 78
41 96
40 79
39 20
38 31
37 17
36 79
35 79
34 13
33 47
32 63
31 91
30 55
29 37
28 15
27 13
26 12
25 99
24 54
23 15
22 15
21 48
20 40
19 35
18 21
17 92
16 39
15 22
14 73
13 93
12 28
11 96
10 48
9 90
8 99
7 59
6 52
5 50
4 31
3 35
2 18
1 94
100 75
99 53
98 35
97 47
96 67
95 15
94 71
93 93
92 25
91 80
90 41
89 34
88 73
87 40
86 72
85 66
84 11
83 74
82 82
81 62
79 43
78 84
77 56
76 20
75 33
74 64
73 17
72 47
71 76
70 97
69 72
68 70
67 58
66 11
65 45
64 76
63 47
62 96
61 84
60 34
59 88
58 49
57 81
56 14
55 62
54 19
53 81
52 96
51 31
50 68
49 11
48 89
47 53
46 42
45 97
44 22
43 90
42 69
41 18
40 35
39 66
38 85
37 83
36 54
35 90
34 48
33 19
32 66
31 33
30 28
29 54
28 71
27 29
26 58
25 60
24 44
23 33
22 33
21 49
20 53
19 50
18 25
17 87
16 83
15 55
14 91
13 43
12 79
11 36
10 98
9 62
8 43
7 86
6 47
5 37
4 53
3 91
2 56
1 55
100 96
99 94
98 33
97 19
96 73
95 72
94 48
93 24
92 26
91 70
90 78
89 89
88 42
87 61
86 58
85 47
84 87
83 65
82 62
80 32
79 60
78 55
77 71
76 82
75 46
74 44
73 63
72 38
71 56
70 29
69 13
68 13
67 17
66 86
65 97
64 40
63 82
62 97
61 86
60 89
59 86
58 76
57 34
56 84
55 96
54 14
53 96
52 12
51 53
50 21
49 31
48 28
47 20
46 71
45 91
44 57
43 50
42 36
41 94
40 20
39 99
38 18
37 49
36 44
35 40
34 86
33 43
32 29
31 57
30 22
29 87
28 88
27 58
26 12
25 70
24 67
23 42
22 53
21 85
20 74
19 65
18 27
17 64
16 32
15 23
14 31
13 44
12 88
11 20
10 86
9 81
8 76
7 32
6 30
5 35
4 91
3 63
2 49
1 40
100 71
99 55
98 56
97 28
96 53
95 28
94 40
93 28
92 77
91 12
90 44
89 39
88 25
87 59
86 99
85 39
84 11
83 66
81 79
80 26
79 82
78 89
77 37
76 49
75 50
74 27
73 91
72 48
71 68
70 10
69 77
68 47
67 16
66 23
65 62
64 84
63 13
62 73
61 31
60 68
59 46
58 27
57 48
56 82
55 33
54 11
53 78
52 11
51 37
50 19
49 99
48 53
47 67
46 32
45 56
44 39
43 68
42 53
41 74
40 56
39 70
38 46
37 38
36 99
35 85
34 52
33 42
32 70
31 47
30 89
29 12
28 84
27 17
26 94
25 59
24 11
23 44
22 58
21 26
20 79
19 23
18 86
17 29
16 100
15 64
14 20
13 31
12 17
11 85
10 16
9 53
8 49
7 37
6 22
5 17
4 16
3 56
2 42
1 28
100 86
99 11
98 32
97 95
96 60
95 13
94 11
93 12
92 14
91 43
90 62
89 62
88 91
87 33
86 22
85 76
84 42
82 95
81 73
80 31
79 52
78 65
77 45
76 62
75 12
74 91
73 48
72 39
71 26
70 42
69 43
68 66
67 30
66 45
65 45
64 62
63 40
62 47
61 30
60 80
59 71
58 54
57 98
56 57
55 26
54 54
53 86
52 17
51 78
50 60
49 78
48 80
47 96
46 92
45 60
44 84
43 77
42 63
41 64
40 88
39 80
38 78
37 68
36 47
35 36
34 25
33 25
32 79
31 48
30 41
29 43
28 41
27 14
26 61
25 48
24 74
23 41
22 64
21 26
20 44
19 52
18 46
17 32
16 11
15 47
14 67
13 82
12 30
11 61
10 86
9 34
8 28
7 36
6 76
5 65
4 48
3 57
2 63
1 44
100 25
99 61
98 59
97 20
96 58
95 88
94 42
93 14
92 75
91 13
90 68
89 50
88 57
87 60
86 53
85 35
83 16
82 24
81 61
80 32
79 53
78 12
77 58
76 82
75 49
74 24
73 68
72 68
71 35
70 77
69 13
68 28
67 29
66 83
65 59
64 33
63 49
62 70
61 40
60 64
59 65
58 53
57 90
56 31
55 54
54 85
53 77
52 89
51 89
50 53
49 44
48 22
47 16
46 47
45 23
44 75
43 61
42 26
41 50
40 100
39 79
38 27
37 35
36 10
35 14
34 17
33 63
32 27
31 24
30 95
29 27
28 86
27 85
26 44
25 24
24 49
23 50
22 98
21 83
20 30
19 80
18 61
17 83
16 66
15 89
14 14
13 93
12 19
11 17
10 74
9 31
8 13
7 100
6 43
5 86
4 92
3 39
2 77
1 47
100 58
99 86
98 79
97 91
96 11
95 71
94 73
93 57
92 18
91 33
90 92
89 70
88 22
87 26
86 39
84 34
83 87
82 64
81 87
80 42
79 64
78 44
77 47
76 30
75 45
74 31
73 98
72 39
71 55
70 81
69 48
68 50
67 20
66 41
65 52
64 83
63 74
62 42
61 63
60 63
59 49
58 89
57 49
56 38
55 59
54 53
53 44
52 43
51 57
50 41
49 69
48 70
47 59
46 97
45 90
44 15
43 85
42 59
41 10
40 63
39 57
38 20
37 83
36 35
35 83
34 19
33 25
32 16
31 31
30 85
29 57
28 96
27 10
26 88
25 93
24 60
23 91
22 30
21 77
20 80
19 27
18 73
17 74
16 52
15 28
14 44
13 34
12 51
11 82
10 96
9 31
8 43
7 15
6 47
5 70
4 92
3 11
2 46
1 73
100 25
99 93
98 75
97 66
96 96
95 90
94 22
93 17
92 84
91 30
90 56
89 23
88 46
87 77
85 19
84 76
83 83
82 42
81 62
80 78
79 57
78 45
77 34
76 97
75 20
74 64
73 95
72 37
71 43
70 64
69 27
68 32
67 47
66 72
65 15
64 30
63 93
62 50
61 54
60 90
59 56
58 80
57 99
56 23
55 50
54 61
53 90
52 75
51 68
50 80
49 12
48 48
47 54
46 58
45 86
44 94
43 22
42 71
41 69
40 59
39 62
38 25
37 61
36 75
35 86
34 63
33 14
32 97
31 15
30 68
29 67
28 47
27 65
26 17
25 96
24 25
23 99
22 10
21 93
20 41
19 76
18 82
17 81
16 53
15 33
14 28
13 51
12 18
11 62
10 73
9 22
8 37
7 78
6 42
5 24
4 16
3 74
2 23
1 66
100 58
99 77
98 57
97 44
96 16
95 80
94 54
93 98
92 22
91 11
90 31
89 38
88 33
86 12
85 62
84 46
83 20
82 99
81 32
80 23
79 68
78 12
77 28
76 80
75 91
74 29
73 27
72 70
71 32
70 69
69 78
68 77
67 31
66 39
65 49
64 49
63 46
62 55
61 47
60 22
59 74
58 48
57 50
56 81
55 62
54 25
53 26
52 63
51 14
50 100
49 23
48 42
47 95
46 10
45 42
44 36
43 12
42 45
41 26
40 54
39 38
38 20
37 72
36 54
35 56
34 71
33 12
32 100
31 27
30 67
29 46
28 79
27 59
26 11
25 45
24 83
23 58
22 69
21 61
20 37
19 40
18 55
17 87
16 53
15 79
14 16
13 74
12 47
11 35
10 56
9 39
8 46
7 86
6 81
5 51
4 36
3 23
2 30
1 46
100 46
99 50
98 78
97 89
96 13
95 65
94 63
93 99
92 37
91 66
90 81
89 43
87 71
86 65
85 87
84 25
83 41
82 74
81 27
80 37
79 74
78 74
77 18
76 15
75 68
74 43
73 42
72 32
71 68
70 94
69 90
68 93
67 38
66 12
65 41
64 27
63 45
62 30
61 72
60 53
59 91
58 34
57 89
56 82
55 100
54 32
53 57
52 90
51 65
50 51
49 19
48 82
47 94
46 59
45 41
44 12
43 67
42 58
41 30
40 59
39 62
38 88
37 21
36 30
35 50
34 69
33 83
32 23
31 13
30 61
29 83
28 17
27 90
26 37
25 42
24 86
23 80
22 19
21 62
20 99
19 11
18 29
17 78
16 79
15 89
14 66
13 98
12 14
11 82
10 48
9 31
8 36
7 30
6 98
5 28
4 88
3 99
2 33
1 65
100 90
99 83
98 96
97 52
96 77
95 37
94 87
93 80
92 80
91 48
90 65
88 52
87 34
86 94
85 98
84 88
83 78
82 79
81 57
80 61
79 96
78 31
77 25
76 79
75 58
74 54
73 94
72 38
71 55
70 17
69 61
68 41
67 18
66 72
65 52
64 96
63 52
62 15
61 53
60 49
59 23
58 44
57 64
56 17
55 89
54 80
53 12
52 88
51 84
50 39
49 35
48 43
47 85
46 89
45 88
44 88
43 100
42 70
41 68
40 55
39 23
38 66
37 55
36 80
35 32
34 85
33 19
32 69
31 98
30 72
29 87
28 77
27 95
26 49
25 45
24 32
23 32
22 26
21 89
20 36
19 17
18 38
17 88
16 86
15 51
14 13
13 35
12 35
11 28
10 15
9 72
8 15
7 65
6 11
5 18
4 28
3 29
2 62
1 48
100 90
99 69
98 20
97 100
96 26
95 26
94 100
93 87
92 11
91 92
89 85
88 34
87 82
86 83
85 78
84 48
83 72
82 49
81 28
80 33
79 83
78 37
77 72
76 67
75 72
74 90
73 87
72 59
71 59
70 76
69 27
68 50
67 23
66 75
65 31
64 62
63 68
62 51
61 10
60 11
59 72
58 55
57 54
56 20
55 84
54 14
53 62
52 48
51 95
50 86
49 42
48 87
47 86
46 63
45 84
44 52
43 73
42 88
41 55
40 36
39 67
38 18
37 64
36 76
35 38
34 66
33 23
32 85
31 44
30 13
29 18
28 65
27 85
26 49
25 37
24 71
23 52
22 27
21 86
20 90
19 97
18 96
17 68
16 51
15 52
14 42
13 93
12 77
11 36
10 44
9 89
8 57
7 46
6 43
5 38
4 10
3 57
2 92
1 17
100 91
99 25
98 41
97 44
96 81
95 34
94 87
93 24
92 43
90 26
89 87
88 64
87 58
86 42
85 48
84 25
83 81
82 92
81 44
80 63
79 35
78 24
77 87
76 47
75 38
74 86
73 17
72 88
71 50
70 53
69 66
68 12
67 45
66 84
65 86
64 42
63 44
62 37
61 74
60 21
59 88
58 15
57 11
56 84
55 22
54 70
53 36
52 22
51 11
50 79
49 30
48 72
47 10
46 74
45 69
44 65
43 66
42 80
41 57
40 92
39 61
38 55
37 58
36 98
35 88
34 36
33 57
32 55
31 27
30 20
29 35
28 79
27 36
26 25
25 28
24 48
23 94
22 14
21 85
20 15
19 30
18 13
17 85
16 85
15 24
14 47
13 28
12 32
11 66
10 57
9 10
8 47
7 14
6 68
5 81
4 67
3 86
2 85
1 98
100 41
99 54
98 77
97 87
96 38
95 18
94 99
93 94
91 16
90 76
89 75
88 96
87 76
86 54
85 83
84 78
83 83
82 27
81 54
80 66
79 34
78 13
77 49
76 49
75 76
74 90
73 23
72 12
71 35
70 40
69 96
68 54
67 76
66 41
65 66
64 97
63 35
62 32
61 47
60 40
59 32
58 71
57 29
56 77
55 42
54 74
53 47
52 37
51 51
50 99
49 75
48 71
47 89
46 83
45 36
44 46
43 32
42 75
41 66
40 70
39 72
38 47
37 76
36 41
35 72
34 30
33 16
32 78
31 75
30 66
29 54
28 96
27 80
26 82
25 80
24 70
23 98
22 13
21 44
20 92
19 92
18 19
17 42
16 25
15 87
14 55
13 53
12 66
11 44
10 67
9 92
8 22
7 59
6 98
5 73
4 44
3 73
2 45
1 68
100 53
99 50
98 63
97 44
96 56
95 70
94 80
92 14
91 69
90 13
89 52
88 74
87 19
86 17
85 83
84 100
83 11
82 90
81 77
80 23
79 43
78 94
77 70
76 26
75 81
74 55
73 53
72 93
71 97
70 34
69 95
68 27
67 69
66 97
65 59
64 22
63 47
62 24
61 33
60 69
59 13
58 49
57 46
56 20
55 24
54 37
53 10
52 81
51 23
50 63
49 88
48 75
47 29
46 18
45 38
44 16
43 20
42 88
41 36
40 51
39 13
38 45
37 57
36 65
35 69
34 50
33 56
32 69
31 76
30 39
29 35
28 16
27 32
26 94
25 89
24 48
23 54
22 32
21 59
20 92
19 66
18 24
17 24
16 47
15 69
14 58
13 84
12 98
11 19
10 37
9 46
8 29
7 41
6 55
5 36
4 62
3 58
2 27
1 63
100 92
99 44
98 53
97 45
96 96
95 26
93 72
92 39
91 51
90 86
89 12
88 100
87 12
86 34
85 91
84 12
83 95
82 65
81 21
80 28
79 99
78 74
77 51
76 87
75 69
74 25
73 26
72 13
71 41
70 76
69 84
68 67
67 87
66 39
65 85
64 79
63 81
62 93
61 69
60 91
59 21
58 11
57 94
56 92
55 87
54 29
53 36
52 99
51 15
50 46
49 67
48 13
47 26
46 43
45 61
44 81
43 95
42 77
41 76
40 83
39 48
38 14
37 77
36 31
35 37
34 78
33 10
32 38
31 50
30 42
29 93
28 84
27 26
26 77
25 70
24 74
23 40
22 14
21 77
20 68
19 77
18 23
17 24
16 42
15 49
14 43
13 38
12 82
11 12
10 61
9 80
8 46
7 62
6 53
5 46
4 74
3 97
2 37
1 97
100 48
99 35
98 98
97 21
96 59
94 71
93 44
92 14
91 53
90 20
89 14
88 12
87 14
86 33
85 13
84 80
83 32
82 16
81 73
80 20
79 55
78 34
77 93
76 76
75 70
74 46
73 13
72 81
71 68
70 19
69 17
68 65
67 56
66 27
65 71
64 46
63 79
62 20
61 85
60 17
59 90
58 76
57 66
56 19
55 63
54 51
53 65
52 21
51 56
50 43
49 70
48 31
47 40
46 51
45 51
44 41
43 54
42 87
41 58
40 49
39 51
38 71
37 76
36 70
35 57
34 88
33 85
32 58
31 12
30 47
29 56
28 60
27 76
26 86
25 77
24 66
23 63
22 97
21 15
20 13
19 87
18 30
17 61
16 21
15 18
14 76
13 32
12 12
11 12
10 95
9 65
8 14
7 28
6 44
5 90
4 23
3 77
2 65
1 81
100 16
99 83
98 17
97 10
95 13
94 31
93 67
92 84
91 80
90 49
89 32
88 75
87 81
86 29
85 47
84 14
83 92
82 43
81 31
80 50
79 22
78 48
77 92
76 48
75 57
74 16
73 81
72 45
71 42
70 24
69 44
68 11
67 42
66 48
65 95
64 22
63 30
62 21
61 38
60 88
59 45
58 71
57 28
56 36
55 81
54 97
53 11
52 70
51 47
50 44
49 47
48 95
47 42
46 15
45 98
44 23
43 69
42 68
41 23
40 18
39 11
38 62
37 20
36 64
35 91
34 93
33 48
32 94
31 54
30 41
29 84
28 61
27 55
26 74
25 54
24 70
23 38
22 52
21 68
20 50
19 34
18 61
17 70
16 37
15 80
14 14
13 92
12 33
11 47
10 16
9 88
8 90
7 63
6 59
5 94
4 94
3 26
2 59
1 91
100 66
99 57
98 21
96 91
95 66
94 40
93 62
92 28
91 74
90 99
89 58
88 56
87 30
86 49
85 34
84 15
83 28
82 27
81 37
80 55
79 62
78 18
77 35
76 78
75 69
74 40
73 34
72 77
71 86
70 56
69 45
68 99
67 19
66 14
65 93
64 100
63 17
62 45
61 81
60 92
59 82
58 96
57 25
56 24
55 32
54 94
53 58
52 31
51 99
50 80
49 82
48 89
47 74
46 36
45 55
44 52
43 57
42 18
41 64
40 56
39 20
38 63
37 55
36 49
35 21
34 78
33 27
32 96
31 100
30 69
29 50
28 38
27 18
26 37
25 55
24 65
23 47
22 23
21 58
20 75
19 99
18 93
17 59
16 66
15 92
14 50
13 80
12 47
11 75
10 77
9 79
8 57
7 85
6 87
5 98
4 62
3 89
2 66
1 82
100 50
99 79
97 80
96 47
95 90
94 29
93 30
92 63
91 80
90 46
89 76
88 14
87 35
86 30
85 95
84 56
83 25
82 23
81 11
80 86
79 100
78 95
77 24
76 61
75 91
74 14
73 19
72 29
71 27
70 56
69 37
68 13
67 97
66 40
65 98
64 41
63 96
62 41
61 11
60 81
59 79
58 29
57 25
56 83
55 61
54 64
53 78
52 68
51 90
50 90
49 33
48 88
47 34
46 54
45 37
44 10
43 19
42 54
41 45
40 49
39 10
38 18
37 70
36 36
35 77
34 70
33 96
32 94
31 68
30 71
29 13
28 55
27 56
26 20
25 64
24 88
23 66
22 35
21 98
20 80
19 47
18 98
17 26
16 94
15 32
14 64
13 33
12 46
11 96
10 99
9 52
8 42
7 34
6 36
5 56
4 97
3 47
2 84
1 67
100 78
98 78
97 43
96 18
95 29
94 93
93 32
92 84
91 46
90 77
89 27
88 27
87 17
86 81
85 22
84 44
83 33
82 47
81 96
80 23
79 98
78 25
77 15
76 26
75 25
74 36
73 51
72 68
71 71
70 21
69 14
68 100
67 39
66 25
65 55
64 67
63 36
62 34
61 94
60 20
59 55
58 69
57 61
56 71
55 52
54 18
53 92
52 50
51 62
50 87
49 36
48 85
47 54
46 77
45 31
44 46
43 14
42 83
41 99
40 93
39 24
38 24
37 84
36 95
35 77
34 13
33 29
32 16
31 32
30 76
29 98
28 97
27 45
26 50
25 56
24 60
23 82
22 37
21 65
20 83
19 54
18 11
17 55
16 26
15 88
14 84
13 88
12 44
11 96
10 71
9 23
8 78
7 71
6 92
5 73
4 19
3 53
2 65
1 40
99 26
98 30
97 69
96 50
95 56
94 17
93 34
92 74
91 77
90 52
89 49
88 87
87 98
86 85
85 70
84 71
83 55
82 41
81 57
80 99
79 85
78 96
77 43
76 59
75 82
74 90
73 66
72 67
71 12
70 80
69 88
68 28
67 73
66 33
65 37
64 90
63 73
62 58
61 59
60 65
59 49
58 31
57 40
56 70
55 95
54 14
53 16
52 65
51 15
50 93
49 27
48 77
47 92
46 17
45 87
44 62
43 64
42 26
41 72
40 64
39 33
38 29
37 17
36 89
35 88
34 53
33 12
32 26
31 65
30 83
29 84
28 38
27 94
26 15
25 86
24 88
23 15
22 82
21 43
20 98
19 73
18 51
17 99
16 71
15 23
14 27
13 26
12 47
11 53
10 11
9 82
8 15
7 63
6 82
5 99
4 40
3 15
2 88
1 49
19
91
1 19 
1 40 
1 24 
1 75 
1 12 
1 52 
1 23 
1 54 
1 95 
1 88 
1 79 
1 29 
1 94 
1 43 
1 68 
1 41 
1 63 
1 99 
1 22 
1 28 
1 84 
1 72 
1 7 
1 13 
1 4 
1 76 
1 32 
1 10 
1 5 
1 1 
1 14 
1 87 
1 34 
1 78 
1 60 
1 80 
1 16 
1 58 
1 50 
1 45 
1 46 
1 90 
1 65 
1 81 
1 66 
1 85 
1 35 
1 42 
1 61 
1 92 
1 51 
1 70 
1 26 
1 73 
1 27 
1 17 
1 82 
1 11 
1 55 
1 97 
1 21 
1 38 
1 25 
1 31 
1 30 
1 33 
1 74 
1 8 
1 59 
1 62 
1 9 
1 96 
1 39 
1 67 
1 48 
1 98 
1 36 
1 64 
1 71 
1 91 
