120 600 10 100 24
7
5
4
5
11
4
6
5
2
5
9
6
3
5
6
5
6
7
5
3
6
7
6
6
4
4
4
9
5
7
2
4
3
6
5
3
5
2
10
11
4
4
3
4
2
9
3
8
5
6
4
9
7
7
3
2
7
2
6
6
8
6
4
5
5
7
6
4
2
6
5
6
2
4
9
4
6
6
5
2
6
3
4
3
2
6
4
4
5
6
4
4
7
2
3
3
6
4
3
10
2
3
6
4
5
7
7
6
4
4
5
5
3
7
3
3
5
3
3
5
99 76
82 14
4 78
105 57
18 59
15 38
2 29
39 77
88 53
56 89
32 58
3 69
97 87
29 14
56 20
4 19
41 42
92 30
119 66
25 83
5 11
31 83
47 38
14 49
65 53
39 69
102 51
112 93
78 46
69 17
22 40
6 32
4 27
88 99
1 88
7 20
6 25
35 32
60 26
10 31
107 85
8 32
106 66
80 42
34 30
60 17
9 12
96 24
10 72
17 44
118 23
105 62
67 38
11 68
90 96
99 82
97 92
118 58
16 46
111 78
104 30
103 74
12 95
105 30
59 75
97 48
91 58
70 78
13 79
8 74
73 23
14 91
71 90
13 48
70 16
115 12
15 53
27 88
45 37
46 78
104 98
101 95
16 57
5 24
60 60
74 78
100 12
17 49
33 99
87 65
10 71
62 24
12 93
18 74
114 36
17 97
99 27
12 23
60 78
58 37
19 88
120 11
77 14
91 15
101 41
20 65
74 37
100 43
21 83
79 26
117 90
58 84
60 77
47 58
22 59
117 14
24 47
91 69
59 33
4 73
36 20
23 60
13 57
91 75
42 12
117 45
108 23
24 97
7 95
100 98
77 92
13 14
4 44
25 75
99 26
90 50
95 12
26 42
16 20
4 40
67 41
27 64
118 75
18 53
14 35
28 23
107 64
80 79
82 83
108 31
85 63
110 25
19 23
118 58
29 52
115 95
112 96
60 78
80 68
30 46
46 82
5 67
65 80
48 70
75 69
20 16
31 87
99 26
32 62
73 68
83 81
97 80
33 19
2 82
78 37
34 54
74 15
86 45
83 88
105 96
110 24
35 63
90 60
76 42
11 34
64 97
36 96
94 63
66 15
37 69
68 55
35 58
7 16
1 91
38 89
29 59
39 86
81 81
91 67
15 37
20 88
12 96
22 65
2 53
51 43
60 12
40 10
21 99
104 44
75 65
119 40
6 60
8 92
31 29
33 71
51 75
83 86
41 56
70 32
81 42
96 21
42 37
24 52
107 23
54 26
43 86
79 25
61 77
44 60
10 42
34 50
77 79
45 42
43 39
46 69
13 81
88 81
72 68
64 19
44 14
10 17
99 29
43 11
47 63
64 59
4 18
48 79
52 42
118 15
43 88
76 50
10 99
18 46
94 57
49 98
110 67
79 16
19 86
108 36
50 50
68 26
63 21
56 64
117 72
49 57
51 59
57 99
40 62
24 86
52 21
41 37
1 71
11 17
74 80
84 15
64 76
106 92
99 49
53 31
11 100
116 30
80 84
2 24
32 91
9 33
54 23
84 91
38 72
34 20
12 96
15 87
53 39
55 79
110 12
33 36
56 56
6 14
57 88
45 52
39 71
54 88
2 65
106 97
64 77
58 51
79 94
59 66
47 53
119 93
57 64
101 50
76 60
60 58
15 65
58 79
118 40
109 66
73 21
61 37
20 64
70 79
75 85
25 11
93 52
115 24
67 38
62 58
57 96
120 63
26 29
13 40
88 26
63 66
46 96
65 96
98 74
64 46
27 72
96 22
119 80
34 22
65 28
37 75
59 26
21 24
43 63
66 39
55 30
34 45
59 18
57 52
87 63
53 41
67 88
19 66
116 34
110 92
92 73
17 48
68 25
28 14
88 32
114 93
69 89
102 63
70 63
98 84
113 28
95 68
77 97
31 23
71 37
70 53
26 49
46 53
55 83
72 63
33 20
12 33
46 82
81 50
34 57
73 30
19 33
74 54
117 48
12 45
32 70
75 99
17 75
28 15
58 60
6 36
12 82
112 35
20 47
35 54
76 74
26 88
29 17
47 57
77 55
1 67
48 35
76 46
38 78
24 42
78 46
90 87
42 32
105 35
92 33
8 91
79 38
60 98
99 100
56 52
67 97
80 68
7 66
81 36
51 63
61 94
29 84
115 94
96 68
82 91
99 51
62 66
83 100
86 16
90 36
20 79
84 50
104 58
23 21
85 99
44 55
86 59
85 97
97 67
61 38
116 80
51 48
87 37
64 14
68 39
104 95
88 82
71 57
32 96
29 96
89 87
46 69
113 65
109 83
34 80
90 42
49 77
119 13
96 19
50 40
67 35
91 40
71 54
83 57
55 86
92 55
71 54
67 58
59 78
93 100
104 91
46 79
101 46
40 51
120 80
118 22
94 79
77 23
95 92
86 26
63 82
96 69
98 54
118 41
97 41
13 50
116 88
110 12
63 31
100 38
98 63
79 18
50 38
10 16
99 67
40 58
37 65
100 86
107 51
24 38
87 40
26 70
23 26
43 67
94 62
80 44
19 100
101 16
59 38
102 77
52 18
59 86
103 31
57 61
71 57
109 97
20 36
34 25
104 11
39 81
51 95
108 77
105 12
94 50
74 22
100 71
116 24
106 63
102 58
65 33
84 48
12 62
37 61
68 81
107 32
50 22
16 86
89 28
43 24
12 41
77 31
108 78
34 99
26 73
5 88
1 93
39 27
109 54
53 40
8 67
64 21
110 71
37 96
82 82
4 58
111 52
118 92
108 93
87 21
119 15
112 73
45 39
51 66
28 86
19 54
113 69
52 89
9 31
114 38
109 60
1 89
53 13
111 70
18 64
13 21
115 83
92 89
1 10
116 60
65 85
75 56
117 92
104 13
78 59
17 46
61 59
118 90
95 49
98 54
119 55
41 90
15 68
120 90
57 20
85 85
108 16
61 31
1 70
16
31
2 92 16 
3 61 42 20 
3 46 90 116 
1 76 
1 89 
1 62 
2 35 69 
1 26 
5 66 12 96 45 27 
1 85 
1 29 
1 47 
4 109 23 71 102 
3 55 30 7 
2 48 44 
2 19 37 
3 21 65 8 
3 110 67 95 
1 6 
1 74 
2 117 81 
2 82 77 
1 33 
2 107 31 
