120 600 10 100 24
8
5
6
5
5
5
3
6
8
2
3
7
4
4
4
4
5
7
4
6
4
5
8
8
6
6
5
3
4
4
5
7
5
5
5
8
4
2
3
5
6
4
2
10
6
6
2
4
4
4
2
9
5
6
4
8
4
9
3
7
6
6
3
4
2
3
4
3
3
4
8
4
3
3
5
8
10
3
5
3
2
7
4
8
5
6
5
6
5
5
5
4
4
5
4
8
5
7
9
6
2
7
5
4
3
7
6
7
4
5
4
2
4
3
9
2
2
7
4
5
66 74
98 43
93 24
30 20
95 71
44 75
120 49
2 29
40 54
87 57
97 89
62 81
3 50
92 91
61 23
96 26
37 72
86 56
4 67
112 75
65 86
63 68
107 21
5 79
110 44
66 33
79 77
36 13
6 50
94 26
48 100
4 91
29 78
7 49
42 49
49 57
8 58
112 68
57 16
117 11
63 14
83 79
9 19
93 92
25 67
76 59
30 98
20 42
18 50
36 74
10 78
120 28
11 32
26 62
34 21
12 31
31 16
35 60
66 97
90 18
8 27
15 73
13 89
37 83
17 10
49 80
14 90
66 71
117 41
50 52
15 72
92 10
66 85
68 21
16 86
106 32
115 60
95 78
17 65
22 55
94 63
73 88
61 62
18 76
73 36
85 72
23 58
72 32
48 64
56 15
19 92
118 87
42 49
55 15
20 92
99 66
78 86
41 69
89 67
66 76
21 28
88 27
85 81
54 72
22 13
111 77
25 37
7 61
14 88
23 71
48 65
4 72
112 70
11 54
101 65
15 25
58 66
24 54
47 55
49 60
39 40
90 87
44 82
1 13
99 54
25 37
109 44
14 68
6 93
93 61
22 39
26 49
29 23
61 87
25 36
62 18
86 39
27 79
88 46
73 82
84 72
22 38
28 73
95 96
37 56
29 45
78 13
68 33
46 41
30 91
95 13
60 53
93 62
31 14
61 28
75 80
17 62
42 16
32 13
51 35
94 53
60 22
70 16
68 59
26 96
33 72
40 26
114 11
77 80
42 59
34 16
44 76
99 47
83 86
110 46
35 89
99 51
70 38
102 82
52 44
36 43
101 73
27 99
108 81
75 49
118 15
25 42
61 48
37 66
19 26
33 33
116 36
38 70
40 51
39 44
23 92
85 17
40 96
47 82
119 21
13 100
107 92
41 73
103 34
51 25
93 15
45 99
53 70
42 80
60 21
7 75
29 70
43 76
108 16
44 90
37 36
30 55
49 13
46 40
71 15
32 65
104 80
87 76
114 35
45 90
75 79
40 44
39 38
92 33
114 59
46 61
77 65
23 54
5 91
64 91
97 10
47 12
50 21
48 60
76 60
60 87
116 30
49 35
8 47
42 66
65 83
50 17
71 100
99 75
92 27
51 24
36 20
52 75
83 84
96 40
6 50
55 96
74 29
63 31
16 57
80 77
53 19
103 16
20 100
91 99
85 36
54 62
105 42
95 83
91 10
31 61
53 40
55 47
100 88
115 78
50 41
56 70
95 20
100 85
47 90
36 13
54 33
10 47
15 95
57 88
103 88
116 12
74 67
58 44
99 51
117 97
101 62
98 53
116 52
83 41
1 44
102 56
59 10
51 23
98 37
60 99
4 35
29 20
8 29
62 16
101 90
50 61
61 70
42 83
37 85
91 68
96 46
24 84
62 97
30 73
71 29
58 60
18 31
64 24
63 69
26 66
117 13
64 55
44 32
75 42
86 89
65 21
28 17
66 32
91 89
95 83
67 85
16 39
96 94
19 53
68 79
73 72
85 30
69 48
32 75
40 41
70 34
38 56
62 10
15 26
71 77
88 59
74 26
32 36
69 66
103 60
120 71
30 25
72 64
32 36
33 25
56 100
73 57
101 89
83 66
74 23
114 41
95 77
75 52
8 25
100 33
34 78
90 11
76 90
56 52
74 71
102 24
51 60
107 63
92 90
6 40
77 36
45 78
80 17
44 74
93 71
60 89
90 88
29 66
63 72
27 73
78 14
29 60
7 64
79 66
45 45
103 67
87 55
54 68
80 29
48 95
78 78
81 93
37 45
82 88
65 44
100 84
40 35
75 15
105 21
49 95
83 77
86 60
27 60
5 78
84 59
16 39
79 42
68 60
62 50
87 47
113 21
31 97
85 20
1 66
24 17
8 75
40 55
86 78
82 38
16 19
97 21
55 12
6 31
87 17
112 59
17 19
24 68
109 95
88 29
32 40
12 59
98 48
1 29
101 21
89 28
104 44
115 42
92 15
50 31
90 42
43 89
30 30
109 51
104 75
91 70
23 58
64 52
119 47
31 22
92 91
56 10
85 10
108 94
93 85
91 93
92 70
9 77
94 89
57 97
93 37
81 67
39 10
95 99
45 49
101 16
115 23
96 28
22 91
10 78
24 50
54 38
55 98
29 49
33 51
97 48
46 61
13 92
8 49
61 12
98 15
41 88
91 13
5 18
9 41
111 66
102 43
99 71
96 81
58 15
9 42
56 72
113 76
66 52
28 64
102 18
100 51
86 67
26 96
1 63
27 72
47 35
101 61
106 16
102 98
101 94
32 65
13 79
55 97
26 42
118 71
103 14
16 75
114 93
55 84
70 44
104 77
26 94
9 49
84 84
105 18
43 53
79 66
106 56
74 58
19 12
11 24
57 74
100 19
64 80
107 72
39 91
33 51
106 38
25 12
2 19
108 62
110 91
116 89
58 43
69 61
66 33
75 54
109 72
114 64
79 73
81 63
110 90
24 28
51 32
113 95
58 54
111 51
100 11
61 21
17 12
112 48
62 38
113 22
75 41
70 34
7 99
114 68
14 97
2 43
115 23
98 18
4 87
82 71
120 32
37 25
63 62
15 59
83 46
116 37
27 57
117 97
25 63
118 86
12 94
87 43
101 20
5 79
114 100
42 80
119 80
101 35
79 22
117 59
120 25
96 38
24 45
92 43
73 37
1 50
40
81
3 10 28 40 
2 73 82 
1 114 
1 71 
2 68 16 
4 38 52 22 107 
2 13 6 
2 37 43 
3 54 97 96 
1 36 
2 53 50 
1 4 
1 51 
2 8 101 
2 63 91 
2 45 35 
6 116 18 46 80 84 98 
1 119 
1 29 
2 110 62 
3 55 57 20 
1 87 
1 102 
2 3 81 
