120 600 10 100 24
4
4
3
8
7
5
4
6
6
5
6
4
7
5
5
7
3
4
4
6
2
2
6
1
3
7
3
7
5
4
6
5
4
2
7
4
5
7
4
5
5
5
3
5
5
4
8
3
5
9
5
3
5
5
5
2
5
5
4
6
4
4
4
3
7
5
4
5
4
3
4
4
7
12
7
8
10
3
5
3
7
7
4
4
5
6
3
9
6
2
4
10
3
4
6
5
8
5
4
7
7
7
3
4
4
3
4
4
4
3
6
6
6
6
4
4
8
4
5
4
89 64
37 67
14 24
2 29
105 25
93 28
13 73
3 62
17 87
99 56
4 45
27 31
48 69
106 21
65 51
14 60
61 75
102 81
5 30
62 39
85 60
24 51
73 52
2 10
49 95
6 98
22 57
94 84
90 69
36 37
7 69
10 66
85 77
119 12
8 62
97 34
53 71
58 97
107 73
10 26
9 80
59 53
113 28
54 40
3 24
103 20
10 49
62 15
91 13
45 38
116 36
11 26
109 57
105 30
21 43
26 96
25 37
12 66
50 88
16 37
1 27
13 46
15 18
27 51
95 19
103 87
117 34
102 82
14 74
7 71
31 82
100 52
46 71
15 75
66 48
91 16
98 57
56 86
16 91
27 85
74 52
82 57
68 11
75 34
89 56
17 22
97 80
22 99
18 46
73 48
106 72
16 47
19 93
98 86
111 16
84 27
20 36
63 87
73 67
38 39
6 73
115 19
21 35
83 39
22 51
73 83
23 42
100 38
6 44
119 37
63 16
45 67
24 17
25 30
55 71
1 28
26 35
42 10
44 92
3 91
22 29
76 53
119 39
27 36
42 35
72 67
28 81
30 97
48 66
71 76
84 19
47 16
105 83
29 13
35 61
115 42
83 51
41 53
30 38
92 23
8 18
96 17
31 78
28 36
83 29
69 86
13 100
56 82
32 95
38 54
118 99
7 42
78 94
33 50
20 84
24 22
86 38
34 40
96 46
35 93
87 22
86 93
66 19
79 13
54 79
10 62
36 19
110 34
117 78
16 85
37 96
95 70
31 27
83 99
45 27
38 37
81 78
104 66
73 88
49 37
83 26
64 10
39 22
18 44
120 18
109 14
40 95
102 100
105 34
64 31
25 90
41 16
56 30
83 44
100 16
112 37
42 12
70 46
110 61
103 65
106 83
43 75
95 38
46 48
44 65
79 85
91 69
14 39
6 38
45 67
10 55
38 59
93 76
36 76
46 29
41 68
30 99
119 73
47 19
63 51
2 49
112 92
58 44
61 79
22 60
115 47
48 27
102 74
86 52
49 25
115 83
9 59
58 49
19 57
50 41
92 95
68 22
27 49
9 62
113 58
13 15
66 49
81 41
51 64
82 38
79 65
74 44
20 44
52 54
37 22
20 45
53 62
40 75
92 52
111 46
85 84
54 83
57 47
5 14
90 47
73 51
55 72
92 37
73 92
9 14
43 18
56 12
27 47
57 12
51 81
90 13
93 61
10 11
58 88
70 94
51 91
49 56
57 18
59 91
78 65
27 47
28 61
60 91
105 37
15 17
17 20
19 70
107 56
61 75
68 96
32 28
37 98
62 89
46 52
19 69
79 61
63 24
43 21
41 33
89 14
64 11
100 24
90 62
65 50
71 51
117 44
43 20
28 13
5 46
31 86
66 30
95 64
91 51
97 30
18 76
67 39
81 60
80 91
112 79
68 12
8 36
25 12
102 73
4 16
69 56
35 75
119 35
30 53
70 29
40 62
51 41
71 84
107 18
41 29
52 69
72 18
81 74
9 82
47 42
73 92
53 48
87 34
1 66
67 44
91 58
76 76
74 48
91 44
51 43
58 48
78 62
38 12
113 55
112 39
77 34
105 70
88 17
6 12
75 44
102 54
2 80
15 56
48 54
115 10
86 12
76 48
105 23
119 87
115 50
103 10
21 41
41 43
94 31
77 78
76 98
93 17
101 27
66 87
88 37
40 26
82 44
28 82
3 60
78 99
82 80
89 67
79 70
35 26
17 68
12 79
56 80
80 98
83 94
79 48
81 72
12 51
100 22
90 80
58 68
37 14
55 34
82 72
75 76
66 46
89 91
72 87
3 84
48 35
83 88
45 25
101 56
1 61
84 60
120 47
47 100
80 61
85 82
67 100
49 85
82 47
18 60
86 66
7 60
27 19
39 25
43 43
60 99
87 74
57 36
89 22
88 96
98 78
14 19
107 22
59 88
26 83
4 26
7 12
62 67
89 94
93 69
56 46
41 64
83 88
37 69
90 42
67 17
91 60
43 81
98 87
89 60
92 21
64 32
34 29
15 60
61 50
108 23
111 68
66 21
18 71
75 96
93 22
69 90
11 27
94 30
27 45
46 28
69 50
95 55
9 22
46 95
91 11
93 49
52 82
96 82
36 58
33 34
56 71
103 59
97 34
111 47
82 37
55 21
119 100
47 59
50 41
48 33
98 53
26 14
8 74
94 42
118 100
99 57
87 17
16 80
110 73
100 75
13 52
19 13
118 86
88 22
35 21
106 56
101 98
43 46
58 15
42 19
115 77
90 28
11 87
102 56
28 96
38 40
55 75
83 25
26 35
54 79
103 56
119 45
69 15
104 12
4 88
80 98
51 78
105 34
42 36
112 95
95 78
106 70
76 39
25 15
107 33
33 22
24 28
74 92
108 44
96 21
105 47
37 22
109 75
42 32
8 84
107 83
110 48
83 61
1 34
111 96
30 29
105 92
11 98
43 88
80 19
112 44
111 42
46 88
118 99
2 32
84 46
113 90
67 20
23 84
2 11
35 25
33 49
114 28
104 17
111 12
97 37
72 92
87 98
115 13
107 26
67 21
92 14
116 94
95 69
67 22
36 27
117 83
8 52
16 55
113 10
39 45
112 23
82 61
81 59
118 10
8 90
102 27
32 98
119 100
5 84
78 53
34 94
10 81
120 90
14 35
112 59
24 85
1 62
97
112
2 1 97 
3 57 39 15 
1 111 
2 56 33 
2 102 116 
1 46 
1 98 
2 10 59 
2 63 62 
2 41 47 
3 81 78 55 
1 82 
2 108 50 
1 60 
2 110 105 
3 67 19 53 
1 71 
4 73 85 117 89 
4 12 20 7 4 
2 99 92 
2 101 72 
3 74 68 70 
1 11 
1 112 
