120 600 10 100 24
4
5
5
6
6
5
5
8
4
3
4
5
2
5
3
5
6
5
6
7
13
11
7
5
4
7
4
6
7
7
5
7
4
6
3
7
2
3
4
10
5
4
2
4
3
4
6
8
6
6
5
2
4
3
5
4
2
4
3
7
4
4
7
4
7
3
7
3
5
10
4
7
5
4
4
3
8
4
5
5
4
5
4
3
4
4
4
9
3
5
5
3
4
3
7
7
5
8
3
7
5
6
6
4
2
5
8
4
3
4
6
5
7
3
5
1
3
5
3
7
43 92
61 69
115 13
2 29
118 48
102 73
92 68
18 39
3 57
115 94
113 20
33 58
84 88
4 41
82 37
14 25
68 86
35 93
73 73
5 60
8 12
3 48
109 25
114 18
66 94
6 75
33 50
111 28
96 61
42 100
7 91
87 23
117 63
13 28
73 91
8 28
105 82
85 69
114 82
75 49
20 76
11 71
39 20
9 41
68 60
48 91
40 71
10 10
84 43
40 82
11 74
70 19
54 60
45 27
12 60
33 19
19 75
52 50
119 60
13 32
48 29
14 15
57 80
55 59
118 64
32 73
15 50
94 56
118 77
16 52
32 68
72 76
59 31
95 40
17 92
110 24
69 57
55 15
78 86
48 66
18 13
97 82
65 46
116 88
55 18
19 87
1 37
34 52
44 52
64 65
13 55
20 30
89 30
36 11
90 38
55 97
116 22
33 86
21 77
19 58
111 34
30 27
79 71
76 72
23 73
35 83
50 35
3 61
52 55
68 92
9 40
22 21
14 94
66 62
87 59
12 58
110 44
21 75
27 64
18 64
6 23
56 16
23 88
96 31
93 41
19 37
5 73
15 41
52 61
24 43
98 49
43 56
92 17
117 83
25 81
78 90
6 17
105 72
26 56
98 66
83 52
71 18
115 50
10 83
54 74
27 17
41 31
104 89
78 38
28 14
94 79
81 55
38 75
103 20
72 27
29 83
24 15
1 21
78 67
39 76
45 25
85 22
30 99
11 67
86 28
89 35
5 63
39 23
9 36
31 23
46 84
76 96
96 53
53 67
32 70
111 32
85 69
38 84
29 91
46 81
50 91
33 41
88 57
72 30
69 67
34 31
26 55
108 31
77 80
93 98
65 55
35 59
71 83
34 55
36 29
63 46
9 97
101 16
73 100
100 87
89 33
37 39
85 57
38 31
74 29
6 84
39 17
73 28
74 13
12 63
40 10
117 54
12 49
44 29
105 28
94 72
107 40
73 73
118 20
60 86
41 23
56 35
93 40
51 28
33 68
42 14
14 62
103 15
33 13
43 88
66 34
44 85
103 100
116 88
76 80
45 65
30 95
83 29
46 10
74 63
11 79
64 93
47 57
3 56
58 42
54 90
88 98
62 26
48 22
53 81
76 66
94 41
66 99
118 82
41 84
34 48
49 18
69 43
1 91
100 43
15 75
56 40
50 25
62 24
3 61
63 33
54 48
26 21
51 19
47 28
27 90
99 19
25 30
52 42
71 61
53 78
86 53
56 68
3 61
54 92
110 19
89 34
55 54
3 10
57 89
103 48
30 85
56 24
46 29
9 66
73 35
57 73
65 81
58 98
12 83
46 28
92 21
59 75
78 21
54 61
60 66
5 85
55 13
102 58
66 75
75 40
28 33
61 31
70 82
79 57
83 42
62 67
36 61
28 57
30 89
63 20
37 27
34 31
20 93
113 22
21 75
65 89
64 90
115 54
97 98
96 47
65 90
56 51
54 27
18 24
114 39
20 21
30 43
66 40
77 73
98 45
67 43
94 60
36 37
106 56
39 55
70 79
22 29
68 92
88 80
90 61
69 81
75 84
13 35
94 18
90 63
70 67
75 93
59 98
30 99
64 92
101 13
76 71
26 41
90 37
112 28
71 30
46 89
17 97
1 45
72 18
80 41
41 17
56 15
51 26
104 64
33 75
73 86
13 21
40 37
59 65
54 65
74 28
116 27
91 28
111 95
75 16
111 85
63 84
32 73
76 26
63 34
20 80
77 13
58 55
120 45
4 32
88 42
1 17
64 85
17 42
78 51
44 100
39 28
97 78
79 34
100 67
70 66
44 11
9 25
80 90
70 35
91 27
52 72
86 31
81 57
116 19
16 56
107 98
82 16
95 97
18 52
9 67
23 43
83 88
93 61
108 38
100 70
84 48
4 89
104 81
85 36
25 20
62 34
80 67
86 71
109 17
42 65
19 59
87 71
35 69
45 24
100 86
88 15
93 39
73 98
32 96
94 58
34 65
65 74
40 85
61 14
89 21
86 79
106 100
90 43
59 80
10 75
98 44
36 80
91 50
32 32
65 86
90 27
114 89
92 33
32 78
58 43
93 72
89 69
91 87
60 57
94 47
25 15
84 43
95 45
36 12
2 85
61 61
89 48
99 10
67 45
96 16
68 35
47 81
118 56
95 41
41 68
65 41
97 55
93 24
79 51
54 70
74 63
98 26
96 39
8 34
2 15
59 69
21 36
48 51
32 81
99 81
88 69
69 85
100 61
109 12
116 14
21 69
29 14
17 56
61 64
101 69
119 66
41 66
91 10
30 72
102 28
60 93
79 81
89 90
105 23
26 10
103 79
76 12
93 12
18 42
97 25
14 84
104 76
69 48
19 91
3 56
105 87
111 95
106 49
63 18
111 16
7 67
33 80
107 71
22 51
38 90
56 40
31 55
49 46
68 40
91 19
108 96
98 63
46 82
59 33
109 51
32 85
99 91
110 23
117 92
78 38
16 50
111 97
15 32
114 65
72 54
100 54
80 21
112 77
105 96
18 93
109 31
53 11
113 92
78 73
95 54
83 25
23 26
87 11
8 69
114 79
26 33
46 42
115 92
76 68
29 19
102 87
17 36
116 94
117 16
25 95
88 69
118 75
67 85
6 23
70 16
53 80
119 36
2 84
103 14
120 25
16 35
34 12
80 45
15 12
86 30
107 45
1 58
103
92
2 50 103 
1 15 
4 8 57 94 51 
3 96 18 32 
2 28 63 
1 109 
1 16 
3 69 30 104 
1 5 
2 116 79 
1 39 
2 22 118 
3 59 78 7 
1 82 
3 87 117 29 
2 101 80 
2 26 34 
3 98 44 19 
1 3 
2 67 106 
2 20 9 
3 17 65 60 
1 48 
2 115 92 
