120 600 10 100 24
4
3
1
6
5
5
9
3
6
3
4
3
7
6
7
6
4
3
4
7
5
3
7
2
4
3
5
10
5
5
7
5
1
3
5
11
4
5
2
6
11
9
7
4
3
4
9
4
4
5
13
8
4
5
7
5
4
5
5
6
5
3
5
4
4
6
7
3
5
6
5
5
4
5
10
5
4
3
7
5
1
6
4
4
3
2
3
4
4
5
1
5
2
4
4
5
2
5
3
3
1
5
5
10
2
11
5
5
6
9
8
6
5
6
8
6
2
4
5
4
80 82
18 78
71 73
2 29
29 30
69 48
3 38
4 89
97 47
70 32
77 45
102 88
30 84
5 37
70 54
32 35
68 95
97 65
6 92
58 67
31 25
51 84
119 79
7 29
1 62
100 22
87 47
113 47
59 26
26 80
45 95
93 63
8 54
96 88
114 92
9 48
54 43
52 82
88 86
89 23
92 85
10 17
51 50
65 72
11 38
99 19
76 31
3 45
12 87
19 80
52 82
13 42
59 28
80 80
113 21
32 66
33 89
10 75
14 14
9 58
16 85
87 88
120 55
84 42
15 69
77 23
105 93
39 25
84 24
2 100
53 94
16 81
56 44
64 95
15 82
79 46
68 12
17 17
109 49
51 96
19 99
18 15
1 34
99 41
19 91
91 10
73 82
114 64
20 57
74 48
109 43
22 73
62 19
65 75
68 97
21 22
51 75
117 36
16 96
67 53
22 66
114 13
53 19
23 99
45 30
95 65
53 34
89 55
14 100
107 60
24 92
41 44
25 43
99 74
117 24
55 43
26 63
46 31
34 30
27 31
119 88
81 17
93 44
36 14
28 64
18 31
71 68
68 28
64 58
8 15
5 35
117 94
12 62
20 45
29 76
62 19
3 52
4 73
53 61
30 53
5 31
86 14
8 22
116 24
31 42
104 93
110 36
96 41
114 20
7 92
98 58
32 21
95 67
99 38
113 80
112 57
33 93
34 83
104 36
48 83
35 85
79 69
116 45
73 45
64 10
36 67
78 63
60 40
64 21
105 57
118 25
83 79
26 27
104 73
14 25
28 36
37 36
28 47
44 26
72 100
38 13
45 39
25 26
75 64
47 67
39 66
36 14
40 96
2 62
17 51
19 25
32 25
101 15
41 40
100 95
64 22
61 61
70 87
19 40
43 57
103 73
98 23
93 21
18 41
42 58
20 87
90 25
45 33
110 93
3 76
86 38
9 97
12 81
43 78
105 30
79 25
64 41
15 37
14 17
96 42
44 25
11 14
47 85
58 37
45 21
11 24
67 76
46 92
104 97
77 30
41 95
47 96
105 73
7 84
32 96
38 85
95 24
17 48
75 88
49 75
48 94
86 89
21 100
30 20
49 46
69 78
47 47
99 45
50 83
23 17
13 26
64 82
86 14
51 76
25 72
99 12
12 82
104 19
21 46
76 63
88 33
47 48
53 23
91 38
22 65
100 93
52 97
63 29
49 58
18 97
11 29
120 65
8 40
84 93
53 66
14 100
113 49
31 37
54 40
63 62
77 52
92 40
40 61
55 22
107 29
78 35
9 34
12 99
38 96
11 38
56 38
33 45
17 56
49 41
34 23
57 73
73 48
80 35
9 55
58 90
83 40
31 82
74 88
24 46
59 19
51 71
35 85
65 71
4 61
60 16
11 58
34 55
41 63
14 80
99 88
61 64
114 76
95 52
29 68
58 35
62 15
111 31
58 53
63 23
11 18
35 69
54 74
99 99
64 99
70 96
102 96
86 26
65 83
70 91
18 39
16 39
66 33
74 84
23 51
7 46
90 94
93 47
67 40
101 45
13 30
23 86
35 51
16 59
96 98
68 55
118 95
74 53
69 40
59 15
37 88
107 49
16 24
70 39
18 20
99 37
9 42
86 16
31 48
71 70
6 27
26 27
13 13
14 83
72 18
9 100
35 71
60 77
6 14
73 22
48 33
67 82
22 42
74 89
81 35
19 17
21 16
41 63
75 60
120 19
104 37
74 90
52 12
87 74
26 23
30 48
73 45
96 87
76 42
11 17
83 14
62 38
85 26
77 84
33 45
43 83
31 73
78 19
37 56
111 15
79 61
44 97
118 45
92 19
104 52
38 70
112 84
80 51
100 13
17 77
41 52
113 78
81 23
82 13
110 42
103 26
66 74
41 56
48 41
83 66
103 47
106 55
68 40
84 57
78 11
96 36
40 63
85 48
43 85
11 46
86 90
79 13
87 50
38 11
99 40
88 53
115 60
12 35
99 54
89 53
37 44
106 65
67 80
90 42
87 52
51 43
73 40
42 26
91 81
92 70
11 98
52 29
105 79
4 41
93 57
34 99
94 57
25 29
103 50
74 24
95 52
118 45
56 73
52 95
96 65
20 100
80 76
42 80
7 100
97 62
118 16
98 69
62 20
50 34
71 74
60 66
99 86
14 33
49 26
100 26
35 10
66 72
101 23
102 49
112 43
35 15
28 15
95 29
103 62
44 72
14 73
2 47
4 35
104 51
37 62
118 53
39 50
20 84
17 68
84 28
7 30
83 19
68 42
105 93
80 37
106 42
46 20
18 30
29 98
53 30
88 35
72 38
83 29
11 64
76 31
99 31
107 19
5 32
48 16
18 50
23 85
108 79
107 85
38 24
11 53
46 92
109 69
15 50
58 24
75 48
40 91
97 14
110 42
42 93
90 20
114 55
118 86
33 23
88 55
9 47
1 35
111 96
39 63
75 51
69 82
22 25
59 62
28 71
116 86
112 53
95 31
104 80
115 11
25 10
47 34
113 45
97 24
55 72
105 15
67 36
114 18
119 21
39 10
38 37
30 41
53 38
115 33
120 29
62 13
91 51
83 91
82 53
15 67
23 40
116 71
53 84
55 48
68 46
20 65
46 62
117 21
98 77
118 72
93 86
57 91
53 29
119 61
1 100
37 55
91 74
59 94
120 51
58 18
107 50
9 41
1 38
86
94
1 86 
2 90 31 
2 75 1 
2 25 103 
1 95 
1 37 
2 8 26 
2 69 10 
2 36 52 
3 100 30 77 
1 42 
2 57 55 
1 106 
3 53 43 22 
3 96 62 24 
3 118 83 68 
4 2 44 21 28 
1 33 
3 92 34 38 
1 105 
3 84 50 65 
1 72 
3 47 85 14 
1 94 
