105 376 10 100 16
2
3
3
3
3
3
3
3
3
3
3
3
3
3
2
3
4
4
4
4
4
4
4
4
4
4
4
4
4
3
3
4
4
4
4
4
4
4
4
4
4
4
4
4
3
3
4
4
4
4
4
4
4
4
4
4
4
4
4
3
3
4
4
4
4
4
4
4
4
4
4
4
4
4
3
3
4
4
4
4
4
4
4
4
4
4
4
4
4
3
2
3
3
3
3
3
3
3
3
3
3
3
3
3
2
16 21
2 29
17 25
3 37
1 45
18 98
4 48
2 57
19 51
5 96
3 100
20 80
6 22
4 52
21 44
7 77
5 36
22 59
8 83
6 51
23 72
9 50
7 76
24 39
10 88
8 55
25 35
11 47
9 22
26 16
12 61
10 29
27 80
13 24
11 34
28 66
14 84
12 29
29 87
15 51
13 62
30 82
14 10
31 13
1 42
17 44
32 42
2 41
18 41
16 18
33 89
3 61
19 95
17 59
34 76
4 56
20 50
18 37
35 13
5 32
21 69
19 52
36 40
6 80
22 71
20 16
37 51
7 18
23 27
21 70
38 30
8 74
24 61
22 29
39 69
9 27
25 19
23 53
40 80
10 84
26 56
24 28
41 20
11 64
27 33
25 85
42 56
12 28
28 75
26 33
43 18
13 17
29 74
27 49
44 20
14 68
30 50
28 69
45 65
15 60
29 87
46 64
16 61
32 98
47 70
17 12
33 33
31 94
48 17
18 49
34 19
32 53
49 38
19 47
35 99
33 81
50 46
20 45
36 86
34 73
51 93
21 22
37 78
35 68
52 68
22 87
38 73
36 23
53 59
23 88
39 66
37 96
54 52
24 45
40 51
38 14
55 25
25 86
41 81
39 90
56 21
26 10
42 35
40 30
57 14
27 34
43 15
41 20
58 37
28 79
44 73
42 11
59 41
29 97
45 11
43 55
60 55
30 100
44 79
61 40
31 42
47 82
62 56
32 35
48 37
46 97
63 30
33 80
49 41
47 97
64 87
34 95
50 90
48 39
65 84
35 76
51 46
49 12
66 28
36 70
52 95
50 44
67 96
37 65
53 48
51 83
68 38
38 80
54 58
52 94
69 85
39 79
55 17
53 12
70 99
40 51
56 42
54 17
71 65
41 43
57 21
55 50
72 48
42 69
58 68
56 85
73 66
43 97
59 93
57 71
74 19
44 77
60 18
58 47
75 27
45 95
59 63
76 56
46 65
62 35
77 77
47 38
63 14
61 89
78 34
48 62
64 67
62 30
79 32
49 16
65 65
63 24
80 98
50 98
66 19
64 42
81 50
51 87
67 19
65 13
82 48
52 27
68 69
66 32
83 40
53 32
69 94
67 45
84 11
54 14
70 90
68 52
85 83
55 99
71 61
69 38
86 32
56 82
72 65
70 74
87 75
57 22
73 34
71 60
88 12
58 82
74 55
72 94
89 37
59 51
75 79
73 87
90 46
60 75
74 85
91 89
61 60
77 79
92 11
62 93
78 57
76 45
93 15
63 25
79 66
77 62
94 42
64 91
80 44
78 85
95 16
65 42
81 77
79 25
96 50
66 98
82 100
80 98
97 29
67 85
83 55
81 21
98 21
68 83
84 60
82 86
99 83
69 93
85 93
83 60
100 91
70 82
86 20
84 96
101 48
71 10
87 91
85 72
102 94
72 37
88 90
86 36
103 38
73 48
89 26
87 35
104 98
74 44
90 29
88 59
105 25
75 35
89 84
76 27
92 28
77 79
93 95
91 67
78 16
94 18
92 35
79 71
95 41
93 42
80 28
96 92
94 71
81 82
97 20
95 96
82 23
98 17
96 23
83 29
99 49
97 86
84 30
100 60
98 71
85 87
101 22
99 71
86 31
102 68
100 57
87 61
103 57
101 16
88 24
104 86
102 58
89 17
105 77
103 47
90 83
104 75
42
97
3 4 72 42 
1 2 
4 40 68 27 96 
2 63 98 
2 61 87 
2 84 83 
3 67 93 85 
1 104 
1 1 
1 30 
3 69 52 78 
3 9 101 46 
3 43 14 25 
2 56 6 
2 57 38 
3 5 76 97 
