105 376 10 100 16
2
3
3
3
3
3
3
3
3
3
3
3
3
3
2
3
4
4
4
4
4
4
4
4
4
4
4
4
4
3
3
4
4
4
4
4
4
4
4
4
4
4
4
4
3
3
4
4
4
4
4
4
4
4
4
4
4
4
4
3
3
4
4
4
4
4
4
4
4
4
4
4
4
4
3
3
4
4
4
4
4
4
4
4
4
4
4
4
4
3
2
3
3
3
3
3
3
3
3
3
3
3
3
3
2
16 96
2 29
17 74
3 51
1 23
18 34
4 43
2 76
19 71
5 23
3 35
20 37
6 63
4 94
21 32
7 30
5 46
22 81
8 72
6 67
23 90
9 58
7 22
24 86
10 51
8 55
25 56
11 91
9 10
26 52
12 52
10 17
27 24
13 23
11 64
28 61
14 49
12 45
29 99
15 91
13 66
30 71
14 91
31 72
1 64
17 37
32 98
2 39
18 89
16 25
33 23
3 66
19 53
17 63
34 53
4 36
20 94
18 54
35 45
5 39
21 91
19 90
36 71
6 12
22 85
20 29
37 18
7 14
23 100
21 51
38 31
8 83
24 35
22 56
39 74
9 81
25 12
23 71
40 61
10 69
26 80
24 98
41 22
11 63
27 66
25 81
42 82
12 89
28 72
26 86
43 17
13 24
29 70
27 38
44 98
14 58
30 40
28 99
45 26
15 32
29 12
46 100
16 98
32 73
47 26
17 50
33 83
31 71
48 13
18 37
34 76
32 50
49 74
19 14
35 29
33 28
50 47
20 62
36 16
34 34
51 36
21 60
37 30
35 32
52 33
22 18
38 63
36 64
53 42
23 45
39 19
37 73
54 86
24 71
40 78
38 57
55 46
25 32
41 80
39 41
56 93
26 45
42 35
40 39
57 88
27 81
43 20
41 34
58 10
28 78
44 66
42 94
59 17
29 63
45 77
43 43
60 41
30 91
44 15
61 11
31 81
47 13
62 36
32 15
48 81
46 33
63 23
33 72
49 42
47 67
64 15
34 60
50 94
48 30
65 87
35 12
51 49
49 84
66 53
36 13
52 90
50 69
67 20
37 10
53 48
51 48
68 53
38 70
54 96
52 66
69 50
39 26
55 96
53 97
70 12
40 67
56 53
54 21
71 78
41 13
57 56
55 47
72 57
42 87
58 10
56 20
73 70
43 79
59 85
57 20
74 72
44 12
60 87
58 94
75 63
45 100
59 88
76 17
46 86
62 87
77 54
47 37
63 48
61 76
78 50
48 91
64 93
62 92
79 72
49 73
65 52
63 59
80 71
50 32
66 60
64 23
81 24
51 15
67 14
65 43
82 66
52 71
68 27
66 28
83 94
53 50
69 99
67 39
84 40
54 35
70 83
68 45
85 75
55 84
71 54
69 93
86 55
56 44
72 14
70 66
87 49
57 23
73 74
71 98
88 65
58 87
74 10
72 40
89 61
59 51
75 81
73 41
90 23
60 80
74 51
91 13
61 82
77 76
92 60
62 37
78 16
76 23
93 34
63 73
79 92
77 15
94 57
64 57
80 98
78 89
95 37
65 44
81 51
79 61
96 15
66 99
82 19
80 70
97 10
67 56
83 42
81 81
98 12
68 56
84 21
82 49
99 23
69 38
85 79
83 87
100 65
70 28
86 60
84 89
101 91
71 71
87 72
85 12
102 76
72 99
88 34
86 27
103 57
73 93
89 73
87 84
104 17
74 100
90 97
88 29
105 49
75 30
89 47
76 28
92 18
77 94
93 74
91 69
78 85
94 58
92 29
79 45
95 22
93 65
80 68
96 65
94 51
81 96
97 82
95 69
82 34
98 22
96 46
83 97
99 72
97 23
84 36
100 53
98 86
85 32
101 63
99 11
86 77
102 45
100 16
87 29
103 56
101 49
88 47
104 68
102 94
89 73
105 91
103 56
90 81
104 88
102
2
1 102 
4 46 97 40 83 
3 58 98 81 
1 77 
3 47 72 61 
2 39 65 
1 78 
4 1 59 36 7 
4 80 35 48 44 
3 25 20 67 
2 17 55 
1 86 
1 56 
1 75 
2 76 84 
3 68 64 2 
