105 376 10 100 17
2
3
3
3
3
3
3
3
3
3
3
3
3
3
2
3
4
4
4
4
4
4
4
4
4
4
4
4
4
3
3
4
4
4
4
4
4
4
4
4
4
4
4
4
3
3
4
4
4
4
4
4
4
4
4
4
4
4
4
3
3
4
4
4
4
4
4
4
4
4
4
4
4
4
3
3
4
4
4
4
4
4
4
4
4
4
4
4
4
3
2
3
3
3
3
3
3
3
3
3
3
3
3
3
2
16 83
2 29
17 12
3 75
1 59
18 40
4 98
2 19
19 67
5 36
3 95
20 88
6 67
4 97
21 87
7 44
5 28
22 18
8 26
6 27
23 65
9 73
7 32
24 24
10 52
8 18
25 20
11 13
9 12
26 88
12 75
10 35
27 45
13 93
11 69
28 29
14 98
12 26
29 43
15 25
13 27
30 83
14 87
31 72
1 55
17 60
32 61
2 82
18 64
16 34
33 78
3 76
19 34
17 89
34 20
4 24
20 22
18 67
35 77
5 27
21 82
19 89
36 39
6 61
22 83
20 53
37 13
7 36
23 76
21 59
38 90
8 49
24 51
22 51
39 20
9 98
25 99
23 95
40 70
10 83
26 70
24 27
41 21
11 74
27 50
25 50
42 72
12 94
28 99
26 23
43 17
13 76
29 44
27 77
44 36
14 76
30 47
28 83
45 22
15 74
29 57
46 13
16 11
32 24
47 82
17 27
33 58
31 43
48 24
18 98
34 50
32 67
49 100
19 52
35 78
33 75
50 73
20 59
36 12
34 30
51 94
21 91
37 12
35 76
52 56
22 68
38 49
36 89
53 29
23 74
39 65
37 93
54 11
24 19
40 62
38 71
55 53
25 89
41 43
39 18
56 32
26 87
42 19
40 75
57 21
27 67
43 46
41 48
58 63
28 78
44 19
42 31
59 69
29 80
45 82
43 78
60 17
30 23
44 21
61 48
31 85
47 68
62 18
32 62
48 100
46 23
63 67
33 25
49 41
47 83
64 11
34 82
50 66
48 90
65 60
35 93
51 54
49 76
66 22
36 71
52 70
50 27
67 28
37 25
53 69
51 97
68 61
38 56
54 79
52 22
69 51
39 100
55 61
53 28
70 27
40 53
56 40
54 58
71 49
41 45
57 98
55 96
72 66
42 73
58 47
56 85
73 96
43 82
59 49
57 29
74 41
44 99
60 74
58 48
75 62
45 51
59 20
76 56
46 13
62 57
77 95
47 86
63 37
61 46
78 90
48 43
64 46
62 49
79 92
49 52
65 65
63 26
80 17
50 59
66 85
64 58
81 18
51 98
67 15
65 27
82 25
52 15
68 35
66 50
83 74
53 74
69 82
67 51
84 56
54 26
70 41
68 19
85 23
55 65
71 23
69 89
86 40
56 40
72 55
70 62
87 58
57 55
73 89
71 11
88 66
58 49
74 55
72 55
89 19
59 30
75 59
73 81
90 38
60 90
74 100
91 48
61 36
77 55
92 57
62 89
78 77
76 11
93 84
63 43
79 87
77 55
94 76
64 52
80 46
78 19
95 33
65 97
81 29
79 33
96 16
66 77
82 55
80 21
97 67
67 82
83 76
81 71
98 57
68 66
84 17
82 13
99 98
69 69
85 22
83 77
100 32
70 43
86 47
84 85
101 72
71 92
87 48
85 50
102 52
72 77
88 49
86 66
103 64
73 96
89 81
87 49
104 58
74 26
90 31
88 93
105 93
75 15
89 85
76 12
92 95
77 38
93 19
91 90
78 83
94 83
92 89
79 28
95 41
93 18
80 18
96 43
94 60
81 99
97 23
95 15
82 85
98 27
96 79
83 10
99 19
97 56
84 29
100 49
98 67
85 100
101 66
99 69
86 69
102 23
100 82
87 77
103 93
101 11
88 80
104 50
102 50
89 79
105 24
103 97
90 92
104 32
30
81
1 30 
3 26 8 57 
2 58 85 
1 69 
4 89 83 31 79 
2 96 38 
1 23 
2 82 5 
1 100 
1 43 
3 104 12 7 
4 14 54 39 11 
2 65 24 
2 49 53 
3 61 33 51 
2 46 67 
2 45 81 
