105 376 10 100 17
2
3
3
3
3
3
3
3
3
3
3
3
3
3
2
3
4
4
4
4
4
4
4
4
4
4
4
4
4
3
3
4
4
4
4
4
4
4
4
4
4
4
4
4
3
3
4
4
4
4
4
4
4
4
4
4
4
4
4
3
3
4
4
4
4
4
4
4
4
4
4
4
4
4
3
3
4
4
4
4
4
4
4
4
4
4
4
4
4
3
2
3
3
3
3
3
3
3
3
3
3
3
3
3
2
16 89
2 29
17 43
3 17
1 14
18 48
4 18
2 84
19 45
5 26
3 18
20 13
6 58
4 88
21 16
7 70
5 97
22 15
8 97
6 15
23 61
9 74
7 91
24 57
10 30
8 23
25 67
11 39
9 25
26 17
12 69
10 59
27 53
13 19
11 74
28 14
14 14
12 88
29 25
15 93
13 28
30 43
14 35
31 44
1 57
17 51
32 42
2 52
18 91
16 64
33 28
3 16
19 33
17 42
34 50
4 36
20 21
18 58
35 36
5 72
21 83
19 20
36 47
6 41
22 67
20 87
37 13
7 24
23 48
21 54
38 67
8 18
24 26
22 21
39 100
9 86
25 43
23 32
40 64
10 46
26 70
24 62
41 20
11 22
27 66
25 32
42 70
12 37
28 60
26 49
43 18
13 74
29 91
27 84
44 99
14 98
30 32
28 12
45 28
15 10
29 72
46 10
16 98
32 46
47 72
17 65
33 83
31 48
48 67
18 90
34 67
32 81
49 81
19 20
35 61
33 38
50 29
20 41
36 80
34 36
51 100
21 43
37 17
35 20
52 14
22 48
38 50
36 64
53 37
23 15
39 21
37 39
54 48
24 48
40 86
38 98
55 67
25 91
41 49
39 51
56 10
26 80
42 99
40 59
57 24
27 41
43 89
41 43
58 34
28 80
44 86
42 89
59 37
29 63
45 18
43 21
60 75
30 17
44 28
61 11
31 78
47 22
62 56
32 52
48 99
46 20
63 43
33 93
49 40
47 63
64 82
34 41
50 15
48 80
65 100
35 90
51 24
49 60
66 37
36 76
52 91
50 96
67 49
37 60
53 54
51 13
68 82
38 56
54 89
52 21
69 26
39 19
55 80
53 19
70 34
40 89
56 82
54 48
71 77
41 35
57 91
55 40
72 93
42 15
58 69
56 72
73 49
43 11
59 63
57 86
74 89
44 70
60 88
58 91
75 86
45 13
59 40
76 30
46 64
62 15
77 24
47 28
63 25
61 39
78 40
48 43
64 49
62 49
79 96
49 42
65 27
63 30
80 69
50 53
66 61
64 11
81 10
51 12
67 20
65 47
82 11
52 25
68 81
66 38
83 66
53 11
69 66
67 95
84 99
54 29
70 81
68 70
85 26
55 98
71 10
69 92
86 68
56 45
72 42
70 98
87 61
57 76
73 28
71 97
88 45
58 48
74 100
72 89
89 88
59 46
75 73
73 63
90 10
60 31
74 15
91 26
61 42
77 75
92 67
62 30
78 37
76 25
93 68
63 96
79 58
77 38
94 43
64 52
80 18
78 89
95 10
65 10
81 10
79 100
96 82
66 93
82 38
80 47
97 94
67 99
83 21
81 95
98 34
68 69
84 23
82 85
99 26
69 23
85 60
83 73
100 66
70 76
86 30
84 28
101 78
71 45
87 22
85 73
102 24
72 61
88 85
86 70
103 81
73 82
89 39
87 36
104 14
74 12
90 41
88 14
105 98
75 10
89 58
76 91
92 95
77 15
93 64
91 72
78 44
94 60
92 73
79 74
95 73
93 25
80 96
96 26
94 55
81 56
97 12
95 67
82 79
98 85
96 48
83 36
99 53
97 19
84 49
100 83
98 40
85 49
101 58
99 77
86 17
102 91
100 15
87 81
103 89
101 43
88 49
104 87
102 15
89 27
105 57
103 55
90 40
104 12
61
88
1 61 
2 104 27 
2 91 102 
3 63 60 46 
1 47 
1 5 
3 20 89 103 
4 59 87 25 100 
2 43 55 
3 56 2 92 
3 97 44 99 
2 19 95 
2 4 33 
2 65 30 
2 26 17 
2 22 53 
1 88 
