105 376 10 100 19
2
3
3
3
3
3
3
3
3
3
3
3
3
3
2
3
4
4
4
4
4
4
4
4
4
4
4
4
4
3
3
4
4
4
4
4
4
4
4
4
4
4
4
4
3
3
4
4
4
4
4
4
4
4
4
4
4
4
4
3
3
4
4
4
4
4
4
4
4
4
4
4
4
4
3
3
4
4
4
4
4
4
4
4
4
4
4
4
4
3
2
3
3
3
3
3
3
3
3
3
3
3
3
3
2
16 72
2 29
17 21
3 19
1 61
18 26
4 30
2 69
19 40
5 43
3 98
20 49
6 32
4 62
21 29
7 27
5 74
22 53
8 36
6 22
23 89
9 94
7 13
24 35
10 92
8 34
25 19
11 88
9 28
26 35
12 39
10 84
27 50
13 52
11 51
28 64
14 49
12 63
29 12
15 35
13 38
30 30
14 91
31 14
1 14
17 20
32 24
2 79
18 58
16 46
33 70
3 90
19 37
17 47
34 66
4 19
20 16
18 75
35 18
5 86
21 41
19 48
36 35
6 46
22 64
20 89
37 37
7 84
23 47
21 96
38 24
8 64
24 16
22 15
39 88
9 78
25 98
23 33
40 15
10 33
26 27
24 88
41 19
11 97
27 74
25 81
42 26
12 43
28 66
26 26
43 18
13 83
29 87
27 76
44 17
14 31
30 71
28 21
45 53
15 97
29 42
46 77
16 73
32 41
47 56
17 35
33 50
31 11
48 52
18 50
34 32
32 12
49 25
19 70
35 67
33 39
50 35
20 37
36 75
34 61
51 86
21 23
37 23
35 18
52 43
22 53
38 31
36 97
53 20
23 84
39 21
37 66
54 99
24 69
40 96
38 56
55 46
25 77
41 59
39 19
56 20
26 45
42 77
40 46
57 87
27 83
43 93
41 61
58 14
28 80
44 23
42 96
59 16
29 55
45 24
43 67
60 72
30 78
44 97
61 60
31 53
47 65
62 93
32 83
48 94
46 67
63 72
33 31
49 40
47 54
64 77
34 71
50 99
48 39
65 94
35 46
51 60
49 81
66 26
36 63
52 33
50 10
67 29
37 20
53 22
51 47
68 63
38 37
54 96
52 55
69 87
39 26
55 94
53 79
70 54
40 11
56 96
54 36
71 69
41 48
57 56
55 14
72 75
42 27
58 88
56 98
73 54
43 15
59 76
57 98
74 17
44 64
60 72
58 91
75 24
45 38
59 39
76 82
46 27
62 35
77 19
47 92
63 71
61 90
78 63
48 100
64 16
62 83
79 92
49 44
65 14
63 17
80 27
50 90
66 94
64 58
81 32
51 61
67 21
65 56
82 18
52 41
68 91
66 98
83 70
53 12
69 43
67 81
84 60
54 77
70 56
68 67
85 18
55 43
71 59
69 25
86 79
56 70
72 97
70 62
87 13
57 28
73 77
71 72
88 16
58 58
74 100
72 48
89 94
59 78
75 14
73 26
90 90
60 14
74 49
91 11
61 10
77 17
92 93
62 70
78 58
76 99
93 74
63 26
79 52
77 92
94 98
64 76
80 69
78 55
95 96
65 20
81 10
79 32
96 53
66 34
82 25
80 43
97 18
67 74
83 67
81 80
98 63
68 22
84 48
82 67
99 35
69 95
85 15
83 29
100 83
70 35
86 74
84 83
101 84
71 74
87 21
85 93
102 23
72 62
88 45
86 62
103 61
73 55
89 49
87 19
104 39
74 95
90 14
88 70
105 65
75 81
89 19
76 69
92 76
77 92
93 21
91 39
78 11
94 94
92 32
79 21
95 99
93 84
80 60
96 27
94 97
81 90
97 24
95 25
82 88
98 30
96 31
83 42
99 75
97 92
84 10
100 48
98 15
85 19
101 33
99 65
86 97
102 91
100 73
87 24
103 79
101 84
88 33
104 32
102 17
89 35
105 59
103 79
90 25
104 89
34
17
1 34 
3 43 55 27 
1 105 
1 70 
3 8 39 36 
3 16 25 3 
2 26 32 
1 99 
2 10 58 
1 61 
2 87 35 
2 69 37 
3 31 103 21 
3 50 44 38 
3 51 71 49 
2 77 54 
1 90 
1 24 
1 17 
