105 376 10 100 17
2
3
3
3
3
3
3
3
3
3
3
3
3
3
2
3
4
4
4
4
4
4
4
4
4
4
4
4
4
3
3
4
4
4
4
4
4
4
4
4
4
4
4
4
3
3
4
4
4
4
4
4
4
4
4
4
4
4
4
3
3
4
4
4
4
4
4
4
4
4
4
4
4
4
3
3
4
4
4
4
4
4
4
4
4
4
4
4
4
3
2
3
3
3
3
3
3
3
3
3
3
3
3
3
2
16 12
2 29
17 14
3 83
1 69
18 42
4 54
2 50
19 48
5 13
3 49
20 53
6 55
4 84
21 51
7 56
5 24
22 78
8 52
6 55
23 86
9 59
7 82
24 28
10 28
8 61
25 12
11 25
9 23
26 71
12 46
10 41
27 33
13 40
11 68
28 45
14 56
12 16
29 81
15 68
13 67
30 30
14 38
31 44
1 66
17 28
32 79
2 100
18 25
16 54
33 64
3 97
19 52
17 16
34 84
4 48
20 93
18 45
35 95
5 84
21 93
19 21
36 80
6 82
22 70
20 63
37 18
7 93
23 72
21 45
38 100
8 51
24 11
22 26
39 63
9 68
25 47
23 99
40 56
10 33
26 80
24 42
41 20
11 11
27 83
25 64
42 80
12 31
28 32
26 21
43 18
13 22
29 26
27 45
44 70
14 80
30 25
28 28
45 32
15 58
29 27
46 97
16 94
32 95
47 16
17 88
33 17
31 76
48 55
18 29
34 93
32 64
49 55
19 73
35 11
33 82
50 94
20 43
36 84
34 40
51 41
21 12
37 35
35 67
52 83
22 89
38 64
36 39
53 50
23 77
39 66
37 19
54 32
24 10
40 11
38 84
55 60
25 33
41 86
39 74
56 71
26 38
42 24
40 23
57 91
27 55
43 63
41 30
58 72
28 79
44 42
42 61
59 75
29 47
45 14
43 78
60 99
30 85
44 23
61 65
31 75
47 58
62 74
32 97
48 80
46 30
63 90
33 49
49 41
47 47
64 85
34 19
50 42
48 19
65 36
35 100
51 19
49 67
66 68
36 18
52 20
50 47
67 41
37 45
53 32
51 55
68 74
38 71
54 16
52 65
69 25
39 37
55 24
53 87
70 19
40 12
56 95
54 11
71 15
41 94
57 49
55 83
72 84
42 29
58 32
56 98
73 23
43 99
59 100
57 77
74 29
44 74
60 100
58 46
75 87
45 62
59 17
76 82
46 47
62 45
77 74
47 70
63 37
61 69
78 91
48 91
64 96
62 92
79 76
49 63
65 13
63 63
80 32
50 25
66 36
64 66
81 16
51 21
67 19
65 63
82 52
52 81
68 74
66 16
83 87
53 78
69 83
67 83
84 83
54 38
70 32
68 96
85 78
55 26
71 40
69 96
86 83
56 49
72 92
70 11
87 51
57 44
73 13
71 93
88 43
58 87
74 55
72 74
89 39
59 67
75 95
73 23
90 86
60 21
74 57
91 82
61 89
77 96
92 70
62 68
78 67
76 37
93 18
63 35
79 63
77 89
94 24
64 57
80 70
78 68
95 14
65 47
81 32
79 36
96 81
66 23
82 93
80 95
97 37
67 73
83 77
81 14
98 81
68 59
84 27
82 31
99 42
69 83
85 25
83 83
100 99
70 61
86 42
84 32
101 97
71 24
87 45
85 36
102 47
72 83
88 70
86 31
103 74
73 80
89 31
87 72
104 64
74 86
90 15
88 41
105 54
75 25
89 19
76 16
92 18
77 71
93 28
91 51
78 45
94 35
92 14
79 91
95 54
93 72
80 55
96 48
94 46
81 53
97 71
95 30
82 27
98 81
96 14
83 32
99 14
97 77
84 56
100 88
98 59
85 72
101 55
99 19
86 25
102 23
100 40
87 32
103 52
101 81
88 16
104 14
102 59
89 21
105 33
103 14
90 29
104 68
29
9
2 83 29 
2 2 55 
2 98 99 
2 19 57 
2 40 31 
3 81 90 34 
1 53 
1 103 
2 72 1 
2 28 15 
3 105 12 49 
4 94 56 20 70 
3 16 6 74 
1 60 
2 46 51 
2 44 58 
2 86 9 
