105 376 10 100 16
2
3
3
3
3
3
3
3
3
3
3
3
3
3
2
3
4
4
4
4
4
4
4
4
4
4
4
4
4
3
3
4
4
4
4
4
4
4
4
4
4
4
4
4
3
3
4
4
4
4
4
4
4
4
4
4
4
4
4
3
3
4
4
4
4
4
4
4
4
4
4
4
4
4
3
3
4
4
4
4
4
4
4
4
4
4
4
4
4
3
2
3
3
3
3
3
3
3
3
3
3
3
3
3
2
16 76
2 29
17 72
3 41
1 49
18 54
4 72
2 27
19 41
5 39
3 78
20 63
6 61
4 91
21 71
7 84
5 80
22 43
8 51
6 66
23 37
9 89
7 10
24 86
10 31
8 77
25 31
11 53
9 27
26 53
12 92
10 78
27 74
13 89
11 79
28 74
14 63
12 69
29 61
15 27
13 81
30 56
14 31
31 44
1 48
17 73
32 97
2 95
18 67
16 73
33 82
3 26
19 13
17 68
34 17
4 23
20 40
18 71
35 68
5 60
21 74
19 18
36 15
6 90
22 65
20 21
37 99
7 46
23 25
21 63
38 35
8 75
24 41
22 16
39 46
9 12
25 39
23 56
40 73
10 59
26 61
24 81
41 20
11 32
27 50
25 92
42 60
12 42
28 87
26 77
43 18
13 35
29 65
27 33
44 37
14 25
30 39
28 87
45 24
15 52
29 27
46 15
16 11
32 88
47 37
17 43
33 58
31 20
48 78
18 60
34 41
32 97
49 16
19 58
35 20
33 84
50 56
20 38
36 76
34 32
51 67
21 74
37 89
35 64
52 36
22 97
38 35
36 89
53 24
23 44
39 66
37 59
54 63
24 87
40 71
38 21
55 74
25 58
41 11
39 27
56 40
26 31
42 83
40 95
57 48
27 27
43 23
41 57
58 87
28 80
44 39
42 26
59 89
29 80
45 22
43 56
60 50
30 40
44 34
61 48
31 82
47 77
62 38
32 98
48 27
46 10
63 87
33 46
49 40
47 79
64 78
34 64
50 78
48 49
65 72
35 80
51 28
49 53
66 97
36 43
52 70
50 54
67 57
37 75
53 75
51 61
68 90
38 42
54 72
52 69
69 26
39 93
55 45
53 41
70 49
40 76
56 69
54 85
71 48
41 67
57 42
55 89
72 12
42 92
58 15
56 46
73 75
43 14
59 27
57 95
74 58
44 65
60 76
58 45
75 85
45 54
59 62
76 69
46 82
62 75
77 66
47 76
63 14
61 100
78 80
48 86
64 93
62 97
79 24
49 21
65 40
63 88
80 15
50 81
66 85
64 46
81 94
51 94
67 21
65 31
82 61
52 60
68 89
66 61
83 46
53 34
69 49
67 16
84 24
54 20
70 40
68 45
85 65
55 79
71 70
69 87
86 53
56 41
72 83
70 94
87 71
57 17
73 42
71 10
88 46
58 10
74 55
72 12
89 47
59 24
75 52
73 12
90 25
60 41
74 64
91 60
61 86
77 54
92 63
62 83
78 98
76 12
93 27
63 66
79 54
77 79
94 61
64 48
80 56
78 18
95 97
65 63
81 79
79 72
96 83
66 72
82 74
80 89
97 60
67 35
83 55
81 84
98 79
68 80
84 19
82 49
99 10
69 54
85 94
83 63
100 34
70 91
86 18
84 24
101 60
71 67
87 90
85 19
102 91
72 39
88 10
86 18
103 89
73 85
89 47
87 92
104 56
74 29
90 66
88 79
105 51
75 86
89 97
76 74
92 80
77 50
93 100
91 93
78 42
94 86
92 42
79 57
95 93
93 70
80 46
96 95
94 64
81 59
97 44
95 12
82 40
98 90
96 81
83 40
99 92
97 51
84 43
100 79
98 22
85 27
101 62
99 45
86 100
102 68
100 82
87 38
103 36
101 96
88 82
104 69
102 62
89 33
105 81
103 96
90 51
104 47
94
61
1 94 
4 7 43 54 1 
2 105 104 
2 36 38 
4 84 92 93 64 
3 101 83 82 
3 35 30 48 
1 100 
3 9 4 5 
3 72 51 68 
1 49 
1 23 
2 45 103 
1 8 
2 59 90 
3 79 78 61 
