105 376 10 100 15
2
3
3
3
3
3
3
3
3
3
3
3
3
3
2
3
4
4
4
4
4
4
4
4
4
4
4
4
4
3
3
4
4
4
4
4
4
4
4
4
4
4
4
4
3
3
4
4
4
4
4
4
4
4
4
4
4
4
4
3
3
4
4
4
4
4
4
4
4
4
4
4
4
4
3
3
4
4
4
4
4
4
4
4
4
4
4
4
4
3
2
3
3
3
3
3
3
3
3
3
3
3
3
3
2
16 30
2 29
17 38
3 80
1 57
18 87
4 28
2 47
19 96
5 80
3 59
20 98
6 67
4 95
21 40
7 73
5 77
22 62
8 29
6 75
23 26
9 57
7 16
24 54
10 13
8 24
25 26
11 42
9 49
26 37
12 87
10 84
27 73
13 21
11 15
28 26
14 84
12 55
29 94
15 13
13 21
30 66
14 56
31 17
1 13
17 64
32 23
2 56
18 87
16 49
33 68
3 96
19 26
17 34
34 95
4 77
20 23
18 23
35 65
5 57
21 39
19 34
36 77
6 85
22 39
20 61
37 80
7 31
23 85
21 92
38 65
8 91
24 78
22 58
39 91
9 68
25 57
23 88
40 11
10 76
26 22
24 13
41 17
11 24
27 91
25 40
42 19
12 96
28 65
26 35
43 20
13 60
29 99
27 15
44 35
14 27
30 51
28 44
45 14
15 66
29 41
46 29
16 24
32 95
47 71
17 80
33 75
31 95
48 76
18 23
34 45
32 86
49 10
19 86
35 21
33 52
50 27
20 99
36 39
34 22
51 33
21 58
37 21
35 93
52 82
22 93
38 70
36 72
53 71
23 10
39 23
37 85
54 71
24 87
40 34
38 12
55 25
25 17
41 50
39 57
56 48
26 100
42 98
40 40
57 57
27 37
43 79
41 16
58 88
28 82
44 99
42 15
59 84
29 39
45 67
43 45
60 11
30 36
44 66
61 69
31 91
47 69
62 96
32 92
48 11
46 57
63 58
33 18
49 39
47 33
64 44
34 21
50 99
48 99
65 94
35 36
51 18
49 98
66 79
36 100
52 100
50 46
67 18
37 80
53 55
51 82
68 52
38 76
54 13
52 77
69 95
39 33
55 13
53 30
70 27
40 58
56 61
54 40
71 51
41 95
57 21
55 46
72 75
42 69
58 95
56 21
73 43
43 46
59 79
57 97
74 74
44 18
60 41
58 87
75 14
45 92
59 80
76 18
46 22
62 93
77 70
47 29
63 48
61 65
78 99
48 76
64 88
62 15
79 16
49 18
65 54
63 51
80 33
50 94
66 69
64 50
81 61
51 65
67 29
65 78
82 67
52 27
68 73
66 46
83 48
53 65
69 56
67 16
84 41
54 78
70 95
68 85
85 43
55 38
71 24
69 73
86 22
56 30
72 52
70 22
87 22
57 75
73 39
71 21
88 30
58 38
74 99
72 14
89 41
59 45
75 70
73 64
90 56
60 22
74 83
91 86
61 87
77 81
92 61
62 52
78 29
76 69
93 30
63 90
79 98
77 42
94 12
64 29
80 93
78 79
95 59
65 98
81 62
79 27
96 63
66 93
82 18
80 11
97 41
67 67
83 47
81 65
98 52
68 32
84 10
82 66
99 55
69 41
85 88
83 18
100 27
70 93
86 43
84 41
101 84
71 14
87 61
85 10
102 59
72 28
88 16
86 88
103 45
73 81
89 36
87 28
104 86
74 82
90 86
88 74
105 49
75 21
89 42
76 87
92 23
77 75
93 15
91 67
78 88
94 73
92 84
79 37
95 20
93 72
80 15
96 81
94 93
81 28
97 69
95 30
82 59
98 75
96 91
83 82
99 99
97 53
84 36
100 98
98 11
85 68
101 68
99 15
86 16
102 46
100 98
87 53
103 91
101 68
88 94
104 33
102 33
89 95
105 29
103 36
90 44
104 77
45
67
2 92 45 
2 20 74 
3 37 10 26 
2 91 84 
2 31 100 
1 42 
2 95 16 
1 87 
3 52 50 70 
1 18 
4 75 65 35 44 
3 82 51 23 
5 77 98 85 86 76 
3 78 94 97 
2 103 67 
