105 376 11 100 16
2
3
3
3
3
3
3
3
3
3
3
3
3
3
2
3
4
4
4
4
4
4
4
4
4
4
4
4
4
3
3
4
4
4
4
4
4
4
4
4
4
4
4
4
3
3
4
4
4
4
4
4
4
4
4
4
4
4
4
3
3
4
4
4
4
4
4
4
4
4
4
4
4
4
3
3
4
4
4
4
4
4
4
4
4
4
4
4
4
3
2
3
3
3
3
3
3
3
3
3
3
3
3
3
2
16 50
2 29
17 39
3 90
1 30
18 66
4 90
2 95
19 34
5 64
3 15
20 73
6 68
4 98
21 92
7 20
5 44
22 100
8 50
6 76
23 79
9 27
7 29
24 54
10 33
8 93
25 51
11 80
9 32
26 35
12 47
10 23
27 24
13 47
11 90
28 12
14 70
12 31
29 41
15 77
13 96
30 81
14 24
31 45
1 29
17 28
32 24
2 90
18 18
16 92
33 100
3 45
19 66
17 29
34 41
4 89
20 78
18 97
35 41
5 36
21 56
19 15
36 42
6 98
22 60
20 70
37 89
7 90
23 69
21 80
38 61
8 99
24 72
22 98
39 28
9 46
25 30
23 12
40 91
10 86
26 41
24 30
41 19
11 54
27 17
25 29
42 40
12 52
28 50
26 43
43 18
13 49
29 13
27 21
44 96
14 60
30 53
28 55
45 16
15 46
29 26
46 23
16 20
32 81
47 59
17 88
33 99
31 55
48 11
18 91
34 80
32 39
49 68
19 43
35 29
33 87
50 18
20 32
36 69
34 24
51 93
21 44
37 53
35 61
52 80
22 14
38 98
36 47
53 89
23 11
39 67
37 99
54 94
24 72
40 40
38 49
55 88
25 82
41 27
39 71
56 100
26 24
42 50
40 75
57 97
27 91
43 75
41 84
58 11
28 80
44 36
42 83
59 12
29 22
45 31
43 33
60 92
30 86
44 46
61 32
31 90
47 96
62 94
32 100
48 65
46 80
63 84
33 44
49 40
47 20
64 72
34 17
50 24
48 79
65 18
35 59
51 38
49 38
66 35
36 69
52 29
50 61
67 73
37 15
53 27
51 68
68 15
38 13
54 37
52 74
69 28
39 58
55 65
53 86
70 80
40 49
56 44
54 67
71 81
41 40
57 35
55 95
72 30
42 64
58 89
56 85
73 37
43 20
59 46
57 22
74 87
44 56
60 52
58 45
75 83
45 47
59 15
76 57
46 26
62 14
77 58
47 81
63 82
61 40
78 69
48 81
64 89
62 11
79 64
49 70
65 66
63 22
80 89
50 45
66 44
64 27
81 82
51 77
67 22
65 90
82 71
52 38
68 12
66 14
83 96
53 81
69 15
67 40
84 57
54 93
70 47
68 85
85 52
55 42
71 99
69 79
86 24
56 33
72 74
70 86
87 91
57 81
73 71
71 18
88 49
58 24
74 55
72 42
89 54
59 72
75 99
73 93
90 54
60 61
74 70
91 39
61 84
77 12
92 57
62 97
78 38
76 79
93 37
63 97
79 45
77 68
94 99
64 38
80 43
78 59
95 90
65 79
81 34
79 16
96 85
66 29
82 54
80 83
97 82
67 88
83 33
81 63
98 77
68 100
84 12
82 67
99 68
69 25
85 72
83 42
100 59
70 30
86 84
84 15
101 24
71 18
87 43
85 94
102 44
72 87
88 40
86 97
103 13
73 90
89 62
87 21
104 47
74 63
90 26
88 25
105 48
75 56
89 83
76 42
92 52
77 28
93 81
91 44
78 39
94 45
92 71
79 24
95 40
93 67
80 37
96 51
94 81
81 65
97 16
95 86
82 52
98 98
96 57
83 48
99 79
97 25
84 30
100 71
98 75
85 73
101 69
99 72
86 84
102 23
100 32
87 44
103 20
101 20
88 58
104 32
102 65
89 45
105 39
103 87
90 73
104 27
54
8
3 100 83 54 
2 50 52 
2 61 5 
1 21 
1 98 
3 20 71 29 
1 48 
3 18 76 97 
2 44 7 
2 70 19 
3 6 99 56 
3 69 49 85 
4 40 73 96 33 
3 27 67 64 
1 28 
2 86 8 
