105 376 10 100 15
2
3
3
3
3
3
3
3
3
3
3
3
3
3
2
3
4
4
4
4
4
4
4
4
4
4
4
4
4
3
3
4
4
4
4
4
4
4
4
4
4
4
4
4
3
3
4
4
4
4
4
4
4
4
4
4
4
4
4
3
3
4
4
4
4
4
4
4
4
4
4
4
4
4
3
3
4
4
4
4
4
4
4
4
4
4
4
4
4
3
2
3
3
3
3
3
3
3
3
3
3
3
3
3
2
16 87
2 29
17 63
3 97
1 47
18 68
4 49
2 68
19 68
5 31
3 75
20 10
6 96
4 35
21 38
7 100
5 34
22 100
8 41
6 70
23 13
9 68
7 28
24 75
10 82
8 60
25 32
11 69
9 11
26 15
12 37
10 29
27 68
13 39
11 98
28 40
14 21
12 33
29 92
15 16
13 70
30 18
14 28
31 12
1 88
17 22
32 43
2 98
18 72
16 62
33 90
3 12
19 10
17 20
34 61
4 28
20 46
18 63
35 36
5 92
21 24
19 59
36 19
6 14
22 83
20 75
37 75
7 89
23 54
21 26
38 10
8 60
24 76
22 53
39 68
9 32
25 40
23 26
40 37
10 17
26 13
24 20
41 21
11 10
27 25
25 60
42 14
12 93
28 30
26 74
43 17
13 29
29 22
27 34
44 57
14 70
30 15
28 58
45 84
15 30
29 42
46 42
16 40
32 71
47 63
17 35
33 66
31 52
48 51
18 17
34 58
32 61
49 91
19 39
35 31
33 29
50 95
20 60
36 13
34 92
51 74
21 50
37 78
35 31
52 48
22 21
38 54
36 81
53 33
23 34
39 19
37 87
54 66
24 36
40 37
38 36
55 81
25 70
41 85
39 25
56 52
26 73
42 24
40 33
57 74
27 11
43 68
41 43
58 45
28 78
44 35
42 52
59 52
29 14
45 80
43 66
60 85
30 76
44 49
61 35
31 23
47 80
62 55
32 77
48 33
46 57
63 82
33 41
49 41
47 17
64 13
34 74
50 45
48 100
65 38
35 36
51 22
49 48
66 93
36 52
52 16
50 72
67 56
37 81
53 32
51 20
68 89
38 61
54 54
52 37
69 81
39 75
55 12
53 82
70 22
40 27
56 14
54 15
71 28
41 65
57 84
55 80
72 94
42 47
58 65
56 33
73 26
43 81
59 92
57 26
74 82
44 100
60 79
58 94
75 32
45 68
59 43
76 43
46 68
62 97
77 51
47 70
63 71
61 56
78 16
48 29
64 31
62 64
79 25
49 29
65 91
63 98
80 96
50 50
66 77
64 46
81 81
51 40
67 15
65 93
82 69
52 34
68 32
66 12
83 50
53 96
69 88
67 77
84 21
54 59
70 25
68 89
85 70
55 10
71 33
69 60
86 15
56 11
72 42
70 94
87 25
57 44
73 54
71 40
88 96
58 92
74 10
72 20
89 63
59 67
75 97
73 67
90 63
60 26
74 23
91 97
61 21
77 93
92 27
62 11
78 26
76 15
93 37
63 84
79 89
77 41
94 39
64 23
80 33
78 73
95 35
65 49
81 97
79 72
96 46
66 24
82 12
80 68
97 18
67 43
83 65
81 74
98 72
68 33
84 79
82 86
99 73
69 29
85 11
83 20
100 73
70 98
86 82
84 26
101 48
71 85
87 26
85 68
102 30
72 54
88 14
86 22
103 92
73 34
89 78
87 30
104 74
74 51
90 83
88 11
105 78
75 20
89 73
76 17
92 99
77 87
93 98
91 53
78 23
94 75
92 100
79 64
95 35
93 94
80 95
96 20
94 27
81 68
97 43
95 94
82 38
98 86
96 38
83 100
99 37
97 15
84 62
100 80
98 74
85 17
101 95
99 50
86 72
102 91
100 90
87 92
103 51
101 24
88 39
104 86
102 95
89 77
105 46
103 23
90 28
104 81
89
20
4 61 77 71 89 
3 60 51 31 
1 84 
3 65 8 39 
2 92 4 
3 18 95 13 
1 45 
1 6 
3 96 63 49 
2 53 55 
2 100 26 
4 28 69 93 105 
3 66 46 104 
2 34 27 
2 33 20 
