105 376 10 100 15
2
3
3
3
3
3
3
3
3
3
3
3
3
3
2
3
4
4
4
4
4
4
4
4
4
4
4
4
4
3
3
4
4
4
4
4
4
4
4
4
4
4
4
4
3
3
4
4
4
4
4
4
4
4
4
4
4
4
4
3
3
4
4
4
4
4
4
4
4
4
4
4
4
4
3
3
4
4
4
4
4
4
4
4
4
4
4
4
4
3
2
3
3
3
3
3
3
3
3
3
3
3
3
3
2
16 100
2 29
17 34
3 73
1 11
18 62
4 86
2 34
19 72
5 18
3 15
20 51
6 92
4 32
21 74
7 86
5 52
22 71
8 87
6 20
23 37
9 53
7 19
24 46
10 81
8 98
25 67
11 56
9 100
26 70
12 14
10 10
27 48
13 60
11 92
28 71
14 63
12 52
29 57
15 82
13 18
30 97
14 31
31 11
1 97
17 90
32 80
2 55
18 97
16 52
33 35
3 93
19 29
17 85
34 95
4 40
20 27
18 50
35 95
5 13
21 33
19 61
36 51
6 56
22 86
20 51
37 80
7 67
23 77
21 17
38 42
8 94
24 61
22 57
39 31
9 14
25 44
23 93
40 28
10 95
26 22
24 91
41 22
11 90
27 41
25 92
42 24
12 88
28 93
26 46
43 17
13 67
29 48
27 85
44 28
14 53
30 99
28 74
45 88
15 78
29 88
46 38
16 35
32 29
47 98
17 58
33 91
31 80
48 39
18 47
34 84
32 45
49 65
19 92
35 73
33 74
50 68
20 63
36 17
34 96
51 16
21 19
37 97
35 78
52 26
22 63
38 68
36 56
53 46
23 95
39 65
37 66
54 51
24 89
40 53
38 22
55 74
25 12
41 32
39 49
56 22
26 31
42 40
40 88
57 50
27 25
43 42
41 29
58 83
28 78
44 82
42 24
59 90
29 88
45 76
43 32
60 19
30 53
44 44
61 89
31 19
47 25
62 72
32 30
48 14
46 67
63 38
33 88
49 42
47 92
64 16
34 52
50 73
48 40
65 66
35 46
51 17
49 56
66 33
36 84
52 37
50 22
67 48
37 65
53 10
51 62
68 81
38 75
54 72
52 80
69 80
39 93
55 47
53 59
70 98
40 41
56 27
54 70
71 57
41 33
57 42
55 31
72 85
42 61
58 28
56 59
73 91
43 78
59 37
57 17
74 21
44 14
60 91
58 49
75 33
45 26
59 20
76 95
46 50
62 37
77 10
47 21
63 83
61 86
78 66
48 77
64 79
62 16
79 96
49 50
65 78
63 40
80 59
50 22
66 52
64 11
81 87
51 49
67 14
65 18
82 19
52 90
68 25
66 81
83 71
53 73
69 14
67 66
84 95
54 68
70 67
68 23
85 31
55 29
71 64
69 64
86 29
56 15
72 92
70 98
87 15
57 12
73 39
71 36
88 95
58 39
74 55
72 96
89 14
59 89
75 27
73 27
90 48
60 16
74 65
91 62
61 68
77 23
92 31
62 49
78 56
76 27
93 78
63 23
79 93
77 92
94 21
64 28
80 85
78 52
95 38
65 86
81 28
79 100
96 45
66 45
82 68
80 25
97 52
67 16
83 30
81 85
98 28
68 23
84 83
82 31
99 89
69 89
85 67
83 30
100 15
70 83
86 94
84 30
101 66
71 64
87 49
85 30
102 53
72 76
88 90
86 74
103 85
73 32
89 70
87 66
104 33
74 34
90 58
88 38
105 35
75 35
89 34
76 34
92 23
77 52
93 63
91 32
78 24
94 49
92 40
79 80
95 16
93 50
80 54
96 42
94 18
81 65
97 11
95 57
82 77
98 82
96 96
83 96
99 89
97 73
84 68
100 85
98 92
85 39
101 92
99 82
86 80
102 23
100 24
87 43
103 13
101 62
88 96
104 13
102 48
89 71
105 22
103 73
90 17
104 46
57
46
2 63 57 
3 96 4 59 
2 95 82 
3 11 65 45 
2 28 93 
3 89 21 38 
3 54 22 97 
3 17 43 7 
4 8 101 30 98 
2 31 75 
1 74 
3 80 66 72 
1 33 
2 60 49 
2 84 46 
