105 376 10 100 19
2
3
3
3
3
3
3
3
3
3
3
3
3
3
2
3
4
4
4
4
4
4
4
4
4
4
4
4
4
3
3
4
4
4
4
4
4
4
4
4
4
4
4
4
3
3
4
4
4
4
4
4
4
4
4
4
4
4
4
3
3
4
4
4
4
4
4
4
4
4
4
4
4
4
3
3
4
4
4
4
4
4
4
4
4
4
4
4
4
3
2
3
3
3
3
3
3
3
3
3
3
3
3
3
2
16 58
2 29
17 50
3 43
1 97
18 32
4 84
2 12
19 37
5 56
3 67
20 100
6 36
4 65
21 85
7 41
5 56
22 81
8 81
6 73
23 65
9 17
7 22
24 65
10 93
8 88
25 75
11 10
9 30
26 72
12 62
10 11
27 71
13 30
11 56
28 33
14 98
12 44
29 47
15 60
13 91
30 42
14 87
31 14
1 96
17 43
32 78
2 31
18 34
16 55
33 33
3 99
19 18
17 73
34 33
4 98
20 35
18 88
35 50
5 74
21 31
19 47
36 94
6 95
22 61
20 23
37 32
7 15
23 24
21 14
38 83
8 30
24 31
22 10
39 34
9 95
25 94
23 57
40 24
10 47
26 17
24 17
41 19
11 17
27 58
25 50
42 17
12 49
28 93
26 54
43 18
13 44
29 61
27 25
44 46
14 49
30 79
28 96
45 49
15 48
29 87
46 81
16 77
32 83
47 21
17 12
33 25
31 74
48 64
18 20
34 97
32 28
49 51
19 17
35 26
33 86
50 61
20 34
36 72
34 57
51 54
21 54
37 95
35 62
52 65
22 12
38 16
36 31
53 97
23 22
39 66
37 86
54 23
24 16
40 81
38 70
55 53
25 44
41 22
39 87
56 50
26 87
42 61
40 82
57 20
27 70
43 28
41 75
58 66
28 80
44 67
42 33
59 68
29 72
45 28
43 10
60 48
30 10
44 12
61 98
31 57
47 29
62 75
32 39
48 22
46 57
63 25
33 75
49 40
47 70
64 74
34 93
50 72
48 100
65 66
35 36
51 65
49 73
66 86
36 30
52 12
50 59
67 37
37 35
53 43
51 96
68 71
38 23
54 79
52 11
69 88
39 100
55 58
53 10
70 70
40 88
56 83
54 73
71 40
41 80
57 98
55 63
72 84
42 13
58 34
56 72
73 80
43 18
59 40
57 16
74 78
44 59
60 60
58 45
75 23
45 80
59 61
76 31
46 45
62 95
77 61
47 49
63 59
61 60
78 12
48 52
64 60
62 39
79 20
49 24
65 27
63 75
80 64
50 27
66 27
64 94
81 25
51 52
67 22
65 40
82 68
52 76
68 98
66 29
83 49
53 35
69 26
67 92
84 76
54 68
70 14
68 41
85 57
55 24
71 29
69 21
86 64
56 66
72 47
70 58
87 23
57 60
73 92
71 76
88 18
58 19
74 55
72 63
89 52
59 56
75 83
73 66
90 14
60 24
74 98
91 46
61 54
77 87
92 89
62 32
78 27
76 87
93 33
63 87
79 48
77 41
94 26
64 72
80 17
78 76
95 92
65 73
81 79
79 95
96 54
66 13
82 61
80 85
97 75
67 10
83 10
81 70
98 17
68 32
84 44
82 31
99 19
69 35
85 49
83 19
100 50
70 50
86 62
84 79
101 66
71 95
87 89
85 39
102 90
72 41
88 60
86 10
103 68
73 58
89 57
87 75
104 80
74 21
90 39
88 43
105 18
75 66
89 57
76 52
92 61
77 35
93 57
91 60
78 10
94 28
92 92
79 96
95 28
93 38
80 10
96 96
94 15
81 93
97 56
95 62
82 48
98 35
96 65
83 46
99 22
97 34
84 95
100 44
98 88
85 88
101 36
99 33
86 89
102 68
100 48
87 72
103 25
101 46
88 66
104 14
102 64
89 41
105 83
103 30
90 36
104 34
67
96
1 67 
1 105 
3 26 97 3 
2 24 60 
4 73 41 71 50 
3 54 81 80 
1 82 
2 29 98 
1 6 
1 34 
2 77 86 
2 18 62 
1 89 
1 9 
5 95 55 64 90 14 
1 47 
2 19 12 
1 70 
2 35 96 
