105 376 10 100 16
2
3
3
3
3
3
3
3
3
3
3
3
3
3
2
3
4
4
4
4
4
4
4
4
4
4
4
4
4
3
3
4
4
4
4
4
4
4
4
4
4
4
4
4
3
3
4
4
4
4
4
4
4
4
4
4
4
4
4
3
3
4
4
4
4
4
4
4
4
4
4
4
4
4
3
3
4
4
4
4
4
4
4
4
4
4
4
4
4
3
2
3
3
3
3
3
3
3
3
3
3
3
3
3
2
16 81
2 29
17 32
3 63
1 38
18 82
4 24
2 76
19 43
5 34
3 58
20 77
6 91
4 29
21 22
7 49
5 85
22 34
8 67
6 18
23 75
9 84
7 98
24 46
10 61
8 29
25 43
11 18
9 27
26 71
12 54
10 72
27 97
13 35
11 17
28 85
14 77
12 75
29 19
15 18
13 33
30 82
14 63
31 74
1 81
17 36
32 79
2 20
18 75
16 100
33 94
3 53
19 80
17 90
34 58
4 27
20 64
18 67
35 27
5 34
21 17
19 79
36 87
6 43
22 65
20 43
37 70
7 99
23 93
21 29
38 46
8 86
24 67
22 18
39 94
9 36
25 70
23 78
40 40
10 85
26 94
24 75
41 20
11 59
27 25
25 11
42 94
12 40
28 17
26 38
43 18
13 79
29 43
27 80
44 58
14 19
30 97
28 62
45 86
15 99
29 11
46 44
16 40
32 44
47 19
17 50
33 66
31 29
48 14
18 70
34 49
32 92
49 98
19 45
35 64
33 38
50 78
20 39
36 78
34 94
51 48
21 33
37 65
35 19
52 28
22 50
38 40
36 81
53 28
23 95
39 21
37 52
54 28
24 13
40 46
38 77
55 11
25 39
41 54
39 35
56 60
26 17
42 88
40 53
57 10
27 62
43 45
41 52
58 69
28 80
44 54
42 47
59 72
29 14
45 21
43 44
60 28
30 93
44 63
61 36
31 20
47 89
62 75
32 22
48 51
46 43
63 12
33 62
49 40
47 13
64 79
34 56
50 57
48 59
65 51
35 22
51 87
49 25
66 77
36 24
52 16
50 98
67 84
37 40
53 38
51 76
68 27
38 47
54 47
52 84
69 56
39 68
55 87
53 94
70 44
40 50
56 43
54 42
71 27
41 87
57 28
55 73
72 39
42 66
58 33
56 85
73 97
43 13
59 70
57 92
74 99
44 67
60 80
58 91
75 55
45 71
59 85
76 56
46 46
62 25
77 22
47 60
63 48
61 19
78 97
48 72
64 78
62 20
79 48
49 89
65 66
63 69
80 94
50 71
66 77
64 35
81 66
51 37
67 21
65 97
82 14
52 78
68 86
66 23
83 23
53 57
69 55
67 42
84 79
54 53
70 23
68 23
85 22
55 25
71 80
69 59
86 28
56 12
72 70
70 35
87 37
57 97
73 98
71 39
88 76
58 53
74 100
72 68
89 91
59 62
75 89
73 90
90 50
60 68
74 78
91 18
61 72
77 91
92 34
62 95
78 47
76 16
93 71
63 16
79 55
77 65
94 25
64 19
80 44
78 72
95 99
65 15
81 56
79 20
96 22
66 18
82 31
80 45
97 10
67 87
83 44
81 87
98 94
68 46
84 81
82 31
99 76
69 13
85 83
83 96
100 75
70 56
86 52
84 56
101 36
71 60
87 67
85 37
102 69
72 16
88 65
86 66
103 26
73 23
89 44
87 73
104 72
74 54
90 27
88 88
105 36
75 91
89 84
76 80
92 85
77 99
93 88
91 56
78 73
94 77
92 53
79 93
95 86
93 55
80 32
96 72
94 30
81 28
97 64
95 91
82 83
98 58
96 40
83 39
99 18
97 10
84 75
100 20
98 28
85 34
101 91
99 26
86 12
102 46
100 90
87 52
103 84
101 18
88 41
104 14
102 16
89 31
105 12
103 22
90 78
104 96
48
105
2 102 48 
2 90 79 
1 103 
3 4 10 6 
1 92 
2 72 56 
2 65 66 
5 29 36 58 16 99 
2 15 53 
1 75 
1 64 
2 20 13 
2 83 80 
4 93 45 95 84 
4 8 44 26 30 
2 49 105 
