105 376 10 100 17
2
3
3
3
3
3
3
3
3
3
3
3
3
3
2
3
4
4
4
4
4
4
4
4
4
4
4
4
4
3
3
4
4
4
4
4
4
4
4
4
4
4
4
4
3
3
4
4
4
4
4
4
4
4
4
4
4
4
4
3
3
4
4
4
4
4
4
4
4
4
4
4
4
4
3
3
4
4
4
4
4
4
4
4
4
4
4
4
4
3
2
3
3
3
3
3
3
3
3
3
3
3
3
3
2
16 78
2 29
17 52
3 53
1 71
18 11
4 55
2 61
19 66
5 40
3 23
20 74
6 37
4 68
21 45
7 79
5 22
22 28
8 10
6 74
23 27
9 77
7 35
24 65
10 22
8 66
25 99
11 48
9 13
26 70
12 22
10 41
27 21
13 55
11 41
28 19
14 84
12 20
29 85
15 33
13 75
30 57
14 56
31 42
1 21
17 97
32 79
2 66
18 56
16 98
33 65
3 49
19 58
17 68
34 69
4 19
20 89
18 71
35 27
5 53
21 48
19 28
36 58
6 17
22 82
20 31
37 42
7 74
23 99
21 93
38 79
8 38
24 25
22 49
39 62
9 73
25 68
23 72
40 12
10 57
26 36
24 33
41 21
11 47
27 74
25 39
42 38
12 96
28 78
26 62
43 17
13 33
29 66
27 30
44 15
14 82
30 80
28 17
45 51
15 28
29 72
46 75
16 73
32 68
47 100
17 20
33 50
31 33
48 89
18 88
34 41
32 72
49 17
19 65
35 34
33 30
50 52
20 58
36 11
34 59
51 22
21 40
37 36
35 30
52 63
22 24
38 44
36 97
53 24
23 23
39 19
37 100
54 46
24 92
40 88
38 15
55 25
25 18
41 91
39 10
56 11
26 10
42 13
40 26
57 60
27 32
43 24
41 52
58 80
28 78
44 95
42 10
59 87
29 55
45 83
43 89
60 39
30 61
44 84
61 60
31 56
47 56
62 73
32 47
48 76
46 81
63 51
33 10
49 41
47 58
64 10
34 89
50 88
48 80
65 81
35 59
51 86
49 13
66 42
36 90
52 33
50 74
67 92
37 60
53 16
51 83
68 34
38 51
54 12
52 99
69 21
39 33
55 19
53 66
70 32
40 79
56 67
54 100
71 69
41 25
57 21
55 21
72 39
42 99
58 29
56 46
73 74
43 83
59 98
57 32
74 91
44 97
60 70
58 94
75 92
45 35
59 88
76 69
46 49
62 16
77 48
47 11
63 94
61 36
78 73
48 57
64 60
62 35
79 68
49 76
65 39
63 46
80 29
50 69
66 93
64 70
81 47
51 64
67 15
65 52
82 72
52 88
68 37
66 88
83 97
53 52
69 77
67 24
84 92
54 83
70 58
68 41
85 66
55 28
71 13
69 27
86 65
56 69
72 69
70 31
87 92
57 66
73 33
71 73
88 36
58 96
74 10
72 90
89 66
59 83
75 21
73 94
90 12
60 63
74 86
91 90
61 50
77 18
92 86
62 77
78 36
76 98
93 40
63 94
79 86
77 68
94 22
64 81
80 58
78 56
95 32
65 54
81 52
79 84
96 77
66 40
82 97
80 66
97 25
67 30
83 87
81 67
98 41
68 100
84 46
82 31
99 32
69 19
85 34
83 43
100 82
70 78
86 13
84 53
101 97
71 99
87 71
85 32
102 75
72 100
88 85
86 18
103 36
73 67
89 83
87 67
104 41
74 93
90 70
88 85
105 17
75 10
89 98
76 98
92 90
77 80
93 31
91 37
78 52
94 91
92 79
79 83
95 48
93 33
80 32
96 66
94 93
81 39
97 94
95 27
82 42
98 59
96 30
83 12
99 93
97 97
84 88
100 17
98 61
85 93
101 37
99 89
86 66
102 45
100 74
87 63
103 45
101 89
88 31
104 13
102 96
89 81
105 93
103 81
90 66
104 74
76
37
4 9 40 82 76 
1 84 
2 69 86 
2 55 102 
2 16 49 
2 103 63 
3 59 74 6 
2 72 5 
4 26 23 96 46 
1 33 
1 95 
4 25 77 48 20 
2 1 45 
2 12 78 
2 19 3 
1 66 
1 37 
