105 376 10 100 16
2
3
3
3
3
3
3
3
3
3
3
3
3
3
2
3
4
4
4
4
4
4
4
4
4
4
4
4
4
3
3
4
4
4
4
4
4
4
4
4
4
4
4
4
3
3
4
4
4
4
4
4
4
4
4
4
4
4
4
3
3
4
4
4
4
4
4
4
4
4
4
4
4
4
3
3
4
4
4
4
4
4
4
4
4
4
4
4
4
3
2
3
3
3
3
3
3
3
3
3
3
3
3
3
2
16 83
2 29
17 13
3 73
1 95
18 62
4 83
2 92
19 19
5 29
3 92
20 79
6 53
4 82
21 91
7 19
5 58
22 40
8 32
6 54
23 33
9 90
7 70
24 28
10 99
8 83
25 78
11 79
9 41
26 73
12 86
10 11
27 82
13 15
11 84
28 59
14 70
12 40
29 43
15 95
13 82
30 15
14 70
31 16
1 50
17 65
32 78
2 65
18 93
16 12
33 32
3 57
19 12
17 21
34 47
4 35
20 39
18 62
35 28
5 14
21 76
19 40
36 24
6 70
22 49
20 54
37 99
7 34
23 88
21 57
38 12
8 44
24 17
22 77
39 35
9 91
25 73
23 84
40 68
10 23
26 61
24 25
41 18
11 71
27 66
25 74
42 58
12 75
28 47
26 13
43 19
13 33
29 21
27 40
44 100
14 47
30 23
28 17
45 30
15 78
29 41
46 12
16 98
32 19
47 28
17 80
33 83
31 25
48 30
18 52
34 58
32 20
49 89
19 25
35 94
33 47
50 12
20 19
36 53
34 37
51 73
21 26
37 95
35 99
52 85
22 77
38 36
36 64
53 32
23 76
39 22
37 95
54 100
24 25
40 95
38 48
55 88
25 59
41 17
39 60
56 18
26 23
42 72
40 79
57 51
27 92
43 66
41 53
58 58
28 81
44 14
42 84
59 57
29 64
45 50
43 90
60 17
30 34
44 42
61 11
31 76
47 31
62 77
32 88
48 26
46 97
63 63
33 23
49 39
47 60
64 57
34 23
50 26
48 38
65 21
35 76
51 89
49 36
66 21
36 49
52 91
50 31
67 77
37 20
53 60
51 68
68 20
38 42
54 83
52 68
69 92
39 12
55 64
53 31
70 56
40 21
56 20
54 75
71 77
41 58
57 35
55 33
72 39
42 34
58 38
56 34
73 29
43 33
59 41
57 61
74 15
44 36
60 90
58 88
75 18
45 16
59 82
76 44
46 42
62 33
77 86
47 18
63 93
61 93
78 30
48 86
64 96
62 97
79 28
49 11
65 92
63 92
80 67
50 74
66 61
64 90
81 86
51 100
67 26
65 51
82 47
52 69
68 44
66 49
83 39
53 62
69 32
67 60
84 67
54 23
70 79
68 96
85 69
55 22
71 56
69 90
86 81
56 46
72 70
70 38
87 73
57 38
73 72
71 96
88 25
58 10
74 100
72 46
89 25
59 40
75 66
73 85
90 88
60 74
74 70
91 38
61 93
77 73
92 73
62 23
78 59
76 26
93 11
63 28
79 25
77 62
94 28
64 48
80 29
78 88
95 74
65 67
81 59
79 48
96 59
66 87
82 57
80 24
97 86
67 52
83 91
81 17
98 56
68 83
84 25
82 30
99 29
69 99
85 40
83 59
100 68
70 34
86 92
84 58
101 66
71 20
87 63
85 43
102 63
72 23
88 46
86 23
103 15
73 71
89 96
87 79
104 12
74 15
90 76
88 91
105 56
75 81
89 69
76 62
92 81
77 27
93 54
91 74
78 94
94 63
92 27
79 12
95 34
93 77
80 33
96 77
94 58
81 17
97 33
95 64
82 34
98 57
96 49
83 66
99 35
97 14
84 62
100 23
98 86
85 67
101 54
99 53
86 48
102 46
100 15
87 41
103 32
101 38
88 51
104 15
102 27
89 71
105 23
103 54
90 91
104 28
20
68
2 8 20 
1 76 
1 16 
2 97 15 
2 87 33 
2 103 50 
2 29 24 
2 95 93 
3 9 40 66 
3 58 69 13 
5 75 99 70 41 42 
4 25 102 61 6 
2 3 11 
1 94 
1 62 
3 36 60 68 
