105 376 10 100 18
2
3
3
3
3
3
3
3
3
3
3
3
3
3
2
3
4
4
4
4
4
4
4
4
4
4
4
4
4
3
3
4
4
4
4
4
4
4
4
4
4
4
4
4
3
3
4
4
4
4
4
4
4
4
4
4
4
4
4
3
3
4
4
4
4
4
4
4
4
4
4
4
4
4
3
3
4
4
4
4
4
4
4
4
4
4
4
4
4
3
2
3
3
3
3
3
3
3
3
3
3
3
3
3
2
16 61
2 29
17 31
3 53
1 64
18 12
4 53
2 28
19 13
5 51
3 10
20 11
6 89
4 27
21 62
7 11
5 28
22 87
8 46
6 17
23 22
9 23
7 85
24 46
10 41
8 51
25 19
11 71
9 44
26 73
12 94
10 42
27 56
13 10
11 32
28 98
14 91
12 99
29 72
15 46
13 49
30 67
14 94
31 46
1 64
17 72
32 78
2 76
18 53
16 58
33 62
3 12
19 40
17 95
34 22
4 15
20 10
18 84
35 51
5 55
21 91
19 98
36 31
6 31
22 45
20 35
37 61
7 40
23 18
21 42
38 49
8 78
24 73
22 69
39 66
9 59
25 97
23 63
40 52
10 75
26 75
24 58
41 18
11 28
27 99
25 22
42 72
12 83
28 32
26 30
43 19
13 90
29 38
27 75
44 88
14 76
30 95
28 51
45 84
15 28
29 26
46 49
16 45
32 59
47 31
17 43
33 42
31 69
48 80
18 93
34 14
32 47
49 41
19 89
35 56
33 94
50 87
20 14
36 47
34 92
51 79
21 47
37 34
35 51
52 31
22 38
38 12
36 14
53 10
23 94
39 68
37 38
54 96
24 28
40 39
38 41
55 39
25 65
41 76
39 21
56 99
26 93
42 45
40 17
57 61
27 99
43 49
41 75
58 56
28 82
44 26
42 70
59 53
29 31
45 57
43 56
60 37
30 43
44 82
61 73
31 22
47 62
62 77
32 14
48 88
46 20
63 76
33 36
49 39
47 26
64 52
34 60
50 42
48 79
65 36
35 90
51 67
49 85
66 30
36 55
52 87
50 83
67 30
37 15
53 65
51 89
68 64
38 18
54 23
52 87
69 33
39 44
55 35
53 38
70 82
40 59
56 60
54 15
71 89
41 50
57 14
55 23
72 84
42 71
58 39
56 21
73 12
43 39
59 12
57 76
74 85
44 29
60 70
58 42
75 77
45 25
59 58
76 18
46 41
62 12
77 34
47 98
63 14
61 43
78 36
48 66
64 77
62 25
79 91
49 37
65 54
63 98
80 38
50 30
66 11
64 58
81 45
51 25
67 27
65 85
82 10
52 66
68 56
66 55
83 65
53 41
69 95
67 19
84 64
54 38
70 71
68 23
85 13
55 21
71 96
69 53
86 26
56 100
72 48
70 62
87 59
57 91
73 66
71 42
88 57
58 67
74 54
72 40
89 77
59 34
75 60
73 61
90 52
60 30
74 90
91 66
61 75
77 69
92 38
62 50
78 39
76 97
93 65
63 99
79 17
77 38
94 29
64 10
80 93
78 92
95 68
65 34
81 83
79 32
96 91
66 82
82 86
80 64
97 60
67 66
83 58
81 90
98 70
68 69
84 80
82 30
99 63
69 29
85 98
83 72
100 43
70 28
86 11
84 81
101 96
71 56
87 85
85 44
102 84
72 48
88 41
86 58
103 57
73 15
89 17
87 81
104 20
74 73
90 88
88 46
105 38
75 56
89 43
76 35
92 57
77 54
93 22
91 79
78 31
94 14
92 66
79 15
95 66
93 60
80 11
96 10
94 42
81 82
97 25
95 35
82 90
98 34
96 74
83 73
99 39
97 38
84 82
100 47
98 54
85 30
101 90
99 60
86 35
102 69
100 65
87 61
103 64
101 65
88 77
104 15
102 75
89 81
105 94
103 62
90 48
104 56
39
59
5 46 68 3 45 39 
2 81 101 
1 20 
3 6 21 70 
1 94 
1 73 
1 37 
3 17 85 89 
2 92 14 
1 77 
3 58 31 57 
2 91 55 
1 19 
3 98 74 13 
1 42 
2 30 34 
3 29 52 43 
1 59 
