105 376 10 100 15
2
3
3
3
3
3
3
3
3
3
3
3
3
3
2
3
4
4
4
4
4
4
4
4
4
4
4
4
4
3
3
4
4
4
4
4
4
4
4
4
4
4
4
4
3
3
4
4
4
4
4
4
4
4
4
4
4
4
4
3
3
4
4
4
4
4
4
4
4
4
4
4
4
4
3
3
4
4
4
4
4
4
4
4
4
4
4
4
4
3
2
3
3
3
3
3
3
3
3
3
3
3
3
3
2
16 24
2 29
17 98
3 45
1 47
18 10
4 94
2 55
19 70
5 84
3 42
20 74
6 62
4 89
21 24
7 22
5 38
22 87
8 55
6 23
23 88
9 74
7 85
24 25
10 83
8 84
25 38
11 82
9 65
26 93
12 13
10 36
27 11
13 18
11 25
28 71
14 49
12 98
29 20
15 15
13 75
30 38
14 91
31 79
1 96
17 78
32 58
2 69
18 89
16 88
33 72
3 46
19 96
17 13
34 92
4 76
20 41
18 27
35 56
5 91
21 31
19 54
36 54
6 23
22 21
20 29
37 75
7 41
23 33
21 96
38 100
8 26
24 69
22 23
39 26
9 73
25 87
23 49
40 14
10 53
26 13
24 68
41 15
11 73
27 91
25 82
42 98
12 43
28 53
26 89
43 21
13 19
29 29
27 62
44 36
14 66
30 42
28 48
45 16
15 44
29 11
46 30
16 25
32 68
47 26
17 96
33 75
31 72
48 40
18 76
34 36
32 25
49 17
19 92
35 53
33 61
50 10
20 77
36 12
34 24
51 97
21 41
37 99
35 80
52 63
22 32
38 56
36 71
53 66
23 72
39 24
37 51
54 32
24 64
40 42
38 54
55 45
25 77
41 18
39 66
56 56
26 44
42 71
40 60
57 84
27 88
43 56
41 25
58 21
28 84
44 27
42 10
59 13
29 39
45 99
43 23
60 44
30 53
44 79
61 69
31 89
47 79
62 25
32 37
48 29
46 43
63 78
33 39
49 38
47 29
64 20
34 94
50 20
48 58
65 16
35 22
51 83
49 74
66 63
36 72
52 100
50 72
67 46
37 40
53 61
51 47
68 81
38 62
54 97
52 33
69 71
39 26
55 88
53 43
70 49
40 81
56 90
54 66
71 51
41 26
57 55
55 39
72 20
42 88
58 63
56 73
73 22
43 68
59 57
57 72
74 90
44 75
60 43
58 84
75 37
45 95
59 31
76 31
46 91
62 20
77 41
47 19
63 25
61 28
78 89
48 28
64 44
62 63
79 40
49 78
65 29
63 22
80 31
50 25
66 69
64 38
81 46
51 62
67 35
65 81
82 12
52 71
68 36
66 57
83 21
53 26
69 22
67 72
84 100
54 72
70 93
68 19
85 86
55 53
71 71
69 72
86 35
56 32
72 80
70 54
87 34
57 37
73 83
71 20
88 10
58 90
74 99
72 62
89 68
59 39
75 63
73 87
90 43
60 65
74 47
91 98
61 47
77 79
92 67
62 46
78 50
76 70
93 64
63 22
79 64
77 65
94 88
64 25
80 12
78 79
95 32
65 64
81 21
79 66
96 39
66 87
82 37
80 79
97 33
67 20
83 26
81 78
98 74
68 45
84 12
82 11
99 58
69 25
85 68
83 95
100 29
70 50
86 13
84 71
101 72
71 80
87 11
85 71
102 98
72 81
88 67
86 41
103 69
73 70
89 92
87 71
104 83
74 85
90 30
88 59
105 98
75 92
89 54
76 59
92 100
77 86
93 96
91 70
78 47
94 75
92 37
79 66
95 71
93 33
80 43
96 41
94 97
81 79
97 90
95 27
82 13
98 46
96 93
83 21
99 81
97 49
84 50
100 37
98 56
85 86
101 64
99 82
86 47
102 92
100 97
87 14
103 34
101 62
88 97
104 52
102 45
89 48
105 87
103 35
90 94
104 93
4
47
2 94 4 
3 58 100 18 
4 84 5 103 48 
1 54 
2 33 85 
1 88 
2 7 41 
1 77 
4 57 65 80 81 
2 87 43 
5 46 73 42 44 89 
1 35 
3 3 78 52 
2 56 53 
3 95 2 47 
