105 376 10 100 16
2
3
3
3
3
3
3
3
3
3
3
3
3
3
2
3
4
4
4
4
4
4
4
4
4
4
4
4
4
3
3
4
4
4
4
4
4
4
4
4
4
4
4
4
3
3
4
4
4
4
4
4
4
4
4
4
4
4
4
3
3
4
4
4
4
4
4
4
4
4
4
4
4
4
3
3
4
4
4
4
4
4
4
4
4
4
4
4
4
3
2
3
3
3
3
3
3
3
3
3
3
3
3
3
2
16 45
2 29
17 79
3 67
1 42
18 38
4 48
2 46
19 33
5 69
3 35
20 59
6 39
4 68
21 50
7 55
5 38
22 18
8 34
6 32
23 40
9 32
7 32
24 94
10 94
8 50
25 39
11 24
9 32
26 17
12 85
10 29
27 91
13 100
11 62
28 93
14 56
12 25
29 83
15 85
13 53
30 55
14 84
31 14
1 87
17 65
32 42
2 74
18 100
16 65
33 88
3 18
19 89
17 99
34 90
4 85
20 54
18 10
35 82
5 62
21 22
19 45
36 61
6 54
22 59
20 47
37 27
7 37
23 91
21 22
38 50
8 87
24 47
22 96
39 70
9 22
25 90
23 81
40 33
10 60
26 99
24 37
41 19
11 27
27 41
25 18
42 98
12 54
28 29
26 82
43 18
13 97
29 34
27 64
44 75
14 66
30 86
28 80
45 45
15 91
29 42
46 85
16 82
32 34
47 77
17 80
33 91
31 46
48 75
18 81
34 71
32 45
49 76
19 55
35 76
33 42
50 88
20 31
36 68
34 53
51 21
21 85
37 77
35 15
52 87
22 61
38 93
36 56
53 84
23 51
39 21
37 15
54 39
24 54
40 66
38 84
55 60
25 10
41 76
39 63
56 80
26 38
42 45
40 27
57 44
27 56
43 54
41 89
58 28
28 80
44 20
42 62
59 29
29 88
45 33
43 44
60 24
30 33
44 18
61 44
31 61
47 84
62 57
32 85
48 41
46 47
63 69
33 28
49 40
47 86
64 71
34 25
50 45
48 69
65 39
35 26
51 70
49 66
66 55
36 88
52 83
50 17
67 45
37 50
53 65
51 54
68 79
38 100
54 61
52 59
69 89
39 82
55 23
53 33
70 85
40 75
56 70
54 19
71 11
41 21
57 49
55 21
72 93
42 90
58 71
56 46
73 15
43 21
59 95
57 25
74 47
44 55
60 48
58 90
75 22
45 30
59 83
76 70
46 63
62 64
77 11
47 98
63 48
61 30
78 52
48 95
64 12
62 87
79 40
49 94
65 40
63 42
80 10
50 54
66 52
64 38
81 19
51 44
67 23
65 24
82 27
52 20
68 15
66 51
83 29
53 59
69 100
67 13
84 93
54 59
70 64
68 16
85 95
55 97
71 89
69 17
86 49
56 62
72 88
70 54
87 33
57 92
73 15
71 80
88 19
58 72
74 100
72 77
89 10
59 35
75 62
73 15
90 29
60 34
74 56
91 81
61 98
77 66
92 86
62 85
78 88
76 75
93 84
63 57
79 43
77 82
94 44
64 67
80 56
78 97
95 89
65 36
81 57
79 68
96 55
66 82
82 96
80 36
97 41
67 36
83 45
81 59
98 61
68 42
84 41
82 85
99 93
69 66
85 84
83 100
100 17
70 65
86 50
84 75
101 48
71 26
87 65
85 76
102 66
72 19
88 76
86 49
103 76
73 61
89 65
87 39
104 30
74 38
90 65
88 16
105 62
75 51
89 96
76 36
92 47
77 70
93 93
91 81
78 99
94 53
92 60
79 79
95 47
93 82
80 51
96 74
94 23
81 96
97 88
95 99
82 100
98 39
96 98
83 50
99 61
97 66
84 88
100 39
98 69
85 66
101 40
99 91
86 81
102 46
100 24
87 30
103 63
101 99
88 100
104 87
102 20
89 47
105 17
103 71
90 47
104 69
100
69
3 8 11 100 
1 78 
2 45 5 
1 51 
2 29 67 
2 82 52 
5 24 30 12 13 28 
1 97 
1 59 
2 66 10 
2 44 35 
2 17 94 
1 53 
7 6 1 64 33 50 49 88 
2 102 85 
2 93 69 
