105 376 10 100 18
2
3
3
3
3
3
3
3
3
3
3
3
3
3
2
3
4
4
4
4
4
4
4
4
4
4
4
4
4
3
3
4
4
4
4
4
4
4
4
4
4
4
4
4
3
3
4
4
4
4
4
4
4
4
4
4
4
4
4
3
3
4
4
4
4
4
4
4
4
4
4
4
4
4
3
3
4
4
4
4
4
4
4
4
4
4
4
4
4
3
2
3
3
3
3
3
3
3
3
3
3
3
3
3
2
16 34
2 29
17 87
3 13
1 100
18 92
4 85
2 23
19 54
5 83
3 41
20 30
6 19
4 49
21 79
7 64
5 54
22 31
8 38
6 92
23 97
9 35
7 66
24 10
10 87
8 93
25 71
11 33
9 20
26 71
12 38
10 11
27 59
13 45
11 29
28 97
14 35
12 48
29 52
15 26
13 100
30 69
14 14
31 13
1 51
17 21
32 79
2 89
18 65
16 99
33 34
3 51
19 24
17 33
34 18
4 69
20 31
18 24
35 73
5 44
21 78
19 54
36 72
6 30
22 74
20 82
37 56
7 86
23 50
21 61
38 62
8 17
24 46
22 34
39 33
9 100
25 23
23 30
40 72
10 71
26 65
24 100
41 20
11 53
27 50
25 25
42 66
12 23
28 48
26 96
43 17
13 56
29 100
27 10
44 82
14 51
30 43
28 85
45 68
15 18
29 42
46 59
16 56
32 56
47 14
17 35
33 58
31 31
48 97
18 79
34 45
32 36
49 12
19 100
35 49
33 34
50 19
20 48
36 90
34 77
51 35
21 82
37 96
35 25
52 46
22 37
38 88
36 89
53 72
23 59
39 20
37 76
54 37
24 98
40 67
38 91
55 18
25 28
41 27
39 22
56 81
26 59
42 51
40 85
57 80
27 47
43 80
41 98
58 75
28 79
44 29
42 74
59 79
29 80
45 98
43 21
60 79
30 77
44 73
61 93
31 38
47 27
62 74
32 80
48 18
46 16
63 77
33 36
49 41
47 81
64 90
34 73
50 27
48 70
65 20
35 86
51 41
49 19
66 59
36 12
52 24
50 86
67 88
37 50
53 27
51 34
68 30
38 94
54 75
52 46
69 84
39 96
55 53
53 80
70 84
40 64
56 55
54 71
71 94
41 11
57 70
55 92
72 39
42 83
58 31
56 20
73 40
43 93
59 38
57 62
74 49
44 82
60 30
58 92
75 28
45 53
59 41
76 17
46 47
62 66
77 35
47 81
63 25
61 27
78 85
48 19
64 24
62 73
79 13
49 37
65 52
63 57
80 61
50 70
66 85
64 98
81 56
51 96
67 18
65 29
82 89
52 83
68 62
66 10
83 60
53 100
69 20
67 33
84 86
54 23
70 40
68 78
85 44
55 27
71 92
69 43
86 47
56 86
72 24
70 78
87 65
57 81
73 20
71 56
88 11
58 29
74 100
72 79
89 78
59 72
75 10
73 47
90 31
60 66
74 36
91 54
61 15
77 100
92 15
62 41
78 87
76 57
93 56
63 55
79 70
77 21
94 23
64 95
80 96
78 64
95 20
65 80
81 99
79 52
96 50
66 29
82 64
80 55
97 63
67 59
83 20
81 32
98 68
68 73
84 64
82 31
99 99
69 62
85 58
83 70
100 33
70 67
86 33
84 100
101 66
71 79
87 24
85 35
102 26
72 58
88 75
86 88
103 31
73 45
89 18
87 70
104 57
74 28
90 94
88 86
105 72
75 50
89 46
76 43
92 42
77 44
93 60
91 46
78 17
94 84
92 66
79 88
95 22
93 89
80 78
96 23
94 62
81 79
97 79
95 59
82 63
98 13
96 80
83 25
99 10
97 53
84 36
100 64
98 90
85 18
101 19
99 12
86 39
102 91
100 82
87 12
103 19
101 54
88 81
104 14
102 11
89 10
105 53
103 97
90 72
104 40
9
19
2 88 9 
2 85 30 
2 51 95 
3 26 49 1 
2 15 72 
1 10 
1 40 
2 68 105 
1 53 
2 62 58 
2 44 31 
2 100 18 
2 96 65 
1 33 
1 74 
3 24 47 61 
4 4 73 39 91 
3 32 94 19 
