105 376 10 100 16
2
3
3
3
3
3
3
3
3
3
3
3
3
3
2
3
4
4
4
4
4
4
4
4
4
4
4
4
4
3
3
4
4
4
4
4
4
4
4
4
4
4
4
4
3
3
4
4
4
4
4
4
4
4
4
4
4
4
4
3
3
4
4
4
4
4
4
4
4
4
4
4
4
4
3
3
4
4
4
4
4
4
4
4
4
4
4
4
4
3
2
3
3
3
3
3
3
3
3
3
3
3
3
3
2
16 27
2 29
17 56
3 71
1 54
18 84
4 74
2 49
19 76
5 92
3 26
20 14
6 27
4 58
21 60
7 38
5 76
22 34
8 58
6 13
23 10
9 34
7 97
24 68
10 19
8 87
25 24
11 98
9 97
26 51
12 44
10 77
27 51
13 28
11 24
28 21
14 28
12 77
29 70
15 49
13 99
30 19
14 66
31 41
1 49
17 30
32 98
2 28
18 38
16 70
33 84
3 20
19 25
17 80
34 79
4 57
20 32
18 33
35 22
5 89
21 76
19 32
36 64
6 51
22 89
20 49
37 56
7 99
23 78
21 66
38 85
8 48
24 71
22 64
39 43
9 22
25 80
23 92
40 77
10 17
26 65
24 65
41 22
11 15
27 33
25 43
42 68
12 81
28 87
26 69
43 16
13 58
29 53
27 94
44 19
14 29
30 59
28 65
45 63
15 82
29 27
46 62
16 60
32 34
47 23
17 88
33 33
31 26
48 54
18 87
34 28
32 23
49 31
19 42
35 67
33 72
50 63
20 67
36 22
34 71
51 29
21 39
37 91
35 80
52 88
22 57
38 87
36 23
53 64
23 26
39 64
37 40
54 91
24 68
40 43
38 64
55 95
25 26
41 21
39 80
56 12
26 66
42 62
40 10
57 78
27 74
43 38
41 11
58 12
28 77
44 54
42 16
59 21
29 96
45 70
43 77
60 21
30 83
44 66
61 40
31 44
47 73
62 36
32 90
48 19
46 20
63 10
33 59
49 42
47 10
64 20
34 22
50 79
48 80
65 72
35 90
51 71
49 35
66 44
36 97
52 94
50 18
67 67
37 15
53 42
51 27
68 100
38 94
54 65
52 47
69 19
39 86
55 34
53 90
70 77
40 28
56 13
54 81
71 65
41 20
57 77
55 57
72 12
42 50
58 100
56 33
73 87
43 74
59 24
57 96
74 93
44 20
60 16
58 50
75 95
45 91
59 21
76 43
46 87
62 17
77 15
47 48
63 37
61 34
78 43
48 19
64 20
62 73
79 100
49 47
65 90
63 53
80 100
50 76
66 19
64 54
81 65
51 91
67 13
65 100
82 12
52 74
68 15
66 22
83 67
53 72
69 36
67 80
84 43
54 19
70 92
68 27
85 40
55 84
71 14
69 40
86 19
56 81
72 37
70 43
87 62
57 60
73 81
71 61
88 32
58 30
74 55
72 46
89 100
59 57
75 87
73 64
90 59
60 33
74 30
91 77
61 100
77 81
92 96
62 100
78 36
76 43
93 71
63 93
79 99
77 38
94 56
64 95
80 33
78 85
95 43
65 76
81 27
79 77
96 74
66 13
82 81
80 30
97 37
67 42
83 75
81 99
98 90
68 70
84 58
82 50
99 80
69 17
85 21
83 74
100 90
70 33
86 50
84 66
101 60
71 35
87 50
85 11
102 55
72 74
88 39
86 83
103 14
73 59
89 60
87 83
104 100
74 42
90 85
88 74
105 67
75 55
89 73
76 56
92 42
77 67
93 15
91 65
78 57
94 16
92 81
79 42
95 81
93 82
80 91
96 41
94 67
81 31
97 90
95 99
82 69
98 45
96 21
83 90
99 68
97 90
84 16
100 29
98 26
85 69
101 27
99 95
86 91
102 23
100 57
87 100
103 23
101 21
88 21
104 67
102 46
89 63
105 20
103 48
90 33
104 59
83
12
4 99 90 72 83 
1 58 
1 77 
3 11 67 24 
1 105 
2 36 42 
2 104 63 
2 19 8 
3 82 49 95 
2 23 5 
3 41 7 39 
4 30 33 96 34 
2 61 51 
1 50 
3 53 78 101 
2 31 12 
