105 376 10 100 18
2
3
3
3
3
3
3
3
3
3
3
3
3
3
2
3
4
4
4
4
4
4
4
4
4
4
4
4
4
3
3
4
4
4
4
4
4
4
4
4
4
4
4
4
3
3
4
4
4
4
4
4
4
4
4
4
4
4
4
3
3
4
4
4
4
4
4
4
4
4
4
4
4
4
3
3
4
4
4
4
4
4
4
4
4
4
4
4
4
3
2
3
3
3
3
3
3
3
3
3
3
3
3
3
2
16 54
2 29
17 90
3 21
1 18
18 94
4 42
2 54
19 36
5 60
3 86
20 86
6 98
4 36
21 43
7 76
5 50
22 90
8 65
6 29
23 26
9 22
7 25
24 14
10 63
8 45
25 63
11 45
9 31
26 54
12 100
10 17
27 47
13 84
11 28
28 22
14 84
12 37
29 90
15 69
13 48
30 16
14 56
31 75
1 62
17 81
32 96
2 15
18 26
16 28
33 21
3 72
19 42
17 51
34 82
4 94
20 11
18 93
35 91
5 10
21 89
19 76
36 22
6 51
22 61
20 92
37 61
7 52
23 46
21 47
38 72
8 19
24 97
22 99
39 76
9 71
25 62
23 35
40 57
10 21
26 75
24 23
41 19
11 81
27 83
25 39
42 74
12 50
28 72
26 94
43 18
13 92
29 82
27 68
44 25
14 54
30 20
28 30
45 78
15 93
29 11
46 52
16 49
32 36
47 40
17 96
33 17
31 64
48 37
18 10
34 88
32 34
49 59
19 30
35 73
33 41
50 40
20 33
36 70
34 86
51 73
21 94
37 29
35 16
52 73
22 58
38 12
36 39
53 93
23 62
39 21
37 93
54 59
24 90
40 15
38 14
55 25
25 63
41 70
39 79
56 30
26 10
42 56
40 33
57 58
27 35
43 97
41 80
58 84
28 80
44 51
42 13
59 85
29 47
45 30
43 22
60 70
30 48
44 75
61 19
31 28
47 17
62 39
32 24
48 89
46 23
63 100
33 60
49 40
47 45
64 73
34 10
50 93
48 89
65 88
35 93
51 97
49 10
66 15
36 50
52 66
50 14
67 100
37 70
53 81
51 82
68 43
38 18
54 12
52 88
69 58
39 33
55 16
53 48
70 75
40 23
56 18
54 24
71 60
41 60
57 21
55 79
72 57
42 38
58 16
56 33
73 58
43 19
59 89
57 19
74 37
44 58
60 56
58 90
75 53
45 63
59 38
76 44
46 81
62 54
77 14
47 65
63 25
61 50
78 86
48 67
64 74
62 25
79 88
49 47
65 92
63 94
80 77
50 36
66 36
64 15
81 54
51 19
67 22
65 65
82 24
52 57
68 10
66 67
83 73
53 13
69 21
67 66
84 21
54 35
70 31
68 63
85 100
55 79
71 18
69 50
86 89
56 95
72 61
70 27
87 57
57 70
73 36
71 47
88 79
58 67
74 100
72 98
89 99
59 19
75 46
73 79
90 80
60 88
74 84
91 88
61 69
77 49
92 28
62 19
78 78
76 83
93 81
63 47
79 46
77 55
94 62
64 100
80 30
78 22
95 91
65 30
81 11
79 56
96 24
66 66
82 12
80 38
97 33
67 49
83 22
81 66
98 92
68 66
84 74
82 49
99 43
69 75
85 61
83 76
100 100
70 85
86 28
84 47
101 91
71 11
87 20
85 21
102 21
72 64
88 96
86 53
103 40
73 28
89 59
87 93
104 63
74 87
90 78
88 34
105 33
75 61
89 70
76 47
92 57
77 77
93 69
91 98
78 70
94 36
92 81
79 60
95 34
93 52
80 24
96 28
94 48
81 34
97 36
95 74
82 96
98 67
96 15
83 47
99 96
97 75
84 62
100 12
98 82
85 81
101 98
99 52
86 86
102 91
100 40
87 58
103 68
101 33
88 17
104 69
102 19
89 43
105 61
103 13
90 100
104 76
8
52
2 89 8 
2 97 26 
1 4 
1 93 
3 42 21 23 
2 18 2 
1 66 
2 44 99 
2 17 60 
3 34 48 29 
1 71 
1 76 
2 77 10 
2 9 37 
4 59 63 95 74 
2 100 49 
1 55 
4 94 33 22 52 
