105 376 10 100 15
2
3
3
3
3
3
3
3
3
3
3
3
3
3
2
3
4
4
4
4
4
4
4
4
4
4
4
4
4
3
3
4
4
4
4
4
4
4
4
4
4
4
4
4
3
3
4
4
4
4
4
4
4
4
4
4
4
4
4
3
3
4
4
4
4
4
4
4
4
4
4
4
4
4
3
3
4
4
4
4
4
4
4
4
4
4
4
4
4
3
2
3
3
3
3
3
3
3
3
3
3
3
3
3
2
16 63
2 29
17 11
3 63
1 30
18 83
4 21
2 43
19 81
5 45
3 45
20 14
6 51
4 79
21 39
7 72
5 91
22 93
8 11
6 52
23 71
9 30
7 57
24 28
10 79
8 14
25 54
11 41
9 58
26 74
12 35
10 72
27 41
13 81
11 99
28 73
14 84
12 64
29 96
15 31
13 98
30 91
14 10
31 78
1 33
17 10
32 77
2 30
18 71
16 60
33 91
3 16
19 63
17 26
34 11
4 23
20 75
18 79
35 52
5 36
21 59
19 58
36 59
6 57
22 29
20 46
37 89
7 66
23 13
21 69
38 15
8 36
24 23
22 37
39 98
9 22
25 99
23 69
40 79
10 13
26 42
24 99
41 16
11 40
27 50
25 85
42 37
12 27
28 62
26 96
43 20
13 44
29 16
27 35
44 40
14 13
30 21
28 96
45 28
15 99
29 56
46 17
16 12
32 34
47 40
17 73
33 58
31 65
48 96
18 75
34 23
32 67
49 31
19 69
35 85
33 11
50 21
20 86
36 23
34 35
51 13
21 39
37 63
35 40
52 87
22 65
38 99
36 88
53 14
23 76
39 69
37 81
54 77
24 40
40 89
38 12
55 25
25 86
41 39
39 46
56 57
26 100
42 28
40 43
57 11
27 38
43 70
41 75
58 45
28 83
44 77
42 16
59 38
29 80
45 86
43 12
60 26
30 75
44 61
61 48
31 77
47 96
62 79
32 80
48 63
46 73
63 37
33 89
49 38
47 72
64 30
34 27
50 11
48 58
65 98
35 52
51 69
49 96
66 65
36 80
52 71
50 16
67 22
37 85
53 87
51 82
68 57
38 14
54 58
52 72
69 68
39 78
55 12
53 66
70 93
40 30
56 36
54 47
71 47
41 21
57 20
55 75
72 84
42 39
58 43
56 60
73 35
43 59
59 74
57 45
74 92
44 89
60 79
58 39
75 40
45 60
59 55
76 96
46 38
62 21
77 98
47 56
63 59
61 27
78 60
48 80
64 95
62 11
79 71
49 50
65 80
63 30
80 11
50 33
66 86
64 23
81 65
51 88
67 33
65 38
82 43
52 57
68 14
66 81
83 82
53 46
69 73
67 37
84 51
54 99
70 36
68 95
85 60
55 18
71 72
69 85
86 80
56 44
72 48
70 66
87 95
57 32
73 40
71 99
88 97
58 23
74 54
72 18
89 12
59 12
75 37
73 57
90 90
60 35
74 82
91 85
61 97
77 51
92 77
62 69
78 50
76 16
93 96
63 21
79 78
77 35
94 32
64 39
80 78
78 17
95 43
65 86
81 87
79 59
96 36
66 60
82 21
80 43
97 45
67 31
83 14
81 19
98 32
68 15
84 24
82 30
99 16
69 23
85 56
83 34
100 36
70 97
86 50
84 83
101 36
71 16
87 81
85 50
102 78
72 55
88 21
86 15
103 47
73 62
89 69
87 87
104 51
74 34
90 45
88 49
105 57
75 47
89 28
76 17
92 52
77 73
93 79
91 98
78 51
94 91
92 39
79 25
95 13
93 82
80 11
96 16
94 70
81 71
97 86
95 98
82 40
98 33
96 84
83 100
99 55
97 42
84 69
100 50
98 21
85 62
101 53
99 88
86 71
102 69
100 81
87 50
103 12
101 85
88 87
104 16
102 86
89 30
105 14
103 93
90 61
104 78
11
22
5 103 94 10 75 11 
1 98 
3 97 19 39 
2 27 79 
1 33 
2 91 65 
2 90 99 
2 61 81 
1 24 
4 9 59 25 14 
2 5 32 
6 4 84 23 95 71 52 
2 76 57 
1 21 
2 100 22 
