105 376 10 100 19
2
3
3
3
3
3
3
3
3
3
3
3
3
3
2
3
4
4
4
4
4
4
4
4
4
4
4
4
4
3
3
4
4
4
4
4
4
4
4
4
4
4
4
4
3
3
4
4
4
4
4
4
4
4
4
4
4
4
4
3
3
4
4
4
4
4
4
4
4
4
4
4
4
4
3
3
4
4
4
4
4
4
4
4
4
4
4
4
4
3
2
3
3
3
3
3
3
3
3
3
3
3
3
3
2
16 52
2 29
17 20
3 100
1 88
18 46
4 59
2 20
19 11
5 59
3 50
20 75
6 31
4 59
21 69
7 81
5 16
22 15
8 15
6 20
23 36
9 33
7 92
24 36
10 72
8 56
25 86
11 50
9 46
26 37
12 79
10 54
27 100
13 26
11 66
28 78
14 63
12 87
29 65
15 62
13 54
30 15
14 31
31 77
1 89
17 57
32 23
2 44
18 36
16 94
33 38
3 49
19 88
17 52
34 30
4 97
20 53
18 92
35 42
5 17
21 24
19 67
36 70
6 33
22 43
20 81
37 27
7 25
23 63
21 17
38 28
8 56
24 22
22 66
39 60
9 100
25 33
23 18
40 27
10 23
26 99
24 71
41 17
11 66
27 58
25 92
42 96
12 87
28 80
26 18
43 19
13 94
29 82
27 71
44 47
14 88
30 70
28 10
45 51
15 26
29 56
46 82
16 78
32 56
47 68
17 27
33 25
31 51
48 27
18 73
34 88
32 58
49 58
19 23
35 59
33 95
50 44
20 12
36 45
34 59
51 27
21 37
37 82
35 50
52 46
22 41
38 94
36 30
53 93
23 83
39 68
37 51
54 76
24 84
40 90
38 20
55 74
25 12
41 82
39 96
56 58
26 30
42 34
40 11
57 47
27 30
43 96
41 84
58 91
28 82
44 86
42 28
59 88
29 72
45 60
43 79
60 82
30 28
44 25
61 98
31 54
47 38
62 95
32 75
48 40
46 43
63 45
33 96
49 39
47 67
64 50
34 75
50 84
48 58
65 79
35 22
51 40
49 49
66 70
36 94
52 13
50 85
67 65
37 85
53 49
51 61
68 100
38 100
54 72
52 58
69 63
39 93
55 42
53 23
70 92
40 20
56 21
54 100
71 39
41 11
57 42
55 56
72 29
42 32
58 94
56 34
73 60
43 41
59 18
57 82
74 94
44 26
60 61
58 42
75 46
45 83
59 12
76 44
46 23
62 22
77 31
47 39
63 36
61 24
78 93
48 95
64 16
62 87
79 44
49 83
65 93
63 46
80 62
50 48
66 28
64 82
81 11
51 49
67 28
65 44
82 13
52 29
68 61
66 40
83 22
53 87
69 84
67 57
84 44
54 62
70 13
68 66
85 99
55 39
71 75
69 20
86 77
56 67
72 75
70 90
87 36
57 22
73 45
71 75
88 89
58 72
74 54
72 20
89 80
59 50
75 76
73 88
90 92
60 66
74 62
91 58
61 14
77 85
92 96
62 25
78 49
76 89
93 68
63 19
79 14
77 65
94 11
64 67
80 28
78 75
95 65
65 40
81 38
79 43
96 31
66 98
82 80
80 62
97 67
67 53
83 80
81 83
98 39
68 45
84 47
82 67
99 21
69 19
85 30
83 96
100 52
70 99
86 33
84 18
101 54
71 70
87 39
85 100
102 38
72 94
88 21
86 54
103 93
73 47
89 23
87 27
104 78
74 24
90 74
88 28
105 67
75 46
89 69
76 24
92 47
77 47
93 46
91 63
78 60
94 31
92 45
79 34
95 79
93 89
80 38
96 56
94 18
81 54
97 77
95 59
82 94
98 98
96 66
83 76
99 95
97 29
84 17
100 74
98 42
85 15
101 32
99 99
86 29
102 23
100 48
87 33
103 59
101 40
88 69
104 33
102 76
89 85
105 50
103 28
90 86
104 49
26
76
1 26 
2 7 48 
1 22 
1 30 
2 38 37 
1 18 
1 2 
1 90 
2 88 16 
1 63 
1 27 
5 31 17 58 65 80 
2 13 68 
3 105 97 71 
3 89 92 56 
1 36 
2 9 24 
2 102 32 
4 45 96 84 76 
