105 376 10 100 19
2
3
3
3
3
3
3
3
3
3
3
3
3
3
2
3
4
4
4
4
4
4
4
4
4
4
4
4
4
3
3
4
4
4
4
4
4
4
4
4
4
4
4
4
3
3
4
4
4
4
4
4
4
4
4
4
4
4
4
3
3
4
4
4
4
4
4
4
4
4
4
4
4
4
3
3
4
4
4
4
4
4
4
4
4
4
4
4
4
3
2
3
3
3
3
3
3
3
3
3
3
3
3
3
2
16 72
2 29
17 22
3 17
1 97
18 48
4 16
2 51
19 83
5 37
3 96
20 41
6 19
4 47
21 32
7 93
5 12
22 75
8 42
6 49
23 57
9 20
7 51
24 39
10 48
8 100
25 77
11 62
9 57
26 20
12 50
10 60
27 88
13 65
11 65
28 94
14 21
12 76
29 12
15 14
13 93
30 52
14 73
31 48
1 100
17 25
32 40
2 62
18 88
16 23
33 24
3 71
19 15
17 69
34 94
4 31
20 32
18 71
35 61
5 74
21 35
19 90
36 20
6 54
22 30
20 91
37 32
7 81
23 59
21 94
38 37
8 58
24 73
22 40
39 13
9 71
25 72
23 23
40 13
10 64
26 18
24 86
41 16
11 94
27 91
25 15
42 13
12 24
28 14
26 16
43 20
13 40
29 64
27 39
44 81
14 92
30 47
28 46
45 61
15 10
29 26
46 75
16 70
32 36
47 94
17 88
33 75
31 84
48 58
18 95
34 40
32 56
49 13
19 44
35 82
33 11
50 64
20 88
36 25
34 68
51 65
21 49
37 15
35 41
52 73
22 62
38 18
36 72
53 23
23 87
39 69
37 68
54 97
24 76
40 38
38 33
55 81
25 47
41 34
39 62
56 97
26 72
42 39
40 50
57 25
27 17
43 22
41 66
58 100
28 83
44 17
42 58
59 94
29 39
45 83
43 80
60 73
30 90
44 27
61 24
31 44
47 29
62 61
32 19
48 20
46 50
63 68
33 29
49 38
47 31
64 32
34 12
50 60
48 78
65 55
35 29
51 96
49 40
66 26
36 41
52 54
50 14
67 78
37 15
53 12
51 19
68 21
38 23
54 100
52 100
69 37
39 29
55 96
53 82
70 83
40 69
56 75
54 53
71 97
41 60
57 83
55 42
72 47
42 78
58 79
56 47
73 78
43 57
59 68
57 39
74 82
44 92
60 87
58 40
75 71
45 93
59 10
76 70
46 57
62 11
77 10
47 24
63 36
61 46
78 94
48 52
64 66
62 39
79 28
49 94
65 41
63 82
80 77
50 14
66 69
64 90
81 99
51 63
67 32
65 79
82 40
52 94
68 100
66 97
83 34
53 91
69 84
67 90
84 70
54 75
70 94
68 52
85 64
55 91
71 93
69 27
86 29
56 77
72 21
70 38
87 28
57 11
73 61
71 66
88 66
58 19
74 54
72 38
89 100
59 87
75 21
73 30
90 49
60 89
74 19
91 92
61 67
77 34
92 18
62 94
78 40
76 24
93 93
63 10
79 81
77 99
94 50
64 72
80 52
78 33
95 46
65 81
81 41
79 47
96 96
66 44
82 27
80 45
97 37
67 44
83 82
81 26
98 63
68 39
84 56
82 84
99 57
69 33
85 32
83 11
100 28
70 26
86 28
84 56
101 78
71 93
87 36
85 86
102 33
72 100
88 42
86 19
103 11
73 30
89 64
87 50
104 84
74 84
90 58
88 67
105 28
75 57
89 94
76 28
92 62
77 81
93 55
91 23
78 22
94 74
92 60
79 97
95 91
93 52
80 75
96 61
94 95
81 99
97 34
95 74
82 36
98 61
96 92
83 97
99 90
97 51
84 43
100 22
98 34
85 77
101 20
99 49
86 77
102 23
100 98
87 79
103 17
101 20
88 95
104 88
102 85
89 26
105 58
103 36
90 23
104 85
24
5
1 24 
2 42 47 
1 38 
2 36 16 
2 27 92 
3 40 80 13 
4 77 37 23 32 
1 83 
2 48 25 
2 100 34 
3 86 63 68 
1 33 
1 10 
1 76 
1 60 
2 72 26 
1 94 
4 93 90 28 103 
2 71 5 
