105 376 10 100 18
2
3
3
3
3
3
3
3
3
3
3
3
3
3
2
3
4
4
4
4
4
4
4
4
4
4
4
4
4
3
3
4
4
4
4
4
4
4
4
4
4
4
4
4
3
3
4
4
4
4
4
4
4
4
4
4
4
4
4
3
3
4
4
4
4
4
4
4
4
4
4
4
4
4
3
3
4
4
4
4
4
4
4
4
4
4
4
4
4
3
2
3
3
3
3
3
3
3
3
3
3
3
3
3
2
16 96
2 29
17 75
3 49
1 59
18 56
4 29
2 58
19 23
5 16
3 33
20 28
6 50
4 78
21 35
7 96
5 75
22 12
8 78
6 94
23 58
9 76
7 60
24 90
10 98
8 29
25 23
11 65
9 39
26 36
12 63
10 84
27 62
13 37
11 78
28 90
14 21
12 59
29 98
15 70
13 29
30 93
14 73
31 15
1 59
17 42
32 23
2 22
18 27
16 93
33 69
3 47
19 31
17 86
34 81
4 48
20 20
18 49
35 87
5 26
21 85
19 41
36 56
6 20
22 52
20 30
37 13
7 12
23 20
21 49
38 44
8 77
24 93
22 82
39 89
9 73
25 77
23 61
40 59
10 100
26 70
24 96
41 18
11 60
27 83
25 15
42 68
12 70
28 20
26 76
43 19
13 72
29 47
27 91
44 71
14 29
30 16
28 33
45 34
15 36
29 87
46 98
16 94
32 68
47 63
17 12
33 17
31 53
48 19
18 82
34 84
32 94
49 63
19 78
35 44
33 91
50 76
20 22
36 57
34 41
51 14
21 86
37 22
35 55
52 63
22 28
38 50
36 39
53 45
23 47
39 67
37 75
54 85
24 78
40 20
38 34
55 81
25 93
41 54
39 84
56 79
26 72
42 88
40 43
57 26
27 15
43 40
41 39
58 96
28 81
44 61
42 55
59 95
29 47
45 46
43 56
60 42
30 11
44 36
61 65
31 72
47 67
62 95
32 42
48 98
46 16
63 19
33 70
49 39
47 44
64 61
34 92
50 54
48 69
65 48
35 86
51 84
49 44
66 52
36 81
52 21
50 73
67 69
37 96
53 38
51 19
68 12
38 57
54 100
52 20
69 91
39 30
55 99
53 100
70 41
40 34
56 33
54 38
71 15
41 26
57 84
55 76
72 30
42 48
58 92
56 60
73 94
43 30
59 77
57 52
74 45
44 41
60 11
58 43
75 19
45 65
59 59
76 96
46 25
62 64
77 44
47 60
63 14
61 32
78 81
48 43
64 52
62 49
79 99
49 31
65 79
63 34
80 30
50 47
66 36
64 54
81 92
51 18
67 25
65 67
82 88
52 34
68 37
66 27
83 59
53 39
69 49
67 48
84 50
54 32
70 30
68 30
85 30
55 40
71 87
69 95
86 96
56 50
72 29
70 42
87 63
57 97
73 58
71 92
88 23
58 48
74 54
72 31
89 67
59 61
75 88
73 45
90 73
60 64
74 21
91 94
61 49
77 94
92 77
62 61
78 89
76 38
93 52
63 58
79 29
77 21
94 10
64 53
80 81
78 67
95 78
65 14
81 82
79 75
96 58
66 18
82 21
80 72
97 29
67 25
83 57
81 27
98 12
68 73
84 29
82 67
99 45
69 68
85 97
83 69
100 10
70 19
86 13
84 62
101 84
71 90
87 86
85 97
102 86
72 45
88 30
86 75
103 98
73 68
89 88
87 24
104 62
74 89
90 50
88 26
105 12
75 97
89 31
76 78
92 95
77 83
93 18
91 53
78 95
94 38
92 58
79 29
95 14
93 33
80 83
96 99
94 49
81 14
97 92
95 27
82 73
98 53
96 16
83 62
99 87
97 73
84 69
100 27
98 13
85 89
101 50
99 86
86 56
102 69
100 40
87 84
103 85
101 76
88 18
104 33
102 71
89 65
105 90
103 12
90 80
104 83
92
95
2 49 92 
1 103 
1 13 
1 24 
2 20 15 
2 57 75 
2 33 76 
1 91 
3 64 11 10 
2 23 40 
2 78 89 
3 74 54 79 
3 19 9 47 
2 85 12 
1 93 
2 46 41 
2 14 7 
4 84 97 56 95 
