105 376 10 100 15
2
3
3
3
3
3
3
3
3
3
3
3
3
3
2
3
4
4
4
4
4
4
4
4
4
4
4
4
4
3
3
4
4
4
4
4
4
4
4
4
4
4
4
4
3
3
4
4
4
4
4
4
4
4
4
4
4
4
4
3
3
4
4
4
4
4
4
4
4
4
4
4
4
4
3
3
4
4
4
4
4
4
4
4
4
4
4
4
4
3
2
3
3
3
3
3
3
3
3
3
3
3
3
3
2
16 70
2 29
17 42
3 98
1 40
18 68
4 47
2 35
19 16
5 42
3 61
20 38
6 56
4 85
21 55
7 32
5 40
22 68
8 77
6 13
23 100
9 14
7 79
24 57
10 10
8 45
25 42
11 92
9 43
26 18
12 18
10 29
27 12
13 85
11 89
28 28
14 28
12 21
29 78
15 29
13 44
30 28
14 66
31 16
1 40
17 87
32 41
2 17
18 69
16 21
33 87
3 67
19 84
17 47
34 14
4 23
20 58
18 75
35 60
5 93
21 67
19 38
36 83
6 28
22 47
20 79
37 94
7 56
23 64
21 66
38 71
8 10
24 32
22 72
39 72
9 17
25 69
23 17
40 76
10 36
26 51
24 45
41 18
11 82
27 50
25 43
42 48
12 80
28 74
26 41
43 19
13 85
29 86
27 79
44 39
14 64
30 30
28 92
45 26
15 30
29 87
46 16
16 12
32 61
47 84
17 58
33 58
31 88
48 42
18 22
34 32
32 36
49 23
19 63
35 53
33 93
50 39
20 16
36 50
34 34
51 40
21 56
37 76
35 52
52 16
22 36
38 22
36 88
53 19
23 14
39 68
37 25
54 25
24 63
40 80
38 62
55 95
25 26
41 71
39 36
56 48
26 65
42 55
40 24
57 75
27 78
43 92
41 66
58 20
28 82
44 58
42 21
59 18
29 80
45 54
43 34
60 84
30 58
44 48
61 48
31 80
47 86
62 59
32 44
48 45
46 87
63 17
33 68
49 39
47 76
64 54
34 45
50 90
48 99
65 85
35 66
51 94
49 29
66 81
36 16
52 71
50 80
67 85
37 35
53 81
51 26
68 28
38 28
54 65
52 25
69 93
39 86
55 28
53 54
70 71
40 98
56 98
54 20
71 48
41 90
57 77
55 82
72 48
42 20
58 75
56 99
73 55
43 36
59 96
57 70
74 75
44 32
60 78
58 42
75 17
45 57
59 13
76 83
46 60
62 93
77 36
47 66
63 82
61 63
78 70
48 38
64 48
62 54
79 48
49 81
65 14
63 59
80 13
50 11
66 86
64 34
81 79
51 91
67 27
65 35
82 98
52 13
68 51
66 71
83 18
53 86
69 16
67 72
84 83
54 14
70 38
68 70
85 17
55 94
71 26
69 86
86 66
56 42
72 20
70 34
87 83
57 70
73 87
71 100
88 26
58 62
74 54
72 61
89 75
59 18
75 44
73 35
90 12
60 84
74 27
91 73
61 46
77 52
92 70
62 76
78 28
76 14
93 62
63 89
79 20
77 11
94 47
64 43
80 67
78 18
95 70
65 29
81 37
79 20
96 60
66 66
82 93
80 66
97 52
67 78
83 35
81 97
98 10
68 93
84 21
82 85
99 13
69 39
85 75
83 48
100 35
70 48
86 79
84 54
101 48
71 41
87 40
85 80
102 39
72 93
88 61
86 62
103 22
73 74
89 12
87 44
104 53
74 32
90 10
88 64
105 100
75 66
89 17
76 45
92 66
77 62
93 90
91 95
78 92
94 88
92 86
79 87
95 53
93 30
80 74
96 55
94 67
81 19
97 65
95 10
82 86
98 61
96 83
83 70
99 73
97 47
84 56
100 19
98 67
85 44
101 57
99 21
86 40
102 23
100 81
87 90
103 69
101 91
88 85
104 88
102 74
89 77
105 47
103 95
90 11
104 63
52
42
2 62 52 
1 49 
3 12 44 18 
3 78 40 6 
2 46 50 
2 32 22 
1 76 
6 90 104 96 105 19 92 
2 5 14 
4 23 61 28 95 
2 38 94 
3 20 15 37 
1 80 
2 98 67 
2 35 42 
