105 376 10 100 18
2
3
3
3
3
3
3
3
3
3
3
3
3
3
2
3
4
4
4
4
4
4
4
4
4
4
4
4
4
3
3
4
4
4
4
4
4
4
4
4
4
4
4
4
3
3
4
4
4
4
4
4
4
4
4
4
4
4
4
3
3
4
4
4
4
4
4
4
4
4
4
4
4
4
3
3
4
4
4
4
4
4
4
4
4
4
4
4
4
3
2
3
3
3
3
3
3
3
3
3
3
3
3
3
2
16 74
2 29
17 93
3 29
1 28
18 97
4 89
2 85
19 17
5 38
3 41
20 52
6 86
4 23
21 97
7 88
5 46
22 59
8 92
6 57
23 47
9 100
7 76
24 17
10 39
8 88
25 54
11 58
9 42
26 36
12 71
10 23
27 35
13 32
11 27
28 38
14 42
12 27
29 36
15 21
13 87
30 54
14 98
31 46
1 74
17 49
32 23
2 33
18 77
16 48
33 99
3 94
19 60
17 69
34 55
4 27
20 82
18 71
35 19
5 67
21 100
19 99
36 63
6 72
22 48
20 10
37 65
7 18
23 42
21 33
38 81
8 21
24 57
22 74
39 29
9 41
25 10
23 39
40 43
10 62
26 85
24 38
41 18
11 18
27 25
25 53
42 82
12 78
28 96
26 92
43 19
13 38
29 64
27 36
44 59
14 58
30 88
28 67
45 88
15 76
29 72
46 45
16 41
32 17
47 66
17 65
33 67
31 97
48 68
18 32
34 40
32 31
49 15
19 51
35 97
33 47
50 60
20 17
36 51
34 96
51 21
21 16
37 52
35 98
52 100
22 80
38 27
36 80
53 23
23 65
39 22
37 18
54 80
24 81
40 55
38 27
55 32
25 98
41 23
39 44
56 69
26 51
42 61
40 72
57 37
27 22
43 23
41 62
58 94
28 81
44 73
42 42
59 92
29 14
45 53
43 22
60 62
30 20
44 76
61 36
31 18
47 98
62 95
32 59
48 69
46 30
63 32
33 83
49 39
47 10
64 55
34 38
50 69
48 18
65 64
35 100
51 62
49 92
66 61
36 88
52 17
50 34
67 22
37 90
53 44
51 40
68 56
38 33
54 41
52 39
69 32
39 61
55 70
53 16
70 66
40 73
56 72
54 69
71 27
41 18
57 63
55 66
72 75
42 85
58 93
56 47
73 77
43 35
59 48
57 67
74 24
44 33
60 82
58 88
75 78
45 74
59 36
76 70
46 24
62 43
77 83
47 50
63 25
61 73
78 87
48 23
64 34
62 68
79 72
49 57
65 40
63 40
80 92
50 93
66 77
64 23
81 51
51 33
67 27
65 10
82 50
52 31
68 49
66 33
83 86
53 17
69 21
67 98
84 47
54 47
70 21
68 48
85 65
55 40
71 36
69 57
86 41
56 13
72 98
70 66
87 49
57 59
73 51
71 38
88 56
58 14
74 100
72 25
89 28
59 56
75 82
73 21
90 37
60 20
74 41
91 31
61 31
77 90
92 41
62 89
78 69
76 18
93 15
63 38
79 22
77 89
94 10
64 14
80 54
78 71
95 71
65 72
81 14
79 59
96 90
66 12
82 50
80 22
97 94
67 39
83 23
81 10
98 25
68 59
84 83
82 67
99 79
69 89
85 63
83 82
100 76
70 13
86 23
84 85
101 24
71 34
87 17
85 98
102 17
72 70
88 26
86 19
103 50
73 12
89 10
87 25
104 70
74 56
90 62
88 73
105 85
75 71
89 95
76 51
92 71
77 20
93 78
91 58
78 32
94 80
92 97
79 32
95 46
93 16
80 61
96 32
94 34
81 79
97 84
95 89
82 38
98 30
96 41
83 69
99 91
97 97
84 88
100 51
98 73
85 52
101 87
99 93
86 43
102 91
100 90
87 13
103 26
101 12
88 43
104 33
102 28
89 75
105 70
103 20
90 37
104 21
6
86
4 102 95 73 6 
2 2 24 
2 53 19 
1 79 
2 47 77 
3 66 63 101 
2 91 92 
4 96 3 58 90 
2 50 64 
2 75 103 
2 81 5 
1 28 
2 105 55 
1 40 
2 84 72 
1 37 
2 39 16 
1 86 
