105 376 10 100 19
2
3
3
3
3
3
3
3
3
3
3
3
3
3
2
3
4
4
4
4
4
4
4
4
4
4
4
4
4
3
3
4
4
4
4
4
4
4
4
4
4
4
4
4
3
3
4
4
4
4
4
4
4
4
4
4
4
4
4
3
3
4
4
4
4
4
4
4
4
4
4
4
4
4
3
3
4
4
4
4
4
4
4
4
4
4
4
4
4
3
2
3
3
3
3
3
3
3
3
3
3
3
3
3
2
16 52
2 29
17 18
3 11
1 52
18 24
4 73
2 38
19 59
5 66
3 52
20 84
6 44
4 74
21 66
7 15
5 78
22 84
8 100
6 85
23 69
9 16
7 54
24 32
10 25
8 82
25 28
11 75
9 17
26 52
12 68
10 77
27 62
13 13
11 52
28 48
14 91
12 73
29 65
15 83
13 90
30 83
14 49
31 43
1 94
17 52
32 97
2 61
18 98
16 26
33 83
3 68
19 19
17 29
34 93
4 85
20 36
18 97
35 91
5 29
21 30
19 25
36 85
6 25
22 77
20 80
37 32
7 27
23 51
21 19
38 15
8 61
24 56
22 40
39 44
9 17
25 59
23 28
40 30
10 83
26 17
24 73
41 21
11 69
27 41
25 67
42 18
12 16
28 42
26 28
43 17
13 47
29 13
27 18
44 74
14 27
30 94
28 76
45 43
15 22
29 72
46 84
16 81
32 61
47 30
17 65
33 91
31 69
48 21
18 28
34 80
32 14
49 69
19 50
35 43
33 33
50 14
20 52
36 95
34 51
51 48
21 11
37 90
35 27
52 16
22 32
38 16
36 56
53 89
23 81
39 20
37 49
54 77
24 78
40 57
38 42
55 39
25 42
41 16
39 54
56 72
26 94
42 72
40 98
57 18
27 96
43 76
41 80
58 95
28 79
44 92
42 67
59 100
29 88
45 92
43 66
60 81
30 16
44 96
61 44
31 63
47 75
62 37
32 49
48 23
46 60
63 48
33 98
49 41
47 90
64 95
34 43
50 33
48 19
65 26
35 39
51 95
49 89
66 70
36 25
52 82
50 81
67 17
37 91
53 59
51 90
68 50
38 23
54 68
52 12
69 23
39 89
55 39
53 20
70 63
40 52
56 41
54 83
71 11
41 89
57 14
55 28
72 57
42 71
58 12
56 85
73 36
43 89
59 26
57 50
74 30
44 88
60 46
58 93
75 90
45 27
59 41
76 56
46 84
62 46
77 40
47 16
63 71
61 67
78 62
48 53
64 56
62 40
79 17
49 34
65 65
63 71
80 12
50 33
66 52
64 50
81 34
51 47
67 17
65 20
82 82
52 67
68 52
66 41
83 57
53 99
69 43
67 48
84 34
54 65
70 66
68 81
85 53
55 82
71 42
69 18
86 36
56 61
72 60
70 23
87 21
57 39
73 62
71 81
88 39
58 20
74 10
72 29
89 73
59 40
75 69
73 84
90 42
60 83
74 92
91 69
61 48
77 67
92 80
62 91
78 67
76 73
93 49
63 34
79 77
77 58
94 59
64 71
80 45
78 97
95 25
65 70
81 98
79 29
96 79
66 88
82 77
80 59
97 48
67 84
83 65
81 46
98 39
68 29
84 39
82 49
99 90
69 81
85 12
83 23
100 16
70 17
86 79
84 45
101 60
71 51
87 24
85 15
102 27
72 57
88 24
86 96
103 51
73 72
89 99
87 87
104 32
74 35
90 30
88 31
105 13
75 70
89 85
76 65
92 61
77 58
93 12
91 79
78 49
94 51
92 16
79 50
95 87
93 30
80 23
96 22
94 20
81 45
97 67
95 10
82 54
98 68
96 96
83 20
99 80
97 71
84 75
100 100
98 24
85 48
101 44
99 24
86 50
102 91
100 24
87 69
103 30
101 13
88 97
104 68
102 99
89 93
105 51
103 72
90 88
104 53
36
89
3 20 47 36 
2 68 29 
1 91 
4 76 94 104 83 
1 82 
3 96 97 9 
1 4 
1 2 
2 103 51 
2 66 90 
1 98 
1 78 
2 34 73 
2 37 27 
2 59 44 
1 60 
2 69 21 
4 39 84 7 55 
1 89 
