105 376 10 100 19
2
3
3
3
3
3
3
3
3
3
3
3
3
3
2
3
4
4
4
4
4
4
4
4
4
4
4
4
4
3
3
4
4
4
4
4
4
4
4
4
4
4
4
4
3
3
4
4
4
4
4
4
4
4
4
4
4
4
4
3
3
4
4
4
4
4
4
4
4
4
4
4
4
4
3
3
4
4
4
4
4
4
4
4
4
4
4
4
4
3
2
3
3
3
3
3
3
3
3
3
3
3
3
3
2
16 36
2 29
17 68
3 23
1 66
18 72
4 54
2 39
19 31
5 77
3 75
20 32
6 72
4 10
21 56
7 34
5 26
22 37
8 95
6 36
23 54
9 41
7 38
24 83
10 35
8 56
25 15
11 94
9 34
26 72
12 70
10 41
27 44
13 25
11 96
28 72
14 28
12 12
29 76
15 11
13 58
30 94
14 21
31 45
1 20
17 50
32 78
2 43
18 84
16 10
33 63
3 55
19 46
17 56
34 98
4 77
20 97
18 19
35 73
5 24
21 46
19 14
36 10
6 56
22 57
20 94
37 85
7 21
23 45
21 89
38 29
8 65
24 87
22 93
39 65
9 64
25 26
23 36
40 99
10 99
26 32
24 50
41 19
11 65
27 91
25 88
42 30
12 57
28 78
26 71
43 18
13 10
29 78
27 60
44 34
14 78
30 60
28 39
45 12
15 89
29 72
46 28
16 24
32 31
47 24
17 65
33 75
31 27
48 22
18 61
34 54
32 56
49 94
19 81
35 79
33 42
50 45
20 29
36 66
34 20
51 60
21 75
37 34
35 14
52 11
22 64
38 84
36 72
53 76
23 40
39 21
37 28
54 19
24 19
40 25
38 62
55 95
25 49
41 81
39 47
56 39
26 66
42 34
40 20
57 30
27 77
43 10
41 98
58 64
28 81
44 80
42 20
59 64
29 39
45 35
43 67
60 68
30 18
44 52
61 69
31 94
47 60
62 76
32 55
48 84
46 70
63 38
33 88
49 40
47 36
64 68
34 39
50 87
48 49
65 82
35 49
51 43
49 31
66 95
36 36
52 99
50 19
67 81
37 30
53 49
51 26
68 23
38 90
54 19
52 30
69 29
39 40
55 30
53 17
70 96
40 35
56 32
54 13
71 52
41 72
57 77
55 53
72 39
42 50
58 35
56 59
73 63
43 23
59 10
57 31
74 57
44 51
60 40
58 90
75 82
45 89
59 38
76 96
46 44
62 74
77 99
47 39
63 71
61 11
78 18
48 33
64 41
62 59
79 84
49 50
65 79
63 80
80 35
50 73
66 69
64 62
81 76
51 68
67 23
65 74
82 31
52 73
68 20
66 36
83 76
53 14
69 89
67 51
84 73
54 83
70 97
68 59
85 91
55 23
71 68
69 75
86 100
56 29
72 24
70 82
87 10
57 22
73 85
71 22
88 50
58 77
74 100
72 57
89 13
59 51
75 77
73 42
90 69
60 71
74 28
91 74
61 37
77 82
92 54
62 59
78 98
76 67
93 87
63 67
79 40
77 18
94 27
64 33
80 82
78 80
95 86
65 41
81 12
79 79
96 86
66 98
82 90
80 34
97 48
67 24
83 68
81 52
98 30
68 19
84 99
82 31
99 52
69 56
85 16
83 32
100 26
70 45
86 72
84 11
101 97
71 40
87 20
85 40
102 20
72 65
88 56
86 45
103 20
73 93
89 70
87 76
104 88
74 80
90 51
88 89
105 91
75 41
89 31
76 25
92 37
77 63
93 25
91 65
78 38
94 70
92 40
79 98
95 60
93 20
80 78
96 29
94 90
81 68
97 48
95 32
82 13
98 12
96 90
83 53
99 27
97 58
84 23
100 67
98 57
85 51
101 72
99 40
86 75
102 91
100 98
87 92
103 58
101 73
88 92
104 14
102 21
89 51
105 63
103 38
90 84
104 62
86
87
2 5 86 
1 25 
4 30 16 44 7 
1 11 
1 10 
2 27 105 
1 97 
1 95 
2 18 60 
3 104 62 98 
2 69 1 
1 13 
4 36 94 78 96 
1 38 
2 92 99 
1 46 
1 20 
3 6 102 12 
3 26 49 87 
