105 376 10 100 18
2
3
3
3
3
3
3
3
3
3
3
3
3
3
2
3
4
4
4
4
4
4
4
4
4
4
4
4
4
3
3
4
4
4
4
4
4
4
4
4
4
4
4
4
3
3
4
4
4
4
4
4
4
4
4
4
4
4
4
3
3
4
4
4
4
4
4
4
4
4
4
4
4
4
3
3
4
4
4
4
4
4
4
4
4
4
4
4
4
3
2
3
3
3
3
3
3
3
3
3
3
3
3
3
2
16 12
2 29
17 15
3 82
1 13
18 64
4 40
2 32
19 91
5 98
3 47
20 44
6 41
4 69
21 54
7 31
5 54
22 100
8 59
6 82
23 54
9 77
7 29
24 32
10 76
8 35
25 70
11 91
9 52
26 56
12 57
10 17
27 70
13 54
11 83
28 75
14 28
12 30
29 80
15 47
13 31
30 53
14 21
31 78
1 61
17 33
32 95
2 83
18 54
16 31
33 19
3 78
19 30
17 39
34 20
4 60
20 18
18 40
35 47
5 72
21 87
19 63
36 65
6 91
22 36
20 64
37 13
7 91
23 83
21 43
38 21
8 46
24 68
22 52
39 79
9 61
25 21
23 89
40 53
10 64
26 70
24 40
41 17
11 99
27 99
25 89
42 66
12 12
28 71
26 11
43 20
13 69
29 94
27 98
44 43
14 50
30 91
28 53
45 39
15 62
29 11
46 95
16 91
32 91
47 54
17 50
33 42
31 58
48 61
18 74
34 10
32 17
49 44
19 46
35 26
33 53
50 32
20 95
36 34
34 47
51 20
21 38
37 27
35 90
52 21
22 99
38 51
36 14
53 54
23 79
39 23
37 21
54 31
24 17
40 44
38 61
55 95
25 94
41 60
39 26
56 57
26 65
42 77
40 27
57 29
27 79
43 83
41 34
58 68
28 83
44 36
42 22
59 63
29 31
45 73
43 91
60 99
30 97
44 43
61 28
31 66
47 22
62 42
32 32
48 97
46 13
63 86
33 47
49 39
47 24
64 40
34 51
50 93
48 58
65 88
35 83
51 54
49 27
66 68
36 87
52 42
50 51
67 89
37 40
53 23
51 26
68 33
38 57
54 20
52 19
69 66
39 40
55 27
53 90
70 47
40 70
56 74
54 28
71 43
41 16
57 77
55 20
72 57
42 81
58 23
56 47
73 47
43 50
59 92
57 18
74 93
44 12
60 25
58 86
75 43
45 26
59 79
76 70
46 76
62 21
77 65
47 93
63 93
61 25
78 31
48 42
64 55
62 49
79 12
49 21
65 41
63 38
80 82
50 40
66 11
64 98
81 83
51 23
67 30
65 87
82 74
52 43
68 83
66 15
83 52
53 67
69 33
67 93
84 93
54 35
70 70
68 81
85 34
55 74
71 74
69 98
86 33
56 55
72 16
70 78
87 65
57 27
73 88
71 87
88 93
58 48
74 99
72 64
89 46
59 77
75 11
73 27
90 45
60 96
74 27
91 72
61 55
77 22
92 87
62 92
78 49
76 52
93 36
63 20
79 92
77 95
94 67
64 53
80 53
78 46
95 54
65 17
81 63
79 51
96 34
66 34
82 96
80 98
97 56
67 42
83 93
81 51
98 81
68 76
84 35
82 48
99 64
69 21
85 43
83 65
100 44
70 52
86 87
84 96
101 90
71 43
87 60
85 29
102 58
72 29
88 67
86 80
103 24
73 55
89 46
87 11
104 19
74 75
90 60
88 38
105 17
75 92
89 94
76 66
92 95
77 60
93 63
91 35
78 56
94 15
92 42
79 75
95 46
93 40
80 70
96 82
94 44
81 62
97 81
95 79
82 67
98 20
96 75
83 88
99 29
97 36
84 89
100 62
98 77
85 38
101 42
99 94
86 96
102 46
100 65
87 87
103 81
101 17
88 78
104 70
102 35
89 12
105 32
103 61
90 28
104 64
18
102
1 18 
1 73 
4 14 63 57 31 
1 1 
1 87 
4 52 66 61 43 
1 51 
2 80 84 
1 71 
2 82 90 
2 15 79 
3 69 41 62 
1 59 
1 98 
2 5 60 
2 95 26 
5 86 74 7 91 101 
2 64 102 
