105 376 10 100 18
2
3
3
3
3
3
3
3
3
3
3
3
3
3
2
3
4
4
4
4
4
4
4
4
4
4
4
4
4
3
3
4
4
4
4
4
4
4
4
4
4
4
4
4
3
3
4
4
4
4
4
4
4
4
4
4
4
4
4
3
3
4
4
4
4
4
4
4
4
4
4
4
4
4
3
3
4
4
4
4
4
4
4
4
4
4
4
4
4
3
2
3
3
3
3
3
3
3
3
3
3
3
3
3
2
16 49
2 29
17 38
3 91
1 86
18 44
4 13
2 22
19 82
5 71
3 17
20 82
6 82
4 22
21 89
7 45
5 15
22 78
8 44
6 49
23 20
9 100
7 82
24 50
10 77
8 28
25 84
11 15
9 94
26 51
12 36
10 47
27 77
13 33
11 76
28 73
14 98
12 18
29 41
15 98
13 41
30 58
14 41
31 11
1 34
17 22
32 98
2 16
18 79
16 24
33 54
3 64
19 87
17 98
34 13
4 77
20 62
18 11
35 90
5 49
21 61
19 65
36 57
6 90
22 93
20 68
37 94
7 92
23 57
21 82
38 48
8 13
24 15
22 72
39 13
9 54
25 57
23 22
40 93
10 55
26 51
24 32
41 22
11 57
27 91
25 95
42 54
12 72
28 12
26 52
43 16
13 92
29 36
27 58
44 31
14 90
30 77
28 31
45 99
15 42
29 42
46 25
16 23
32 85
47 21
17 35
33 74
31 73
48 96
18 46
34 71
32 86
49 79
19 69
35 14
33 24
50 80
20 71
36 28
34 17
51 23
21 18
37 61
35 38
52 51
22 96
38 20
36 73
53 85
23 99
39 18
37 97
54 96
24 65
40 99
38 71
55 54
25 21
41 53
39 29
56 23
26 87
42 89
40 72
57 68
27 66
43 55
41 79
58 15
28 77
44 41
42 30
59 24
29 38
45 63
43 20
60 92
30 75
44 26
61 68
31 99
47 42
62 35
32 73
48 48
46 98
63 88
33 46
49 42
47 44
64 26
34 76
50 64
48 40
65 56
35 76
51 93
49 78
66 35
36 91
52 98
50 57
67 24
37 20
53 37
51 97
68 57
38 27
54 33
52 28
69 78
39 54
55 62
53 83
70 52
40 81
56 65
54 50
71 53
41 28
57 98
55 67
72 58
42 12
58 99
56 46
73 13
43 69
59 54
57 81
74 23
44 28
60 36
58 96
75 36
45 82
59 44
76 69
46 88
62 38
77 67
47 59
63 26
61 84
78 37
48 39
64 39
62 54
79 37
49 21
65 38
63 48
80 39
50 30
66 69
64 86
81 15
51 75
67 11
65 66
82 49
52 76
68 94
66 15
83 41
53 93
69 65
67 30
84 46
54 95
70 100
68 100
85 97
55 85
71 66
69 77
86 74
56 27
72 60
70 19
87 76
57 98
73 87
71 24
88 90
58 63
74 10
72 51
89 48
59 62
75 92
73 88
90 95
60 77
74 100
91 49
61 26
77 85
92 40
62 73
78 56
76 63
93 18
63 22
79 16
77 62
94 56
64 42
80 60
78 81
95 49
65 18
81 95
79 93
96 42
66 18
82 52
80 80
97 63
67 28
83 18
81 26
98 77
68 83
84 94
82 50
99 46
69 87
85 55
83 60
100 23
70 39
86 40
84 43
101 30
71 90
87 28
85 10
102 33
72 50
88 44
86 48
103 62
73 24
89 47
87 82
104 92
74 74
90 73
88 28
105 85
75 80
89 99
76 83
92 66
77 39
93 46
91 60
78 29
94 65
92 42
79 39
95 48
93 99
80 22
96 17
94 83
81 56
97 98
95 37
82 13
98 68
96 87
83 84
99 63
97 67
84 88
100 97
98 57
85 16
101 81
99 88
86 13
102 91
100 99
87 80
103 82
101 84
88 87
104 67
102 89
89 53
105 40
103 40
90 75
104 31
64
21
2 52 64 
1 33 
3 27 48 74 
1 76 
3 30 29 41 
3 8 44 17 
1 49 
1 10 
2 35 42 
1 50 
2 78 19 
4 59 101 97 90 
3 11 54 43 
2 47 22 
1 14 
3 1 98 79 
2 58 96 
1 21 
