105 376 10 100 16
2
3
3
3
3
3
3
3
3
3
3
3
3
3
2
3
4
4
4
4
4
4
4
4
4
4
4
4
4
3
3
4
4
4
4
4
4
4
4
4
4
4
4
4
3
3
4
4
4
4
4
4
4
4
4
4
4
4
4
3
3
4
4
4
4
4
4
4
4
4
4
4
4
4
3
3
4
4
4
4
4
4
4
4
4
4
4
4
4
3
2
3
3
3
3
3
3
3
3
3
3
3
3
3
2
16 32
2 29
17 18
3 90
1 23
18 67
4 88
2 63
19 73
5 75
3 93
20 10
6 29
4 57
21 17
7 43
5 49
22 68
8 86
6 19
23 74
9 64
7 79
24 36
10 52
8 78
25 61
11 12
9 63
26 38
12 28
10 24
27 58
13 92
11 82
28 91
14 77
12 19
29 27
15 90
13 70
30 91
14 63
31 49
1 72
17 93
32 22
2 10
18 14
16 51
33 97
3 100
19 48
17 57
34 84
4 85
20 89
18 18
35 65
5 38
21 98
19 85
36 14
6 21
22 23
20 73
37 17
7 56
23 79
21 29
38 31
8 48
24 28
22 26
39 31
9 32
25 59
23 94
40 39
10 14
26 80
24 55
41 15
11 35
27 41
25 12
42 74
12 39
28 95
26 10
43 21
13 15
29 76
27 66
44 77
14 54
30 68
28 89
45 49
15 46
29 71
46 88
16 83
32 71
47 80
17 20
33 92
31 91
48 93
18 96
34 53
32 14
49 91
19 67
35 50
33 60
50 53
20 79
36 14
34 57
51 59
21 51
37 51
35 82
52 48
22 29
38 66
36 55
53 75
23 83
39 24
37 37
54 53
24 99
40 83
38 75
55 10
25 38
41 13
39 82
56 97
26 16
42 82
40 66
57 98
27 67
43 100
41 16
58 77
28 84
44 58
42 52
59 69
29 89
45 96
43 91
60 91
30 68
44 45
61 44
31 56
47 12
62 98
32 67
48 77
46 19
63 19
33 71
49 38
47 79
64 22
34 79
50 69
48 78
65 64
35 89
51 19
49 18
66 23
36 34
52 84
50 70
67 11
37 60
53 77
51 75
68 45
38 71
54 48
52 62
69 40
39 68
55 81
53 58
70 38
40 29
56 37
54 72
71 10
41 65
57 27
55 98
72 74
42 36
58 99
56 60
73 66
43 66
59 51
57 66
74 81
44 78
60 51
58 84
75 68
45 37
59 77
76 96
46 19
62 10
77 43
47 78
63 93
61 48
78 32
48 90
64 15
62 92
79 87
49 32
65 81
63 75
80 97
50 97
66 53
64 15
81 81
51 37
67 35
65 31
82 100
52 17
68 31
66 72
83 64
53 71
69 34
67 34
84 28
54 47
70 60
68 66
85 90
55 35
71 91
69 14
86 75
56 65
72 53
70 26
87 58
57 16
73 13
71 78
88 70
58 86
74 99
72 83
89 66
59 23
75 47
73 60
90 94
60 28
74 75
91 15
61 18
77 63
92 100
62 71
78 40
76 78
93 61
63 12
79 67
77 38
94 15
64 58
80 78
78 95
95 35
65 59
81 66
79 55
96 99
66 71
82 43
80 81
97 26
67 32
83 94
81 85
98 14
68 69
84 45
82 66
99 99
69 35
85 45
83 71
100 20
70 71
86 82
84 43
101 24
71 66
87 57
85 15
102 53
72 35
88 87
86 46
103 34
73 38
89 87
87 34
104 26
74 43
90 44
88 77
105 69
75 12
89 28
76 70
92 19
77 94
93 72
91 86
78 18
94 58
92 58
79 47
95 58
93 94
80 16
96 86
94 30
81 17
97 38
95 94
82 100
98 74
96 10
83 19
99 24
97 57
84 24
100 10
98 69
85 10
101 31
99 43
86 52
102 46
100 23
87 42
103 39
101 88
88 14
104 34
102 44
89 44
105 40
103 68
90 56
104 100
17
30
1 17 
3 44 24 71 
3 95 18 45 
1 93 
3 47 70 37 
3 52 34 36 
2 19 79 
2 33 78 
1 81 
3 80 29 60 
2 82 15 
2 59 16 
2 103 5 
2 65 104 
4 13 14 54 64 
2 61 30 
