105 376 10 100 17
2
3
3
3
3
3
3
3
3
3
3
3
3
3
2
3
4
4
4
4
4
4
4
4
4
4
4
4
4
3
3
4
4
4
4
4
4
4
4
4
4
4
4
4
3
3
4
4
4
4
4
4
4
4
4
4
4
4
4
3
3
4
4
4
4
4
4
4
4
4
4
4
4
4
3
3
4
4
4
4
4
4
4
4
4
4
4
4
4
3
2
3
3
3
3
3
3
3
3
3
3
3
3
3
2
16 17
2 29
17 66
3 13
1 92
18 93
4 83
2 81
19 93
5 93
3 27
20 58
6 70
4 98
21 96
7 87
5 59
22 90
8 74
6 35
23 92
9 72
7 26
24 83
10 14
8 78
25 82
11 56
9 51
26 74
12 19
10 11
27 94
13 91
11 20
28 86
14 42
12 36
29 38
15 38
13 74
30 79
14 52
31 17
1 94
17 87
32 77
2 99
18 62
16 59
33 31
3 14
19 97
17 61
34 62
4 64
20 42
18 36
35 97
5 45
21 29
19 33
36 45
6 44
22 37
20 86
37 75
7 53
23 61
21 10
38 32
8 57
24 93
22 53
39 36
9 86
25 52
23 21
40 20
10 89
26 13
24 33
41 17
11 34
27 74
25 99
42 100
12 10
28 93
26 63
43 20
13 22
29 73
27 55
44 64
14 45
30 58
28 28
45 10
15 18
29 87
46 33
16 28
32 46
47 36
17 58
33 50
31 67
48 88
18 84
34 19
32 11
49 36
19 33
35 70
33 98
50 54
20 96
36 35
34 18
51 92
21 89
37 94
35 45
52 14
22 52
38 56
36 97
53 58
23 39
39 68
37 14
54 86
24 34
40 18
38 26
55 32
25 75
41 12
39 33
56 78
26 51
42 82
40 76
57 81
27 23
43 14
41 30
58 50
28 83
44 52
42 43
59 46
29 55
45 72
43 79
60 77
30 59
44 71
61 15
31 95
47 34
62 78
32 47
48 30
46 46
63 11
33 63
49 39
47 49
64 41
34 43
50 72
48 68
65 67
35 25
51 22
49 90
66 48
36 67
52 79
50 95
67 26
37 95
53 76
51 40
68 60
38 62
54 86
52 34
69 96
39 16
55 69
53 52
70 42
40 45
56 48
54 76
71 22
41 36
57 63
55 95
72 84
42 55
58 41
56 86
73 69
43 49
59 43
57 15
74 43
44 13
60 29
58 41
75 13
45 43
59 11
76 57
46 40
62 62
77 20
47 77
63 36
61 35
78 48
48 28
64 41
62 63
79 36
49 89
65 67
63 18
80 70
50 31
66 94
64 86
81 55
51 56
67 30
65 62
82 26
52 62
68 81
66 68
83 28
53 89
69 39
67 28
84 57
54 69
70 53
68 59
85 82
55 19
71 84
69 69
86 98
56 26
72 94
70 18
87 32
57 16
73 53
71 25
88 32
58 91
74 54
72 29
89 90
59 23
75 48
73 14
90 71
60 32
74 41
91 30
61 41
77 60
92 57
62 14
78 90
76 56
93 80
63 60
79 93
77 82
94 31
64 24
80 40
78 100
95 56
65 60
81 40
79 91
96 64
66 71
82 53
80 54
97 98
67 94
83 81
81 55
98 96
68 42
84 97
82 30
99 39
69 72
85 31
83 99
100 85
70 17
86 30
84 37
101 66
71 36
87 37
85 47
102 36
72 97
88 31
86 37
103 52
73 84
89 43
87 84
104 36
74 99
90 21
88 47
105 93
75 97
89 81
76 71
92 100
77 18
93 51
91 88
78 86
94 98
92 52
79 20
95 40
93 25
80 56
96 59
94 11
81 31
97 10
95 67
82 20
98 79
96 34
83 87
99 47
97 86
84 30
100 94
98 83
85 46
101 72
99 74
86 98
102 23
100 73
87 10
103 38
101 30
88 37
104 15
102 80
89 10
105 54
103 78
90 55
104 21
77
41
2 28 77 
4 22 97 6 47 
1 29 
1 75 
3 103 56 11 
2 49 16 
1 69 
2 78 87 
1 20 
1 99 
3 89 83 98 
2 52 54 
2 94 38 
3 55 80 71 
2 59 3 
3 79 8 30 
3 37 63 41 
