105 376 10 100 18
2
3
3
3
3
3
3
3
3
3
3
3
3
3
2
3
4
4
4
4
4
4
4
4
4
4
4
4
4
3
3
4
4
4
4
4
4
4
4
4
4
4
4
4
3
3
4
4
4
4
4
4
4
4
4
4
4
4
4
3
3
4
4
4
4
4
4
4
4
4
4
4
4
4
3
3
4
4
4
4
4
4
4
4
4
4
4
4
4
3
2
3
3
3
3
3
3
3
3
3
3
3
3
3
2
16 67
2 29
17 61
3 88
1 73
18 88
4 78
2 20
19 39
5 47
3 27
20 36
6 94
4 33
21 78
7 62
5 68
22 62
8 20
6 69
23 51
9 98
7 16
24 76
10 62
8 82
25 98
11 32
9 29
26 17
12 77
10 90
27 27
13 14
11 22
28 54
14 35
12 56
29 54
15 44
13 86
30 94
14 59
31 75
1 72
17 58
32 42
2 63
18 50
16 19
33 58
3 63
19 61
17 25
34 25
4 15
20 83
18 80
35 59
5 22
21 98
19 78
36 54
6 93
22 63
20 67
37 65
7 30
23 70
21 38
38 13
8 53
24 82
22 13
39 40
9 54
25 66
23 11
40 49
10 99
26 85
24 95
41 19
11 70
27 99
25 71
42 84
12 45
28 44
26 66
43 18
13 40
29 17
27 29
44 87
14 37
30 13
28 46
45 82
15 50
29 57
46 48
16 44
32 86
47 75
17 27
33 41
31 92
48 25
18 40
34 23
32 17
49 33
19 83
35 23
33 85
50 13
20 36
36 74
34 90
51 15
21 64
37 47
35 63
52 51
22 100
38 26
36 14
53 15
23 33
39 66
37 72
54 43
24 51
40 31
38 91
55 18
25 96
41 17
39 11
56 90
26 59
42 72
40 88
57 34
27 48
43 71
41 66
58 31
28 80
44 98
42 75
59 33
29 30
45 25
43 78
60 95
30 25
44 69
61 73
31 24
47 53
62 57
32 69
48 70
46 33
63 56
33 15
49 40
47 29
64 76
34 78
50 30
48 29
65 24
35 12
51 92
49 17
66 46
36 82
52 87
50 56
67 92
37 55
53 59
51 33
68 35
38 32
54 30
52 40
69 57
39 51
55 51
53 26
70 60
40 36
56 31
54 79
71 89
41 28
57 70
55 30
72 48
42 52
58 70
56 59
73 32
43 16
59 34
57 10
74 68
44 62
60 68
58 45
75 54
45 21
59 16
76 96
46 63
62 85
77 63
47 17
63 37
61 80
78 46
48 24
64 31
62 68
79 68
49 68
65 79
63 36
80 40
50 99
66 11
64 70
81 60
51 28
67 21
65 81
82 65
52 22
68 93
66 45
83 93
53 80
69 38
67 54
84 96
54 44
70 72
68 88
85 61
55 97
71 49
69 54
86 13
56 99
72 20
70 31
87 47
57 38
73 21
71 43
88 77
58 15
74 55
72 83
89 49
59 40
75 67
73 39
90 65
60 78
74 35
91 53
61 25
77 70
92 31
62 57
78 17
76 95
93 30
63 77
79 51
77 15
94 44
64 14
80 82
78 93
95 95
65 68
81 33
79 84
96 23
66 88
82 67
80 87
97 67
67 22
83 78
81 77
98 48
68 56
84 77
82 85
99 60
69 44
85 26
83 86
100 42
70 71
86 40
84 51
101 18
71 81
87 44
85 75
102 45
72 86
88 81
86 14
103 33
73 26
89 52
87 38
104 22
74 71
90 53
88 61
105 80
75 76
89 32
76 63
92 71
77 43
93 33
91 77
78 72
94 11
92 21
79 77
95 15
93 99
80 74
96 50
94 39
81 31
97 95
95 37
82 44
98 62
96 73
83 43
99 57
97 43
84 69
100 16
98 100
85 12
101 95
99 84
86 95
102 23
100 65
87 10
103 31
101 71
88 74
104 87
102 63
89 37
105 37
103 63
90 89
104 40
80
79
1 80 
3 87 76 52 
1 1 
3 91 4 102 
1 6 
1 30 
1 15 
3 64 31 99 
3 94 92 7 
2 5 53 
1 18 
3 47 11 45 
1 46 
1 62 
2 90 105 
4 55 86 81 51 
3 40 60 28 
2 100 79 
