105 376 10 100 19
2
3
3
3
3
3
3
3
3
3
3
3
3
3
2
3
4
4
4
4
4
4
4
4
4
4
4
4
4
3
3
4
4
4
4
4
4
4
4
4
4
4
4
4
3
3
4
4
4
4
4
4
4
4
4
4
4
4
4
3
3
4
4
4
4
4
4
4
4
4
4
4
4
4
3
3
4
4
4
4
4
4
4
4
4
4
4
4
4
3
2
3
3
3
3
3
3
3
3
3
3
3
3
3
2
16 76
2 29
17 71
3 43
1 14
18 31
4 87
2 45
19 89
5 45
3 80
20 72
6 75
4 15
21 68
7 18
5 50
22 21
8 45
6 39
23 69
9 71
7 63
24 83
10 75
8 12
25 64
11 78
9 90
26 69
12 82
10 10
27 36
13 75
11 65
28 44
14 91
12 56
29 61
15 48
13 26
30 33
14 48
31 10
1 53
17 68
32 80
2 21
18 37
16 96
33 36
3 45
19 35
17 46
34 80
4 11
20 24
18 76
35 26
5 73
21 80
19 67
36 30
6 82
22 98
20 19
37 13
7 48
23 13
21 65
38 22
8 81
24 75
22 81
39 30
9 19
25 65
23 66
40 76
10 28
26 70
24 83
41 23
11 35
27 33
25 67
42 74
12 61
28 48
26 87
43 16
13 79
29 88
27 70
44 64
14 55
30 63
28 63
45 16
15 48
29 42
46 16
16 14
32 93
47 91
17 81
33 33
31 38
48 72
18 15
34 32
32 53
49 27
19 84
35 96
33 22
50 27
20 77
36 35
34 25
51 88
21 47
37 97
35 41
52 97
22 88
38 48
36 23
53 20
23 41
39 18
37 57
54 65
24 80
40 38
38 44
55 40
25 88
41 37
39 76
56 54
26 95
42 30
40 91
57 19
27 94
43 94
41 52
58 91
28 77
44 44
42 64
59 10
29 96
45 54
43 43
60 50
30 29
44 14
61 85
31 91
47 23
62 71
32 72
48 10
46 27
63 91
33 49
49 42
47 12
64 32
34 32
50 27
48 10
65 20
35 97
51 84
49 93
66 97
36 66
52 49
50 50
67 99
37 81
53 85
51 90
68 41
38 56
54 68
52 23
69 76
39 89
55 42
53 38
70 21
40 17
56 90
54 68
71 20
41 55
57 14
55 61
72 39
42 40
58 24
56 97
73 51
43 63
59 35
57 63
74 84
44 37
60 61
58 97
75 38
45 90
59 91
76 82
46 52
62 99
77 75
47 53
63 49
61 53
78 48
48 43
64 42
62 49
79 88
49 62
65 12
63 22
80 56
50 66
66 19
64 15
81 27
51 92
67 10
65 99
82 39
52 97
68 79
66 62
83 81
53 46
69 99
67 98
84 14
54 22
70 93
68 60
85 19
55 32
71 36
69 86
86 12
56 35
72 68
70 27
87 56
57 34
73 59
71 16
88 88
58 49
74 10
72 22
89 40
59 14
75 45
73 99
90 65
60 57
74 94
91 71
61 29
77 36
92 47
62 58
78 25
76 88
93 100
63 82
79 25
77 72
94 18
64 52
80 73
78 40
95 57
65 93
81 48
79 57
96 40
66 61
82 71
80 87
97 41
67 65
83 40
81 47
98 79
68 63
84 11
82 32
99 79
69 25
85 76
83 81
100 89
70 100
86 65
84 51
101 66
71 48
87 75
85 26
102 81
72 93
88 13
86 61
103 47
73 19
89 32
87 62
104 10
74 40
90 22
88 81
105 88
75 19
89 22
76 25
92 94
77 61
93 65
91 18
78 32
94 15
92 14
79 73
95 10
93 10
80 31
96 61
94 65
81 50
97 34
95 54
82 91
98 60
96 20
83 75
99 77
97 93
84 10
100 14
98 95
85 60
101 74
99 61
86 30
102 45
100 57
87 74
103 98
101 69
88 20
104 12
102 85
89 41
105 82
103 49
90 53
104 52
104
74
4 102 54 55 104 
1 86 
1 66 
2 69 92 
2 2 7 
1 71 
1 49 
1 14 
2 98 37 
1 97 
1 17 
2 51 27 
1 9 
1 70 
7 36 84 45 60 68 83 80 
2 50 78 
2 103 42 
3 57 105 1 
1 74 
