105 376 10 100 19
2
3
3
3
3
3
3
3
3
3
3
3
3
3
2
3
4
4
4
4
4
4
4
4
4
4
4
4
4
3
3
4
4
4
4
4
4
4
4
4
4
4
4
4
3
3
4
4
4
4
4
4
4
4
4
4
4
4
4
3
3
4
4
4
4
4
4
4
4
4
4
4
4
4
3
3
4
4
4
4
4
4
4
4
4
4
4
4
4
3
2
3
3
3
3
3
3
3
3
3
3
3
3
3
2
16 90
2 29
17 44
3 15
1 49
18 70
4 95
2 66
19 88
5 19
3 16
20 95
6 44
4 73
21 19
7 45
5 36
22 37
8 13
6 42
23 29
9 92
7 38
24 61
10 77
8 89
25 34
11 14
9 54
26 92
12 80
10 36
27 91
13 33
11 88
28 44
14 77
12 11
29 25
15 72
13 83
30 66
14 17
31 78
1 52
17 56
32 59
2 35
18 29
16 41
33 73
3 88
19 11
17 65
34 78
4 48
20 37
18 53
35 79
5 60
21 78
19 61
36 32
6 49
22 34
20 88
37 99
7 22
23 60
21 52
38 80
8 12
24 83
22 47
39 24
9 78
25 17
23 22
40 62
10 77
26 61
24 60
41 16
11 19
27 83
25 57
42 56
12 17
28 99
26 40
43 20
13 31
29 68
27 47
44 73
14 68
30 98
28 37
45 36
15 14
29 56
46 100
16 95
32 41
47 19
17 27
33 17
31 30
48 73
18 44
34 75
32 33
49 70
19 84
35 76
33 100
50 59
20 92
36 30
34 43
51 79
21 69
37 100
35 43
52 43
22 57
38 37
36 39
53 40
23 17
39 69
37 41
54 46
24 55
40 28
38 75
55 11
25 61
41 23
39 93
56 87
26 16
42 60
40 63
57 53
27 66
43 18
41 48
58 30
28 83
44 80
42 50
59 25
29 47
45 77
43 34
60 75
30 29
44 49
61 65
31 70
47 77
62 24
32 79
48 25
46 94
63 40
33 91
49 38
47 40
64 37
34 73
50 66
48 28
65 61
35 73
51 59
49 20
66 37
36 54
52 21
50 100
67 97
37 55
53 44
51 75
68 41
38 43
54 93
52 67
69 67
39 23
55 83
53 22
70 63
40 57
56 62
54 65
71 14
41 48
57 28
55 69
72 66
42 67
58 60
56 21
73 73
43 53
59 55
57 27
74 62
44 98
60 13
58 40
75 42
45 68
59 10
76 18
46 94
62 82
77 15
47 51
63 82
61 86
78 71
48 85
64 99
62 97
79 32
49 91
65 54
63 96
80 28
50 68
66 36
64 42
81 77
51 14
67 31
65 71
82 33
52 78
68 91
66 37
83 31
53 90
69 16
67 14
84 18
54 26
70 28
68 55
85 73
55 55
71 43
69 94
86 18
56 51
72 57
70 74
87 75
57 59
73 11
71 91
88 94
58 100
74 54
72 79
89 95
59 55
75 80
73 67
90 60
60 15
74 76
91 16
61 99
77 92
92 83
62 54
78 19
76 40
93 87
63 81
79 87
77 45
94 86
64 48
80 92
78 67
95 51
65 71
81 40
79 23
96 35
66 12
82 40
80 49
97 22
67 69
83 36
81 40
98 34
68 86
84 31
82 12
99 48
69 52
85 77
83 55
100 11
70 67
86 75
84 92
101 72
71 64
87 37
85 66
102 34
72 98
88 82
86 28
103 32
73 57
89 54
87 67
104 60
74 91
90 85
88 12
105 61
75 77
89 42
76 49
92 81
77 95
93 99
91 56
78 54
94 40
92 11
79 59
95 65
93 84
80 20
96 60
94 53
81 65
97 22
95 25
82 28
98 24
96 17
83 92
99 68
97 68
84 82
100 58
98 58
85 16
101 46
99 62
86 88
102 23
100 40
87 45
103 27
101 70
88 20
104 52
102 83
89 18
105 56
103 11
90 39
104 99
51
75
1 51 
2 47 45 
3 18 87 32 
2 86 98 
3 37 94 104 
3 36 22 14 
1 101 
2 58 82 
2 10 21 
2 89 64 
1 28 
2 84 93 
1 23 
2 105 71 
2 55 30 
1 26 
3 76 70 20 
2 4 5 
1 75 
