105 376 10 100 19
2
3
3
3
3
3
3
3
3
3
3
3
3
3
2
3
4
4
4
4
4
4
4
4
4
4
4
4
4
3
3
4
4
4
4
4
4
4
4
4
4
4
4
4
3
3
4
4
4
4
4
4
4
4
4
4
4
4
4
3
3
4
4
4
4
4
4
4
4
4
4
4
4
4
3
3
4
4
4
4
4
4
4
4
4
4
4
4
4
3
2
3
3
3
3
3
3
3
3
3
3
3
3
3
2
16 59
2 29
17 51
3 41
1 42
18 54
4 70
2 85
19 80
5 49
3 64
20 91
6 22
4 50
21 88
7 16
5 85
22 12
8 87
6 100
23 33
9 35
7 60
24 68
10 49
8 62
25 42
11 76
9 59
26 56
12 73
10 78
27 17
13 44
11 71
28 63
14 70
12 57
29 47
15 39
13 55
30 65
14 70
31 48
1 91
17 48
32 95
2 14
18 63
16 33
33 79
3 80
19 87
17 95
34 60
4 19
20 51
18 84
35 92
5 62
21 26
19 88
36 79
6 13
22 28
20 24
37 27
7 12
23 35
21 12
38 96
8 25
24 89
22 36
39 49
9 88
25 68
23 47
40 21
10 78
26 99
24 15
41 16
11 14
27 74
25 75
42 94
12 29
28 41
26 45
43 20
13 92
29 38
27 78
44 19
14 19
30 54
28 30
45 57
15 52
29 71
46 79
16 74
32 78
47 59
17 65
33 50
31 56
48 70
18 65
34 14
32 72
49 39
19 82
35 41
33 57
50 91
20 85
36 22
34 64
51 33
21 80
37 87
35 85
52 95
22 21
38 94
36 96
53 10
23 25
39 24
37 88
54 22
24 23
40 23
38 47
55 88
25 14
41 87
39 38
56 36
26 23
42 23
40 86
57 49
27 94
43 48
41 80
58 62
28 83
44 61
42 86
59 56
29 55
45 87
43 23
60 49
30 22
44 33
61 61
31 48
47 84
62 43
32 65
48 39
46 40
63 21
33 73
49 38
47 47
64 29
34 34
50 32
48 48
65 28
35 19
51 10
49 33
66 85
36 99
52 34
50 63
67 86
37 30
53 34
51 68
68 29
38 100
54 83
52 57
69 38
39 12
55 61
53 13
70 98
40 56
56 63
54 90
71 68
41 92
57 34
55 91
72 56
42 64
58 25
56 21
73 13
43 60
59 32
57 48
74 51
44 88
60 75
58 85
75 70
45 44
59 32
76 18
46 74
62 71
77 51
47 72
63 25
61 17
78 43
48 95
64 19
62 87
79 48
49 73
65 54
63 49
80 23
50 42
66 94
64 34
81 93
51 55
67 33
65 63
82 90
52 38
68 17
66 28
83 14
53 24
69 68
67 11
84 87
54 66
70 52
68 26
85 12
55 72
71 62
69 23
86 14
56 73
72 62
70 34
87 38
57 43
73 75
71 70
88 67
58 71
74 99
72 53
89 58
59 66
75 90
73 70
90 64
60 99
74 68
91 36
61 20
77 13
92 15
62 56
78 100
76 12
93 52
63 72
79 76
77 48
94 69
64 68
80 91
78 54
95 42
65 43
81 19
79 19
96 97
66 23
82 63
80 88
97 94
67 70
83 25
81 16
98 16
68 49
84 53
82 48
99 41
69 64
85 67
83 92
100 86
70 41
86 15
84 52
101 60
71 23
87 13
85 32
102 10
72 78
88 57
86 58
103 19
73 33
89 72
87 14
104 35
74 10
90 84
88 40
105 72
75 42
89 41
76 11
92 47
77 24
93 91
91 44
78 20
94 99
92 29
79 80
95 20
93 97
80 25
96 39
94 13
81 11
97 66
95 20
82 88
98 65
96 34
83 10
99 38
97 83
84 37
100 18
98 15
85 55
101 24
99 17
86 68
102 92
100 73
87 36
103 55
101 73
88 38
104 70
102 41
89 32
105 82
103 77
90 34
104 29
57
83
3 45 72 57 
1 18 
1 39 
1 6 
1 3 
1 91 
2 30 80 
1 79 
2 93 75 
5 54 70 58 31 7 
2 5 16 
2 23 61 
2 56 78 
3 21 22 49 
1 26 
2 55 24 
2 87 14 
2 68 46 
2 20 83 
