105 376 11 100 19
2
3
3
3
3
3
3
3
3
3
3
3
3
3
2
3
4
4
4
4
4
4
4
4
4
4
4
4
4
3
3
4
4
4
4
4
4
4
4
4
4
4
4
4
3
3
4
4
4
4
4
4
4
4
4
4
4
4
4
3
3
4
4
4
4
4
4
4
4
4
4
4
4
4
3
3
4
4
4
4
4
4
4
4
4
4
4
4
4
3
2
3
3
3
3
3
3
3
3
3
3
3
3
3
2
16 19
2 29
17 46
3 25
1 23
18 50
4 66
2 24
19 26
5 94
3 64
20 69
6 46
4 75
21 70
7 82
5 93
22 75
8 33
6 43
23 82
9 61
7 51
24 61
10 97
8 67
25 58
11 51
9 37
26 91
12 40
10 66
27 41
13 58
11 73
28 30
14 63
12 78
29 63
15 45
13 68
30 81
14 77
31 15
1 68
17 20
32 60
2 70
18 51
16 84
33 14
3 37
19 51
17 60
34 23
4 60
20 92
18 36
35 55
5 38
21 95
19 42
36 88
6 62
22 54
20 96
37 17
7 81
23 44
21 40
38 77
8 20
24 77
22 86
39 53
9 56
25 81
23 37
40 50
10 87
26 80
24 76
41 18
11 49
27 99
25 46
42 78
12 64
28 84
26 48
43 19
13 19
29 73
27 52
44 42
14 11
30 100
28 49
45 37
15 84
29 42
46 94
16 90
32 27
47 98
17 35
33 42
31 81
48 98
18 21
34 19
32 78
49 37
19 40
35 85
33 44
50 50
20 25
36 61
34 45
51 47
21 55
37 40
35 11
52 41
22 69
38 65
36 14
53 58
23 18
39 22
37 55
54 69
24 40
40 35
38 20
55 74
25 35
41 92
39 16
56 49
26 30
42 13
40 98
57 93
27 28
43 14
41 25
58 43
28 81
44 17
42 27
59 43
29 30
45 41
43 22
60 66
30 79
44 30
61 27
31 68
47 12
62 21
32 87
48 79
46 26
63 66
33 26
49 40
47 28
64 64
34 69
50 81
48 99
65 76
35 96
51 80
49 51
66 84
36 23
52 41
50 24
67 61
37 80
53 17
51 61
68 95
38 71
54 26
52 64
69 90
39 47
55 43
53 78
70 25
40 48
56 45
54 92
71 44
41 85
57 42
55 27
72 20
42 62
58 54
56 86
73 68
43 27
59 23
57 43
74 76
44 45
60 23
58 89
75 20
45 23
59 37
76 57
46 98
62 94
77 94
47 12
63 25
61 62
78 41
48 91
64 100
62 92
79 80
49 52
65 66
63 67
80 84
50 19
66 11
64 19
81 98
51 26
67 24
65 83
82 37
52 90
68 29
66 96
83 79
53 15
69 66
67 37
84 34
54 41
70 72
68 56
85 82
55 59
71 27
69 99
86 20
56 54
72 79
70 46
87 53
57 65
73 44
71 88
88 22
58 86
74 100
72 16
89 18
59 83
75 18
73 96
90 58
60 54
74 63
91 59
61 96
77 24
92 80
62 99
78 28
76 51
93 93
63 88
79 34
77 72
94 82
64 57
80 42
78 47
95 81
65 51
81 13
79 12
96 57
66 39
82 77
80 30
97 64
67 90
83 22
81 38
98 59
68 63
84 33
82 12
99 61
69 37
85 62
83 79
100 43
70 95
86 25
84 66
101 12
71 68
87 19
85 59
102 19
72 67
88 15
86 36
103 91
73 66
89 80
87 59
104 21
74 72
90 25
88 53
105 59
75 21
89 83
76 94
92 18
77 48
93 73
91 32
78 97
94 13
92 89
79 46
95 86
93 79
80 42
96 30
94 41
81 11
97 60
95 81
82 21
98 48
96 74
83 58
99 48
97 40
84 75
100 31
98 32
85 21
101 47
99 27
86 65
102 91
100 65
87 35
103 47
101 23
88 76
104 51
102 24
89 59
105 65
103 62
90 69
104 48
60
16
1 60 
2 96 25 
3 93 55 11 
2 19 35 
1 103 
1 104 
1 27 
1 94 
3 47 82 63 
1 65 
3 7 49 39 
2 90 51 
1 84 
3 79 74 38 
4 101 91 36 20 
3 43 71 45 
2 12 87 
1 1 
1 16 
