100 350 10 100 17
2
3
3
3
3
3
3
3
3
3
3
3
3
3
3
3
3
3
3
2
3
4
4
4
4
4
4
4
4
4
4
4
4
4
4
4
4
4
4
3
3
4
4
4
4
4
4
4
4
4
4
4
4
4
4
4
4
4
4
3
3
4
4
4
4
4
4
4
4
4
4
4
4
4
4
4
4
4
4
3
2
3
3
3
3
3
3
3
3
3
3
3
3
3
3
3
3
3
3
2
21 24
2 29
22 86
3 57
1 76
23 97
4 79
2 30
24 43
5 74
3 92
25 98
6 77
4 16
26 58
7 85
5 66
27 57
8 69
6 88
28 57
9 25
7 60
29 73
10 56
8 87
30 12
11 54
9 18
31 83
12 53
10 90
32 21
13 29
11 86
33 95
14 63
12 60
34 16
15 100
13 95
35 15
16 36
14 77
36 27
17 82
15 63
37 59
18 67
16 77
38 31
19 79
17 15
39 73
20 54
18 85
40 43
19 36
41 59
1 100
22 75
42 10
2 39
23 96
21 85
43 82
3 46
24 96
22 37
44 33
4 27
25 87
23 75
45 89
5 29
26 41
24 86
46 84
6 14
27 91
25 46
47 39
7 77
28 90
26 16
48 96
8 82
29 57
27 14
49 21
9 28
30 69
28 35
50 42
10 11
31 58
29 12
51 17
11 39
32 74
30 50
52 32
12 59
33 62
31 25
53 10
13 32
34 46
32 33
54 26
14 16
35 92
33 18
55 68
15 19
36 48
34 26
56 59
16 51
37 97
35 72
57 86
17 39
38 20
36 63
58 62
18 20
39 16
37 21
59 87
19 23
40 21
38 38
60 31
20 50
39 91
61 80
21 99
42 61
62 57
22 75
43 33
41 89
63 74
23 50
44 60
42 25
64 31
24 92
45 95
43 89
65 94
25 34
46 51
44 39
66 39
26 70
47 66
45 84
67 44
27 42
48 41
46 40
68 34
28 81
49 75
47 90
69 69
29 31
50 68
48 54
70 55
30 26
51 99
49 84
71 17
31 79
52 43
50 62
72 93
32 39
53 26
51 75
73 69
33 92
54 46
52 96
74 19
34 96
55 94
53 77
75 52
35 19
56 42
54 60
76 86
36 67
57 67
55 98
77 53
37 58
58 32
56 56
78 74
38 63
59 38
57 93
79 53
39 64
60 56
58 87
80 94
40 70
59 47
81 83
41 13
62 94
82 40
42 47
63 86
61 11
83 59
43 13
64 13
62 19
84 82
44 50
65 69
63 74
85 38
45 31
66 17
64 70
86 28
46 91
67 57
65 25
87 60
47 85
68 31
66 86
88 37
48 86
69 99
67 34
89 91
49 66
70 21
68 76
90 86
50 49
71 88
69 50
91 13
51 81
72 41
70 23
92 14
52 81
73 100
71 100
93 48
53 52
74 85
72 20
94 87
54 72
75 84
73 64
95 88
55 29
76 77
74 65
96 70
56 54
77 74
75 85
97 76
57 89
78 71
76 81
98 82
58 100
79 53
77 41
99 61
59 28
80 71
78 57
100 47
60 60
79 39
61 24
82 88
62 56
83 97
81 86
63 29
84 35
82 46
64 77
85 10
83 72
65 66
86 69
84 70
66 45
87 95
85 92
67 38
88 13
86 33
68 75
89 17
87 13
69 13
90 52
88 20
70 71
91 36
89 62
71 97
92 68
90 87
72 71
93 100
91 60
73 87
94 68
92 86
74 65
95 27
93 35
75 12
96 40
94 88
76 13
97 45
95 62
77 77
98 36
96 12
78 60
99 77
97 64
79 54
100 45
98 98
80 51
99 79
77
35
3 92 55 77 
1 36 
1 87 
5 75 16 99 5 56 
2 62 91 
5 42 86 44 27 93 
1 48 
3 51 23 45 
2 4 2 
1 85 
2 84 57 
1 100 
1 81 
1 71 
2 14 90 
1 59 
3 66 11 35 
