100 350 10 100 17
2
3
3
3
3
3
3
3
3
3
3
3
3
3
3
3
3
3
3
2
3
4
4
4
4
4
4
4
4
4
4
4
4
4
4
4
4
4
4
3
3
4
4
4
4
4
4
4
4
4
4
4
4
4
4
4
4
4
4
3
3
4
4
4
4
4
4
4
4
4
4
4
4
4
4
4
4
4
4
3
2
3
3
3
3
3
3
3
3
3
3
3
3
3
3
3
3
3
3
2
21 83
2 29
22 86
3 77
1 16
23 26
4 19
2 95
24 65
5 53
3 83
25 81
6 41
4 71
26 17
7 92
5 95
27 62
8 55
6 34
28 34
9 92
7 44
29 10
10 24
8 28
30 56
11 62
9 15
31 93
12 45
10 59
32 94
13 34
11 46
33 63
14 42
12 92
34 16
15 58
13 37
35 42
16 29
14 52
36 79
17 31
15 17
37 30
18 38
16 94
38 70
19 17
17 84
39 42
20 39
18 26
40 43
19 56
41 29
1 52
22 79
42 36
2 31
23 75
21 10
43 59
3 18
24 41
22 45
44 26
4 12
25 63
23 96
45 37
5 18
26 27
24 53
46 47
6 59
27 58
25 99
47 99
7 98
28 14
26 91
48 21
8 41
29 39
27 69
49 21
9 66
30 87
28 92
50 28
10 96
31 19
29 27
51 17
11 95
32 25
30 97
52 45
12 91
33 15
31 89
53 47
13 70
34 84
32 77
54 80
14 58
35 98
33 55
55 65
15 10
36 17
34 74
56 100
16 85
37 30
35 31
57 43
17 100
38 65
36 29
58 79
18 70
39 72
37 29
59 81
19 77
40 53
38 77
60 85
20 88
39 62
61 11
21 58
42 88
62 62
22 12
43 50
41 66
63 32
23 55
44 48
42 38
64 42
24 71
45 87
43 32
65 84
25 73
46 20
44 90
66 42
26 52
47 95
45 70
67 48
27 39
48 41
46 74
68 14
28 75
49 60
47 50
69 98
29 52
50 90
48 97
70 55
30 19
51 12
49 32
71 95
31 78
52 37
50 41
72 98
32 72
53 86
51 56
73 54
33 84
54 75
52 89
74 11
34 59
55 54
53 46
75 100
35 93
56 63
54 70
76 42
36 54
57 66
55 20
77 22
37 21
58 62
56 41
78 48
38 49
59 58
57 48
79 40
39 58
60 77
58 19
80 48
40 76
59 97
81 100
41 37
62 82
82 61
42 16
63 13
61 83
83 91
43 65
64 52
62 13
84 17
44 57
65 27
63 15
85 90
45 85
66 16
64 36
86 22
46 86
67 45
65 19
87 88
47 93
68 60
66 36
88 66
48 77
69 16
67 16
89 40
49 67
70 73
68 22
90 32
50 59
71 19
69 27
91 77
51 10
72 47
70 77
92 17
52 55
73 55
71 14
93 14
53 96
74 91
72 44
94 51
54 56
75 88
73 43
95 11
55 32
76 97
74 85
96 38
56 75
77 81
75 18
97 24
57 74
78 97
76 77
98 27
58 10
79 30
77 57
99 34
59 65
80 42
78 17
100 83
60 98
79 57
61 58
82 31
62 62
83 42
81 86
63 73
84 69
82 33
64 94
85 92
83 49
65 39
86 48
84 69
66 64
87 100
85 57
67 76
88 91
86 32
68 16
89 96
87 58
69 18
90 75
88 46
70 57
91 67
89 58
71 19
92 26
90 48
72 50
93 67
91 77
73 93
94 44
92 11
74 29
95 35
93 64
75 78
96 63
94 63
76 69
97 41
95 38
77 18
98 13
96 43
78 85
99 41
97 57
79 81
100 23
98 49
80 24
99 51
46
34
2 62 46 
1 38 
4 74 85 58 80 
2 82 30 
1 24 
2 25 66 
2 75 19 
2 91 7 
3 6 41 17 
1 94 
2 67 95 
2 68 22 
2 48 59 
2 77 36 
2 20 26 
3 96 97 51 
2 56 34 
