100 350 10 100 19
2
3
3
3
3
3
3
3
3
3
3
3
3
3
3
3
3
3
3
2
3
4
4
4
4
4
4
4
4
4
4
4
4
4
4
4
4
4
4
3
3
4
4
4
4
4
4
4
4
4
4
4
4
4
4
4
4
4
4
3
3
4
4
4
4
4
4
4
4
4
4
4
4
4
4
4
4
4
4
3
2
3
3
3
3
3
3
3
3
3
3
3
3
3
3
3
3
3
3
2
21 58
2 29
22 14
3 23
1 66
23 63
4 54
2 39
24 36
5 77
3 75
25 68
6 72
4 10
26 72
7 34
5 26
27 31
8 95
6 36
28 32
9 41
7 38
29 56
10 35
8 56
30 37
11 94
9 34
31 54
12 70
10 41
32 83
13 25
11 96
33 15
14 28
12 12
34 72
15 11
13 58
35 44
16 50
14 21
36 72
17 84
15 10
37 76
18 46
16 56
38 94
19 97
17 19
39 45
20 46
18 14
40 78
19 94
41 63
1 21
22 57
42 98
2 38
23 45
21 89
43 73
3 62
24 87
22 93
44 10
4 20
25 26
23 36
45 85
5 43
26 32
24 50
46 29
6 55
27 91
25 88
47 65
7 77
28 78
26 71
48 99
8 24
29 78
27 60
49 19
9 56
30 60
28 39
50 30
10 21
31 31
29 72
51 18
11 65
32 75
30 27
52 34
12 64
33 54
31 56
53 12
13 99
34 79
32 42
54 28
14 65
35 66
33 20
55 24
15 57
36 34
34 14
56 22
16 10
37 84
35 72
57 94
17 78
38 21
36 28
58 45
18 89
39 25
37 62
59 60
19 24
40 81
38 47
60 11
20 65
39 20
61 76
21 61
42 34
62 19
22 81
43 10
41 98
63 95
23 29
44 80
42 20
64 39
24 75
45 35
43 67
65 30
25 64
46 60
44 52
66 64
26 40
47 84
45 70
67 64
27 19
48 40
46 36
68 68
28 49
49 87
47 49
69 69
29 66
50 43
48 31
70 76
30 77
51 99
49 19
71 38
31 81
52 49
50 26
72 68
32 39
53 19
51 30
73 82
33 18
54 30
52 17
74 95
34 94
55 32
53 13
75 81
35 55
56 77
54 53
76 23
36 88
57 35
55 59
77 29
37 39
58 10
56 31
78 96
38 49
59 40
57 90
79 52
39 36
60 74
58 38
80 39
40 30
59 11
81 63
41 90
62 71
82 57
42 40
63 41
61 59
83 82
43 35
64 79
62 80
84 96
44 72
65 69
63 62
85 99
45 50
66 23
64 74
86 18
46 23
67 20
65 36
87 84
47 51
68 89
66 51
88 35
48 89
69 97
67 59
89 76
49 44
70 68
68 75
90 31
50 39
71 24
69 82
91 76
51 33
72 85
70 22
92 73
52 50
73 100
71 57
93 91
53 73
74 77
72 42
94 100
54 68
75 82
73 28
95 10
55 73
76 98
74 67
96 50
56 14
77 40
75 18
97 13
57 83
78 82
76 80
98 69
58 23
79 12
77 79
99 74
59 29
80 90
78 34
100 54
60 22
79 52
61 77
82 68
62 51
83 99
81 31
63 71
84 16
82 32
64 37
85 72
83 11
65 59
86 20
84 40
66 67
87 56
85 45
67 33
88 70
86 76
68 41
89 51
87 89
69 98
90 37
88 31
70 24
91 25
89 65
71 19
92 70
90 40
72 56
93 60
91 20
73 45
94 29
92 90
74 40
95 48
93 32
75 65
96 12
94 90
76 93
97 27
95 58
77 80
98 67
96 57
78 41
99 72
97 40
79 25
100 91
98 98
80 63
99 73
32
19
2 12 32 
3 62 94 3 
2 44 17 
1 27 
1 16 
1 40 
1 61 
1 97 
2 15 79 
1 55 
2 93 56 
1 86 
2 95 83 
1 57 
2 22 5 
3 49 11 30 
1 90 
5 24 1 7 89 10 
3 28 48 19 
