100 350 10 100 15
2
3
3
3
3
3
3
3
3
3
3
3
3
3
3
3
3
3
3
2
3
4
4
4
4
4
4
4
4
4
4
4
4
4
4
4
4
4
4
3
3
4
4
4
4
4
4
4
4
4
4
4
4
4
4
4
4
4
4
3
3
4
4
4
4
4
4
4
4
4
4
4
4
4
4
4
4
4
4
3
2
3
3
3
3
3
3
3
3
3
3
3
3
3
3
3
3
3
3
2
21 31
2 29
22 87
3 88
1 73
23 37
4 78
2 20
24 67
5 47
3 27
25 61
6 94
4 33
26 88
7 62
5 68
27 39
8 20
6 69
28 36
9 98
7 16
29 78
10 62
8 82
30 62
11 32
9 29
31 51
12 77
10 90
32 76
13 14
11 22
33 98
14 35
12 56
34 17
15 44
13 86
35 27
16 58
14 59
36 54
17 50
15 19
37 54
18 61
16 25
38 94
19 83
17 80
39 75
20 98
18 78
40 42
19 67
41 58
1 63
22 63
42 25
2 63
23 70
21 38
43 59
3 40
24 82
22 13
44 54
4 72
25 66
23 11
45 65
5 63
26 85
24 95
46 13
6 63
27 99
25 71
47 40
7 15
28 44
26 66
48 49
8 22
29 17
27 29
49 19
9 93
30 13
28 46
50 84
10 30
31 86
29 57
51 18
11 53
32 41
30 92
52 87
12 54
33 23
31 17
53 82
13 99
34 23
32 85
54 48
14 70
35 74
33 90
55 75
15 45
36 47
34 63
56 25
16 40
37 26
35 14
57 33
17 37
38 66
36 72
58 13
18 50
39 31
37 91
59 15
19 44
40 17
38 11
60 51
20 27
39 88
61 15
21 40
42 72
62 43
22 83
43 71
41 66
63 18
23 36
44 98
42 75
64 90
24 64
45 25
43 78
65 34
25 100
46 53
44 69
66 31
26 33
47 70
45 33
67 33
27 51
48 40
46 29
68 95
28 96
49 30
47 29
69 73
29 59
50 92
48 17
70 57
30 48
51 87
49 56
71 56
31 80
52 59
50 33
72 76
32 30
53 30
51 40
73 24
33 25
54 51
52 26
74 46
34 24
55 31
53 79
75 92
35 69
56 70
54 30
76 35
36 15
57 70
55 59
77 57
37 78
58 34
56 10
78 60
38 12
59 68
57 45
79 89
39 82
60 85
58 16
80 48
40 55
59 80
81 32
41 32
62 37
82 68
42 51
63 31
61 68
83 54
43 36
64 79
62 36
84 96
44 28
65 11
63 70
85 63
45 52
66 21
64 81
86 46
46 16
67 93
65 45
87 68
47 62
68 38
66 54
88 40
48 21
69 72
67 88
89 60
49 63
70 49
68 54
90 65
50 17
71 20
69 31
91 93
51 24
72 21
70 43
92 96
52 68
73 55
71 83
93 61
53 99
74 67
72 39
94 13
54 28
75 70
73 35
95 47
55 22
76 17
74 95
96 77
56 80
77 51
75 15
97 49
57 44
78 82
76 93
98 65
58 97
79 33
77 84
99 53
59 99
80 67
78 87
100 31
60 38
79 77
61 15
82 78
62 40
83 77
81 85
63 78
84 26
82 86
64 25
85 40
83 51
65 57
86 44
84 75
66 77
87 81
85 14
67 14
88 52
86 38
68 68
89 53
87 61
69 88
90 71
88 32
70 22
91 33
89 77
71 56
92 11
90 21
72 44
93 15
91 99
73 71
94 50
92 39
74 81
95 95
93 37
75 86
96 62
94 73
76 26
97 57
95 43
77 71
98 16
96 100
78 76
99 95
97 84
79 63
100 23
98 65
80 43
99 71
69
38
4 13 1 60 69 
1 26 
2 93 7 
1 31 
3 28 87 86 
1 78 
3 94 46 37 
4 100 6 23 63 
2 16 58 
1 64 
4 11 5 75 45 
2 41 34 
1 66 
2 20 98 
4 82 59 92 38 
