100 350 10 100 15
2
3
3
3
3
3
3
3
3
3
3
3
3
3
3
3
3
3
3
2
3
4
4
4
4
4
4
4
4
4
4
4
4
4
4
4
4
4
4
3
3
4
4
4
4
4
4
4
4
4
4
4
4
4
4
4
4
4
4
3
3
4
4
4
4
4
4
4
4
4
4
4
4
4
4
4
4
4
4
3
2
3
3
3
3
3
3
3
3
3
3
3
3
3
3
3
3
3
3
2
21 77
2 29
22 86
3 47
1 18
23 86
4 19
2 15
24 40
5 79
3 57
25 27
6 24
4 54
26 78
7 24
5 94
27 80
8 13
6 53
28 55
9 19
7 88
29 95
10 17
8 33
30 97
11 84
9 95
31 34
12 21
10 59
32 39
13 49
11 19
33 60
14 70
12 96
34 15
15 24
13 46
35 30
16 98
14 69
36 53
17 63
15 60
37 34
18 44
16 54
38 97
19 13
17 20
39 41
20 85
18 33
40 43
19 24
41 30
1 90
22 92
42 21
2 98
23 11
21 58
43 81
3 24
24 55
22 68
44 96
4 58
25 84
23 68
45 61
5 76
26 75
24 45
46 27
6 10
27 50
25 74
47 98
7 69
28 60
26 41
48 69
8 10
29 79
27 54
49 22
9 92
30 52
28 81
50 78
10 77
31 83
29 73
51 16
11 82
32 58
30 54
52 81
12 95
33 54
31 97
53 66
13 94
34 17
32 25
54 58
14 95
35 26
33 75
55 58
15 75
36 18
34 37
56 43
16 97
37 10
35 89
57 96
17 11
38 19
36 20
58 37
18 40
39 58
37 50
59 62
19 56
40 58
38 13
60 65
20 20
39 65
61 77
21 26
42 78
62 75
22 95
43 12
41 89
63 89
23 70
44 10
42 79
64 73
24 99
45 66
43 43
65 54
25 99
46 18
44 60
66 50
26 88
47 91
45 30
67 59
27 30
48 42
46 85
68 45
28 60
49 15
47 20
69 93
29 24
50 66
48 43
70 54
30 87
51 24
49 59
71 57
31 77
52 21
50 69
72 24
32 80
53 82
51 90
73 99
33 60
54 69
52 68
74 75
34 40
55 26
53 44
75 59
35 44
56 35
54 99
76 92
36 15
57 63
55 59
77 18
37 91
58 60
56 87
78 62
38 100
59 28
57 95
79 94
39 39
60 48
58 90
80 94
40 91
59 64
81 60
41 17
62 49
82 33
42 12
63 68
61 25
83 96
43 42
64 77
62 86
84 95
44 79
65 85
63 19
85 64
45 64
66 12
64 25
86 94
46 71
67 99
65 90
87 80
47 25
68 53
66 68
88 64
48 50
69 42
67 52
89 71
49 69
70 45
68 44
90 53
50 91
71 87
69 47
91 88
51 67
72 67
70 57
92 27
52 68
73 10
71 31
93 92
53 49
74 17
72 24
94 34
54 99
75 11
73 72
95 52
55 39
76 66
74 55
96 31
56 48
77 13
75 89
97 50
57 28
78 86
76 65
98 44
58 12
79 49
77 13
99 42
59 85
80 45
78 78
100 99
60 28
79 19
61 68
82 41
62 78
83 62
81 86
63 23
84 78
82 84
64 56
85 62
83 70
65 47
86 73
84 65
66 32
87 24
85 44
67 100
88 52
86 28
68 23
89 59
87 10
69 34
90 56
88 34
70 15
91 70
89 44
71 60
92 82
90 22
72 77
93 61
91 37
73 18
94 63
92 58
74 14
95 58
93 62
75 96
96 41
94 79
76 56
97 29
95 58
77 25
98 33
96 45
78 70
99 23
97 36
79 72
100 45
98 82
80 32
99 59
54
32
1 54 
2 86 47 
6 69 66 26 72 67 61 
1 57 
3 28 81 29 
2 84 82 
2 25 33 
3 20 48 93 
1 62 
1 14 
3 41 73 5 
3 60 3 87 
1 76 
3 58 12 10 
3 89 24 32 
