100 350 10 100 19
2
3
3
3
3
3
3
3
3
3
3
3
3
3
3
3
3
3
3
2
3
4
4
4
4
4
4
4
4
4
4
4
4
4
4
4
4
4
4
3
3
4
4
4
4
4
4
4
4
4
4
4
4
4
4
4
4
4
4
3
3
4
4
4
4
4
4
4
4
4
4
4
4
4
4
4
4
4
4
3
2
3
3
3
3
3
3
3
3
3
3
3
3
3
3
3
3
3
3
2
21 98
2 29
22 34
3 19
1 54
23 60
4 27
2 36
24 55
5 54
3 84
25 91
6 84
4 21
26 26
7 51
5 79
27 79
8 72
6 56
28 77
9 39
7 63
29 46
10 19
8 19
30 21
11 20
9 60
31 85
12 20
10 84
32 17
13 97
11 42
33 30
14 56
12 51
34 38
15 48
13 12
35 85
16 86
14 38
36 52
17 55
15 96
37 89
18 20
16 74
38 39
19 27
17 88
39 18
20 83
18 27
40 22
19 93
41 67
1 87
22 27
42 19
2 60
23 58
21 45
43 42
3 71
24 63
22 34
44 98
4 57
25 36
23 24
45 56
5 89
26 66
24 22
46 85
6 53
27 99
25 64
47 92
7 14
28 20
26 84
48 55
8 88
29 59
27 31
49 16
9 60
30 87
28 55
50 60
10 50
31 32
29 87
51 20
11 13
32 42
30 46
52 90
12 64
33 97
31 78
53 86
13 52
34 88
32 12
54 51
14 78
35 21
33 93
55 78
15 31
36 20
34 39
56 43
16 49
37 90
35 14
57 48
17 25
38 69
36 95
58 69
18 97
39 48
37 82
59 52
19 45
40 45
38 30
60 11
20 58
39 37
61 97
21 55
42 18
62 57
22 94
43 26
41 85
63 60
23 84
44 46
42 65
64 16
24 30
45 89
43 34
65 88
25 68
46 72
44 95
66 80
26 65
47 15
45 97
67 73
27 96
48 38
46 22
68 71
28 33
49 53
47 38
69 73
29 37
50 42
48 61
70 97
30 59
51 88
49 18
71 97
31 83
52 71
50 54
72 28
32 31
53 16
51 43
73 49
33 60
54 19
52 51
74 14
34 19
55 89
53 41
75 58
35 51
56 48
54 16
76 93
36 57
57 98
55 73
77 99
37 42
58 81
56 51
78 13
38 76
59 71
57 39
79 88
39 27
60 31
58 100
80 29
40 65
59 98
81 83
41 95
62 82
82 11
42 36
63 33
61 73
83 100
43 82
64 28
62 69
84 31
44 72
65 11
63 46
85 95
45 90
66 33
64 88
86 26
46 61
67 19
65 66
87 24
47 86
68 62
66 75
88 35
48 28
69 69
67 48
89 30
49 20
70 52
68 52
90 46
50 88
71 76
69 93
91 38
51 18
72 19
70 41
92 31
52 97
73 54
71 88
93 55
53 51
74 53
72 84
94 39
54 21
75 67
73 54
95 71
55 19
76 60
74 99
96 37
56 92
77 75
75 62
97 14
57 32
78 13
76 91
98 39
58 36
79 42
77 70
99 78
59 11
80 14
78 41
100 44
60 54
79 12
61 28
82 37
62 28
83 82
81 66
63 72
84 79
82 58
64 35
85 72
83 20
65 44
86 35
84 14
66 31
87 92
85 11
67 96
88 74
86 33
68 92
89 31
87 31
69 76
90 43
88 54
70 18
91 12
89 81
71 82
92 16
90 19
72 14
93 26
91 21
73 76
94 62
92 46
74 30
95 46
93 32
75 10
96 97
94 76
76 95
97 20
95 34
77 76
98 77
96 100
78 37
99 86
97 36
79 97
100 23
98 64
80 66
99 60
79
6
2 24 79 
2 49 62 
2 99 66 
1 69 
2 56 36 
4 11 96 92 64 
2 97 52 
1 60 
1 10 
1 98 
2 65 38 
1 7 
2 37 61 
1 57 
2 21 19 
2 81 39 
1 78 
3 76 77 88 
3 28 15 6 
