100 350 10 100 18
2
3
3
3
3
3
3
3
3
3
3
3
3
3
3
3
3
3
3
2
3
4
4
4
4
4
4
4
4
4
4
4
4
4
4
4
4
4
4
3
3
4
4
4
4
4
4
4
4
4
4
4
4
4
4
4
4
4
4
3
3
4
4
4
4
4
4
4
4
4
4
4
4
4
4
4
4
4
4
3
2
3
3
3
3
3
3
3
3
3
3
3
3
3
3
3
3
3
3
2
21 92
2 29
22 31
3 89
1 38
23 38
4 92
2 37
24 67
5 54
3 29
25 60
6 17
4 48
26 66
7 87
5 38
27 87
8 14
6 42
28 45
9 81
7 69
29 75
10 15
8 17
30 40
11 57
9 91
31 83
12 66
10 22
32 72
13 92
11 99
33 40
14 63
12 43
34 33
15 64
13 31
35 80
16 53
14 76
36 24
17 21
15 42
37 54
18 83
16 93
38 72
19 67
17 85
39 41
20 13
18 36
40 25
19 66
41 12
1 86
22 96
42 88
2 15
23 58
21 40
43 17
3 45
24 25
22 78
44 69
4 77
25 92
23 21
45 70
5 80
26 94
24 96
46 91
6 82
27 83
25 46
47 24
7 94
28 97
26 76
48 51
8 34
29 40
27 66
49 23
9 84
30 38
28 22
50 97
10 33
31 90
29 73
51 16
11 58
32 16
30 19
52 23
12 61
33 15
31 64
53 74
13 67
34 99
32 23
54 49
14 73
35 33
33 83
55 37
15 65
36 55
34 40
56 20
16 83
37 39
35 40
57 45
17 66
38 18
36 70
58 75
18 46
39 89
37 22
59 36
19 48
40 42
38 60
60 21
20 65
39 84
61 12
21 86
42 19
62 45
22 19
43 51
41 61
63 75
23 75
44 13
42 23
64 13
24 38
45 57
43 66
65 96
25 91
46 90
44 48
66 35
26 30
47 53
45 50
67 45
27 45
48 42
46 53
68 94
28 35
49 70
47 81
69 19
29 32
50 57
48 57
70 89
30 24
51 65
49 52
71 59
31 77
52 69
50 62
72 30
32 47
53 26
51 86
73 62
33 14
54 49
52 23
74 46
34 33
55 51
53 62
75 43
35 42
56 42
54 93
76 76
36 17
57 79
55 19
77 16
37 46
58 42
56 69
78 31
38 29
59 53
57 96
79 61
39 14
60 18
58 45
80 76
40 60
59 33
81 99
41 46
62 71
82 94
42 47
63 72
61 21
83 98
43 69
64 51
62 61
84 17
44 15
65 35
63 38
85 72
45 92
66 10
64 58
86 14
46 65
67 84
65 46
87 41
47 34
68 87
66 45
88 81
48 57
69 35
67 12
89 84
49 34
70 16
68 53
90 43
50 85
71 96
69 55
91 37
51 72
72 38
70 49
92 85
52 18
73 10
71 92
93 14
53 84
74 61
72 35
94 63
54 26
75 53
73 66
95 32
55 60
76 35
74 80
96 28
56 92
77 22
75 99
97 43
57 47
78 99
76 23
98 15
58 49
79 94
77 69
99 63
59 93
80 65
78 84
100 14
60 55
79 40
61 54
82 63
62 30
83 69
81 68
63 94
84 99
82 13
64 58
85 87
83 79
65 33
86 29
84 81
66 92
87 84
85 57
67 18
88 37
86 99
68 98
89 100
87 64
69 77
90 85
88 48
70 53
91 89
89 93
71 40
92 31
90 84
72 15
93 22
91 40
73 80
94 16
92 41
74 62
95 85
93 79
75 48
96 32
94 12
76 51
97 42
95 84
77 82
98 42
96 82
78 100
99 16
97 100
79 14
100 91
98 41
80 54
99 44
57
90
1 57 
3 40 14 10 
2 20 51 
3 78 56 46 
1 32 
1 87 
3 99 31 59 
2 97 6 
3 43 47 60 
1 25 
2 12 71 
3 13 98 73 
1 4 
2 76 62 
2 58 85 
3 19 16 84 
1 74 
1 90 
