100 350 10 100 18
2
3
3
3
3
3
3
3
3
3
3
3
3
3
3
3
3
3
3
2
3
4
4
4
4
4
4
4
4
4
4
4
4
4
4
4
4
4
4
3
3
4
4
4
4
4
4
4
4
4
4
4
4
4
4
4
4
4
4
3
3
4
4
4
4
4
4
4
4
4
4
4
4
4
4
4
4
4
4
3
2
3
3
3
3
3
3
3
3
3
3
3
3
3
3
3
3
3
3
2
21 27
2 29
22 52
3 15
1 49
23 56
4 95
2 66
24 90
5 19
3 16
25 44
6 44
4 73
26 70
7 45
5 36
27 88
8 13
6 42
28 95
9 92
7 38
29 19
10 77
8 89
30 37
11 14
9 54
31 29
12 80
10 36
32 61
13 33
11 88
33 34
14 77
12 11
34 92
15 72
13 83
35 91
16 56
14 17
36 44
17 29
15 41
37 25
18 11
16 65
38 66
19 37
17 53
39 78
20 78
18 61
40 59
19 88
41 73
1 83
22 34
42 78
2 11
23 60
21 52
43 79
3 99
24 83
22 47
44 32
4 52
25 17
23 22
45 99
5 35
26 61
24 60
46 80
6 88
27 83
25 57
47 24
7 48
28 99
26 40
48 62
8 60
29 68
27 47
49 16
9 49
30 98
28 37
50 56
10 22
31 41
29 56
51 20
11 12
32 17
30 30
52 73
12 78
33 75
31 33
53 36
13 77
34 76
32 100
54 100
14 19
35 30
33 43
55 19
15 17
36 100
34 43
56 73
16 31
37 37
35 39
57 70
17 68
38 69
36 41
58 59
18 14
39 28
37 75
59 79
19 95
40 23
38 93
60 43
20 27
39 63
61 40
21 44
42 60
62 46
22 84
43 18
41 48
63 11
23 92
44 80
42 50
64 87
24 69
45 77
43 34
65 53
25 57
46 77
44 49
66 30
26 17
47 25
45 94
67 25
27 55
48 38
46 40
68 75
28 61
49 66
47 28
69 65
29 16
50 59
48 20
70 24
30 66
51 21
49 100
71 40
31 83
52 44
50 75
72 37
32 47
53 93
51 67
73 61
33 29
54 83
52 22
74 37
34 70
55 62
53 65
75 97
35 79
56 28
54 69
76 41
36 91
57 60
55 21
77 67
37 73
58 55
56 27
78 63
38 73
59 13
57 40
79 14
39 54
60 82
58 10
80 66
40 55
59 86
81 73
41 43
62 82
82 62
42 23
63 99
61 97
83 42
43 57
64 54
62 96
84 18
44 48
65 36
63 42
85 15
45 67
66 31
64 71
86 71
46 53
67 91
65 37
87 32
47 98
68 16
66 14
88 28
48 68
69 28
67 55
89 77
49 94
70 43
68 94
90 33
50 51
71 57
69 74
91 31
51 85
72 11
70 91
92 18
52 91
73 54
71 79
93 73
53 68
74 80
72 67
94 18
54 14
75 92
73 76
95 75
55 78
76 19
74 40
96 94
56 90
77 87
75 45
97 95
57 26
78 92
76 67
98 60
58 55
79 40
77 23
99 16
59 51
80 40
78 49
100 83
60 59
79 40
61 100
82 36
62 55
83 31
81 12
63 15
84 77
82 55
64 99
85 75
83 92
65 54
86 37
84 66
66 81
87 82
85 28
67 48
88 54
86 67
68 71
89 85
87 12
69 12
90 81
88 42
70 69
91 99
89 56
71 86
92 40
90 11
72 52
93 65
91 84
73 67
94 60
92 53
74 64
95 22
93 25
75 98
96 24
94 17
76 57
97 68
95 68
77 91
98 58
96 58
78 77
99 46
97 62
79 49
100 23
98 40
80 95
99 70
50
85
3 12 94 50 
3 21 64 46 
2 67 56 
1 89 
2 60 72 
1 37 
1 87 
1 79 
2 4 71 
2 88 9 
2 91 57 
1 19 
4 63 39 47 99 
3 86 55 93 
4 75 22 76 29 
1 13 
1 70 
1 85 
