100 350 10 100 16
2
3
3
3
3
3
3
3
3
3
3
3
3
3
3
3
3
3
3
2
3
4
4
4
4
4
4
4
4
4
4
4
4
4
4
4
4
4
4
3
3
4
4
4
4
4
4
4
4
4
4
4
4
4
4
4
4
4
4
3
3
4
4
4
4
4
4
4
4
4
4
4
4
4
4
4
4
4
4
3
2
3
3
3
3
3
3
3
3
3
3
3
3
3
3
3
3
3
3
2
21 45
2 29
22 13
3 53
1 71
23 93
4 55
2 61
24 78
5 40
3 23
25 52
6 37
4 68
26 11
7 79
5 22
27 66
8 10
6 74
28 74
9 77
7 35
29 45
10 22
8 66
30 28
11 48
9 13
31 27
12 22
10 41
32 65
13 55
11 41
33 99
14 84
12 20
34 70
15 33
13 75
35 21
16 97
14 56
36 19
17 56
15 98
37 85
18 58
16 68
38 57
19 89
17 71
39 42
20 48
18 28
40 79
19 31
41 65
1 96
22 82
42 69
2 81
23 99
21 93
43 27
3 74
24 25
22 49
44 58
4 21
25 68
23 72
45 42
5 66
26 36
24 33
46 79
6 49
27 74
25 39
47 62
7 19
28 78
26 62
48 12
8 53
29 66
27 30
49 21
9 17
30 80
28 17
50 38
10 74
31 68
29 72
51 17
11 38
32 50
30 33
52 15
12 73
33 41
31 72
53 51
13 57
34 34
32 30
54 75
14 47
35 11
33 59
55 100
15 96
36 36
34 30
56 89
16 33
37 44
35 97
57 17
17 82
38 19
36 100
58 52
18 28
39 88
37 15
59 22
19 73
40 91
38 10
60 63
20 20
39 26
61 24
21 88
42 13
62 46
22 65
43 24
41 52
63 25
23 58
44 95
42 10
64 11
24 40
45 83
43 89
65 60
25 24
46 56
44 84
66 80
26 23
47 76
45 81
67 87
27 92
48 41
46 58
68 39
28 18
49 88
47 80
69 60
29 10
50 86
48 13
70 73
30 32
51 33
49 74
71 51
31 78
52 16
50 83
72 10
32 55
53 12
51 99
73 81
33 61
54 19
52 66
74 42
34 56
55 67
53 100
75 92
35 47
56 21
54 21
76 34
36 10
57 29
55 46
77 21
37 89
58 98
56 32
78 32
38 59
59 70
57 94
79 69
39 90
60 16
58 88
80 39
40 60
59 36
81 74
41 51
62 94
82 91
42 33
63 60
61 35
83 92
43 79
64 39
62 46
84 69
44 25
65 93
63 70
85 48
45 99
66 15
64 52
86 73
46 83
67 37
65 88
87 68
47 97
68 77
66 24
88 29
48 35
69 58
67 41
89 47
49 49
70 13
68 27
90 72
50 11
71 69
69 31
91 97
51 57
72 33
70 73
92 92
52 76
73 10
71 90
93 66
53 69
74 21
72 94
94 65
54 64
75 18
73 86
95 92
55 88
76 36
74 98
96 36
56 52
77 86
75 68
97 66
57 83
78 58
76 56
98 12
58 28
79 52
77 84
99 90
59 69
80 97
78 66
100 86
60 66
79 67
61 96
82 87
62 83
83 46
81 31
63 63
84 34
82 43
64 50
85 13
83 53
65 77
86 71
84 32
66 94
87 85
85 18
67 81
88 83
86 67
68 54
89 70
87 85
69 40
90 90
88 98
70 30
91 31
89 37
71 100
92 91
90 79
72 19
93 48
91 33
73 78
94 66
92 93
74 99
95 94
93 27
75 100
96 59
94 30
76 67
97 93
95 97
77 93
98 17
96 61
78 10
99 37
97 89
79 98
100 45
98 74
80 80
99 89
48
14
2 53 48 
4 34 35 24 20 
1 76 
2 82 77 
5 71 62 40 42 27 
3 31 80 68 
1 84 
1 64 
4 63 5 97 65 
2 19 98 
1 75 
2 39 13 
2 36 21 
1 8 
1 4 
3 74 60 14 
