100 350 10 100 19
2
3
3
3
3
3
3
3
3
3
3
3
3
3
3
3
3
3
3
2
3
4
4
4
4
4
4
4
4
4
4
4
4
4
4
4
4
4
4
3
3
4
4
4
4
4
4
4
4
4
4
4
4
4
4
4
4
4
4
3
3
4
4
4
4
4
4
4
4
4
4
4
4
4
4
4
4
4
4
3
2
3
3
3
3
3
3
3
3
3
3
3
3
3
3
3
3
3
3
2
21 89
2 29
22 87
3 17
1 14
23 57
4 18
2 84
24 89
5 26
3 18
25 43
6 58
4 88
26 48
7 70
5 97
27 45
8 97
6 15
28 13
9 74
7 91
29 16
10 30
8 23
30 15
11 39
9 25
31 61
12 69
10 59
32 57
13 19
11 74
33 67
14 14
12 88
34 17
15 93
13 28
35 53
16 51
14 35
36 14
17 91
15 64
37 25
18 33
16 42
38 43
19 21
17 58
39 44
20 83
18 20
40 42
19 87
41 28
1 15
22 67
42 50
2 55
23 48
21 54
43 36
3 12
24 26
22 21
44 47
4 57
25 43
23 32
45 13
5 52
26 70
24 62
46 67
6 16
27 66
25 32
47 100
7 36
28 60
26 49
48 64
8 72
29 91
27 84
49 20
9 41
30 32
28 12
50 70
10 24
31 46
29 72
51 18
11 18
32 83
30 48
52 99
12 86
33 67
31 81
53 28
13 46
34 61
32 38
54 10
14 22
35 80
33 36
55 72
15 37
36 17
34 20
56 67
16 74
37 50
35 64
57 81
17 98
38 21
36 39
58 29
18 10
39 86
37 98
59 100
19 98
40 49
38 51
60 14
20 65
39 59
61 37
21 90
42 99
62 48
22 20
43 89
41 43
63 67
23 41
44 86
42 89
64 10
24 43
45 18
43 21
65 24
25 48
46 22
44 28
66 34
26 15
47 99
45 20
67 37
27 48
48 40
46 63
68 75
28 91
49 15
47 80
69 11
29 80
50 24
48 60
70 56
30 41
51 91
49 96
71 43
31 80
52 54
50 13
72 82
32 63
53 89
51 21
73 100
33 17
54 80
52 19
74 37
34 78
55 82
53 48
75 49
35 52
56 91
54 40
76 82
36 93
57 69
55 72
77 26
37 41
58 63
56 86
78 34
38 90
59 88
57 91
79 77
39 76
60 15
58 40
80 93
40 60
59 39
81 49
41 56
62 25
82 89
42 19
63 49
61 49
83 86
43 89
64 27
62 30
84 30
44 35
65 61
63 11
85 24
45 15
66 20
64 47
86 40
46 11
67 81
65 38
87 96
47 70
68 66
66 95
88 69
48 13
69 81
67 70
89 10
49 64
70 10
68 92
90 11
50 28
71 42
69 98
91 66
51 43
72 28
70 97
92 99
52 42
73 100
71 89
93 26
53 53
74 73
72 63
94 68
54 12
75 75
73 15
95 61
55 25
76 37
74 25
96 45
56 11
77 58
75 38
97 88
57 29
78 18
76 89
98 10
58 98
79 10
77 100
99 26
59 45
80 38
78 47
100 67
60 76
79 95
61 48
82 21
62 46
83 23
81 85
63 31
84 60
82 73
64 42
85 30
83 28
65 30
86 22
84 73
66 96
87 85
85 70
67 52
88 39
86 36
68 10
89 41
87 14
69 93
90 95
88 58
70 99
91 64
89 72
71 69
92 60
90 73
72 23
93 73
91 25
73 76
94 26
92 55
74 45
95 12
93 67
75 61
96 85
94 48
76 82
97 53
95 19
77 12
98 83
96 40
78 10
99 58
97 77
79 91
100 91
98 15
80 15
99 43
38
37
2 98 38 
2 93 29 
2 54 100 
2 95 5 
1 20 
1 51 
3 86 3 8 
1 25 
3 28 22 75 
2 17 72 
3 97 96 84 
2 2 58 
1 40 
3 18 34 59 
2 16 24 
1 92 
1 85 
1 21 
2 47 37 
