100 350 10 100 15
2
3
3
3
3
3
3
3
3
3
3
3
3
3
3
3
3
3
3
2
3
4
4
4
4
4
4
4
4
4
4
4
4
4
4
4
4
4
4
3
3
4
4
4
4
4
4
4
4
4
4
4
4
4
4
4
4
4
4
3
3
4
4
4
4
4
4
4
4
4
4
4
4
4
4
4
4
4
4
3
2
3
3
3
3
3
3
3
3
3
3
3
3
3
3
3
3
3
3
2
21 70
2 29
22 15
3 84
1 61
23 34
4 52
2 17
24 86
5 24
3 36
25 84
6 15
4 43
26 42
7 80
5 30
27 87
8 88
6 89
28 81
9 96
7 41
29 68
10 47
8 46
30 46
11 49
9 55
31 82
12 27
10 42
32 10
13 86
11 60
33 22
14 63
12 95
34 74
15 80
13 40
35 67
16 94
14 77
36 34
17 21
15 14
37 67
18 35
16 43
38 40
19 13
17 58
39 48
20 44
18 91
40 77
19 66
41 61
1 38
22 33
42 36
2 86
23 82
21 85
43 29
3 50
24 58
22 45
44 52
4 18
25 76
23 90
45 36
5 19
26 27
24 66
46 69
6 61
27 16
25 47
47 67
7 43
28 77
26 79
48 95
8 86
29 90
27 90
49 16
9 96
30 40
28 62
50 23
10 59
31 86
29 71
51 20
11 92
32 100
30 21
52 52
12 54
33 66
31 39
53 65
13 51
34 32
32 55
54 71
14 83
35 29
33 72
55 38
15 18
36 33
34 88
56 46
16 79
37 32
35 47
57 79
17 74
38 23
36 48
58 37
18 58
39 53
37 19
59 98
19 66
40 71
38 85
60 51
20 20
39 14
61 36
21 34
42 55
62 82
22 97
43 87
41 53
63 74
23 91
44 64
42 30
64 67
24 18
45 79
43 46
65 92
25 13
46 65
44 21
66 47
26 57
47 92
45 60
67 42
27 37
48 38
46 15
68 97
28 80
49 87
47 18
69 77
29 30
50 91
48 48
70 78
30 31
51 75
49 55
71 24
31 83
52 82
50 61
72 36
32 22
53 27
51 53
73 82
33 67
54 41
52 59
74 57
34 41
55 88
53 16
75 70
35 64
56 42
54 85
76 13
36 76
57 42
55 73
77 37
37 81
58 13
56 30
78 68
38 39
59 100
57 86
79 35
39 73
60 41
58 78
80 38
40 90
59 76
81 52
41 38
62 48
82 22
42 47
63 23
61 82
83 72
43 83
64 28
62 24
84 31
44 28
65 44
63 54
85 59
45 92
66 31
64 96
86 54
46 54
67 93
65 75
87 99
47 97
68 10
66 78
88 40
48 51
69 45
67 77
89 14
49 39
70 33
68 31
90 80
50 67
71 71
69 42
91 55
51 100
72 46
70 62
92 54
52 24
73 99
71 23
93 25
53 77
74 42
72 81
94 43
54 72
75 55
73 61
95 18
55 59
76 70
74 36
96 64
56 68
77 86
75 58
97 51
57 84
78 14
76 13
98 35
58 19
79 63
77 75
99 57
59 80
80 83
78 94
100 22
60 70
79 37
61 57
82 48
62 18
83 60
81 30
63 79
84 89
82 21
64 23
85 40
83 60
65 42
86 59
84 49
66 40
87 26
85 71
67 77
88 56
86 85
68 28
89 33
87 94
69 66
90 76
88 55
70 17
91 20
89 93
71 28
92 49
90 91
72 93
93 72
91 99
73 11
94 83
92 86
74 71
95 93
93 37
75 31
96 56
94 59
76 28
97 51
95 18
77 67
98 26
96 52
78 72
99 17
97 81
79 44
100 46
98 31
80 46
99 58
16
25
4 49 15 32 16 
2 67 86 
1 57 
4 22 83 52 74 
3 47 75 6 
2 94 5 
2 55 34 
3 65 72 30 
2 11 91 
2 76 10 
1 35 
3 88 38 59 
2 7 46 
3 85 27 2 
1 25 
