100 350 10 100 17
2
3
3
3
3
3
3
3
3
3
3
3
3
3
3
3
3
3
3
2
3
4
4
4
4
4
4
4
4
4
4
4
4
4
4
4
4
4
4
3
3
4
4
4
4
4
4
4
4
4
4
4
4
4
4
4
4
4
4
3
3
4
4
4
4
4
4
4
4
4
4
4
4
4
4
4
4
4
4
3
2
3
3
3
3
3
3
3
3
3
3
3
3
3
3
3
3
3
3
2
21 55
2 29
22 49
3 65
1 93
23 13
4 38
2 94
24 80
5 41
3 60
25 31
6 13
4 44
26 60
7 74
5 56
27 90
8 60
6 82
28 85
9 66
7 60
29 19
10 14
8 54
30 12
11 43
9 89
31 17
12 44
10 95
32 43
13 22
11 94
33 76
14 14
12 62
34 87
15 39
13 69
35 60
16 30
14 80
36 55
17 45
15 32
37 19
18 11
16 67
38 59
19 48
17 72
39 40
20 22
18 38
40 62
19 42
41 49
1 39
22 99
42 31
2 65
23 81
21 31
43 76
3 10
24 100
22 83
44 10
4 86
25 97
23 88
45 75
5 37
26 12
24 77
46 33
6 72
27 99
25 77
47 79
7 15
28 69
26 47
48 43
8 46
29 66
27 27
49 23
9 35
30 31
28 38
50 16
10 11
31 49
29 27
51 16
11 92
32 41
30 47
52 85
12 44
33 41
31 48
53 78
13 54
34 49
32 67
54 45
14 62
35 37
33 87
55 72
15 60
36 73
34 87
56 99
16 31
37 53
35 15
57 19
17 49
38 64
36 50
58 48
18 94
39 13
37 100
59 69
19 43
40 79
38 83
60 90
20 88
39 49
61 25
21 25
42 35
62 29
22 72
43 25
41 48
63 68
23 78
44 60
42 85
64 74
24 98
45 53
43 31
65 72
25 41
46 35
44 42
66 74
26 92
47 34
45 61
67 84
27 98
48 42
46 37
68 27
28 68
49 97
47 20
69 73
29 81
50 52
48 65
70 16
30 38
51 86
49 94
71 15
31 76
52 47
50 13
72 33
32 30
53 44
51 38
73 89
33 82
54 84
52 91
74 77
34 29
55 64
53 25
75 35
35 86
56 91
54 44
76 68
36 64
57 42
55 45
77 15
37 24
58 78
56 60
78 16
38 39
59 65
57 51
79 90
39 46
60 48
58 23
80 67
40 45
59 63
81 73
41 60
62 83
82 34
42 65
63 28
61 64
83 99
43 82
64 38
62 94
84 69
44 74
65 11
63 94
85 31
45 15
66 100
64 74
86 65
46 62
67 77
65 24
87 21
47 38
68 13
66 33
88 44
48 15
69 76
67 38
89 90
49 16
70 47
68 57
90 83
50 37
71 55
69 59
91 58
51 29
72 24
70 45
92 69
52 39
73 56
71 78
93 66
53 56
74 82
72 85
94 78
54 35
75 73
73 17
95 23
55 25
76 65
74 92
96 27
56 69
77 27
75 58
97 84
57 56
78 60
76 94
98 91
58 68
79 25
77 97
99 29
59 97
80 29
78 42
100 17
60 23
79 51
61 92
82 29
62 52
83 73
81 13
63 84
84 65
82 24
64 14
85 99
83 83
65 71
86 52
84 44
66 31
87 69
85 18
67 23
88 29
86 43
68 45
89 74
87 90
69 99
90 99
88 100
70 26
91 54
89 72
71 30
92 97
90 24
72 75
93 94
91 87
73 65
94 38
92 32
74 41
95 54
93 42
75 70
96 28
94 70
76 48
97 94
95 51
77 65
98 46
96 10
78 24
99 12
97 42
79 30
100 22
98 66
80 19
99 82
59
70
1 59 
1 92 
2 5 46 
1 91 
3 84 16 32 
2 82 89 
1 19 
3 61 88 62 
2 100 7 
4 87 33 55 29 
1 51 
2 25 65 
2 54 68 
2 27 35 
4 28 67 44 64 
1 76 
3 6 86 70 
