100 350 10 100 16
2
3
3
3
3
3
3
3
3
3
3
3
3
3
3
3
3
3
3
2
3
4
4
4
4
4
4
4
4
4
4
4
4
4
4
4
4
4
4
3
3
4
4
4
4
4
4
4
4
4
4
4
4
4
4
4
4
4
4
3
3
4
4
4
4
4
4
4
4
4
4
4
4
4
4
4
4
4
4
3
2
3
3
3
3
3
3
3
3
3
3
3
3
3
3
3
3
3
3
2
21 55
2 29
22 70
3 41
1 42
23 82
4 70
2 85
24 59
5 49
3 64
25 51
6 22
4 50
26 54
7 16
5 85
27 80
8 87
6 100
28 91
9 35
7 60
29 88
10 49
8 62
30 12
11 76
9 59
31 33
12 73
10 78
32 68
13 44
11 71
33 42
14 70
12 57
34 56
15 39
13 55
35 17
16 48
14 70
36 63
17 63
15 33
37 47
18 87
16 95
38 65
19 51
17 84
39 48
20 26
18 88
40 95
19 24
41 79
1 41
22 28
42 60
2 77
23 35
21 12
43 92
3 29
24 89
22 36
44 79
4 91
25 68
23 47
45 27
5 14
26 99
24 15
46 96
6 80
27 74
25 75
47 49
7 19
28 41
26 45
48 21
8 62
29 38
27 78
49 16
9 13
30 54
28 30
50 94
10 12
31 78
29 71
51 20
11 25
32 50
30 56
52 19
12 88
33 14
31 72
53 57
13 78
34 41
32 57
54 79
14 14
35 22
33 64
55 59
15 29
36 87
34 85
56 70
16 92
37 94
35 96
57 39
17 19
38 24
36 88
58 91
18 52
39 23
37 47
59 33
19 74
40 87
38 38
60 95
20 65
39 86
61 10
21 65
42 23
62 22
22 82
43 48
41 80
63 88
23 85
44 61
42 86
64 36
24 80
45 87
43 23
65 49
25 21
46 84
44 33
66 62
26 25
47 39
45 40
67 56
27 23
48 38
46 47
68 49
28 14
49 32
47 48
69 61
29 23
50 10
48 33
70 43
30 94
51 34
49 63
71 21
31 83
52 34
50 68
72 29
32 55
53 83
51 57
73 28
33 22
54 61
52 13
74 85
34 48
55 63
53 90
75 86
35 65
56 34
54 91
76 29
36 73
57 25
55 21
77 38
37 34
58 32
56 48
78 98
38 19
59 75
57 85
79 68
39 99
60 71
58 32
80 56
40 30
59 17
81 13
41 100
62 25
82 51
42 12
63 19
61 87
83 70
43 56
64 54
62 49
84 18
44 92
65 94
63 34
85 51
45 64
66 33
64 63
86 43
46 60
67 17
65 28
87 48
47 88
68 68
66 11
88 23
48 44
69 52
67 26
89 93
49 74
70 62
68 23
90 90
50 72
71 62
69 34
91 14
51 95
72 75
70 70
92 87
52 73
73 99
71 53
93 12
53 42
74 90
72 70
94 14
54 55
75 13
73 68
95 38
55 38
76 100
74 12
96 67
56 24
77 76
75 48
97 58
57 66
78 91
76 54
98 64
58 72
79 19
77 19
99 36
59 73
80 63
78 88
100 15
60 43
79 16
61 71
82 25
62 66
83 53
81 48
63 99
84 67
82 92
64 20
85 15
83 52
65 56
86 13
84 32
66 72
87 57
85 58
67 68
88 72
86 14
68 43
89 84
87 40
69 23
90 47
88 41
70 70
91 91
89 44
71 49
92 99
90 29
72 64
93 20
91 97
73 41
94 39
92 13
74 23
95 66
93 20
75 78
96 65
94 34
76 33
97 38
95 83
77 10
98 18
96 15
78 42
99 24
97 17
79 11
100 92
98 73
80 24
99 73
13
66
3 74 36 13 
2 72 23 
1 65 
2 87 84 
4 55 78 69 4 
2 54 99 
1 8 
2 29 16 
1 93 
1 100 
2 19 64 
2 76 70 
4 33 46 45 18 
3 42 6 50 
2 24 44 
3 41 5 66 
