100 350 10 100 17
2
3
3
3
3
3
3
3
3
3
3
3
3
3
3
3
3
3
3
2
3
4
4
4
4
4
4
4
4
4
4
4
4
4
4
4
4
4
4
3
3
4
4
4
4
4
4
4
4
4
4
4
4
4
4
4
4
4
4
3
3
4
4
4
4
4
4
4
4
4
4
4
4
4
4
4
4
4
4
3
2
3
3
3
3
3
3
3
3
3
3
3
3
3
3
3
3
3
3
2
21 10
2 29
22 69
3 92
1 78
23 41
4 11
2 80
24 32
5 82
3 95
25 17
6 43
4 72
26 44
7 69
5 20
27 30
8 79
6 83
28 19
9 46
7 41
29 14
10 96
8 13
30 46
11 38
9 34
31 16
12 17
10 47
32 32
13 79
11 67
33 94
14 14
12 97
34 54
15 20
13 15
35 21
16 88
14 80
36 62
17 76
15 74
37 27
18 70
16 34
38 68
19 73
17 23
39 15
20 13
18 44
40 96
19 72
41 51
1 67
22 56
42 57
2 21
23 67
21 31
43 23
3 13
24 62
22 91
44 29
4 77
25 85
23 13
45 22
5 27
26 89
24 57
46 18
6 28
27 25
25 78
47 16
7 73
28 56
26 20
48 41
8 50
29 99
27 12
49 19
9 12
30 93
28 65
50 88
10 59
31 76
29 87
51 18
11 54
32 66
30 18
52 13
12 39
33 45
31 61
53 41
13 74
34 35
32 88
54 90
14 38
35 64
33 49
55 42
15 59
36 59
34 59
56 87
16 58
37 79
35 80
57 11
17 84
38 67
36 35
58 23
18 42
39 50
37 97
59 80
19 86
40 38
38 40
60 19
20 58
39 62
61 71
21 51
42 29
62 54
22 93
43 79
41 12
63 67
23 28
44 64
42 90
64 19
24 24
45 37
43 79
65 69
25 20
46 48
44 24
66 81
26 80
47 60
45 37
67 82
27 93
48 40
46 11
68 90
28 68
49 17
47 39
69 81
29 79
50 75
48 58
70 39
30 42
51 62
49 66
71 22
31 81
52 86
50 12
72 67
32 14
53 44
51 16
73 12
33 56
54 79
52 55
74 24
34 65
55 58
53 55
75 53
35 40
56 91
54 69
76 87
36 73
57 17
55 21
77 90
37 47
58 59
56 34
78 10
38 16
59 35
57 44
79 73
39 56
60 34
58 15
80 11
40 65
59 92
81 41
41 85
62 37
82 16
42 65
63 56
61 44
83 21
43 61
64 53
62 100
84 18
44 53
65 77
63 74
85 53
45 76
66 24
64 99
86 92
46 24
67 22
65 74
87 60
47 50
68 83
66 25
88 47
48 72
69 22
67 81
89 13
49 80
70 58
68 12
90 78
50 55
71 38
69 50
91 100
51 47
72 29
70 84
92 18
52 73
73 54
71 92
93 43
53 82
74 40
72 55
94 34
54 35
75 45
73 14
95 43
55 55
76 58
74 63
96 20
56 83
77 39
75 31
97 59
57 50
78 94
76 26
98 43
58 78
79 35
77 40
99 25
59 58
80 41
78 79
100 83
60 33
79 49
61 34
82 79
62 13
83 37
81 49
63 44
84 27
82 89
64 51
85 38
83 70
65 46
86 42
84 22
66 27
87 91
85 88
67 62
88 72
86 95
68 89
89 90
87 80
69 61
90 33
88 44
70 63
91 37
89 11
71 52
92 78
90 29
72 97
93 66
91 35
73 80
94 52
92 32
74 47
95 29
93 44
75 88
96 44
94 40
76 63
97 100
95 99
77 55
98 35
96 51
78 36
99 43
97 59
79 20
100 23
98 90
80 14
99 61
98
59
1 98 
2 76 41 
3 84 10 17 
1 9 
2 77 50 
1 2 
3 16 20 4 
2 60 46 
3 62 36 95 
4 40 52 94 54 
2 8 27 
2 34 23 
4 1 83 66 30 
2 86 67 
1 80 
1 33 
1 59 
