100 350 10 100 15
2
3
3
3
3
3
3
3
3
3
3
3
3
3
3
3
3
3
3
2
3
4
4
4
4
4
4
4
4
4
4
4
4
4
4
4
4
4
4
3
3
4
4
4
4
4
4
4
4
4
4
4
4
4
4
4
4
4
4
3
3
4
4
4
4
4
4
4
4
4
4
4
4
4
4
4
4
4
4
3
2
3
3
3
3
3
3
3
3
3
3
3
3
3
3
3
3
3
3
2
21 82
2 29
22 89
3 68
1 35
23 18
4 45
2 13
24 28
5 79
3 22
25 58
6 91
4 27
26 38
7 78
5 43
27 72
8 70
6 66
28 87
9 69
7 82
29 66
10 22
8 36
30 78
11 47
9 64
31 36
12 66
10 30
32 76
13 55
11 53
33 49
14 63
12 13
34 20
15 98
13 27
35 35
16 40
14 32
36 81
17 97
15 24
37 69
18 72
16 35
38 65
19 65
17 23
39 19
20 65
18 24
40 40
19 51
41 84
1 90
22 22
42 43
2 52
23 11
21 62
43 15
3 51
24 94
22 25
44 34
4 39
25 28
23 72
45 46
5 85
26 46
24 61
46 20
6 73
27 66
25 92
47 74
7 81
28 74
26 50
48 72
8 64
29 98
27 18
49 15
9 67
30 10
28 23
50 40
10 94
31 24
29 86
51 21
11 37
32 83
30 82
52 57
12 98
33 45
31 20
53 78
13 79
34 97
32 15
54 59
14 100
35 13
33 86
55 99
15 41
36 75
34 36
56 66
16 63
37 61
35 63
57 99
17 60
38 70
36 44
58 31
18 91
39 17
37 19
59 78
19 54
40 61
38 74
60 55
20 12
39 18
61 71
21 86
42 76
62 88
22 79
43 78
41 21
63 73
23 78
44 43
42 31
64 76
24 91
45 98
43 12
65 45
25 76
46 91
44 16
66 95
26 32
47 53
45 77
67 87
27 82
48 38
46 54
68 22
28 58
49 90
47 68
69 57
29 30
50 51
48 46
70 61
30 32
51 46
49 26
71 94
31 84
52 23
50 61
72 21
32 64
53 72
51 47
73 86
33 15
54 39
52 96
74 43
34 27
55 64
53 24
75 74
35 52
56 41
54 23
76 18
36 55
57 81
55 21
77 10
37 86
58 99
56 69
78 43
38 56
59 47
57 38
79 30
39 53
60 60
58 54
80 47
40 95
59 38
81 44
41 67
62 59
82 40
42 92
63 30
61 78
83 98
43 55
64 55
62 94
84 18
44 45
65 61
63 27
85 87
45 62
66 35
64 56
86 15
46 67
67 34
65 19
87 63
47 77
68 28
66 99
88 18
48 20
69 77
67 88
89 18
49 55
70 81
68 43
90 56
50 94
71 67
69 85
91 88
51 13
72 48
70 49
92 64
52 55
73 53
71 27
93 42
53 16
74 100
72 73
94 10
54 95
75 25
73 61
95 91
55 89
76 91
74 74
96 40
56 48
77 66
75 52
97 22
57 14
78 91
76 41
98 68
58 89
79 89
77 15
99 56
59 94
80 86
78 35
100 38
60 27
79 82
61 42
82 15
62 76
83 74
81 84
63 92
84 57
82 37
64 32
85 47
83 12
65 58
86 79
84 89
66 62
87 32
85 89
67 87
88 90
86 53
68 16
89 82
87 68
69 34
90 14
88 41
70 72
91 84
89 32
71 11
92 67
90 47
72 76
93 65
91 18
73 15
94 18
92 63
74 73
95 19
93 15
75 58
96 15
94 51
76 100
97 98
95 98
77 19
98 69
96 62
78 98
99 93
97 63
79 64
100 69
98 15
80 45
99 75
75
47
2 84 75 
2 16 99 
1 73 
5 51 3 21 27 78 
2 61 33 
2 64 57 
5 68 10 1 59 26 
3 31 4 48 
2 5 11 
1 89 
1 72 
3 32 100 19 
3 22 46 34 
1 7 
2 92 47 
