100 350 10 100 19
2
3
3
3
3
3
3
3
3
3
3
3
3
3
3
3
3
3
3
2
3
4
4
4
4
4
4
4
4
4
4
4
4
4
4
4
4
4
4
3
3
4
4
4
4
4
4
4
4
4
4
4
4
4
4
4
4
4
4
3
3
4
4
4
4
4
4
4
4
4
4
4
4
4
4
4
4
4
4
3
2
3
3
3
3
3
3
3
3
3
3
3
3
3
3
3
3
3
3
2
21 34
2 29
22 31
3 69
1 98
23 18
4 62
2 64
24 45
5 75
3 37
25 78
6 53
4 84
26 15
7 80
5 100
27 81
8 28
6 96
28 68
9 14
7 85
29 47
10 47
8 76
30 87
11 50
9 95
31 73
12 74
10 53
32 90
13 87
11 48
33 72
14 84
12 11
34 33
15 15
13 89
35 54
16 60
14 10
36 63
17 71
15 88
37 83
18 20
16 76
38 32
19 38
17 15
39 71
20 28
18 95
40 25
19 46
41 42
1 44
22 92
42 63
2 23
23 79
21 24
43 40
3 73
24 80
22 70
44 76
4 92
25 25
23 91
45 32
5 92
26 17
24 38
46 38
6 37
27 25
25 85
47 55
7 73
28 81
26 92
48 35
8 75
29 57
27 11
49 22
9 45
30 19
28 56
50 20
10 39
31 39
29 57
51 16
11 93
32 66
30 64
52 11
12 29
33 63
31 92
53 37
13 29
34 61
32 70
54 87
14 30
35 27
33 46
55 39
15 74
36 85
34 83
56 69
16 49
37 15
35 81
57 88
17 96
38 64
36 13
58 58
18 86
39 33
37 15
59 42
19 85
40 10
38 21
60 58
20 28
39 23
61 81
21 36
42 83
62 40
22 82
43 33
41 84
63 26
23 71
44 25
42 100
64 93
24 59
45 64
43 32
65 15
25 52
46 30
44 88
66 33
26 48
47 24
45 64
67 42
27 48
48 42
46 19
68 23
28 40
49 85
47 30
69 81
29 10
50 34
48 15
70 90
30 31
51 61
49 13
71 72
31 77
52 74
50 83
72 25
32 14
53 58
51 13
73 78
33 22
54 20
52 30
74 55
34 70
55 91
53 93
75 87
35 58
56 21
54 83
76 29
36 30
57 81
55 98
77 48
37 84
58 12
56 84
78 57
38 43
59 32
57 50
79 74
39 20
60 88
58 22
80 30
40 55
59 74
81 82
41 22
62 83
82 73
42 79
63 53
61 40
83 66
43 16
64 12
62 67
84 82
44 99
65 77
63 98
85 20
45 38
66 12
64 91
86 20
46 70
67 96
65 53
87 13
47 26
68 59
66 95
88 51
48 66
69 26
67 30
89 43
49 33
70 55
68 15
90 96
50 75
71 73
69 78
91 64
51 53
72 31
70 86
92 82
52 44
73 55
71 87
93 49
53 39
74 55
72 11
94 99
54 42
75 48
73 86
95 19
55 57
76 15
74 59
96 61
56 71
77 14
75 75
97 95
57 62
78 73
76 27
98 70
58 49
79 26
77 53
99 91
59 56
80 94
78 34
100 70
60 18
79 22
61 20
82 29
62 25
83 33
81 68
63 50
84 66
82 27
64 41
85 97
83 11
65 60
86 51
84 83
66 72
87 79
85 91
67 71
88 50
86 100
68 66
89 21
87 19
69 72
90 61
88 21
70 67
91 58
89 97
71 26
92 73
90 32
72 36
93 55
91 23
73 74
94 40
92 25
74 98
95 78
93 49
75 73
96 100
94 37
76 86
97 46
95 17
77 50
98 65
96 51
78 75
99 52
97 16
79 77
100 22
98 90
80 81
99 72
88
91
2 90 88 
2 4 7 
2 97 57 
1 71 
1 98 
3 72 73 15 
1 85 
1 43 
3 23 1 42 
2 27 18 
2 62 32 
4 35 34 12 50 
3 96 87 30 
1 2 
1 53 
1 100 
1 49 
2 31 38 
2 70 91 
