100 350 10 100 18
2
3
3
3
3
3
3
3
3
3
3
3
3
3
3
3
3
3
3
2
3
4
4
4
4
4
4
4
4
4
4
4
4
4
4
4
4
4
4
3
3
4
4
4
4
4
4
4
4
4
4
4
4
4
4
4
4
4
4
3
3
4
4
4
4
4
4
4
4
4
4
4
4
4
4
4
4
4
4
3
2
3
3
3
3
3
3
3
3
3
3
3
3
3
3
3
3
3
3
2
21 51
2 29
22 86
3 97
1 47
23 46
4 49
2 68
24 87
5 31
3 75
25 63
6 96
4 35
26 68
7 100
5 34
27 68
8 41
6 70
28 10
9 68
7 28
29 38
10 82
8 60
30 100
11 69
9 11
31 13
12 37
10 29
32 75
13 39
11 98
33 32
14 21
12 33
34 15
15 16
13 70
35 68
16 22
14 28
36 40
17 72
15 62
37 92
18 10
16 20
38 18
19 46
17 63
39 12
20 24
18 59
40 43
19 75
41 90
1 95
22 83
42 61
2 23
23 54
21 26
43 36
3 81
24 76
22 53
44 19
4 88
25 40
23 26
45 75
5 98
26 13
24 20
46 10
6 12
27 25
25 60
47 68
7 28
28 30
26 74
48 37
8 92
29 22
27 34
49 21
9 14
30 15
28 58
50 14
10 89
31 71
29 42
51 17
11 60
32 66
30 52
52 57
12 32
33 58
31 61
53 84
13 17
34 31
32 29
54 42
14 10
35 13
33 92
55 63
15 93
36 78
34 31
56 51
16 29
37 54
35 81
57 91
17 70
38 19
36 87
58 95
18 30
39 37
37 36
59 74
19 40
40 85
38 25
60 48
20 35
39 33
61 33
21 17
42 24
62 66
22 39
43 68
41 43
63 81
23 60
44 35
42 52
64 52
24 50
45 80
43 66
65 74
25 21
46 80
44 49
66 45
26 34
47 33
45 57
67 52
27 36
48 41
46 17
68 85
28 70
49 45
47 100
69 35
29 73
50 22
48 48
70 55
30 11
51 16
49 72
71 82
31 78
52 32
50 20
72 13
32 14
53 54
51 37
73 38
33 76
54 12
52 82
74 93
34 23
55 14
53 15
75 56
35 77
56 84
54 80
76 89
36 41
57 65
55 33
77 81
37 74
58 92
56 26
78 22
38 36
59 79
57 94
79 28
39 52
60 97
58 43
80 94
40 81
59 56
81 26
41 61
62 71
82 82
42 75
63 31
61 64
83 32
43 27
64 91
62 98
84 43
44 65
65 77
63 46
85 51
45 47
66 15
64 93
86 16
46 81
67 32
65 12
87 25
47 100
68 88
66 77
88 96
48 68
69 25
67 89
89 81
49 68
70 33
68 60
90 69
50 70
71 42
69 94
91 50
51 29
72 54
70 40
92 21
52 29
73 10
71 20
93 70
53 50
74 97
72 67
94 15
54 40
75 93
73 23
95 25
55 34
76 26
74 15
96 96
56 96
77 89
75 41
97 63
57 59
78 33
76 73
98 63
58 10
79 97
77 72
99 97
59 11
80 12
78 68
100 27
60 44
79 74
61 92
82 65
62 67
83 79
81 86
63 26
84 11
82 20
64 21
85 82
83 26
65 11
86 26
84 68
66 84
87 14
85 22
67 23
88 78
86 30
68 49
89 83
87 11
69 24
90 99
88 73
70 43
91 98
89 53
71 33
92 75
90 100
72 29
93 35
91 94
73 98
94 20
92 27
74 85
95 43
93 94
75 54
96 86
94 38
76 34
97 37
95 15
77 51
98 80
96 74
78 20
99 95
97 50
79 17
100 91
98 90
80 87
99 24
15
33
2 100 15 
2 24 42 
2 67 74 
3 30 17 6 
2 96 62 
2 48 38 
1 92 
2 72 70 
1 31 
1 1 
3 5 13 32 
1 46 
2 71 29 
3 54 25 94 
1 59 
2 83 34 
3 95 11 80 
2 41 33 
