100 350 10 100 17
2
3
3
3
3
3
3
3
3
3
3
3
3
3
3
3
3
3
3
2
3
4
4
4
4
4
4
4
4
4
4
4
4
4
4
4
4
4
4
3
3
4
4
4
4
4
4
4
4
4
4
4
4
4
4
4
4
4
4
3
3
4
4
4
4
4
4
4
4
4
4
4
4
4
4
4
4
4
4
3
2
3
3
3
3
3
3
3
3
3
3
3
3
3
3
3
3
3
3
2
21 44
2 29
22 85
3 67
1 50
23 16
4 50
2 79
24 62
5 58
3 49
25 100
6 78
4 19
26 37
7 31
5 32
27 86
8 90
6 89
28 31
9 86
7 72
29 33
10 76
8 65
30 50
11 92
9 92
31 45
12 13
10 28
32 21
13 54
11 71
33 28
14 49
12 37
34 14
15 73
13 79
35 57
16 91
14 45
36 13
17 13
15 14
37 97
18 16
16 72
38 46
19 43
17 89
39 10
20 70
18 66
40 44
19 44
41 91
1 41
22 96
42 47
2 90
23 80
21 73
43 58
3 87
24 90
22 76
44 89
4 44
25 61
23 90
45 99
5 64
26 60
24 12
46 81
6 55
27 17
25 35
47 67
7 90
28 75
26 24
48 84
8 61
29 62
27 19
49 23
9 40
30 70
28 47
50 64
10 70
31 44
29 88
51 16
11 47
32 99
30 10
52 93
12 36
33 97
31 70
53 12
13 42
34 55
32 69
54 21
14 46
35 32
33 21
55 56
15 67
36 79
34 85
56 84
16 40
37 34
35 48
57 53
17 72
38 64
36 77
58 53
18 90
39 23
37 57
59 56
19 19
40 90
38 52
60 29
20 58
39 36
61 98
21 76
42 14
62 80
22 31
43 29
41 66
63 47
23 74
44 88
42 93
64 84
24 78
45 59
43 77
65 43
25 47
46 78
44 20
66 53
26 70
47 29
45 17
67 63
27 27
48 42
46 28
68 25
28 54
49 91
47 70
69 31
29 46
50 89
48 85
70 53
30 80
51 28
49 99
71 44
31 77
52 15
50 48
72 29
32 22
53 51
51 71
73 84
33 52
54 98
52 61
74 66
34 95
55 77
53 14
75 16
35 27
56 56
54 18
76 49
36 93
57 62
55 72
77 77
37 54
58 90
56 72
78 36
38 87
59 48
57 51
79 82
39 33
60 68
58 22
80 49
40 96
59 23
81 78
41 41
62 37
82 54
42 72
63 86
61 97
83 37
43 95
64 25
62 80
84 30
44 87
65 44
63 50
85 26
45 26
66 10
64 82
86 88
46 66
67 87
65 84
87 17
47 32
68 82
66 18
88 93
48 41
69 51
67 34
89 21
49 70
70 97
68 81
90 90
50 10
71 19
69 23
91 61
51 86
72 73
70 20
92 30
52 42
73 56
71 37
93 58
53 93
74 23
72 48
94 88
54 84
75 15
73 52
95 66
55 41
76 86
74 76
96 89
56 70
77 20
75 21
97 90
57 13
78 21
76 61
98 80
58 13
79 26
77 29
99 14
59 31
80 16
78 38
100 43
60 66
79 36
61 11
82 74
62 84
83 98
81 86
63 67
84 20
82 71
64 73
85 52
83 47
65 20
86 52
84 63
66 52
87 28
85 100
67 47
88 39
86 26
68 55
89 47
87 55
69 40
90 80
88 61
70 92
91 10
89 39
71 73
92 40
90 74
72 56
93 29
91 55
73 24
94 39
92 74
74 69
95 66
93 91
75 71
96 64
94 54
76 21
97 25
95 34
77 57
98 10
96 76
78 95
99 78
97 29
79 99
100 22
98 33
80 96
99 31
23
31
1 23 
1 50 
1 54 
2 71 32 
3 40 47 67 
3 89 79 53 
1 4 
5 57 68 58 59 56 
2 52 78 
4 65 76 20 22 
4 96 46 70 43 
1 8 
1 51 
2 45 73 
1 61 
2 98 90 
1 31 
