100 350 10 100 15
2
3
3
3
3
3
3
3
3
3
3
3
3
3
3
3
3
3
3
2
3
4
4
4
4
4
4
4
4
4
4
4
4
4
4
4
4
4
4
3
3
4
4
4
4
4
4
4
4
4
4
4
4
4
4
4
4
4
4
3
3
4
4
4
4
4
4
4
4
4
4
4
4
4
4
4
4
4
4
3
2
3
3
3
3
3
3
3
3
3
3
3
3
3
3
3
3
3
3
2
21 87
2 29
22 49
3 45
1 62
23 84
4 98
2 30
24 58
5 62
3 69
25 49
6 49
4 80
26 100
7 66
5 26
27 85
8 74
6 46
28 18
9 91
7 75
29 82
10 46
8 22
30 59
11 36
9 93
31 97
12 51
10 35
32 61
13 17
11 42
33 16
14 35
12 30
34 87
15 81
13 36
35 33
16 38
14 13
36 94
17 95
15 78
37 48
18 40
16 50
38 20
19 19
17 93
39 71
20 37
18 96
40 62
19 22
41 79
1 87
22 95
42 96
2 73
23 12
21 16
43 99
3 38
24 65
22 75
44 17
4 10
25 29
23 67
45 37
5 48
26 27
24 19
46 70
6 27
27 41
25 25
47 18
7 86
28 54
26 64
48 27
8 87
29 83
27 62
49 22
9 87
30 12
28 72
50 30
10 17
31 88
29 12
51 16
11 36
32 91
30 91
52 72
12 12
33 89
31 75
53 41
13 16
34 11
32 24
54 83
14 20
35 30
33 50
55 74
15 68
36 12
34 39
56 58
16 88
37 29
35 56
57 62
17 78
38 18
36 84
58 32
18 44
39 48
37 92
59 75
19 81
40 48
38 44
60 36
20 50
39 78
61 94
21 66
42 99
62 25
22 44
43 98
41 70
63 19
23 73
44 72
42 72
64 63
24 28
45 60
43 88
65 82
25 93
46 66
44 82
66 71
26 19
47 96
45 74
67 80
27 10
48 42
46 94
68 47
28 74
49 21
47 60
69 44
29 60
50 30
48 22
70 17
30 45
51 82
49 55
71 28
31 77
52 53
50 34
72 28
32 88
53 75
51 57
73 14
33 90
54 56
52 98
74 86
34 66
55 12
53 56
75 79
35 12
56 70
54 34
76 21
36 77
57 44
55 33
77 47
37 61
58 48
56 75
78 41
38 53
59 44
57 96
79 12
39 52
60 28
58 90
80 21
40 40
59 13
81 56
41 37
62 94
82 13
42 96
63 10
61 83
83 67
43 29
64 90
62 100
84 43
44 67
65 52
63 62
85 70
45 52
66 11
64 16
86 71
46 67
67 89
65 31
87 84
47 31
68 76
66 83
88 14
48 24
69 67
67 56
89 49
49 15
70 86
68 19
90 46
50 26
71 32
69 82
91 85
51 10
72 17
70 82
92 66
52 65
73 10
71 72
93 10
53 12
74 77
72 61
94 23
54 50
75 69
73 37
95 100
55 23
76 45
74 72
96 59
56 47
77 19
75 35
97 45
57 71
78 34
76 98
98 55
58 67
79 49
77 81
99 56
59 60
80 58
78 82
100 73
60 77
79 33
61 58
82 86
62 46
83 36
81 13
63 40
84 32
82 37
64 88
85 18
83 15
65 98
86 74
84 45
66 11
87 64
85 52
67 76
88 42
86 45
68 12
89 86
87 46
69 93
90 75
88 74
70 40
91 22
89 76
71 16
92 48
90 63
72 96
93 35
91 69
73 59
94 62
92 16
74 76
95 46
93 13
75 94
96 96
94 95
76 83
97 98
95 75
77 33
98 69
96 70
78 90
99 49
97 48
79 94
100 45
98 24
80 46
99 19
89
71
4 82 15 8 89 
3 25 32 88 
2 97 52 
1 16 
7 31 17 3 94 93 49 99 
3 50 37 18 
2 70 48 
1 1 
1 92 
1 23 
2 4 14 
1 43 
1 95 
3 77 65 76 
3 53 80 71 
