100 350 10 100 17
2
3
3
3
3
3
3
3
3
3
3
3
3
3
3
3
3
3
3
2
3
4
4
4
4
4
4
4
4
4
4
4
4
4
4
4
4
4
4
3
3
4
4
4
4
4
4
4
4
4
4
4
4
4
4
4
4
4
4
3
3
4
4
4
4
4
4
4
4
4
4
4
4
4
4
4
4
4
4
3
2
3
3
3
3
3
3
3
3
3
3
3
3
3
3
3
3
3
3
2
21 88
2 29
22 68
3 31
1 83
23 71
4 13
2 11
24 74
5 44
3 43
25 92
6 99
4 39
26 74
7 23
5 16
27 65
8 86
6 30
28 61
9 82
7 38
29 94
10 83
8 23
30 37
11 83
9 13
31 79
12 60
10 47
32 14
13 18
11 12
33 87
14 70
12 14
34 52
15 41
13 32
35 89
16 44
14 24
36 100
17 48
15 71
37 37
18 82
16 46
38 31
19 65
17 76
39 12
20 15
18 58
40 98
19 100
41 53
1 51
22 81
42 28
2 64
23 30
21 35
43 68
3 25
24 91
22 48
44 78
4 79
25 36
23 50
45 70
5 50
26 94
24 40
46 69
6 22
27 99
25 29
47 14
7 15
28 57
26 11
48 46
8 80
29 87
27 73
49 21
9 64
30 22
28 42
50 96
10 20
31 22
29 87
51 17
11 27
32 41
30 24
52 86
12 49
33 32
31 78
53 80
13 31
34 81
32 76
54 47
14 21
35 10
33 88
55 28
15 98
36 60
34 75
56 62
16 81
37 39
35 15
57 26
17 88
38 65
36 16
58 31
18 72
39 22
37 50
59 42
19 44
40 48
38 93
60 70
20 12
39 69
61 20
21 78
42 99
62 82
22 77
43 93
41 57
63 88
23 57
44 79
42 80
64 82
24 81
45 85
43 100
65 98
25 71
46 44
44 55
66 98
26 63
47 52
45 47
67 13
27 74
48 41
46 33
68 61
28 37
49 18
47 70
69 73
29 24
50 27
48 41
70 37
30 89
51 86
49 30
71 36
31 78
52 53
50 69
72 100
32 30
53 37
51 85
73 11
33 99
54 68
52 13
74 62
34 27
55 93
53 52
75 64
35 32
56 35
54 37
76 97
36 85
57 11
55 98
77 82
37 97
58 56
56 35
78 38
38 26
59 66
57 48
79 90
39 19
60 67
58 65
80 12
40 96
59 26
81 53
41 46
62 60
82 51
42 58
63 75
61 20
83 31
43 14
64 13
62 65
84 82
44 97
65 11
63 82
85 93
45 33
66 15
64 77
86 56
46 84
67 40
65 35
87 44
47 96
68 71
66 89
88 42
48 18
69 74
67 63
89 75
49 85
70 93
68 56
90 29
50 27
71 83
69 90
91 30
51 72
72 68
70 44
92 37
52 99
73 55
71 35
93 18
53 78
74 75
72 17
94 91
54 31
75 72
73 72
95 35
55 69
76 87
74 94
96 97
56 29
77 84
75 82
97 21
57 50
78 71
76 93
98 78
58 83
79 75
77 45
99 41
59 98
80 48
78 19
100 24
60 76
79 64
61 53
82 99
62 46
83 75
81 49
63 36
84 46
82 100
64 65
85 70
83 22
65 64
86 94
84 14
66 54
87 29
85 61
67 18
88 86
86 86
68 11
89 18
87 76
69 93
90 85
88 20
70 70
91 43
89 74
71 43
92 100
90 68
72 60
93 54
91 47
73 22
94 89
92 36
74 15
95 75
93 40
75 32
96 90
94 71
76 37
97 76
95 47
77 68
98 76
96 55
78 95
99 99
97 17
79 92
100 68
98 65
80 31
99 77
14
54
2 63 14 
1 60 
3 21 100 78 
2 37 62 
1 59 
2 76 33 
3 9 56 28 
2 4 12 
1 84 
1 97 
1 47 
3 48 1 49 
4 71 95 83 68 
2 86 17 
2 13 79 
2 55 40 
3 90 8 54 
