100 350 10 99 15
2
3
3
3
3
3
3
3
3
3
3
3
3
3
3
3
3
3
3
2
3
4
4
4
4
4
4
4
4
4
4
4
4
4
4
4
4
4
4
3
3
4
4
4
4
4
4
4
4
4
4
4
4
4
4
4
4
4
4
3
3
4
4
4
4
4
4
4
4
4
4
4
4
4
4
4
4
4
4
3
2
3
3
3
3
3
3
3
3
3
3
3
3
3
3
3
3
3
3
2
21 71
2 29
22 13
3 93
1 42
23 42
4 25
2 98
24 31
5 88
3 97
25 16
6 56
4 87
26 21
7 94
5 82
27 78
8 73
6 56
28 28
9 29
7 94
29 11
10 49
8 39
30 24
11 63
9 97
31 48
12 97
10 71
32 28
13 65
11 53
33 36
14 42
12 83
34 69
15 40
13 51
35 74
16 83
14 97
36 32
17 47
15 97
37 28
18 92
16 11
38 45
19 56
17 28
39 72
20 18
18 93
40 80
19 71
41 96
1 91
22 90
42 29
2 65
23 56
21 33
43 72
3 17
24 96
22 65
44 44
4 83
25 21
23 24
45 27
5 44
26 99
24 58
46 96
6 47
27 99
25 53
47 92
7 61
28 18
26 29
48 44
8 63
29 31
27 50
49 22
9 95
30 26
28 40
50 10
10 61
31 81
29 12
51 16
11 59
32 41
30 36
52 40
12 46
33 37
31 17
53 33
13 42
34 20
32 26
54 91
14 41
35 23
33 42
55 95
15 79
36 67
34 36
56 81
16 10
37 92
35 15
57 22
17 23
38 19
36 33
58 85
18 38
39 17
37 29
59 10
19 89
40 64
38 88
60 80
20 96
39 59
61 68
21 97
42 67
62 55
22 29
43 59
41 98
63 33
23 68
44 69
42 37
64 33
24 89
45 69
43 66
65 39
25 10
46 85
44 94
66 86
26 77
47 43
45 54
67 94
27 86
48 42
46 35
68 90
28 98
49 57
47 90
69 27
29 52
50 39
48 98
70 72
30 18
51 41
49 62
71 25
31 77
52 96
50 41
72 21
32 30
53 40
51 61
73 50
33 45
54 76
52 52
74 24
34 73
55 78
53 39
75 95
35 14
56 63
54 41
76 37
36 75
57 27
55 72
77 49
37 15
58 67
56 93
78 72
38 33
59 20
57 95
79 45
39 78
60 58
58 44
80 39
40 71
59 44
81 17
41 99
62 71
82 42
42 61
63 97
61 88
83 65
43 93
64 25
62 34
84 30
44 40
65 11
63 42
85 62
45 24
66 12
64 75
86 60
46 73
67 13
65 75
87 33
47 21
68 42
66 16
88 88
48 17
69 75
67 96
89 37
49 51
70 25
68 11
90 56
50 32
71 23
69 74
91 44
51 96
72 46
70 90
92 98
52 24
73 10
71 11
93 88
53 67
74 33
72 51
94 84
54 33
75 27
73 44
95 29
55 92
76 76
74 47
96 62
56 94
77 10
75 25
97 53
57 53
78 20
76 48
98 84
58 30
79 95
77 25
99 35
59 52
80 39
78 76
100 66
60 50
79 12
61 73
82 64
62 94
83 29
81 31
63 60
84 10
82 17
64 85
85 84
83 98
65 22
86 27
84 29
66 42
87 94
85 39
67 66
88 57
86 65
68 28
89 46
87 83
69 50
90 47
88 60
70 93
91 94
89 27
71 36
92 99
90 92
72 67
93 74
91 67
73 89
94 18
92 34
74 28
95 19
93 86
75 51
96 14
94 71
76 88
97 85
95 49
77 66
98 61
96 32
78 60
99 56
97 75
79 61
100 91
98 66
80 25
99 34
86
12
2 85 86 
2 71 26 
3 55 76 62 
2 9 27 
3 81 38 97 
2 78 11 
1 25 
1 88 
4 33 50 82 95 
1 14 
4 59 45 64 51 
3 22 52 58 
2 24 67 
4 39 77 72 29 
1 12 
