100 350 10 100 16
2
3
3
3
3
3
3
3
3
3
3
3
3
3
3
3
3
3
3
2
3
4
4
4
4
4
4
4
4
4
4
4
4
4
4
4
4
4
4
3
3
4
4
4
4
4
4
4
4
4
4
4
4
4
4
4
4
4
4
3
3
4
4
4
4
4
4
4
4
4
4
4
4
4
4
4
4
4
4
3
2
3
3
3
3
3
3
3
3
3
3
3
3
3
3
3
3
3
3
2
21 79
2 29
22 32
3 19
1 61
23 59
4 30
2 69
24 72
5 43
3 98
25 21
6 32
4 62
26 26
7 27
5 74
27 40
8 36
6 22
28 49
9 94
7 13
29 29
10 92
8 34
30 53
11 88
9 28
31 89
12 39
10 84
32 35
13 52
11 51
33 19
14 49
12 63
34 35
15 35
13 38
35 50
16 20
14 91
36 64
17 58
15 46
37 12
18 37
16 47
38 30
19 16
17 75
39 14
20 41
18 48
40 24
19 89
41 70
1 17
22 64
42 66
2 79
23 47
21 96
43 18
3 89
24 16
22 15
44 35
4 14
25 98
23 33
45 37
5 79
26 27
24 88
46 24
6 90
27 74
25 81
47 88
7 19
28 66
26 26
48 15
8 86
29 87
27 76
49 19
9 46
30 71
28 21
50 26
10 84
31 41
29 42
51 18
11 64
32 50
30 11
52 17
12 78
33 32
31 12
53 53
13 33
34 67
32 39
54 77
14 97
35 75
33 61
55 56
15 43
36 23
34 18
56 52
16 83
37 31
35 97
57 25
17 31
38 21
36 66
58 35
18 97
39 96
37 56
59 86
19 73
40 59
38 19
60 43
20 35
39 46
61 20
21 50
42 77
62 99
22 70
43 93
41 61
63 46
23 37
44 23
42 96
64 20
24 23
45 24
43 67
65 87
25 53
46 65
44 97
66 14
26 84
47 94
45 67
67 16
27 69
48 40
46 54
68 72
28 77
49 99
47 39
69 60
29 45
50 60
48 81
70 93
30 83
51 33
49 10
71 72
31 80
52 22
50 47
72 77
32 55
53 96
51 55
73 94
33 78
54 94
52 79
74 26
34 53
55 96
53 36
75 29
35 83
56 56
54 14
76 63
36 31
57 88
55 98
77 87
37 71
58 76
56 98
78 54
38 46
59 72
57 91
79 69
39 63
60 35
58 39
80 75
40 20
59 90
81 54
41 37
62 71
82 17
42 26
63 16
61 83
83 24
43 11
64 14
62 17
84 82
44 48
65 94
63 58
85 19
45 27
66 21
64 56
86 63
46 15
67 91
65 98
87 92
47 64
68 43
66 81
88 27
48 38
69 56
67 67
89 32
49 27
70 59
68 25
90 18
50 92
71 97
69 62
91 70
51 100
72 77
70 72
92 60
52 44
73 100
71 48
93 18
53 90
74 14
72 26
94 79
54 61
75 17
73 49
95 13
55 41
76 58
74 99
96 16
56 12
77 52
75 92
97 94
57 77
78 69
76 55
98 90
58 43
79 10
77 32
99 11
59 70
80 25
78 43
100 93
60 28
79 80
61 58
82 67
62 78
83 48
81 67
63 14
84 15
82 29
64 10
85 74
83 83
65 70
86 21
84 93
66 26
87 45
85 62
67 76
88 49
86 19
68 20
89 14
87 70
69 34
90 76
88 19
70 74
91 21
89 39
71 22
92 94
90 32
72 95
93 99
91 84
73 35
94 27
92 97
74 74
95 24
93 25
75 62
96 30
94 31
76 55
97 75
95 92
77 95
98 48
96 15
78 81
99 33
97 65
79 69
100 91
98 73
80 92
99 84
3
98
3 25 27 3 
1 87 
4 48 64 5 6 
1 45 
1 53 
2 72 13 
1 91 
2 95 17 
2 77 42 
4 32 70 82 66 
4 71 37 62 73 
3 55 4 100 
3 90 33 21 
2 81 88 
1 19 
1 98 
