100 350 10 100 16
2
3
3
3
3
3
3
3
3
3
3
3
3
3
3
3
3
3
3
2
3
4
4
4
4
4
4
4
4
4
4
4
4
4
4
4
4
4
4
3
3
4
4
4
4
4
4
4
4
4
4
4
4
4
4
4
4
4
4
3
3
4
4
4
4
4
4
4
4
4
4
4
4
4
4
4
4
4
4
3
2
3
3
3
3
3
3
3
3
3
3
3
3
3
3
3
3
3
3
2
21 87
2 29
22 70
3 21
1 11
23 62
4 39
2 21
24 37
5 71
3 73
25 69
6 58
4 86
26 95
7 99
5 55
27 74
8 10
6 63
28 23
9 59
7 76
29 60
10 82
8 30
30 59
11 68
9 62
31 22
12 81
10 18
32 87
13 39
11 19
33 73
14 91
12 26
34 57
15 81
13 22
35 82
16 55
14 95
36 11
17 23
15 79
37 76
18 24
16 78
38 26
19 22
17 14
39 79
20 41
18 56
40 95
19 95
41 18
1 89
22 24
42 35
2 85
23 57
21 87
43 24
3 58
24 54
22 28
44 86
4 15
25 91
23 26
45 80
5 25
26 22
24 48
46 42
6 36
27 16
25 22
47 80
7 89
28 26
26 61
48 97
8 12
29 55
27 22
49 15
9 65
30 35
28 64
50 17
10 19
31 27
29 56
51 21
11 59
32 100
30 100
52 98
12 56
33 62
31 100
53 20
13 39
34 94
32 14
54 26
14 62
35 16
33 27
55 61
15 38
36 26
34 37
56 28
16 58
37 71
35 47
57 82
17 48
38 69
36 31
58 74
18 93
39 58
37 40
59 39
19 21
40 56
38 90
60 41
20 27
39 24
61 79
21 15
42 87
62 17
22 54
43 30
41 12
63 38
23 80
44 74
42 72
64 26
24 10
45 95
43 80
65 59
25 73
46 24
44 73
66 59
26 43
47 10
45 53
67 52
27 26
48 38
46 13
68 69
28 19
49 47
47 88
69 32
29 93
50 78
48 81
70 43
30 11
51 30
49 23
71 34
31 84
52 39
50 89
72 23
32 22
53 23
51 76
73 43
33 30
54 32
52 20
74 94
34 85
55 11
53 30
75 38
35 82
56 13
54 81
76 73
36 86
57 26
55 99
77 70
37 71
58 93
56 63
78 33
38 32
59 55
57 39
79 80
39 14
60 50
58 100
80 11
40 25
59 58
81 87
41 76
62 36
82 30
42 43
63 91
61 15
83 38
43 94
64 16
62 55
84 83
44 85
65 44
63 94
85 90
45 11
66 34
64 97
86 49
46 65
67 29
65 35
87 20
47 80
68 39
66 61
88 85
48 53
69 44
67 44
89 52
49 74
70 11
68 76
90 53
50 62
71 39
69 58
91 41
51 76
72 69
70 16
92 83
52 99
73 53
71 48
93 47
53 88
74 84
72 47
94 50
54 70
75 100
73 89
95 24
55 36
76 80
74 82
96 100
56 93
77 69
75 25
97 19
57 81
78 65
76 58
98 28
58 71
79 43
77 94
99 64
59 36
80 92
78 37
100 71
60 96
79 89
61 38
82 83
62 60
83 16
81 48
63 55
84 34
82 14
64 94
85 25
83 75
65 84
86 34
84 33
66 52
87 52
85 93
67 29
88 85
86 16
68 11
89 96
87 86
69 17
90 24
88 15
70 84
91 60
89 49
71 35
92 50
90 68
72 85
93 52
91 80
73 36
94 63
92 88
74 59
95 58
93 81
75 12
96 42
94 60
76 68
97 42
95 16
77 68
98 41
96 75
78 17
99 60
97 24
79 75
100 23
98 31
80 52
99 100
43
67
3 99 20 43 
2 7 19 
2 4 72 
2 52 8 
2 86 69 
3 61 40 27 
2 21 37 
2 66 54 
2 18 80 
3 42 50 93 
2 70 29 
3 78 28 49 
3 74 17 44 
1 92 
1 11 
2 77 67 
