100 350 10 100 17
2
3
3
3
3
3
3
3
3
3
3
3
3
3
3
3
3
3
3
2
3
4
4
4
4
4
4
4
4
4
4
4
4
4
4
4
4
4
4
3
3
4
4
4
4
4
4
4
4
4
4
4
4
4
4
4
4
4
4
3
3
4
4
4
4
4
4
4
4
4
4
4
4
4
4
4
4
4
4
3
2
3
3
3
3
3
3
3
3
3
3
3
3
3
3
3
3
3
3
2
21 59
2 29
22 33
3 100
1 88
23 50
4 59
2 20
24 52
5 59
3 50
25 20
6 31
4 59
26 46
7 81
5 16
27 11
8 15
6 20
28 75
9 33
7 92
29 69
10 72
8 56
30 15
11 50
9 46
31 36
12 79
10 54
32 36
13 26
11 66
33 86
14 63
12 87
34 37
15 62
13 54
35 100
16 57
14 31
36 78
17 36
15 94
37 65
18 88
16 52
38 15
19 53
17 92
39 77
20 24
18 67
40 23
19 81
41 38
1 76
22 43
42 30
2 28
23 63
21 17
43 42
3 49
24 22
22 66
44 70
4 89
25 33
23 18
45 27
5 44
26 99
24 71
46 28
6 49
27 58
25 92
47 60
7 97
28 80
26 18
48 27
8 17
29 82
27 71
49 17
9 33
30 70
28 10
50 96
10 25
31 56
29 56
51 19
11 56
32 25
30 51
52 47
12 100
33 88
31 58
53 51
13 23
34 59
32 95
54 82
14 66
35 45
33 59
55 68
15 87
36 82
34 50
56 27
16 94
37 94
35 30
57 58
17 88
38 68
36 51
58 44
18 26
39 90
37 20
59 27
19 78
40 82
38 96
60 46
20 27
39 11
61 93
21 73
42 34
62 76
22 23
43 96
41 84
63 74
23 12
44 86
42 28
64 58
24 37
45 60
43 79
65 47
25 41
46 38
44 25
66 91
26 83
47 40
45 43
67 88
27 84
48 39
46 67
68 82
28 12
49 84
47 58
69 98
29 30
50 40
48 49
70 95
30 30
51 13
49 85
71 45
31 82
52 49
50 61
72 50
32 72
53 72
51 58
73 79
33 28
54 42
52 23
74 70
34 54
55 21
53 100
75 65
35 75
56 42
54 56
76 100
36 96
57 94
55 34
77 63
37 75
58 18
56 82
78 92
38 22
59 61
57 42
79 39
39 94
60 22
58 12
80 29
40 85
59 24
81 60
41 100
62 36
82 94
42 93
63 16
61 87
83 46
43 20
64 93
62 46
84 44
44 11
65 28
63 82
85 31
45 32
66 28
64 44
86 93
46 41
67 61
65 40
87 44
47 26
68 84
66 57
88 62
48 83
69 13
67 66
89 11
49 23
70 75
68 20
90 13
50 39
71 75
69 90
91 22
51 95
72 45
70 75
92 44
52 83
73 54
71 20
93 99
53 48
74 76
72 88
94 77
54 49
75 85
73 62
95 36
55 29
76 49
74 89
96 89
56 87
77 14
75 65
97 80
57 62
78 28
76 75
98 92
58 39
79 38
77 43
99 58
59 67
80 80
78 62
100 96
60 22
79 83
61 72
82 80
62 50
83 47
81 67
63 66
84 30
82 96
64 14
85 33
83 18
65 25
86 39
84 100
66 19
87 21
85 54
67 67
88 23
86 27
68 40
89 74
87 28
69 98
90 47
88 69
70 53
91 46
89 63
71 45
92 31
90 45
72 19
93 79
91 89
73 99
94 56
92 18
74 70
95 77
93 59
75 94
96 98
94 66
76 47
97 95
95 29
77 24
98 74
96 42
78 46
99 32
97 99
79 24
100 23
98 48
80 47
99 40
56
2
1 56 
1 74 
2 3 39 
1 69 
5 34 23 43 67 78 
2 64 51 
1 35 
2 15 8 
1 68 
2 26 27 
2 62 89 
3 55 9 93 
4 86 22 20 53 
2 33 96 
3 36 24 49 
1 79 
2 81 2 
