100 350 10 100 19
2
3
3
3
3
3
3
3
3
3
3
3
3
3
3
3
3
3
3
2
3
4
4
4
4
4
4
4
4
4
4
4
4
4
4
4
4
4
4
3
3
4
4
4
4
4
4
4
4
4
4
4
4
4
4
4
4
4
4
3
3
4
4
4
4
4
4
4
4
4
4
4
4
4
4
4
4
4
4
3
2
3
3
3
3
3
3
3
3
3
3
3
3
3
3
3
3
3
3
2
21 57
2 29
22 86
3 37
1 45
23 77
4 48
2 57
24 21
5 96
3 100
25 25
6 22
4 52
26 98
7 77
5 36
27 51
8 83
6 51
28 80
9 50
7 76
29 44
10 88
8 55
30 59
11 47
9 22
31 72
12 61
10 29
32 39
13 24
11 34
33 35
14 84
12 29
34 16
15 51
13 62
35 80
16 44
14 10
36 66
17 41
15 18
37 87
18 95
16 59
38 82
19 50
17 37
39 13
20 69
18 52
40 42
19 16
41 89
1 58
22 71
42 76
2 47
23 27
21 70
43 13
3 75
24 61
22 29
44 40
4 42
25 19
23 53
45 51
5 41
26 56
24 28
46 30
6 61
27 33
25 85
47 69
7 56
28 75
26 33
48 80
8 32
29 74
27 49
49 20
9 80
30 50
28 69
50 56
10 18
31 98
29 87
51 18
11 74
32 33
30 94
52 20
12 27
33 19
31 53
53 65
13 84
34 99
32 81
54 64
14 64
35 86
33 73
55 70
15 28
36 78
34 68
56 17
16 17
37 73
35 23
57 38
17 68
38 66
36 96
58 46
18 60
39 51
37 14
59 93
19 61
40 81
38 90
60 68
20 12
39 30
61 59
21 49
42 35
62 52
22 47
43 15
41 20
63 25
23 45
44 73
42 11
64 21
24 22
45 11
43 55
65 14
25 87
46 82
44 79
66 37
26 88
47 37
45 97
67 41
27 45
48 41
46 97
68 55
28 86
49 90
47 39
69 40
29 10
50 46
48 12
70 56
30 34
51 95
49 44
71 30
31 79
52 48
50 83
72 87
32 97
53 58
51 94
73 84
33 100
54 17
52 12
74 28
34 42
55 42
53 17
75 96
35 35
56 21
54 50
76 38
36 80
57 68
55 85
77 85
37 95
58 93
56 71
78 99
38 76
59 18
57 47
79 65
39 70
60 35
58 63
80 48
40 65
59 89
81 66
41 80
62 14
82 19
42 79
63 67
61 30
83 27
43 51
64 65
62 24
84 56
44 43
65 19
63 42
85 77
45 69
66 19
64 13
86 34
46 97
67 69
65 32
87 32
47 77
68 94
66 45
88 98
48 95
69 90
67 52
89 50
49 65
70 61
68 38
90 48
50 38
71 65
69 74
91 40
51 62
72 34
70 60
92 11
52 16
73 55
71 94
93 83
53 98
74 79
72 87
94 32
54 87
75 79
73 85
95 75
55 27
76 57
74 45
96 12
56 32
77 66
75 62
97 37
57 14
78 44
76 85
98 46
58 99
79 77
77 25
99 89
59 82
80 100
78 98
100 11
60 22
79 21
61 82
82 55
62 51
83 60
81 86
63 75
84 93
82 60
64 60
85 20
83 96
65 93
86 91
84 72
66 25
87 90
85 36
67 91
88 26
86 35
68 42
89 29
87 59
69 98
90 28
88 84
70 85
91 95
89 67
71 83
92 18
90 35
72 93
93 41
91 42
73 82
94 92
92 71
74 10
95 20
93 96
75 37
96 17
94 23
76 48
97 49
95 86
77 44
98 60
96 71
78 35
99 22
97 71
79 27
100 68
98 57
80 79
99 16
7
36
2 82 7 
4 14 95 3 33 
2 67 93 
2 85 80 
1 56 
2 83 21 
1 78 
2 50 86 
3 97 38 88 
1 76 
2 72 19 
1 75 
1 11 
2 1 16 
2 58 57 
2 84 74 
1 8 
1 44 
3 27 10 36 
