100 350 10 100 18
2
3
3
3
3
3
3
3
3
3
3
3
3
3
3
3
3
3
3
2
3
4
4
4
4
4
4
4
4
4
4
4
4
4
4
4
4
4
4
3
3
4
4
4
4
4
4
4
4
4
4
4
4
4
4
4
4
4
4
3
3
4
4
4
4
4
4
4
4
4
4
4
4
4
4
4
4
4
4
3
2
3
3
3
3
3
3
3
3
3
3
3
3
3
3
3
3
3
3
2
21 32
2 29
22 15
3 73
1 95
23 23
4 83
2 92
24 83
5 29
3 92
25 13
6 53
4 82
26 62
7 19
5 58
27 19
8 32
6 54
28 79
9 90
7 70
29 91
10 99
8 83
30 40
11 79
9 41
31 33
12 86
10 11
32 28
13 15
11 84
33 78
14 70
12 40
34 73
15 95
13 82
35 82
16 65
14 70
36 59
17 93
15 12
37 43
18 12
16 21
38 15
19 39
17 62
39 16
20 76
18 40
40 78
19 54
41 32
1 27
22 49
42 47
2 54
23 88
21 57
43 28
3 28
24 17
22 77
44 24
4 50
25 73
23 84
45 99
5 65
26 61
24 25
46 12
6 57
27 66
25 74
47 35
7 35
28 47
26 13
48 68
8 14
29 21
27 40
49 18
9 70
30 23
28 17
50 58
10 34
31 19
29 41
51 19
11 44
32 83
30 25
52 100
12 91
33 58
31 20
53 30
13 23
34 94
32 47
54 12
14 71
35 53
33 37
55 28
15 75
36 95
34 99
56 30
16 33
37 36
35 64
57 89
17 47
38 22
36 95
58 12
18 78
39 95
37 48
59 73
19 98
40 17
38 60
60 85
20 80
39 79
61 32
21 52
42 72
62 100
22 25
43 66
41 53
63 88
23 19
44 14
42 84
64 18
24 26
45 50
43 90
65 51
25 77
46 31
44 42
66 58
26 76
47 26
45 97
67 57
27 25
48 39
46 60
68 17
28 59
49 26
47 38
69 11
29 23
50 89
48 36
70 77
30 92
51 91
49 31
71 63
31 81
52 60
50 68
72 57
32 64
53 83
51 68
73 21
33 34
54 64
52 31
74 21
34 76
55 20
53 75
75 77
35 88
56 35
54 33
76 20
36 23
57 38
55 34
77 92
37 23
58 41
56 61
78 56
38 76
59 90
57 88
79 77
39 49
60 33
58 82
80 39
40 20
59 93
81 29
41 42
62 93
82 15
42 12
63 96
61 97
83 18
43 21
64 92
62 92
84 44
44 58
65 61
63 90
85 86
45 34
66 26
64 51
86 30
46 33
67 44
65 49
87 28
47 36
68 32
66 60
88 67
48 16
69 79
67 96
89 86
49 42
70 56
68 90
90 47
50 18
71 70
69 38
91 39
51 86
72 72
70 96
92 67
52 11
73 100
71 46
93 69
53 74
74 66
72 85
94 81
54 100
75 73
73 70
95 73
55 69
76 59
74 26
96 25
56 62
77 25
75 62
97 25
57 23
78 29
76 88
98 88
58 22
79 59
77 48
99 38
59 46
80 57
78 24
100 73
60 38
79 17
61 10
82 91
62 40
83 25
81 30
63 74
84 40
82 59
64 93
85 92
83 58
65 23
86 63
84 43
66 28
87 46
85 23
67 48
88 96
86 79
68 67
89 76
87 91
69 87
90 81
88 69
70 52
91 54
89 74
71 83
92 63
90 27
72 99
93 34
91 77
73 34
94 77
92 58
74 20
95 33
93 64
75 23
96 57
94 49
76 71
97 35
95 14
77 15
98 23
96 86
78 81
99 54
97 53
79 62
100 46
98 15
80 27
99 38
93
21
2 55 93 
2 66 97 
1 30 
2 92 74 
1 46 
1 91 
2 88 15 
2 89 72 
2 87 49 
2 29 38 
2 9 79 
4 63 11 83 41 
4 58 34 12 35 
1 36 
2 48 39 
2 73 59 
2 5 43 
1 21 
