100 350 10 100 16
2
3
3
3
3
3
3
3
3
3
3
3
3
3
3
3
3
3
3
2
3
4
4
4
4
4
4
4
4
4
4
4
4
4
4
4
4
4
4
3
3
4
4
4
4
4
4
4
4
4
4
4
4
4
4
4
4
4
4
3
3
4
4
4
4
4
4
4
4
4
4
4
4
4
4
4
4
4
4
3
2
3
3
3
3
3
3
3
3
3
3
3
3
3
3
3
3
3
3
2
21 64
2 29
22 15
3 53
1 64
23 94
4 53
2 28
24 61
5 51
3 10
25 31
6 89
4 27
26 12
7 11
5 28
27 13
8 46
6 17
28 11
9 23
7 85
29 62
10 41
8 51
30 87
11 71
9 44
31 22
12 94
10 42
32 46
13 10
11 32
33 19
14 91
12 99
34 73
15 46
13 49
35 56
16 72
14 94
36 98
17 53
15 58
37 72
18 40
16 95
38 67
19 10
17 84
39 46
20 91
18 98
40 78
19 35
41 62
1 75
22 45
42 22
2 62
23 18
21 42
43 51
3 56
24 73
22 69
44 31
4 64
25 97
23 63
45 61
5 76
26 75
24 58
46 49
6 12
27 99
25 22
47 66
7 15
28 32
26 30
48 52
8 55
29 38
27 75
49 18
9 31
30 95
28 51
50 72
10 40
31 59
29 26
51 19
11 78
32 42
30 69
52 88
12 59
33 14
31 47
53 84
13 75
34 56
32 94
54 49
14 28
35 47
33 92
55 31
15 83
36 34
34 51
56 80
16 90
37 12
35 14
57 41
17 76
38 68
36 38
58 87
18 28
39 39
37 41
59 79
19 45
40 76
38 21
60 31
20 43
39 17
61 10
21 93
42 45
62 96
22 89
43 49
41 75
63 39
23 14
44 26
42 70
64 99
24 47
45 57
43 56
65 61
25 38
46 62
44 82
66 56
26 94
47 88
45 20
67 53
27 28
48 39
46 26
68 37
28 65
49 42
47 79
69 73
29 93
50 67
48 85
70 77
30 99
51 87
49 83
71 76
31 82
52 65
50 89
72 52
32 31
53 23
51 87
73 36
33 43
54 35
52 38
74 30
34 22
55 60
53 15
75 30
35 14
56 14
54 23
76 64
36 36
57 39
55 21
77 33
37 60
58 12
56 76
78 82
38 90
59 70
57 42
79 89
39 55
60 12
58 58
80 84
40 15
59 43
81 12
41 18
62 14
82 85
42 44
63 77
61 25
83 77
43 59
64 54
62 98
84 18
44 50
65 11
63 58
85 34
45 71
66 27
64 85
86 36
46 39
67 56
65 55
87 91
47 29
68 95
66 19
88 38
48 25
69 71
67 23
89 45
49 41
70 96
68 53
90 10
50 98
71 48
69 62
91 65
51 66
72 66
70 42
92 64
52 37
73 54
71 40
93 13
53 30
74 60
72 61
94 26
54 25
75 69
73 90
95 59
55 66
76 39
74 97
96 57
56 41
77 17
75 38
97 77
57 38
78 93
76 92
98 52
58 21
79 83
77 32
99 66
59 100
80 86
78 64
100 38
60 91
79 90
61 67
82 58
62 34
83 80
81 30
63 30
84 98
82 72
64 75
85 11
83 81
65 50
86 85
84 44
66 99
87 41
85 58
67 10
88 17
86 81
68 34
89 88
87 46
69 82
90 57
88 43
70 66
91 22
89 79
71 69
92 14
90 66
72 29
93 66
91 60
73 28
94 10
92 42
74 56
95 25
93 35
75 48
96 34
94 74
76 15
97 39
95 38
77 73
98 47
96 54
78 56
99 90
97 60
79 35
100 69
98 65
80 54
99 65
24
22
2 43 24 
3 69 29 95 
2 61 37 
1 99 
2 25 11 
1 21 
2 83 47 
2 76 12 
4 32 68 48 36 
3 35 14 33 
3 87 72 46 
1 20 
3 55 96 66 
3 86 74 80 
2 51 4 
1 22 
