100 350 10 100 19
2
3
3
3
3
3
3
3
3
3
3
3
3
3
3
3
3
3
3
2
3
4
4
4
4
4
4
4
4
4
4
4
4
4
4
4
4
4
4
3
3
4
4
4
4
4
4
4
4
4
4
4
4
4
4
4
4
4
4
3
3
4
4
4
4
4
4
4
4
4
4
4
4
4
4
4
4
4
4
3
2
3
3
3
3
3
3
3
3
3
3
3
3
3
3
3
3
3
3
2
21 68
2 29
22 69
3 21
1 18
23 61
4 42
2 54
24 54
5 60
3 86
25 90
6 98
4 36
26 94
7 76
5 50
27 36
8 65
6 29
28 86
9 22
7 25
29 43
10 63
8 45
30 90
11 45
9 31
31 26
12 100
10 17
32 14
13 84
11 28
33 63
14 84
12 37
34 54
15 69
13 48
35 47
16 81
14 56
36 22
17 26
15 28
37 90
18 42
16 51
38 16
19 11
17 93
39 75
20 89
18 76
40 96
19 92
41 21
1 19
22 61
42 82
2 13
23 46
21 47
43 91
3 76
24 97
22 99
44 22
4 62
25 62
23 35
45 61
5 15
26 75
24 23
46 72
6 72
27 83
25 39
47 76
7 94
28 72
26 94
48 57
8 10
29 82
27 68
49 19
9 51
30 20
28 30
50 74
10 52
31 36
29 11
51 18
11 19
32 17
30 64
52 25
12 71
33 88
31 34
53 78
13 21
34 73
32 41
54 52
14 81
35 70
33 86
55 40
15 50
36 29
34 16
56 37
16 92
37 12
35 39
57 59
17 54
38 21
36 93
58 40
18 93
39 15
37 14
59 73
19 49
40 70
38 79
60 73
20 96
39 33
61 93
21 10
42 56
62 59
22 30
43 97
41 80
63 25
23 33
44 51
42 13
64 30
24 94
45 30
43 22
65 58
25 58
46 17
44 75
66 84
26 62
47 89
45 23
67 85
27 90
48 40
46 45
68 70
28 63
49 93
47 89
69 19
29 10
50 97
48 10
70 39
30 35
51 66
49 14
71 100
31 80
52 81
50 82
72 73
32 47
53 12
51 88
73 88
33 48
54 16
52 48
74 15
34 28
55 18
53 24
75 100
35 24
56 21
54 79
76 43
36 60
57 16
55 33
77 58
37 10
58 89
56 19
78 75
38 93
59 56
57 90
79 60
39 50
60 54
58 38
80 57
40 70
59 50
81 58
41 18
62 25
82 37
42 33
63 74
61 25
83 53
43 23
64 92
62 94
84 44
44 60
65 36
63 15
85 14
45 38
66 22
64 65
86 86
46 19
67 10
65 67
87 88
47 58
68 21
66 66
88 77
48 63
69 31
67 63
89 54
49 81
70 18
68 50
90 24
50 65
71 61
69 27
91 73
51 67
72 36
70 47
92 21
52 47
73 100
71 98
93 100
53 36
74 46
72 79
94 89
54 19
75 49
73 84
95 57
55 57
76 78
74 83
96 79
56 13
77 46
75 55
97 99
57 35
78 30
76 22
98 80
58 79
79 11
77 56
99 88
59 95
80 12
78 38
100 28
60 70
79 66
61 67
82 22
62 19
83 74
81 49
63 88
84 61
82 76
64 69
85 28
83 47
65 19
86 20
84 21
66 47
87 96
85 53
67 100
88 59
86 93
68 30
89 78
87 34
69 66
90 57
88 70
70 49
91 69
89 98
71 66
92 36
90 81
72 75
93 34
91 52
73 85
94 28
92 48
74 11
95 36
93 74
75 64
96 67
94 15
76 28
97 96
95 75
77 87
98 12
96 82
78 61
99 98
97 52
79 47
100 91
98 40
80 77
99 33
67
59
1 67 
5 82 64 31 68 44 
2 4 10 
1 86 
1 84 
2 70 74 
2 40 73 
1 5 
1 11 
1 57 
2 72 62 
2 96 41 
2 8 1 
1 23 
3 56 52 14 
3 78 50 19 
1 90 
1 48 
3 24 77 59 
