100 350 10 100 17
2
3
3
3
3
3
3
3
3
3
3
3
3
3
3
3
3
3
3
2
3
4
4
4
4
4
4
4
4
4
4
4
4
4
4
4
4
4
4
3
3
4
4
4
4
4
4
4
4
4
4
4
4
4
4
4
4
4
4
3
3
4
4
4
4
4
4
4
4
4
4
4
4
4
4
4
4
4
4
3
2
3
3
3
3
3
3
3
3
3
3
3
3
3
3
3
3
3
3
2
21 17
2 29
22 67
3 41
1 57
23 80
4 75
2 60
24 93
5 28
3 91
25 93
6 10
4 41
26 54
7 60
5 74
27 94
8 15
6 32
28 35
9 52
7 50
29 55
10 13
8 92
30 75
11 30
9 87
31 41
12 21
10 77
32 13
13 43
11 88
33 21
14 56
12 81
34 50
15 14
13 17
35 39
16 99
14 83
36 86
17 70
15 23
37 74
18 31
16 41
38 46
19 29
17 59
39 40
20 31
18 39
40 99
19 17
41 85
1 83
22 10
42 64
2 24
23 14
21 23
43 44
3 65
24 85
22 88
44 43
4 95
25 10
23 65
45 80
5 85
26 22
24 57
46 65
6 62
27 25
25 18
47 42
7 28
28 42
26 19
48 34
8 58
29 92
27 78
49 23
9 76
30 24
28 54
50 26
10 79
31 98
29 73
51 16
11 34
32 66
30 75
52 55
12 27
33 67
31 31
53 82
13 41
34 90
32 20
54 41
14 51
35 40
33 90
55 16
15 55
36 92
34 43
56 87
16 70
37 67
35 81
57 84
17 31
38 18
36 30
58 21
18 52
39 28
37 86
59 10
19 39
40 26
38 16
60 68
20 20
39 13
61 38
21 55
42 51
62 14
22 34
43 90
41 34
63 61
23 81
44 16
42 57
64 44
24 67
45 48
43 88
65 47
25 83
46 71
44 36
66 21
26 63
47 15
45 71
67 32
27 59
48 43
46 21
68 52
28 11
49 33
47 50
69 35
29 39
50 47
48 72
70 34
30 51
51 16
49 45
71 62
31 76
52 26
50 55
72 37
32 14
53 61
51 81
73 26
33 59
54 28
52 69
74 17
34 25
55 76
53 79
75 27
35 40
56 49
54 87
76 60
36 20
57 96
55 71
77 15
37 93
58 23
56 51
78 91
38 50
59 77
57 97
79 28
39 79
60 79
58 92
80 58
40 30
59 92
81 47
41 75
62 94
82 65
42 82
63 75
61 16
83 100
43 96
64 25
62 36
84 30
44 42
65 77
63 58
85 80
45 29
66 100
64 90
86 25
46 58
67 70
65 93
87 92
47 43
68 30
66 21
88 98
48 65
69 27
67 63
89 96
49 90
70 78
68 61
90 33
50 80
71 14
69 63
91 78
51 77
72 100
70 41
92 53
52 60
73 10
71 63
93 28
53 29
74 13
72 45
94 93
54 43
75 94
73 59
95 13
55 81
76 96
74 13
96 25
56 45
77 31
75 18
97 35
57 65
78 22
76 73
98 76
58 87
79 47
77 34
99 85
59 10
80 85
78 91
100 21
60 82
79 61
61 39
82 85
62 73
83 77
81 50
63 74
84 30
82 34
64 61
85 20
83 87
65 18
86 76
84 98
66 61
87 53
85 69
67 28
88 21
86 79
68 83
89 49
87 26
69 29
90 23
88 61
70 91
91 18
89 51
71 19
92 72
90 56
72 44
93 75
91 42
73 50
94 59
92 23
74 19
95 22
93 96
75 92
96 23
94 36
76 46
97 55
95 19
77 48
98 50
96 29
78 39
99 100
97 74
79 46
100 45
98 91
80 75
99 29
60
49
1 60 
1 74 
3 86 66 42 
2 53 36 
5 23 72 25 38 33 
6 26 21 15 63 20 94 
1 83 
1 18 
1 56 
1 32 
3 61 4 34 
2 81 59 
2 37 29 
1 10 
2 14 46 
2 79 69 
1 49 
