100 350 10 100 15
2
3
3
3
3
3
3
3
3
3
3
3
3
3
3
3
3
3
3
2
3
4
4
4
4
4
4
4
4
4
4
4
4
4
4
4
4
4
4
3
3
4
4
4
4
4
4
4
4
4
4
4
4
4
4
4
4
4
4
3
3
4
4
4
4
4
4
4
4
4
4
4
4
4
4
4
4
4
4
3
2
3
3
3
3
3
3
3
3
3
3
3
3
3
3
3
3
3
3
2
21 77
2 29
22 16
3 23
1 59
23 64
4 51
2 97
24 19
5 88
3 62
25 47
6 33
4 60
26 73
7 57
5 32
27 69
8 40
6 70
28 60
9 78
7 89
29 73
10 53
8 41
30 96
11 26
9 65
31 50
12 51
10 42
32 65
13 71
11 87
33 26
14 35
12 91
34 75
15 24
13 32
35 79
16 25
14 60
36 60
17 81
15 61
37 63
18 29
16 83
38 12
19 17
17 31
39 49
20 89
18 84
40 76
19 98
41 60
1 91
22 21
42 51
2 18
23 56
21 38
43 97
3 44
24 44
22 21
44 73
4 63
25 55
23 27
45 12
5 53
26 70
24 75
46 90
6 18
27 25
25 71
47 68
7 72
28 32
26 38
48 48
8 26
29 50
27 14
49 15
9 70
30 75
28 73
50 64
10 78
31 22
29 26
51 21
11 14
32 67
30 63
52 16
12 49
33 27
31 31
53 45
13 27
34 100
32 15
54 92
14 46
35 11
33 53
55 45
15 45
36 32
34 34
56 13
16 67
37 52
35 80
57 26
17 72
38 70
36 57
58 79
18 89
39 68
37 88
59 26
19 87
40 66
38 59
60 70
20 88
39 11
61 62
21 66
42 66
62 68
22 14
43 35
41 30
63 17
23 76
44 11
42 80
64 36
24 81
45 100
43 35
65 31
25 78
46 67
44 50
66 39
26 21
47 96
45 100
67 31
27 46
48 38
46 95
68 66
28 96
49 41
47 48
69 82
29 58
50 24
48 11
70 80
30 53
51 63
49 28
71 63
31 84
52 98
50 33
72 19
32 14
53 30
51 18
73 37
33 91
54 46
52 80
74 83
34 59
55 25
53 18
75 19
35 22
56 69
54 55
76 54
36 24
57 45
55 34
77 40
37 10
58 15
56 75
78 54
38 79
59 39
57 38
79 72
39 92
60 70
58 99
80 84
40 75
59 18
81 92
41 57
62 81
82 50
42 50
63 59
61 49
83 67
43 15
64 94
62 42
84 44
44 97
65 77
63 50
85 85
45 22
66 36
64 15
86 72
46 69
67 39
65 94
87 16
47 74
68 17
66 46
88 43
48 78
69 18
67 41
89 74
49 36
70 60
68 10
90 59
50 35
71 94
69 22
91 44
51 42
72 27
70 82
92 44
52 11
73 53
71 98
93 38
53 34
74 25
72 100
94 61
54 28
75 42
73 33
95 68
55 52
76 10
74 66
96 71
56 94
77 63
75 79
97 24
57 38
78 25
76 25
98 17
58 16
79 43
77 27
99 49
59 61
80 79
78 33
100 97
60 48
79 75
61 47
82 38
62 92
83 41
81 30
63 38
84 80
82 61
64 62
85 70
83 39
65 33
86 34
84 53
66 73
87 12
85 85
67 53
88 95
86 90
68 21
89 69
87 50
69 50
90 95
88 67
70 59
91 17
89 16
71 79
92 84
90 26
72 66
93 78
91 48
73 86
94 64
92 39
74 87
95 70
93 39
75 13
96 78
94 43
76 41
97 63
95 90
77 60
98 97
96 50
78 87
99 34
97 11
79 53
100 23
98 89
80 37
99 50
8
27
1 8 
1 78 
1 77 
4 85 71 45 48 
3 4 22 1 
2 5 90 
4 62 39 66 21 
2 43 44 
4 82 68 98 47 
3 67 88 86 
2 30 19 
1 93 
3 34 32 26 
3 53 79 28 
1 27 
