100 350 10 100 17
2
3
3
3
3
3
3
3
3
3
3
3
3
3
3
3
3
3
3
2
3
4
4
4
4
4
4
4
4
4
4
4
4
4
4
4
4
4
4
3
3
4
4
4
4
4
4
4
4
4
4
4
4
4
4
4
4
4
4
3
3
4
4
4
4
4
4
4
4
4
4
4
4
4
4
4
4
4
4
3
2
3
3
3
3
3
3
3
3
3
3
3
3
3
3
3
3
3
3
2
21 18
2 29
22 86
3 27
1 78
23 66
4 80
2 41
24 18
5 10
3 66
25 45
6 60
4 90
26 27
7 16
5 64
27 74
8 27
6 16
28 78
9 43
7 13
29 67
10 50
8 92
30 53
11 77
9 99
31 23
12 29
10 89
32 57
13 44
11 58
33 91
14 91
12 64
34 15
15 66
13 13
35 95
16 14
14 94
36 92
17 22
15 16
37 63
18 73
16 37
38 58
19 75
17 41
39 72
20 100
18 92
40 43
19 95
41 60
1 47
22 87
42 87
2 15
23 32
21 42
43 13
3 53
24 20
22 61
44 12
4 73
25 17
23 47
45 22
5 87
26 89
24 78
46 64
6 57
27 83
25 22
47 37
7 48
28 45
26 57
48 53
8 51
29 96
27 89
49 22
9 53
30 33
28 24
50 92
10 83
31 31
29 57
51 16
11 26
32 16
30 99
52 69
12 63
33 11
31 34
53 30
13 56
34 70
32 73
54 96
14 52
35 20
33 38
55 60
15 84
36 48
34 79
56 92
16 63
37 77
35 40
57 48
17 41
38 64
36 53
58 20
18 80
39 93
37 43
59 68
19 93
40 26
38 65
60 11
20 73
39 94
61 55
21 67
42 51
62 71
22 67
43 85
41 20
63 39
23 65
44 22
42 66
64 63
24 29
45 73
43 100
65 64
25 60
46 49
44 100
66 48
26 15
47 62
45 44
67 55
27 33
48 42
46 51
68 65
28 65
49 30
47 60
69 64
29 94
50 44
48 91
70 54
30 95
51 20
49 20
71 70
31 78
52 26
50 90
72 18
32 47
53 23
51 18
73 23
33 68
54 41
52 75
74 84
34 77
55 66
53 75
75 12
35 60
56 14
54 90
76 45
36 28
57 64
55 46
77 49
37 37
58 31
56 11
78 88
38 22
59 99
57 49
79 16
39 45
60 27
58 66
80 48
40 86
59 14
81 43
41 85
62 60
82 12
42 44
63 49
61 44
83 64
43 80
64 39
62 92
84 69
44 72
65 36
63 78
85 12
45 10
66 13
64 59
86 100
46 76
67 20
65 97
87 52
47 17
68 25
66 27
88 34
48 59
69 34
67 70
89 31
49 68
70 85
68 97
90 15
50 80
71 64
69 70
91 24
51 48
72 60
70 94
92 24
52 94
73 55
71 25
93 36
53 95
74 11
72 91
94 70
54 24
75 97
73 93
95 39
55 36
76 46
74 35
96 63
56 27
77 96
75 65
97 11
57 44
78 59
76 69
98 99
58 11
79 73
77 88
99 70
59 48
80 74
78 27
100 63
60 82
79 92
61 34
82 98
62 73
83 25
81 86
63 70
84 44
82 97
64 38
85 72
83 93
65 75
86 95
84 66
66 12
87 19
85 78
67 61
88 65
86 29
68 81
89 71
87 56
69 29
90 32
88 99
70 29
91 39
89 48
71 46
92 33
90 61
72 98
93 94
91 20
73 13
94 87
92 43
74 49
95 50
93 32
75 29
96 18
94 13
76 91
97 33
95 82
77 83
98 57
96 14
78 45
99 59
97 43
79 45
100 68
98 41
80 60
99 87
85
32
3 91 57 85 
3 93 42 44 
2 77 66 
1 81 
1 96 
2 13 8 
1 61 
1 29 
2 5 46 
1 9 
2 38 69 
5 35 68 6 1 64 
2 82 3 
1 51 
2 94 92 
3 65 26 18 
3 60 75 32 
