100 350 10 100 16
2
3
3
3
3
3
3
3
3
3
3
3
3
3
3
3
3
3
3
2
3
4
4
4
4
4
4
4
4
4
4
4
4
4
4
4
4
4
4
3
3
4
4
4
4
4
4
4
4
4
4
4
4
4
4
4
4
4
4
3
3
4
4
4
4
4
4
4
4
4
4
4
4
4
4
4
4
4
4
3
2
3
3
3
3
3
3
3
3
3
3
3
3
3
3
3
3
3
3
2
21 29
2 29
22 49
3 25
1 30
23 64
4 68
2 56
24 36
5 84
3 77
25 67
6 85
4 25
26 50
7 59
5 88
27 79
8 88
6 100
28 41
9 24
7 91
29 53
10 79
8 82
30 15
11 28
9 96
31 87
12 59
10 65
32 79
13 12
11 82
33 48
14 56
12 90
34 88
15 32
13 94
35 98
16 45
14 38
36 42
17 55
15 33
37 77
18 68
16 33
38 71
19 80
17 24
39 11
20 52
18 63
40 62
19 93
41 18
1 45
22 91
42 71
2 81
23 33
21 91
43 31
3 66
24 30
22 67
44 25
4 25
25 52
23 46
45 90
5 60
26 41
24 52
46 16
6 74
27 75
25 64
47 49
7 65
28 39
26 81
48 11
8 37
29 10
27 98
49 22
9 48
30 85
28 15
50 44
10 23
31 36
29 88
51 16
11 70
32 49
30 45
52 60
12 71
33 45
31 12
53 95
13 68
34 64
32 71
54 29
14 68
35 24
33 13
55 77
15 77
36 42
34 82
56 16
16 54
37 96
35 98
57 14
17 17
38 64
36 26
58 15
18 84
39 83
37 85
59 81
19 27
40 16
38 96
60 73
20 12
39 16
61 72
21 16
42 72
62 20
22 16
43 81
41 93
63 61
23 69
44 85
42 58
64 53
24 49
45 67
43 55
65 92
25 55
46 97
44 32
66 68
26 37
47 67
45 87
67 77
27 13
48 42
46 60
68 68
28 79
49 36
47 10
69 15
29 38
50 98
48 71
70 17
30 52
51 78
49 15
71 41
31 77
52 58
50 55
72 22
32 55
53 16
51 76
73 29
33 98
54 27
52 14
74 95
34 11
55 52
53 87
75 32
35 29
56 49
54 25
76 65
36 90
57 45
55 20
77 79
37 99
58 18
56 90
78 67
38 66
59 24
57 50
79 24
39 59
60 98
58 67
80 67
40 35
59 54
81 39
41 13
62 14
82 83
42 37
63 82
61 11
83 35
43 68
64 51
62 15
84 17
44 60
65 93
63 31
85 18
45 89
66 12
64 50
86 77
46 72
67 10
65 37
87 56
47 23
68 48
66 42
88 76
48 33
69 59
67 74
89 99
49 15
70 35
68 73
90 100
50 16
71 10
69 15
91 20
51 82
72 11
70 28
92 63
52 91
73 55
71 66
93 45
53 58
74 71
72 38
94 59
54 66
75 64
73 58
95 86
55 20
76 25
74 51
96 92
56 26
77 11
75 11
97 97
57 86
78 98
76 11
98 19
58 66
79 72
77 65
99 84
59 23
80 87
78 32
100 37
60 39
79 15
61 25
82 52
62 41
83 91
81 13
63 87
84 89
82 50
64 70
85 28
83 38
65 35
86 96
84 47
66 83
87 59
85 87
67 37
88 55
86 46
68 71
89 98
87 92
69 88
90 51
88 47
70 54
91 82
89 81
71 93
92 90
90 11
72 27
93 68
91 52
73 54
94 86
92 92
74 21
95 38
93 74
75 28
96 73
94 29
76 27
97 11
95 99
77 91
98 93
96 39
78 65
99 85
97 55
79 66
100 68
98 74
80 74
99 47
20
72
4 58 92 5 20 
2 10 86 
2 96 60 
1 41 
4 26 6 46 64 
2 81 45 
1 79 
2 62 38 
2 15 78 
1 13 
2 69 77 
1 21 
2 90 22 
5 18 34 36 70 17 
1 98 
3 16 8 72 
