100 350 10 100 17
2
3
3
3
3
3
3
3
3
3
3
3
3
3
3
3
3
3
3
2
3
4
4
4
4
4
4
4
4
4
4
4
4
4
4
4
4
4
4
3
3
4
4
4
4
4
4
4
4
4
4
4
4
4
4
4
4
4
4
3
3
4
4
4
4
4
4
4
4
4
4
4
4
4
4
4
4
4
4
3
2
3
3
3
3
3
3
3
3
3
3
3
3
3
3
3
3
3
3
2
21 97
2 29
22 15
3 33
1 33
23 74
4 22
2 54
24 39
5 72
3 19
25 49
6 34
4 63
26 52
7 95
5 89
27 98
8 60
6 71
28 35
9 48
7 10
29 34
10 73
8 19
30 43
11 64
9 48
31 12
12 11
10 72
32 65
13 96
11 72
33 50
14 21
12 68
34 73
15 88
13 16
35 29
16 79
14 28
36 46
17 12
15 13
37 100
18 69
16 78
38 27
19 71
17 14
39 77
20 15
18 65
40 77
19 15
41 92
1 32
22 41
42 87
2 70
23 40
21 26
43 74
3 84
24 37
22 61
44 38
4 79
25 29
23 42
45 22
5 87
26 89
24 91
46 86
6 59
27 41
25 61
47 96
7 85
28 17
26 46
48 36
8 96
29 55
27 19
49 17
9 83
30 77
28 85
50 86
10 47
31 98
29 11
51 20
11 22
32 91
30 23
52 76
12 27
33 62
31 75
53 47
13 37
34 18
32 51
54 87
14 77
35 41
33 55
55 33
15 92
36 64
34 94
56 38
16 56
37 80
35 55
57 84
17 15
38 23
36 72
58 70
18 68
39 74
37 34
59 85
19 82
40 44
38 73
60 68
20 96
39 46
61 80
21 43
42 18
62 91
22 61
43 31
41 98
63 81
23 10
44 39
42 57
64 88
24 68
45 64
43 22
65 71
25 91
46 93
44 31
66 53
26 21
47 59
45 33
67 49
27 31
48 39
46 83
68 57
28 70
49 57
47 28
69 44
29 72
50 45
48 42
70 78
30 16
51 83
49 43
71 89
31 82
52 71
50 19
72 46
32 88
53 55
51 15
73 52
33 51
54 98
52 45
74 39
34 58
55 99
53 45
75 73
35 31
56 84
54 14
76 17
36 49
57 40
55 99
77 64
37 97
58 73
56 91
78 16
38 12
59 49
57 87
79 10
39 61
60 83
58 35
80 38
40 10
59 85
81 86
41 85
62 25
82 64
42 75
63 59
61 44
83 45
43 97
64 15
62 13
84 83
44 43
65 52
63 27
85 73
45 18
66 29
64 28
86 42
46 44
67 69
65 62
87 64
47 21
68 67
66 69
88 99
48 34
69 62
67 41
89 95
49 41
70 45
68 15
90 64
50 88
71 25
69 86
91 92
51 47
72 59
70 79
92 60
52 63
73 99
71 35
93 47
53 76
74 54
72 38
94 62
54 40
75 64
73 20
95 45
55 64
76 19
74 77
96 90
56 19
77 10
75 15
97 38
57 53
78 67
76 96
98 16
58 20
79 16
77 16
99 93
59 63
80 24
78 13
100 93
60 54
79 72
61 33
82 24
62 29
83 43
81 30
63 76
84 65
82 85
64 58
85 20
83 13
65 78
86 16
84 46
66 80
87 36
85 93
67 63
88 30
86 82
68 93
89 100
87 92
69 77
90 33
88 17
70 80
91 82
89 84
71 56
92 56
90 14
72 50
93 98
91 43
73 22
94 35
92 27
74 91
95 18
93 96
75 72
96 11
94 100
76 49
97 43
95 62
77 41
98 70
96 23
78 31
99 35
97 67
79 98
100 91
98 23
80 82
99 93
54
23
2 1 54 
2 48 92 
3 81 50 43 
1 24 
3 41 45 76 
1 49 
1 74 
1 51 
1 18 
2 32 22 
3 68 28 5 
3 17 65 100 
1 90 
4 26 53 95 19 
2 10 71 
2 79 87 
3 73 86 23 
