100 350 10 100 19
2
3
3
3
3
3
3
3
3
3
3
3
3
3
3
3
3
3
3
2
3
4
4
4
4
4
4
4
4
4
4
4
4
4
4
4
4
4
4
3
3
4
4
4
4
4
4
4
4
4
4
4
4
4
4
4
4
4
4
3
3
4
4
4
4
4
4
4
4
4
4
4
4
4
4
4
4
4
4
3
2
3
3
3
3
3
3
3
3
3
3
3
3
3
3
3
3
3
3
2
21 98
2 29
22 12
3 43
1 14
23 82
4 87
2 45
24 76
5 45
3 80
25 71
6 75
4 15
26 31
7 18
5 50
27 89
8 45
6 39
28 72
9 71
7 63
29 68
10 75
8 12
30 21
11 78
9 90
31 69
12 82
10 10
32 83
13 75
11 65
33 64
14 91
12 56
34 69
15 48
13 26
35 36
16 68
14 48
36 44
17 37
15 96
37 61
18 35
16 46
38 33
19 24
17 76
39 10
20 80
18 67
40 80
19 19
41 36
1 85
22 98
42 80
2 49
23 13
21 65
43 26
3 52
24 75
22 81
44 30
4 53
25 65
23 66
45 13
5 21
26 70
24 83
46 22
6 45
27 33
25 67
47 30
7 11
28 48
26 87
48 76
8 73
29 88
27 70
49 23
9 82
30 63
28 63
50 74
10 48
31 93
29 42
51 16
11 81
32 33
30 38
52 64
12 19
33 32
31 53
53 16
13 28
34 96
32 22
54 16
14 35
35 35
33 25
55 91
15 61
36 97
34 41
56 72
16 79
37 48
35 23
57 27
17 55
38 18
36 57
58 27
18 48
39 38
37 44
59 88
19 14
40 37
38 76
60 97
20 81
39 91
61 20
21 15
42 30
62 65
22 84
43 94
41 52
63 40
23 77
44 44
42 64
64 54
24 47
45 54
43 43
65 19
25 88
46 23
44 14
66 91
26 41
47 10
45 27
67 10
27 80
48 42
46 12
68 50
28 88
49 27
47 10
69 85
29 95
50 84
48 93
70 71
30 94
51 49
49 50
71 91
31 77
52 85
50 90
72 32
32 96
53 68
51 23
73 20
33 29
54 42
52 38
74 97
34 91
55 90
53 68
75 99
35 72
56 14
54 61
76 41
36 49
57 24
55 97
77 76
37 32
58 35
56 63
78 21
38 97
59 61
57 97
79 20
39 66
60 99
58 91
80 39
40 81
59 53
81 51
41 56
62 49
82 84
42 89
63 42
61 49
83 38
43 17
64 12
62 22
84 82
44 55
65 19
63 15
85 75
45 40
66 10
64 99
86 48
46 63
67 79
65 62
87 88
47 37
68 99
66 98
88 56
48 90
69 93
67 60
89 27
49 52
70 36
68 86
90 39
50 53
71 68
69 27
91 81
51 43
72 59
70 16
92 14
52 62
73 10
71 22
93 19
53 66
74 45
72 99
94 12
54 92
75 36
73 94
95 56
55 97
76 25
74 88
96 88
56 46
77 25
75 72
97 40
57 22
78 73
76 40
98 65
58 32
79 48
77 57
99 71
59 35
80 71
78 87
100 47
60 34
79 47
61 49
82 40
62 14
83 11
81 32
63 57
84 76
82 81
64 29
85 65
83 51
65 58
86 75
84 26
66 82
87 13
85 61
67 52
88 32
86 62
68 93
89 22
87 81
69 61
90 94
88 22
70 65
91 65
89 18
71 63
92 15
90 14
72 25
93 10
91 10
73 100
94 61
92 65
74 48
95 34
93 54
75 93
96 60
94 20
76 19
97 77
95 93
77 40
98 14
96 95
78 19
99 74
97 61
79 25
100 45
98 57
80 61
99 69
25
10
1 25 
2 41 32 
3 66 62 50 
3 73 35 78 
2 80 67 
2 5 56 
3 7 99 68 
1 11 
1 24 
2 13 29 
1 26 
1 100 
1 14 
1 46 
4 72 83 17 40 
1 81 
2 52 22 
1 33 
3 47 87 10 
