100 350 10 100 19
2
3
3
3
3
3
3
3
3
3
3
3
3
3
3
3
3
3
3
2
3
4
4
4
4
4
4
4
4
4
4
4
4
4
4
4
4
4
4
3
3
4
4
4
4
4
4
4
4
4
4
4
4
4
4
4
4
4
4
3
3
4
4
4
4
4
4
4
4
4
4
4
4
4
4
4
4
4
4
3
2
3
3
3
3
3
3
3
3
3
3
3
3
3
3
3
3
3
3
2
21 41
2 29
22 50
3 85
1 26
23 35
4 66
2 35
24 85
5 30
3 38
25 83
6 29
4 59
26 20
7 14
5 91
27 44
8 82
6 62
28 90
9 79
7 94
29 64
10 91
8 72
30 24
11 74
9 26
31 23
12 16
10 65
32 97
13 73
11 45
33 55
14 91
12 82
34 90
15 10
13 76
35 30
16 89
14 94
36 95
17 83
15 37
37 67
18 56
16 21
38 17
19 88
17 63
39 14
20 50
18 49
40 60
19 65
41 15
1 61
22 66
42 100
2 38
23 71
21 87
43 77
3 54
24 92
22 19
44 67
4 23
25 11
23 10
45 41
5 36
26 37
24 68
46 56
6 80
27 91
25 22
47 52
7 32
28 38
26 89
48 98
8 99
29 22
27 37
49 20
9 87
30 64
28 37
50 36
10 62
31 90
29 87
51 18
11 97
32 75
30 39
52 79
12 61
33 58
31 86
53 57
13 20
34 17
32 83
54 72
14 86
35 79
33 65
55 91
15 38
36 41
34 65
56 40
16 31
37 45
35 72
57 90
17 13
38 66
36 46
58 99
18 54
39 21
37 42
59 28
19 69
40 97
38 43
60 21
20 58
39 10
61 33
21 80
42 93
62 83
22 32
43 67
41 48
63 39
23 40
44 70
42 68
64 81
24 83
45 20
43 33
65 62
25 95
46 10
44 91
66 52
26 55
47 75
45 77
67 54
27 31
48 40
46 38
68 97
28 19
49 36
47 69
69 23
29 94
50 55
48 88
70 20
30 97
51 54
49 51
71 27
31 80
52 91
50 90
72 81
32 39
53 23
51 98
73 30
33 55
54 38
52 57
74 57
34 49
55 17
53 90
75 21
35 37
56 14
54 56
76 54
36 78
57 51
55 33
77 87
37 49
58 21
56 89
78 39
38 56
59 84
57 46
79 98
39 96
60 65
58 17
80 66
40 96
59 29
81 28
41 51
62 82
82 48
42 44
63 63
61 35
83 25
43 24
64 92
62 49
84 43
44 16
65 69
63 23
85 69
45 41
66 20
64 72
86 23
46 12
67 84
65 76
87 72
47 68
68 60
66 69
88 81
48 87
69 98
67 92
89 38
49 100
70 90
68 30
90 58
50 44
71 56
69 66
91 90
51 57
72 63
70 68
92 44
52 65
73 55
71 33
93 70
53 62
74 36
72 76
94 93
54 70
75 37
73 92
95 94
55 97
76 88
74 21
96 15
56 79
77 57
75 52
97 44
57 86
78 31
76 35
98 75
58 62
79 33
77 60
99 68
59 74
80 80
78 91
100 96
60 87
79 91
61 96
82 32
62 99
83 52
81 13
63 95
84 71
82 39
64 57
85 87
83 87
65 17
86 45
84 55
66 56
87 30
85 23
67 81
88 41
86 55
68 58
89 80
87 97
69 55
90 90
88 71
70 47
91 76
89 18
71 12
92 69
90 63
72 64
93 80
91 40
73 20
94 49
92 88
74 52
95 83
93 79
75 84
96 26
94 89
76 53
97 36
95 60
77 78
98 52
96 34
78 96
99 29
97 97
79 85
100 23
98 98
80 57
99 31
4
77
5 19 78 24 85 4 
1 69 
1 1 
3 3 13 91 
4 61 55 97 53 
1 16 
1 54 
1 72 
2 48 90 
3 70 57 68 
1 52 
2 43 94 
1 83 
2 17 62 
1 98 
1 95 
2 46 56 
1 34 
2 76 77 
