100 350 10 100 16
2
3
3
3
3
3
3
3
3
3
3
3
3
3
3
3
3
3
3
2
3
4
4
4
4
4
4
4
4
4
4
4
4
4
4
4
4
4
4
3
3
4
4
4
4
4
4
4
4
4
4
4
4
4
4
4
4
4
4
3
3
4
4
4
4
4
4
4
4
4
4
4
4
4
4
4
4
4
4
3
2
3
3
3
3
3
3
3
3
3
3
3
3
3
3
3
3
3
3
2
21 23
2 29
22 67
3 71
1 54
23 20
4 74
2 49
24 27
5 92
3 26
25 56
6 27
4 58
26 84
7 38
5 76
27 76
8 58
6 13
28 14
9 34
7 97
29 60
10 19
8 87
30 34
11 98
9 97
31 10
12 44
10 77
32 68
13 28
11 24
33 24
14 28
12 77
34 51
15 49
13 99
35 51
16 30
14 66
36 21
17 38
15 70
37 70
18 25
16 80
38 19
19 32
17 33
39 41
20 76
18 32
40 98
19 49
41 84
1 46
22 89
42 79
2 48
23 78
21 66
43 22
3 59
24 71
22 64
44 64
4 49
25 80
23 92
45 56
5 28
26 65
24 65
46 85
6 20
27 33
25 43
47 43
7 57
28 87
26 69
48 77
8 89
29 53
27 94
49 22
9 51
30 59
28 65
50 68
10 99
31 34
29 27
51 16
11 48
32 33
30 26
52 19
12 22
33 28
31 23
53 63
13 17
34 67
32 72
54 62
14 15
35 22
33 71
55 23
15 81
36 91
34 80
56 54
16 58
37 87
35 23
57 31
17 29
38 64
36 40
58 63
18 82
39 43
37 64
59 29
19 60
40 21
38 80
60 88
20 88
39 10
61 64
21 87
42 62
62 91
22 42
43 38
41 11
63 95
23 67
44 54
42 16
64 12
24 39
45 70
43 77
65 78
25 57
46 73
44 66
66 12
26 26
47 19
45 20
67 21
27 68
48 42
46 10
68 21
28 26
49 79
47 80
69 40
29 66
50 71
48 35
70 36
30 74
51 94
49 18
71 10
31 77
52 42
50 27
72 20
32 96
53 65
51 47
73 72
33 83
54 34
52 90
74 44
34 44
55 13
53 81
75 67
35 90
56 77
54 57
76 100
36 59
57 100
55 33
77 19
37 22
58 24
56 96
78 77
38 90
59 16
57 50
79 65
39 97
60 17
58 21
80 12
40 15
59 34
81 87
41 94
62 37
82 93
42 86
63 20
61 73
83 95
43 28
64 90
62 53
84 43
44 20
65 19
63 54
85 15
45 50
66 13
64 100
86 43
46 74
67 15
65 22
87 100
47 20
68 36
66 80
88 100
48 91
69 92
67 27
89 65
49 87
70 14
68 40
90 12
50 48
71 37
69 43
91 67
51 19
72 81
70 61
92 43
52 47
73 55
71 46
93 40
53 76
74 87
72 64
94 19
54 91
75 81
73 30
95 62
55 74
76 36
74 43
96 32
56 72
77 99
75 38
97 100
57 19
78 33
76 85
98 59
58 84
79 27
77 77
99 77
59 81
80 81
78 30
100 96
60 60
79 99
61 30
82 75
62 57
83 58
81 50
63 33
84 21
82 74
64 100
85 50
83 66
65 100
86 50
84 11
66 93
87 39
85 83
67 95
88 60
86 83
68 76
89 85
87 74
69 13
90 42
88 73
70 42
91 15
89 65
71 70
92 16
90 81
72 17
93 81
91 82
73 33
94 41
92 67
74 35
95 90
93 99
75 74
96 45
94 21
76 59
97 68
95 90
77 42
98 29
96 26
78 55
99 27
97 95
79 56
100 23
98 57
80 67
99 21
52
36
2 8 52 
1 64 
2 96 11 
1 30 
3 69 41 79 
2 97 71 
1 35 
2 90 12 
3 44 50 13 
3 100 1 24 
3 46 40 94 
2 98 14 
4 5 76 7 38 
1 47 
2 62 10 
3 89 55 36 
