100 350 10 100 17
2
3
3
3
3
3
3
3
3
3
3
3
3
3
3
3
3
3
3
2
3
4
4
4
4
4
4
4
4
4
4
4
4
4
4
4
4
4
4
3
3
4
4
4
4
4
4
4
4
4
4
4
4
4
4
4
4
4
4
3
3
4
4
4
4
4
4
4
4
4
4
4
4
4
4
4
4
4
4
3
2
3
3
3
3
3
3
3
3
3
3
3
3
3
3
3
3
3
3
2
21 84
2 29
22 14
3 63
1 38
23 12
4 24
2 76
24 81
5 34
3 58
25 32
6 91
4 29
26 82
7 49
5 85
27 43
8 67
6 18
28 77
9 84
7 98
29 22
10 61
8 29
30 34
11 18
9 27
31 75
12 54
10 72
32 46
13 35
11 17
33 43
14 77
12 75
34 71
15 18
13 33
35 97
16 36
14 63
36 85
17 75
15 100
37 19
18 80
16 90
38 82
19 64
17 67
39 74
20 17
18 79
40 79
19 43
41 94
1 16
22 65
42 58
2 22
23 93
21 29
43 27
3 96
24 67
22 18
44 87
4 81
25 70
23 78
45 70
5 20
26 94
24 75
46 46
6 53
27 25
25 11
47 94
7 27
28 17
26 38
48 40
8 34
29 43
27 80
49 20
9 43
30 97
28 62
50 94
10 99
31 44
29 11
51 18
11 86
32 66
30 29
52 58
12 36
33 49
31 92
53 86
13 85
34 64
32 38
54 44
14 59
35 78
33 94
55 19
15 40
36 65
34 19
56 14
16 79
37 40
35 81
57 98
17 19
38 21
36 52
58 78
18 99
39 46
37 77
59 48
19 40
40 54
38 35
60 28
20 50
39 53
61 28
21 70
42 88
62 28
22 45
43 45
41 52
63 11
23 39
44 54
42 47
64 60
24 33
45 21
43 44
65 10
25 50
46 89
44 63
66 69
26 95
47 51
45 43
67 72
27 13
48 40
46 13
68 28
28 39
49 57
47 59
69 36
29 17
50 87
48 25
70 75
30 62
51 16
49 98
71 12
31 80
52 38
50 76
72 79
32 14
53 47
51 84
73 51
33 93
54 87
52 94
74 77
34 20
55 43
53 42
75 84
35 22
56 28
54 73
76 27
36 62
57 33
55 85
77 56
37 56
58 70
56 92
78 44
38 22
59 80
57 91
79 27
39 24
60 25
58 85
80 39
40 40
59 19
81 97
41 47
62 48
82 99
42 68
63 78
61 20
83 55
43 50
64 66
62 69
84 56
44 87
65 77
63 35
85 22
45 66
66 21
64 97
86 97
46 13
67 86
65 23
87 48
47 67
68 55
66 42
88 94
48 71
69 23
67 23
89 66
49 46
70 80
68 59
90 14
50 60
71 70
69 35
91 23
51 72
72 98
70 39
92 79
52 89
73 100
71 68
93 22
53 71
74 89
72 90
94 28
54 37
75 91
73 78
95 37
55 78
76 47
74 16
96 76
56 57
77 55
75 65
97 91
57 53
78 44
76 72
98 50
58 25
79 56
77 20
99 18
59 12
80 31
78 45
100 34
60 97
79 87
61 53
82 44
62 62
83 81
81 31
63 68
84 83
82 96
64 72
85 52
83 56
65 95
86 67
84 37
66 16
87 65
85 66
67 19
88 44
86 73
68 15
89 27
87 88
69 18
90 85
88 84
70 87
91 88
89 56
71 46
92 77
90 53
72 13
93 86
91 55
73 56
94 72
92 30
74 60
95 64
93 91
75 16
96 58
94 40
76 23
97 18
95 10
77 54
98 20
96 28
78 91
99 91
97 26
79 80
100 46
98 90
80 99
99 18
70
17
2 60 70 
1 8 
1 3 
3 77 34 76 
3 51 1 87 
2 83 81 
1 100 
4 89 54 37 21 
2 28 9 
2 13 66 
1 30 
1 31 
3 4 68 32 
2 14 73 
4 56 26 61 71 
1 97 
2 98 17 
