196 728 10 100 37
2
3
3
3
3
3
3
3
3
3
3
3
3
2
3
4
4
4
4
4
4
4
4
4
4
4
4
3
3
4
4
4
4
4
4
4
4
4
4
4
4
3
3
4
4
4
4
4
4
4
4
4
4
4
4
3
3
4
4
4
4
4
4
4
4
4
4
4
4
3
3
4
4
4
4
4
4
4
4
4
4
4
4
3
3
4
4
4
4
4
4
4
4
4
4
4
4
3
3
4
4
4
4
4
4
4
4
4
4
4
4
3
3
4
4
4
4
4
4
4
4
4
4
4
4
3
3
4
4
4
4
4
4
4
4
4
4
4
4
3
3
4
4
4
4
4
4
4
4
4
4
4
4
3
3
4
4
4
4
4
4
4
4
4
4
4
4
3
3
4
4
4
4
4
4
4
4
4
4
4
4
3
2
3
3
3
3
3
3
3
3
3
3
3
3
2
15 58
2 29
16 30
3 61
1 81
17 70
4 12
2 91
18 46
5 17
3 69
19 48
6 25
4 55
20 69
7 91
5 18
21 66
8 37
6 11
22 70
9 64
7 85
23 14
10 90
8 18
24 100
11 60
9 24
25 71
12 84
10 47
26 54
13 94
11 40
27 74
14 42
12 10
28 19
13 24
29 96
1 64
16 76
30 68
2 23
17 66
15 98
31 66
3 18
18 16
16 27
32 40
4 57
19 76
17 85
33 28
5 23
20 69
18 50
34 82
6 94
21 59
19 51
35 46
7 74
22 69
20 40
36 83
8 31
23 94
21 78
37 27
9 24
24 77
22 24
38 78
10 50
25 15
23 77
39 79
11 12
26 46
24 48
40 39
12 96
27 17
25 53
41 97
13 34
28 11
26 61
42 61
14 28
27 88
43 36
15 53
30 48
44 69
16 69
31 57
29 53
45 17
17 44
32 49
30 42
46 90
18 94
33 99
31 66
47 13
19 40
34 84
32 70
48 72
20 10
35 58
33 37
49 21
21 11
36 83
34 69
50 38
22 49
37 59
35 21
51 50
23 98
38 59
36 47
52 97
24 71
39 20
37 25
53 75
25 83
40 36
38 28
54 22
26 77
41 43
39 66
55 36
27 83
42 18
40 65
56 58
28 53
41 34
57 69
29 85
44 41
58 84
30 54
45 26
43 40
59 45
31 48
46 15
44 90
60 32
32 79
47 46
45 85
61 81
33 15
48 56
46 87
62 37
34 98
49 41
47 22
63 84
35 38
50 63
48 100
64 65
36 84
51 51
49 95
65 93
37 80
52 74
50 93
66 36
38 26
53 70
51 41
67 17
39 50
54 40
52 50
68 81
40 69
55 73
53 34
69 45
41 63
56 30
54 54
70 71
42 98
55 99
71 98
43 96
58 63
72 44
44 30
59 14
57 59
73 24
45 94
60 57
58 80
74 40
46 34
61 96
59 92
75 44
47 77
62 96
60 85
76 26
48 13
63 94
61 59
77 23
49 64
64 20
62 78
78 82
50 18
65 78
63 82
79 34
51 15
66 44
64 78
80 15
52 29
67 19
65 88
81 70
53 61
68 76
66 54
82 79
54 28
69 77
67 57
83 23
55 41
70 48
68 27
84 66
56 82
69 34
85 49
57 72
72 30
86 62
58 12
73 15
71 70
87 23
59 35
74 49
72 64
88 56
60 78
75 100
73 18
89 31
61 63
76 57
74 36
90 31
62 28
77 58
75 43
91 53
63 86
78 27
76 33
92 62
64 79
79 61
77 11
93 77
65 32
80 83
78 14
94 43
66 44
81 55
79 88
95 14
67 90
82 45
80 49
96 76
68 91
83 89
81 11
97 95
69 49
84 56
82 49
98 49
70 11
83 49
99 95
71 71
86 37
100 62
72 87
87 99
85 92
101 88
73 37
88 68
86 18
102 25
74 29
89 15
87 75
103 83
75 16
90 34
88 90
104 29
76 30
91 54
89 32
105 100
77 47
92 13
90 32
106 37
78 91
93 40
91 88
107 78
79 54
94 44
92 94
108 65
80 31
95 60
93 87
109 27
81 96
96 71
94 79
110 54
82 71
97 52
95 42
111 28
83 21
98 22
96 56
112 78
84 18
97 27
113 68
85 25
100 88
114 23
86 14
101 56
99 53
115 43
87 89
102 26
100 38
116 63
88 69
103 46
101 32
117 92
89 28
104 94
102 69
118 10
90 93
105 68
103 14
119 50
91 31
106 10
104 88
120 45
92 11
107 98
105 19
121 75
93 97
108 54
106 33
122 93
94 41
109 13
107 84
123 88
95 94
110 47
108 70
124 25
96 77
111 40
109 44
125 44
97 24
112 100
110 20
126 95
98 56
111 38
127 13
99 54
114 87
128 32
100 35
115 48
113 40
129 40
101 17
116 68
114 40
130 66
102 96
117 91
115 44
131 11
103 91
118 53
116 98
132 42
104 73
119 100
117 75
133 11
105 54
120 35
118 33
134 68
106 99
121 32
119 70
135 29
107 40
122 95
120 86
136 29
108 37
123 13
121 12
137 44
109 26
124 97
122 65
138 68
110 77
125 52
123 81
139 84
111 48
126 42
124 19
140 90
112 14
125 85
141 48
113 35
128 45
142 13
114 25
129 99
127 42
143 56
115 24
130 46
128 53
144 82
116 56
131 89
129 45
145 81
117 92
132 15
130 26
146 84
118 89
133 89
131 84
147 98
119 10
134 20
132 53
148 45
120 49
135 46
133 52
149 93
121 97
136 18
134 20
150 33
122 77
137 49
135 79
151 41
123 42
138 61
136 22
152 83
124 74
139 68
137 32
153 15
125 54
140 35
138 46
154 77
126 11
139 82
155 54
127 74
142 29
156 18
128 31
143 64
141 33
157 28
129 57
144 72
142 26
158 88
130 94
145 61
143 66
159 70
131 56
146 90
144 37
160 94
132 59
147 46
145 81
161 67
133 83
148 68
146 66
162 57
134 75
149 32
147 61
163 27
135 85
150 51
148 37
164 29
136 31
151 38
149 75
165 55
137 63
152 90
150 55
166 64
138 53
153 93
151 100
167 54
139 74
154 30
152 73
168 11
140 98
153 45
169 37
141 64
156 77
170 22
142 72
157 38
155 83
171 15
143 61
158 74
156 86
172 39
144 45
159 84
157 14
173 50
145 37
160 57
158 86
174 12
146 45
161 88
159 34
175 48
147 85
162 13
160 79
176 23
148 94
163 46
161 62
177 58
149 23
164 86
162 56
178 72
150 43
165 24
163 95
179 25
151 31
166 36
164 80
180 74
152 43
167 57
165 78
181 11
153 83
168 93
166 55
182 62
154 63
167 43
183 41
155 88
170 79
184 27
156 30
171 26
169 30
185 58
157 80
172 95
170 85
186 92
158 87
173 27
171 13
187 17
159 64
174 74
172 55
188 75
160 33
175 52
173 86
189 25
161 24
176 44
174 86
190 69
162 35
177 44
175 96
191 52
163 88
178 99
176 77
192 49
164 81
179 19
177 21
193 28
165 73
180 27
178 93
194 58
166 82
181 31
179 33
195 51
167 11
182 17
180 97
196 84
168 85
181 31
169 81
184 84
170 64
185 13
183 15
171 19
186 86
184 50
172 56
187 61
185 61
173 100
188 33
186 20
174 64
189 99
187 10
175 10
190 65
188 22
176 24
191 61
189 14
177 52
192 12
190 55
178 49
193 51
191 69
179 73
194 86
192 85
180 88
195 65
193 75
181 79
196 67
194 33
182 47
195 23
112
144
2 163 112 
2 2 91 
2 72 48 
1 196 
3 170 172 174 
2 28 109 
2 149 120 
1 139 
1 22 
2 165 47 
1 122 
1 73 
2 184 93 
3 188 118 70 
4 83 36 19 150 
1 99 
2 147 155 
2 27 186 
1 105 
1 9 
1 156 
3 169 123 55 
1 86 
4 66 32 102 190 
2 157 151 
3 104 121 50 
2 138 115 
2 173 82 
3 95 29 97 
1 31 
2 127 52 
1 146 
2 77 126 
1 125 
2 183 34 
1 130 
1 144 
