625 2400 10 100 118
2
3
3
3
3
3
3
3
3
3
3
3
3
3
3
3
3
3
3
3
3
3
3
3
2
3
4
4
4
4
4
4
4
4
4
4
4
4
4
4
4
4
4
4
4
4
4
4
4
3
3
4
4
4
4
4
4
4
4
4
4
4
4
4
4
4
4
4
4
4
4
4
4
4
3
3
4
4
4
4
4
4
4
4
4
4
4
4
4
4
4
4
4
4
4
4
4
4
4
3
3
4
4
4
4
4
4
4
4
4
4
4
4
4
4
4
4
4
4
4
4
4
4
4
3
3
4
4
4
4
4
4
4
4
4
4
4
4
4
4
4
4
4
4
4
4
4
4
4
3
3
4
4
4
4
4
4
4
4
4
4
4
4
4
4
4
4
4
4
4
4
4
4
4
3
3
4
4
4
4
4
4
4
4
4
4
4
4
4
4
4
4
4
4
4
4
4
4
4
3
3
4
4
4
4
4
4
4
4
4
4
4
4
4
4
4
4
4
4
4
4
4
4
4
3
3
4
4
4
4
4
4
4
4
4
4
4
4
4
4
4
4
4
4
4
4
4
4
4
3
3
4
4
4
4
4
4
4
4
4
4
4
4
4
4
4
4
4
4
4
4
4
4
4
3
3
4
4
4
4
4
4
4
4
4
4
4
4
4
4
4
4
4
4
4
4
4
4
4
3
3
4
4
4
4
4
4
4
4
4
4
4
4
4
4
4
4
4
4
4
4
4
4
4
3
3
4
4
4
4
4
4
4
4
4
4
4
4
4
4
4
4
4
4
4
4
4
4
4
3
3
4
4
4
4
4
4
4
4
4
4
4
4
4
4
4
4
4
4
4
4
4
4
4
3
3
4
4
4
4
4
4
4
4
4
4
4
4
4
4
4
4
4
4
4
4
4
4
4
3
3
4
4
4
4
4
4
4
4
4
4
4
4
4
4
4
4
4
4
4
4
4
4
4
3
3
4
4
4
4
4
4
4
4
4
4
4
4
4
4
4
4
4
4
4
4
4
4
4
3
3
4
4
4
4
4
4
4
4
4
4
4
4
4
4
4
4
4
4
4
4
4
4
4
3
3
4
4
4
4
4
4
4
4
4
4
4
4
4
4
4
4
4
4
4
4
4
4
4
3
3
4
4
4
4
4
4
4
4
4
4
4
4
4
4
4
4
4
4
4
4
4
4
4
3
3
4
4
4
4
4
4
4
4
4
4
4
4
4
4
4
4
4
4
4
4
4
4
4
3
3
4
4
4
4
4
4
4
4
4
4
4
4
4
4
4
4
4
4
4
4
4
4
4
3
3
4
4
4
4
4
4
4
4
4
4
4
4
4
4
4
4
4
4
4
4
4
4
4
3
2
3
3
3
3
3
3
3
3
3
3
3
3
3
3
3
3
3
3
3
3
3
3
3
2
26 85
2 29
27 31
3 88
1 66
28 57
4 76
2 78
29 87
5 58
3 13
30 61
6 55
4 83
31 73
7 86
5 73
32 33
8 56
6 12
33 100
9 44
7 67
34 75
10 80
8 68
35 37
11 55
9 60
36 14
12 58
10 90
37 67
13 60
11 14
38 44
14 42
12 45
39 58
15 56
13 60
40 26
16 33
14 98
41 63
17 47
15 69
42 30
18 44
16 52
43 76
19 94
17 92
44 16
20 50
18 57
45 94
21 26
19 71
46 89
22 80
20 78
47 90
23 38
21 32
48 28
24 95
22 93
49 55
25 32
23 28
50 76
24 54
51 61
1 85
27 33
52 21
2 20
28 89
26 33
53 52
3 43
29 81
27 74
54 28
4 61
30 28
28 80
55 44
5 98
31 76
29 11
56 78
6 61
32 34
30 37
57 68
7 33
33 88
31 83
58 60
8 90
34 44
32 58
59 94
9 81
35 19
33 31
60 30
10 43
36 45
34 84
61 84
11 58
37 85
35 22
62 43
12 26
38 24
36 10
63 62
13 99
39 73
37 26
64 25
14 74
40 93
38 22
65 17
15 88
41 12
39 79
66 30
16 74
42 95
40 89
67 22
17 59
43 30
41 44
68 94
18 83
44 90
42 46
69 62
19 46
45 60
43 67
70 28
20 41
46 82
44 63
71 72
21 38
47 38
45 88
72 60
22 78
48 75
46 28
73 29
23 100
49 74
47 89
74 58
24 21
50 50
48 65
75 51
25 79
49 40
76 91
26 43
52 18
77 61
27 30
53 41
51 28
78 69
28 15
54 68
52 89
79 79
29 40
55 24
53 84
80 34
30 97
56 62
54 33
81 100
31 76
57 80
55 34
82 89
32 86
58 38
56 54
83 16
33 76
59 67
57 84
84 18
34 93
60 81
58 77
85 88
35 66
61 47
59 88
86 83
36 73
62 48
60 58
87 74
37 96
63 93
61 88
88 27
38 50
64 20
62 58
89 13
39 12
65 34
63 22
90 21
40 25
66 22
64 13
91 80
41 79
67 56
65 49
92 67
42 26
68 85
66 70
93 35
43 77
69 41
67 81
94 72
44 56
70 89
68 62
95 27
45 42
71 54
69 12
96 96
46 62
72 99
70 33
97 61
47 51
73 15
71 97
98 64
48 57
74 30
72 40
99 54
49 90
75 20
73 95
100 96
50 22
74 75
101 45
51 78
77 73
102 76
52 32
78 26
76 37
103 74
53 83
79 65
77 31
104 20
54 81
80 56
78 86
105 71
55 42
81 48
79 100
106 18
56 46
82 20
80 84
107 79
57 38
83 90
81 24
108 98
58 39
84 38
82 79
109 53
59 28
85 58
83 87
110 75
60 28
86 37
84 54
111 26
61 79
87 77
85 51
112 12
62 53
88 70
86 22
113 19
63 66
89 38
87 67
114 37
64 66
90 24
88 28
115 34
65 43
91 25
89 99
116 87
66 57
92 33
90 35
117 30
67 64
93 85
91 79
118 56
68 10
94 26
92 44
119 20
69 56
95 38
93 26
120 52
70 52
96 94
94 75
121 77
71 29
97 45
95 93
122 77
72 39
98 56
96 56
123 82
73 16
99 46
97 56
124 58
74 54
100 49
98 47
125 12
75 60
99 42
126 99
76 83
102 88
127 97
77 45
103 38
101 44
128 19
78 84
104 50
102 22
129 49
79 33
105 40
103 24
130 16
80 12
106 89
104 73
131 98
81 39
107 77
105 26
132 27
82 95
108 64
106 10
133 57
83 10
109 95
107 24
134 49
84 50
110 31
108 15
135 91
85 24
111 47
109 88
136 54
86 15
112 57
110 93
137 68
87 73
113 18
111 39
138 33
88 51
114 20
112 26
139 72
89 19
115 61
113 51
140 80
90 85
116 42
114 32
141 91
91 85
117 40
115 97
142 56
92 81
118 13
116 31
143 24
93 73
119 79
117 50
144 86
94 68
120 40
118 16
145 12
95 51
121 54
119 50
146 45
96 78
122 68
120 45
147 48
97 11
123 83
121 16
148 40
98 14
124 27
122 83
149 49
99 85
125 84
123 70
150 24
100 74
124 24
151 14
101 99
127 74
152 49
102 28
128 43
126 14
153 31
103 91
129 88
127 79
154 42
104 37
130 16
128 52
155 76
105 23
131 27
129 51
156 10
106 86
132 21
130 24
157 29
107 75
133 69
131 84
158 68
108 58
134 24
132 97
159 50
109 100
135 22
133 98
160 19
110 50
136 96
134 81
161 99
111 54
137 17
135 36
162 20
112 89
138 56
136 42
163 88
113 67
139 48
137 49
164 95
114 17
140 72
138 42
165 53
115 100
141 19
139 47
166 74
116 29
142 92
140 100
167 70
117 31
143 93
141 91
168 23
118 67
144 32
142 61
169 33
119 48
145 87
143 17
170 61
120 54
146 35
144 53
171 59
121 35
147 97
145 25
172 93
122 29
148 91
146 62
173 96
123 94
149 93
147 85
174 94
124 87
150 86
148 11
175 68
125 13
149 56
176 91
126 27
152 61
177 68
127 19
153 81
151 13
178 48
128 64
154 27
152 33
179 68
129 98
155 70
153 29
180 83
130 46
156 34
154 60
181 65
131 32
157 30
155 79
182 85
132 56
158 65
156 92
183 10
133 99
159 69
157 70
184 16
134 32
160 18
158 90
185 62
135 23
161 18
159 90
186 35
136 68
162 93
160 40
187 51
137 33
163 61
161 64
188 46
138 20
164 61
162 76
189 89
139 57
165 39
163 82
190 78
140 85
166 44
164 45
191 86
141 53
167 49
165 50
192 81
142 56
168 100
166 31
193 13
143 57
169 91
167 82
194 12
144 74
170 48
168 34
195 39
145 52
171 58
169 49
196 39
146 33
172 93
170 39
197 29
147 55
173 61
171 58
198 80
148 27
174 67
172 25
199 25
149 18
175 99
173 54
200 70
150 37
174 21
201 22
151 16
177 65
202 81
152 47
178 14
176 37
203 91
153 73
179 98
177 33
204 36
154 23
180 61
178 65
205 55
155 92
181 13
179 51
206 97
156 98
182 29
180 32
207 63
157 53
183 74
181 91
208 72
158 69
184 55
182 17
209 44
159 25
185 51
183 50
210 92
160 18
186 40
184 100
211 70
161 79
187 37
185 52
212 75
162 85
188 11
186 74
213 55
163 27
189 76
187 92
214 29
164 69
190 90
188 13
215 51
165 29
191 94
189 63
216 18
166 84
192 18
190 40
217 70
167 66
193 54
191 63
218 43
168 69
194 54
192 99
219 13
169 73
195 92
193 30
220 80
170 90
196 10
194 36
221 64
171 81
197 49
195 72
222 83
172 90
198 96
196 47
223 45
173 75
199 65
197 40
224 78
174 71
200 58
198 40
225 98
175 63
199 69
226 11
176 72
202 62
227 68
177 97
203 33
201 32
228 34
178 99
204 27
202 19
229 15
179 16
205 84
203 31
230 34
180 25
206 68
204 12
231 24
181 98
207 14
205 83
232 32
182 34
208 18
206 66
233 61
183 58
209 64
207 70
234 39
184 54
210 34
208 24
235 71
185 31
211 16
209 94
236 31
186 14
212 47
210 91
237 19
187 21
213 31
211 63
238 74
188 40
214 88
212 80
239 88
189 78
215 32
213 18
240 61
190 55
216 87
214 16
241 82
191 52
217 82
215 23
242 80
192 14
218 68
216 65
243 63
193 94
219 28
217 22
244 24
194 58
220 94
218 93
245 55
195 42
221 49
219 71
246 74
196 87
222 36
220 58
247 32
197 64
223 78
221 31
248 93
198 60
224 28
222 20
249 72
199 90
225 19
223 19
250 47
200 43
224 27
251 60
201 85
227 20
252 24
202 14
228 56
226 67
253 91
203 42
229 98
227 92
254 78
204 38
230 64
228 37
255 72
205 40
231 71
229 68
256 47
206 29
232 52
230 89
257 64
207 30
233 22
231 59
258 15
208 56
234 23
232 97
259 40
209 27
235 94
233 79
260 26
210 91
236 47
234 90
261 86
211 41
237 22
235 80
262 34
212 39
238 83
236 59
263 33
213 71
239 50
237 87
264 71
214 70
240 45
238 29
265 80
215 24
241 18
239 19
266 31
216 66
242 40
240 36
267 29
217 14
243 14
241 68
268 25
218 31
244 100
242 60
269 26
219 70
245 22
243 84
270 61
220 29
246 73
244 52
271 77
221 20
247 73
245 68
272 65
222 62
248 86
246 55
273 69
223 33
249 34
247 33
274 38
224 60
250 91
248 49
275 50
225 23
249 56
276 70
226 78
252 63
277 41
227 60
253 90
251 91
278 23
228 23
254 16
252 94
279 44
229 44
255 78
253 64
280 14
230 19
256 87
254 28
281 11
231 90
257 81
255 86
282 39
232 99
258 29
256 75
283 44
233 71
259 48
257 72
284 87
234 57
260 69
258 34
285 86
235 66
261 11
259 47
286 79
236 76
262 29
260 85
287 26
237 78
263 38
261 78
288 66
238 82
264 45
262 25
289 91
239 81
265 34
263 38
290 68
240 69
266 66
264 24
291 94
241 33
267 10
265 76
292 78
242 57
268 47
266 61
293 77
243 91
269 79
267 43
294 23
244 19
270 40
268 23
295 55
245 52
271 46
269 96
296 60
246 92
272 74
270 72
297 77
247 34
273 56
271 54
298 52
248 80
274 16
272 67
299 35
249 58
275 14
273 79
300 42
250 76
274 81
301 37
251 95
277 22
302 18
252 32
278 19
276 80
303 50
253 68
279 37
277 10
304 11
254 20
280 78
278 13
305 94
255 10
281 57
279 38
306 94
256 28
282 59
280 38
307 51
257 60
283 75
281 98
308 42
258 32
284 99
282 70
309 50
259 85
285 13
283 17
310 41
260 65
286 46
284 32
311 58
261 83
287 17
285 11
312 16
262 44
288 19
286 45
313 39
263 97
289 48
287 77
314 82
264 80
290 99
288 61
315 94
265 99
291 33
289 61
316 47
266 68
292 68
290 84
317 55
267 19
293 97
291 11
318 66
268 74
294 75
292 47
319 94
269 89
295 84
293 42
320 76
270 84
296 36
294 40
321 15
271 56
297 71
295 44
322 22
272 16
298 72
296 83
323 66
273 31
299 24
297 74
324 73
274 48
300 64
298 46
325 12
275 93
299 91
326 81
276 43
302 85
327 94
277 75
303 52
301 73
328 13
278 57
304 73
302 53
329 55
279 53
305 35
303 78
330 39
280 48
306 53
304 51
331 43
281 51
307 39
305 45
332 100
282 66
308 95
306 31
333 34
283 88
309 61
307 81
334 26
284 52
310 59
308 32
335 96
285 33
311 61
309 70
336 58
286 81
312 82
310 91
337 47
287 76
313 16
311 13
338 34
288 26
314 43
312 76
339 33
289 12
315 65
313 24
340 30
290 49
316 48
314 39
341 22
291 69
317 57
315 97
342 72
292 58
318 11
316 28
343 72
293 35
319 12
317 100
344 21
294 10
320 59
318 50
345 64
295 62
321 90
319 19
346 78
296 36
322 88
320 73
347 96
297 100
323 75
321 83
348 36
298 32
324 36
322 69
349 34
299 63
325 93
323 41
350 94
300 47
324 74
351 21
301 44
327 12
352 60
302 80
328 99
326 24
353 17
303 60
329 79
327 37
354 20
304 27
330 51
328 96
355 69
305 36
331 38
329 66
356 33
306 71
332 64
330 84
357 18
307 62
333 62
331 56
358 46
308 76
334 10
332 73
359 94
309 53
335 95
333 27
360 76
310 55
336 17
334 97
361 50
311 20
337 47
335 49
362 62
312 65
338 33
336 10
363 14
313 34
339 53
337 53
364 37
314 71
340 62
338 75
365 94
315 69
341 82
339 53
366 19
316 62
342 68
340 25
367 40
317 76
343 65
341 47
368 62
318 28
344 75
342 100
369 48
319 39
345 16
343 54
370 66
320 73
346 59
344 30
371 10
321 66
347 72
345 72
372 11
322 60
348 54
346 30
373 19
323 100
349 95
347 42
374 95
324 56
350 93
348 21
375 28
325 83
349 20
376 72
326 12
352 15
377 70
327 58
353 86
351 40
378 42
328 34
354 100
352 64
379 91
329 33
355 49
353 48
380 17
330 86
356 20
354 89
381 32
331 47
357 43
355 76
382 23
332 38
358 76
356 68
383 32
333 84
359 96
357 45
384 39
334 79
360 26
358 61
385 10
335 31
361 29
359 88
386 32
336 87
362 93
360 25
387 95
337 79
363 93
361 61
388 98
338 47
364 40
362 48
389 23
339 50
365 68
363 73
390 62
340 10
366 19
364 43
391 30
341 74
367 95
365 57
392 53
342 91
368 24
366 38
393 25
343 30
369 79
367 15
394 69
344 51
370 19
368 67
395 39
345 86
371 46
369 68
396 74
346 80
372 86
370 77
397 67
347 85
373 46
371 85
398 11
348 35
374 44
372 76
399 19
349 74
375 54
373 24
400 40
350 31
374 28
401 66
351 22
377 85
402 13
352 10
378 29
376 86
403 72
353 73
379 33
377 25
404 99
354 61
380 11
378 10
405 99
355 96
381 35
379 76
406 49
356 10
382 56
380 56
407 23
357 91
383 31
381 93
408 88
358 57
384 72
382 61
409 89
359 98
385 26
383 12
410 38
360 86
386 45
384 58
411 48
361 75
387 19
385 85
412 10
362 35
388 97
386 53
413 34
363 90
389 71
387 40
414 12
364 15
390 72
388 52
415 62
365 60
391 58
389 85
416 19
366 42
392 52
390 85
417 51
367 96
393 88
391 44
418 64
368 29
394 76
392 72
419 10
369 89
395 79
393 33
420 29
370 45
396 23
394 96
421 12
371 71
397 48
395 42
422 54
372 63
398 28
396 88
423 46
373 26
399 78
397 60
424 20
374 41
400 15
398 34
425 30
375 19
399 52
426 37
376 86
402 92
427 75
377 70
403 53
401 92
428 12
378 31
404 43
402 71
429 38
379 30
405 41
403 68
430 89
380 98
406 10
404 12
431 86
381 64
407 51
405 96
432 75
382 53
408 48
406 72
433 41
383 11
409 85
407 40
434 38
384 79
410 83
408 57
435 34
385 86
411 39
409 50
436 87
386 43
412 66
410 66
437 79
387 18
413 28
411 89
438 52
388 55
414 25
412 44
439 81
389 41
415 89
413 39
440 20
390 46
416 18
414 82
441 95
391 87
417 64
415 29
442 11
392 55
418 21
416 81
443 80
393 76
419 15
417 86
444 99
394 31
420 40
418 87
445 70
395 72
421 50
419 34
446 53
396 75
422 51
420 89
447 40
397 86
423 71
421 100
448 87
398 52
424 86
422 67
449 34
399 42
425 45
423 28
450 52
400 49
424 32
451 26
401 22
427 80
452 70
402 94
428 32
426 97
453 100
403 44
429 46
427 25
454 74
404 84
430 37
428 54
455 25
405 53
431 64
429 37
456 56
406 86
432 50
430 87
457 39
407 51
433 34
431 80
458 43
408 13
434 98
432 15
459 96
409 93
435 99
433 55
460 33
410 47
436 97
434 67
461 88
411 65
437 38
435 52
462 33
412 49
438 94
436 83
463 23
413 15
439 25
437 88
464 20
414 62
440 40
438 33
465 33
415 32
441 15
439 32
466 100
416 35
442 16
440 48
467 18
417 65
443 59
441 61
468 62
418 77
444 32
442 13
469 31
419 59
445 82
443 23
470 88
420 87
446 13
444 62
471 49
421 89
447 91
445 60
472 12
422 22
448 37
446 17
473 86
423 55
449 67
447 75
474 96
424 41
450 91
448 64
475 49
425 34
449 76
476 73
426 54
452 66
477 97
427 96
453 39
451 17
478 82
428 95
454 11
452 41
479 63
429 86
455 53
453 95
480 49
430 78
456 93
454 44
481 31
431 21
457 47
455 42
482 68
432 70
458 77
456 37
483 19
433 10
459 56
457 18
484 38
434 21
460 76
458 41
485 20
435 41
461 35
459 82
486 28
436 37
462 98
460 96
487 40
437 92
463 11
461 45
488 57
438 23
464 68
462 12
489 97
439 76
465 38
463 67
490 99
440 44
466 37
464 24
491 53
441 100
467 42
465 24
492 22
442 23
468 62
466 87
493 26
443 94
469 59
467 50
494 78
444 95
470 41
468 13
495 73
445 60
471 74
469 13
496 52
446 64
472 10
470 61
497 60
447 80
473 51
471 52
498 29
448 79
474 19
472 84
499 23
449 21
475 45
473 22
500 93
450 92
474 20
501 27
451 85
477 93
502 47
452 24
478 100
476 89
503 73
453 45
479 79
477 92
504 37
454 61
480 100
478 27
505 74
455 82
481 38
479 19
506 57
456 75
482 74
480 44
507 29
457 43
483 68
481 92
508 14
458 39
484 45
482 59
509 26
459 47
485 36
483 92
510 45
460 85
486 42
484 30
511 91
461 20
487 35
485 10
512 97
462 86
488 69
486 42
513 16
463 71
489 98
487 56
514 26
464 72
490 79
488 14
515 24
465 76
491 78
489 78
516 47
466 93
492 68
490 11
517 76
467 43
493 14
491 82
518 19
468 30
494 97
492 22
519 19
469 72
495 93
493 17
520 87
470 37
496 14
494 59
521 80
471 33
497 26
495 26
522 93
472 91
498 61
496 18
523 95
473 29
499 90
497 69
524 43
474 28
500 32
498 88
525 67
475 19
499 22
526 88
476 54
502 71
527 91
477 68
503 57
501 34
528 28
478 48
504 25
502 89
529 66
479 25
505 30
503 66
530 83
480 67
506 59
504 53
531 94
481 63
507 60
505 31
532 58
482 19
508 22
506 17
533 85
483 91
509 74
507 71
534 35
484 72
510 52
508 30
535 67
485 45
511 37
509 71
536 72
486 20
512 50
510 89
537 83
487 81
513 17
511 88
538 10
488 14
514 13
512 40
539 26
489 23
515 61
513 73
540 38
490 45
516 91
514 53
541 37
491 54
517 52
515 28
542 18
492 98
518 10
516 17
543 64
493 75
519 38
517 73
544 71
494 84
520 24
518 21
545 55
495 77
521 18
519 63
546 73
496 44
522 27
520 59
547 78
497 97
523 55
521 48
548 98
498 73
524 25
522 11
549 10
499 21
525 88
523 87
550 21
500 12
524 85
551 68
501 14
527 42
552 72
502 60
528 53
526 90
553 23
503 61
529 11
527 36
554 61
504 48
530 81
528 84
555 15
505 60
531 18
529 11
556 72
506 82
532 26
530 97
557 40
507 35
533 26
531 63
558 96
508 45
534 94
532 32
559 80
509 67
535 75
533 91
560 37
510 59
536 68
534 40
561 37
511 21
537 22
535 49
562 43
512 94
538 61
536 12
563 83
513 32
539 16
537 62
564 50
514 16
540 67
538 24
565 25
515 83
541 22
539 97
566 25
516 90
542 59
540 75
567 85
517 24
543 97
541 60
568 25
518 64
544 45
542 60
569 37
519 18
545 79
543 97
570 82
520 97
546 43
544 11
571 13
521 58
547 80
545 62
572 61
522 53
548 15
546 62
573 20
523 28
549 15
547 30
574 26
524 45
550 88
548 16
575 63
525 14
549 82
576 100
526 19
552 33
577 30
527 14
553 19
551 83
578 56
528 25
554 22
552 60
579 13
529 17
555 81
553 12
580 48
530 24
556 38
554 30
581 64
531 89
557 73
555 15
582 87
532 26
558 64
556 66
583 75
533 76
559 42
557 97
584 11
534 100
560 41
558 71
585 53
535 78
561 45
559 16
586 89
536 55
562 35
560 42
587 97
537 86
563 42
561 69
588 73
538 65
564 18
562 87
589 45
539 28
565 75
563 91
590 69
540 99
566 56
564 40
591 39
541 58
567 22
565 72
592 95
542 53
568 97
566 66
593 38
543 46
569 39
567 66
594 97
544 48
570 45
568 56
595 100
545 89
571 91
569 33
596 52
546 84
572 17
570 40
597 68
547 93
573 75
571 41
598 15
548 34
574 45
572 66
599 68
549 84
575 95
573 45
600 68
550 68
574 91
601 49
551 27
577 29
602 29
552 88
578 50
576 62
603 16
553 53
579 77
577 73
604 51
554 10
580 28
578 67
605 68
555 66
581 100
579 40
606 34
556 58
582 99
580 64
607 62
557 72
583 21
581 99
608 29
558 52
584 93
582 26
609 12
559 36
585 70
583 31
610 64
560 30
586 87
584 10
611 33
561 25
587 58
585 46
612 44
562 89
588 53
586 97
613 36
563 59
589 10
587 71
614 32
564 63
590 10
588 94
615 27
565 11
591 47
589 83
616 66
566 17
592 44
590 57
617 50
567 44
593 66
591 62
618 58
568 28
594 98
592 52
619 15
569 46
595 42
593 85
620 97
570 25
596 88
594 28
621 93
571 92
597 20
595 40
622 88
572 98
598 85
596 42
623 78
573 18
599 96
597 15
624 86
574 66
600 74
598 43
625 11
575 10
599 44
576 13
602 34
577 28
603 16
601 44
578 30
604 54
602 59
579 81
605 20
603 12
580 76
606 14
604 71
581 40
607 42
605 19
582 54
608 97
606 77
583 40
609 92
607 27
584 47
610 65
608 42
585 80
611 75
609 79
586 42
612 16
610 24
587 63
613 98
611 74
588 100
614 92
612 89
589 67
615 98
613 41
590 95
616 32
614 53
591 53
617 44
615 26
592 43
618 76
616 49
593 56
619 26
617 29
594 48
620 27
618 91
595 99
621 24
619 86
596 65
622 37
620 52
597 14
623 30
621 98
598 36
624 81
622 85
599 36
625 31
623 16
600 86
624 67
377
155
2 508 377 
1 330 
2 615 364 
1 531 
3 313 191 148 
1 387 
2 285 468 
4 278 300 28 128 
2 277 122 
4 370 63 290 236 
1 47 
2 193 342 
2 522 381 
1 36 
3 549 577 306 
1 151 
4 299 31 121 263 
3 130 226 367 
2 324 41 
3 545 399 512 
2 84 303 
1 527 
1 434 
1 331 
2 619 215 
1 592 
1 365 
1 419 
2 133 20 
2 312 3 
1 170 
2 335 607 
3 6 555 78 
1 146 
3 466 438 449 
1 196 
2 347 515 
2 319 134 
2 413 351 
2 119 99 
2 587 201 
2 143 535 
1 274 
2 103 565 
1 35 
3 185 625 595 
3 517 501 341 
1 93 
3 200 474 136 
1 197 
1 336 
1 337 
1 371 
1 617 
1 507 
1 485 
2 11 110 
2 481 262 
1 165 
2 233 310 
2 260 45 
2 38 125 
1 316 
1 488 
1 288 
3 393 160 623 
2 586 409 
3 430 305 521 
3 386 82 410 
3 620 281 542 
1 105 
1 580 
3 132 30 301 
3 52 145 56 
2 258 441 
1 497 
1 563 
1 91 
3 492 382 166 
1 525 
2 537 622 
2 506 536 
1 65 
1 463 
1 470 
2 87 184 
3 550 608 137 
3 98 212 219 
2 591 18 
2 135 232 
1 239 
2 114 317 
1 34 
1 179 
2 391 249 
3 491 520 1 
2 107 231 
3 329 264 379 
1 204 
1 57 
1 73 
1 295 
4 561 621 111 50 
2 141 205 
3 75 424 518 
1 503 
1 464 
2 374 304 
3 426 223 552 
1 475 
2 407 228 
3 242 412 420 
2 327 462 
3 355 505 275 
1 325 
2 354 480 
1 450 
2 235 155 
