600 2276 10 100 114
2
3
3
3
3
3
3
3
3
3
3
3
3
3
3
3
3
3
3
3
3
3
3
3
3
3
3
3
3
3
3
3
3
3
3
3
3
3
3
3
3
3
3
3
3
3
3
3
3
2
3
4
4
4
4
4
4
4
4
4
4
4
4
4
4
4
4
4
4
4
4
4
4
4
4
4
4
4
4
4
4
4
4
4
4
4
4
4
4
4
4
4
4
4
4
4
4
4
4
3
3
4
4
4
4
4
4
4
4
4
4
4
4
4
4
4
4
4
4
4
4
4
4
4
4
4
4
4
4
4
4
4
4
4
4
4
4
4
4
4
4
4
4
4
4
4
4
4
4
3
3
4
4
4
4
4
4
4
4
4
4
4
4
4
4
4
4
4
4
4
4
4
4
4
4
4
4
4
4
4
4
4
4
4
4
4
4
4
4
4
4
4
4
4
4
4
4
4
4
3
3
4
4
4
4
4
4
4
4
4
4
4
4
4
4
4
4
4
4
4
4
4
4
4
4
4
4
4
4
4
4
4
4
4
4
4
4
4
4
4
4
4
4
4
4
4
4
4
4
3
3
4
4
4
4
4
4
4
4
4
4
4
4
4
4
4
4
4
4
4
4
4
4
4
4
4
4
4
4
4
4
4
4
4
4
4
4
4
4
4
4
4
4
4
4
4
4
4
4
3
3
4
4
4
4
4
4
4
4
4
4
4
4
4
4
4
4
4
4
4
4
4
4
4
4
4
4
4
4
4
4
4
4
4
4
4
4
4
4
4
4
4
4
4
4
4
4
4
4
3
3
4
4
4
4
4
4
4
4
4
4
4
4
4
4
4
4
4
4
4
4
4
4
4
4
4
4
4
4
4
4
4
4
4
4
4
4
4
4
4
4
4
4
4
4
4
4
4
4
3
3
4
4
4
4
4
4
4
4
4
4
4
4
4
4
4
4
4
4
4
4
4
4
4
4
4
4
4
4
4
4
4
4
4
4
4
4
4
4
4
4
4
4
4
4
4
4
4
4
3
3
4
4
4
4
4
4
4
4
4
4
4
4
4
4
4
4
4
4
4
4
4
4
4
4
4
4
4
4
4
4
4
4
4
4
4
4
4
4
4
4
4
4
4
4
4
4
4
4
3
3
4
4
4
4
4
4
4
4
4
4
4
4
4
4
4
4
4
4
4
4
4
4
4
4
4
4
4
4
4
4
4
4
4
4
4
4
4
4
4
4
4
4
4
4
4
4
4
4
3
2
3
3
3
3
3
3
3
3
3
3
3
3
3
3
3
3
3
3
3
3
3
3
3
3
3
3
3
3
3
3
3
3
3
3
3
3
3
3
3
3
3
3
3
3
3
3
3
3
2
51 34
2 29
52 75
3 27
1 71
53 13
4 77
2 100
54 58
5 21
3 53
55 68
6 20
4 49
56 14
7 40
5 69
57 37
8 63
6 50
58 30
9 80
7 63
59 88
10 68
8 77
60 69
11 100
9 39
61 56
12 10
10 90
62 89
13 90
11 50
63 95
14 98
12 52
64 28
15 78
13 77
65 59
16 80
14 42
66 27
17 19
15 66
67 98
18 55
16 64
68 36
19 87
17 54
69 11
20 52
18 71
70 98
21 51
19 99
71 72
22 43
20 82
72 82
23 67
21 80
73 44
24 46
22 38
74 63
25 37
23 12
75 17
26 17
24 95
76 88
27 90
25 25
77 90
28 69
26 44
78 79
29 49
27 58
79 34
30 22
28 11
80 20
31 100
29 44
81 37
32 75
30 100
82 39
33 91
31 46
83 65
34 56
32 70
84 62
35 46
33 100
85 76
36 46
34 47
86 93
37 22
35 82
87 29
38 45
36 69
88 20
39 12
37 76
89 18
40 82
38 85
90 29
41 19
39 43
91 42
42 45
40 35
92 99
43 47
41 68
93 60
44 55
42 98
94 44
45 74
43 74
95 17
46 39
44 19
96 20
47 75
45 59
97 37
48 25
46 72
98 52
49 75
47 29
99 59
50 76
48 96
100 10
49 97
101 47
1 92
52 34
102 74
2 74
53 57
51 47
103 12
3 26
54 59
52 80
104 11
4 69
55 98
53 92
105 58
5 73
56 74
54 21
106 14
6 21
57 35
55 55
107 68
7 82
58 98
56 89
108 44
8 96
59 23
57 36
109 64
9 41
60 71
58 22
110 44
10 30
61 67
59 35
111 44
11 77
62 53
60 53
112 61
12 84
63 44
61 66
113 24
13 64
64 25
62 92
114 63
14 36
65 39
63 64
115 33
15 45
66 44
64 22
116 15
16 96
67 46
65 52
117 55
17 64
68 77
66 33
118 100
18 65
69 43
67 11
119 67
19 12
70 93
68 63
120 25
20 78
71 100
69 66
121 16
21 67
72 50
70 58
122 38
22 71
73 57
71 98
123 59
23 74
74 48
72 34
124 35
24 77
75 28
73 35
125 56
25 100
76 94
74 14
126 45
26 38
77 14
75 36
127 93
27 16
78 64
76 26
128 44
28 48
79 68
77 24
129 64
29 85
80 58
78 85
130 28
30 53
81 17
79 35
131 46
31 66
82 70
80 30
132 85
32 20
83 18
81 79
133 18
33 56
84 66
82 27
134 11
34 22
85 90
83 42
135 80
35 88
86 89
84 18
136 77
36 87
87 90
85 43
137 33
37 24
88 30
86 91
138 79
38 54
89 46
87 47
139 10
39 32
90 21
88 47
140 45
40 70
91 31
89 83
141 15
41 30
92 72
90 40
142 51
42 11
93 84
91 57
143 83
43 34
94 69
92 23
144 34
44 12
95 86
93 98
145 68
45 71
96 21
94 14
146 94
46 89
97 91
95 32
147 61
47 65
98 37
96 63
148 96
48 25
99 87
97 26
149 79
49 98
100 68
98 87
150 41
50 40
99 34
151 41
51 41
102 92
152 12
52 90
103 24
101 25
153 54
53 85
104 28
102 97
154 13
54 46
105 21
103 20
155 64
55 55
106 15
104 44
156 44
56 32
107 84
105 53
157 79
57 72
108 21
106 67
158 14
58 63
109 19
107 49
159 11
59 51
110 39
108 66
160 66
60 21
111 11
109 49
161 40
61 20
112 18
110 74
162 51
62 62
113 38
111 33
163 29
63 65
114 80
112 71
164 97
64 68
115 50
113 29
165 37
65 20
116 67
114 35
166 51
66 84
117 76
115 80
167 58
67 55
118 41
116 65
168 59
68 49
119 57
117 96
169 59
69 84
120 39
118 72
170 18
70 41
121 37
119 91
171 81
71 93
122 76
120 21
172 93
72 24
123 41
121 36
173 28
73 41
124 34
122 74
174 73
74 31
125 41
123 87
175 12
75 70
126 92
124 60
176 99
76 30
127 18
125 21
177 23
77 69
128 34
126 86
178 81
78 43
129 19
127 71
179 17
79 31
130 51
128 81
180 92
80 70
131 63
129 22
181 11
81 60
132 69
130 49
182 93
82 23
133 82
131 43
183 48
83 21
134 83
132 27
184 63
84 70
135 71
133 55
185 47
85 67
136 55
134 99
186 75
86 16
137 34
135 53
187 62
87 43
138 70
136 10
188 69
88 56
139 41
137 40
189 33
89 32
140 29
138 52
190 82
90 19
141 53
139 54
191 88
91 41
142 59
140 60
192 62
92 14
143 65
141 97
193 13
93 75
144 23
142 73
194 84
94 46
145 22
143 31
195 82
95 32
146 64
144 39
196 37
96 57
147 77
145 48
197 52
97 28
148 58
146 61
198 71
98 32
149 95
147 77
199 18
99 46
150 60
148 57
200 25
100 98
149 55
201 79
101 36
152 70
202 74
102 14
153 72
151 56
203 64
103 36
154 41
152 75
204 75
104 12
155 75
153 15
205 64
105 29
156 61
154 16
206 68
106 33
157 46
155 90
207 78
107 57
158 35
156 95
208 11
108 60
159 93
157 79
209 94
109 31
160 72
158 17
210 26
110 60
161 96
159 96
211 100
111 91
162 49
160 24
212 72
112 84
163 18
161 37
213 72
113 55
164 89
162 63
214 43
114 77
165 64
163 48
215 58
115 98
166 76
164 18
216 33
116 41
167 42
165 81
217 76
117 43
168 29
166 62
218 61
118 69
169 44
167 71
219 56
119 30
170 83
168 64
220 43
120 53
171 86
169 15
221 90
121 42
172 74
170 17
222 83
122 40
173 30
171 54
223 18
123 23
174 97
172 97
224 92
124 84
175 84
173 68
225 93
125 19
176 23
174 39
226 38
126 16
177 48
175 64
227 54
127 27
178 45
176 91
228 35
128 88
179 15
177 73
229 77
129 71
180 99
178 34
230 93
130 24
181 46
179 64
231 59
131 37
182 76
180 84
232 88
132 10
183 28
181 97
233 28
133 10
184 79
182 45
234 53
134 44
185 88
183 30
235 25
135 61
186 70
184 63
236 24
136 96
187 59
185 36
237 85
137 50
188 18
186 82
238 23
138 80
189 18
187 54
239 12
139 54
190 70
188 70
240 13
140 56
191 46
189 60
241 44
141 56
192 27
190 67
242 14
142 82
193 27
191 53
243 88
143 16
194 53
192 38
244 69
144 19
195 88
193 80
245 84
145 98
196 23
194 52
246 14
146 28
197 50
195 13
247 34
147 49
198 45
196 20
248 46
148 22
199 37
197 74
249 67
149 16
200 40
198 22
250 96
150 88
199 67
251 21
151 76
202 60
252 64
152 17
203 56
201 66
253 28
153 11
204 18
202 15
254 21
154 35
205 92
203 41
255 31
155 85
206 73
204 71
256 54
156 41
207 37
205 21
257 67
157 86
208 32
206 65
258 55
158 64
209 78
207 26
259 27
159 66
210 35
208 66
260 14
160 93
211 97
209 82
261 46
161 16
212 30
210 97
262 56
162 76
213 26
211 89
263 61
163 16
214 57
212 96
264 59
164 80
215 54
213 40
265 29
165 12
216 47
214 11
266 78
166 92
217 75
215 40
267 18
167 80
218 91
216 94
268 97
168 67
219 25
217 76
269 53
169 77
220 40
218 19
270 92
170 16
221 71
219 80
271 20
171 47
222 46
220 33
272 12
172 13
223 32
221 12
273 93
173 77
224 35
222 87
274 11
174 24
225 34
223 48
275 92
175 30
226 45
224 96
276 33
176 24
227 18
225 73
277 31
177 45
228 16
226 51
278 44
178 28
229 96
227 35
279 61
179 99
230 45
228 20
280 36
180 42
231 26
229 52
281 56
181 30
232 60
230 100
282 24
182 40
233 19
231 93
283 15
183 14
234 29
232 74
284 67
184 85
235 86
233 50
285 10
185 94
236 74
234 44
286 41
186 76
237 100
235 42
287 79
187 40
238 28
236 85
288 28
188 39
239 18
237 100
289 52
189 98
240 68
238 87
290 51
190 77
241 36
239 25
291 55
191 100
242 57
240 31
292 51
192 34
243 88
241 29
293 76
193 14
244 82
242 37
294 20
194 58
245 68
243 83
295 72
195 34
246 89
244 48
296 74
196 61
247 100
245 73
297 70
197 59
248 32
246 56
298 28
198 18
249 76
247 56
299 36
199 23
250 15
248 73
300 85
200 16
249 79
301 81
201 96
252 81
302 71
202 63
253 14
251 32
303 34
203 99
254 75
252 31
304 30
204 77
255 77
253 26
305 12
205 71
256 22
254 79
306 43
206 12
257 74
255 33
307 16
207 57
258 61
256 65
308 72
208 88
259 82
257 24
309 61
209 23
260 96
258 40
310 18
210 88
261 27
259 43
311 20
211 78
262 33
260 89
312 60
212 89
263 91
261 18
313 23
213 55
264 41
262 77
314 82
214 16
265 58
263 65
315 29
215 35
266 55
264 36
316 72
216 88
267 51
265 17
317 32
217 49
268 42
266 92
318 17
218 22
269 82
267 71
319 82
219 24
270 11
268 51
320 83
220 94
271 78
269 93
321 33
221 26
272 96
270 53
322 17
222 39
273 21
271 88
323 23
223 18
274 83
272 87
324 45
224 95
275 47
273 69
325 71
225 92
276 78
274 64
326 33
226 52
277 27
275 25
327 45
227 18
278 76
276 56
328 61
228 81
279 39
277 12
329 56
229 78
280 100
278 49
330 37
230 27
281 94
279 74
331 31
231 13
282 10
280 68
332 74
232 23
283 78
281 77
333 29
233 90
284 84
282 56
334 30
234 35
285 16
283 74
335 84
235 44
286 64
284 25
336 14
236 55
287 52
285 82
337 56
237 87
288 59
286 79
338 36
238 61
289 71
287 70
339 71
239 14
290 30
288 86
340 69
240 48
291 66
289 60
341 40
241 64
292 43
290 91
342 21
242 22
293 32
291 42
343 17
243 60
294 25
292 93
344 74
244 42
295 87
293 19
345 44
245 74
296 76
294 85
346 13
246 52
297 75
295 44
347 75
247 80
298 57
296 83
348 29
248 54
299 62
297 87
349 83
249 10
300 50
298 43
350 35
250 42
299 88
351 31
251 64
302 83
352 89
252 35
303 69
301 65
353 72
253 51
304 79
302 84
354 98
254 13
305 81
303 43
355 11
255 37
306 10
304 88
356 98
256 40
307 10
305 23
357 95
257 36
308 10
306 80
358 15
258 49
309 11
307 93
359 45
259 98
310 62
308 38
360 32
260 53
311 69
309 44
361 40
261 59
312 90
310 63
362 61
262 33
313 13
311 39
363 37
263 78
314 73
312 33
364 39
264 10
315 59
313 32
365 31
265 73
316 86
314 41
366 15
266 78
317 67
315 85
367 76
267 34
318 51
316 61
368 54
268 72
319 62
317 12
369 73
269 15
320 38
318 72
370 57
270 81
321 45
319 29
371 65
271 34
322 17
320 60
372 92
272 31
323 55
321 15
373 34
273 40
324 45
322 58
374 53
274 39
325 99
323 74
375 55
275 96
326 15
324 56
376 74
276 62
327 70
325 70
377 40
277 72
328 11
326 77
378 100
278 77
329 13
327 80
379 48
279 12
330 72
328 53
380 21
280 54
331 10
329 58
381 74
281 96
332 74
330 36
382 74
282 68
333 94
331 43
383 41
283 97
334 61
332 83
384 42
284 18
335 41
333 88
385 58
285 79
336 13
334 57
386 57
286 99
337 89
335 39
387 93
287 81
338 61
336 81
388 29
288 50
339 48
337 99
389 64
289 82
340 10
338 76
390 71
290 43
341 42
339 52
391 89
291 78
342 96
340 99
392 85
292 10
343 35
341 92
393 96
293 95
344 70
342 52
394 43
294 63
345 84
343 79
395 14
295 97
346 34
344 83
396 98
296 88
347 12
345 60
397 45
297 62
348 48
346 60
398 26
298 27
349 53
347 97
399 71
299 91
350 60
348 76
400 49
300 35
349 50
401 40
301 48
352 43
402 48
302 19
353 52
351 57
403 62
303 32
354 54
352 36
404 62
304 72
355 68
353 40
405 82
305 14
356 75
354 40
406 45
306 21
357 44
355 54
407 50
307 69
358 75
356 72
408 31
308 59
359 81
357 92
409 22
309 21
360 17
358 53
410 33
310 30
361 54
359 25
411 46
311 11
362 31
360 84
412 50
312 12
363 25
361 60
413 62
313 30
364 87
362 72
414 95
314 100
365 30
363 17
415 98
315 20
366 13
364 81
416 45
316 63
367 91
365 57
417 57
317 23
368 62
366 65
418 81
318 53
369 80
367 89
419 36
319 90
370 85
368 72
420 67
320 29
371 78
369 61
421 55
321 97
372 81
370 19
422 46
322 35
373 90
371 21
423 95
323 94
374 54
372 28
424 48
324 61
375 16
373 66
425 97
325 16
376 63
374 25
426 88
326 29
377 12
375 19
427 14
327 78
378 99
376 52
428 17
328 52
379 65
377 92
429 34
329 18
380 56
378 89
430 40
330 20
381 87
379 73
431 78
331 15
382 44
380 60
432 14
332 58
383 99
381 86
433 68
333 28
384 39
382 36
434 78
334 94
385 64
383 37
435 53
335 71
386 43
384 94
436 96
336 35
387 61
385 72
437 35
337 52
388 69
386 34
438 11
338 68
389 39
387 35
439 62
339 29
390 30
388 67
440 78
340 47
391 57
389 61
441 64
341 45
392 23
390 94
442 41
342 10
393 77
391 77
443 92
343 80
394 84
392 99
444 100
344 32
395 83
393 53
445 67
345 38
396 92
394 61
446 84
346 31
397 15
395 82
447 35
347 21
398 49
396 27
448 41
348 100
399 60
397 59
449 42
349 69
400 18
398 59
450 93
350 74
399 13
451 21
351 52
402 79
452 29
352 55
403 84
401 11
453 80
353 97
404 33
402 92
454 84
354 50
405 97
403 40
455 94
355 21
406 77
404 62
456 70
356 86
407 36
405 45
457 25
357 75
408 100
406 79
458 20
358 88
409 48
407 17
459 31
359 55
410 13
408 87
460 41
360 25
411 28
409 25
461 90
361 35
412 32
410 58
462 94
362 88
413 80
411 69
463 63
363 26
414 72
412 56
464 52
364 82
415 16
413 82
465 82
365 65
416 43
414 31
466 72
366 63
417 32
415 80
467 28
367 28
418 53
416 61
468 50
368 81
419 89
417 46
469 31
369 49
420 18
418 99
470 50
370 41
421 57
419 20
471 17
371 47
422 80
420 65
472 27
372 75
423 60
421 41
473 11
373 68
424 45
422 58
474 60
374 63
425 66
423 71
475 53
375 24
426 94
424 48
476 80
376 37
427 65
425 76
477 53
377 25
428 93
426 89
478 65
378 36
429 51
427 54
479 71
379 89
430 56
428 31
480 48
380 95
431 13
429 96
481 57
381 93
432 83
430 93
482 91
382 14
433 40
431 35
483 87
383 37
434 72
432 36
484 15
384 22
435 99
433 64
485 66
385 16
436 12
434 34
486 44
386 27
437 25
435 78
487 70
387 54
438 95
436 42
488 46
388 53
439 81
437 61
489 22
389 61
440 47
438 76
490 72
390 20
441 91
439 65
491 13
391 80
442 39
440 41
492 55
392 14
443 23
441 71
493 80
393 85
444 88
442 18
494 44
394 48
445 53
443 13
495 89
395 90
446 12
444 49
496 47
396 18
447 32
445 52
497 21
397 82
448 58
446 12
498 52
398 29
449 57
447 57
499 27
399 52
450 33
448 37
500 72
400 86
449 81
501 31
401 45
452 45
502 80
402 18
453 88
451 54
503 12
403 41
454 16
452 58
504 80
404 37
455 25
453 96
505 29
405 98
456 56
454 14
506 98
406 42
457 10
455 95
507 52
407 41
458 26
456 79
508 57
408 32
459 30
457 51
509 43
409 27
460 30
458 53
510 31
410 32
461 70
459 38
511 52
411 36
462 91
460 10
512 47
412 44
463 33
461 29
513 28
413 26
464 85
462 52
514 33
414 84
465 81
463 44
515 68
415 37
466 30
464 16
516 85
416 83
467 52
465 54
517 83
417 59
468 69
466 44
518 57
418 28
469 13
467 99
519 96
419 55
470 33
468 26
520 78
420 43
471 87
469 16
521 63
421 23
472 47
470 67
522 56
422 60
473 97
471 31
523 96
423 31
474 13
472 61
524 33
424 34
475 52
473 15
525 69
425 23
476 91
474 61
526 63
426 37
477 86
475 44
527 84
427 46
478 45
476 80
528 15
428 97
479 11
477 60
529 33
429 43
480 34
478 87
530 89
430 26
481 72
479 58
531 28
431 80
482 73
480 13
532 66
432 55
483 88
481 20
533 89
433 90
484 57
482 41
534 94
434 46
485 90
483 42
535 20
435 30
486 98
484 88
536 16
436 52
487 41
485 36
537 60
437 30
488 45
486 79
538 97
438 40
489 58
487 22
539 78
439 59
490 82
488 99
540 90
440 40
491 77
489 29
541 65
441 88
492 61
490 21
542 80
442 73
493 77
491 89
543 18
443 90
494 79
492 88
544 43
444 91
495 91
493 92
545 21
445 71
496 57
494 46
546 100
446 88
497 80
495 45
547 34
447 71
498 100
496 17
548 74
448 36
499 48
497 19
549 33
449 27
500 45
498 89
550 86
450 77
499 63
551 74
451 56
502 96
552 65
452 45
503 23
501 84
553 28
453 55
504 97
502 67
554 14
454 95
505 12
503 48
555 33
455 37
506 41
504 26
556 52
456 80
507 100
505 72
557 10
457 18
508 22
506 100
558 20
458 16
509 58
507 74
559 44
459 68
510 66
508 14
560 75
460 79
511 29
509 72
561 43
461 47
512 96
510 32
562 25
462 58
513 75
511 57
563 84
463 83
514 61
512 64
564 36
464 39
515 98
513 98
565 85
465 30
516 36
514 78
566 48
466 39
517 39
515 27
567 50
467 91
518 34
516 23
568 67
468 18
519 79
517 72
569 93
469 83
520 18
518 59
570 16
470 25
521 38
519 71
571 95
471 76
522 96
520 96
572 81
472 24
523 45
521 34
573 56
473 87
524 64
522 31
574 37
474 88
525 41
523 54
575 58
475 29
526 83
524 67
576 43
476 79
527 35
525 68
577 47
477 29
528 38
526 35
578 80
478 19
529 87
527 31
579 18
479 10
530 22
528 22
580 13
480 65
531 94
529 100
581 34
481 33
532 17
530 53
582 71
482 27
533 77
531 56
583 29
483 43
534 38
532 89
584 54
484 47
535 97
533 87
585 68
485 18
536 26
534 32
586 100
486 73
537 32
535 34
587 48
487 66
538 41
536 45
588 68
488 22
539 69
537 59
589 10
489 40
540 77
538 39
590 67
490 38
541 88
539 10
591 42
491 76
542 12
540 42
592 32
492 77
543 14
541 24
593 88
493 85
544 67
542 25
594 81
494 25
545 92
543 92
595 68
495 44
546 56
544 16
596 51
496 94
547 12
545 91
597 21
497 96
548 64
546 16
598 66
498 97
549 19
547 22
599 38
499 29
550 49
548 69
600 97
500 93
549 29
501 43
552 39
502 15
553 48
551 45
503 99
554 17
552 76
504 62
555 20
553 55
505 87
556 23
554 19
506 96
557 49
555 27
507 23
558 60
556 92
508 87
559 72
557 50
509 57
560 78
558 20
510 99
561 73
559 77
511 46
562 64
560 17
512 56
563 43
561 67
513 11
564 52
562 67
514 100
565 35
563 48
515 54
566 50
564 53
516 70
567 81
565 55
517 80
568 59
566 21
518 33
569 32
567 45
519 98
570 62
568 46
520 91
571 22
569 98
521 85
572 77
570 37
522 24
573 28
571 33
523 62
574 21
572 29
524 22
575 14
573 99
525 96
576 31
574 59
526 78
577 18
575 84
527 72
578 76
576 49
528 42
579 26
577 20
529 53
580 96
578 63
530 99
581 71
579 86
531 29
582 58
580 93
532 95
583 56
581 45
533 72
584 54
582 61
534 32
585 70
583 88
535 56
586 37
584 47
536 65
587 45
585 67
537 28
588 83
586 61
538 67
589 95
587 49
539 78
590 79
588 54
540 83
591 66
589 35
541 68
592 72
590 51
542 88
593 79
591 57
543 21
594 61
592 80
544 12
595 71
593 30
545 88
596 40
594 21
546 16
597 24
595 90
547 89
598 95
596 27
548 51
599 41
597 85
549 19
600 47
598 47
550 53
599 56
407
598
1 407 
1 174 
3 431 38 206 
1 473 
1 525 
2 28 190 
2 277 563 
2 434 479 
1 390 
3 368 161 509 
2 9 472 
1 100 
2 487 138 
1 492 
2 233 36 
2 410 506 
2 497 212 
2 227 571 
1 222 
2 441 387 
2 577 359 
1 152 
1 12 
2 565 62 
2 503 112 
2 539 307 
2 142 541 
2 149 245 
2 392 500 
3 323 327 591 
2 322 333 
2 226 303 
1 580 
1 176 
3 247 467 326 
2 66 427 
2 286 486 
2 250 432 
1 164 
5 259 79 162 118 366 
2 302 146 
1 242 
2 246 140 
2 106 133 
2 237 419 
1 309 
3 27 225 135 
1 50 
1 180 
2 283 165 
1 383 
1 554 
3 22 501 511 
1 110 
1 456 
2 14 461 
1 3 
1 171 
1 163 
4 24 475 43 370 
5 122 80 342 590 209 
2 275 45 
3 219 364 537 
1 451 
1 251 
2 504 335 
1 313 
1 170 
1 408 
2 281 316 
2 159 550 
2 310 296 
1 155 
2 380 507 
4 134 55 7 430 
1 287 
3 269 295 566 
2 92 234 
1 263 
1 136 
1 109 
1 548 
5 82 102 189 32 561 
1 241 
2 30 375 
2 555 361 
1 111 
1 160 
4 59 139 150 581 
2 223 123 
2 455 249 
2 148 137 
1 187 
4 240 530 156 332 
2 367 331 
2 41 424 
2 75 151 
1 304 
1 78 
2 145 188 
2 262 471 
1 257 
2 538 354 
2 319 317 
2 466 490 
2 360 129 
1 147 
4 369 197 394 512 
2 592 213 
1 40 
2 205 439 
2 19 468 
1 371 
2 353 598 
