400 1520 10 100 76
2
3
3
3
3
3
3
3
3
3
3
3
3
3
3
3
3
3
3
2
3
4
4
4
4
4
4
4
4
4
4
4
4
4
4
4
4
4
4
3
3
4
4
4
4
4
4
4
4
4
4
4
4
4
4
4
4
4
4
3
3
4
4
4
4
4
4
4
4
4
4
4
4
4
4
4
4
4
4
3
3
4
4
4
4
4
4
4
4
4
4
4
4
4
4
4
4
4
4
3
3
4
4
4
4
4
4
4
4
4
4
4
4
4
4
4
4
4
4
3
3
4
4
4
4
4
4
4
4
4
4
4
4
4
4
4
4
4
4
3
3
4
4
4
4
4
4
4
4
4
4
4
4
4
4
4
4
4
4
3
3
4
4
4
4
4
4
4
4
4
4
4
4
4
4
4
4
4
4
3
3
4
4
4
4
4
4
4
4
4
4
4
4
4
4
4
4
4
4
3
3
4
4
4
4
4
4
4
4
4
4
4
4
4
4
4
4
4
4
3
3
4
4
4
4
4
4
4
4
4
4
4
4
4
4
4
4
4
4
3
3
4
4
4
4
4
4
4
4
4
4
4
4
4
4
4
4
4
4
3
3
4
4
4
4
4
4
4
4
4
4
4
4
4
4
4
4
4
4
3
3
4
4
4
4
4
4
4
4
4
4
4
4
4
4
4
4
4
4
3
3
4
4
4
4
4
4
4
4
4
4
4
4
4
4
4
4
4
4
3
3
4
4
4
4
4
4
4
4
4
4
4
4
4
4
4
4
4
4
3
3
4
4
4
4
4
4
4
4
4
4
4
4
4
4
4
4
4
4
3
3
4
4
4
4
4
4
4
4
4
4
4
4
4
4
4
4
4
4
3
2
3
3
3
3
3
3
3
3
3
3
3
3
3
3
3
3
3
3
2
21 85
2 29
22 18
3 23
1 66
23 100
4 54
2 39
24 80
5 77
3 75
25 13
6 72
4 10
26 43
7 34
5 26
27 94
8 95
6 36
28 100
9 41
7 38
29 23
10 35
8 56
30 55
11 94
9 34
31 33
12 70
10 41
32 67
13 25
11 96
33 11
14 28
12 12
34 77
15 11
13 58
35 96
16 50
14 21
36 54
17 84
15 10
37 30
18 46
16 56
38 95
19 97
17 19
39 86
20 46
18 14
40 86
19 94
41 65
1 79
22 57
42 38
2 79
23 45
21 89
43 36
3 25
24 87
22 93
44 69
4 72
25 26
23 36
45 53
5 40
26 32
24 50
46 74
6 91
27 91
25 88
47 43
7 96
28 78
26 71
48 59
8 10
29 78
27 60
49 58
9 33
30 60
28 39
50 86
10 19
31 31
29 72
51 47
11 34
32 75
30 27
52 69
12 87
33 54
31 56
53 53
13 98
34 79
32 42
54 80
14 56
35 66
33 20
55 91
15 21
36 34
34 14
56 64
16 18
37 84
35 72
57 86
17 29
38 21
36 28
58 63
18 60
39 25
37 62
59 11
19 75
40 81
38 47
60 45
20 64
39 20
61 59
21 100
42 34
62 91
22 39
43 10
41 98
63 22
23 97
44 80
42 20
64 29
24 11
45 35
43 67
65 69
25 35
46 60
44 52
66 75
26 64
47 84
45 70
67 23
27 76
48 40
46 36
68 77
28 14
49 87
47 49
69 96
29 68
50 43
48 31
70 26
30 46
51 99
49 19
71 54
31 17
52 49
50 26
72 54
32 90
53 19
51 30
73 49
33 10
54 30
52 17
74 43
34 22
55 32
53 13
75 96
35 25
56 77
54 53
76 83
36 34
57 35
55 59
77 100
37 60
58 10
56 31
78 58
38 99
59 40
57 90
79 11
39 52
60 74
58 38
80 15
40 76
59 11
81 28
41 40
62 71
82 97
42 18
63 41
61 59
83 55
43 44
64 79
62 80
84 54
44 53
65 69
63 62
85 44
45 23
66 23
64 74
86 24
46 43
67 20
65 36
87 94
47 45
68 89
66 51
88 16
48 79
69 97
67 59
89 16
49 73
70 68
68 75
90 28
50 76
71 24
69 82
91 59
51 23
72 85
70 22
92 41
52 26
73 100
71 57
93 94
53 12
74 77
72 42
94 100
54 85
75 82
73 28
95 67
55 40
76 98
74 67
96 26
56 87
77 40
75 18
97 47
57 92
78 82
76 80
98 91
58 48
79 12
77 79
99 74
59 86
80 90
78 34
100 34
60 42
79 52
101 51
61 99
82 68
102 45
62 36
83 99
81 31
103 93
63 61
84 16
82 32
104 96
64 75
85 72
83 11
105 99
65 54
86 20
84 40
106 61
66 95
87 56
85 45
107 76
67 94
88 70
86 76
108 69
68 35
89 51
87 89
109 37
69 17
90 37
88 31
110 88
70 51
91 25
89 65
111 15
71 40
92 70
90 40
112 14
72 15
93 60
91 20
113 23
73 21
94 29
92 90
114 16
74 88
95 48
93 32
115 47
75 33
96 12
94 90
116 11
76 21
97 27
95 58
117 39
77 32
98 67
96 57
118 22
78 88
99 72
97 40
119 98
79 57
100 91
98 98
120 83
80 100
99 73
121 73
81 98
102 58
122 32
82 99
103 14
101 21
123 17
83 31
104 63
102 38
124 92
84 74
105 36
103 62
125 57
85 33
106 68
104 20
126 81
86 84
107 72
105 43
127 59
87 12
108 31
106 55
128 34
88 73
109 32
107 77
129 77
89 88
110 56
108 24
130 59
90 96
111 37
109 56
131 24
91 55
112 54
110 21
132 86
92 76
113 83
111 65
133 11
93 100
114 15
112 64
134 72
94 55
115 72
113 99
135 76
95 23
116 44
114 65
136 70
96 63
117 72
115 57
137 49
97 28
118 76
116 10
138 39
98 76
119 94
117 78
139 16
99 29
120 45
118 89
140 92
100 37
119 24
141 48
101 36
122 78
142 74
102 28
123 63
121 65
143 53
103 63
124 98
122 61
144 70
104 78
125 73
123 81
145 52
105 86
126 10
124 29
146 65
106 28
127 85
125 75
147 22
107 39
128 29
126 64
148 49
108 47
129 65
127 40
149 18
109 64
130 99
128 19
150 36
110 50
131 19
129 49
151 42
111 59
132 30
130 66
152 62
112 14
133 18
131 77
153 67
113 90
134 34
132 81
154 77
114 97
135 12
133 39
155 87
115 78
136 28
134 18
156 77
116 37
137 24
135 94
157 62
117 13
138 22
136 55
158 93
118 79
139 94
137 88
159 89
119 32
140 45
138 39
160 12
120 37
139 49
161 93
121 78
142 60
162 30
122 66
143 11
141 36
163 51
123 46
144 76
142 30
164 44
124 15
145 19
143 90
165 60
125 28
146 95
144 40
166 30
126 80
147 39
145 35
167 54
127 74
148 30
146 72
168 63
128 66
149 64
147 50
169 40
129 34
150 64
148 23
170 76
130 39
151 68
149 51
171 94
131 11
152 69
150 89
172 51
132 46
153 76
151 44
173 45
133 28
154 38
152 39
174 73
134 23
155 68
153 33
175 36
135 47
156 82
154 50
176 83
136 88
157 95
155 73
177 52
137 15
158 81
156 68
178 24
138 44
159 23
157 73
179 65
139 52
160 29
158 14
180 75
140 93
159 83
181 31
141 13
162 96
182 62
142 32
163 52
161 23
183 89
143 70
164 39
162 29
184 84
144 37
165 63
163 22
185 66
145 51
166 57
164 77
186 30
146 73
167 82
165 51
187 91
147 83
168 96
166 71
188 56
148 16
169 99
167 37
189 16
149 39
170 18
168 59
190 19
150 79
171 84
169 67
191 72
151 21
172 35
170 33
192 71
152 23
173 76
171 41
193 24
153 88
174 31
172 98
194 26
154 20
175 76
173 24
195 82
155 59
176 73
174 19
196 61
156 99
177 91
175 56
197 86
157 54
178 100
176 45
198 88
158 70
179 10
177 40
199 89
159 12
180 50
178 65
200 90
160 64
179 93
201 41
161 90
182 13
202 16
162 65
183 69
181 80
203 82
163 42
184 74
182 41
204 61
164 59
185 54
183 25
205 98
165 69
186 87
184 63
206 20
166 18
187 27
185 38
207 93
167 77
188 86
186 98
208 13
168 69
189 86
187 78
209 18
169 42
190 48
188 68
210 60
170 13
191 30
189 13
211 41
171 36
192 52
190 53
212 75
172 25
193 26
191 23
213 95
173 21
194 97
192 51
214 24
174 93
195 20
193 75
215 19
175 21
196 20
194 92
216 98
176 17
197 88
195 92
217 93
177 29
198 91
196 51
218 11
178 55
199 58
197 84
219 76
179 88
200 84
198 84
220 14
180 21
199 79
221 59
181 89
202 95
222 66
182 35
203 92
201 92
223 58
183 55
204 16
202 10
224 56
184 45
205 48
203 17
225 92
185 55
206 100
204 16
226 94
186 34
207 15
205 92
227 18
187 10
208 15
206 69
228 46
188 56
209 85
207 61
229 49
189 79
210 60
208 93
230 87
190 53
211 82
209 100
231 14
191 39
212 65
210 96
232 49
192 82
213 12
211 19
233 11
193 79
214 95
212 95
234 54
194 38
215 30
213 95
235 63
195 48
216 82
214 68
236 69
196 81
217 90
215 38
237 28
197 50
218 14
216 21
238 49
198 78
219 47
217 70
239 13
199 68
220 96
218 56
240 56
200 96
219 14
241 37
201 12
222 74
242 82
202 72
223 10
221 67
243 41
203 68
224 15
222 57
244 96
204 18
225 39
223 79
245 17
205 85
226 90
224 58
246 99
206 89
227 80
225 49
247 23
207 28
228 30
226 23
248 13
208 65
229 95
227 65
249 11
209 45
230 92
228 22
250 15
210 73
231 49
229 86
251 64
211 20
232 32
230 26
252 62
212 68
233 81
231 13
253 83
213 73
234 69
232 81
254 71
214 51
235 81
233 24
255 89
215 93
236 24
234 37
256 47
216 53
237 62
235 65
257 66
217 56
238 39
236 60
258 90
218 33
239 22
237 99
259 30
219 27
240 32
238 36
260 48
220 40
239 10
261 52
221 52
242 48
262 60
222 53
243 85
241 43
263 22
223 64
244 28
242 99
264 31
224 57
245 13
243 25
265 41
225 19
246 68
244 77
266 52
226 42
247 99
245 44
267 36
227 30
248 74
246 58
268 54
228 45
249 44
247 55
269 77
229 76
250 52
248 88
270 53
230 97
251 16
249 83
271 86
231 90
252 22
250 87
272 32
232 24
253 68
251 38
273 60
233 58
254 90
252 76
274 61
234 28
255 78
253 92
275 88
235 28
256 36
254 89
276 49
236 60
257 33
255 42
277 75
237 85
258 26
256 73
278 20
238 39
259 82
257 65
279 77
239 47
260 71
258 33
280 53
240 50
259 81
281 20
241 12
262 70
282 63
242 25
263 91
261 90
283 12
243 78
264 67
262 99
284 37
244 56
265 80
263 13
285 43
245 16
266 80
264 67
286 78
246 63
267 62
265 36
287 29
247 88
268 100
266 10
288 42
248 42
269 84
267 17
289 65
249 52
270 33
268 62
290 40
250 67
271 11
269 55
291 36
251 71
272 12
270 79
292 46
252 53
273 81
271 52
293 54
253 95
274 58
272 56
294 46
254 70
275 94
273 68
295 24
255 88
276 26
274 78
296 100
256 12
277 32
275 23
297 73
257 80
278 35
276 67
298 83
258 31
279 26
277 35
299 34
259 86
280 37
278 58
300 37
260 65
279 55
301 94
261 62
282 23
302 37
262 88
283 17
281 40
303 63
263 37
284 87
282 66
304 96
264 99
285 59
283 65
305 15
265 93
286 14
284 90
306 47
266 57
287 100
285 71
307 93
267 50
288 94
286 17
308 68
268 42
289 36
287 84
309 45
269 26
290 96
288 18
310 70
270 12
291 38
289 62
311 82
271 55
292 67
290 23
312 40
272 59
293 98
291 12
313 85
273 70
294 79
292 83
314 41
274 73
295 44
293 58
315 28
275 82
296 82
294 89
316 82
276 49
297 79
295 45
317 83
277 11
298 86
296 41
318 55
278 79
299 83
297 20
319 56
279 62
300 34
298 40
320 52
280 59
299 100
321 82
281 31
302 48
322 64
282 43
303 22
301 70
323 79
283 35
304 57
302 87
324 50
284 14
305 99
303 48
325 63
285 52
306 82
304 52
326 23
286 82
307 63
305 41
327 97
287 83
308 20
306 54
328 46
288 92
309 89
307 42
329 78
289 91
310 17
308 36
330 30
290 27
311 49
309 36
331 94
291 92
312 23
310 79
332 57
292 29
313 49
311 13
333 66
293 75
314 26
312 36
334 45
294 24
315 27
313 27
335 31
295 14
316 63
314 56
336 82
296 79
317 68
315 75
337 42
297 90
318 81
316 63
338 56
298 74
319 17
317 26
339 60
299 55
320 29
318 30
340 68
300 21
319 85
341 83
301 12
322 32
342 30
302 14
323 50
321 65
343 66
303 69
324 77
322 64
344 57
304 11
325 87
323 24
345 51
305 96
326 31
324 39
346 12
306 79
327 23
325 97
347 79
307 57
328 61
326 83
348 63
308 62
329 12
327 28
349 36
309 34
330 20
328 47
350 63
310 62
331 43
329 96
351 81
311 96
332 54
330 85
352 20
312 24
333 68
331 48
353 67
313 85
334 96
332 31
354 46
314 54
335 17
333 53
355 62
315 28
336 33
334 80
356 84
316 79
337 25
335 76
357 91
317 97
338 12
336 60
358 43
318 35
339 36
337 70
359 75
319 20
340 24
338 11
360 60
320 39
339 11
361 19
321 92
342 71
362 73
322 54
343 49
341 74
363 74
323 57
344 42
342 82
364 58
324 78
345 31
343 61
365 54
325 37
346 52
344 20
366 41
326 35
347 91
345 77
367 89
327 78
348 44
346 23
368 36
328 21
349 49
347 94
369 28
329 100
350 58
348 63
370 83
330 37
351 84
349 23
371 44
331 75
352 100
350 94
372 75
332 53
353 47
351 29
373 25
333 97
354 93
352 81
374 33
334 40
355 66
353 73
375 85
335 49
356 53
354 16
376 94
336 37
357 76
355 64
377 30
337 51
358 38
356 51
378 82
338 19
359 73
357 94
379 57
339 70
360 13
358 60
380 56
340 90
359 36
381 43
341 22
362 55
382 64
342 91
363 11
361 82
383 21
343 65
364 71
362 74
384 71
344 74
365 61
363 22
385 22
345 42
366 85
364 13
386 59
346 45
367 58
365 77
387 70
347 64
368 82
366 31
388 80
348 11
369 95
367 41
389 77
349 20
370 91
368 56
390 25
350 80
371 21
369 22
391 61
351 73
372 80
370 64
392 91
352 15
373 11
371 36
393 30
353 31
374 38
372 59
394 30
354 82
375 49
373 49
395 93
355 38
376 69
374 92
396 90
356 22
377 17
375 55
397 23
357 42
378 85
376 70
398 16
358 27
379 82
377 27
399 44
359 57
380 36
378 99
400 28
360 41
379 56
361 78
382 75
362 84
383 60
381 71
363 80
384 57
382 57
364 26
385 14
383 30
365 64
386 29
384 56
366 97
387 30
385 47
367 39
388 97
386 94
368 68
389 57
387 88
369 77
390 71
388 63
370 87
391 41
389 21
371 46
392 15
390 56
372 95
393 67
391 21
373 51
394 31
392 75
374 80
395 98
393 68
375 52
396 35
394 16
376 10
397 46
395 83
377 84
398 22
396 14
378 14
399 56
397 16
379 23
400 39
398 35
380 12
399 70
373
145
2 186 373 
2 7 194 
1 350 
1 38 
3 133 269 231 
2 377 310 
1 337 
2 393 119 
3 84 213 2 
1 223 
1 31 
1 24 
4 166 190 392 236 
1 237 
1 287 
3 363 304 71 
2 221 82 
2 289 191 
2 394 64 
2 100 165 
4 319 329 285 235 
3 90 320 157 
1 265 
2 205 60 
1 290 
1 106 
1 108 
2 131 270 
3 23 209 101 
2 130 260 
1 364 
3 153 203 65 
1 161 
1 160 
1 134 
1 334 
2 300 168 
1 259 
3 215 275 67 
2 281 164 
2 126 216 
3 333 184 321 
2 14 87 
1 217 
1 122 
2 6 32 
1 72 
1 390 
2 63 163 
1 13 
2 214 136 
2 256 43 
2 94 83 
3 400 154 374 
5 396 253 178 301 258 
3 280 211 243 
1 97 
1 76 
1 389 
1 173 
1 228 
1 196 
1 376 
2 248 397 
4 219 11 62 371 
2 48 16 
1 380 
3 27 93 181 
1 271 
3 395 317 54 
3 348 246 127 
1 339 
1 208 
1 272 
2 25 356 
3 91 252 145 
