144 528 10 100 27
2
3
3
3
3
3
3
3
3
3
3
2
3
4
4
4
4
4
4
4
4
4
4
3
3
4
4
4
4
4
4
4
4
4
4
3
3
4
4
4
4
4
4
4
4
4
4
3
3
4
4
4
4
4
4
4
4
4
4
3
3
4
4
4
4
4
4
4
4
4
4
3
3
4
4
4
4
4
4
4
4
4
4
3
3
4
4
4
4
4
4
4
4
4
4
3
3
4
4
4
4
4
4
4
4
4
4
3
3
4
4
4
4
4
4
4
4
4
4
3
3
4
4
4
4
4
4
4
4
4
4
3
2
3
3
3
3
3
3
3
3
3
3
2
13 56
2 29
14 67
3 41
1 49
15 36
4 72
2 27
16 24
5 39
3 78
17 63
6 61
4 91
18 74
7 84
5 80
19 40
8 51
6 66
20 48
9 89
7 10
21 87
10 31
8 77
22 89
11 53
9 27
23 50
12 92
10 78
24 48
11 79
25 38
1 80
14 89
26 87
2 43
15 63
13 69
27 78
3 75
16 27
14 81
28 72
4 42
17 73
15 31
29 97
5 93
18 67
16 73
30 57
6 76
19 13
17 68
31 90
7 67
20 40
18 71
32 26
8 92
21 74
19 18
33 49
9 14
22 65
20 21
34 48
10 65
23 25
21 63
35 12
11 54
24 41
22 16
36 75
12 82
23 56
37 58
13 76
26 39
38 85
14 86
27 61
25 81
39 69
15 21
28 50
26 92
40 66
16 81
29 87
27 77
41 80
17 94
30 65
28 33
42 24
18 60
31 39
29 87
43 15
19 34
32 88
30 27
44 94
20 20
33 58
31 20
45 61
21 79
34 41
32 97
46 46
22 41
35 20
33 84
47 24
23 17
36 76
34 32
48 65
24 10
35 64
49 53
25 24
38 89
50 71
26 41
39 35
37 89
51 46
27 86
40 66
38 59
52 47
28 83
41 71
39 21
53 25
29 66
42 11
40 27
54 60
30 48
43 83
41 95
55 63
31 63
44 23
42 57
56 27
32 72
45 39
43 26
57 61
33 35
46 22
44 56
58 97
34 80
47 77
45 34
59 83
35 54
48 27
46 10
60 60
36 91
47 79
61 79
37 67
50 40
62 10
38 39
51 78
49 49
63 34
39 85
52 28
50 53
64 60
40 29
53 70
51 54
65 91
41 86
54 75
52 61
66 89
42 74
55 72
53 69
67 56
43 50
56 45
54 41
68 51
44 42
57 69
55 85
69 24
45 57
58 42
56 89
70 62
46 46
59 15
57 46
71 10
47 59
60 27
58 95
72 45
48 40
59 45
73 58
49 40
62 76
74 97
50 43
63 75
61 62
75 57
51 27
64 14
62 100
76 11
52 100
65 93
63 97
77 22
53 38
66 40
64 88
78 61
54 82
67 85
65 46
79 96
55 33
68 21
66 31
80 36
56 51
69 89
67 61
81 22
57 90
70 49
68 16
82 18
58 100
71 40
69 45
83 18
59 68
72 70
70 87
84 90
60 29
71 94
85 66
61 14
74 83
86 83
62 42
75 42
73 10
87 43
63 81
76 55
74 12
88 49
64 95
77 52
75 12
89 39
65 56
78 54
76 64
90 27
66 32
79 98
77 12
91 59
67 18
80 54
78 79
92 95
68 11
81 56
79 18
93 38
69 52
82 79
80 72
94 38
70 60
83 74
81 89
95 56
71 47
84 55
82 84
96 18
72 37
83 49
97 48
73 57
86 19
98 12
74 27
87 94
85 63
99 76
75 72
88 18
86 24
100 87
76 11
89 90
87 19
101 64
77 65
90 10
88 18
102 59
78 97
91 47
89 92
103 52
79 29
92 66
90 79
104 46
80 18
93 80
91 97
105 47
81 25
94 100
92 93
106 87
82 94
95 86
93 42
107 24
83 96
96 93
94 70
108 13
84 67
95 64
109 69
85 32
98 95
110 61
86 85
99 44
97 12
111 90
87 93
100 90
98 81
112 85
88 67
101 92
99 51
113 45
89 22
102 79
100 22
114 65
90 40
103 62
101 45
115 70
91 28
104 68
102 82
116 42
92 93
105 36
103 96
117 47
93 12
106 69
104 62
118 71
94 87
107 81
105 96
119 45
95 73
108 76
106 47
120 33
96 51
107 48
121 80
97 13
110 72
122 54
98 24
111 54
109 95
123 86
99 18
112 41
110 26
124 87
100 91
113 63
111 23
125 96
101 38
114 71
112 60
126 36
102 59
115 43
113 90
127 67
103 65
116 37
114 46
128 87
104 95
117 86
115 75
129 84
105 30
118 31
116 12
130 62
106 97
119 53
117 59
131 30
107 21
120 74
118 32
132 78
108 28
119 42
133 73
109 23
122 74
134 37
110 23
123 61
121 35
135 45
111 49
124 56
122 25
136 22
112 50
125 44
123 52
137 70
113 72
126 97
124 11
138 83
114 56
127 82
125 43
139 50
115 69
128 17
126 60
140 15
116 61
129 68
127 58
141 96
117 100
130 15
128 38
142 30
118 24
131 99
129 74
143 34
119 36
132 35
130 97
144 15
120 26
131 44
121 56
134 46
122 68
135 73
133 87
123 65
136 20
134 58
124 96
137 60
135 31
125 26
138 18
136 27
126 38
139 37
137 80
127 11
140 24
138 80
128 24
141 15
139 40
129 17
142 37
140 82
130 60
143 78
141 98
131 86
144 16
142 46
132 39
143 64
122
66
1 122 
2 97 7 
2 118 30 
1 19 
2 16 88 
3 115 111 99 
1 114 
3 33 113 74 
4 15 96 17 29 
1 80 
1 89 
3 38 13 41 
1 84 
2 119 35 
2 56 129 
2 62 18 
2 138 20 
1 14 
3 46 105 131 
4 37 75 40 39 
2 10 34 
1 24 
1 126 
1 59 
2 68 72 
1 67 
1 66 
