600 2276 10 100 114
2
3
3
3
3
3
3
3
3
3
3
3
3
3
3
3
3
3
3
3
3
3
3
3
3
3
3
3
3
3
3
3
3
3
3
3
3
3
3
3
3
3
3
3
3
3
3
3
3
2
3
4
4
4
4
4
4
4
4
4
4
4
4
4
4
4
4
4
4
4
4
4
4
4
4
4
4
4
4
4
4
4
4
4
4
4
4
4
4
4
4
4
4
4
4
4
4
4
4
3
3
4
4
4
4
4
4
4
4
4
4
4
4
4
4
4
4
4
4
4
4
4
4
4
4
4
4
4
4
4
4
4
4
4
4
4
4
4
4
4
4
4
4
4
4
4
4
4
4
3
3
4
4
4
4
4
4
4
4
4
4
4
4
4
4
4
4
4
4
4
4
4
4
4
4
4
4
4
4
4
4
4
4
4
4
4
4
4
4
4
4
4
4
4
4
4
4
4
4
3
3
4
4
4
4
4
4
4
4
4
4
4
4
4
4
4
4
4
4
4
4
4
4
4
4
4
4
4
4
4
4
4
4
4
4
4
4
4
4
4
4
4
4
4
4
4
4
4
4
3
3
4
4
4
4
4
4
4
4
4
4
4
4
4
4
4
4
4
4
4
4
4
4
4
4
4
4
4
4
4
4
4
4
4
4
4
4
4
4
4
4
4
4
4
4
4
4
4
4
3
3
4
4
4
4
4
4
4
4
4
4
4
4
4
4
4
4
4
4
4
4
4
4
4
4
4
4
4
4
4
4
4
4
4
4
4
4
4
4
4
4
4
4
4
4
4
4
4
4
3
3
4
4
4
4
4
4
4
4
4
4
4
4
4
4
4
4
4
4
4
4
4
4
4
4
4
4
4
4
4
4
4
4
4
4
4
4
4
4
4
4
4
4
4
4
4
4
4
4
3
3
4
4
4
4
4
4
4
4
4
4
4
4
4
4
4
4
4
4
4
4
4
4
4
4
4
4
4
4
4
4
4
4
4
4
4
4
4
4
4
4
4
4
4
4
4
4
4
4
3
3
4
4
4
4
4
4
4
4
4
4
4
4
4
4
4
4
4
4
4
4
4
4
4
4
4
4
4
4
4
4
4
4
4
4
4
4
4
4
4
4
4
4
4
4
4
4
4
4
3
3
4
4
4
4
4
4
4
4
4
4
4
4
4
4
4
4
4
4
4
4
4
4
4
4
4
4
4
4
4
4
4
4
4
4
4
4
4
4
4
4
4
4
4
4
4
4
4
4
3
2
3
3
3
3
3
3
3
3
3
3
3
3
3
3
3
3
3
3
3
3
3
3
3
3
3
3
3
3
3
3
3
3
3
3
3
3
3
3
3
3
3
3
3
3
3
3
3
3
2
51 19
2 29
52 21
3 71
1 54
53 53
4 74
2 49
54 30
5 92
3 26
55 19
6 27
4 58
56 75
7 38
5 76
57 12
8 58
6 13
58 96
9 34
7 97
59 13
10 19
8 87
60 53
11 98
9 97
61 53
12 44
10 77
62 76
13 28
11 24
63 96
14 28
12 77
64 59
15 49
13 99
65 81
16 30
14 66
66 46
17 38
15 70
67 65
18 25
16 80
68 87
19 32
17 33
69 95
20 76
18 32
70 30
21 89
19 49
71 53
22 78
20 66
72 19
23 71
21 64
73 93
24 80
22 92
74 56
25 65
23 65
75 84
26 33
24 43
76 83
27 87
25 69
77 26
28 53
26 94
78 51
29 59
27 65
79 71
30 34
28 27
80 44
31 33
29 26
81 20
32 28
30 23
82 94
33 67
31 72
83 47
34 22
32 71
84 88
35 91
33 80
85 66
36 87
34 23
86 45
37 64
35 40
87 54
38 43
36 64
88 35
39 21
37 80
89 42
40 62
38 10
90 69
41 38
39 11
91 50
42 54
40 16
92 79
43 70
41 77
93 17
44 73
42 66
94 28
45 19
43 20
95 77
46 42
44 10
96 11
47 79
45 80
97 61
48 71
46 35
98 71
49 94
47 18
99 85
50 42
48 27
100 70
49 47
101 88
1 21
52 65
102 64
2 81
53 34
51 90
103 33
3 93
54 13
52 81
104 76
4 76
55 77
53 57
105 38
5 48
56 100
54 33
106 38
6 60
57 24
55 96
107 78
7 79
58 16
56 50
108 32
8 83
59 17
57 21
109 16
9 28
60 37
58 34
110 89
10 62
61 20
59 73
111 28
11 43
62 90
60 53
112 71
12 99
63 19
61 54
113 85
13 97
64 13
62 100
114 85
14 64
65 15
63 22
115 53
15 30
66 36
64 80
116 63
16 49
67 92
65 27
117 78
17 48
68 14
66 40
118 100
18 20
69 37
67 43
119 80
19 30
70 81
68 61
120 76
20 29
71 55
69 46
121 86
21 49
72 87
70 64
122 53
22 97
73 81
71 30
123 54
23 100
74 36
72 43
124 22
24 73
75 99
73 38
125 100
25 22
76 33
74 85
126 38
26 25
77 27
75 77
127 90
27 71
78 81
76 30
128 83
28 81
79 75
77 99
129 90
29 55
80 58
78 50
130 95
30 27
81 21
79 74
131 29
31 46
82 50
80 66
132 100
32 41
83 50
81 11
133 99
33 25
84 39
82 83
134 56
34 51
85 60
83 83
135 60
35 45
86 85
84 74
136 35
36 41
87 42
85 73
137 28
37 54
88 15
86 65
138 64
38 50
89 16
87 81
139 88
39 27
90 81
88 82
140 72
40 78
91 41
89 67
141 41
41 66
92 90
90 99
142 90
42 57
93 45
91 21
143 21
43 26
94 68
92 90
144 88
44 47
95 29
93 26
145 49
45 71
96 27
94 95
146 76
46 10
97 23
95 57
147 63
47 68
98 23
96 21
148 23
48 86
99 67
97 46
149 48
49 74
100 20
98 48
150 74
50 91
99 59
151 55
51 97
102 27
152 73
52 69
103 56
101 49
153 62
53 42
104 84
102 28
154 45
54 41
105 76
103 20
155 76
55 62
106 14
104 57
156 59
56 14
107 60
105 89
157 84
57 77
108 34
106 51
158 28
58 86
109 10
107 99
159 56
59 49
110 68
108 48
160 17
60 86
111 24
109 22
161 65
61 99
112 51
110 17
162 46
62 65
113 51
111 15
163 74
63 21
114 21
112 81
164 12
64 51
115 70
113 58
165 70
65 53
116 19
114 29
166 77
66 86
117 41
115 82
167 50
67 36
118 98
116 60
168 35
68 53
119 84
117 88
169 66
69 44
120 79
118 87
170 41
70 100
121 22
119 42
171 51
71 46
122 64
120 67
172 21
72 71
123 56
121 39
173 92
73 28
124 85
122 57
174 45
74 69
125 43
123 26
175 39
75 22
126 77
124 68
176 81
76 39
127 22
125 26
177 16
77 13
128 68
126 66
178 89
78 55
129 16
127 74
179 22
79 40
130 19
128 77
180 67
80 98
131 63
129 96
181 96
81 95
132 62
130 83
182 93
82 25
133 23
131 44
183 69
83 28
134 54
132 90
184 65
84 60
135 31
133 59
185 20
85 78
136 63
134 22
186 64
86 29
137 29
135 90
187 94
87 55
138 88
136 97
188 76
88 43
139 64
137 15
189 23
89 27
140 91
138 94
190 57
90 26
141 95
139 86
191 51
91 11
142 12
140 28
192 47
92 89
143 78
141 20
193 47
93 69
144 12
142 50
194 74
94 77
145 21
143 74
195 89
95 97
146 21
144 20
196 16
96 11
147 40
145 91
197 19
97 28
148 36
146 87
198 12
98 48
149 10
147 48
199 64
99 30
150 20
148 19
200 36
100 23
149 47
201 72
101 38
152 72
202 10
102 33
153 44
151 76
203 67
103 23
154 67
152 91
204 34
104 71
155 100
153 74
205 92
105 46
156 19
154 72
206 52
106 53
157 77
155 19
207 43
107 36
158 65
156 84
208 41
108 84
159 12
157 81
209 88
109 78
160 87
158 60
210 70
110 31
161 93
159 30
211 58
111 81
162 95
160 57
212 21
112 88
163 43
161 33
213 18
113 90
164 15
162 100
214 86
114 53
165 43
163 100
215 89
115 75
166 100
164 93
216 48
116 10
167 100
165 95
217 48
117 72
168 65
166 76
218 83
118 13
169 12
167 13
219 95
119 19
170 67
168 42
220 86
120 60
171 43
169 70
221 31
121 17
172 40
170 17
222 56
122 24
173 19
171 33
223 44
123 80
174 62
172 35
224 95
124 47
175 32
173 74
225 55
125 81
176 100
174 59
226 100
126 21
177 59
175 42
227 57
127 81
178 77
176 55
228 43
128 95
179 96
177 56
229 98
129 12
180 71
178 67
230 42
130 73
181 56
179 57
231 34
131 75
182 43
180 42
232 45
132 33
183 74
181 91
233 73
133 90
184 37
182 31
234 88
134 10
185 90
183 69
235 15
135 12
186 80
184 90
236 24
136 58
187 90
185 16
237 59
137 82
188 60
186 69
238 16
138 14
189 55
187 91
239 47
139 64
190 14
188 100
240 90
140 54
191 100
189 21
241 63
141 74
192 67
190 63
242 55
142 45
193 94
191 33
243 28
143 98
194 19
192 81
244 50
144 30
195 34
193 50
245 32
145 57
196 10
194 80
246 53
146 13
197 46
195 64
247 72
147 63
198 18
196 93
248 61
148 43
199 67
197 96
249 77
149 65
200 58
198 72
250 63
150 60
199 58
251 60
151 100
202 13
252 87
152 80
203 12
201 39
253 16
153 32
204 96
202 73
254 22
154 83
205 64
203 80
255 100
155 33
206 61
204 58
256 13
156 11
207 39
205 70
257 33
157 63
208 95
206 35
258 84
158 28
209 47
207 10
259 90
159 100
210 13
208 22
260 69
160 72
211 57
209 29
261 60
161 29
212 77
210 17
262 27
162 48
213 83
211 47
263 93
163 45
214 28
212 42
264 54
164 21
215 53
213 82
265 36
165 90
216 12
214 14
266 90
166 79
217 30
215 90
267 61
167 10
218 93
216 54
268 14
168 96
219 76
217 70
269 56
169 70
220 68
218 93
270 43
170 27
221 69
219 66
271 64
171 51
222 73
220 72
272 10
172 97
223 78
221 68
273 26
173 100
224 13
222 80
274 50
174 32
225 57
223 13
275 66
175 51
226 38
224 95
276 97
176 72
227 24
225 98
277 79
177 30
228 46
226 32
278 39
178 87
229 28
227 57
279 49
179 11
230 89
228 34
280 24
180 95
231 66
229 64
281 23
181 46
232 61
230 16
282 63
182 37
233 39
231 17
283 13
183 86
234 48
232 38
284 20
184 49
235 11
233 34
285 39
185 30
236 54
234 49
286 82
186 83
237 55
235 23
287 51
187 74
238 59
236 16
288 63
188 35
239 73
237 79
289 38
189 96
240 25
238 62
290 85
190 62
241 96
239 39
291 36
191 26
242 31
240 57
292 30
192 72
243 72
241 95
293 11
193 36
244 93
242 10
294 85
194 87
245 10
243 55
295 67
195 48
246 15
244 20
296 69
196 57
247 64
245 96
297 24
197 67
248 11
246 77
298 60
198 21
249 85
247 41
299 83
199 67
250 24
248 95
300 41
200 49
249 66
301 90
201 89
252 36
302 63
202 58
253 52
251 12
303 67
203 24
254 23
252 28
304 99
204 30
255 91
253 52
305 48
205 44
256 73
254 41
306 70
206 55
257 76
255 62
307 66
207 80
258 10
256 23
308 11
208 43
259 19
257 26
309 47
209 98
260 98
258 58
310 24
210 50
261 97
259 87
311 38
211 73
262 45
260 78
312 33
212 63
263 22
261 53
313 96
213 72
264 45
262 59
314 72
214 37
265 67
263 80
315 82
215 88
266 24
264 42
316 48
216 17
267 74
265 60
317 34
217 16
268 16
266 56
318 79
218 14
269 99
267 64
319 50
219 44
270 12
268 57
320 12
220 68
271 82
269 51
321 45
221 84
272 36
270 59
322 77
222 84
273 66
271 83
323 27
223 66
274 51
272 72
324 37
224 88
275 19
273 71
325 80
225 32
276 11
274 80
326 68
226 41
277 88
275 68
327 28
227 17
278 26
276 61
328 94
228 74
279 46
277 74
329 55
229 79
280 51
278 14
330 35
230 12
281 96
279 64
331 76
231 26
282 72
280 10
332 96
232 77
283 52
281 87
333 32
233 18
284 42
282 60
334 82
234 11
285 75
283 72
335 37
235 98
286 74
284 81
336 18
236 28
287 61
285 55
337 60
237 71
288 41
286 96
338 89
238 22
289 77
287 13
339 53
239 12
290 58
288 71
340 44
240 14
291 26
289 79
341 32
241 39
292 93
290 38
342 64
242 35
293 87
291 93
343 36
243 12
294 43
292 93
344 36
244 23
295 92
293 54
345 77
245 20
296 67
294 51
346 43
246 86
297 29
295 30
347 88
247 25
298 58
296 61
348 73
248 54
299 36
297 16
349 31
249 100
300 13
298 16
350 24
250 90
299 45
351 76
251 25
302 79
352 28
252 53
303 69
301 21
353 29
253 35
304 12
302 54
354 16
254 89
305 98
303 47
355 48
255 74
306 88
304 69
356 77
256 47
307 38
305 70
357 75
257 69
308 90
306 17
358 15
258 34
309 83
307 98
359 16
259 89
310 71
308 33
360 40
260 77
311 99
309 98
361 37
261 14
312 34
310 30
362 48
262 43
313 23
311 22
363 56
263 66
314 51
312 14
364 32
264 46
315 18
313 96
365 71
265 97
316 47
314 61
366 40
266 29
317 22
315 91
367 33
267 17
318 99
316 55
368 63
268 91
319 72
317 18
369 94
269 29
320 73
318 17
370 64
270 61
321 100
319 75
371 32
271 76
322 46
320 78
372 92
272 88
323 63
321 62
373 51
273 37
324 24
322 38
374 35
274 63
325 62
323 77
375 50
275 21
326 17
324 15
376 59
276 71
327 11
325 91
377 99
277 68
328 21
326 79
378 77
278 66
329 13
327 75
379 97
279 53
330 30
328 71
380 50
280 78
331 60
329 29
381 37
281 92
332 30
330 43
382 76
282 33
333 40
331 95
383 71
283 70
334 67
332 56
384 75
284 50
335 25
333 75
385 93
285 91
336 70
334 99
386 60
286 95
337 53
335 34
387 23
287 27
338 34
336 56
388 100
288 77
339 80
337 35
389 15
289 56
340 94
338 92
390 17
290 45
341 84
339 50
391 93
291 54
342 85
340 75
392 47
292 46
343 99
341 36
393 92
293 68
344 82
342 14
394 67
294 81
345 96
343 29
395 99
295 93
346 81
344 61
396 15
296 54
347 53
345 75
397 50
297 92
348 73
346 93
398 15
298 94
349 81
347 52
399 20
299 44
350 79
348 55
400 31
300 68
349 44
401 16
301 72
352 24
402 11
302 69
353 50
351 31
403 24
303 10
354 48
352 90
404 12
304 85
355 79
353 77
405 95
305 79
356 89
354 41
406 11
306 96
357 59
355 56
407 74
307 87
358 22
356 40
408 86
308 65
359 17
357 20
409 11
309 73
360 83
358 17
410 85
310 86
361 83
359 37
411 26
311 41
362 21
360 16
412 35
312 89
363 82
361 96
413 55
313 99
364 48
362 28
414 51
314 29
365 23
363 59
415 66
315 12
366 57
364 22
416 28
316 70
367 91
365 53
417 63
317 51
368 56
366 71
418 24
318 31
369 84
367 23
419 20
319 55
370 74
368 46
420 71
320 49
371 28
369 72
421 77
321 84
372 67
370 40
422 69
322 10
373 40
371 31
423 21
323 21
374 44
372 83
424 14
324 38
375 65
373 66
425 26
325 40
376 57
374 10
426 75
326 30
377 94
375 25
427 30
327 20
378 59
376 46
428 81
328 32
379 83
377 84
429 25
329 76
380 53
378 66
430 12
330 29
381 15
379 19
431 32
331 27
382 67
380 77
432 45
332 77
383 25
381 61
433 56
333 76
384 18
382 70
434 92
334 92
385 70
383 38
435 83
335 14
386 33
384 61
436 59
336 77
387 77
385 93
437 98
337 15
388 17
386 54
438 13
338 27
389 83
387 34
439 33
339 54
390 29
388 61
440 60
340 51
391 80
389 89
441 27
341 69
392 27
390 76
442 36
342 56
393 86
391 22
443 47
343 92
394 28
392 49
444 38
344 46
395 10
393 58
445 11
345 15
396 58
394 14
446 23
346 66
397 48
395 10
447 49
347 23
398 25
396 17
448 13
348 98
399 95
397 74
449 88
349 15
400 45
398 14
450 93
350 100
399 12
451 84
351 17
402 79
452 92
352 93
403 35
401 22
453 94
353 90
404 89
402 98
454 36
354 95
405 52
403 75
455 91
355 79
406 51
404 78
456 34
356 48
407 16
405 28
457 52
357 57
408 83
406 46
458 73
358 78
409 57
407 15
459 17
359 68
410 35
408 43
460 23
360 13
411 74
409 67
461 90
361 36
412 44
410 56
462 15
362 10
413 53
411 16
463 11
363 13
414 99
412 42
464 57
364 40
415 39
413 67
465 29
365 16
416 23
414 99
466 12
366 23
417 42
415 44
467 96
367 25
418 59
416 69
468 24
368 99
419 60
417 65
469 99
369 37
420 75
418 60
470 75
370 92
421 67
419 83
471 21
371 22
422 28
420 44
472 63
372 100
423 11
421 78
473 65
373 42
424 96
422 85
474 86
374 38
425 41
423 51
475 66
375 68
426 16
424 33
476 21
376 29
427 39
425 64
477 14
377 80
428 64
426 10
478 44
378 54
429 52
427 77
479 81
379 45
430 82
428 93
480 83
380 59
431 37
429 40
481 59
381 30
432 55
430 52
482 28
382 51
433 97
431 18
483 30
383 63
434 21
432 48
484 40
384 89
435 35
433 63
485 77
385 98
436 68
434 31
486 65
386 36
437 11
435 48
487 17
387 42
438 55
436 91
488 86
388 45
439 64
437 85
489 42
389 56
440 64
438 32
490 78
390 29
441 81
439 79
491 53
391 29
442 23
440 53
492 73
392 18
443 50
441 91
493 86
393 77
444 69
442 93
494 19
394 42
445 37
443 80
495 88
395 75
446 95
444 21
496 15
396 50
447 37
445 32
497 50
397 10
448 86
446 98
498 40
398 45
449 26
447 100
499 63
399 59
450 36
448 100
500 23
400 23
449 63
501 89
401 68
452 28
502 39
402 55
453 43
451 54
503 39
403 35
454 34
452 78
504 79
404 72
455 32
453 11
505 23
405 25
456 29
454 57
506 20
406 44
457 60
455 41
507 99
407 47
458 23
456 29
508 92
408 91
459 93
457 16
509 45
409 92
460 54
458 94
510 96
410 81
461 42
459 55
511 59
411 98
462 37
460 37
512 81
412 77
463 60
461 46
513 15
413 20
464 71
462 21
514 23
414 64
465 10
463 63
515 71
415 15
466 97
464 79
516 34
416 41
467 56
465 29
517 99
417 77
468 52
466 18
518 76
418 95
469 42
467 61
519 15
419 93
470 47
468 10
520 13
420 99
471 61
469 32
521 24
421 62
472 73
470 19
522 98
422 96
473 50
471 92
523 22
423 68
474 55
472 34
524 70
424 47
475 19
473 74
525 72
425 70
476 42
474 10
526 10
426 32
477 69
475 38
527 43
427 24
478 84
476 99
528 41
428 96
479 25
477 69
529 91
429 14
480 93
478 37
530 78
430 72
481 25
479 16
531 62
431 71
482 66
480 48
532 14
432 35
483 46
481 33
533 65
433 40
484 10
482 61
534 53
434 82
485 99
483 60
535 97
435 100
486 67
484 24
536 37
436 85
487 86
485 58
537 65
437 64
488 38
486 43
538 67
438 33
489 66
487 79
539 62
439 12
490 66
488 98
540 99
440 81
491 63
489 64
541 36
441 30
492 37
490 29
542 34
442 51
493 47
491 73
543 99
443 22
494 65
492 92
544 25
444 21
495 63
493 11
545 58
445 45
496 13
494 32
546 80
446 13
497 70
495 83
547 41
447 37
498 31
496 33
548 86
448 13
499 27
497 79
549 20
449 44
500 15
498 88
550 91
450 57
499 43
551 66
451 19
502 58
552 100
452 95
503 95
501 71
553 42
453 70
504 20
502 49
554 99
454 75
505 90
503 67
555 58
455 47
506 65
504 25
556 16
456 67
507 50
505 26
557 19
457 21
508 91
506 72
558 60
458 46
509 82
507 15
559 37
459 41
510 25
508 88
560 92
460 87
511 15
509 99
561 36
461 44
512 74
510 84
562 92
462 19
513 82
511 53
563 90
463 83
514 91
512 100
564 73
464 57
515 38
513 78
565 63
465 36
516 98
514 51
566 20
466 66
517 92
515 91
567 81
467 87
518 89
516 62
568 69
468 56
519 46
517 76
569 60
469 44
520 17
518 20
570 14
470 68
521 79
519 92
571 68
471 54
522 96
520 63
572 57
472 20
523 89
521 78
573 99
473 91
524 25
522 14
574 70
474 28
525 33
523 47
575 70
475 51
526 83
524 84
576 48
476 35
527 53
525 56
577 51
477 47
528 10
526 99
578 75
478 68
529 29
527 16
579 42
479 41
530 63
528 29
580 87
480 58
531 12
529 57
581 23
481 99
532 99
530 75
582 43
482 59
533 43
531 18
583 97
483 34
534 71
532 39
584 51
484 59
535 50
533 13
585 52
485 28
536 44
534 80
586 36
486 24
537 34
535 87
587 98
487 70
538 15
536 27
588 35
488 88
539 39
537 39
589 85
489 66
540 44
538 60
590 45
490 58
541 75
539 90
591 12
491 35
542 62
540 46
592 53
492 80
543 36
541 18
593 44
493 11
544 83
542 62
594 44
494 64
545 24
543 25
595 82
495 63
546 16
544 55
596 71
496 51
547 99
545 51
597 21
497 41
548 27
546 91
598 17
498 62
549 71
547 17
599 53
499 53
550 28
548 87
600 59
500 77
549 78
501 37
552 89
502 89
553 42
551 55
503 17
554 32
552 80
504 56
555 52
553 58
505 76
556 85
554 37
506 37
557 94
555 90
507 27
558 85
556 57
508 31
559 25
557 54
509 11
560 76
558 61
510 91
561 52
559 17
511 33
562 14
560 11
512 81
563 23
561 78
513 58
564 61
562 46
514 44
565 86
563 24
515 67
566 43
564 55
516 69
567 86
565 15
517 25
568 82
566 88
518 84
569 34
567 69
519 48
570 58
568 15
520 36
571 62
569 62
521 85
572 78
570 66
522 11
573 59
571 77
523 13
574 12
572 97
524 60
575 80
573 95
525 93
576 51
574 69
526 35
577 26
575 25
527 88
578 70
576 51
528 87
579 56
577 43
529 90
580 63
578 35
530 92
581 88
579 70
531 17
582 44
580 15
532 14
583 50
581 10
533 38
584 31
582 82
534 82
585 60
583 90
535 40
586 52
584 86
536 85
587 52
585 69
537 13
588 55
586 17
538 44
589 71
587 41
539 30
590 66
588 45
540 11
591 64
589 10
541 57
592 91
590 93
542 67
593 34
591 68
543 22
594 44
592 19
544 97
595 52
593 83
545 29
596 80
594 70
546 45
597 94
595 53
547 70
598 56
596 99
548 82
599 96
597 85
549 43
600 61
598 94
550 68
599 77
431
76
1 431 
1 253 
1 573 
1 457 
1 50 
2 356 195 
4 230 75 156 371 
2 127 372 
4 366 113 294 531 
1 68 
1 51 
2 520 461 
2 183 271 
2 297 116 
3 176 24 550 
1 549 
3 128 165 11 
1 86 
2 577 340 
4 532 266 423 536 
2 401 131 
2 369 181 
2 493 503 
1 19 
2 572 163 
1 463 
3 225 71 466 
4 495 490 445 397 
1 482 
2 433 396 
1 479 
1 250 
2 104 530 
2 418 370 
1 129 
2 233 346 
1 190 
2 292 179 
1 428 
2 169 102 
1 236 
1 57 
1 196 
2 185 451 
2 534 527 
2 341 453 
2 412 596 
2 386 419 
1 6 
1 34 
2 289 438 
1 579 
3 382 523 390 
1 513 
2 580 498 
3 381 246 590 
2 275 59 
2 567 286 
1 112 
1 556 
2 194 265 
1 143 
1 61 
2 470 338 
1 336 
2 454 38 
3 108 357 443 
3 368 26 362 
2 63 199 
2 293 352 
1 575 
2 270 135 
2 448 137 
1 217 
5 140 394 161 323 486 
1 164 
2 152 198 
1 32 
2 562 52 
1 321 
2 422 166 
2 89 434 
2 501 354 
3 306 267 310 
2 388 528 
2 555 238 
2 172 526 
3 387 554 41 
2 480 551 
2 489 283 
3 411 212 118 
2 509 280 
2 541 81 
3 389 598 77 
1 7 
1 506 
2 207 97 
3 588 415 365 
2 43 333 
1 49 
1 177 
2 510 578 
1 430 
2 334 83 
2 557 295 
1 487 
2 281 73 
1 3 
2 87 208 
3 540 547 216 
2 35 259 
3 380 465 449 
1 318 
1 76 
