196 728 10 100 37
2
3
3
3
3
3
3
3
3
3
3
3
3
2
3
4
4
4
4
4
4
4
4
4
4
4
4
3
3
4
4
4
4
4
4
4
4
4
4
4
4
3
3
4
4
4
4
4
4
4
4
4
4
4
4
3
3
4
4
4
4
4
4
4
4
4
4
4
4
3
3
4
4
4
4
4
4
4
4
4
4
4
4
3
3
4
4
4
4
4
4
4
4
4
4
4
4
3
3
4
4
4
4
4
4
4
4
4
4
4
4
3
3
4
4
4
4
4
4
4
4
4
4
4
4
3
3
4
4
4
4
4
4
4
4
4
4
4
4
3
3
4
4
4
4
4
4
4
4
4
4
4
4
3
3
4
4
4
4
4
4
4
4
4
4
4
4
3
3
4
4
4
4
4
4
4
4
4
4
4
4
3
2
3
3
3
3
3
3
3
3
3
3
3
3
2
15 27
2 29
16 90
3 51
1 16
17 85
4 41
2 43
18 78
5 33
3 21
19 87
6 24
4 53
20 70
7 54
5 52
21 39
8 17
6 10
22 30
9 95
7 73
23 86
10 69
8 40
24 99
11 23
9 41
25 97
12 33
10 17
26 89
13 69
11 55
27 81
14 56
12 33
28 71
13 39
29 88
1 59
16 12
30 34
2 46
17 12
15 38
31 36
3 27
18 85
16 75
32 17
4 93
19 36
17 90
33 87
5 73
20 15
18 67
34 35
6 64
21 43
19 69
35 88
7 66
22 48
20 32
36 28
8 13
23 19
21 91
37 41
9 60
24 83
22 75
38 100
10 36
25 41
23 62
39 81
11 22
26 27
24 32
40 86
12 96
27 91
25 64
41 76
13 87
28 26
26 53
42 70
14 89
27 83
43 60
15 68
30 43
44 17
16 66
31 56
29 42
45 31
17 98
32 63
30 57
46 12
18 39
33 75
31 16
47 48
19 10
34 49
32 25
48 75
20 77
35 50
33 93
49 61
21 11
36 52
34 67
50 89
22 76
37 28
35 53
51 87
23 75
38 31
36 72
52 46
24 34
39 68
37 11
53 21
25 28
40 29
38 83
54 21
26 20
41 65
39 52
55 26
27 84
42 66
40 30
56 89
28 92
41 57
57 50
29 80
44 44
58 10
30 54
45 89
43 63
59 29
31 26
46 51
44 11
60 25
32 65
47 19
45 13
61 22
33 56
48 93
46 63
62 64
34 32
49 39
47 35
63 23
35 99
50 48
48 28
64 76
36 88
51 30
49 64
65 36
37 56
52 54
50 78
66 90
38 48
53 97
51 54
67 100
39 93
54 16
52 54
68 67
40 15
55 22
53 69
69 58
41 69
56 46
54 26
70 70
42 72
55 49
71 13
43 37
58 49
72 79
44 43
59 20
57 86
73 32
45 81
60 90
58 64
74 17
46 30
61 86
59 43
75 76
47 29
62 83
60 59
76 58
48 69
63 59
61 83
77 22
49 14
64 19
62 82
78 36
50 19
65 66
63 20
79 16
51 42
66 69
64 11
80 99
52 87
67 26
65 76
81 48
53 83
68 47
66 87
82 85
54 89
69 27
67 34
83 61
55 77
70 96
68 26
84 32
56 64
69 28
85 79
57 89
72 46
86 26
58 94
73 84
71 98
87 40
59 65
74 16
72 67
88 67
60 78
75 54
73 81
89 41
61 84
76 28
74 99
90 17
62 51
77 36
75 55
91 38
63 16
78 18
76 22
92 100
64 55
79 23
77 75
93 81
65 35
80 42
78 34
94 70
66 36
81 82
79 99
95 20
67 48
82 99
80 68
96 48
68 29
83 12
81 13
97 18
69 75
84 54
82 49
98 61
70 88
83 25
99 32
71 85
86 52
100 73
72 86
87 57
85 26
101 66
73 87
88 86
86 25
102 40
74 95
89 81
87 67
103 77
75 64
90 98
88 98
104 33
76 70
91 23
89 82
105 64
77 51
92 76
90 82
106 22
78 31
93 66
91 21
107 59
79 52
94 71
92 16
108 57
80 88
95 40
93 92
109 93
81 44
96 100
94 91
110 67
82 92
97 13
95 76
111 73
83 74
98 89
96 91
112 82
84 44
97 55
113 75
85 70
100 17
114 97
86 48
101 82
99 79
115 100
87 98
102 25
100 73
116 67
88 69
103 69
101 98
117 66
89 85
104 75
102 25
118 19
90 22
105 69
103 73
119 13
91 47
106 92
104 37
120 47
92 49
107 79
105 70
121 59
93 93
108 53
106 16
122 28
94 87
109 34
107 49
123 56
95 38
110 18
108 30
124 82
96 82
111 65
109 31
125 52
97 58
112 48
110 41
126 85
98 57
111 25
127 38
99 12
114 49
128 86
100 58
115 86
113 71
129 68
101 54
116 68
114 32
130 34
102 22
117 66
115 66
131 26
103 54
118 55
116 88
132 47
104 54
119 59
117 44
133 23
105 15
120 49
118 76
134 53
106 53
121 85
119 81
135 79
107 29
122 80
120 52
136 49
108 45
123 76
121 32
137 55
109 83
124 96
122 70
138 22
110 47
125 20
123 73
139 26
111 80
126 97
124 42
140 71
112 73
125 38
141 50
113 48
128 69
142 95
114 88
129 43
127 18
143 13
115 91
130 37
128 66
144 93
116 43
131 92
129 33
145 90
117 22
132 78
130 25
146 68
118 71
133 10
131 99
147 59
119 14
134 18
132 79
148 27
120 65
135 25
133 37
149 72
121 95
136 19
134 57
150 95
122 33
137 80
135 81
151 65
123 63
138 59
136 39
152 64
124 44
139 74
137 73
153 10
125 13
140 47
138 47
154 50
126 53
139 74
155 79
127 57
142 95
156 67
128 98
143 97
141 99
157 26
129 96
144 82
142 30
158 46
130 81
145 92
143 42
159 72
131 37
146 92
144 68
160 71
132 40
147 28
145 55
161 64
133 14
148 45
146 37
162 60
134 22
149 60
147 37
163 20
135 93
150 89
148 47
164 68
136 47
151 89
149 38
165 16
137 34
152 76
150 59
166 43
138 26
153 74
151 34
167 23
139 73
154 39
152 35
168 14
140 34
153 90
169 82
141 99
156 23
170 39
142 10
157 40
155 79
171 40
143 28
158 48
156 34
172 24
144 35
159 56
157 100
173 27
145 91
160 42
158 34
174 34
146 83
161 41
159 84
175 16
147 45
162 49
160 67
176 21
148 42
163 83
161 50
177 67
149 11
164 62
162 40
178 97
150 85
165 61
163 81
179 61
151 13
166 97
164 76
180 59
152 11
167 11
165 75
181 53
153 39
168 98
166 49
182 11
154 22
167 57
183 65
155 57
170 65
184 61
156 90
171 48
169 93
185 33
157 86
172 57
170 47
186 72
158 81
173 39
171 17
187 42
159 77
174 13
172 10
188 10
160 11
175 95
173 79
189 26
161 95
176 79
174 77
190 80
162 39
177 23
175 24
191 13
163 86
178 94
176 50
192 43
164 84
179 62
177 91
193 62
165 15
180 11
178 25
194 43
166 17
181 21
179 48
195 74
167 72
182 16
180 69
196 10
168 59
181 27
169 54
184 16
170 90
185 86
183 46
171 22
186 72
184 42
172 15
187 62
185 81
173 81
188 80
186 76
174 68
189 12
187 56
175 90
190 58
188 69
176 86
191 65
189 63
177 33
192 73
190 68
178 74
193 29
191 47
179 100
194 45
192 48
180 12
195 41
193 81
181 27
196 54
194 67
182 62
195 30
65
17
2 189 65 
2 187 109 
1 23 
2 162 195 
2 144 61 
1 59 
4 107 167 145 32 
3 96 3 163 
1 153 
1 62 
2 103 8 
1 77 
1 91 
2 42 166 
1 114 
3 78 30 147 
1 38 
2 186 94 
2 143 52 
1 150 
3 34 57 132 
2 149 177 
2 135 113 
2 142 100 
2 70 158 
1 89 
2 148 182 
4 155 111 25 72 
1 18 
1 122 
1 73 
1 10 
2 79 97 
1 28 
2 170 33 
3 13 95 6 
3 130 48 17 
