196 728 10 100 37
2
3
3
3
3
3
3
3
3
3
3
3
3
2
3
4
4
4
4
4
4
4
4
4
4
4
4
3
3
4
4
4
4
4
4
4
4
4
4
4
4
3
3
4
4
4
4
4
4
4
4
4
4
4
4
3
3
4
4
4
4
4
4
4
4
4
4
4
4
3
3
4
4
4
4
4
4
4
4
4
4
4
4
3
3
4
4
4
4
4
4
4
4
4
4
4
4
3
3
4
4
4
4
4
4
4
4
4
4
4
4
3
3
4
4
4
4
4
4
4
4
4
4
4
4
3
3
4
4
4
4
4
4
4
4
4
4
4
4
3
3
4
4
4
4
4
4
4
4
4
4
4
4
3
3
4
4
4
4
4
4
4
4
4
4
4
4
3
3
4
4
4
4
4
4
4
4
4
4
4
4
3
2
3
3
3
3
3
3
3
3
3
3
3
3
2
15 32
2 29
16 72
3 75
1 59
17 52
4 98
2 19
18 64
5 36
3 95
19 58
6 67
4 97
20 93
7 44
5 28
21 63
8 26
6 27
22 79
9 73
7 32
23 27
10 52
8 18
24 32
11 13
9 12
25 79
12 75
10 35
26 15
13 93
11 69
27 95
14 98
12 26
28 82
13 27
29 58
1 100
16 25
30 74
2 69
17 60
15 87
31 53
3 77
18 64
16 34
32 74
4 80
19 34
17 89
33 68
5 79
20 22
18 67
34 64
6 92
21 82
19 89
35 32
7 35
22 83
20 53
36 95
8 52
23 76
21 59
37 57
9 40
24 51
22 51
38 64
10 67
25 99
23 95
39 92
11 96
26 70
24 27
40 62
12 64
27 50
25 50
41 79
13 92
28 99
26 23
42 34
14 56
27 77
43 49
15 43
30 44
44 90
16 86
31 47
29 83
45 54
17 21
32 24
30 57
46 11
18 33
33 58
31 43
47 29
19 71
34 50
32 67
48 19
20 96
35 78
33 75
49 24
21 32
36 12
34 30
50 18
22 20
37 12
35 76
51 91
23 73
38 49
36 89
52 59
24 93
39 65
37 93
53 93
25 65
40 62
38 71
54 64
26 82
41 43
39 18
55 72
27 17
42 19
40 75
56 100
28 48
41 48
57 72
29 74
44 46
58 54
30 69
45 19
43 31
59 100
31 89
46 82
44 78
60 26
32 63
47 68
45 21
61 30
33 31
48 100
46 23
62 12
34 41
49 41
47 83
63 100
35 59
50 66
48 90
64 51
36 81
51 54
49 76
65 19
37 34
52 70
50 27
66 83
38 88
53 69
51 97
67 19
39 90
54 79
52 22
68 88
40 58
55 61
53 28
69 35
41 55
56 40
54 58
70 54
42 80
55 96
71 62
43 56
58 98
72 10
44 17
59 47
57 85
73 14
45 74
60 49
58 29
74 85
46 11
61 74
59 48
75 98
47 40
62 57
60 20
76 37
48 85
63 37
61 46
77 13
49 40
64 46
62 49
78 36
50 24
65 65
63 26
79 87
51 44
66 85
64 58
80 28
52 91
67 15
65 27
81 77
53 10
68 35
66 50
82 27
54 91
69 82
67 51
83 70
55 42
70 41
68 19
84 83
56 51
69 89
85 40
57 10
72 23
86 94
58 83
73 55
71 62
87 40
59 76
74 89
72 11
88 45
60 44
75 55
73 55
89 10
61 56
76 59
74 81
90 73
62 96
77 55
75 100
91 44
63 79
78 77
76 11
92 22
64 12
79 87
77 55
93 31
65 69
80 46
78 19
94 32
66 79
81 29
79 33
95 57
67 20
82 55
80 21
96 80
68 82
83 76
81 71
97 43
69 20
84 17
82 13
98 95
70 14
83 77
99 64
71 88
86 22
100 25
72 22
87 47
85 85
101 70
73 14
88 48
86 50
102 30
74 16
89 49
87 66
103 10
75 56
90 81
88 49
104 92
76 93
91 31
89 93
105 82
77 22
92 95
90 85
106 25
78 99
93 19
91 90
107 94
79 70
94 83
92 89
108 44
80 21
95 41
93 18
109 62
81 41
96 43
94 60
110 27
82 17
97 23
95 15
111 13
83 54
98 27
96 79
112 94
84 26
97 56
113 30
85 28
100 19
114 21
86 75
101 49
99 67
115 62
87 79
102 66
100 69
116 96
88 94
103 23
101 82
117 58
89 47
104 93
102 11
118 88
90 69
105 50
103 50
119 97
91 70
106 24
104 97
120 11
92 29
107 83
105 32
121 79
93 16
108 12
106 55
122 61
94 51
109 40
107 82
123 40
95 13
110 67
108 76
124 95
96 63
111 88
109 24
125 10
97 48
112 87
110 27
126 47
98 48
111 61
127 21
99 39
114 18
128 25
100 42
115 65
113 36
129 43
101 46
116 24
114 49
130 62
102 99
117 20
115 98
131 71
103 29
118 88
116 83
132 76
104 65
119 45
117 74
133 32
105 99
120 29
118 94
134 13
106 25
121 43
119 76
135 25
107 84
122 83
120 76
136 47
108 32
123 72
121 74
137 92
109 90
124 61
122 11
138 78
110 61
125 78
123 27
139 47
111 22
126 20
124 98
140 81
112 97
125 52
141 11
113 98
128 77
142 67
114 34
129 39
127 59
143 88
115 54
130 13
128 91
144 32
116 39
131 90
129 68
145 90
117 37
132 20
130 74
146 11
118 22
133 70
131 19
147 99
119 37
134 21
132 89
148 50
120 46
135 72
133 87
149 64
121 21
136 17
134 67
150 53
122 100
137 36
135 78
151 90
123 87
138 22
136 80
152 56
124 73
139 13
137 23
153 19
125 13
140 82
138 85
154 81
126 63
139 62
155 78
127 78
142 24
156 91
128 33
143 100
141 25
157 55
129 92
144 73
142 82
158 91
130 41
145 94
143 93
159 97
131 98
146 56
144 71
160 15
132 54
147 29
145 25
161 83
133 29
148 11
146 56
162 98
134 64
149 53
147 100
163 47
135 98
150 32
148 53
164 71
136 82
151 21
149 45
165 20
137 86
152 63
150 73
166 27
138 96
153 69
151 82
167 42
139 86
154 17
152 99
168 42
140 21
153 51
169 86
141 77
156 48
170 36
142 96
157 18
155 13
171 38
143 55
158 67
156 86
172 27
144 78
159 11
157 43
173 48
145 52
160 60
158 52
174 30
146 78
161 22
159 59
175 84
147 51
162 28
160 98
176 57
148 43
163 61
161 15
177 31
149 72
164 51
162 74
178 41
150 54
165 27
163 26
179 61
151 98
166 49
164 65
180 15
152 54
167 66
165 40
181 22
153 48
168 96
166 55
182 93
154 84
167 49
183 97
155 92
170 41
184 80
156 80
171 62
169 30
185 57
157 84
172 56
170 90
186 40
158 58
173 95
171 36
187 68
159 89
174 90
172 89
188 86
160 95
175 92
173 43
189 75
161 12
176 17
174 52
190 53
162 14
177 18
175 97
191 97
163 13
178 25
176 77
192 35
164 13
179 74
177 82
193 37
165 95
180 56
178 66
194 83
166 79
181 23
179 69
195 46
167 71
182 40
180 43
196 91
168 55
181 92
169 49
184 58
170 89
185 66
183 77
171 65
186 19
184 96
172 98
187 38
185 26
173 51
188 48
186 15
174 75
189 57
187 12
175 47
190 84
188 38
176 40
191 76
189 83
177 17
192 33
190 28
178 13
193 16
191 18
179 62
194 67
192 99
180 63
195 57
193 85
181 93
196 98
194 10
182 22
195 29
97
128
2 135 97 
1 33 
1 107 
4 102 94 88 150 
2 69 167 
4 78 165 179 114 
3 188 96 110 
2 85 140 
4 40 11 31 28 
1 77 
1 183 
1 4 
2 156 14 
3 98 131 64 
2 5 143 
3 174 7 82 
1 44 
1 48 
1 163 
1 24 
1 172 
1 41 
2 116 27 
3 60 181 113 
2 20 101 
1 90 
2 76 42 
1 105 
2 136 119 
3 58 112 22 
2 123 141 
2 79 117 
1 133 
1 66 
2 166 139 
1 99 
1 128 
