625 2400 10 100 118
2
3
3
3
3
3
3
3
3
3
3
3
3
3
3
3
3
3
3
3
3
3
3
3
2
3
4
4
4
4
4
4
4
4
4
4
4
4
4
4
4
4
4
4
4
4
4
4
4
3
3
4
4
4
4
4
4
4
4
4
4
4
4
4
4
4
4
4
4
4
4
4
4
4
3
3
4
4
4
4
4
4
4
4
4
4
4
4
4
4
4
4
4
4
4
4
4
4
4
3
3
4
4
4
4
4
4
4
4
4
4
4
4
4
4
4
4
4
4
4
4
4
4
4
3
3
4
4
4
4
4
4
4
4
4
4
4
4
4
4
4
4
4
4
4
4
4
4
4
3
3
4
4
4
4
4
4
4
4
4
4
4
4
4
4
4
4
4
4
4
4
4
4
4
3
3
4
4
4
4
4
4
4
4
4
4
4
4
4
4
4
4
4
4
4
4
4
4
4
3
3
4
4
4
4
4
4
4
4
4
4
4
4
4
4
4
4
4
4
4
4
4
4
4
3
3
4
4
4
4
4
4
4
4
4
4
4
4
4
4
4
4
4
4
4
4
4
4
4
3
3
4
4
4
4
4
4
4
4
4
4
4
4
4
4
4
4
4
4
4
4
4
4
4
3
3
4
4
4
4
4
4
4
4
4
4
4
4
4
4
4
4
4
4
4
4
4
4
4
3
3
4
4
4
4
4
4
4
4
4
4
4
4
4
4
4
4
4
4
4
4
4
4
4
3
3
4
4
4
4
4
4
4
4
4
4
4
4
4
4
4
4
4
4
4
4
4
4
4
3
3
4
4
4
4
4
4
4
4
4
4
4
4
4
4
4
4
4
4
4
4
4
4
4
3
3
4
4
4
4
4
4
4
4
4
4
4
4
4
4
4
4
4
4
4
4
4
4
4
3
3
4
4
4
4
4
4
4
4
4
4
4
4
4
4
4
4
4
4
4
4
4
4
4
3
3
4
4
4
4
4
4
4
4
4
4
4
4
4
4
4
4
4
4
4
4
4
4
4
3
3
4
4
4
4
4
4
4
4
4
4
4
4
4
4
4
4
4
4
4
4
4
4
4
3
3
4
4
4
4
4
4
4
4
4
4
4
4
4
4
4
4
4
4
4
4
4
4
4
3
3
4
4
4
4
4
4
4
4
4
4
4
4
4
4
4
4
4
4
4
4
4
4
4
3
3
4
4
4
4
4
4
4
4
4
4
4
4
4
4
4
4
4
4
4
4
4
4
4
3
3
4
4
4
4
4
4
4
4
4
4
4
4
4
4
4
4
4
4
4
4
4
4
4
3
3
4
4
4
4
4
4
4
4
4
4
4
4
4
4
4
4
4
4
4
4
4
4
4
3
2
3
3
3
3
3
3
3
3
3
3
3
3
3
3
3
3
3
3
3
3
3
3
3
2
26 66
2 29
27 100
3 25
1 23
28 96
4 66
2 24
29 62
5 94
3 64
30 12
6 46
4 75
31 67
7 82
5 93
32 62
8 33
6 43
33 56
9 61
7 51
34 42
10 97
8 67
35 94
11 51
9 37
36 54
12 40
10 66
37 62
13 58
11 73
38 50
14 63
12 78
39 79
15 45
13 68
40 44
16 20
14 77
41 63
17 51
15 84
42 95
18 51
16 60
43 55
19 92
17 36
44 33
20 95
18 42
45 43
21 54
19 96
46 13
22 44
20 40
47 15
23 77
21 86
48 94
24 81
22 37
49 62
25 80
23 76
50 35
24 46
51 81
1 12
27 99
52 73
2 44
28 84
26 48
53 87
3 100
29 73
27 52
54 14
4 77
30 100
28 49
55 76
5 42
31 27
29 42
56 27
6 54
32 42
30 81
57 83
7 21
33 19
31 78
58 84
8 16
34 85
32 44
59 40
9 72
35 61
33 45
60 62
10 39
36 40
34 11
61 96
11 82
37 65
35 14
62 67
12 96
38 22
36 55
63 15
13 33
39 35
37 20
64 62
14 33
40 92
38 16
65 64
15 67
41 13
39 98
66 16
16 100
42 14
40 25
67 83
17 40
43 17
41 27
68 35
18 91
44 41
42 22
69 26
19 56
45 12
43 30
70 56
20 35
46 79
44 26
71 16
21 34
47 40
45 28
72 46
22 69
48 81
46 99
73 89
23 38
49 80
47 51
74 54
24 71
50 41
48 24
75 50
25 66
49 61
76 75
26 13
52 17
77 100
27 15
53 26
51 64
78 89
28 11
54 43
52 78
79 31
29 41
55 45
53 92
80 39
30 85
56 42
54 27
81 100
31 53
57 54
55 86
82 70
32 32
58 23
56 43
83 99
33 83
59 23
57 89
84 71
34 34
60 94
58 37
85 37
35 76
61 25
59 62
86 31
36 19
62 100
60 92
87 36
37 44
63 66
61 67
88 59
38 81
64 11
62 19
89 25
39 64
65 24
63 83
90 54
40 32
66 29
64 96
91 46
41 73
67 66
65 37
92 33
42 67
68 72
66 56
93 93
43 46
69 27
67 99
94 91
44 65
70 79
68 46
95 32
45 82
71 44
69 88
96 50
46 14
72 100
70 16
97 71
47 50
73 18
71 96
98 82
48 77
74 24
72 63
99 13
49 23
75 28
73 51
100 30
50 37
74 72
101 35
51 15
77 34
102 92
52 18
78 42
76 47
103 96
53 91
79 13
77 12
104 81
54 79
80 77
78 30
105 97
55 69
81 22
79 38
106 37
56 49
82 33
80 12
107 94
57 48
83 62
81 79
108 28
58 60
84 25
82 66
109 27
59 77
85 19
83 59
110 17
60 41
86 15
84 36
111 14
61 36
87 80
85 59
112 88
62 82
88 25
86 53
113 44
63 52
89 18
87 83
114 59
64 67
90 73
88 32
115 21
65 61
91 13
89 89
116 74
66 17
92 86
90 79
117 35
67 57
93 30
91 41
118 65
68 36
94 60
92 81
119 90
69 30
95 48
93 74
120 100
70 25
96 48
94 40
121 48
71 57
97 31
95 32
122 26
72 50
98 47
96 27
123 16
73 26
99 91
97 65
124 50
74 65
100 47
98 23
125 14
75 29
99 24
126 56
76 22
102 51
127 18
77 61
103 65
101 62
128 51
78 47
104 19
102 48
129 100
79 48
105 46
103 68
130 100
80 63
106 50
104 70
131 36
81 44
107 26
105 37
132 69
82 76
108 69
106 60
133 86
83 96
109 70
107 38
134 13
84 34
110 75
108 62
135 33
85 16
111 82
109 81
136 54
86 10
112 61
110 20
137 92
87 97
113 58
111 56
138 39
88 80
114 91
112 87
139 72
89 81
115 41
113 49
140 88
90 83
116 30
114 64
141 37
91 66
117 63
115 19
142 54
92 64
118 81
116 11
143 22
93 12
119 15
117 84
144 43
94 89
120 60
118 90
145 31
95 88
121 14
119 35
146 79
96 70
122 23
120 21
147 23
97 64
123 55
121 40
148 61
98 47
124 88
122 25
149 67
99 55
125 17
123 55
150 12
100 61
124 69
151 10
101 74
127 77
152 61
102 65
128 53
126 18
153 59
103 32
129 50
127 40
154 58
104 59
130 18
128 35
155 73
105 40
131 78
129 30
156 74
106 98
132 19
130 28
157 80
107 54
133 42
131 81
158 54
108 83
134 37
132 30
159 35
109 71
135 94
133 79
160 68
110 39
136 98
134 68
161 37
111 49
137 98
135 87
162 24
112 23
138 37
136 26
163 53
113 13
139 50
137 69
164 22
114 28
140 47
138 96
165 65
115 83
141 41
139 23
166 99
116 17
142 58
140 80
167 70
117 16
143 69
141 71
168 88
118 67
144 74
142 47
169 24
119 54
145 49
143 48
170 50
120 96
146 93
144 85
171 35
121 62
147 43
145 62
172 82
122 22
148 43
146 27
173 53
123 63
149 66
147 45
174 89
124 85
150 27
148 23
175 49
125 92
149 98
176 21
126 63
152 21
177 21
127 59
153 66
151 12
178 90
128 79
154 64
152 91
179 77
129 38
155 76
153 52
180 39
130 81
156 84
154 19
181 30
131 45
157 61
155 26
182 40
132 62
158 95
156 90
183 30
133 19
159 90
157 15
184 22
134 100
160 25
158 41
185 56
135 89
161 44
159 59
186 28
136 22
162 20
160 54
187 67
137 75
163 68
161 65
188 57
138 12
164 76
162 86
189 43
139 67
165 20
163 83
190 39
140 74
166 57
164 54
191 22
141 90
167 94
165 96
192 40
142 14
168 41
166 99
193 25
143 82
169 80
167 88
194 47
144 79
170 84
168 57
195 40
145 30
171 98
169 51
196 57
146 81
172 37
170 39
197 50
147 98
173 79
171 90
198 79
148 35
174 34
172 63
199 30
149 47
175 82
173 37
200 81
150 82
174 95
201 96
151 76
177 20
202 15
152 42
178 53
176 68
203 39
153 77
179 22
177 67
204 57
154 41
180 18
178 66
205 39
155 66
181 58
179 72
206 87
156 38
182 59
180 21
207 15
157 80
183 80
181 94
208 37
158 15
184 93
182 48
209 89
159 80
185 82
183 97
210 14
160 13
186 81
184 46
211 55
161 40
187 57
185 42
212 23
162 40
188 64
186 11
213 89
163 61
189 59
187 21
214 32
164 72
190 61
188 58
215 71
165 59
191 43
189 75
216 66
166 39
192 12
190 21
217 81
167 97
193 19
191 65
218 23
168 45
194 91
192 35
219 35
169 12
195 21
193 76
220 40
170 94
196 59
194 59
221 48
171 84
197 43
195 69
222 50
172 29
198 23
196 61
223 34
173 91
199 91
197 80
224 78
174 76
200 12
198 72
225 32
175 86
199 11
226 67
176 40
202 79
227 76
177 92
203 47
201 19
228 59
178 25
204 68
202 45
229 93
179 63
205 27
203 57
230 64
180 84
206 83
204 68
231 76
181 39
207 25
205 64
232 86
182 43
208 84
206 100
233 84
183 43
209 42
207 25
234 73
184 32
210 23
208 84
235 95
185 81
211 70
209 65
236 46
186 12
212 18
210 80
237 22
187 12
213 54
211 15
238 76
188 62
214 58
212 22
239 50
189 26
215 94
213 60
240 33
190 28
216 22
214 59
241 57
191 81
217 37
215 80
242 95
192 67
218 31
216 76
243 93
193 86
219 64
217 72
244 78
194 54
220 28
218 85
245 14
195 59
221 90
219 49
246 98
196 88
222 20
220 87
247 48
197 23
223 12
221 21
248 42
198 19
224 60
222 80
249 36
199 15
225 96
223 52
250 16
200 77
224 94
251 12
201 87
227 25
252 31
202 53
228 16
226 17
253 58
203 71
229 88
227 87
254 88
204 70
230 79
228 37
255 72
205 44
231 18
229 100
256 43
206 27
232 43
230 77
257 99
207 84
233 94
231 37
258 74
208 20
234 15
232 82
259 54
209 56
235 99
233 43
260 28
210 14
236 78
234 10
261 82
211 94
237 41
235 54
262 31
212 96
238 71
236 19
263 25
213 89
239 39
237 42
264 70
214 86
240 85
238 46
265 82
215 35
241 51
239 71
266 89
216 22
242 11
240 79
267 73
217 69
243 48
241 81
268 34
218 99
244 13
242 27
269 45
219 30
245 26
243 27
270 71
220 59
246 86
244 40
271 53
221 100
247 55
245 14
272 43
222 68
248 52
246 56
273 90
223 27
249 52
247 62
274 18
224 18
250 22
248 15
275 67
225 47
249 17
276 35
226 34
252 44
277 33
227 57
253 89
251 82
278 24
228 88
254 34
252 27
279 33
229 43
255 100
253 49
280 71
230 41
256 66
254 73
281 30
231 56
257 82
255 72
282 70
232 83
258 43
256 32
283 95
233 50
259 72
257 56
284 38
234 45
260 84
258 13
285 69
235 21
261 90
259 89
286 16
236 32
262 32
260 68
287 60
237 31
263 71
261 20
288 72
238 79
264 27
262 30
289 92
239 37
265 98
263 70
290 79
240 79
266 10
264 75
291 45
241 54
267 79
265 30
292 29
242 25
268 96
266 36
293 62
243 91
269 72
267 33
294 99
244 80
270 24
268 59
295 59
245 58
271 56
269 46
296 37
246 56
272 73
270 88
297 91
247 70
273 34
271 85
298 76
248 92
274 11
272 47
299 84
249 59
275 23
273 59
300 22
250 94
274 64
301 54
251 15
277 98
302 60
252 56
278 21
276 56
303 53
253 13
279 68
277 26
304 26
254 79
280 96
278 18
305 54
255 19
281 21
279 68
306 13
256 71
282 69
280 19
307 22
257 88
283 21
281 58
308 14
258 76
284 43
282 18
309 93
259 88
285 67
283 60
310 92
260 63
286 22
284 21
311 19
261 71
287 50
285 46
312 50
262 14
288 70
286 65
313 28
263 41
289 27
287 96
314 91
264 42
290 45
288 79
315 71
265 56
291 93
289 33
316 93
266 30
292 99
290 41
317 79
267 24
293 22
291 86
318 70
268 70
294 69
292 16
319 44
269 67
295 33
293 55
320 91
270 47
296 11
294 98
321 15
271 11
297 95
295 50
322 11
272 78
298 46
296 50
323 58
273 49
299 27
297 56
324 42
274 32
300 87
298 44
325 68
275 98
299 33
326 25
276 82
302 93
327 98
277 10
303 79
301 69
328 58
278 90
304 69
302 43
329 95
279 45
305 84
303 23
330 63
280 12
306 75
304 19
331 37
281 89
307 33
305 85
332 15
282 20
308 20
306 16
333 96
283 62
309 46
307 26
334 64
284 93
310 64
308 49
335 13
285 36
311 54
309 40
336 49
286 50
312 18
310 58
337 90
287 44
313 82
311 85
338 70
288 73
314 85
312 32
339 13
289 77
315 46
313 78
340 35
290 27
316 39
314 32
341 92
291 100
317 95
315 37
342 38
292 56
318 15
316 74
343 51
293 24
319 31
317 97
344 21
294 47
320 75
318 49
345 45
295 82
321 73
319 28
346 30
296 93
322 13
320 85
347 89
297 90
323 91
321 91
348 61
298 60
324 10
322 72
349 85
299 46
325 82
323 20
350 45
300 92
324 60
351 55
301 28
327 29
352 46
302 78
328 44
326 17
353 72
303 33
329 81
327 27
354 74
304 61
330 61
328 77
355 51
305 28
331 71
329 44
356 81
306 63
332 12
330 18
357 16
307 27
333 69
331 68
358 100
308 29
334 47
332 28
359 99
309 30
335 12
333 23
360 59
310 44
336 25
334 30
361 77
311 92
337 94
335 78
362 35
312 30
338 86
336 35
363 90
313 26
339 16
337 100
364 76
314 66
340 68
338 62
365 23
315 25
341 46
339 27
366 38
316 44
342 92
340 54
367 77
317 35
343 98
341 22
368 49
318 62
344 67
342 31
369 75
319 18
345 55
343 42
370 54
320 50
346 53
344 36
371 76
321 54
347 92
345 95
372 60
322 80
348 71
346 73
373 95
323 43
349 72
347 64
374 63
324 92
350 64
348 41
375 46
325 72
349 62
376 79
326 88
352 22
377 25
327 74
353 23
351 47
378 50
328 18
354 55
352 73
379 57
329 53
355 25
353 55
380 44
330 60
356 15
354 31
381 94
331 96
357 79
355 33
382 56
332 80
358 57
356 10
383 60
333 38
359 72
357 21
384 51
334 61
360 61
358 20
385 75
335 56
361 57
359 29
386 31
336 59
362 76
360 72
387 29
337 85
363 67
361 13
388 49
338 47
364 63
362 42
389 48
339 65
365 40
363 11
390 99
340 86
366 40
364 74
391 94
341 15
367 19
365 83
392 74
342 81
368 22
366 90
393 30
343 74
369 67
367 14
394 49
344 90
370 32
368 60
395 60
345 73
371 68
369 61
396 61
346 41
372 95
370 100
397 73
347 81
373 15
371 68
398 77
348 30
374 42
372 18
399 64
349 61
375 26
373 46
400 83
350 35
374 49
401 89
351 81
377 13
402 38
352 55
378 80
376 64
403 24
353 82
379 24
377 66
404 96
354 69
380 24
378 38
405 21
355 44
381 97
379 25
406 55
356 84
382 41
380 42
407 19
357 61
383 69
381 56
408 16
358 100
384 80
382 14
409 66
359 59
385 35
383 99
410 71
360 67
386 39
384 57
411 95
361 37
387 53
385 56
412 40
362 19
388 81
386 27
413 100
363 39
389 77
387 47
414 28
364 46
390 83
388 68
415 73
365 57
391 99
389 32
416 15
366 90
392 37
390 71
417 70
367 21
393 55
391 60
418 86
368 98
394 32
392 54
419 90
369 45
395 58
393 89
420 91
370 89
396 100
394 80
421 100
371 99
397 62
395 52
422 71
372 96
398 24
396 27
423 17
373 27
399 78
397 24
424 63
374 86
400 97
398 60
425 18
375 16
399 74
426 61
376 43
402 45
427 42
377 78
403 63
401 70
428 37
378 68
404 89
402 26
429 34
379 13
405 51
403 78
430 74
380 93
406 64
404 92
431 15
381 94
407 98
405 30
432 25
382 53
408 92
406 39
433 70
383 95
409 88
407 92
434 87
384 82
410 90
408 50
435 32
385 39
411 35
409 55
436 74
386 15
412 65
410 28
437 81
387 56
413 75
411 76
438 77
388 48
414 53
412 40
439 56
389 76
415 65
413 82
440 58
390 87
416 93
414 24
441 24
391 77
417 22
415 46
442 91
392 71
418 84
416 75
443 31
393 65
419 79
417 17
444 94
394 13
420 80
418 48
445 82
395 55
421 29
419 38
446 55
396 94
422 63
420 34
447 48
397 62
423 45
421 13
448 63
398 11
424 43
422 93
449 57
399 84
425 91
423 33
450 91
400 32
424 83
451 67
401 93
427 55
452 22
402 76
428 42
426 57
453 75
403 17
429 33
427 72
454 90
404 94
430 18
428 64
455 90
405 78
431 21
429 32
456 17
406 63
432 24
430 71
457 69
407 31
433 23
431 86
458 41
408 65
434 20
432 48
459 40
409 38
435 45
433 41
460 25
410 93
436 18
434 23
461 47
411 26
437 52
435 94
462 26
412 14
438 93
436 98
463 11
413 91
439 12
437 53
464 21
414 100
440 52
438 68
465 38
415 54
441 98
439 10
466 55
416 93
442 80
440 39
467 76
417 52
443 25
441 44
468 25
418 86
444 41
442 89
469 16
419 89
445 63
443 84
470 72
420 20
446 51
444 62
471 10
421 78
447 96
445 15
472 47
422 44
448 99
446 67
473 54
423 63
449 51
447 76
474 16
424 84
450 73
448 89
475 29
425 18
449 79
476 46
426 68
452 90
477 24
427 78
453 33
451 42
478 24
428 14
454 92
452 52
479 100
429 58
455 22
453 27
480 14
430 43
456 56
454 68
481 18
431 20
457 90
455 72
482 33
432 70
458 80
456 76
483 43
433 18
459 82
457 26
484 91
434 12
460 76
458 85
485 31
435 93
461 71
459 45
486 15
436 84
462 26
460 90
487 38
437 73
463 35
461 60
488 40
438 54
464 80
462 40
489 58
439 41
465 40
463 79
490 46
440 51
466 98
464 50
491 89
441 37
467 67
465 87
492 23
442 20
468 68
466 88
493 61
443 47
469 75
467 35
494 64
444 97
470 19
468 90
495 72
445 60
471 21
469 71
496 21
446 40
472 18
470 67
497 92
447 49
473 47
471 82
498 19
448 97
474 28
472 21
499 81
449 51
475 28
473 70
500 74
450 84
474 83
501 100
451 89
477 95
502 45
452 29
478 35
476 38
503 56
453 88
479 89
477 93
504 14
454 66
480 79
478 87
505 62
455 56
481 69
479 58
506 25
456 83
482 92
480 83
507 57
457 65
483 95
481 65
508 71
458 65
484 100
482 92
509 19
459 37
485 30
483 90
510 81
460 16
486 30
484 47
511 59
461 77
487 81
485 19
512 18
462 52
488 12
486 92
513 71
463 17
489 24
487 66
514 98
464 62
490 15
488 42
515 10
465 23
491 89
489 32
516 20
466 64
492 44
490 80
517 97
467 79
493 56
491 48
518 41
468 39
494 82
492 25
519 63
469 10
495 23
493 94
520 78
470 31
496 55
494 56
521 97
471 87
497 85
495 50
522 86
472 23
498 79
496 99
523 78
473 71
499 78
497 94
524 31
474 24
500 82
498 64
525 13
475 24
499 78
526 17
476 67
502 30
527 95
477 85
503 92
501 74
528 50
478 18
504 47
502 58
529 46
479 22
505 85
503 30
530 27
480 54
506 29
504 85
531 63
481 52
507 69
505 66
532 13
482 86
508 69
506 36
533 37
483 43
509 67
507 28
534 42
484 36
510 17
508 79
535 82
485 17
511 52
509 31
536 97
486 71
512 60
510 11
537 61
487 52
513 55
511 71
538 28
488 97
514 54
512 40
539 94
489 64
515 42
513 69
540 30
490 72
516 59
514 16
541 31
491 74
517 39
515 30
542 66
492 69
518 35
516 68
543 42
493 28
519 48
517 44
544 35
494 31
520 41
518 92
545 55
495 10
521 60
519 97
546 24
496 32
522 26
520 35
547 32
497 83
523 29
521 22
548 39
498 96
524 11
522 65
549 64
499 37
525 39
523 26
550 69
500 62
524 47
551 92
501 23
527 89
552 75
502 51
528 97
526 73
553 73
503 10
529 74
527 51
554 40
504 91
530 18
528 28
555 22
505 89
531 18
529 17
556 41
506 99
532 83
530 98
557 68
507 82
533 69
531 22
558 89
508 25
534 99
532 23
559 89
509 32
535 20
533 84
560 68
510 13
536 14
534 87
561 64
511 25
537 85
535 45
562 85
512 42
538 56
536 58
563 69
513 80
539 96
537 62
564 95
514 80
540 90
538 68
565 80
515 46
541 10
539 79
566 99
516 96
542 98
540 30
567 85
517 39
543 55
541 28
568 14
518 73
544 99
542 80
569 78
519 61
545 45
543 15
570 46
520 28
546 25
544 79
571 22
521 55
547 43
545 34
572 21
522 11
548 77
546 42
573 75
523 30
549 93
547 59
574 91
524 44
550 66
548 71
575 79
525 48
549 27
576 44
526 61
552 59
577 91
527 63
553 37
551 24
578 62
528 42
554 53
552 15
579 87
529 75
555 78
553 68
580 92
530 36
556 10
554 24
581 91
531 43
557 82
555 90
582 40
532 41
558 91
556 64
583 80
533 23
559 93
557 29
584 77
534 53
560 12
558 58
585 69
535 18
561 21
559 84
586 95
536 32
562 57
560 24
587 95
537 83
563 57
561 66
588 13
538 27
564 40
562 100
589 41
539 40
565 40
563 38
590 14
540 34
566 100
564 15
591 15
541 31
567 53
565 30
592 28
542 13
568 12
566 88
593 78
543 25
569 45
567 35
594 67
544 50
570 81
568 79
595 53
545 78
571 22
569 49
596 81
546 42
572 44
570 27
597 50
547 38
573 87
571 75
598 82
548 42
574 12
572 85
599 10
549 35
575 16
573 51
600 71
550 42
574 37
601 92
551 94
577 29
602 90
552 19
578 38
576 83
603 39
553 77
579 81
577 28
604 98
554 66
580 14
578 21
605 24
555 16
581 59
579 76
606 43
556 57
582 75
580 38
607 53
557 79
583 10
581 31
608 71
558 74
584 38
582 62
609 19
559 100
585 34
583 27
610 14
560 19
586 18
584 14
611 78
561 93
587 94
585 22
612 39
562 24
588 46
586 11
613 64
563 61
589 12
587 19
614 28
564 77
590 48
588 97
615 23
565 84
591 59
589 72
616 81
566 37
592 55
590 82
617 65
567 34
593 90
591 71
618 44
568 81
594 59
592 86
619 94
569 86
595 94
593 95
620 98
570 42
596 19
594 96
621 26
571 66
597 82
595 40
622 28
572 13
598 30
596 17
623 47
573 28
599 32
597 98
624 44
574 81
600 91
598 100
625 43
575 61
599 19
576 80
602 48
577 11
603 45
601 98
578 21
604 26
602 57
579 30
605 43
603 14
580 46
606 69
604 31
581 61
607 63
605 46
582 20
608 19
606 97
583 98
609 94
607 44
584 24
610 12
608 54
585 42
611 49
609 56
586 15
612 75
610 87
587 93
613 46
611 38
588 84
614 87
612 15
589 97
615 36
613 69
590 64
616 59
614 28
591 34
617 53
615 69
592 48
618 85
616 23
593 92
619 79
617 73
594 88
620 50
618 36
595 62
621 50
619 88
596 61
622 58
620 29
597 49
623 13
621 94
598 33
624 34
622 77
599 48
625 72
623 97
600 88
624 62
380
135
2 273 380 
1 168 
1 483 
2 447 285 
2 490 527 
1 383 
2 613 311 
1 457 
2 342 514 
1 603 
1 309 
3 600 284 515 
1 331 
1 143 
1 100 
2 291 618 
2 492 488 
3 295 410 353 
3 300 356 241 
1 482 
1 188 
2 140 132 
2 609 108 
3 294 124 134 
3 260 229 582 
1 302 
2 561 210 
2 127 267 
2 21 499 
1 503 
1 339 
2 334 181 
1 272 
2 5 117 
1 322 
1 293 
2 149 441 
2 219 466 
1 524 
1 622 
3 58 511 584 
1 182 
1 572 
1 540 
2 544 495 
2 165 242 
4 308 481 6 349 
2 329 92 
1 317 
2 131 358 
1 421 
2 443 209 
2 56 212 
1 520 
1 115 
2 88 391 
4 521 433 312 568 
3 574 14 325 
1 299 
1 268 
1 263 
3 501 513 97 
2 60 197 
1 186 
1 587 
1 319 
1 66 
1 450 
3 576 393 61 
1 475 
1 400 
3 13 283 226 
2 541 619 
2 376 81 
3 106 184 363 
2 595 159 
1 516 
2 271 458 
1 153 
2 28 176 
3 424 89 228 
3 531 253 321 
2 141 571 
1 17 
2 583 497 
1 455 
2 554 248 
2 408 401 
2 65 240 
5 586 280 91 35 404 
1 417 
1 446 
1 620 
3 326 597 222 
2 506 194 
1 99 
1 251 
2 608 351 
2 411 471 
2 107 41 
1 392 
2 551 444 
3 266 306 604 
3 405 121 377 
3 47 323 533 
2 105 382 
2 463 530 
4 378 480 569 593 
2 27 114 
2 101 198 
1 337 
3 385 537 539 
2 465 320 
2 589 581 
1 170 
5 435 478 415 84 389 
1 509 
3 590 418 135 
