600 2276 10 100 114
2
3
3
3
3
3
3
3
3
3
3
3
3
3
3
3
3
3
3
3
3
3
3
3
3
3
3
3
3
3
3
3
3
3
3
3
3
3
3
3
3
3
3
3
3
3
3
3
3
2
3
4
4
4
4
4
4
4
4
4
4
4
4
4
4
4
4
4
4
4
4
4
4
4
4
4
4
4
4
4
4
4
4
4
4
4
4
4
4
4
4
4
4
4
4
4
4
4
4
3
3
4
4
4
4
4
4
4
4
4
4
4
4
4
4
4
4
4
4
4
4
4
4
4
4
4
4
4
4
4
4
4
4
4
4
4
4
4
4
4
4
4
4
4
4
4
4
4
4
3
3
4
4
4
4
4
4
4
4
4
4
4
4
4
4
4
4
4
4
4
4
4
4
4
4
4
4
4
4
4
4
4
4
4
4
4
4
4
4
4
4
4
4
4
4
4
4
4
4
3
3
4
4
4
4
4
4
4
4
4
4
4
4
4
4
4
4
4
4
4
4
4
4
4
4
4
4
4
4
4
4
4
4
4
4
4
4
4
4
4
4
4
4
4
4
4
4
4
4
3
3
4
4
4
4
4
4
4
4
4
4
4
4
4
4
4
4
4
4
4
4
4
4
4
4
4
4
4
4
4
4
4
4
4
4
4
4
4
4
4
4
4
4
4
4
4
4
4
4
3
3
4
4
4
4
4
4
4
4
4
4
4
4
4
4
4
4
4
4
4
4
4
4
4
4
4
4
4
4
4
4
4
4
4
4
4
4
4
4
4
4
4
4
4
4
4
4
4
4
3
3
4
4
4
4
4
4
4
4
4
4
4
4
4
4
4
4
4
4
4
4
4
4
4
4
4
4
4
4
4
4
4
4
4
4
4
4
4
4
4
4
4
4
4
4
4
4
4
4
3
3
4
4
4
4
4
4
4
4
4
4
4
4
4
4
4
4
4
4
4
4
4
4
4
4
4
4
4
4
4
4
4
4
4
4
4
4
4
4
4
4
4
4
4
4
4
4
4
4
3
3
4
4
4
4
4
4
4
4
4
4
4
4
4
4
4
4
4
4
4
4
4
4
4
4
4
4
4
4
4
4
4
4
4
4
4
4
4
4
4
4
4
4
4
4
4
4
4
4
3
3
4
4
4
4
4
4
4
4
4
4
4
4
4
4
4
4
4
4
4
4
4
4
4
4
4
4
4
4
4
4
4
4
4
4
4
4
4
4
4
4
4
4
4
4
4
4
4
4
3
2
3
3
3
3
3
3
3
3
3
3
3
3
3
3
3
3
3
3
3
3
3
3
3
3
3
3
3
3
3
3
3
3
3
3
3
3
3
3
3
3
3
3
3
3
3
3
3
3
2
51 17
2 29
52 45
3 97
1 47
53 18
4 49
2 68
54 14
5 31
3 75
55 58
6 96
4 35
56 29
7 100
5 34
57 79
8 41
6 70
58 39
9 68
7 28
59 64
10 82
8 60
60 59
11 69
9 11
61 23
12 37
10 29
62 14
13 39
11 98
63 78
14 21
12 33
64 24
15 16
13 70
65 62
16 22
14 28
66 99
17 72
15 62
67 56
18 10
16 20
68 77
19 46
17 63
69 72
20 24
18 59
70 36
21 83
19 75
71 38
22 54
20 26
72 20
23 76
21 53
73 53
24 40
22 26
74 57
25 13
23 20
75 72
26 25
24 60
76 97
27 30
25 74
77 84
28 22
26 34
78 11
29 15
27 58
79 100
30 71
28 42
80 97
31 66
29 52
81 95
32 58
30 61
82 86
33 31
31 29
83 93
34 13
32 92
84 55
35 78
33 31
85 79
36 54
34 81
86 54
37 19
35 87
87 89
38 37
36 36
88 87
39 85
37 25
89 15
40 24
38 33
90 60
41 68
39 43
91 32
42 35
40 52
92 51
43 80
41 66
93 97
44 80
42 49
94 73
45 33
43 57
95 50
46 41
44 17
96 43
47 45
45 100
97 16
48 22
46 48
98 39
49 16
47 72
99 49
50 32
48 20
100 61
49 37
101 16
1 39
52 54
102 60
2 70
53 12
51 82
103 49
3 87
54 14
52 15
104 88
4 65
55 84
53 80
105 10
5 72
56 65
54 33
106 40
6 79
57 92
55 26
107 32
7 47
58 79
56 94
108 36
8 63
59 97
57 43
109 69
9 26
60 71
58 56
110 34
10 47
61 31
59 64
111 56
11 98
62 91
60 98
112 44
12 47
63 77
61 46
113 86
13 96
64 15
62 93
114 67
14 27
65 32
63 12
115 46
15 48
66 88
64 77
116 81
16 83
67 25
65 89
117 82
17 20
68 33
66 60
118 100
18 40
69 42
67 94
119 97
19 14
70 54
68 40
120 38
20 93
71 10
69 20
121 14
21 19
72 97
70 67
122 32
22 18
73 93
71 23
123 56
23 64
74 26
72 15
124 43
24 85
75 89
73 41
125 93
25 71
76 33
74 73
126 28
26 79
77 97
75 72
127 67
27 73
78 12
76 68
128 58
28 14
79 65
77 74
129 30
29 88
80 79
78 86
130 48
30 73
81 11
79 20
131 41
31 62
82 82
80 26
132 10
32 82
83 26
81 68
133 66
33 18
84 14
82 22
134 65
34 37
85 78
83 30
135 11
35 41
86 83
84 11
136 78
36 23
87 99
85 73
137 100
37 73
88 98
86 53
138 95
38 99
89 75
87 100
139 13
39 35
90 35
88 94
140 97
40 23
91 20
89 27
141 39
41 47
92 43
90 94
142 55
42 19
93 86
91 38
143 78
43 39
94 37
92 15
144 95
44 34
95 80
93 74
145 29
45 96
96 95
94 50
146 57
46 83
97 91
95 90
147 72
47 93
98 51
96 24
148 97
48 52
99 86
97 95
149 78
49 10
100 46
98 23
150 69
50 87
99 81
151 45
51 81
102 87
152 12
52 57
103 63
101 88
153 72
53 62
104 68
102 98
154 52
54 73
105 68
103 12
155 74
55 55
106 10
104 28
156 47
56 92
107 38
105 92
157 23
57 82
108 100
106 14
158 82
58 34
109 13
107 89
159 74
59 50
110 75
108 60
160 15
60 34
111 32
109 32
161 48
61 48
112 15
110 17
162 43
62 86
113 68
111 10
163 27
63 18
114 40
112 93
164 36
64 24
115 92
113 29
165 90
65 89
116 18
114 70
166 83
66 28
117 12
115 30
167 22
67 11
118 43
116 40
168 98
68 52
119 90
117 35
169 71
69 85
120 61
118 17
170 59
70 45
121 36
119 39
171 34
71 28
122 19
120 60
172 36
72 18
123 75
121 50
173 23
73 82
124 10
122 21
174 80
74 93
125 68
123 34
175 14
75 75
126 37
124 36
176 14
76 42
127 21
125 70
177 38
77 74
128 14
126 73
178 97
78 55
129 17
127 11
179 25
79 17
130 57
128 78
180 30
80 90
131 84
129 14
181 62
81 34
132 42
130 76
182 19
82 44
133 63
131 23
183 83
83 11
134 51
132 77
184 22
84 50
135 91
133 41
185 88
85 15
136 95
134 74
186 79
86 56
137 74
135 36
187 21
87 81
138 48
136 52
188 21
88 79
139 33
137 81
189 42
89 45
140 66
138 61
190 30
90 23
141 81
139 75
191 59
91 21
142 52
140 27
192 74
92 48
143 74
141 65
193 77
93 33
144 45
142 47
194 37
94 71
145 52
143 81
195 71
95 31
146 85
144 100
196 19
96 97
147 35
145 68
197 35
97 94
148 55
146 68
198 95
98 86
149 82
147 70
199 77
99 100
150 13
148 29
200 33
100 100
149 29
201 58
101 28
152 38
202 72
102 71
153 93
151 50
203 51
103 62
154 56
152 40
204 21
104 72
155 89
153 34
205 28
105 32
156 81
154 96
206 84
106 46
157 22
155 59
207 70
107 96
158 28
156 10
208 68
108 66
159 94
157 11
209 64
109 88
160 26
158 44
210 23
110 29
161 82
159 92
211 77
111 98
162 32
160 67
212 17
112 37
163 43
161 26
213 17
113 57
164 51
162 21
214 100
114 51
165 16
163 11
215 11
115 77
166 25
164 84
216 16
116 46
167 96
165 23
217 68
117 10
168 81
166 49
218 24
118 78
169 69
167 24
219 77
119 90
170 50
168 43
220 88
120 77
171 21
169 33
221 38
121 57
172 70
170 29
222 81
122 26
173 15
171 98
223 27
123 11
174 25
172 85
224 25
124 18
175 96
173 54
225 96
125 46
176 63
174 34
226 90
126 45
177 63
175 51
227 84
127 50
178 97
176 20
228 88
128 15
179 27
177 17
229 71
129 64
180 37
178 87
230 47
130 89
181 39
179 23
231 32
131 23
182 35
180 64
232 61
132 43
183 46
181 95
233 45
133 68
184 18
182 68
234 25
134 95
185 72
183 38
235 13
135 78
186 73
184 100
236 82
136 77
187 73
185 62
237 44
137 100
188 48
186 17
238 25
138 89
189 30
187 72
239 42
139 10
190 92
188 92
240 90
140 13
191 74
189 39
241 85
141 60
192 78
190 77
242 80
142 70
193 90
191 28
243 76
143 26
194 26
192 86
244 76
144 90
195 28
193 74
245 69
145 36
196 97
194 68
246 36
146 23
197 64
195 90
247 16
147 84
198 61
196 96
248 45
148 20
199 80
197 56
249 85
149 54
200 10
198 10
250 29
150 57
199 79
251 41
151 71
202 18
252 51
152 48
203 20
201 43
253 41
153 76
204 47
202 39
254 76
154 97
205 39
203 62
255 45
155 60
206 33
204 14
256 47
156 58
207 95
205 14
257 79
157 70
208 74
206 31
258 74
158 45
209 20
207 98
259 73
159 21
210 86
208 77
260 33
160 60
211 63
209 45
261 94
161 45
212 44
210 83
262 91
162 39
213 42
211 86
263 36
163 76
214 73
212 77
264 47
164 65
215 59
213 93
265 53
165 23
216 44
214 21
266 42
166 33
217 49
215 30
267 26
167 34
218 13
216 21
268 73
168 55
219 76
217 75
269 21
169 19
220 56
218 79
270 11
170 97
221 48
219 70
271 86
171 16
222 18
220 10
272 24
172 98
223 59
221 60
273 84
173 73
224 13
222 81
274 31
174 95
225 25
223 32
275 25
175 65
226 41
224 43
276 22
176 55
227 93
225 22
277 52
177 96
228 69
226 10
278 85
178 45
229 11
227 44
279 35
179 82
230 40
228 63
280 61
180 68
231 89
229 91
281 98
181 32
232 50
230 97
282 12
182 34
233 85
231 78
283 27
183 78
234 32
232 26
284 54
184 77
235 80
233 17
285 52
185 59
236 26
234 46
286 89
186 82
237 29
235 49
287 92
187 40
238 47
236 46
288 46
188 55
239 59
237 94
289 28
189 39
240 99
238 31
290 27
190 16
241 77
239 82
291 23
191 91
242 35
240 42
292 83
192 76
243 90
241 26
293 22
193 83
244 54
242 12
294 83
194 91
245 67
243 38
295 87
195 33
246 94
244 98
296 58
196 40
247 83
245 79
297 99
197 97
248 53
246 37
298 13
198 53
249 43
247 77
299 70
199 88
250 71
248 73
300 32
200 15
249 10
301 64
201 30
252 82
302 89
202 75
253 25
251 35
303 39
203 10
254 50
252 98
304 93
204 70
255 56
253 76
305 54
205 41
256 67
254 91
306 66
206 72
257 14
255 23
307 16
207 76
258 62
256 78
308 66
208 89
259 71
257 83
309 57
209 28
260 26
258 73
310 11
210 34
261 36
259 98
311 87
211 91
262 33
260 45
312 43
212 61
263 57
261 21
313 52
213 15
264 81
262 91
314 45
214 19
265 81
263 91
315 68
215 26
266 68
264 47
316 48
216 93
267 82
265 94
317 57
217 92
268 53
266 23
318 57
218 73
269 17
267 15
319 49
219 76
270 37
268 43
320 15
220 83
271 93
269 78
321 82
221 54
272 76
270 78
322 78
222 60
273 30
271 11
323 40
223 48
274 29
272 33
324 11
224 17
275 64
273 51
325 79
225 61
276 73
274 68
326 78
226 27
277 54
275 79
327 15
227 10
278 16
276 37
328 78
228 40
279 43
277 36
329 57
229 73
280 51
278 41
330 14
230 22
281 15
279 67
331 72
231 88
282 59
280 38
332 100
232 15
283 26
281 78
333 18
233 93
284 63
282 18
334 90
234 90
285 55
283 30
335 96
235 59
286 57
284 97
336 77
236 47
287 22
285 26
337 75
237 50
288 69
286 91
338 35
238 68
289 53
287 16
339 50
239 75
290 23
288 26
340 94
240 81
291 88
289 51
341 80
241 31
292 66
290 42
342 75
242 26
293 73
291 91
343 66
243 20
294 94
292 64
344 13
244 88
295 58
293 74
345 16
245 17
296 16
294 11
346 85
246 75
297 16
295 32
347 59
247 37
298 56
296 30
348 22
248 23
299 13
297 44
349 21
249 40
300 65
298 10
350 59
250 48
299 11
351 84
251 71
302 97
352 84
252 21
303 19
301 43
353 14
253 76
304 16
302 93
354 94
254 45
305 78
303 99
355 58
255 26
306 96
304 54
356 12
256 69
307 94
305 98
357 59
257 75
308 27
306 56
358 15
258 23
309 90
307 33
359 74
259 92
310 19
308 67
360 17
260 77
311 54
309 65
361 57
261 59
312 73
310 80
362 36
262 96
313 14
311 79
363 100
263 86
314 93
312 100
364 87
264 12
315 17
313 80
365 25
265 20
316 84
314 29
366 83
266 94
317 27
315 57
367 34
267 66
318 10
316 81
368 69
268 69
319 82
317 94
369 37
269 15
320 42
318 38
370 87
270 26
321 33
319 95
371 56
271 28
322 24
320 91
372 26
272 78
323 29
321 90
373 93
273 74
324 25
322 16
374 61
274 62
325 54
323 61
375 24
275 94
326 13
324 85
376 98
276 39
327 27
325 98
377 84
277 96
328 19
326 83
378 22
278 58
329 38
327 28
379 45
279 34
330 15
328 28
380 44
280 28
331 41
329 93
381 85
281 75
332 40
330 44
382 58
282 46
333 17
331 60
383 22
283 61
334 93
332 64
384 60
284 80
335 95
333 20
385 88
285 52
336 36
334 69
386 57
286 74
337 47
335 49
387 62
287 66
338 91
336 56
388 10
288 91
339 95
337 10
389 69
289 91
340 18
338 82
390 83
290 55
341 57
339 81
391 28
291 21
342 36
340 23
392 16
292 21
343 49
341 35
393 29
293 33
344 51
342 64
394 46
294 88
345 21
343 38
395 61
295 18
346 66
344 78
396 14
296 45
347 53
345 15
397 94
297 70
348 85
346 51
398 84
298 76
349 36
347 95
399 82
299 80
350 38
348 56
400 96
300 48
349 28
401 42
301 66
352 64
402 77
302 100
353 56
351 51
403 90
303 73
354 87
352 56
404 31
304 91
355 64
353 89
405 18
305 17
356 82
354 43
406 72
306 97
357 49
355 30
407 90
307 18
358 84
356 10
408 29
308 30
359 42
357 96
409 36
309 67
360 35
358 79
410 21
310 57
361 94
359 37
411 40
311 93
362 26
360 25
412 18
312 86
363 93
361 52
413 48
313 11
364 81
362 48
414 36
314 66
365 46
363 28
415 81
315 58
366 31
364 44
416 75
316 49
367 62
365 31
417 18
317 66
368 72
366 58
418 25
318 59
369 43
367 49
419 53
319 97
370 37
368 83
420 84
320 27
371 78
369 18
421 16
321 64
372 54
370 29
422 64
322 39
373 73
371 68
423 89
323 71
374 20
372 81
424 46
324 24
375 87
373 60
425 66
325 23
376 50
374 97
426 54
326 34
377 55
375 90
427 42
327 91
378 50
376 14
428 60
328 68
379 36
377 10
429 69
329 93
380 33
378 15
430 30
330 70
381 78
379 87
431 61
331 44
382 67
380 41
432 11
332 68
383 94
381 88
433 91
333 100
384 21
382 30
434 31
334 48
385 63
383 88
435 18
335 63
386 28
384 62
436 47
336 67
387 36
385 63
437 59
337 70
388 100
386 41
438 59
338 83
389 88
387 26
439 97
339 21
390 62
388 38
440 86
340 33
391 89
389 61
441 17
341 32
392 34
390 23
442 25
342 59
393 28
391 49
443 88
343 63
394 63
392 78
444 20
344 54
395 46
393 59
445 10
345 38
396 40
394 52
446 79
346 59
397 53
395 85
447 31
347 99
398 77
396 57
448 32
348 56
399 16
397 41
449 23
349 54
400 81
398 25
450 80
350 79
399 16
451 94
351 86
402 13
452 14
352 85
403 52
401 82
453 70
353 97
404 79
402 95
454 37
354 86
405 66
403 35
455 14
355 99
406 24
404 25
456 90
356 40
407 56
405 54
457 50
357 60
408 27
406 74
458 92
358 70
409 57
407 33
459 62
359 45
410 92
408 63
460 66
360 73
411 77
409 35
461 92
361 15
412 52
410 50
462 58
362 12
413 28
411 26
463 38
363 30
414 70
412 13
464 50
364 87
415 34
413 28
465 85
365 54
416 46
414 14
466 56
366 35
417 75
415 59
467 38
367 90
418 78
416 99
468 62
368 25
419 74
417 68
469 64
369 84
420 72
418 16
470 64
370 80
421 23
419 96
471 80
371 70
422 39
420 10
472 77
372 91
423 73
421 71
473 92
373 29
424 91
422 60
474 94
374 71
425 55
423 23
475 23
375 87
426 57
424 69
476 18
376 36
427 53
425 89
477 98
377 70
428 45
426 47
478 24
378 28
429 23
427 45
479 91
379 50
430 68
428 76
480 66
380 32
431 38
429 89
481 63
381 68
432 52
430 83
482 90
382 34
433 73
431 79
483 40
383 23
434 58
432 32
484 73
384 28
435 67
433 42
485 37
385 33
436 69
434 80
486 87
386 69
437 11
435 98
487 95
387 40
438 100
436 47
488 72
388 40
439 78
437 29
489 20
389 49
440 81
438 77
490 96
390 37
441 90
439 36
491 55
391 54
442 93
440 55
492 35
392 83
443 33
441 52
493 83
393 84
444 39
442 80
494 21
394 10
445 22
443 56
495 59
395 44
446 87
444 56
496 72
396 28
447 71
445 66
497 65
397 17
448 94
446 10
498 94
398 70
449 29
447 18
499 18
399 97
450 98
448 62
500 15
400 67
449 81
501 16
401 82
452 29
502 22
402 71
453 14
451 58
503 78
403 39
454 23
452 75
504 41
404 12
455 27
453 86
505 76
405 37
456 80
454 33
506 95
406 26
457 66
455 98
507 65
407 91
458 66
456 62
508 39
408 98
459 49
457 64
509 84
409 100
460 21
458 57
510 79
410 95
461 17
459 10
511 54
411 60
462 23
460 67
512 45
412 99
463 64
461 48
513 29
413 62
464 69
462 82
514 38
414 100
465 11
463 82
515 80
415 26
466 10
464 99
516 53
416 20
467 26
465 69
517 37
417 67
468 89
466 74
518 30
418 12
469 46
467 47
519 12
419 89
470 35
468 86
520 96
420 83
471 92
469 72
521 67
421 82
472 40
470 38
522 74
422 17
473 76
471 100
523 97
423 76
474 62
472 94
524 84
424 14
475 12
473 34
525 54
425 65
476 34
474 11
526 18
426 35
477 33
475 60
527 65
427 33
478 74
476 11
528 25
428 57
479 48
477 35
529 19
429 43
480 34
478 93
530 81
430 80
481 63
479 63
531 22
431 78
482 49
480 45
532 28
432 72
483 35
481 29
533 47
433 61
484 34
482 66
534 79
434 19
485 57
483 15
535 99
435 87
486 29
484 36
536 36
436 98
487 31
485 80
537 18
437 86
488 24
486 99
538 39
438 52
489 77
487 20
539 28
439 70
490 88
488 23
540 22
440 58
491 55
489 68
541 11
441 60
492 96
490 95
542 87
442 37
493 54
491 58
543 87
443 30
494 53
492 56
544 92
444 58
495 13
493 23
545 62
445 92
496 84
494 65
546 17
446 55
497 66
495 52
547 49
447 21
498 43
496 36
548 20
448 65
499 13
497 66
549 69
449 32
500 25
498 53
550 26
450 29
499 88
551 46
451 91
502 98
552 60
452 16
503 63
501 48
553 34
453 56
504 27
502 73
554 22
454 71
505 38
503 76
555 21
455 51
506 35
504 20
556 66
456 61
507 42
505 10
557 58
457 82
508 67
506 58
558 62
458 73
509 53
507 45
559 100
459 53
510 91
508 65
560 18
460 78
511 73
509 54
561 12
461 83
512 36
510 57
562 90
462 43
513 71
511 69
563 48
463 50
514 18
512 75
564 83
464 29
515 51
513 20
565 10
465 70
516 27
514 38
566 24
466 40
517 80
515 33
567 97
467 12
518 65
516 35
568 30
468 33
519 16
517 85
569 19
469 77
520 17
518 93
570 45
470 66
521 25
519 67
571 23
471 54
522 98
520 80
572 99
472 34
523 40
521 99
573 96
473 84
524 79
522 13
574 96
474 91
525 36
523 13
575 31
475 94
526 12
524 31
576 96
476 88
527 62
525 52
577 58
477 58
528 68
526 30
578 47
478 13
529 24
527 41
579 48
479 58
530 84
528 43
580 35
480 80
531 49
529 42
581 44
481 72
532 33
530 73
582 94
482 74
533 27
531 22
583 62
483 26
534 14
532 77
584 20
484 79
535 16
533 96
585 57
485 94
536 14
534 53
586 100
486 41
537 24
535 27
587 83
487 98
538 15
536 94
588 38
488 11
539 43
537 87
589 18
489 33
540 76
538 12
590 35
490 24
541 29
539 64
591 17
491 84
542 58
540 48
592 24
492 29
543 15
541 100
593 79
493 24
544 46
542 18
594 44
494 93
545 87
543 74
595 92
495 41
546 45
544 40
596 72
496 61
547 94
545 22
597 30
497 42
548 95
546 65
598 44
498 17
549 44
547 91
599 60
499 80
550 37
548 74
600 86
500 46
549 36
501 69
552 35
502 35
553 57
551 50
503 37
554 61
552 56
504 43
555 94
553 15
505 43
556 54
554 40
506 82
557 45
555 96
507 73
558 89
556 66
508 82
559 76
557 71
509 35
560 61
558 33
510 73
561 58
559 35
511 49
562 20
560 47
512 25
563 100
561 68
513 38
564 56
562 96
514 62
565 72
563 22
515 74
566 19
564 72
516 100
567 85
565 61
517 77
568 69
566 20
518 59
569 31
567 83
519 30
570 12
568 53
520 62
571 84
569 65
521 17
572 55
570 21
522 98
573 93
571 64
523 55
574 85
572 56
524 46
575 78
573 49
525 30
576 92
574 39
526 100
577 57
575 71
527 88
578 72
576 79
528 38
579 88
577 88
529 92
580 45
578 70
530 23
581 78
579 28
531 75
582 66
580 26
532 63
583 74
581 83
533 90
584 69
582 44
534 96
585 15
583 61
535 64
586 63
584 24
536 32
587 98
585 15
537 46
588 65
586 85
538 100
589 84
587 25
539 12
590 12
588 37
540 38
591 22
589 64
541 46
592 52
590 44
542 22
593 73
591 68
543 53
594 85
592 10
544 25
595 97
593 58
545 75
596 31
594 74
546 25
597 91
595 93
547 13
598 91
596 48
548 46
599 14
597 13
549 22
600 40
598 42
550 68
599 12
185
460
2 208 185 
5 248 301 533 66 394 
1 20 
2 132 332 
1 492 
3 87 116 424 
3 198 111 55 
2 221 44 
2 564 357 
2 1 531 
2 514 549 
1 535 
4 426 546 459 351 
4 287 490 131 5 
3 217 17 142 
2 550 123 
3 523 96 385 
3 516 209 554 
1 463 
1 171 
1 520 
2 586 75 
1 24 
1 497 
2 346 243 
2 90 211 
1 71 
1 557 
2 38 600 
2 2 580 
1 518 
3 339 470 409 
1 232 
1 40 
1 448 
2 105 552 
2 508 511 
2 60 192 
2 556 9 
2 331 292 
1 135 
1 150 
1 238 
1 453 
1 156 
2 551 417 
2 373 284 
2 365 352 
1 528 
1 56 
1 416 
2 510 304 
2 464 447 
3 157 106 136 
2 179 23 
1 190 
3 210 503 255 
1 359 
3 72 207 158 
1 592 
2 144 82 
2 479 442 
3 290 50 30 
1 590 
2 237 491 
2 486 361 
1 187 
3 456 3 274 
1 469 
2 544 236 
2 147 596 
2 315 500 
1 313 
1 405 
2 519 372 
1 245 
1 172 
1 124 
1 183 
2 547 358 
4 270 234 52 382 
4 430 581 375 466 
1 527 
1 427 
2 319 333 
1 241 
3 539 343 249 
2 377 451 
3 366 534 166 
1 231 
2 63 454 
1 153 
2 328 434 
2 599 264 
3 202 574 476 
1 263 
1 390 
1 110 
2 242 397 
4 396 521 488 329 
2 433 253 
1 139 
1 525 
2 181 312 
1 294 
3 37 288 419 
2 12 579 
2 484 189 
2 77 336 
2 138 436 
1 391 
1 80 
3 8 364 398 
2 285 460 
