625 2400 10 100 118
2
3
3
3
3
3
3
3
3
3
3
3
3
3
3
3
3
3
3
3
3
3
3
3
2
3
4
4
4
4
4
4
4
4
4
4
4
4
4
4
4
4
4
4
4
4
4
4
4
3
3
4
4
4
4
4
4
4
4
4
4
4
4
4
4
4
4
4
4
4
4
4
4
4
3
3
4
4
4
4
4
4
4
4
4
4
4
4
4
4
4
4
4
4
4
4
4
4
4
3
3
4
4
4
4
4
4
4
4
4
4
4
4
4
4
4
4
4
4
4
4
4
4
4
3
3
4
4
4
4
4
4
4
4
4
4
4
4
4
4
4
4
4
4
4
4
4
4
4
3
3
4
4
4
4
4
4
4
4
4
4
4
4
4
4
4
4
4
4
4
4
4
4
4
3
3
4
4
4
4
4
4
4
4
4
4
4
4
4
4
4
4
4
4
4
4
4
4
4
3
3
4
4
4
4
4
4
4
4
4
4
4
4
4
4
4
4
4
4
4
4
4
4
4
3
3
4
4
4
4
4
4
4
4
4
4
4
4
4
4
4
4
4
4
4
4
4
4
4
3
3
4
4
4
4
4
4
4
4
4
4
4
4
4
4
4
4
4
4
4
4
4
4
4
3
3
4
4
4
4
4
4
4
4
4
4
4
4
4
4
4
4
4
4
4
4
4
4
4
3
3
4
4
4
4
4
4
4
4
4
4
4
4
4
4
4
4
4
4
4
4
4
4
4
3
3
4
4
4
4
4
4
4
4
4
4
4
4
4
4
4
4
4
4
4
4
4
4
4
3
3
4
4
4
4
4
4
4
4
4
4
4
4
4
4
4
4
4
4
4
4
4
4
4
3
3
4
4
4
4
4
4
4
4
4
4
4
4
4
4
4
4
4
4
4
4
4
4
4
3
3
4
4
4
4
4
4
4
4
4
4
4
4
4
4
4
4
4
4
4
4
4
4
4
3
3
4
4
4
4
4
4
4
4
4
4
4
4
4
4
4
4
4
4
4
4
4
4
4
3
3
4
4
4
4
4
4
4
4
4
4
4
4
4
4
4
4
4
4
4
4
4
4
4
3
3
4
4
4
4
4
4
4
4
4
4
4
4
4
4
4
4
4
4
4
4
4
4
4
3
3
4
4
4
4
4
4
4
4
4
4
4
4
4
4
4
4
4
4
4
4
4
4
4
3
3
4
4
4
4
4
4
4
4
4
4
4
4
4
4
4
4
4
4
4
4
4
4
4
3
3
4
4
4
4
4
4
4
4
4
4
4
4
4
4
4
4
4
4
4
4
4
4
4
3
3
4
4
4
4
4
4
4
4
4
4
4
4
4
4
4
4
4
4
4
4
4
4
4
3
2
3
3
3
3
3
3
3
3
3
3
3
3
3
3
3
3
3
3
3
3
3
3
3
2
26 47
2 29
27 79
3 53
1 71
28 44
4 55
2 61
29 37
5 40
3 23
30 54
6 37
4 68
31 62
7 79
5 22
32 92
8 10
6 74
33 12
9 77
7 35
34 99
10 22
8 66
35 60
11 48
9 13
36 93
12 22
10 41
37 57
13 55
11 41
38 56
14 84
12 20
39 10
15 33
13 75
40 62
16 97
14 56
41 64
17 56
15 98
42 70
18 58
16 68
43 34
19 89
17 71
44 51
20 48
18 28
45 83
21 82
19 31
46 27
22 99
20 93
47 32
23 25
21 49
48 70
24 68
22 72
49 70
25 36
23 33
50 86
24 39
51 11
1 30
27 74
52 34
2 69
28 78
26 62
53 31
3 66
29 66
27 30
54 92
4 93
30 80
28 17
55 17
5 76
31 68
29 72
56 68
6 46
32 50
30 33
57 99
7 100
33 41
31 72
58 17
8 33
34 34
32 30
59 78
9 62
35 11
33 59
60 95
10 34
36 36
34 30
61 17
11 14
37 44
35 97
62 90
12 76
38 19
36 100
63 59
13 59
39 88
37 15
64 99
14 82
40 91
38 10
65 19
15 47
41 13
39 26
66 93
16 34
42 24
40 52
67 52
17 20
43 95
41 10
68 67
18 100
44 83
42 89
69 80
19 67
45 56
43 84
70 84
20 29
46 76
44 81
71 50
21 29
47 41
45 58
72 33
22 59
48 88
46 80
73 57
23 66
49 86
47 13
74 50
24 31
50 33
48 74
75 50
25 52
49 83
76 60
26 74
52 16
77 48
27 90
53 12
51 99
78 18
28 98
54 19
52 66
79 73
29 42
55 67
53 100
80 44
30 73
56 21
54 21
81 100
31 29
57 29
55 46
82 50
32 69
58 98
56 32
83 92
33 90
59 70
57 94
84 32
34 66
60 16
58 88
85 78
35 87
61 94
59 36
86 70
36 55
62 60
60 35
87 88
37 82
63 39
61 46
88 91
38 21
64 93
62 70
89 38
39 24
65 15
63 52
90 87
40 40
66 37
64 88
91 12
41 67
67 77
65 24
92 90
42 17
68 58
66 41
93 61
43 14
69 13
67 27
94 18
44 75
70 69
68 31
95 37
45 32
71 33
69 73
96 95
46 58
72 10
70 90
97 81
47 50
73 21
71 94
98 10
48 97
74 18
72 86
99 64
49 47
75 36
73 98
100 56
50 53
74 68
101 26
51 43
77 86
102 17
52 95
78 58
76 56
103 26
53 99
79 52
77 84
104 51
54 76
80 97
78 66
105 32
55 95
81 87
79 67
106 56
56 52
82 46
80 31
107 19
57 57
83 34
81 43
108 49
58 81
84 13
82 53
109 91
59 36
85 71
83 32
110 49
60 55
86 85
84 18
111 93
61 84
87 83
85 67
112 73
62 21
88 70
86 85
113 68
63 39
89 90
87 98
114 82
64 69
90 31
88 37
115 98
65 78
91 91
89 79
116 62
66 68
92 48
90 33
117 40
67 50
93 66
91 93
118 74
68 61
94 94
92 27
119 69
69 94
95 59
93 30
120 58
70 89
96 93
94 97
121 20
71 85
97 17
95 61
122 67
72 60
98 37
96 89
123 40
73 35
99 45
97 74
124 43
74 77
100 45
98 89
125 16
75 88
99 96
126 13
76 51
102 13
127 30
77 77
103 93
101 81
128 83
78 100
104 78
102 74
129 59
79 63
105 52
103 21
130 92
80 24
106 11
104 66
131 65
81 49
107 66
105 49
132 20
82 56
108 74
106 19
133 25
83 91
109 45
107 53
134 68
84 18
110 28
108 17
135 66
85 100
111 27
109 74
136 55
86 97
112 65
110 38
137 25
87 29
113 99
111 73
138 45
88 18
114 70
112 57
139 73
89 51
115 21
113 47
140 96
90 82
116 19
114 96
141 74
91 47
117 85
115 33
142 52
92 46
118 57
116 82
143 19
93 41
119 42
117 28
144 91
94 18
120 79
118 73
145 50
95 35
121 65
119 20
146 22
96 62
122 69
120 88
147 88
97 26
123 27
121 65
148 81
98 81
124 58
122 58
149 84
99 25
125 42
123 40
150 92
100 49
124 24
151 96
101 48
127 79
152 73
102 11
128 62
126 23
153 87
103 64
129 12
127 92
154 74
104 82
130 21
128 18
155 69
105 57
131 38
129 10
156 47
106 18
132 17
130 32
157 40
107 33
133 15
131 78
158 39
108 16
134 51
132 55
159 20
109 43
135 75
133 61
160 27
110 27
136 100
134 56
161 66
111 44
137 89
135 47
162 28
112 48
138 17
136 10
163 19
113 49
139 52
137 89
164 41
114 39
140 22
138 59
165 77
115 67
141 63
139 90
166 33
116 96
142 24
140 60
167 69
117 91
143 46
141 51
168 62
118 67
144 25
142 33
169 15
119 60
145 11
143 79
170 38
120 46
146 60
144 25
171 10
121 88
147 80
145 99
172 70
122 15
148 87
146 83
173 100
123 31
149 39
147 97
174 83
124 83
150 60
148 35
175 29
125 79
149 49
176 42
126 98
152 73
177 66
127 99
153 51
151 11
178 41
128 93
154 10
152 57
179 85
129 69
155 81
153 76
180 87
130 25
156 42
154 69
181 85
131 57
157 92
155 64
182 85
132 68
158 34
156 88
183 49
133 30
159 21
157 52
184 27
134 78
160 32
158 83
185 49
135 64
161 69
159 28
186 22
136 66
162 39
160 69
187 83
137 25
163 74
161 66
188 68
138 95
164 91
162 96
189 88
139 76
165 92
163 83
190 91
140 64
166 69
164 63
191 49
141 36
167 48
165 50
192 90
142 62
168 73
166 77
193 36
143 16
169 68
167 94
194 83
144 85
170 29
168 81
195 40
145 98
171 47
169 54
196 76
146 37
172 72
170 40
197 72
147 51
173 97
171 30
198 77
148 43
174 92
172 100
199 34
149 75
175 66
173 19
200 91
150 36
174 78
201 79
151 45
177 65
202 41
152 38
178 92
176 99
203 77
153 81
179 36
177 100
204 78
154 58
180 66
178 67
205 22
155 40
181 12
179 93
206 76
156 69
182 90
180 10
207 57
157 17
183 86
181 98
208 92
158 52
184 40
182 80
209 44
159 45
185 22
183 52
210 26
160 98
186 32
184 83
211 41
161 92
187 77
185 32
212 62
162 87
188 25
186 39
213 32
163 95
189 41
187 42
214 35
164 76
190 32
188 12
215 92
165 89
191 82
189 88
216 22
166 85
192 97
190 93
217 91
167 37
193 75
191 66
218 95
168 21
194 36
192 63
219 56
169 41
195 41
193 31
220 92
170 98
196 17
194 81
221 32
171 88
197 37
195 66
222 16
172 60
198 41
196 75
223 23
173 15
199 27
197 29
224 78
174 81
200 57
198 13
225 58
175 17
199 45
226 32
176 100
202 95
227 84
177 87
203 60
201 97
228 83
178 42
204 19
202 71
229 80
179 18
205 62
203 83
230 94
180 51
206 98
204 33
231 37
181 71
207 36
205 44
232 50
182 53
208 59
206 42
233 15
183 28
209 19
207 70
234 15
184 10
210 13
208 53
235 28
185 41
211 33
209 37
236 62
186 11
212 81
210 70
237 25
187 94
213 78
211 58
238 79
188 83
214 29
212 54
239 13
189 66
215 65
213 10
240 97
190 92
216 48
214 11
241 33
191 19
217 82
215 45
242 18
192 29
218 86
216 87
243 32
193 79
219 100
217 32
244 41
194 51
220 54
218 76
245 63
195 75
221 41
219 26
246 31
196 89
222 95
220 25
247 64
197 74
223 37
221 11
248 82
198 69
224 92
222 48
249 91
199 32
225 81
223 84
250 77
200 21
224 71
251 55
201 90
227 29
252 39
202 91
228 67
226 57
253 24
203 99
229 78
227 81
254 97
204 11
230 93
228 37
255 73
205 49
231 55
229 41
256 39
206 25
232 34
230 66
257 43
207 46
233 75
231 16
258 41
208 74
234 97
232 66
259 68
209 85
235 13
233 97
260 29
210 27
236 18
234 21
261 77
211 55
237 59
235 28
262 27
212 62
238 59
236 70
263 16
213 17
239 27
237 88
264 69
214 10
240 35
238 64
265 84
215 46
241 83
239 32
266 57
216 69
242 73
240 31
267 26
217 33
243 82
241 93
268 43
218 76
244 16
242 85
269 65
219 80
245 29
243 61
270 80
220 88
246 98
244 29
271 30
221 88
247 36
245 50
272 21
222 74
248 17
246 58
273 21
223 22
249 69
247 90
274 89
224 66
250 44
248 72
275 85
225 71
249 68
276 92
226 81
252 26
277 24
227 53
253 88
251 74
278 25
228 61
254 52
252 52
279 22
229 42
255 31
253 35
280 37
230 62
256 45
254 27
281 50
231 22
257 82
255 58
282 10
232 68
258 57
256 80
283 54
233 29
259 97
257 40
284 79
234 33
260 98
258 82
285 52
235 67
261 78
259 40
286 44
236 79
262 35
260 51
287 94
237 75
263 12
261 54
288 79
238 75
264 99
262 35
289 94
239 85
265 71
263 12
290 90
240 90
266 45
264 36
291 86
241 75
267 56
265 74
292 71
242 84
268 54
266 12
293 47
243 90
269 65
267 22
294 83
244 49
270 98
268 94
295 63
245 64
271 67
269 88
296 14
246 20
272 71
270 13
297 14
247 15
273 11
271 26
298 100
248 13
274 97
272 27
299 42
249 59
275 32
273 38
300 92
250 20
274 47
301 71
251 26
277 83
302 10
252 80
278 23
276 31
303 56
253 50
279 98
277 42
304 41
254 48
280 22
278 22
305 14
255 28
281 77
279 98
306 23
256 23
282 78
280 90
307 84
257 25
283 57
281 17
308 77
258 29
284 78
282 56
309 45
259 92
285 29
283 12
310 51
260 62
286 90
284 100
311 72
261 59
287 82
285 81
312 84
262 74
288 30
286 85
313 17
263 76
289 97
287 24
314 100
264 95
290 83
288 98
315 47
265 13
291 62
289 96
316 49
266 82
292 39
290 89
317 13
267 28
293 38
291 70
318 74
268 66
294 64
292 77
319 85
269 44
295 72
293 69
320 15
270 10
296 78
294 66
321 15
271 58
297 28
295 56
322 91
272 49
298 19
296 17
323 50
273 67
299 30
297 38
324 11
274 16
300 18
298 43
325 33
275 12
299 67
326 60
276 30
302 100
327 12
277 36
303 15
301 65
328 11
278 31
304 64
302 33
329 43
279 37
305 43
303 60
330 86
280 66
306 97
304 78
331 32
281 36
307 28
305 34
332 21
282 64
308 37
306 92
333 67
283 36
309 30
307 62
334 11
284 43
310 69
308 65
335 21
285 38
311 46
309 10
336 40
286 19
312 46
310 24
337 42
287 12
313 58
311 67
338 16
288 29
314 36
312 80
339 83
289 52
315 27
313 41
340 41
290 96
316 30
314 25
341 72
291 40
317 41
315 69
342 95
292 54
318 19
316 29
343 29
293 12
319 50
317 95
344 21
294 84
320 92
318 47
345 27
295 12
321 55
319 37
346 73
296 58
322 29
320 98
347 82
297 79
323 15
321 99
348 86
298 87
324 76
322 76
349 44
299 29
325 72
323 90
350 86
300 45
324 45
351 88
301 12
327 47
352 32
302 77
328 79
326 10
353 37
303 97
329 83
327 17
354 36
304 95
330 71
328 59
355 33
305 19
331 12
329 22
356 37
306 55
332 52
330 44
357 14
307 83
333 77
331 79
358 63
308 72
334 84
332 74
359 13
309 98
335 19
333 19
360 41
310 34
336 32
334 53
361 13
311 72
337 49
335 15
362 100
312 85
338 49
336 60
363 75
313 18
339 69
337 57
364 24
314 61
340 75
338 50
365 43
315 72
341 10
339 92
366 56
316 26
342 25
340 83
367 24
317 85
343 39
341 87
368 35
318 95
344 58
342 53
369 12
319 88
345 94
343 30
370 42
320 27
346 47
344 42
371 52
321 41
347 22
345 27
372 17
322 100
348 88
346 25
373 81
323 77
349 48
347 86
374 32
324 38
350 35
348 60
375 65
325 60
349 14
376 85
326 73
352 29
377 71
327 90
353 51
351 54
378 59
328 93
354 10
352 83
379 24
329 74
355 92
353 62
380 70
330 34
356 10
354 65
381 64
331 55
357 23
355 82
382 89
332 30
358 39
356 43
383 88
333 83
359 49
357 88
384 63
334 44
360 97
358 69
385 49
335 81
361 86
359 60
386 30
336 31
362 59
360 28
387 55
337 91
363 40
361 56
388 90
338 47
364 86
362 36
389 74
339 80
365 11
363 40
390 45
340 70
366 62
364 14
391 67
341 47
367 34
365 18
392 95
342 71
368 20
366 50
393 35
343 27
369 54
367 14
394 30
344 38
370 44
368 52
395 80
345 60
371 90
369 54
396 49
346 93
372 13
370 32
397 79
347 77
373 76
371 50
398 52
348 25
374 41
372 50
399 18
349 47
375 90
373 68
400 35
350 38
374 69
401 21
351 48
377 31
402 64
352 100
378 39
376 41
403 67
353 91
379 14
377 16
404 93
354 77
380 37
378 65
405 35
355 82
381 69
379 66
406 61
356 68
382 26
380 28
407 15
357 32
383 15
381 19
408 35
358 51
384 87
382 57
409 43
359 19
385 44
383 96
410 13
360 49
386 34
384 57
411 51
361 90
387 87
385 27
412 70
362 94
388 66
386 91
413 76
363 79
389 83
387 55
414 45
364 77
390 93
388 83
415 83
365 54
391 49
389 69
416 12
366 46
392 22
390 58
417 89
367 38
393 22
391 76
418 18
368 76
394 79
392 36
419 80
369 92
395 37
393 54
420 63
370 42
396 85
394 64
421 97
371 37
397 77
395 63
422 88
372 37
398 19
396 58
423 78
373 28
399 78
397 79
424 15
374 40
400 88
398 85
425 96
375 13
399 96
426 85
376 91
402 90
427 100
377 86
403 73
401 47
428 62
378 14
404 43
402 73
429 29
379 87
405 61
403 89
430 60
380 89
406 28
404 80
431 34
381 34
407 53
405 55
432 67
382 53
408 46
406 96
433 99
383 87
409 92
407 54
434 45
384 86
410 98
408 43
435 29
385 84
411 31
409 60
436 60
386 77
412 63
410 81
437 83
387 94
413 32
411 63
438 11
388 41
414 81
412 36
439 30
389 21
415 41
413 35
440 95
390 36
416 76
414 56
441 44
391 67
417 71
415 64
442 81
392 86
418 56
416 69
443 74
393 54
419 52
417 39
444 90
394 86
420 28
418 10
445 94
395 38
421 99
419 42
446 56
396 21
422 74
420 70
447 57
397 37
423 19
421 17
448 38
398 60
424 91
422 28
449 80
399 36
425 46
423 38
450 39
400 15
424 42
451 16
401 73
427 31
452 65
402 58
428 52
426 17
453 50
403 81
429 19
427 29
454 16
404 14
430 89
428 74
455 63
405 12
431 69
429 27
456 69
406 40
432 90
430 55
457 99
407 10
433 11
431 91
458 38
408 27
434 33
432 80
459 76
409 74
435 81
433 27
460 17
410 47
436 31
434 70
461 97
411 79
437 66
435 44
462 19
412 70
438 92
436 22
463 91
413 77
439 90
437 19
464 22
414 48
440 64
438 12
465 43
415 75
441 90
439 79
466 11
416 59
442 53
440 31
467 43
417 39
443 81
441 28
468 79
418 96
444 51
442 75
469 91
419 28
445 44
443 55
470 55
420 44
446 89
444 61
471 62
421 67
447 100
445 60
472 82
422 66
448 69
446 26
473 22
423 71
449 34
447 77
474 27
424 36
450 54
448 24
475 100
425 93
449 81
476 20
426 83
452 22
477 42
427 60
453 28
451 66
478 57
428 25
454 82
452 63
479 46
429 30
455 83
453 50
480 71
430 98
456 19
454 93
481 95
431 19
457 42
455 11
482 89
432 69
458 83
456 24
483 68
433 27
459 16
457 34
484 53
434 93
460 76
458 38
485 41
435 55
461 16
459 99
486 92
436 41
462 45
460 85
487 36
437 55
463 59
461 74
488 23
438 86
464 91
462 68
489 20
439 98
465 42
463 92
490 84
440 59
466 68
464 75
491 34
441 65
467 92
465 58
492 24
442 17
468 75
466 90
493 95
443 92
469 90
467 20
494 49
444 98
470 88
468 75
495 71
445 61
471 59
469 37
496 81
446 15
472 26
470 74
497 34
447 18
473 43
471 21
498 100
448 23
474 37
472 48
499 49
449 81
475 11
473 27
500 56
450 75
474 55
501 83
451 93
477 96
502 44
452 34
478 61
476 77
503 39
453 41
479 99
477 95
504 82
454 72
480 58
478 56
505 51
455 29
481 100
479 96
506 84
456 91
482 18
480 31
507 85
457 86
483 32
481 38
508 38
458 91
484 64
482 33
509 12
459 27
485 23
483 88
510 26
460 38
486 19
484 64
511 27
461 44
487 36
485 28
512 30
462 18
488 45
486 51
513 34
463 54
489 41
487 77
514 79
464 51
490 43
488 70
515 88
465 61
491 100
489 76
516 84
466 36
492 19
490 57
517 26
467 24
493 97
491 15
518 63
468 48
494 67
492 28
519 15
469 38
495 45
493 80
520 69
470 26
496 96
494 52
521 23
471 49
497 54
495 73
522 79
472 45
498 98
496 89
523 61
473 22
499 67
497 29
524 18
474 19
500 42
498 40
525 50
475 28
499 43
526 36
476 79
502 79
527 99
477 10
503 36
501 23
528 73
478 79
504 69
502 28
529 26
479 20
505 50
503 85
530 63
480 41
506 90
504 26
531 32
481 41
507 78
505 10
532 59
482 62
508 25
506 56
533 80
483 87
509 60
507 76
534 50
484 90
510 73
508 37
535 98
485 81
511 67
509 82
536 31
486 30
512 71
510 23
537 38
487 23
513 93
511 54
538 46
488 90
514 95
512 41
539 70
489 13
515 23
513 66
540 21
490 98
516 26
514 70
541 26
491 95
517 26
515 31
542 24
492 39
518 60
516 29
543 21
493 72
519 58
517 14
544 89
494 69
520 58
518 72
545 56
495 34
521 11
519 41
546 65
496 19
522 26
520 10
547 77
497 68
523 94
521 87
548 71
498 28
524 89
522 29
549 27
499 53
525 80
523 56
550 26
500 22
524 99
551 26
501 32
527 46
552 77
502 41
528 51
526 56
553 32
503 51
529 45
527 66
554 18
504 44
530 47
528 62
555 29
505 28
531 17
529 23
556 11
506 26
532 48
530 99
557 96
507 38
533 21
531 72
558 81
508 95
534 13
532 14
559 98
509 88
535 55
533 78
560 98
510 58
536 50
534 42
561 91
511 29
537 56
535 42
562 36
512 82
538 52
536 12
563 55
513 38
539 85
537 62
564 49
514 53
540 23
538 22
565 44
515 10
541 90
539 60
566 82
516 11
542 47
540 76
567 85
517 54
543 14
541 86
568 93
518 81
544 61
542 10
569 28
519 13
545 10
543 23
570 100
520 51
546 98
544 55
571 30
521 52
547 97
545 98
572 71
522 61
548 47
546 22
573 39
523 32
549 80
547 87
574 64
524 43
550 44
548 35
575 96
525 81
549 63
576 79
526 12
552 85
577 60
527 20
553 54
551 57
578 68
528 58
554 83
552 61
579 69
529 42
555 74
553 33
580 46
530 48
556 74
554 18
581 26
531 88
557 92
555 74
582 83
532 56
558 27
556 61
583 86
533 62
559 53
557 53
584 53
534 98
560 75
558 44
585 85
535 48
561 88
559 60
586 11
536 10
562 78
560 97
587 93
537 81
563 71
561 63
588 45
538 81
564 61
562 22
589 36
539 53
565 95
563 75
590 51
540 61
566 54
564 81
591 82
541 95
567 84
565 80
592 53
542 65
568 17
566 20
593 28
543 95
569 51
567 95
594 36
544 52
570 26
568 11
595 97
545 68
571 43
569 64
596 20
546 92
572 72
570 15
597 32
547 75
573 99
571 18
598 58
548 49
574 70
572 14
599 43
549 78
575 28
573 58
600 74
550 16
574 73
601 45
551 69
577 29
602 61
552 41
578 25
576 12
603 62
553 10
579 85
577 75
604 54
554 31
580 91
578 66
605 71
555 57
581 18
579 22
606 52
556 57
582 51
580 12
607 44
557 86
583 90
581 53
608 23
558 97
584 74
582 99
609 26
559 73
585 90
583 22
610 56
560 100
586 41
584 18
611 31
561 70
587 39
585 88
612 34
562 51
588 39
586 17
613 92
563 63
589 14
587 58
614 24
564 92
590 86
588 10
615 19
565 66
591 71
589 62
616 95
566 57
592 66
590 15
617 81
567 24
593 23
591 81
618 30
568 43
594 20
592 30
619 82
569 35
595 55
593 13
620 99
570 59
596 41
594 72
621 49
571 39
597 54
595 39
622 59
572 18
598 66
596 84
623 15
573 37
599 59
597 90
624 94
574 96
600 16
598 66
625 74
575 21
599 85
576 56
602 62
577 86
603 74
601 61
578 12
604 88
602 54
579 70
605 66
603 17
580 15
606 33
604 81
581 82
607 84
605 73
582 76
608 32
606 25
583 66
609 96
607 62
584 93
610 51
608 66
585 95
611 23
609 33
586 78
612 43
610 58
587 32
613 86
611 92
588 68
614 82
612 32
589 37
615 64
613 96
590 32
616 86
614 93
591 16
617 62
615 20
592 52
618 95
616 88
593 37
619 42
617 26
594 37
620 73
618 72
595 26
621 75
619 90
596 58
622 79
620 97
597 85
623 87
621 90
598 31
624 79
622 69
599 61
625 22
623 88
600 90
624 58
384
115
1 384 
1 5 
3 482 317 601 
2 288 40 
2 435 279 
1 380 
1 158 
2 52 161 
2 409 280 
1 347 
3 224 142 574 
2 386 63 
1 289 
2 562 255 
2 297 525 
2 53 463 
1 92 
4 178 127 557 349 
1 450 
1 462 
1 78 
1 373 
5 175 341 394 526 419 
1 567 
3 338 489 323 
3 265 530 20 
1 59 
1 125 
1 354 
2 7 381 
1 513 
1 389 
2 277 476 
3 243 365 98 
2 461 201 
2 509 399 
1 370 
2 111 177 
2 294 70 
2 585 523 
3 13 369 343 
1 469 
1 246 
3 426 324 520 
2 97 335 
3 325 190 531 
3 470 200 361 
1 107 
1 506 
1 527 
1 516 
1 95 
3 72 183 68 
1 425 
1 362 
3 71 75 298 
3 15 383 404 
1 397 
4 529 427 93 451 
1 236 
1 499 
2 597 86 
1 91 
2 606 533 
2 121 256 
1 18 
2 535 367 
2 80 390 
1 351 
1 422 
3 507 327 67 
3 215 454 511 
1 302 
3 483 102 128 
4 307 594 618 282 
2 432 465 
1 473 
3 308 123 202 
3 410 309 157 
3 182 312 472 
1 471 
3 287 540 113 
2 550 453 
1 197 
2 208 537 
1 116 
1 368 
1 590 
1 479 
2 90 583 
2 491 604 
2 320 587 
3 237 344 581 
1 275 
1 156 
1 213 
2 260 273 
1 322 
2 474 122 
4 406 204 268 37 
2 82 89 
3 346 600 607 
1 542 
4 225 132 582 565 
2 477 548 
1 262 
2 274 595 
1 251 
2 475 319 
2 305 569 
1 455 
3 430 517 30 
1 189 
2 536 261 
1 43 
2 508 303 
2 306 577 
1 115 
