100 342 10 100 19
2
3
3
2
3
4
4
3
3
4
4
3
3
4
4
3
3
4
4
3
3
4
4
3
3
4
4
3
3
4
4
3
3
4
4
3
3
4
4
3
3
4
4
3
3
4
4
3
3
4
4
3
3
4
4
3
3
4
4
3
3
4
4
3
3
4
4
3
3
4
4
3
3
4
4
3
3
4
4
3
3
4
4
3
3
4
4
3
3
4
4
3
3
4
4
3
2
3
3
2
5 28
2 29
6 34
3 94
1 35
7 62
4 23
2 65
8 74
3 84
9 82
1 34
6 99
10 41
2 30
7 17
5 46
11 51
3 45
8 26
6 87
12 83
4 35
7 90
13 64
5 42
10 18
14 14
6 79
11 66
9 54
15 85
7 78
12 67
10 24
16 21
8 44
11 37
17 92
9 96
14 86
18 53
10 70
15 78
13 72
19 41
11 79
16 20
14 44
20 80
12 94
15 71
21 31
13 74
18 49
22 91
14 94
19 53
17 25
23 18
15 24
20 57
18 45
24 23
16 81
19 56
25 90
17 26
22 43
26 14
18 46
23 75
21 38
27 43
19 57
24 68
22 41
28 14
20 10
23 72
29 86
21 70
26 61
30 22
22 46
27 53
25 74
31 25
23 90
28 66
26 73
32 56
24 35
27 85
33 28
25 54
30 52
34 84
26 10
31 50
29 15
35 44
27 56
32 46
30 83
36 10
28 65
31 36
37 47
29 17
34 33
38 72
30 27
35 62
33 87
39 18
31 100
36 95
34 95
40 20
32 32
35 74
41 14
33 61
38 41
42 55
34 23
39 71
37 57
43 76
35 66
40 33
38 72
44 78
36 67
39 83
45 93
37 17
42 10
46 73
38 38
43 41
41 90
47 96
39 61
44 59
42 74
48 17
40 27
43 56
49 46
41 11
46 64
50 66
42 53
47 60
45 22
51 95
43 24
48 67
46 62
52 83
44 96
47 55
53 18
45 25
50 60
54 44
46 58
51 49
49 99
55 19
47 22
52 98
50 50
56 22
48 54
51 30
57 66
49 44
54 84
58 65
50 85
55 92
53 97
59 26
51 81
56 43
54 33
60 72
52 97
55 92
61 46
53 26
58 91
62 28
54 39
59 55
57 84
63 66
55 72
60 40
58 94
64 48
56 10
59 89
65 54
57 77
62 11
66 14
58 63
63 21
61 79
67 46
59 43
64 95
62 71
68 29
60 25
63 47
69 40
61 66
66 54
70 61
62 72
67 51
65 49
71 61
63 74
68 92
66 24
72 88
64 65
67 44
73 40
65 87
70 71
74 76
66 28
71 56
69 43
75 50
67 44
72 36
70 47
76 63
68 98
71 46
77 97
69 43
74 71
78 12
70 28
75 19
73 43
79 33
71 14
76 54
74 14
80 67
72 76
75 52
81 60
73 28
78 82
82 30
74 84
79 23
77 78
83 64
75 71
80 40
78 86
84 84
76 84
79 31
85 46
77 99
82 19
86 36
78 23
83 25
81 17
87 50
79 83
84 32
82 42
88 70
80 76
83 10
89 47
81 43
86 61
90 24
82 45
87 88
85 77
91 56
83 27
88 17
86 37
92 96
84 19
87 15
93 35
85 87
90 93
94 84
86 48
91 79
89 59
95 12
87 86
92 54
90 51
96 70
88 99
91 18
97 35
89 93
94 72
98 45
90 38
95 78
93 49
99 87
91 96
96 79
94 47
100 83
92 77
95 85
93 39
98 32
94 75
99 55
97 84
95 90
100 36
98 63
96 36
99 75
42
26
2 8 42 
1 94 
3 6 65 100 
2 40 13 
1 90 
1 11 
3 30 15 57 
3 2 10 39 
3 21 12 80 
2 27 99 
3 5 71 22 
2 77 50 
1 79 
1 64 
2 70 85 
1 34 
1 62 
1 45 
2 92 26 
