144 528 10 100 27
2
3
3
3
3
3
3
3
3
3
3
2
3
4
4
4
4
4
4
4
4
4
4
3
3
4
4
4
4
4
4
4
4
4
4
3
3
4
4
4
4
4
4
4
4
4
4
3
3
4
4
4
4
4
4
4
4
4
4
3
3
4
4
4
4
4
4
4
4
4
4
3
3
4
4
4
4
4
4
4
4
4
4
3
3
4
4
4
4
4
4
4
4
4
4
3
3
4
4
4
4
4
4
4
4
4
4
3
3
4
4
4
4
4
4
4
4
4
4
3
3
4
4
4
4
4
4
4
4
4
4
3
2
3
3
3
3
3
3
3
3
3
3
2
13 53
2 29
14 56
3 67
1 50
15 29
4 50
2 79
16 98
5 58
3 49
17 80
6 78
4 19
18 47
7 31
5 32
19 84
8 90
6 89
20 43
9 86
7 72
21 53
10 76
8 65
22 63
11 92
9 92
23 25
12 13
10 28
24 31
11 71
25 53
1 87
14 54
26 44
2 33
15 49
13 37
27 29
3 96
16 73
14 79
28 84
4 41
17 91
15 45
29 66
5 72
18 13
16 14
30 16
6 95
19 16
17 72
31 49
7 87
20 43
18 89
32 77
8 26
21 70
19 66
33 36
9 66
22 96
20 44
34 82
10 32
23 80
21 73
35 49
11 41
24 90
22 76
36 78
12 70
23 90
37 54
13 10
26 61
38 37
14 86
27 60
25 12
39 30
15 42
28 17
26 35
40 26
16 93
29 75
27 24
41 88
17 84
30 62
28 19
42 17
18 41
31 70
29 47
43 93
19 70
32 44
30 88
44 21
20 13
33 99
31 10
45 90
21 13
34 97
32 70
46 61
22 31
35 55
33 69
47 30
23 66
36 32
34 21
48 58
24 11
35 85
49 88
25 84
38 79
50 66
26 67
39 34
37 48
51 89
27 73
40 64
38 77
52 90
28 20
41 23
39 57
53 80
29 52
42 90
40 52
54 14
30 47
43 14
41 36
55 43
31 55
44 29
42 66
56 59
32 40
45 88
43 93
57 37
33 92
46 59
44 77
58 53
34 73
47 78
45 20
59 41
35 56
48 29
46 17
60 97
36 24
47 28
61 32
37 69
50 42
62 62
38 71
51 91
49 70
63 56
39 21
52 89
50 85
64 48
40 57
53 28
51 99
65 57
41 95
54 15
52 48
66 55
42 99
55 51
53 71
67 51
43 96
56 98
54 61
68 41
44 30
57 77
55 14
69 34
45 56
58 56
56 18
70 50
46 72
59 62
57 72
71 40
47 53
60 90
58 72
72 80
48 52
59 51
73 12
49 80
62 48
74 21
50 94
63 68
61 22
75 40
51 38
64 37
62 23
76 34
52 21
65 86
63 97
77 59
53 32
66 25
64 80
78 41
54 53
67 44
65 50
79 47
55 47
68 10
66 82
80 53
56 64
69 87
67 84
81 53
57 36
70 82
68 18
82 14
58 49
71 51
69 34
83 66
59 28
72 97
70 81
84 90
60 61
71 23
85 59
61 90
74 19
86 50
62 38
75 73
73 20
87 61
63 51
76 56
74 37
88 13
64 61
77 23
75 48
89 67
65 34
78 15
76 52
90 72
66 59
79 86
77 76
91 66
67 48
80 20
78 21
92 61
68 83
81 21
79 61
93 41
69 68
82 26
80 29
94 50
70 64
83 16
81 38
95 17
71 79
84 74
82 36
96 28
72 25
83 86
97 31
73 76
86 98
98 47
74 33
87 20
85 71
99 27
75 28
88 52
86 47
100 55
76 93
89 52
87 63
101 73
77 57
90 28
88 100
102 75
78 71
91 39
89 26
103 20
79 15
92 47
90 55
104 47
80 39
93 80
91 61
105 15
81 52
94 10
92 39
106 79
82 33
95 40
93 74
107 23
83 100
96 29
94 55
108 53
84 13
95 74
109 67
85 78
98 39
110 10
86 79
99 66
97 91
111 99
87 83
100 64
98 54
112 59
88 12
101 25
99 34
113 99
89 15
102 10
100 76
114 63
90 97
103 78
101 29
115 31
91 59
104 22
102 33
116 13
92 79
105 44
103 31
117 26
93 72
106 85
104 41
118 91
94 16
107 16
105 90
119 33
95 50
108 62
106 87
120 100
96 65
107 44
121 16
97 27
110 100
122 42
98 13
111 37
109 64
123 15
99 98
112 86
110 55
124 42
100 100
113 31
111 90
125 35
101 23
114 33
112 61
126 36
102 32
115 50
113 40
127 18
103 69
116 45
114 70
128 18
104 23
117 21
115 47
129 14
105 58
118 28
116 36
130 27
106 59
119 14
117 42
131 82
107 10
120 57
118 46
132 28
108 49
119 67
133 90
109 24
122 13
134 12
110 18
123 97
121 40
135 62
111 27
124 46
122 72
136 45
112 95
125 10
123 90
137 33
113 52
126 44
124 19
138 16
114 13
127 91
125 58
139 90
115 78
128 47
126 76
140 27
116 26
129 58
127 31
141 25
117 61
130 89
128 74
142 91
118 42
131 99
129 78
143 49
119 25
132 81
130 47
144 36
120 37
131 70
121 28
134 67
122 62
135 84
133 27
123 51
136 23
134 54
124 90
137 64
135 46
125 62
138 16
136 80
126 67
139 93
137 77
127 63
140 12
138 22
128 21
141 21
139 52
129 42
142 56
140 95
130 16
143 84
141 27
131 74
144 53
142 93
132 84
143 54
87
94
3 18 138 87 
1 80 
2 139 51 
2 90 122 
1 37 
3 50 7 53 
2 133 66 
2 96 30 
1 27 
2 52 93 
2 25 41 
1 40 
1 82 
1 34 
2 129 143 
4 125 16 74 84 
1 35 
2 75 2 
1 4 
3 124 65 10 
1 1 
2 48 111 
2 55 99 
2 44 135 
1 73 
2 17 31 
3 100 64 94 
