400 1500 10 100 76
2
3
3
3
3
3
3
3
3
3
3
3
3
3
3
3
3
3
3
3
3
3
3
3
3
3
3
3
3
3
3
3
3
3
3
3
3
3
3
2
3
4
4
4
4
4
4
4
4
4
4
4
4
4
4
4
4
4
4
4
4
4
4
4
4
4
4
4
4
4
4
4
4
4
4
4
4
4
4
3
3
4
4
4
4
4
4
4
4
4
4
4
4
4
4
4
4
4
4
4
4
4
4
4
4
4
4
4
4
4
4
4
4
4
4
4
4
4
4
3
3
4
4
4
4
4
4
4
4
4
4
4
4
4
4
4
4
4
4
4
4
4
4
4
4
4
4
4
4
4
4
4
4
4
4
4
4
4
4
3
3
4
4
4
4
4
4
4
4
4
4
4
4
4
4
4
4
4
4
4
4
4
4
4
4
4
4
4
4
4
4
4
4
4
4
4
4
4
4
3
3
4
4
4
4
4
4
4
4
4
4
4
4
4
4
4
4
4
4
4
4
4
4
4
4
4
4
4
4
4
4
4
4
4
4
4
4
4
4
3
3
4
4
4
4
4
4
4
4
4
4
4
4
4
4
4
4
4
4
4
4
4
4
4
4
4
4
4
4
4
4
4
4
4
4
4
4
4
4
3
3
4
4
4
4
4
4
4
4
4
4
4
4
4
4
4
4
4
4
4
4
4
4
4
4
4
4
4
4
4
4
4
4
4
4
4
4
4
4
3
3
4
4
4
4
4
4
4
4
4
4
4
4
4
4
4
4
4
4
4
4
4
4
4
4
4
4
4
4
4
4
4
4
4
4
4
4
4
4
3
2
3
3
3
3
3
3
3
3
3
3
3
3
3
3
3
3
3
3
3
3
3
3
3
3
3
3
3
3
3
3
3
3
3
3
3
3
3
3
2
41 48
2 29
42 85
3 88
1 66
43 83
4 76
2 78
44 39
5 58
3 13
45 66
6 55
4 83
46 28
7 86
5 73
47 25
8 56
6 12
48 89
9 44
7 67
49 18
10 80
8 68
50 64
11 55
9 60
51 21
12 58
10 90
52 15
13 60
11 14
53 40
14 42
12 45
54 50
15 56
13 60
55 51
16 33
14 98
56 71
17 47
15 69
57 86
18 44
16 52
58 45
19 94
17 92
59 80
20 50
18 57
60 32
21 26
19 71
61 46
22 80
20 78
62 37
23 38
21 32
63 64
24 95
22 93
64 50
25 32
23 28
65 34
26 33
24 54
66 98
27 89
25 33
67 99
28 81
26 74
68 97
29 28
27 80
69 38
30 76
28 11
70 94
31 34
29 37
71 25
32 88
30 83
72 40
33 44
31 58
73 15
34 19
32 31
74 16
35 45
33 84
75 59
36 85
34 22
76 32
37 24
35 10
77 82
38 73
36 26
78 13
39 93
37 22
79 91
40 12
38 79
80 37
39 89
81 67
1 40
42 95
82 91
2 57
43 30
41 44
83 66
3 50
44 90
42 46
84 39
4 66
45 60
43 67
85 11
5 89
46 82
44 63
86 53
6 44
47 38
45 88
87 93
7 39
48 75
46 28
88 47
8 82
49 74
47 89
89 77
9 29
50 50
48 65
90 56
10 81
51 18
49 40
91 76
11 86
52 41
50 28
92 35
12 87
53 68
51 89
93 98
13 34
54 24
52 84
94 11
14 89
55 62
53 33
95 68
15 100
56 80
54 34
96 38
16 67
57 38
55 54
97 37
17 28
58 67
56 84
98 42
18 32
59 81
57 77
99 62
19 97
60 47
58 88
100 59
20 25
61 48
59 58
101 41
21 54
62 93
60 88
102 74
22 37
63 20
61 58
103 10
23 87
64 34
62 22
104 51
24 80
65 22
63 13
105 19
25 15
66 56
64 49
106 45
26 55
67 85
65 70
107 93
27 67
68 41
66 81
108 100
28 52
69 89
67 62
109 79
29 83
70 54
68 12
110 100
30 88
71 99
69 33
111 38
31 33
72 15
70 97
112 74
32 32
73 30
71 40
113 68
33 48
74 20
72 95
114 45
34 61
75 73
73 75
115 36
35 13
76 26
74 37
116 42
36 23
77 65
75 31
117 35
37 62
78 56
76 86
118 69
38 60
79 48
77 100
119 98
39 17
80 20
78 84
120 79
40 75
79 24
121 78
41 64
82 90
122 68
42 76
83 38
81 79
123 14
43 17
84 58
82 87
124 97
44 41
85 37
83 54
125 93
45 95
86 77
84 51
126 14
46 44
87 70
85 22
127 26
47 42
88 38
86 67
128 61
48 37
89 24
87 28
129 90
49 18
90 25
88 99
130 32
50 41
91 33
89 35
131 71
51 82
92 85
90 79
132 57
52 96
93 26
91 44
133 25
53 45
94 38
92 26
134 30
54 12
95 94
93 75
135 59
55 67
96 45
94 93
136 60
56 24
97 56
95 56
137 22
57 24
98 46
96 56
138 74
58 87
99 49
97 47
139 52
59 50
100 88
98 42
140 37
60 13
101 38
99 44
141 50
61 13
102 50
100 22
142 17
62 61
103 40
101 24
143 13
63 52
104 89
102 73
144 61
64 84
105 77
103 26
145 91
65 22
106 64
104 10
146 52
66 20
107 95
105 24
147 10
67 89
108 31
106 15
148 38
68 92
109 47
107 88
149 24
69 27
110 57
108 93
150 18
70 19
111 18
109 39
151 27
71 44
112 20
110 26
152 55
72 92
113 61
111 51
153 25
73 59
114 42
112 32
154 88
74 92
115 40
113 97
155 42
75 30
116 13
114 31
156 53
76 10
117 79
115 50
157 11
77 42
118 40
116 16
158 81
78 56
119 54
117 50
159 18
79 14
120 68
118 45
160 26
80 78
119 16
161 26
81 11
122 83
162 94
82 82
123 27
121 83
163 75
83 22
124 84
122 70
164 68
84 17
125 74
123 24
165 22
85 59
126 43
124 14
166 61
86 26
127 88
125 79
167 16
87 18
128 16
126 52
168 67
88 69
129 27
127 51
169 22
89 88
130 21
128 24
170 59
90 22
131 69
129 84
171 97
91 34
132 24
130 97
172 45
92 89
133 22
131 98
173 79
93 66
134 96
132 81
174 43
94 53
135 17
133 36
175 80
95 31
136 56
134 42
176 15
96 17
137 48
135 49
177 15
97 71
138 72
136 42
178 88
98 30
139 19
137 47
179 33
99 71
140 92
138 100
180 19
100 89
141 93
139 91
181 22
101 88
142 32
140 61
182 81
102 40
143 87
141 17
183 38
103 73
144 35
142 53
184 73
104 53
145 97
143 25
185 64
105 28
146 91
144 62
186 42
106 17
147 93
145 85
187 41
107 73
148 86
146 11
188 45
108 21
149 61
147 56
189 35
109 63
150 81
148 13
190 42
110 59
151 27
149 33
191 18
111 48
152 70
150 29
192 75
112 11
153 34
151 60
193 56
113 87
154 30
152 79
194 22
114 85
155 65
153 92
195 97
115 90
156 69
154 70
196 39
116 36
157 18
155 90
197 45
117 84
158 18
156 90
198 91
118 11
159 93
157 40
199 17
119 97
160 61
158 64
200 75
120 63
159 76
201 45
121 32
162 61
202 95
122 91
163 39
161 82
203 29
123 40
164 44
162 45
204 50
124 49
165 49
163 50
205 77
125 12
166 100
164 31
206 28
126 62
167 91
165 82
207 100
127 24
168 48
166 34
208 99
128 97
169 58
167 49
209 21
129 75
170 93
168 39
210 93
130 60
171 61
169 58
211 70
131 60
172 67
170 25
212 87
132 97
173 99
171 54
213 58
133 11
174 65
172 21
214 53
134 62
175 14
173 37
215 10
135 62
176 98
174 33
216 10
136 30
177 61
175 65
217 47
137 16
178 13
176 51
218 44
138 82
179 29
177 32
219 66
139 83
180 74
178 91
220 98
140 60
181 55
179 17
221 42
141 12
182 51
180 50
222 88
142 30
183 40
181 100
223 20
143 15
184 37
182 52
224 85
144 66
185 11
183 74
225 96
145 97
186 76
184 92
226 74
146 71
187 90
185 13
227 34
147 16
188 94
186 63
228 16
148 42
189 18
187 40
229 54
149 69
190 54
188 63
230 20
150 87
191 54
189 99
231 14
151 91
192 92
190 30
232 42
152 40
193 10
191 36
233 97
153 72
194 49
192 72
234 92
154 66
195 96
193 47
235 65
155 66
196 65
194 40
236 75
156 56
197 58
195 40
237 16
157 33
198 62
196 69
238 98
158 40
199 33
197 32
239 92
159 41
200 27
198 19
240 98
160 66
199 31
241 32
161 45
202 84
242 44
162 91
203 68
201 12
243 76
163 62
204 14
202 83
244 26
164 73
205 18
203 66
245 27
165 67
206 64
204 70
246 24
166 40
207 34
205 24
247 37
167 64
208 16
206 94
248 30
168 99
209 47
207 91
249 81
169 26
210 31
208 63
250 31
170 31
211 88
209 80
251 85
171 10
212 32
210 18
252 31
172 46
213 87
211 16
253 57
173 97
214 82
212 23
254 87
174 71
215 68
213 65
255 61
175 94
216 28
214 22
256 73
176 83
217 94
215 93
257 33
177 57
218 49
216 71
258 100
178 62
219 36
217 58
259 75
179 52
220 78
218 31
260 37
180 85
221 28
219 20
261 14
181 28
222 19
220 19
262 67
182 40
223 20
221 27
263 44
183 42
224 56
222 67
264 58
184 15
225 98
223 92
265 26
185 43
226 64
224 37
266 63
186 44
227 71
225 68
267 30
187 44
228 52
226 89
268 76
188 59
229 22
227 59
269 16
189 12
230 23
228 97
270 94
190 71
231 94
229 79
271 89
191 19
232 47
230 90
272 90
192 77
233 22
231 80
273 28
193 27
234 83
232 59
274 55
194 42
235 50
233 87
275 76
195 79
236 45
234 29
276 61
196 24
237 18
235 19
277 21
197 74
238 40
236 36
278 52
198 89
239 14
237 68
279 28
199 41
240 100
238 60
280 44
200 53
239 84
281 78
201 26
242 22
282 68
202 49
243 73
241 52
283 60
203 29
244 73
242 68
284 94
204 91
245 86
243 55
285 30
205 86
246 34
244 33
286 84
206 52
247 91
245 49
287 43
207 98
248 63
246 56
288 62
208 85
249 90
247 91
289 25
209 16
250 16
248 94
290 17
210 67
251 78
249 64
291 30
211 85
252 87
250 28
292 22
212 20
253 81
251 86
293 94
213 43
254 29
252 75
294 62
214 61
255 48
253 72
295 28
215 98
256 69
254 34
296 72
216 61
257 11
255 47
297 60
217 33
258 29
256 85
298 29
218 90
259 38
257 78
299 58
219 81
260 45
258 25
300 51
220 43
261 34
259 38
301 91
221 58
262 66
260 24
302 61
222 26
263 10
261 76
303 69
223 99
264 47
262 61
304 79
224 74
265 79
263 43
305 34
225 88
266 40
264 23
306 100
226 74
267 46
265 96
307 89
227 59
268 74
266 72
308 16
228 83
269 56
267 54
309 18
229 46
270 16
268 67
310 88
230 41
271 14
269 79
311 83
231 38
272 22
270 81
312 74
232 78
273 19
271 80
313 27
233 100
274 37
272 10
314 13
234 21
275 78
273 13
315 21
235 79
276 57
274 38
316 80
236 43
277 59
275 38
317 67
237 30
278 75
276 98
318 35
238 15
279 99
277 70
319 72
239 40
280 13
278 17
320 27
240 97
279 32
321 96
241 76
282 46
322 61
242 86
283 17
281 11
323 64
243 76
284 19
282 45
324 54
244 93
285 48
283 77
325 96
245 66
286 99
284 61
326 45
246 73
287 33
285 61
327 76
247 96
288 68
286 84
328 74
248 50
289 97
287 11
329 20
249 12
290 75
288 47
330 71
250 25
291 84
289 42
331 18
251 79
292 36
290 40
332 79
252 26
293 71
291 44
333 98
253 77
294 72
292 83
334 53
254 56
295 24
293 74
335 75
255 42
296 64
294 46
336 26
256 62
297 85
295 91
337 12
257 51
298 52
296 73
338 19
258 57
299 73
297 53
339 37
259 90
300 35
298 78
340 34
260 22
301 53
299 51
341 87
261 78
302 39
300 45
342 30
262 32
303 95
301 31
343 56
263 83
304 61
302 81
344 20
264 81
305 59
303 32
345 52
265 42
306 61
304 70
346 77
266 46
307 82
305 91
347 77
267 38
308 16
306 13
348 82
268 39
309 43
307 76
349 58
269 28
310 65
308 24
350 12
270 28
311 48
309 39
351 99
271 79
312 57
310 97
352 97
272 53
313 11
311 28
353 19
273 66
314 12
312 100
354 49
274 66
315 59
313 50
355 16
275 43
316 90
314 19
356 98
276 57
317 88
315 73
357 27
277 64
318 75
316 83
358 57
278 10
319 36
317 69
359 49
279 56
320 93
318 41
360 91
280 52
319 74
361 54
281 29
322 12
362 68
282 39
323 99
321 24
363 33
283 16
324 79
322 37
364 72
284 54
325 51
323 96
365 80
285 60
326 38
324 66
366 91
286 83
327 64
325 84
367 56
287 45
328 62
326 56
368 24
288 84
329 10
327 73
369 86
289 33
330 95
328 27
370 12
290 12
331 17
329 97
371 45
291 39
332 47
330 49
372 48
292 95
333 33
331 10
373 40
293 10
334 53
332 53
374 49
294 50
335 62
333 75
375 24
295 24
336 82
334 53
376 14
296 15
337 68
335 25
377 49
297 73
338 65
336 47
378 31
298 51
339 75
337 100
379 42
299 19
340 16
338 54
380 76
300 85
341 59
339 30
381 10
301 85
342 72
340 72
382 29
302 81
343 54
341 30
383 68
303 73
344 95
342 42
384 50
304 68
345 93
343 21
385 19
305 51
346 15
344 20
386 99
306 78
347 86
345 40
387 20
307 11
348 100
346 64
388 88
308 14
349 49
347 48
389 95
309 85
350 20
348 89
390 53
310 74
351 43
349 76
391 74
311 99
352 76
350 68
392 70
312 28
353 96
351 45
393 23
313 91
354 26
352 61
394 33
314 37
355 29
353 88
395 61
315 23
356 93
354 25
396 59
316 86
357 93
355 61
397 93
317 75
358 40
356 48
398 96
318 58
359 68
357 73
399 94
319 100
360 19
358 43
400 68
320 50
359 57
321 54
362 95
322 89
363 24
361 38
323 67
364 79
362 15
324 17
365 19
363 67
325 100
366 46
364 68
326 29
367 86
365 77
327 31
368 46
366 85
328 67
369 44
367 76
329 48
370 54
368 24
330 54
371 85
369 28
331 35
372 29
370 86
332 29
373 33
371 25
333 94
374 11
372 10
334 87
375 35
373 76
335 13
376 56
374 56
336 27
377 31
375 93
337 19
378 72
376 61
338 64
379 26
377 12
339 98
380 45
378 58
340 46
381 19
379 85
341 32
382 97
380 53
342 56
383 71
381 40
343 99
384 72
382 52
344 32
385 58
383 85
345 23
386 52
384 85
346 68
387 88
385 44
347 33
388 76
386 72
348 20
389 79
387 33
349 57
390 23
388 96
350 85
391 48
389 42
351 53
392 28
390 88
352 56
393 78
391 60
353 57
394 15
392 34
354 74
395 92
393 52
355 52
396 53
394 92
356 33
397 43
395 71
357 55
398 41
396 68
358 27
399 10
397 12
359 18
400 51
398 96
360 37
399 72
31
256
1 31 
2 262 237 
1 232 
2 28 122 
3 7 264 142 
1 341 
1 78 
2 207 40 
2 266 156 
1 10 
1 71 
3 304 306 211 
3 97 273 397 
3 36 199 143 
2 197 373 
1 332 
2 299 171 
2 39 364 
4 148 357 320 289 
2 99 95 
4 106 282 381 218 
1 69 
1 243 
2 91 324 
2 200 51 
2 127 141 
2 22 102 
2 380 314 
1 65 
2 169 75 
2 181 90 
2 360 159 
1 384 
2 193 145 
2 105 391 
1 124 
1 271 
1 46 
2 133 274 
1 89 
1 315 
1 44 
3 346 137 94 
3 363 312 116 
2 383 333 
3 43 261 135 
2 35 139 
1 174 
2 73 349 
2 293 129 
3 110 220 86 
3 80 328 15 
3 248 296 42 
3 317 276 5 
1 286 
1 375 
2 223 205 
3 343 187 335 
3 85 192 16 
2 161 9 
2 342 175 
2 60 294 
1 130 
2 155 196 
1 255 
2 134 213 
1 37 
1 308 
2 183 146 
2 172 382 
1 115 
1 353 
1 206 
2 48 268 
1 316 
1 256 
