625 2400 10 100 118
2
3
3
3
3
3
3
3
3
3
3
3
3
3
3
3
3
3
3
3
3
3
3
3
2
3
4
4
4
4
4
4
4
4
4
4
4
4
4
4
4
4
4
4
4
4
4
4
4
3
3
4
4
4
4
4
4
4
4
4
4
4
4
4
4
4
4
4
4
4
4
4
4
4
3
3
4
4
4
4
4
4
4
4
4
4
4
4
4
4
4
4
4
4
4
4
4
4
4
3
3
4
4
4
4
4
4
4
4
4
4
4
4
4
4
4
4
4
4
4
4
4
4
4
3
3
4
4
4
4
4
4
4
4
4
4
4
4
4
4
4
4
4
4
4
4
4
4
4
3
3
4
4
4
4
4
4
4
4
4
4
4
4
4
4
4
4
4
4
4
4
4
4
4
3
3
4
4
4
4
4
4
4
4
4
4
4
4
4
4
4
4
4
4
4
4
4
4
4
3
3
4
4
4
4
4
4
4
4
4
4
4
4
4
4
4
4
4
4
4
4
4
4
4
3
3
4
4
4
4
4
4
4
4
4
4
4
4
4
4
4
4
4
4
4
4
4
4
4
3
3
4
4
4
4
4
4
4
4
4
4
4
4
4
4
4
4
4
4
4
4
4
4
4
3
3
4
4
4
4
4
4
4
4
4
4
4
4
4
4
4
4
4
4
4
4
4
4
4
3
3
4
4
4
4
4
4
4
4
4
4
4
4
4
4
4
4
4
4
4
4
4
4
4
3
3
4
4
4
4
4
4
4
4
4
4
4
4
4
4
4
4
4
4
4
4
4
4
4
3
3
4
4
4
4
4
4
4
4
4
4
4
4
4
4
4
4
4
4
4
4
4
4
4
3
3
4
4
4
4
4
4
4
4
4
4
4
4
4
4
4
4
4
4
4
4
4
4
4
3
3
4
4
4
4
4
4
4
4
4
4
4
4
4
4
4
4
4
4
4
4
4
4
4
3
3
4
4
4
4
4
4
4
4
4
4
4
4
4
4
4
4
4
4
4
4
4
4
4
3
3
4
4
4
4
4
4
4
4
4
4
4
4
4
4
4
4
4
4
4
4
4
4
4
3
3
4
4
4
4
4
4
4
4
4
4
4
4
4
4
4
4
4
4
4
4
4
4
4
3
3
4
4
4
4
4
4
4
4
4
4
4
4
4
4
4
4
4
4
4
4
4
4
4
3
3
4
4
4
4
4
4
4
4
4
4
4
4
4
4
4
4
4
4
4
4
4
4
4
3
3
4
4
4
4
4
4
4
4
4
4
4
4
4
4
4
4
4
4
4
4
4
4
4
3
3
4
4
4
4
4
4
4
4
4
4
4
4
4
4
4
4
4
4
4
4
4
4
4
3
2
3
3
3
3
3
3
3
3
3
3
3
3
3
3
3
3
3
3
3
3
3
3
3
2
26 22
2 29
27 64
3 92
1 78
28 78
4 11
2 80
29 65
5 82
3 95
30 16
6 43
4 72
31 45
7 69
5 20
32 33
8 79
6 83
33 92
9 46
7 41
34 87
10 96
8 13
35 80
11 38
9 34
36 84
12 17
10 47
37 62
13 79
11 67
38 29
14 14
12 97
39 73
15 20
13 15
40 32
16 88
14 80
41 29
17 76
15 74
42 96
18 70
16 34
43 58
19 73
17 23
44 54
20 13
18 44
45 47
21 56
19 72
46 19
22 67
20 31
47 95
23 62
21 91
48 63
24 85
22 13
49 84
25 89
23 57
50 85
24 78
51 59
1 65
27 25
52 45
2 73
28 56
26 20
53 39
3 27
29 99
27 12
54 61
4 62
30 93
28 65
55 36
5 93
31 76
29 87
56 71
6 45
32 66
30 18
57 90
7 28
33 45
31 61
58 43
8 15
34 35
32 88
59 79
9 98
35 64
33 49
60 81
10 60
36 59
34 59
61 84
11 20
37 79
35 80
62 96
12 65
38 67
36 35
63 19
13 52
39 50
37 97
64 28
14 74
40 38
38 40
65 78
15 15
41 29
39 62
66 87
16 24
42 79
40 12
67 91
17 51
43 64
41 90
68 86
18 97
44 37
42 79
69 12
19 49
45 48
43 24
70 23
20 69
46 60
44 37
71 40
21 63
47 40
45 11
72 10
22 36
48 17
46 39
73 99
23 91
49 75
47 58
74 17
24 14
50 62
48 66
75 88
25 96
49 12
76 23
26 96
52 86
77 82
27 24
53 44
51 16
78 40
28 34
54 79
52 55
79 88
29 49
55 58
53 55
80 50
30 49
56 91
54 69
81 100
31 21
57 17
55 21
82 49
32 25
58 59
56 34
83 64
33 46
59 35
57 44
84 89
34 15
60 34
58 15
85 60
35 40
61 37
59 92
86 56
36 59
62 56
60 44
87 14
37 71
63 53
61 100
88 62
38 43
64 77
62 74
89 56
39 57
65 24
63 99
90 25
40 12
66 22
64 74
91 69
41 65
67 83
65 25
92 33
42 15
68 22
66 81
93 74
43 62
69 58
67 12
94 33
44 45
70 38
68 50
95 83
45 67
71 29
69 84
96 52
46 23
72 54
70 92
97 93
47 50
73 40
71 55
98 39
48 73
74 45
72 14
99 34
49 71
75 58
73 63
100 51
50 41
74 31
101 48
51 68
77 39
102 85
52 94
78 94
76 26
103 20
53 76
79 35
77 40
104 17
54 52
80 41
78 79
105 86
55 79
81 79
79 49
106 25
56 49
82 37
80 49
107 26
57 43
83 27
81 89
108 89
58 97
84 38
82 70
109 22
59 20
85 42
83 22
110 52
60 77
86 91
84 88
111 21
61 78
87 72
85 95
112 49
62 98
88 90
86 80
113 46
63 16
89 33
87 44
114 51
64 27
90 37
88 11
115 73
65 100
91 78
89 29
116 44
66 43
92 66
90 35
117 97
67 54
93 52
91 32
118 66
68 78
94 29
92 44
119 56
69 30
95 44
93 40
120 48
70 95
96 100
94 99
121 51
71 38
97 35
95 51
122 83
72 80
98 43
96 59
123 69
73 40
99 23
97 90
124 58
74 80
100 10
98 61
125 54
75 18
99 67
126 76
76 19
102 69
127 72
77 14
103 41
101 21
128 17
78 22
104 32
102 13
129 45
79 31
105 17
103 77
130 86
80 55
106 44
104 27
131 87
81 20
107 30
105 28
132 54
82 53
108 19
106 73
133 91
83 98
109 14
107 50
134 98
84 62
110 46
108 12
135 79
85 53
111 16
109 59
136 97
86 85
112 32
110 54
137 38
87 67
113 94
111 39
138 37
88 21
114 54
112 74
139 75
89 46
115 21
113 38
140 91
90 67
116 62
114 59
141 72
91 88
117 27
115 58
142 14
92 11
118 68
116 84
143 38
93 44
119 15
117 42
144 45
94 40
120 96
118 86
145 76
95 89
121 51
119 58
146 34
96 77
122 57
120 51
147 15
97 21
123 23
121 93
148 70
98 61
124 29
122 28
149 60
99 74
125 22
123 24
150 43
100 44
124 20
151 33
101 88
127 18
152 14
102 79
128 16
126 80
153 19
103 96
129 41
127 93
154 81
104 96
130 19
128 68
155 35
105 15
131 88
129 79
156 74
106 96
132 18
130 42
157 31
107 49
133 13
131 81
158 10
108 37
134 41
132 14
159 34
109 93
135 90
133 56
160 35
110 37
136 42
134 65
161 80
111 91
137 87
135 40
162 97
112 22
138 11
136 73
163 29
113 53
139 23
137 47
164 94
114 83
140 80
138 16
165 13
115 58
141 19
139 56
166 80
116 77
142 71
140 65
167 88
117 20
143 54
141 85
168 38
118 99
144 67
142 65
169 37
119 89
145 19
143 61
170 51
120 91
146 69
144 53
171 76
121 32
147 81
145 76
172 27
122 51
148 82
146 24
173 73
123 87
149 90
147 50
174 80
124 77
150 81
148 72
175 76
125 32
149 80
176 74
126 95
152 39
177 28
127 17
153 22
151 55
178 45
128 96
154 67
152 47
179 64
129 70
155 12
153 73
180 57
130 58
156 24
154 82
181 29
131 89
157 53
155 35
182 73
132 49
158 87
156 55
183 42
133 28
159 90
157 83
184 84
134 18
160 10
158 50
185 58
135 28
161 73
159 78
186 36
136 44
162 11
160 58
187 71
137 27
163 41
161 33
188 53
138 91
164 16
162 34
189 47
139 14
165 21
163 13
190 28
140 49
166 18
164 44
191 81
141 58
167 53
165 51
192 12
142 21
168 92
166 46
193 87
143 58
169 60
167 27
194 61
144 85
170 47
168 62
195 72
145 78
171 13
169 89
196 56
146 47
172 78
170 61
197 26
147 54
173 100
171 63
198 28
148 14
174 18
172 52
199 57
149 92
175 43
173 97
200 100
150 86
174 80
201 14
151 76
177 34
202 18
152 37
178 43
176 47
203 12
153 80
179 20
177 88
204 22
154 48
180 59
178 63
205 80
155 56
181 43
179 55
206 40
156 17
182 25
180 36
207 43
157 37
183 83
181 20
208 47
158 37
184 43
182 14
209 32
159 82
185 63
183 98
210 90
160 12
186 85
184 62
211 62
161 12
187 56
185 92
212 58
162 52
188 98
186 99
213 39
163 16
189 14
187 61
214 40
164 40
190 77
188 54
215 100
165 70
191 76
189 82
216 94
166 70
192 30
190 43
217 58
167 27
193 43
191 73
218 86
168 69
194 83
192 78
219 20
169 44
195 71
193 42
220 21
170 43
196 15
194 53
221 65
171 23
197 31
195 58
222 44
172 56
198 46
196 33
223 49
173 65
199 94
197 57
224 12
174 77
200 27
198 64
225 83
175 74
199 78
226 27
176 19
202 32
227 66
177 65
203 93
201 18
228 13
178 32
204 24
202 23
229 36
179 35
205 87
203 84
230 53
180 30
206 55
204 46
231 38
181 58
207 48
205 62
232 88
182 55
208 66
206 49
233 32
183 50
209 26
207 58
234 89
184 78
210 100
208 25
235 89
185 30
211 72
209 76
236 34
186 76
212 53
210 69
237 31
187 94
213 14
211 29
238 42
188 50
214 53
212 11
239 18
189 64
215 91
213 66
240 58
190 47
216 62
214 31
241 90
191 22
217 67
215 50
242 75
192 37
218 12
216 61
243 91
193 75
219 48
217 29
244 72
194 86
220 14
218 94
245 74
195 60
221 56
219 100
246 92
196 42
222 80
220 36
247 33
197 92
223 25
221 71
248 88
198 12
224 52
222 34
249 33
199 60
225 92
223 76
250 38
200 91
224 95
251 45
201 21
227 100
252 61
202 35
228 50
226 20
253 17
203 97
229 36
227 86
254 67
204 11
230 66
228 29
255 88
205 64
231 42
229 57
256 64
206 54
232 40
230 58
257 22
207 83
233 85
231 73
258 52
208 78
234 22
232 48
259 85
209 56
235 94
233 82
260 87
210 63
236 94
234 25
261 76
211 37
237 72
235 20
262 49
212 74
238 65
236 31
263 94
213 64
239 46
237 86
264 16
214 66
240 17
238 67
265 44
215 25
241 11
239 47
266 62
216 23
242 35
240 16
267 37
217 84
243 40
241 55
268 97
218 17
244 32
242 85
269 47
219 42
245 85
243 27
270 66
220 85
246 55
244 74
271 17
221 16
247 53
245 46
272 52
222 47
248 70
246 99
273 31
223 83
249 29
247 35
274 62
224 35
250 11
248 100
275 50
225 17
249 61
276 67
226 14
252 10
277 18
227 43
253 81
251 90
278 43
228 72
254 81
252 96
279 72
229 72
255 27
253 21
280 100
230 32
256 59
254 96
281 40
231 53
257 36
255 44
282 83
232 68
258 41
256 10
283 80
233 77
259 47
257 52
284 87
234 62
260 21
258 94
285 17
235 68
261 28
259 29
286 10
236 85
262 45
260 72
287 71
237 69
263 100
261 10
288 73
238 84
264 30
262 57
289 23
239 17
265 77
263 25
290 58
240 67
266 88
264 32
291 78
241 10
267 45
265 31
292 54
242 57
268 55
266 50
293 58
243 85
269 96
267 45
294 36
244 18
270 44
268 54
295 70
245 29
271 12
269 31
296 43
246 61
272 43
270 73
297 23
247 95
273 96
271 35
298 25
248 53
274 73
272 29
299 46
249 13
275 77
273 65
300 41
250 71
274 65
301 90
251 59
277 67
302 74
252 45
278 56
276 35
303 18
253 59
279 57
277 70
304 84
254 12
280 14
278 34
305 10
255 76
281 93
279 89
306 78
256 94
282 16
280 76
307 97
257 29
283 61
281 14
308 14
258 26
284 86
282 80
309 62
259 83
285 42
283 50
310 13
260 42
286 10
284 22
311 80
261 94
287 85
285 71
312 93
262 40
288 24
286 40
313 91
263 23
289 12
287 87
314 22
264 95
290 62
288 97
315 34
265 44
291 37
289 25
316 87
266 85
292 81
290 99
317 20
267 32
293 90
291 20
318 92
268 13
294 31
292 83
319 72
269 22
295 95
293 67
320 20
270 55
296 65
294 39
321 15
271 15
297 95
295 88
322 77
272 79
298 70
296 87
323 55
273 27
299 46
297 44
324 20
274 28
300 64
298 31
325 73
275 42
299 90
326 85
276 37
302 29
327 75
277 47
303 36
301 34
328 78
278 34
304 87
302 42
329 63
279 20
305 59
303 24
330 75
280 35
306 85
304 59
331 48
281 39
307 89
305 49
332 40
282 56
308 65
306 31
333 35
283 81
309 28
307 43
334 40
284 96
310 75
308 45
335 67
285 84
311 10
309 83
336 83
286 44
312 93
310 12
337 27
287 55
313 45
311 86
338 82
288 56
314 73
312 42
339 35
289 54
315 95
313 67
340 55
290 79
316 22
314 95
341 64
291 60
317 23
315 78
342 100
292 66
318 50
316 14
343 27
293 76
319 22
317 73
344 26
294 21
320 31
318 38
345 92
295 47
321 61
319 48
346 90
296 95
322 49
320 73
347 56
297 27
323 63
321 28
348 63
298 59
324 48
322 35
349 60
299 50
325 52
323 26
350 54
300 16
324 50
351 28
301 27
327 68
352 10
302 62
328 20
326 99
353 96
303 65
329 38
327 48
354 62
304 83
330 89
328 78
355 25
305 99
331 44
329 80
356 69
306 24
332 16
330 90
357 64
307 48
333 19
331 77
358 51
308 51
334 53
332 64
359 100
309 25
335 12
333 73
360 92
310 97
336 79
334 37
361 48
311 44
337 87
335 96
362 100
312 75
338 30
336 85
363 75
313 33
339 63
337 35
364 13
314 26
340 26
338 77
365 73
315 99
341 35
339 75
366 87
316 16
342 62
340 51
367 43
317 93
343 47
341 86
368 69
318 70
344 95
342 25
369 75
319 88
345 96
343 81
370 34
320 66
346 34
344 34
371 88
321 95
347 86
345 86
372 88
322 47
348 70
346 20
373 97
323 22
349 53
347 60
374 31
324 45
350 85
348 93
375 67
325 87
349 93
376 69
326 12
352 10
377 18
327 62
353 68
351 69
378 83
328 65
354 48
352 66
379 89
329 82
355 12
353 29
380 11
330 98
356 36
354 10
381 80
331 18
357 98
355 54
382 94
332 24
358 10
356 75
383 54
333 15
359 94
357 67
384 25
334 38
360 45
358 37
385 52
335 37
361 14
359 69
386 28
336 51
362 83
360 28
387 16
337 30
363 83
361 38
388 58
338 95
364 54
362 79
389 19
339 74
365 13
363 11
390 94
340 63
366 56
364 15
391 38
341 90
367 66
365 83
392 81
342 59
368 43
366 25
393 22
343 91
369 25
367 76
394 50
344 94
370 14
368 13
395 48
345 72
371 54
369 52
396 34
346 97
372 98
370 48
397 47
347 78
373 39
371 58
398 27
348 56
374 29
372 79
399 17
349 57
375 45
373 77
400 73
350 86
374 64
401 56
351 99
377 30
402 89
352 35
378 31
376 35
403 52
353 27
379 28
377 24
404 74
354 51
380 94
378 30
405 52
355 55
381 57
379 74
406 50
356 64
382 77
380 30
407 27
357 93
383 86
381 72
408 69
358 52
384 70
382 28
409 29
359 90
385 52
383 45
410 53
360 84
386 17
384 84
411 21
361 82
387 21
385 75
412 16
362 31
388 77
386 48
413 15
363 96
389 24
387 96
414 11
364 30
390 44
388 96
415 15
365 35
391 30
389 59
416 12
366 62
392 36
390 76
417 82
367 84
393 71
391 77
418 80
368 32
394 47
392 93
419 14
369 55
395 11
393 11
420 27
370 32
396 77
394 46
421 92
371 78
397 34
395 43
422 78
372 82
398 88
396 89
423 89
373 81
399 49
397 88
424 88
374 85
400 16
398 57
425 51
375 56
399 50
426 36
376 58
402 44
427 58
377 68
403 48
401 70
428 26
378 12
404 47
402 52
429 28
379 55
405 20
403 23
430 87
380 39
406 10
404 99
431 11
381 78
407 88
405 78
432 67
382 80
408 48
406 92
433 62
383 30
409 73
407 49
434 49
384 40
410 54
408 100
435 13
385 75
411 67
409 42
436 75
386 95
412 43
410 94
437 52
387 14
413 82
411 80
438 95
388 42
414 13
412 24
439 83
389 31
415 87
413 19
440 61
390 93
416 65
414 51
441 85
391 36
417 47
415 91
442 61
392 96
418 47
416 67
443 65
393 85
419 26
417 57
444 54
394 60
420 24
418 64
445 30
395 88
421 14
419 60
446 76
396 26
422 10
420 85
447 73
397 19
423 21
421 30
448 15
398 18
424 20
422 26
449 22
399 74
425 90
423 65
450 84
400 22
424 31
451 59
401 75
427 34
452 44
402 48
428 75
426 43
453 54
403 26
429 21
427 52
454 12
404 12
430 10
428 97
455 93
405 69
431 68
429 98
456 83
406 21
432 89
430 48
457 43
407 58
433 51
431 84
458 27
408 59
434 53
432 99
459 81
409 95
435 53
433 13
460 97
410 48
436 52
434 51
461 89
411 23
437 21
435 52
462 71
412 67
438 80
436 86
463 80
413 28
439 70
437 48
464 13
414 34
440 13
438 47
465 97
415 37
441 87
439 61
466 65
416 44
442 64
440 65
467 27
417 13
443 35
441 51
468 67
418 18
444 66
442 85
469 22
419 73
445 10
443 76
470 86
420 17
446 25
444 27
471 20
421 69
447 50
445 86
472 95
422 19
448 67
446 26
473 48
423 42
449 30
447 30
474 57
424 40
450 82
448 17
475 83
425 99
449 39
476 15
426 21
452 60
477 18
427 93
453 41
451 20
478 59
428 63
454 27
452 31
479 66
429 58
455 68
453 37
480 54
430 88
456 21
454 14
481 11
431 81
457 89
455 18
482 99
432 54
458 51
456 10
483 85
433 24
459 54
457 48
484 21
434 46
460 63
458 75
485 80
435 87
461 45
459 63
486 21
436 75
462 25
460 50
487 19
437 40
463 27
461 61
488 87
438 14
464 30
462 21
489 55
439 76
465 96
463 38
490 63
440 33
466 95
464 38
491 31
441 69
467 74
465 47
492 15
442 100
468 74
466 94
493 85
443 32
469 63
467 90
494 68
444 86
470 95
468 83
495 53
445 47
471 13
469 70
496 16
446 80
472 29
470 28
497 69
447 57
473 87
471 82
498 18
448 88
474 80
472 26
499 17
449 99
475 27
473 88
500 17
450 35
474 13
501 35
451 25
477 81
502 21
452 67
478 32
476 79
503 76
453 87
479 100
477 21
504 89
454 64
480 45
478 41
505 26
455 75
481 56
479 67
506 30
456 41
482 80
480 49
507 68
457 50
483 71
481 22
508 17
458 27
484 97
482 92
509 72
459 76
485 59
483 55
510 25
460 10
486 99
484 59
511 48
461 93
487 31
485 22
512 76
462 25
488 55
486 77
513 59
463 77
489 79
487 94
514 94
464 26
490 93
488 31
515 14
465 18
491 34
489 11
516 36
466 75
492 90
490 16
517 91
467 85
493 99
491 24
518 70
468 42
494 32
492 36
519 93
469 60
495 41
493 88
520 62
470 12
496 45
494 77
521 18
471 51
497 96
495 14
522 72
472 27
498 59
496 23
523 58
473 42
499 48
497 81
524 67
474 56
500 60
498 83
525 27
475 37
499 24
526 35
476 100
502 85
527 26
477 73
503 92
501 45
528 47
478 72
504 70
502 13
529 44
479 28
505 90
503 32
530 33
480 37
506 50
504 80
531 15
481 72
507 78
505 13
532 44
482 86
508 84
506 76
533 76
483 66
509 87
507 14
534 48
484 84
510 62
508 32
535 38
485 95
511 35
509 33
536 59
486 51
512 56
510 17
537 11
487 93
513 55
511 16
538 97
488 33
514 90
512 43
539 86
489 11
515 65
513 39
540 40
490 69
516 72
514 31
541 17
491 79
517 17
515 89
542 12
492 74
518 46
516 22
543 64
493 29
519 86
517 44
544 13
494 51
520 91
518 37
545 21
495 68
521 61
519 26
546 65
496 36
522 42
520 59
547 84
497 33
523 86
521 41
548 63
498 26
524 42
522 89
549 37
499 30
525 85
523 64
550 63
500 21
524 91
551 65
501 32
527 16
552 77
502 82
528 50
526 85
553 77
503 46
529 58
527 50
554 38
504 39
530 18
528 63
555 60
505 27
531 18
529 77
556 52
506 58
532 93
530 96
557 81
507 25
533 94
531 80
558 59
508 66
534 94
532 14
559 50
509 61
535 10
533 33
560 11
510 28
536 38
534 88
561 40
511 20
537 63
535 29
562 30
512 35
538 26
536 72
563 70
513 68
539 71
537 14
564 21
514 14
540 92
538 97
565 42
515 72
541 92
539 98
566 77
516 91
542 56
540 24
567 88
517 51
543 84
541 54
568 58
518 76
544 93
542 53
569 15
519 62
545 95
543 50
570 13
520 46
546 39
544 95
571 92
521 20
547 56
545 59
572 33
522 18
548 42
546 94
573 34
523 32
549 41
547 69
574 86
524 28
550 64
548 12
575 14
525 85
549 87
576 26
526 11
552 45
577 96
527 96
553 44
551 35
578 49
528 56
554 15
552 41
579 42
529 80
555 35
553 33
580 56
530 43
556 13
554 69
581 58
531 82
557 30
555 43
582 100
532 85
558 27
556 31
583 76
533 43
559 17
557 29
584 11
534 36
560 87
558 43
585 62
535 55
561 46
559 39
586 85
536 87
562 40
560 81
587 71
537 40
563 93
561 71
588 32
538 53
564 33
562 51
589 62
539 17
565 79
563 100
590 39
540 96
566 69
564 98
591 31
541 10
567 53
565 16
592 49
542 15
568 98
566 21
593 39
543 69
569 56
567 83
594 83
544 93
570 20
568 33
595 41
545 96
571 93
569 47
596 14
546 100
572 68
570 58
597 86
547 50
573 59
571 73
598 13
548 85
574 57
572 76
599 80
549 77
575 58
573 17
600 20
550 61
574 51
601 13
551 73
577 48
602 18
552 15
578 74
576 36
603 12
553 87
579 82
577 99
604 81
554 38
580 72
578 89
605 25
555 79
581 34
579 31
606 41
556 23
582 16
580 100
607 15
557 66
583 92
581 94
608 40
558 36
584 100
582 82
609 46
559 74
585 85
583 45
610 23
560 77
586 39
584 70
611 36
561 80
587 16
585 54
612 30
562 48
588 80
586 90
613 32
563 82
589 77
587 38
614 97
564 78
590 73
588 20
615 41
565 66
591 84
589 66
616 60
566 26
592 24
590 28
617 27
567 60
593 81
591 37
618 64
568 86
594 37
592 81
619 90
569 49
595 32
593 63
620 55
570 49
596 16
594 99
621 57
571 69
597 24
595 26
622 95
572 99
598 26
596 18
623 12
573 60
599 90
597 30
624 70
574 34
600 73
598 84
625 59
575 20
599 65
576 53
602 81
577 69
603 42
601 62
578 79
604 18
602 72
579 84
605 21
603 100
580 22
606 39
604 57
581 82
607 19
605 89
582 46
608 26
606 55
583 47
609 88
607 17
584 73
610 27
608 50
585 60
611 60
609 78
586 79
612 32
610 65
587 90
613 69
611 99
588 16
614 36
612 30
589 25
615 52
613 74
590 88
616 48
614 84
591 89
617 73
615 32
592 69
618 30
616 79
593 52
619 60
617 50
594 38
620 60
618 92
595 64
621 87
619 24
596 48
622 36
620 24
597 87
623 62
621 43
598 62
624 86
622 44
599 39
625 60
623 21
600 16
624 46
160
42
2 243 160 
1 264 
2 465 89 
1 375 
2 376 211 
2 401 622 
1 336 
1 359 
1 217 
1 399 
1 555 
3 344 113 218 
1 199 
1 81 
1 11 
2 39 201 
3 12 389 197 
3 167 354 5 
2 140 210 
5 183 3 516 476 152 
2 165 17 
3 301 196 177 
1 67 
2 23 562 
4 393 520 547 579 
2 284 610 
2 442 583 
4 56 329 188 333 
6 224 169 542 459 453 84 
3 483 550 34 
1 415 
4 387 526 347 426 
2 580 623 
1 558 
2 195 38 
2 182 30 
2 613 365 
1 531 
2 488 172 
2 162 378 
1 581 
2 295 235 
1 32 
3 248 159 102 
2 407 306 
2 494 278 
2 594 135 
2 486 539 
1 414 
1 82 
4 239 320 416 541 
3 230 151 607 
1 170 
1 620 
1 564 
1 280 
2 497 446 
1 118 
1 357 
1 258 
2 498 37 
3 538 391 438 
2 148 141 
3 245 108 496 
3 317 566 64 
2 480 299 
2 153 381 
1 413 
1 60 
2 422 366 
2 513 533 
2 80 443 
1 353 
2 281 297 
1 47 
2 412 418 
2 256 203 
4 147 226 292 477 
1 255 
1 249 
1 163 
1 437 
1 456 
2 457 225 
3 68 436 502 
2 624 214 
2 250 575 
1 563 
2 314 360 
1 386 
2 316 178 
1 372 
3 157 339 87 
1 493 
2 616 93 
2 384 305 
2 440 447 
1 227 
1 57 
2 596 219 
2 129 390 
2 427 265 
1 439 
1 325 
1 16 
1 26 
2 361 166 
2 257 72 
1 146 
2 79 374 
2 300 269 
2 364 35 
1 233 
1 4 
1 489 
1 395 
4 612 74 535 83 
2 48 42 
