144 528 10 100 27
2
3
3
3
3
3
3
3
3
3
3
2
3
4
4
4
4
4
4
4
4
4
4
3
3
4
4
4
4
4
4
4
4
4
4
3
3
4
4
4
4
4
4
4
4
4
4
3
3
4
4
4
4
4
4
4
4
4
4
3
3
4
4
4
4
4
4
4
4
4
4
3
3
4
4
4
4
4
4
4
4
4
4
3
3
4
4
4
4
4
4
4
4
4
4
3
3
4
4
4
4
4
4
4
4
4
4
3
3
4
4
4
4
4
4
4
4
4
4
3
3
4
4
4
4
4
4
4
4
4
4
3
2
3
3
3
3
3
3
3
3
3
3
2
13 46
2 29
14 93
3 37
1 45
15 68
4 48
2 57
16 59
5 96
3 100
17 52
6 22
4 52
18 25
7 77
5 36
19 21
8 83
6 51
20 14
9 50
7 76
21 37
10 88
8 55
22 41
11 47
9 22
23 55
12 61
10 29
24 40
11 34
25 56
1 76
14 24
26 30
2 70
15 84
13 29
27 87
3 65
16 51
14 62
28 84
4 80
17 44
15 10
29 28
5 79
18 41
16 18
30 96
6 51
19 95
17 59
31 38
7 43
20 50
18 37
32 85
8 69
21 69
19 52
33 99
9 97
22 71
20 16
34 65
10 77
23 27
21 70
35 48
11 95
24 61
22 29
36 66
12 65
23 53
37 19
13 38
26 19
38 27
14 62
27 56
25 28
39 56
15 16
28 33
26 85
40 77
16 98
29 75
27 33
41 34
17 87
30 74
28 49
42 32
18 27
31 50
29 69
43 98
19 32
32 98
30 87
44 50
20 14
33 33
31 94
45 48
21 99
34 19
32 53
46 40
22 82
35 99
33 81
47 11
23 22
36 86
34 73
48 83
24 82
35 68
49 32
25 51
38 78
50 75
26 75
39 73
37 23
51 12
27 60
40 66
38 96
52 37
28 93
41 51
39 14
53 46
29 25
42 81
40 90
54 89
30 91
43 35
41 30
55 11
31 42
44 15
42 20
56 15
32 98
45 73
43 11
57 42
33 85
46 11
44 55
58 16
34 83
47 82
45 79
59 50
35 93
48 37
46 97
60 29
36 82
47 97
61 21
37 10
50 41
62 83
38 37
51 90
49 39
63 91
39 48
52 46
50 12
64 48
40 44
53 95
51 44
65 94
41 35
54 48
52 83
66 38
42 27
55 58
53 94
67 98
43 79
56 17
54 12
68 25
44 16
57 42
55 17
69 55
45 71
58 21
56 50
70 93
46 28
59 68
57 85
71 17
47 82
60 93
58 71
72 24
48 23
59 47
73 24
49 29
62 18
74 100
50 30
63 35
61 63
75 30
51 87
64 14
62 89
76 78
52 31
65 67
63 30
77 68
53 61
66 65
64 24
78 91
54 24
67 19
65 42
79 47
55 17
68 19
66 13
80 25
56 83
69 69
67 32
81 14
57 45
70 94
68 45
82 85
58 99
71 90
69 52
83 81
59 17
72 61
70 38
84 42
60 27
71 74
85 21
61 11
74 65
86 76
62 74
75 34
73 60
87 27
63 60
76 55
74 94
88 70
64 97
77 79
75 87
89 78
65 51
78 79
76 85
90 46
66 19
79 57
77 45
91 22
67 77
80 66
78 62
92 36
68 35
81 44
79 85
93 77
69 51
82 77
80 25
94 12
70 90
83 100
81 98
95 96
71 25
84 55
82 21
96 68
72 39
83 86
97 97
73 13
86 60
98 72
74 43
87 93
85 60
99 90
75 53
88 20
86 96
100 85
76 62
89 91
87 72
101 99
77 39
90 90
88 36
102 19
78 63
91 26
89 35
103 26
79 45
92 29
90 59
104 66
80 94
93 28
91 84
105 65
81 98
94 95
92 67
106 100
82 34
95 18
93 35
107 76
83 39
96 41
94 42
108 26
84 98
95 71
109 88
85 42
98 92
110 60
86 83
99 20
97 96
111 44
87 72
100 17
98 23
112 89
88 74
101 49
99 86
113 85
89 30
102 60
100 71
114 55
90 14
103 22
101 71
115 76
91 29
104 68
102 57
116 50
92 47
105 57
103 16
117 43
93 20
106 86
104 58
118 89
94 86
107 77
105 47
119 76
95 16
108 21
106 75
120 33
96 78
107 42
121 81
97 97
110 25
122 32
98 79
111 98
109 41
123 91
99 92
112 51
110 61
124 44
100 83
113 80
111 56
125 16
101 73
114 44
112 32
126 36
102 29
115 59
113 80
127 33
103 95
116 72
114 18
128 82
104 60
117 39
115 74
129 98
105 84
118 35
116 27
130 16
106 55
119 16
117 84
131 36
107 66
120 80
118 64
132 96
108 57
119 28
133 53
109 42
122 66
134 41
110 56
123 87
121 17
135 10
111 35
124 82
122 68
136 22
112 50
125 13
123 60
137 81
113 58
126 42
124 61
138 54
114 56
127 89
125 12
139 73
115 27
128 76
126 49
140 17
116 34
129 13
127 47
141 48
117 29
130 40
128 45
142 14
118 95
131 51
129 22
143 75
119 39
132 30
130 87
144 39
120 38
131 88
121 26
134 69
122 43
135 80
133 45
123 38
136 20
134 86
124 42
137 56
135 10
125 29
138 18
136 34
126 25
139 20
137 79
127 32
140 65
138 97
128 76
141 64
139 100
129 94
142 70
140 42
130 13
143 17
141 35
131 11
144 38
142 80
132 72
143 95
130
118
3 119 71 130 
1 60 
1 26 
2 136 93 
2 13 46 
4 63 135 86 103 
1 50 
1 73 
3 78 12 58 
2 48 121 
2 116 108 
3 138 34 16 
2 68 43 
1 27 
1 39 
2 99 109 
3 76 122 123 
1 101 
1 127 
1 44 
1 133 
3 66 61 106 
1 142 
2 15 125 
2 19 45 
2 141 49 
2 5 118 
