100 342 10 100 19
2
3
3
2
3
4
4
3
3
4
4
3
3
4
4
3
3
4
4
3
3
4
4
3
3
4
4
3
3
4
4
3
3
4
4
3
3
4
4
3
3
4
4
3
3
4
4
3
3
4
4
3
3
4
4
3
3
4
4
3
3
4
4
3
3
4
4
3
3
4
4
3
3
4
4
3
3
4
4
3
3
4
4
3
3
4
4
3
3
4
4
3
3
4
4
3
2
3
3
2
5 64
2 29
6 20
3 13
1 100
7 64
4 85
2 23
8 58
3 41
9 33
1 32
6 83
10 24
2 31
7 19
5 49
11 75
3 70
8 64
6 54
12 18
4 100
7 92
13 94
5 35
10 38
14 42
6 88
11 35
9 66
15 60
7 70
12 87
10 93
16 84
8 86
11 20
17 22
9 46
14 33
18 23
10 46
15 38
13 11
19 79
11 66
16 45
14 29
20 13
12 89
15 48
21 10
13 62
18 35
22 64
14 59
19 26
17 100
23 19
15 80
20 21
18 14
24 91
16 53
19 99
25 19
17 90
22 65
26 14
18 12
23 24
21 33
27 53
19 82
24 31
22 24
28 34
20 54
23 54
29 87
21 11
26 78
30 92
22 97
27 74
25 82
31 54
23 40
28 50
26 61
32 30
24 51
27 34
33 79
25 89
30 46
34 31
26 51
31 23
29 30
35 97
27 69
32 65
30 100
36 10
28 44
31 25
37 71
29 30
34 50
38 71
30 86
35 48
33 96
39 59
31 17
36 100
34 10
40 97
32 100
35 85
41 52
33 71
38 43
42 69
34 53
39 56
37 42
43 13
35 23
40 58
38 31
44 79
36 56
39 36
45 34
37 51
42 45
46 18
38 18
43 49
41 34
47 73
39 56
44 90
42 77
48 72
40 35
43 25
49 56
41 79
46 96
50 62
42 100
47 88
45 89
51 33
43 48
48 20
46 76
52 72
44 82
47 91
53 20
45 37
50 67
54 66
46 59
51 27
49 22
55 17
47 98
52 51
50 85
56 82
48 28
51 98
57 68
49 59
54 80
58 59
50 47
55 29
53 74
59 14
51 79
56 98
54 21
60 97
52 80
55 73
61 12
53 77
58 27
62 19
54 38
59 18
57 16
63 35
55 80
60 41
58 81
64 46
56 36
59 70
65 72
57 73
62 27
66 37
58 86
63 41
61 19
67 18
59 12
64 24
62 86
68 81
60 50
63 34
69 80
61 94
66 27
70 75
62 96
67 75
65 46
71 79
63 64
68 53
66 80
72 79
64 11
67 71
73 93
65 83
70 55
74 74
66 93
71 70
69 92
75 77
67 82
72 31
70 20
76 90
68 53
71 62
77 20
69 47
74 38
78 59
70 81
75 30
73 92
79 88
71 19
76 66
74 41
80 30
72 37
75 27
81 84
73 70
78 25
82 84
74 96
79 24
77 73
83 94
75 83
80 52
78 57
84 39
76 100
79 98
85 40
77 23
82 85
86 49
78 27
83 18
81 29
87 28
79 86
84 62
82 10
88 17
80 81
83 33
89 35
81 29
86 20
90 85
82 72
87 40
85 78
91 13
83 66
88 92
86 43
92 61
84 15
87 78
93 56
85 41
90 24
94 89
86 55
91 20
89 56
95 60
87 95
92 100
90 79
96 86
88 80
91 47
97 44
89 29
94 10
98 47
90 59
95 100
93 36
99 65
91 73
96 87
94 57
100 11
92 62
95 21
93 67
98 70
94 79
99 96
97 64
95 58
100 99
98 52
96 45
99 55
20
24
4 32 47 81 20 
3 64 75 57 
1 52 
1 65 
1 95 
2 2 63 
2 37 48 
1 92 
3 69 46 85 
1 13 
1 88 
1 26 
1 55 
4 59 84 30 23 
2 76 40 
1 41 
2 22 35 
2 68 82 
2 91 24 
