625 2400 10 100 118
2
3
3
3
3
3
3
3
3
3
3
3
3
3
3
3
3
3
3
3
3
3
3
3
2
3
4
4
4
4
4
4
4
4
4
4
4
4
4
4
4
4
4
4
4
4
4
4
4
3
3
4
4
4
4
4
4
4
4
4
4
4
4
4
4
4
4
4
4
4
4
4
4
4
3
3
4
4
4
4
4
4
4
4
4
4
4
4
4
4
4
4
4
4
4
4
4
4
4
3
3
4
4
4
4
4
4
4
4
4
4
4
4
4
4
4
4
4
4
4
4
4
4
4
3
3
4
4
4
4
4
4
4
4
4
4
4
4
4
4
4
4
4
4
4
4
4
4
4
3
3
4
4
4
4
4
4
4
4
4
4
4
4
4
4
4
4
4
4
4
4
4
4
4
3
3
4
4
4
4
4
4
4
4
4
4
4
4
4
4
4
4
4
4
4
4
4
4
4
3
3
4
4
4
4
4
4
4
4
4
4
4
4
4
4
4
4
4
4
4
4
4
4
4
3
3
4
4
4
4
4
4
4
4
4
4
4
4
4
4
4
4
4
4
4
4
4
4
4
3
3
4
4
4
4
4
4
4
4
4
4
4
4
4
4
4
4
4
4
4
4
4
4
4
3
3
4
4
4
4
4
4
4
4
4
4
4
4
4
4
4
4
4
4
4
4
4
4
4
3
3
4
4
4
4
4
4
4
4
4
4
4
4
4
4
4
4
4
4
4
4
4
4
4
3
3
4
4
4
4
4
4
4
4
4
4
4
4
4
4
4
4
4
4
4
4
4
4
4
3
3
4
4
4
4
4
4
4
4
4
4
4
4
4
4
4
4
4
4
4
4
4
4
4
3
3
4
4
4
4
4
4
4
4
4
4
4
4
4
4
4
4
4
4
4
4
4
4
4
3
3
4
4
4
4
4
4
4
4
4
4
4
4
4
4
4
4
4
4
4
4
4
4
4
3
3
4
4
4
4
4
4
4
4
4
4
4
4
4
4
4
4
4
4
4
4
4
4
4
3
3
4
4
4
4
4
4
4
4
4
4
4
4
4
4
4
4
4
4
4
4
4
4
4
3
3
4
4
4
4
4
4
4
4
4
4
4
4
4
4
4
4
4
4
4
4
4
4
4
3
3
4
4
4
4
4
4
4
4
4
4
4
4
4
4
4
4
4
4
4
4
4
4
4
3
3
4
4
4
4
4
4
4
4
4
4
4
4
4
4
4
4
4
4
4
4
4
4
4
3
3
4
4
4
4
4
4
4
4
4
4
4
4
4
4
4
4
4
4
4
4
4
4
4
3
3
4
4
4
4
4
4
4
4
4
4
4
4
4
4
4
4
4
4
4
4
4
4
4
3
2
3
3
3
3
3
3
3
3
3
3
3
3
3
3
3
3
3
3
3
3
3
3
3
2
26 53
2 29
27 100
3 45
1 54
28 96
4 96
2 88
29 37
5 73
3 55
30 18
6 10
4 39
31 61
7 90
5 32
32 13
8 19
6 80
33 25
9 37
7 35
34 26
10 64
8 99
35 41
11 59
9 33
36 43
12 32
10 35
37 61
13 63
11 33
38 45
14 42
12 18
39 69
15 94
13 10
40 54
16 12
14 52
41 66
17 92
15 38
42 35
18 22
16 77
43 30
19 30
17 15
44 98
20 80
18 75
45 49
21 58
19 25
46 85
22 23
20 56
47 26
23 21
21 94
48 72
24 58
22 58
49 69
25 65
23 43
50 88
24 99
51 44
1 39
27 66
52 27
2 32
28 99
26 31
53 68
3 100
29 56
27 17
54 92
4 52
30 27
28 14
55 70
5 36
31 78
29 57
56 100
6 39
32 83
30 36
57 64
7 33
33 62
31 50
58 77
8 75
34 32
32 88
59 43
9 54
35 67
33 82
60 94
10 43
36 10
34 60
61 15
11 69
37 88
35 64
62 54
12 74
38 67
36 22
63 21
13 64
39 91
37 27
64 35
14 72
40 33
38 55
65 28
15 40
41 40
39 69
66 43
16 95
42 32
40 93
67 35
17 29
43 95
41 41
68 29
18 71
44 34
42 56
69 63
19 45
45 72
43 81
70 62
20 31
46 17
44 13
71 26
21 52
47 40
45 61
72 47
22 14
48 66
46 59
73 76
23 66
49 11
47 94
74 22
24 97
50 46
48 64
75 82
25 26
49 40
76 49
26 30
52 11
77 10
27 60
53 86
51 45
78 68
28 50
54 72
52 71
79 96
29 55
55 97
53 61
80 88
30 86
56 63
54 37
81 100
31 30
57 53
55 98
82 96
32 81
58 52
56 28
83 10
33 52
59 44
57 44
84 70
34 33
60 24
58 61
85 14
35 46
61 14
59 21
86 42
36 56
62 27
60 73
87 60
37 89
63 14
61 61
88 64
38 19
64 61
62 50
89 46
39 23
65 23
63 49
90 96
40 28
66 17
64 89
91 25
41 59
67 95
65 78
92 63
42 71
68 80
66 37
93 62
43 12
69 79
67 46
94 56
44 62
70 11
68 23
95 56
45 27
71 50
69 51
96 22
46 90
72 54
70 22
97 77
47 50
73 24
71 29
98 40
48 10
74 28
72 42
99 48
49 72
75 48
73 71
100 96
50 74
74 95
101 26
51 43
77 42
102 81
52 24
78 69
76 43
103 91
53 65
79 80
77 28
104 95
54 94
80 48
78 81
105 18
55 86
81 56
79 56
106 48
56 50
82 70
80 12
107 11
57 70
83 95
81 66
108 69
58 60
84 15
82 43
109 79
59 12
85 88
83 58
110 75
60 41
86 20
84 92
111 26
61 75
87 67
85 58
112 54
62 79
88 13
86 98
113 47
63 53
89 42
87 18
114 14
64 92
90 13
88 28
115 78
65 95
91 62
89 50
116 54
66 30
92 53
90 97
117 17
67 21
93 97
91 57
118 66
68 15
94 68
92 20
119 33
69 61
95 71
93 48
120 14
70 50
96 44
94 16
121 22
71 56
97 99
95 63
122 91
72 70
98 11
96 20
123 43
73 19
99 68
97 15
124 62
74 59
100 15
98 86
125 81
75 10
99 66
126 90
76 47
102 51
127 79
77 74
103 85
101 54
128 24
78 36
104 41
102 20
129 69
79 80
105 28
103 53
130 16
80 79
106 10
104 58
131 29
81 96
107 32
105 82
132 14
82 67
108 46
106 81
133 34
83 39
109 99
107 89
134 64
84 50
110 28
108 10
135 48
85 47
111 93
109 74
136 65
86 74
112 43
110 76
137 93
87 47
113 27
111 88
138 96
88 12
114 90
112 34
139 16
89 23
115 68
113 92
140 33
90 56
116 82
114 56
141 96
91 12
117 34
115 54
142 78
92 37
118 29
116 72
143 48
93 35
119 75
117 44
144 15
94 68
120 60
118 53
145 45
95 59
121 75
119 73
146 95
96 82
122 49
120 71
147 40
97 83
123 32
121 68
148 77
98 100
124 81
122 30
149 56
99 56
125 56
123 34
150 64
100 33
124 17
151 49
101 97
127 40
152 73
102 28
128 22
126 91
153 52
103 18
129 66
127 37
154 66
104 60
130 19
128 30
155 40
105 59
131 64
129 52
156 14
106 64
132 18
130 21
157 28
107 16
133 54
131 80
158 41
108 97
134 74
132 64
159 33
109 16
135 56
133 71
160 43
110 37
136 96
134 32
161 17
111 59
137 49
135 70
162 54
112 83
138 85
136 13
163 43
113 50
139 66
137 32
164 20
114 89
140 41
138 83
165 99
115 41
141 95
139 17
166 98
116 87
142 80
140 85
167 40
117 83
143 74
141 95
168 95
118 30
144 32
142 16
169 15
119 52
145 60
143 100
170 83
120 88
146 83
144 92
171 42
121 12
147 46
145 24
172 21
122 40
148 47
146 22
173 86
123 42
149 46
147 53
174 74
124 71
150 56
148 14
175 64
125 53
149 99
176 48
126 86
152 21
177 62
127 19
153 53
151 23
178 16
128 16
154 70
152 19
179 86
129 61
155 60
153 26
180 38
130 11
156 75
154 64
181 59
131 57
157 17
155 10
182 65
132 71
158 51
156 92
183 81
133 34
159 59
157 37
184 95
134 54
160 90
158 26
185 90
135 48
161 31
159 60
186 41
136 90
162 66
160 91
187 13
137 57
163 85
161 11
188 80
138 53
164 97
162 29
189 49
139 100
165 52
163 88
190 20
140 33
166 83
164 98
191 29
141 98
167 55
165 22
192 84
142 56
168 35
166 72
193 99
143 11
169 16
167 17
194 10
144 59
170 22
168 96
195 93
145 50
171 48
169 84
196 25
146 55
172 75
170 45
197 70
147 24
173 53
171 76
198 54
148 31
174 37
172 76
199 14
149 61
175 48
173 15
200 53
150 88
174 100
201 51
151 16
177 75
202 19
152 63
178 67
176 33
203 25
153 21
179 80
177 42
204 28
154 22
180 57
178 31
205 47
155 49
181 94
179 13
206 40
156 94
182 32
180 46
207 61
157 39
183 25
181 31
208 24
158 82
184 40
182 21
209 24
159 54
185 81
183 69
210 80
160 12
186 87
184 43
211 67
161 85
187 25
185 65
212 82
162 61
188 90
186 36
213 35
163 77
189 45
187 57
214 46
164 19
190 27
188 51
215 58
165 77
191 67
189 56
216 22
166 30
192 72
190 58
217 42
167 72
193 89
191 78
218 36
168 25
194 48
192 15
219 11
169 35
195 13
193 50
220 99
170 70
196 77
194 49
221 16
171 13
197 85
195 20
222 10
172 74
198 31
196 44
223 59
173 18
199 95
197 11
224 28
174 77
200 67
198 28
225 25
175 97
199 32
226 30
176 65
202 92
227 29
177 16
203 94
201 17
228 73
178 97
204 85
202 100
229 88
179 16
205 35
203 10
230 77
180 55
206 66
204 92
231 73
181 70
207 32
205 61
232 59
182 93
208 54
206 46
233 28
183 54
209 46
207 50
234 69
184 18
210 30
208 77
235 85
185 86
211 43
209 53
236 57
186 28
212 46
210 30
237 36
187 88
213 47
211 69
238 79
188 73
214 19
212 34
239 26
189 29
215 89
213 10
240 13
190 30
216 58
214 12
241 51
191 13
217 27
215 91
242 92
192 78
218 90
216 51
243 28
193 37
219 99
217 91
244 38
194 16
220 96
218 40
245 23
195 61
221 64
219 13
246 88
196 43
222 90
220 32
247 23
197 47
223 64
221 44
248 58
198 69
224 17
222 64
249 31
199 29
225 59
223 62
250 52
200 40
224 35
251 37
201 37
227 89
252 51
202 53
228 42
226 23
253 20
203 24
229 62
227 86
254 84
204 93
230 89
228 23
255 99
205 16
231 28
229 59
256 48
206 11
232 98
230 14
257 61
207 22
233 78
231 66
258 98
208 87
234 27
232 26
259 75
209 25
235 30
233 48
260 66
210 96
236 74
234 95
261 11
211 29
237 62
235 88
262 92
212 29
238 91
236 40
263 18
213 17
239 50
237 24
264 11
214 83
240 62
238 20
265 50
215 80
241 45
239 60
266 44
216 85
242 81
240 34
267 13
217 34
243 96
241 99
268 17
218 53
244 75
242 94
269 48
219 50
245 64
243 88
270 93
220 12
246 34
244 36
271 53
221 20
247 52
245 38
272 88
222 63
248 52
246 67
273 21
223 29
249 14
247 47
274 60
224 17
250 33
248 66
275 99
225 88
249 91
276 27
226 92
252 79
277 39
227 64
253 75
251 95
278 86
228 92
254 82
252 82
279 98
229 61
255 39
253 63
280 29
230 87
256 84
254 51
281 47
231 51
257 36
255 86
282 32
232 89
258 10
256 55
283 41
233 66
259 92
257 19
284 89
234 14
260 70
258 87
285 42
235 38
261 16
259 79
286 97
236 29
262 24
260 44
287 79
237 35
263 59
261 33
288 73
238 57
264 93
262 15
289 98
239 95
265 32
263 86
290 75
240 89
266 79
264 94
291 70
241 11
267 22
265 92
292 40
242 18
268 58
266 59
293 25
243 21
269 20
267 23
294 24
244 38
270 27
268 51
295 16
245 40
271 12
269 82
296 47
246 64
272 54
270 64
297 98
247 81
273 46
271 31
298 21
248 27
274 83
272 17
299 81
249 13
275 83
273 69
300 24
250 56
274 96
301 54
251 27
277 77
302 23
252 67
278 18
276 81
303 56
253 29
279 80
277 39
304 31
254 59
280 20
278 45
305 72
255 23
281 80
279 43
306 30
256 48
282 11
280 53
307 26
257 20
283 58
281 76
308 45
258 23
284 24
282 61
309 11
259 19
285 56
283 74
310 21
260 58
286 62
284 54
311 30
261 18
287 17
285 57
312 31
262 28
288 53
286 84
313 42
263 41
289 32
287 50
314 97
264 39
290 43
288 18
315 70
265 36
291 30
289 50
316 52
266 61
292 99
290 16
317 10
267 38
293 75
291 67
318 76
268 67
294 36
292 98
319 90
269 53
295 76
293 14
320 64
270 90
296 10
294 91
321 15
271 18
297 64
295 83
322 60
272 18
298 26
296 21
323 22
273 12
299 89
297 96
324 67
274 86
300 50
298 52
325 76
275 96
299 97
326 33
276 98
302 78
327 59
277 11
303 37
301 71
328 91
278 57
304 39
302 41
329 12
279 95
305 73
303 85
330 23
280 81
306 92
304 25
331 85
281 36
307 35
305 24
332 56
282 80
308 33
306 41
333 54
283 64
309 17
307 23
334 85
284 99
310 22
308 72
335 73
285 25
311 42
309 81
336 45
286 11
312 52
310 42
337 45
287 31
313 81
311 26
338 89
288 75
314 64
312 18
339 50
289 68
315 67
313 59
340 98
290 83
316 11
314 47
341 14
291 94
317 36
315 74
342 49
292 13
318 13
316 65
343 42
293 81
319 77
317 57
344 90
294 34
320 32
318 91
345 32
295 53
321 22
319 91
346 39
296 66
322 13
320 95
347 35
297 16
323 74
321 76
348 65
298 29
324 74
322 41
349 73
299 22
325 62
323 30
350 29
300 56
324 44
351 41
301 26
327 64
352 47
302 51
328 65
326 94
353 51
303 26
329 71
327 31
354 55
304 37
330 47
328 18
355 99
305 56
331 57
329 73
356 61
306 29
332 18
330 17
357 96
307 62
333 46
331 83
358 49
308 97
334 87
332 88
359 100
309 83
335 13
333 46
360 53
310 11
336 85
334 12
361 28
311 43
337 52
335 18
362 82
312 14
338 22
336 28
363 96
313 38
339 34
337 22
364 31
314 90
340 59
338 87
365 16
315 26
341 27
339 47
366 30
316 57
342 42
340 80
367 51
317 10
343 43
341 69
368 52
318 45
344 84
342 21
369 44
319 44
345 93
343 16
370 82
320 17
346 82
344 93
371 65
321 62
347 82
345 50
372 16
322 86
348 39
346 77
373 37
323 99
349 41
347 88
374 40
324 74
350 100
348 68
375 20
325 97
349 52
376 31
326 22
352 31
377 75
327 84
353 38
351 54
378 14
328 96
354 14
352 61
379 50
329 40
355 64
353 72
380 50
330 32
356 20
354 87
381 41
331 26
357 20
355 67
382 58
332 48
358 100
356 87
383 51
333 61
359 18
357 98
384 69
334 53
360 96
358 19
385 66
335 54
361 16
359 65
386 87
336 76
362 87
360 90
387 97
337 84
363 33
361 25
388 33
338 36
364 18
362 73
389 90
339 80
365 86
363 72
390 91
340 78
366 36
364 97
391 31
341 49
367 66
365 52
392 56
342 74
368 27
366 12
393 17
343 72
369 89
367 87
394 81
344 96
370 63
368 13
395 71
345 71
371 45
369 46
396 76
346 73
372 40
370 44
397 90
347 46
373 86
371 52
398 84
348 13
374 50
372 60
399 47
349 24
375 28
373 68
400 97
350 59
374 44
401 95
351 81
377 42
402 31
352 22
378 28
376 76
403 71
353 81
379 92
377 26
404 90
354 100
380 20
378 85
405 42
355 63
381 61
379 77
406 77
356 21
382 71
380 83
407 32
357 54
383 66
381 21
408 43
358 82
384 33
382 68
409 65
359 50
385 63
383 40
410 71
360 35
386 33
384 41
411 94
361 20
387 61
385 57
412 61
362 99
388 44
386 63
413 19
363 13
389 19
387 38
414 60
364 80
390 17
388 54
415 37
365 51
391 75
389 77
416 71
366 43
392 35
390 48
417 30
367 96
393 21
391 89
418 76
368 79
394 87
392 27
419 24
369 31
395 10
393 20
420 15
370 23
396 92
394 24
421 87
371 63
397 46
395 97
422 52
372 74
398 39
396 69
423 77
373 86
399 59
397 70
424 74
374 23
400 53
398 85
425 13
375 83
399 94
426 80
376 98
402 73
427 99
377 31
403 38
401 10
428 49
378 36
404 50
402 38
429 55
379 21
405 90
403 77
430 64
380 34
406 35
404 12
431 39
381 37
407 22
405 79
432 64
382 37
408 19
406 36
433 26
383 78
409 62
407 20
434 84
384 72
410 59
408 73
435 61
385 99
411 88
409 64
436 15
386 88
412 59
410 17
437 63
387 17
413 26
411 53
438 16
388 68
414 47
412 13
439 71
389 92
415 11
413 38
440 63
390 36
416 16
414 69
441 65
391 100
417 34
415 60
442 71
392 22
418 83
416 61
443 56
393 69
419 51
417 53
444 27
394 91
420 48
418 13
445 25
395 50
421 34
419 44
446 60
396 11
422 97
420 28
447 90
397 82
423 36
421 41
448 13
398 53
424 66
422 11
449 28
399 98
425 28
423 87
450 49
400 16
424 88
451 24
401 64
427 81
452 90
402 90
428 97
426 94
453 100
403 62
429 73
427 39
454 50
404 18
430 36
428 28
455 64
405 33
431 39
429 82
456 97
406 83
432 72
430 63
457 55
407 46
433 40
431 52
458 48
408 25
434 75
432 42
459 78
409 11
435 29
433 55
460 53
410 19
436 74
434 70
461 86
411 21
437 91
435 54
462 70
412 11
438 10
436 18
463 95
413 17
439 48
437 14
464 98
414 21
440 78
438 33
465 76
415 86
441 49
439 66
466 41
416 43
442 84
440 22
467 25
417 18
443 12
441 55
468 65
418 93
444 83
442 52
469 27
419 32
445 36
443 11
470 96
420 45
446 38
444 64
471 87
421 63
447 51
445 72
472 97
422 63
448 76
446 29
473 14
423 59
449 78
447 30
474 84
424 10
450 27
448 29
475 29
425 93
449 12
476 24
426 81
452 39
477 13
427 11
453 46
451 96
478 82
428 96
454 75
452 48
479 73
429 89
455 98
453 43
480 20
430 27
456 88
454 69
481 37
431 92
457 27
455 74
482 22
432 43
458 62
456 87
483 23
433 89
459 67
457 33
484 34
434 99
460 84
458 99
485 22
435 53
461 57
459 45
486 26
436 99
462 85
460 23
487 67
437 17
463 82
461 62
488 27
438 48
464 57
462 39
489 53
439 68
465 43
463 70
490 43
440 82
466 93
464 61
491 22
441 60
467 49
465 51
492 10
442 63
468 48
466 67
493 71
443 83
469 85
467 36
494 40
444 49
470 24
468 18
495 10
445 68
471 69
469 10
496 73
446 47
472 67
470 92
497 22
447 92
473 22
471 52
498 17
448 51
474 54
472 59
499 95
449 10
475 26
473 69
500 69
450 93
474 28
501 82
451 73
477 12
502 96
452 62
478 60
476 76
503 59
453 25
479 48
477 64
504 19
454 32
480 22
478 72
505 63
455 57
481 47
479 42
506 33
456 74
482 11
480 56
507 74
457 41
483 24
481 85
508 42
458 93
484 95
482 62
509 77
459 12
485 48
483 92
510 49
460 97
486 23
484 98
511 41
461 43
487 29
485 55
512 23
462 98
488 84
486 37
513 52
463 25
489 86
487 52
514 60
464 63
490 84
488 54
515 78
465 15
491 88
489 89
516 77
466 52
492 29
490 95
517 86
467 28
493 38
491 38
518 28
468 75
494 90
492 74
519 53
469 94
495 53
493 22
520 50
470 60
496 69
494 60
521 57
471 28
497 73
495 21
522 93
472 61
498 77
496 33
523 14
473 24
499 58
497 71
524 61
474 77
500 15
498 66
525 67
475 16
499 49
526 46
476 31
502 61
527 10
477 95
503 62
501 26
528 75
478 17
504 56
502 43
529 43
479 92
505 94
503 94
530 68
480 25
506 65
504 76
531 13
481 56
507 84
505 68
532 94
482 26
508 33
506 71
533 41
483 20
509 71
507 65
534 22
484 55
510 92
508 62
535 39
485 56
511 84
509 95
536 34
486 38
512 83
510 82
537 68
487 59
513 26
511 10
538 82
488 80
514 22
512 75
539 21
489 67
515 80
513 50
540 77
490 97
516 81
514 72
541 38
491 21
517 32
515 67
542 36
492 78
518 52
516 52
543 79
493 91
519 82
517 74
544 59
494 64
520 33
518 30
545 58
495 16
521 32
519 38
546 62
496 99
522 53
520 15
547 28
497 91
523 63
521 23
548 49
498 70
524 63
522 44
549 18
499 26
525 55
523 28
550 28
500 24
524 30
551 77
501 38
527 88
552 19
502 12
528 80
526 63
553 80
503 70
529 78
527 19
554 36
504 95
530 79
528 86
555 55
505 77
531 18
529 55
556 29
506 91
532 70
530 63
557 29
507 17
533 81
531 88
558 69
508 32
534 30
532 99
559 24
509 81
535 33
533 59
560 35
510 68
536 24
534 59
561 84
511 47
537 19
535 18
562 54
512 91
538 37
536 21
563 11
513 60
539 54
537 72
564 94
514 60
540 94
538 24
565 77
515 60
541 86
539 81
566 92
516 27
542 59
540 80
567 29
517 89
543 12
541 42
568 57
518 18
544 59
542 64
569 33
519 33
545 99
543 13
570 21
520 58
546 49
544 46
571 18
521 58
547 64
545 14
572 41
522 53
548 19
546 98
573 37
523 65
549 67
547 76
574 52
524 17
550 63
548 63
575 31
525 50
549 35
576 44
526 99
552 36
577 100
527 88
553 18
551 43
578 71
528 36
554 81
552 27
579 73
529 84
555 67
553 100
580 32
530 17
556 76
554 69
581 97
531 47
557 25
555 42
582 49
532 54
558 45
556 10
583 12
533 56
559 58
557 89
584 58
534 54
560 16
558 64
585 58
535 19
561 93
559 70
586 48
536 32
562 89
560 59
587 55
537 72
563 56
561 44
588 45
538 41
564 29
562 78
589 45
539 93
565 45
563 81
590 25
540 76
566 19
564 32
591 73
541 56
567 23
565 67
592 94
542 77
568 34
566 97
593 73
543 68
569 94
567 55
594 33
544 61
570 70
568 93
595 33
545 48
571 19
569 16
596 91
546 17
572 54
570 79
597 79
547 57
573 70
571 10
598 28
548 53
574 87
572 40
599 66
549 74
575 85
573 55
600 47
550 44
574 90
601 21
551 29
577 91
602 91
552 43
578 68
576 96
603 24
553 94
579 82
577 86
604 100
554 20
580 49
578 43
605 87
555 60
581 48
579 93
606 10
556 60
582 69
580 50
607 19
557 88
583 86
581 15
608 80
558 11
584 81
582 94
609 95
559 56
585 88
583 87
610 90
560 55
586 83
584 17
611 39
561 41
587 56
585 15
612 25
562 34
588 42
586 20
613 71
563 66
589 29
587 51
614 22
564 79
590 59
588 90
615 84
565 54
591 10
589 92
616 77
566 48
592 94
590 83
617 92
567 17
593 45
591 75
618 47
568 89
594 83
592 78
619 57
569 25
595 51
593 43
620 88
570 23
596 44
594 71
621 48
571 41
597 75
595 48
622 49
572 35
598 22
596 49
623 80
573 82
599 38
597 46
624 57
574 94
600 32
598 12
625 39
575 23
599 96
576 36
602 13
577 46
603 71
601 39
578 57
604 43
602 83
579 60
605 97
603 36
580 36
606 80
604 44
581 35
607 21
605 26
582 33
608 91
606 89
583 13
609 24
607 28
584 45
610 66
608 77
585 42
611 37
609 93
586 61
612 94
610 21
587 28
613 23
611 48
588 31
614 62
612 100
589 38
615 32
613 17
590 43
616 71
614 62
591 34
617 25
615 99
592 54
618 84
616 56
593 86
619 47
617 96
594 35
620 67
618 100
595 36
621 51
619 72
596 69
622 21
620 82
597 52
623 35
621 70
598 52
624 30
622 22
599 93
625 52
623 32
600 59
624 35
13
187
3 211 597 13 
1 328 
1 243 
1 434 
1 417 
2 515 365 
2 512 141 
1 82 
1 19 
4 613 50 73 52 
2 260 95 
1 230 
2 426 530 
2 356 458 
4 532 4 354 369 
1 339 
1 212 
2 1 191 
1 183 
2 614 557 
1 525 
2 36 411 
3 202 333 453 
1 220 
3 100 127 158 
2 425 192 
2 268 209 
2 475 580 
1 224 
2 44 134 
2 259 461 
1 583 
1 235 
4 467 408 503 233 
2 89 474 
2 320 479 
2 258 99 
3 442 270 372 
1 142 
1 625 
1 163 
2 366 468 
4 6 338 55 81 
2 168 427 
2 562 588 
2 153 291 
1 611 
1 213 
1 51 
2 162 311 
2 506 621 
1 455 
2 181 343 
2 216 63 
1 29 
3 550 440 197 
1 362 
2 269 596 
2 624 178 
2 346 31 
2 435 85 
1 30 
1 97 
1 76 
1 340 
1 282 
1 575 
1 590 
2 622 264 
1 292 
1 2 
1 164 
3 337 609 592 
3 62 618 231 
4 387 116 227 40 
2 604 573 
1 201 
1 284 
2 107 109 
2 133 79 
4 301 416 10 329 
1 92 
2 276 379 
2 205 558 
1 505 
2 555 43 
2 294 581 
1 469 
1 236 
1 572 
4 489 551 130 234 
2 349 523 
1 554 
2 27 460 
5 410 300 306 619 12 
3 146 26 16 
2 392 152 
1 547 
3 11 367 404 
2 244 326 
1 589 
1 347 
1 321 
1 78 
2 302 98 
1 208 
2 24 136 
2 584 350 
2 312 160 
2 222 60 
2 457 420 
2 307 119 
2 173 373 
2 439 255 
2 22 481 
4 353 348 90 389 
4 112 171 579 415 
2 518 187 
