400 1500 10 100 76
2
3
3
3
3
3
3
3
3
3
3
3
3
3
3
3
3
3
3
3
3
3
3
3
3
3
3
3
3
3
3
3
3
3
3
3
3
3
3
2
3
4
4
4
4
4
4
4
4
4
4
4
4
4
4
4
4
4
4
4
4
4
4
4
4
4
4
4
4
4
4
4
4
4
4
4
4
4
4
3
3
4
4
4
4
4
4
4
4
4
4
4
4
4
4
4
4
4
4
4
4
4
4
4
4
4
4
4
4
4
4
4
4
4
4
4
4
4
4
3
3
4
4
4
4
4
4
4
4
4
4
4
4
4
4
4
4
4
4
4
4
4
4
4
4
4
4
4
4
4
4
4
4
4
4
4
4
4
4
3
3
4
4
4
4
4
4
4
4
4
4
4
4
4
4
4
4
4
4
4
4
4
4
4
4
4
4
4
4
4
4
4
4
4
4
4
4
4
4
3
3
4
4
4
4
4
4
4
4
4
4
4
4
4
4
4
4
4
4
4
4
4
4
4
4
4
4
4
4
4
4
4
4
4
4
4
4
4
4
3
3
4
4
4
4
4
4
4
4
4
4
4
4
4
4
4
4
4
4
4
4
4
4
4
4
4
4
4
4
4
4
4
4
4
4
4
4
4
4
3
3
4
4
4
4
4
4
4
4
4
4
4
4
4
4
4
4
4
4
4
4
4
4
4
4
4
4
4
4
4
4
4
4
4
4
4
4
4
4
3
3
4
4
4
4
4
4
4
4
4
4
4
4
4
4
4
4
4
4
4
4
4
4
4
4
4
4
4
4
4
4
4
4
4
4
4
4
4
4
3
2
3
3
3
3
3
3
3
3
3
3
3
3
3
3
3
3
3
3
3
3
3
3
3
3
3
3
3
3
3
3
3
3
3
3
3
3
3
3
2
41 31
2 29
42 87
3 75
1 59
43 55
4 98
2 19
44 41
5 36
3 95
45 26
6 67
4 97
46 94
7 44
5 28
47 98
8 26
6 27
48 49
9 73
7 32
49 97
10 52
8 18
50 18
11 13
9 12
51 74
12 75
10 35
52 65
13 93
11 69
53 40
14 98
12 26
54 63
15 25
13 27
55 27
16 60
14 87
56 72
17 64
15 34
57 23
18 34
16 89
58 15
19 22
17 67
59 54
20 82
18 89
60 63
21 83
19 53
61 46
22 76
20 59
62 56
23 51
21 51
63 54
24 99
22 95
64 81
25 70
23 27
65 51
26 50
24 50
66 44
27 99
25 23
67 24
28 44
26 77
68 42
29 47
27 83
69 56
30 24
28 57
70 58
31 58
29 43
71 79
32 50
30 67
72 51
33 78
31 75
73 25
34 12
32 30
74 18
35 12
33 76
75 24
36 49
34 89
76 59
37 65
35 93
77 56
38 62
36 71
78 50
39 43
37 18
79 54
40 19
38 75
80 28
39 48
81 57
1 39
42 46
82 27
2 30
43 19
41 31
83 12
3 26
44 82
42 78
84 30
4 42
45 68
43 21
85 61
5 94
46 100
44 23
86 98
6 30
47 41
45 83
87 99
7 44
48 66
46 90
88 11
8 65
49 54
47 76
89 43
9 48
50 70
48 27
90 68
10 66
51 69
49 97
91 41
11 83
52 79
50 22
92 68
12 76
53 61
51 28
93 75
13 80
54 40
52 58
94 87
14 87
55 98
53 96
95 14
15 23
56 47
54 85
96 61
16 66
57 49
55 29
97 67
17 48
58 74
56 48
98 33
18 25
59 57
57 20
99 16
19 42
60 37
58 46
100 56
20 22
61 46
59 49
101 52
21 85
62 65
60 26
102 87
22 19
63 85
61 58
103 90
23 18
64 15
62 27
104 56
24 30
65 35
63 50
105 24
25 97
66 82
64 51
106 10
26 48
67 41
65 19
107 61
27 79
68 23
66 89
108 30
28 91
69 55
67 62
109 72
29 79
70 89
68 11
110 47
30 47
71 55
69 55
111 96
31 96
72 59
70 81
112 74
32 36
73 55
71 100
113 54
33 100
74 77
72 11
114 63
34 30
75 87
73 55
115 63
35 13
76 46
74 19
116 72
36 22
77 29
75 33
117 80
37 80
78 55
76 21
118 60
38 54
79 76
77 71
119 90
39 73
80 17
78 13
120 38
40 31
79 77
121 81
41 30
82 22
122 34
42 68
83 47
81 85
123 21
43 59
84 48
82 50
124 51
44 26
85 49
83 66
125 51
45 53
86 81
84 49
126 62
46 74
87 31
85 93
127 88
47 84
88 95
86 85
128 61
48 62
89 19
87 90
129 26
49 72
90 83
88 89
130 65
50 95
91 41
89 18
131 67
51 45
92 43
90 60
132 66
52 72
93 23
91 15
133 16
53 74
94 27
92 79
134 52
54 31
95 19
93 56
135 97
55 17
96 49
94 67
136 81
56 41
97 66
95 69
137 91
57 15
98 23
96 82
138 97
58 31
99 93
97 11
139 89
59 38
100 50
98 50
140 92
60 43
101 24
99 97
141 39
61 98
102 83
100 32
142 32
62 61
103 12
101 55
143 16
63 51
104 40
102 82
144 30
64 19
105 67
103 76
145 30
65 63
106 88
104 24
146 79
66 62
107 87
105 27
147 64
67 30
108 18
106 61
148 10
68 71
109 65
107 36
149 75
69 71
110 24
108 49
150 42
70 39
111 20
109 98
151 31
71 80
112 88
110 83
152 83
72 23
113 45
111 74
153 99
73 64
114 29
112 94
154 66
74 15
115 43
113 76
155 82
75 38
116 83
114 76
156 65
76 90
117 72
115 74
157 10
77 76
118 61
116 11
158 77
78 56
119 78
117 27
159 17
79 36
120 20
118 98
160 82
80 69
119 52
161 60
81 96
122 77
162 72
82 67
123 39
121 59
163 22
83 93
124 13
122 91
164 89
84 47
125 90
123 68
165 79
85 89
126 20
124 74
166 11
86 31
127 70
125 19
167 76
87 94
128 21
126 89
168 23
88 25
129 72
127 87
169 87
89 77
130 17
128 67
170 94
90 56
131 36
129 78
171 23
91 14
132 22
130 80
172 90
92 43
133 13
131 23
173 57
93 25
134 82
132 85
174 11
94 25
135 24
133 62
175 10
95 83
136 100
134 25
176 36
96 99
137 73
135 82
177 93
97 11
138 94
136 93
178 44
98 52
139 56
137 71
179 80
99 22
140 29
138 25
180 87
100 56
141 11
139 56
181 71
101 97
142 53
140 100
182 90
102 11
143 32
141 53
183 14
103 25
144 21
142 45
184 44
104 45
145 63
143 73
185 36
105 20
146 69
144 82
186 28
106 44
147 17
145 99
187 39
107 75
148 48
146 51
188 66
108 23
149 18
147 13
189 12
109 48
150 67
148 86
190 53
110 79
151 11
149 43
191 59
111 32
152 60
150 52
192 78
112 98
153 22
151 59
193 74
113 38
154 28
152 98
194 24
114 23
155 61
153 15
195 76
115 90
156 51
154 74
196 25
116 96
157 27
155 26
197 97
117 73
158 49
156 65
198 97
118 13
159 66
157 40
199 19
119 38
160 96
158 55
200 59
120 30
159 49
201 85
121 11
162 41
202 42
122 91
163 62
161 30
203 96
123 73
164 56
162 90
204 67
124 36
165 95
163 36
205 85
125 77
166 90
164 89
206 80
126 46
167 92
165 43
207 70
127 32
168 17
166 52
208 32
128 97
169 18
167 97
209 87
129 14
170 25
168 77
210 64
130 34
171 74
169 82
211 46
131 61
172 56
170 66
212 17
132 96
173 23
171 69
213 13
133 30
174 40
172 43
214 20
134 75
175 58
173 92
215 36
135 70
176 66
174 77
216 34
136 90
177 19
175 96
217 80
137 15
178 38
176 26
218 55
138 83
179 48
177 15
219 50
139 61
180 57
178 12
220 43
140 100
181 84
179 38
221 64
141 21
182 76
180 83
222 10
142 64
183 33
181 28
223 34
143 29
184 16
182 18
224 65
144 50
185 67
183 99
225 78
145 83
186 57
184 85
226 41
146 100
187 98
185 10
227 73
147 76
188 32
186 29
228 43
148 86
189 72
187 100
229 55
149 95
190 52
188 69
230 59
150 36
191 64
189 77
231 53
151 65
192 58
190 80
232 39
152 48
193 93
191 79
233 65
153 15
194 63
192 92
234 64
154 58
195 79
193 35
235 26
155 81
196 27
194 52
236 57
156 87
197 32
195 40
237 28
157 94
198 79
196 67
238 63
158 25
199 15
197 96
239 95
159 78
200 95
198 64
240 100
160 41
199 92
241 52
161 77
202 82
242 38
162 48
203 58
201 56
243 76
163 87
204 74
202 43
244 35
164 68
205 53
203 86
245 76
165 88
206 74
204 21
246 57
166 98
207 68
205 33
247 72
167 32
208 64
206 71
248 73
168 14
209 32
207 96
249 96
169 14
210 95
208 32
250 18
170 88
211 57
209 20
251 63
171 37
212 64
210 73
252 97
172 68
213 92
211 93
253 98
173 73
214 62
212 65
254 68
174 64
215 79
213 82
255 55
175 44
216 34
214 17
256 24
176 29
217 49
215 48
257 82
177 88
218 90
216 74
258 24
178 100
219 54
217 69
259 23
179 28
220 11
218 89
260 86
180 94
221 29
219 63
261 73
181 13
222 19
220 31
262 57
182 96
223 24
221 41
263 19
183 54
224 18
222 59
264 99
184 98
225 91
223 81
265 28
185 30
226 59
224 34
266 83
186 10
227 93
225 88
267 40
187 49
228 64
226 90
268 65
188 59
229 72
227 58
269 27
189 76
230 100
228 55
270 85
190 29
231 72
229 80
271 60
191 87
232 54
230 56
272 89
192 41
233 100
231 17
273 29
193 23
234 26
232 74
274 16
194 34
235 30
233 11
275 42
195 41
236 12
234 40
276 95
196 81
237 100
235 85
277 25
197 22
238 51
236 40
278 45
198 67
239 19
237 24
279 16
199 68
240 83
238 44
280 34
200 82
239 91
281 83
201 99
242 19
282 40
202 76
243 88
241 10
283 34
203 49
244 35
242 91
284 61
204 30
245 54
243 42
285 10
205 68
246 62
244 51
286 74
206 34
247 10
245 10
287 69
207 12
248 14
246 83
288 60
208 58
249 85
247 76
289 58
209 93
250 98
248 44
290 85
210 52
251 37
249 56
291 25
211 18
252 13
250 96
292 25
212 48
253 36
251 79
293 84
213 12
254 87
252 12
294 14
214 88
255 28
253 69
295 12
215 94
256 77
254 79
296 89
216 43
257 27
255 20
297 51
217 12
258 70
256 82
298 91
218 63
259 83
257 20
299 99
219 41
260 40
258 14
300 93
220 71
261 94
259 88
301 73
221 84
262 40
260 22
302 12
222 35
263 45
261 14
303 32
223 65
264 10
262 16
304 31
224 35
265 73
263 56
305 18
225 60
266 44
264 93
306 100
226 69
267 22
265 22
307 74
227 54
268 31
266 99
308 19
228 41
269 32
267 70
309 68
229 65
270 57
268 21
310 55
230 10
271 80
269 41
311 18
231 69
272 43
270 17
312 20
232 48
273 95
271 54
313 92
233 54
274 64
272 26
314 78
234 72
275 25
273 28
315 77
235 63
276 70
274 75
316 80
236 41
277 30
275 79
317 60
237 63
278 10
276 94
318 54
238 15
279 92
277 47
319 30
239 45
280 82
278 69
320 24
240 92
279 70
321 35
241 79
282 25
322 27
242 97
283 94
281 29
323 56
243 48
284 44
282 16
324 71
244 29
285 62
283 51
325 33
245 44
286 27
284 13
326 60
246 99
287 13
285 63
327 15
247 91
288 94
286 48
328 62
248 100
289 30
287 48
329 90
249 53
290 21
288 39
330 89
250 94
291 62
289 42
331 22
251 65
292 96
290 46
332 57
252 91
293 58
291 99
333 39
253 80
294 88
292 29
334 28
254 38
295 97
293 65
335 61
255 57
296 11
294 99
336 95
256 91
297 79
295 25
337 30
257 50
298 61
296 84
338 69
258 65
299 40
297 32
339 18
259 93
300 95
298 90
340 55
260 24
301 10
299 61
341 22
261 30
302 47
300 22
342 92
262 59
303 21
301 97
343 74
263 94
304 25
302 98
344 58
264 97
305 43
303 34
345 40
265 99
306 62
304 54
346 51
266 52
307 71
305 39
347 25
267 26
308 76
306 37
348 28
268 63
309 32
307 22
349 45
269 77
310 13
308 37
350 30
270 36
311 25
309 46
351 20
271 38
312 47
310 21
352 79
272 57
313 92
311 100
353 41
273 57
314 78
312 87
354 71
274 55
315 47
313 73
355 57
275 30
316 81
314 13
356 81
276 16
317 11
315 63
357 46
277 79
318 67
316 78
358 87
278 76
319 88
317 33
359 97
279 64
320 32
318 92
360 51
280 21
319 41
361 39
281 48
322 90
362 98
282 100
323 11
321 98
363 75
283 71
324 99
322 54
364 43
284 21
325 50
323 29
365 67
285 84
326 64
324 64
366 86
286 20
327 53
325 98
367 39
287 61
328 90
326 82
368 25
288 62
329 56
327 86
369 31
289 88
330 19
328 96
370 35
290 82
331 81
329 86
371 98
291 41
332 78
330 21
372 55
292 18
333 91
331 77
373 85
293 61
334 55
332 96
374 82
294 58
335 91
333 55
375 11
295 51
336 97
334 78
376 13
296 91
337 15
335 52
377 57
297 19
338 83
336 78
378 13
298 59
339 98
337 51
379 21
299 40
340 47
338 43
380 26
300 76
341 71
339 72
381 16
301 54
342 20
340 54
382 84
302 59
343 27
341 98
383 55
303 82
344 42
342 54
384 20
304 32
345 42
343 48
385 77
305 65
346 86
344 84
386 80
306 64
347 36
345 92
387 53
307 12
348 38
346 80
388 71
308 55
349 27
347 84
389 95
309 62
350 48
348 58
390 29
310 43
351 30
349 89
391 88
311 53
352 84
350 95
392 45
312 76
353 57
351 12
393 45
313 25
354 31
352 14
394 49
314 64
355 41
353 13
395 99
315 79
356 61
354 13
396 85
316 48
357 15
355 95
397 22
317 61
358 22
356 79
398 16
318 92
359 93
357 71
399 80
319 50
360 97
358 55
400 69
320 26
359 49
321 27
362 80
322 78
363 57
361 89
323 93
364 40
362 65
324 88
365 68
363 98
325 58
366 86
364 51
326 55
367 75
365 75
327 32
368 53
366 47
328 78
369 97
367 40
329 41
370 35
368 17
330 44
371 37
369 13
331 78
372 83
370 62
332 55
373 46
371 63
333 100
374 91
372 93
334 80
375 25
373 22
335 90
376 69
374 54
336 48
377 51
375 85
337 55
378 23
376 32
338 98
379 49
377 48
339 19
380 87
378 36
340 48
381 16
379 64
341 41
382 95
380 99
342 34
383 35
381 71
343 33
384 80
382 62
344 50
385 26
383 79
345 74
386 22
384 89
346 43
387 88
385 82
347 40
388 54
386 49
348 30
389 82
387 59
349 28
390 47
388 52
350 56
391 37
389 90
351 56
392 41
390 48
352 34
393 38
391 70
353 38
394 61
392 54
354 26
395 59
393 27
355 84
396 68
394 17
356 87
397 90
395 21
357 36
398 50
396 70
358 97
399 41
397 83
359 60
400 20
398 11
360 37
399 23
24
124
1 24 
1 16 
2 126 328 
2 315 215 
1 220 
1 43 
3 148 354 303 
3 386 6 280 
1 203 
3 373 9 169 
1 286 
1 163 
2 225 344 
2 339 317 
2 248 97 
3 17 18 110 
2 23 357 
1 10 
2 274 337 
1 79 
1 204 
1 44 
1 281 
1 90 
1 53 
1 156 
2 106 59 
2 54 37 
1 142 
3 214 251 160 
1 92 
2 201 382 
3 340 187 63 
1 50 
3 297 383 195 
1 84 
1 227 
1 355 
2 333 378 
1 278 
1 30 
3 52 376 145 
4 330 213 369 46 
2 210 283 
2 268 389 
2 302 88 
2 191 151 
2 288 122 
2 205 219 
1 305 
3 194 229 262 
3 363 234 368 
3 391 3 273 
1 119 
3 164 374 287 
2 58 2 
1 20 
3 89 121 170 
3 398 65 311 
2 28 109 
1 155 
2 78 331 
4 350 395 181 292 
2 176 313 
2 14 70 
1 336 
1 352 
2 265 342 
2 242 252 
2 11 301 
3 166 22 125 
1 45 
2 182 113 
2 74 230 
2 111 272 
1 124 
