100 342 10 100 19
2
3
3
2
3
4
4
3
3
4
4
3
3
4
4
3
3
4
4
3
3
4
4
3
3
4
4
3
3
4
4
3
3
4
4
3
3
4
4
3
3
4
4
3
3
4
4
3
3
4
4
3
3
4
4
3
3
4
4
3
3
4
4
3
3
4
4
3
3
4
4
3
3
4
4
3
3
4
4
3
3
4
4
3
3
4
4
3
3
4
4
3
3
4
4
3
2
3
3
2
5 64
2 29
6 68
3 27
1 71
7 58
4 77
2 100
8 17
3 53
9 70
1 24
6 21
10 18
2 85
7 20
5 49
11 66
3 35
8 40
6 69
12 90
4 30
7 50
13 89
5 79
10 63
14 90
6 27
11 80
9 63
15 30
7 42
12 68
10 77
16 46
8 18
11 39
17 21
9 43
14 100
18 31
10 91
15 10
13 90
19 72
11 47
16 90
14 50
20 84
12 47
15 52
21 69
13 83
18 98
22 86
14 40
19 78
17 77
23 21
15 57
20 80
18 42
24 91
16 23
19 66
25 37
17 98
22 19
26 87
18 14
23 55
21 64
27 68
19 32
24 87
22 54
28 92
20 63
23 71
29 24
21 26
26 52
30 28
22 87
27 51
25 99
31 21
23 34
28 43
26 82
32 15
24 25
27 80
33 84
25 97
30 67
34 21
26 20
31 46
29 38
35 19
27 44
32 37
30 12
36 39
28 53
31 95
37 11
29 67
34 17
38 18
30 49
35 90
33 25
39 38
31 66
36 69
34 44
40 80
32 49
35 58
41 50
33 74
38 49
42 67
34 33
39 22
37 11
43 76
35 71
40 100
38 44
44 41
36 29
39 100
45 57
37 35
42 75
46 39
38 80
43 91
41 46
47 37
39 65
44 56
42 70
48 76
40 96
43 100
49 41
41 72
46 46
50 34
42 91
47 46
45 47
51 41
43 21
48 22
46 82
52 92
44 36
47 69
53 18
45 74
50 45
54 34
46 87
51 12
49 76
55 19
47 60
52 82
50 85
56 51
48 21
51 43
57 63
49 86
54 19
58 69
50 71
55 45
53 35
59 82
51 81
56 47
54 68
60 83
52 22
55 98
61 71
53 49
58 55
62 55
54 43
59 74
57 74
63 34
55 27
60 39
58 19
64 70
56 55
59 59
65 41
57 99
62 75
66 29
58 53
63 25
61 72
67 53
59 10
64 75
62 29
68 59
60 40
63 96
69 65
61 52
66 76
70 23
62 54
67 34
65 97
71 22
63 60
68 57
66 47
72 64
64 97
67 80
73 77
65 73
70 59
74 58
66 31
71 98
69 92
75 95
67 39
72 74
70 21
76 60
68 48
71 55
77 70
69 61
74 35
78 72
70 77
75 98
73 89
79 41
71 57
76 23
74 36
80 75
72 55
75 22
81 61
73 56
78 71
82 46
74 75
79 67
77 35
83 35
75 15
80 53
78 53
84 93
76 16
79 66
85 72
77 90
82 44
86 96
78 95
83 25
81 92
87 49
79 79
84 39
82 64
88 18
80 17
83 22
89 89
81 96
86 44
90 64
82 24
87 46
85 52
91 76
83 37
88 77
86 33
92 42
84 63
87 11
93 29
85 48
90 43
94 44
86 18
91 93
89 63
95 83
87 81
92 100
90 66
96 86
88 62
91 58
97 74
89 71
94 50
98 30
90 64
95 57
93 98
99 97
91 15
96 48
94 34
100 84
92 17
95 35
93 54
98 28
94 97
99 94
97 14
95 68
100 14
98 36
96 39
99 26
60
42
2 87 60 
1 10 
3 71 55 63 
1 31 
1 95 
3 81 36 74 
1 2 
1 40 
2 13 61 
3 83 92 19 
2 34 27 
4 43 68 62 5 
2 91 82 
2 59 64 
2 52 25 
2 49 80 
1 15 
1 44 
1 42 
