600 2276 10 100 114
2
3
3
3
3
3
3
3
3
3
3
3
3
3
3
3
3
3
3
3
3
3
3
3
3
3
3
3
3
3
3
3
3
3
3
3
3
3
3
3
3
3
3
3
3
3
3
3
3
2
3
4
4
4
4
4
4
4
4
4
4
4
4
4
4
4
4
4
4
4
4
4
4
4
4
4
4
4
4
4
4
4
4
4
4
4
4
4
4
4
4
4
4
4
4
4
4
4
4
3
3
4
4
4
4
4
4
4
4
4
4
4
4
4
4
4
4
4
4
4
4
4
4
4
4
4
4
4
4
4
4
4
4
4
4
4
4
4
4
4
4
4
4
4
4
4
4
4
4
3
3
4
4
4
4
4
4
4
4
4
4
4
4
4
4
4
4
4
4
4
4
4
4
4
4
4
4
4
4
4
4
4
4
4
4
4
4
4
4
4
4
4
4
4
4
4
4
4
4
3
3
4
4
4
4
4
4
4
4
4
4
4
4
4
4
4
4
4
4
4
4
4
4
4
4
4
4
4
4
4
4
4
4
4
4
4
4
4
4
4
4
4
4
4
4
4
4
4
4
3
3
4
4
4
4
4
4
4
4
4
4
4
4
4
4
4
4
4
4
4
4
4
4
4
4
4
4
4
4
4
4
4
4
4
4
4
4
4
4
4
4
4
4
4
4
4
4
4
4
3
3
4
4
4
4
4
4
4
4
4
4
4
4
4
4
4
4
4
4
4
4
4
4
4
4
4
4
4
4
4
4
4
4
4
4
4
4
4
4
4
4
4
4
4
4
4
4
4
4
3
3
4
4
4
4
4
4
4
4
4
4
4
4
4
4
4
4
4
4
4
4
4
4
4
4
4
4
4
4
4
4
4
4
4
4
4
4
4
4
4
4
4
4
4
4
4
4
4
4
3
3
4
4
4
4
4
4
4
4
4
4
4
4
4
4
4
4
4
4
4
4
4
4
4
4
4
4
4
4
4
4
4
4
4
4
4
4
4
4
4
4
4
4
4
4
4
4
4
4
3
3
4
4
4
4
4
4
4
4
4
4
4
4
4
4
4
4
4
4
4
4
4
4
4
4
4
4
4
4
4
4
4
4
4
4
4
4
4
4
4
4
4
4
4
4
4
4
4
4
3
3
4
4
4
4
4
4
4
4
4
4
4
4
4
4
4
4
4
4
4
4
4
4
4
4
4
4
4
4
4
4
4
4
4
4
4
4
4
4
4
4
4
4
4
4
4
4
4
4
3
2
3
3
3
3
3
3
3
3
3
3
3
3
3
3
3
3
3
3
3
3
3
3
3
3
3
3
3
3
3
3
3
3
3
3
3
3
3
3
3
3
3
3
3
3
3
3
3
3
2
51 27
2 29
52 36
3 81
1 21
53 96
4 42
2 65
54 51
5 87
3 61
55 25
6 80
4 19
56 22
7 99
5 48
57 36
8 23
6 48
58 91
9 40
7 69
59 70
10 57
8 50
60 58
11 68
9 20
61 70
12 76
10 17
62 68
13 99
11 91
63 59
14 21
12 41
64 62
15 34
13 57
65 79
16 59
14 73
66 55
17 57
15 72
67 40
18 47
16 12
68 21
19 98
17 28
69 18
20 44
18 83
70 61
21 73
19 60
71 24
22 73
20 94
72 49
23 21
21 32
73 43
24 83
22 98
74 59
25 32
23 15
75 11
26 74
24 15
76 32
27 26
25 44
77 75
28 31
26 53
78 40
29 76
27 19
79 38
30 100
28 57
80 51
31 50
29 22
81 37
32 36
30 42
82 70
33 96
31 80
83 33
34 89
32 15
84 46
35 29
33 70
85 64
36 83
34 97
86 19
37 66
35 83
87 24
38 92
36 35
88 93
39 75
37 14
89 44
40 45
38 36
90 54
41 58
39 11
91 10
42 13
40 53
92 12
43 99
41 33
93 90
44 15
42 45
94 13
45 85
43 74
95 15
46 41
44 56
96 90
47 48
45 60
97 25
48 73
46 47
98 32
49 78
47 42
99 45
50 64
48 20
100 44
49 31
101 12
1 47
52 100
102 26
2 37
53 11
51 27
103 14
3 63
54 81
52 23
104 84
4 32
55 84
53 18
105 62
5 49
56 13
54 72
106 70
6 76
57 87
55 65
107 50
7 52
58 26
56 47
108 82
8 53
59 25
57 18
109 13
9 35
60 82
58 17
110 49
10 98
61 38
59 59
111 68
11 32
62 26
60 77
112 34
12 27
63 94
61 19
113 100
13 81
64 18
62 54
114 84
14 23
65 64
63 48
115 47
15 29
66 14
64 98
116 75
16 55
67 57
65 99
117 64
17 71
68 82
66 72
118 100
18 78
69 38
67 46
119 64
19 75
70 55
68 27
120 70
20 67
71 55
69 24
121 87
21 28
72 63
70 60
122 56
22 78
73 63
71 22
123 100
23 60
74 47
72 53
124 18
24 69
75 69
73 35
125 81
25 82
76 18
74 10
126 47
26 50
77 31
75 13
127 12
27 88
78 15
76 100
128 76
28 98
79 32
77 28
129 61
29 99
80 93
78 49
130 39
30 17
81 70
79 36
131 77
31 93
82 89
80 68
132 91
32 55
83 46
81 17
133 30
33 44
84 19
82 40
134 29
34 89
85 21
83 89
135 49
35 22
86 42
84 77
136 80
36 28
87 37
85 59
137 40
37 30
88 72
86 83
138 10
38 73
89 93
87 55
139 41
39 25
90 28
88 13
140 91
40 11
91 46
89 95
141 74
41 12
92 59
90 72
142 42
42 53
93 45
91 31
143 68
43 23
94 84
92 95
144 57
44 36
95 32
93 84
145 69
45 13
96 80
94 31
146 49
46 12
97 23
95 73
147 12
47 100
98 62
96 41
148 67
48 27
99 68
97 57
149 94
49 72
100 30
98 80
150 60
50 67
99 82
151 53
51 77
102 29
152 27
52 86
103 36
101 18
153 53
53 99
104 64
102 73
154 25
54 28
105 53
103 24
155 71
55 16
106 16
104 65
156 12
56 29
107 37
105 70
157 66
57 27
108 40
106 77
158 39
58 54
109 58
107 33
159 70
59 50
110 50
108 96
160 89
60 80
111 59
109 76
161 16
61 85
112 53
110 45
162 50
62 99
113 36
111 26
163 30
63 90
114 87
112 24
164 42
64 27
115 94
113 13
165 89
65 64
116 43
114 56
166 16
66 23
117 74
115 62
167 23
67 57
118 97
116 28
168 61
68 51
119 22
117 27
169 15
69 43
120 68
118 69
170 66
70 98
121 23
119 22
171 29
71 33
122 92
120 47
172 50
72 74
123 85
121 32
173 49
73 53
124 52
122 84
174 41
74 84
125 75
123 99
175 84
75 19
126 14
124 81
176 33
76 33
127 20
125 47
177 54
77 56
128 32
126 73
178 35
78 95
129 17
127 12
179 18
79 92
130 62
128 79
180 52
80 88
131 97
129 55
181 25
81 63
132 31
130 24
182 39
82 15
133 33
131 100
183 97
83 33
134 70
132 65
184 86
84 70
135 21
133 20
185 45
85 14
136 89
134 80
186 17
86 54
137 54
135 53
187 69
87 37
138 53
136 31
188 100
88 31
139 67
137 86
189 64
89 66
140 72
138 90
190 83
90 69
141 81
139 30
191 21
91 66
142 61
140 90
192 86
92 26
143 28
141 82
193 15
93 45
144 92
142 17
194 98
94 19
145 97
143 95
195 49
95 52
146 10
144 80
196 25
96 36
147 15
145 36
197 27
97 86
148 38
146 84
198 91
98 66
149 61
147 97
199 35
99 48
150 89
148 33
200 78
100 22
149 60
201 83
101 87
152 42
202 57
102 50
153 79
151 79
203 73
103 56
154 60
152 63
204 61
104 87
155 94
153 64
205 65
105 45
156 54
154 77
206 90
106 46
157 89
155 80
207 93
107 63
158 23
156 81
208 13
108 35
159 12
157 24
209 58
109 95
160 19
158 92
210 26
110 91
161 100
159 77
211 23
111 78
162 58
160 35
212 49
112 21
163 30
161 39
213 92
113 89
164 79
162 30
214 11
114 21
165 68
163 28
215 22
115 40
166 80
164 15
216 10
116 99
167 74
165 33
217 53
117 89
168 85
166 37
218 56
118 54
169 45
167 82
219 84
119 80
170 84
168 98
220 64
120 94
171 31
169 16
221 12
121 55
172 87
170 11
222 11
122 31
173 72
171 11
223 85
123 40
174 98
172 86
224 38
124 80
175 72
173 81
225 54
125 21
176 34
174 15
226 73
126 52
177 97
175 94
227 42
127 69
178 96
176 45
228 16
128 86
179 44
177 38
229 100
129 16
180 12
178 86
230 19
130 40
181 60
179 77
231 93
131 82
182 19
180 52
232 13
132 62
183 20
181 91
233 19
133 15
184 22
182 19
234 11
134 31
185 52
183 19
235 21
135 95
186 33
184 27
236 86
136 22
187 83
185 95
237 80
137 57
188 91
186 11
238 15
138 100
189 49
187 36
239 32
139 40
190 94
188 89
240 51
140 29
191 40
189 32
241 88
141 72
192 87
190 12
242 22
142 51
193 17
191 45
243 34
143 48
194 78
192 57
244 46
144 85
195 18
193 53
245 85
145 88
196 64
194 72
246 43
146 16
197 84
195 71
247 81
147 46
198 10
196 10
248 16
148 44
199 91
197 60
249 22
149 46
200 27
198 78
250 96
150 76
199 52
251 96
151 57
202 79
252 48
152 65
203 75
201 50
253 100
153 91
204 35
202 15
254 85
154 97
205 45
203 69
255 47
155 46
206 35
204 87
256 17
156 94
207 56
205 27
257 73
157 71
208 74
206 52
258 29
158 38
209 76
207 65
259 67
159 31
210 78
208 62
260 59
160 89
211 74
209 47
261 81
161 60
212 24
210 24
262 55
162 21
213 30
211 94
263 60
163 15
214 65
212 52
264 60
164 29
215 96
213 10
265 70
165 40
216 13
214 100
266 17
166 64
217 43
215 50
267 12
167 78
218 86
216 90
268 26
168 57
219 51
217 71
269 72
169 54
220 60
218 64
270 83
170 32
221 35
219 25
271 76
171 67
222 86
220 38
272 50
172 100
223 64
221 44
273 75
173 11
224 25
222 83
274 86
174 42
225 16
223 66
275 54
175 79
226 86
224 76
276 12
176 11
227 77
225 78
277 68
177 50
228 20
226 98
278 65
178 33
229 70
227 98
279 62
179 19
230 92
228 13
280 12
180 82
231 80
229 90
281 93
181 45
232 67
230 64
282 23
182 40
233 52
231 24
283 53
183 100
234 92
232 17
284 26
184 52
235 14
233 50
285 63
185 48
236 78
234 93
286 12
186 80
237 45
235 20
287 90
187 29
238 50
236 36
288 54
188 27
239 98
237 82
289 50
189 35
240 55
238 90
290 51
190 47
241 30
239 57
291 52
191 30
242 42
240 52
292 14
192 97
243 71
241 52
293 83
193 92
244 61
242 68
294 53
194 71
245 56
243 32
295 60
195 94
246 58
244 86
296 77
196 22
247 27
245 47
297 56
197 48
248 92
246 41
298 68
198 49
249 56
247 77
299 20
199 35
250 41
248 96
300 67
200 95
249 100
301 53
201 77
252 36
302 99
202 53
253 92
251 11
303 65
203 23
254 35
252 85
304 68
204 79
255 56
253 28
305 27
205 60
256 96
254 80
306 58
206 25
257 15
255 67
307 66
207 70
258 55
256 62
308 14
208 43
259 25
257 87
309 49
209 95
260 88
258 87
310 27
210 31
261 92
259 14
311 50
211 21
262 90
260 100
312 87
212 31
263 84
261 52
313 36
213 92
264 70
262 98
314 45
214 36
265 56
263 21
315 17
215 93
266 18
264 82
316 60
216 14
267 58
265 67
317 21
217 40
268 56
266 91
318 14
218 79
269 86
267 92
319 21
219 18
270 45
268 16
320 46
220 73
271 74
269 12
321 20
221 24
272 46
270 47
322 92
222 28
273 16
271 31
323 64
223 52
274 78
272 53
324 54
224 81
275 56
273 80
325 76
225 48
276 59
274 32
326 46
226 53
277 29
275 87
327 43
227 21
278 10
276 71
328 86
228 94
279 89
277 17
329 100
229 36
280 76
278 64
330 92
230 14
281 45
279 22
331 11
231 34
282 48
280 25
332 83
232 81
283 32
281 87
333 83
233 62
284 52
282 33
334 52
234 29
285 56
283 94
335 76
235 90
286 78
284 90
336 32
236 32
287 30
285 38
337 51
237 90
288 82
286 44
338 90
238 63
289 86
287 86
339 18
239 73
290 62
288 100
340 31
240 89
291 60
289 38
341 12
241 56
292 81
290 62
342 83
242 34
293 21
291 23
343 57
243 33
294 99
292 62
344 21
244 91
295 60
293 72
345 46
245 49
296 51
294 42
346 98
246 29
297 58
295 36
347 96
247 47
298 13
296 88
348 31
248 70
299 61
297 83
349 17
249 85
300 97
298 78
350 58
250 87
299 38
351 49
251 67
302 26
352 31
252 14
303 94
301 32
353 13
253 22
304 89
302 49
354 18
254 27
305 54
303 65
355 25
255 80
306 45
304 40
356 74
256 32
307 41
305 33
357 93
257 49
308 81
306 75
358 15
258 93
309 89
307 82
359 92
259 46
310 92
308 64
360 93
260 65
311 61
309 42
361 29
261 13
312 42
310 68
362 15
262 12
313 23
311 93
363 25
263 17
314 41
312 26
364 99
264 91
315 39
313 26
365 29
265 32
316 48
314 21
366 97
266 21
317 88
315 59
367 100
267 92
318 28
316 91
368 55
268 92
319 62
317 68
369 21
269 29
320 25
318 79
370 50
270 89
321 14
319 42
371 36
271 80
322 88
320 63
372 34
272 19
323 31
321 24
373 67
273 65
324 79
322 13
374 31
274 97
325 39
323 84
375 66
275 22
326 18
324 46
376 92
276 83
327 32
325 32
377 31
277 56
328 17
326 76
378 25
278 30
329 46
327 56
379 53
279 88
330 13
328 38
380 84
280 91
331 45
329 57
381 31
281 57
332 47
330 85
382 38
282 44
333 78
331 86
383 35
283 43
334 51
332 65
384 20
284 19
335 44
333 63
385 78
285 59
336 13
334 93
386 14
286 62
337 74
335 75
387 84
287 35
338 65
336 68
388 64
288 12
339 57
337 80
389 13
289 52
340 45
338 89
390 11
290 85
341 32
339 35
391 78
291 37
342 24
340 68
392 36
292 40
343 47
341 19
393 81
293 99
344 46
342 53
394 20
294 23
345 37
343 95
395 30
295 87
346 64
344 18
396 12
296 29
347 78
345 97
397 71
297 42
348 55
346 52
398 31
298 69
349 44
347 98
399 15
299 95
350 90
348 19
400 99
300 62
349 10
401 14
301 17
352 59
402 42
302 28
353 93
351 34
403 56
303 35
354 31
352 34
404 28
304 76
355 35
353 98
405 82
305 32
356 41
354 85
406 43
306 59
357 57
355 22
407 54
307 21
358 18
356 71
408 41
308 80
359 36
357 17
409 95
309 96
360 74
358 50
410 45
310 27
361 63
359 76
411 29
311 46
362 23
360 92
412 51
312 52
363 48
361 100
413 62
313 17
364 51
362 85
414 35
314 45
365 61
363 99
415 29
315 38
366 48
364 85
416 59
316 76
367 60
365 66
417 37
317 30
368 51
366 74
418 52
318 73
369 57
367 44
419 11
319 97
370 98
368 86
420 17
320 50
371 28
369 48
421 97
321 55
372 81
370 35
422 15
322 54
373 94
371 98
423 70
323 33
374 15
372 11
424 15
324 11
375 75
373 23
425 88
325 82
376 63
374 64
426 92
326 28
377 73
375 81
427 62
327 14
378 84
376 20
428 60
328 69
379 52
377 80
429 99
329 84
380 20
378 12
430 63
330 95
381 65
379 58
431 87
331 12
382 55
380 41
432 92
332 26
383 27
381 60
433 90
333 40
384 27
382 73
434 24
334 69
385 25
383 12
435 55
335 63
386 85
384 77
436 38
336 61
387 89
385 98
437 40
337 96
388 47
386 96
438 80
338 19
389 59
387 38
439 61
339 13
390 58
388 75
440 56
340 13
391 65
389 88
441 51
341 30
392 21
390 66
442 44
342 77
393 65
391 36
443 49
343 100
394 38
392 14
444 78
344 81
395 74
393 10
445 85
345 15
396 84
394 19
446 26
346 98
397 75
395 55
447 51
347 30
398 57
396 93
448 17
348 29
399 26
397 83
449 98
349 23
400 59
398 31
450 54
350 52
399 11
451 48
351 45
402 21
452 53
352 32
403 96
401 77
453 53
353 44
404 21
402 50
454 13
354 31
405 67
403 78
455 40
355 85
406 78
404 96
456 24
356 25
407 52
405 24
457 85
357 65
408 28
406 48
458 37
358 42
409 98
407 53
459 93
359 27
410 41
408 10
460 56
360 80
411 95
409 16
461 44
361 92
412 80
410 14
462 33
362 93
413 33
411 84
463 23
363 10
414 55
412 63
464 12
364 83
415 76
413 48
465 73
365 22
416 22
414 63
466 20
366 83
417 20
415 100
467 46
367 40
418 47
416 50
468 17
368 82
419 22
417 99
469 37
369 65
420 93
418 11
470 68
370 72
421 84
419 44
471 35
371 56
422 48
420 26
472 38
372 47
423 96
421 18
473 24
373 16
424 28
422 39
474 69
374 80
425 93
423 75
475 35
375 82
426 80
424 69
476 52
376 75
427 91
425 57
477 83
377 12
428 88
426 76
478 64
378 58
429 20
427 36
479 71
379 19
430 30
428 70
480 74
380 46
431 25
429 89
481 56
381 88
432 71
430 11
482 74
382 41
433 81
431 87
483 98
383 25
434 74
432 95
484 57
384 86
435 50
433 29
485 91
385 44
436 85
434 54
486 89
386 15
437 63
435 37
487 96
387 49
438 53
436 43
488 73
388 97
439 65
437 55
489 43
389 62
440 47
438 31
490 66
390 66
441 82
439 48
491 32
391 87
442 41
440 46
492 83
392 74
443 91
441 56
493 39
393 32
444 48
442 17
494 76
394 15
445 98
443 13
495 58
395 52
446 58
444 18
496 48
396 90
447 17
445 25
497 28
397 43
448 68
446 54
498 64
398 25
449 86
447 74
499 67
399 37
450 95
448 42
500 52
400 33
449 63
501 51
401 95
452 82
502 68
402 74
453 79
451 52
503 97
403 35
454 30
452 69
504 99
404 84
455 31
453 16
505 45
405 100
456 17
454 93
506 67
406 97
457 78
455 85
507 93
407 68
458 94
456 84
508 56
408 58
459 84
457 100
509 25
409 10
460 13
458 92
510 72
410 95
461 23
459 69
511 58
411 41
462 25
460 99
512 82
412 50
463 45
461 37
513 15
413 48
464 79
462 51
514 66
414 10
465 91
463 90
515 19
415 20
466 16
464 83
516 50
416 72
467 23
465 67
517 77
417 73
468 42
466 48
518 89
418 12
469 26
467 87
519 57
419 30
470 92
468 71
520 95
420 79
471 58
469 95
521 68
421 79
472 31
470 34
522 43
422 27
473 60
471 12
523 67
423 91
474 76
472 63
524 45
424 57
475 39
473 64
525 34
425 95
476 71
474 80
526 33
426 79
477 96
475 76
527 53
427 76
478 69
476 42
528 36
428 25
479 52
477 36
529 53
429 59
480 93
478 79
530 36
430 45
481 29
479 59
531 65
431 26
482 32
480 78
532 79
432 26
483 27
481 74
533 40
433 100
484 67
482 49
534 61
434 96
485 70
483 74
535 12
435 26
486 10
484 96
536 73
436 17
487 45
485 82
537 86
437 36
488 49
486 33
538 51
438 73
489 57
487 80
539 42
439 98
490 63
488 91
540 87
440 27
491 28
489 89
541 17
441 90
492 65
490 37
542 30
442 24
493 13
491 43
543 65
443 97
494 32
492 17
544 46
444 37
495 11
493 45
545 83
445 35
496 45
494 23
546 31
446 29
497 32
495 34
547 78
447 17
498 14
496 69
548 67
448 44
499 90
497 56
549 93
449 87
500 70
498 15
550 75
450 81
499 30
551 34
451 93
502 57
552 12
452 64
503 30
501 44
553 85
453 70
504 55
502 91
554 49
454 88
505 32
503 53
555 18
455 85
506 69
504 74
556 55
456 76
507 79
505 57
557 40
457 79
508 23
506 47
558 39
458 18
509 39
507 75
559 100
459 49
510 58
508 62
560 75
460 87
511 38
509 62
561 97
461 26
512 58
510 72
562 60
462 73
513 39
511 47
563 62
463 54
514 66
512 94
564 49
464 16
515 61
513 71
565 55
465 16
516 12
514 26
566 32
466 19
517 71
515 43
567 12
467 81
518 73
516 10
568 88
468 94
519 78
517 24
569 97
469 47
520 17
518 48
570 90
470 48
521 41
519 48
571 58
471 65
522 50
520 72
572 48
472 60
523 91
521 46
573 79
473 46
524 63
522 24
574 40
474 27
525 81
523 67
575 38
475 18
526 73
524 11
576 67
476 31
527 40
525 19
577 45
477 78
528 86
526 56
578 46
478 26
529 15
527 11
579 72
479 63
530 32
528 18
580 30
480 96
531 80
529 40
581 18
481 34
532 91
530 19
582 32
482 36
533 23
531 81
583 35
483 88
534 37
532 45
584 68
484 89
535 45
533 54
585 12
485 35
536 50
534 69
586 36
486 85
537 84
535 45
587 80
487 99
538 28
536 48
588 95
488 49
539 51
537 71
589 36
489 24
540 44
538 28
590 16
490 65
541 59
539 17
591 25
491 31
542 39
540 89
592 11
492 13
543 81
541 71
593 93
493 87
544 94
542 66
594 17
494 30
545 73
543 34
595 70
495 65
546 21
544 89
596 61
496 67
547 58
545 85
597 61
497 68
548 12
546 67
598 29
498 11
549 59
547 73
599 87
499 27
550 79
548 38
600 19
500 55
549 75
501 24
552 91
502 79
553 83
551 53
503 48
554 10
552 90
504 19
555 15
553 78
505 98
556 23
554 72
506 89
557 96
555 55
507 93
558 71
556 70
508 33
559 68
557 89
509 67
560 84
558 99
510 13
561 15
559 83
511 77
562 82
560 88
512 51
563 86
561 77
513 90
564 59
562 32
514 17
565 21
563 83
515 11
566 13
564 91
516 54
567 84
565 57
517 72
568 31
566 89
518 25
569 79
567 96
519 36
570 83
568 58
520 96
571 32
569 32
521 73
572 89
570 28
522 65
573 27
571 15
523 17
574 25
572 84
524 48
575 48
573 29
525 81
576 65
574 34
526 25
577 51
575 77
527 35
578 26
576 81
528 89
579 70
577 54
529 70
580 89
578 31
530 38
581 85
579 53
531 40
582 41
580 48
532 75
583 41
581 37
533 29
584 23
582 90
534 96
585 87
583 58
535 82
586 84
584 52
536 11
587 26
585 95
537 95
588 19
586 96
538 73
589 31
587 99
539 18
590 54
588 99
540 34
591 87
589 87
541 23
592 56
590 96
542 55
593 82
591 17
543 97
594 32
592 99
544 46
595 39
593 24
545 81
596 84
594 43
546 40
597 60
595 51
547 63
598 12
596 43
548 84
599 18
597 75
549 87
600 65
598 51
550 15
599 99
242
145
2 209 242 
1 142 
1 367 
1 528 
1 368 
1 78 
2 358 326 
3 380 567 291 
2 166 549 
2 95 359 
2 150 15 
1 244 
1 164 
2 394 59 
1 498 
5 191 457 61 433 444 
3 213 510 224 
3 32 144 396 
1 520 
3 496 448 347 
3 307 117 49 
1 219 
3 458 373 500 
1 101 
3 541 87 398 
2 376 513 
1 103 
2 542 245 
1 133 
3 534 40 407 
1 86 
1 199 
2 136 107 
3 581 69 447 
1 370 
1 589 
1 179 
2 84 303 
2 38 512 
1 139 
3 505 391 546 
1 406 
2 336 149 
1 294 
2 436 60 
3 275 56 99 
1 226 
2 217 573 
2 499 131 
2 317 88 
1 125 
2 580 408 
1 127 
4 132 327 20 208 
2 576 424 
1 129 
3 586 90 535 
2 31 493 
2 58 418 
2 334 152 
1 332 
2 97 248 
4 579 111 530 316 
2 266 280 
3 201 123 523 
2 309 23 
2 25 215 
2 431 16 
1 468 
3 171 121 96 
1 555 
3 571 112 335 
1 53 
1 268 
3 263 314 517 
1 485 
2 497 392 
1 388 
3 218 46 89 
2 337 519 
1 28 
1 184 
3 189 18 72 
2 124 225 
1 255 
1 598 
2 377 168 
2 384 200 
1 159 
2 355 239 
2 262 319 
1 281 
1 260 
2 106 109 
1 241 
2 205 587 
3 425 156 282 
2 222 169 
1 185 
2 492 284 
1 582 
1 30 
1 357 
2 318 74 
1 399 
1 43 
2 313 162 
1 465 
3 594 363 441 
3 446 267 10 
5 73 120 537 410 577 
1 351 
1 311 
2 360 145 
