400 1520 10 100 76
2
3
3
3
3
3
3
3
3
3
3
3
3
3
3
3
3
3
3
2
3
4
4
4
4
4
4
4
4
4
4
4
4
4
4
4
4
4
4
3
3
4
4
4
4
4
4
4
4
4
4
4
4
4
4
4
4
4
4
3
3
4
4
4
4
4
4
4
4
4
4
4
4
4
4
4
4
4
4
3
3
4
4
4
4
4
4
4
4
4
4
4
4
4
4
4
4
4
4
3
3
4
4
4
4
4
4
4
4
4
4
4
4
4
4
4
4
4
4
3
3
4
4
4
4
4
4
4
4
4
4
4
4
4
4
4
4
4
4
3
3
4
4
4
4
4
4
4
4
4
4
4
4
4
4
4
4
4
4
3
3
4
4
4
4
4
4
4
4
4
4
4
4
4
4
4
4
4
4
3
3
4
4
4
4
4
4
4
4
4
4
4
4
4
4
4
4
4
4
3
3
4
4
4
4
4
4
4
4
4
4
4
4
4
4
4
4
4
4
3
3
4
4
4
4
4
4
4
4
4
4
4
4
4
4
4
4
4
4
3
3
4
4
4
4
4
4
4
4
4
4
4
4
4
4
4
4
4
4
3
3
4
4
4
4
4
4
4
4
4
4
4
4
4
4
4
4
4
4
3
3
4
4
4
4
4
4
4
4
4
4
4
4
4
4
4
4
4
4
3
3
4
4
4
4
4
4
4
4
4
4
4
4
4
4
4
4
4
4
3
3
4
4
4
4
4
4
4
4
4
4
4
4
4
4
4
4
4
4
3
3
4
4
4
4
4
4
4
4
4
4
4
4
4
4
4
4
4
4
3
3
4
4
4
4
4
4
4
4
4
4
4
4
4
4
4
4
4
4
3
2
3
3
3
3
3
3
3
3
3
3
3
3
3
3
3
3
3
3
2
21 36
2 29
22 77
3 43
1 90
23 68
4 82
2 70
24 69
5 67
3 53
25 62
6 87
4 24
26 64
7 65
5 61
27 40
8 25
6 16
28 62
9 54
7 73
29 76
10 21
8 73
30 27
11 33
9 62
31 78
12 43
10 12
32 95
13 76
11 48
33 77
14 14
12 32
34 18
15 73
13 65
35 50
16 17
14 35
36 85
17 31
15 15
37 82
18 92
16 100
38 75
19 46
17 10
39 68
20 74
18 26
40 77
19 26
41 77
1 16
22 25
42 81
2 79
23 34
21 54
43 16
3 96
24 79
22 29
44 30
4 99
25 32
23 48
45 56
5 61
26 56
24 41
46 56
6 84
27 83
25 33
47 40
7 14
28 47
26 21
48 16
8 99
29 33
27 70
49 33
9 94
30 94
28 39
50 10
10 36
31 73
29 41
51 84
11 69
32 17
30 19
52 12
12 84
33 71
31 94
53 94
13 28
34 47
32 59
54 67
14 53
35 17
33 89
55 46
15 26
36 93
34 83
56 76
16 55
37 75
35 38
57 33
17 20
38 24
36 24
58 75
18 64
39 33
37 96
59 58
19 60
40 98
38 98
60 73
20 87
39 73
61 47
21 90
42 92
62 66
22 47
43 52
41 98
63 53
23 49
44 90
42 93
64 87
24 54
45 93
43 69
65 83
25 89
46 36
44 10
66 15
26 82
47 34
45 87
67 57
27 97
48 38
46 38
68 91
28 67
49 26
47 98
69 91
29 46
50 47
48 54
70 28
30 38
51 67
49 68
71 20
31 32
52 93
50 12
72 55
32 53
53 90
51 90
73 86
33 71
54 74
52 73
74 34
34 21
55 76
53 78
75 54
35 72
56 90
54 65
76 23
36 13
57 44
55 47
77 25
37 48
58 44
56 60
78 18
38 49
59 59
57 84
79 66
39 61
60 91
58 31
80 44
40 31
59 68
81 54
41 47
62 70
82 22
42 28
63 77
61 30
83 38
43 91
64 42
62 36
84 47
44 56
65 36
63 82
85 41
45 46
66 34
64 72
86 91
46 89
67 26
65 88
87 38
47 25
68 45
66 87
88 67
48 74
69 27
67 23
89 88
49 14
70 21
68 47
90 37
50 75
71 26
69 89
91 21
51 51
72 33
70 45
92 18
52 12
73 99
71 12
93 63
53 32
74 31
72 33
94 25
54 24
75 46
73 12
95 46
55 88
76 30
74 87
96 47
56 80
77 70
75 11
97 72
57 78
78 52
76 21
98 71
58 51
79 20
77 43
99 41
59 34
80 50
78 84
100 32
60 17
79 92
101 47
61 100
82 71
102 52
62 32
83 78
81 30
103 23
63 44
84 22
82 48
104 47
64 85
85 60
83 16
105 47
65 34
86 12
84 51
106 27
66 93
87 17
85 50
107 38
67 21
88 82
86 88
108 40
68 22
89 57
87 95
109 91
69 14
90 28
88 93
110 88
70 79
91 48
89 11
111 24
71 74
92 42
90 78
112 38
72 87
93 46
91 65
113 76
73 83
94 40
92 55
114 38
74 51
95 78
93 69
115 81
75 41
96 10
94 18
116 81
76 96
97 59
95 66
117 49
77 92
98 73
96 81
118 44
78 49
99 89
97 95
119 79
79 88
100 92
98 39
120 77
80 44
99 22
121 95
81 36
102 44
122 88
82 30
103 16
101 43
123 40
83 89
104 85
102 10
124 26
84 55
105 41
103 15
125 45
85 83
106 29
104 48
126 54
86 68
107 32
105 41
127 72
87 82
108 75
106 63
128 90
88 98
109 37
107 93
129 21
89 82
110 11
108 76
130 79
90 91
111 49
109 18
131 22
91 23
112 61
110 72
132 46
92 67
113 47
111 71
133 80
93 75
114 85
112 81
134 46
94 82
115 75
113 65
135 83
95 75
116 14
114 89
136 37
96 20
117 21
115 36
137 95
97 99
118 34
116 10
138 43
98 78
119 52
117 43
139 82
99 14
120 18
118 48
140 48
100 88
119 49
141 16
101 53
122 77
142 78
102 59
123 30
121 35
143 95
103 94
124 76
122 25
144 26
104 56
125 74
123 41
145 61
105 67
126 66
124 81
146 24
106 21
127 51
125 60
147 82
107 20
128 53
126 26
148 21
108 91
129 37
127 94
149 18
109 100
130 63
128 43
150 49
110 25
131 16
129 91
151 39
111 95
132 50
130 79
152 67
112 99
133 21
131 46
153 52
113 62
134 28
132 84
154 82
114 12
135 82
133 47
155 66
115 50
136 55
134 83
156 50
116 78
137 43
135 23
157 33
117 42
138 55
136 97
158 65
118 28
139 74
137 11
159 28
119 50
140 96
138 64
160 57
120 13
139 66
161 78
121 66
142 20
162 80
122 55
143 33
141 86
163 76
123 32
144 84
142 80
164 34
124 55
145 73
143 81
165 72
125 22
146 66
144 19
166 38
126 67
147 46
145 68
167 80
127 61
148 21
146 13
168 89
128 32
149 42
147 76
169 42
129 38
150 35
148 64
170 45
130 55
151 46
149 81
171 47
131 37
152 20
150 69
172 49
132 64
153 79
151 37
173 66
133 70
154 50
152 46
174 78
134 60
155 25
153 61
175 47
135 63
156 22
154 76
176 93
136 94
157 74
155 79
177 21
137 96
158 66
156 13
178 89
138 23
159 10
157 54
179 77
139 19
160 100
158 25
180 79
140 73
159 23
181 23
141 48
162 28
182 19
142 43
163 59
161 17
183 15
143 61
164 38
162 98
184 52
144 16
165 18
163 86
185 70
145 58
166 71
164 81
186 92
146 23
167 99
165 98
187 86
147 55
168 70
166 82
188 74
148 43
169 46
167 79
189 31
149 76
170 66
168 96
190 63
150 74
171 44
169 92
191 15
151 36
172 72
170 92
192 68
152 30
173 24
171 54
193 77
153 16
174 97
172 55
194 57
154 87
175 17
173 45
195 77
155 37
176 48
174 92
196 50
156 51
177 94
175 45
197 87
157 76
178 25
176 91
198 46
158 64
179 81
177 52
199 27
159 96
180 39
178 80
200 21
160 60
179 97
201 67
161 19
182 63
202 43
162 14
183 53
181 93
203 18
163 20
184 22
182 22
204 91
164 81
185 41
183 80
205 59
165 95
186 58
184 10
206 23
166 87
187 33
185 79
207 30
167 64
188 37
186 28
208 65
168 20
189 68
187 80
209 11
169 12
190 18
188 45
210 52
170 11
191 45
189 96
211 23
171 98
192 49
190 16
212 60
172 51
193 12
191 89
213 59
173 93
194 66
192 25
214 89
174 86
195 99
193 58
215 57
175 21
196 89
194 70
216 25
176 70
197 59
195 22
217 12
177 23
198 40
196 40
218 78
178 87
199 86
197 19
219 29
179 13
200 20
198 35
220 34
180 80
199 85
221 64
181 63
202 64
222 41
182 85
203 18
201 76
223 32
183 75
204 93
202 24
224 65
184 58
205 33
203 33
225 25
185 24
206 57
204 34
226 98
186 57
207 45
205 13
227 45
187 93
208 57
206 57
228 53
188 24
209 30
207 84
229 66
189 55
210 30
208 69
230 27
190 15
211 44
209 78
231 100
191 56
212 13
210 63
232 92
192 18
213 45
211 26
233 22
193 11
214 54
212 38
234 39
194 91
215 88
213 23
235 21
195 24
216 31
214 57
236 60
196 13
217 33
215 75
237 51
197 67
218 91
216 35
238 58
198 49
219 32
217 73
239 46
199 76
220 81
218 75
240 39
200 84
219 52
241 54
201 82
222 69
242 86
202 44
223 12
221 57
243 39
203 15
224 41
222 67
244 24
204 15
225 27
223 61
245 58
205 64
226 39
224 59
246 57
206 69
227 64
225 81
247 52
207 33
228 52
226 33
248 76
208 18
229 31
227 87
249 45
209 98
230 64
228 65
250 77
210 76
231 72
229 92
251 55
211 51
232 41
230 42
252 67
212 72
233 85
231 66
253 27
213 75
234 85
232 41
254 62
214 83
235 29
233 65
255 94
215 38
236 18
234 28
256 25
216 85
237 67
235 23
257 90
217 72
238 66
236 20
258 13
218 16
239 32
237 12
259 63
219 96
240 57
238 50
260 92
220 78
239 57
261 24
221 20
242 45
262 67
222 62
243 90
241 76
263 19
223 61
244 75
242 97
264 70
224 71
245 84
243 18
265 73
225 64
246 50
244 25
266 76
226 67
247 57
245 51
267 39
227 29
248 44
246 23
268 23
228 30
249 94
247 90
269 87
229 33
250 75
248 76
270 10
230 59
251 13
249 87
271 48
231 100
252 49
250 21
272 94
232 16
253 69
251 83
273 26
233 87
254 85
252 26
274 38
234 77
255 95
253 86
275 17
235 62
256 15
254 17
276 62
236 94
257 66
255 22
277 85
237 82
258 61
256 74
278 59
238 18
259 81
257 44
279 17
239 51
260 60
258 30
280 68
240 79
259 14
281 74
241 49
262 94
282 77
242 100
263 20
261 41
283 60
243 34
264 22
262 87
284 11
244 29
265 50
263 22
285 79
245 58
266 79
264 54
286 86
246 18
267 73
265 68
287 24
247 85
268 79
266 68
288 52
248 90
269 75
267 53
289 53
249 35
270 33
268 14
290 57
250 60
271 45
269 52
291 65
251 67
272 63
270 65
292 43
252 31
273 57
271 27
293 41
253 70
274 45
272 45
294 71
254 75
275 64
273 82
295 87
255 60
276 14
274 57
296 100
256 76
277 97
275 79
297 42
257 78
278 99
276 75
298 70
258 75
279 12
277 50
299 37
259 46
280 57
278 34
300 43
260 99
279 42
301 97
261 85
282 14
302 28
262 61
283 71
281 93
303 25
263 36
284 70
282 84
304 23
264 39
285 64
283 60
305 40
265 83
286 79
284 36
306 34
266 86
287 70
285 89
307 36
267 51
288 90
286 84
308 48
268 29
289 85
287 92
309 49
269 88
290 85
288 25
310 53
270 80
291 81
289 92
311 35
271 12
292 27
290 22
312 76
272 11
293 27
291 49
313 63
273 93
294 40
292 36
314 40
274 38
295 50
293 76
315 51
275 35
296 21
294 54
316 67
276 46
297 70
295 32
317 80
277 10
298 13
296 94
318 94
278 75
299 91
297 79
319 32
279 36
300 11
298 49
320 48
280 65
299 58
321 87
281 81
302 25
322 94
282 72
303 72
301 21
323 27
283 29
304 79
302 25
324 87
284 93
305 37
303 83
325 52
285 47
306 50
304 35
326 22
286 70
307 31
305 53
327 98
287 96
308 21
306 17
328 18
288 73
309 47
307 85
329 73
289 26
310 93
308 69
330 30
290 97
311 35
309 21
331 77
291 11
312 73
310 100
332 19
292 49
313 21
311 95
333 56
293 37
314 29
312 71
334 42
294 75
315 32
313 61
335 87
295 67
316 71
314 73
336 14
296 55
317 51
315 100
337 70
297 76
318 93
316 32
338 17
298 70
319 60
317 88
339 53
299 75
320 44
318 10
340 76
300 78
319 68
341 86
301 55
322 48
342 91
302 81
323 48
321 25
343 12
303 70
324 58
322 88
344 25
304 61
325 38
323 67
345 86
305 30
326 33
324 51
346 64
306 26
327 63
325 34
347 67
307 93
328 11
326 63
348 23
308 60
329 83
327 36
349 83
309 43
330 16
328 81
350 30
310 96
331 54
329 30
351 86
311 70
332 47
330 54
352 13
312 55
333 94
331 65
353 65
313 82
334 25
332 73
354 40
314 40
335 62
333 66
355 47
315 80
336 35
334 50
356 67
316 73
337 67
335 49
357 83
317 40
338 95
336 54
358 14
318 66
339 11
337 32
359 24
319 12
340 82
338 37
360 43
320 85
339 67
361 75
321 90
342 40
362 23
322 80
343 82
341 66
363 33
323 78
344 29
342 65
364 54
324 73
345 90
343 81
365 94
325 70
346 88
344 88
366 89
326 26
347 68
345 65
367 80
327 18
348 86
346 13
368 88
328 89
349 19
347 28
369 57
329 85
350 11
348 62
370 71
330 51
351 76
349 17
371 70
331 86
352 85
350 65
372 31
332 28
353 16
351 14
373 37
333 70
354 78
352 47
374 51
334 11
355 85
353 60
375 10
335 26
356 25
354 56
376 70
336 19
357 44
355 68
377 62
337 59
358 88
356 96
378 74
338 46
359 36
357 12
379 78
339 85
360 31
358 62
380 58
340 57
359 55
381 57
341 55
362 77
382 27
342 40
363 81
361 14
383 57
343 48
364 66
362 80
384 55
344 92
365 27
363 92
385 30
345 84
366 89
364 55
386 93
346 36
367 52
365 75
387 99
347 16
368 76
366 54
388 82
348 53
369 86
367 13
389 100
349 16
370 39
368 51
390 80
350 92
371 94
369 87
391 26
351 64
372 40
370 51
392 33
352 35
373 16
371 95
393 77
353 93
374 61
372 67
394 46
354 87
375 55
373 73
395 10
355 94
376 53
374 81
396 35
356 23
377 90
375 92
397 93
357 95
378 23
376 96
398 63
358 58
379 72
377 34
399 96
359 62
380 74
378 49
400 30
360 10
379 45
361 13
382 32
362 21
383 61
381 22
363 13
384 85
382 46
364 100
385 31
383 73
365 80
386 62
384 94
366 25
387 51
385 53
367 84
388 18
386 21
368 10
389 14
387 17
369 49
390 29
388 10
370 34
391 70
389 11
371 77
392 39
390 38
372 20
393 76
391 99
373 40
394 99
392 94
374 49
395 12
393 66
375 99
396 53
394 22
376 22
397 47
395 32
377 51
398 36
396 46
378 24
399 80
397 24
379 54
400 99
398 28
380 18
399 79
387
39
1 387 
2 240 106 
1 361 
5 15 214 233 145 192 
2 179 63 
1 48 
3 11 353 70 
3 153 50 344 
1 238 
2 292 297 
1 7 
1 350 
2 37 34 
2 165 345 
1 166 
2 69 85 
2 181 364 
1 167 
3 103 246 137 
1 43 
4 55 40 164 111 
1 128 
2 82 211 
1 304 
2 380 147 
2 270 134 
1 324 
2 379 266 
1 109 
1 328 
1 93 
2 381 206 
1 102 
3 243 88 291 
1 311 
1 290 
3 305 335 54 
1 42 
1 12 
1 68 
2 75 247 
4 19 108 237 60 
3 200 133 20 
3 210 24 213 
2 23 220 
4 204 67 307 342 
3 207 45 394 
1 159 
1 160 
2 259 176 
1 221 
2 2 326 
1 188 
1 367 
3 29 65 337 
3 369 197 348 
1 36 
3 236 393 125 
2 325 46 
2 62 178 
2 268 71 
2 241 163 
3 295 149 35 
2 170 264 
1 343 
2 276 280 
1 30 
2 129 262 
2 195 349 
1 64 
1 323 
2 175 368 
1 287 
1 26 
3 191 28 172 
1 39 
