400 1520 10 100 76
2
3
3
3
3
3
3
3
3
3
3
3
3
3
3
3
3
3
3
2
3
4
4
4
4
4
4
4
4
4
4
4
4
4
4
4
4
4
4
3
3
4
4
4
4
4
4
4
4
4
4
4
4
4
4
4
4
4
4
3
3
4
4
4
4
4
4
4
4
4
4
4
4
4
4
4
4
4
4
3
3
4
4
4
4
4
4
4
4
4
4
4
4
4
4
4
4
4
4
3
3
4
4
4
4
4
4
4
4
4
4
4
4
4
4
4
4
4
4
3
3
4
4
4
4
4
4
4
4
4
4
4
4
4
4
4
4
4
4
3
3
4
4
4
4
4
4
4
4
4
4
4
4
4
4
4
4
4
4
3
3
4
4
4
4
4
4
4
4
4
4
4
4
4
4
4
4
4
4
3
3
4
4
4
4
4
4
4
4
4
4
4
4
4
4
4
4
4
4
3
3
4
4
4
4
4
4
4
4
4
4
4
4
4
4
4
4
4
4
3
3
4
4
4
4
4
4
4
4
4
4
4
4
4
4
4
4
4
4
3
3
4
4
4
4
4
4
4
4
4
4
4
4
4
4
4
4
4
4
3
3
4
4
4
4
4
4
4
4
4
4
4
4
4
4
4
4
4
4
3
3
4
4
4
4
4
4
4
4
4
4
4
4
4
4
4
4
4
4
3
3
4
4
4
4
4
4
4
4
4
4
4
4
4
4
4
4
4
4
3
3
4
4
4
4
4
4
4
4
4
4
4
4
4
4
4
4
4
4
3
3
4
4
4
4
4
4
4
4
4
4
4
4
4
4
4
4
4
4
3
3
4
4
4
4
4
4
4
4
4
4
4
4
4
4
4
4
4
4
3
2
3
3
3
3
3
3
3
3
3
3
3
3
3
3
3
3
3
3
2
21 37
2 29
22 41
3 75
1 59
23 38
4 98
2 19
24 61
5 36
3 95
25 59
6 67
4 97
26 68
7 44
5 28
27 90
8 26
6 27
28 50
9 73
7 32
29 41
10 52
8 18
30 20
11 13
9 12
31 31
12 75
10 35
32 87
13 93
11 69
33 55
14 98
12 26
34 41
15 25
13 27
35 26
16 60
14 87
36 94
17 64
15 34
37 98
18 34
16 89
38 49
19 22
17 67
39 97
20 82
18 89
40 18
19 53
41 74
1 48
22 83
42 65
2 70
23 76
21 59
43 40
3 54
24 51
22 51
44 63
4 27
25 99
23 95
45 27
5 17
26 70
24 27
46 72
6 21
27 50
25 50
47 23
7 70
28 99
26 23
48 15
8 83
29 44
27 77
49 54
9 11
30 47
28 83
50 63
10 23
31 24
29 57
51 46
11 39
32 58
30 43
52 56
12 30
33 50
31 67
53 54
13 26
34 78
32 75
54 81
14 42
35 12
33 30
55 51
15 94
36 12
34 76
56 44
16 30
37 49
35 89
57 24
17 44
38 65
36 93
58 42
18 65
39 62
37 71
59 56
19 48
40 43
38 18
60 58
20 66
39 75
61 79
21 83
42 19
62 51
22 76
43 46
41 48
63 25
23 80
44 19
42 31
64 18
24 87
45 82
43 78
65 24
25 23
46 68
44 21
66 59
26 66
47 100
45 23
67 56
27 48
48 41
46 83
68 50
28 25
49 66
47 90
69 54
29 42
50 54
48 76
70 28
30 22
51 70
49 27
71 57
31 85
52 69
50 97
72 27
32 19
53 79
51 22
73 12
33 18
54 61
52 28
74 30
34 30
55 40
53 58
75 61
35 97
56 98
54 96
76 98
36 48
57 47
55 85
77 99
37 79
58 49
56 29
78 11
38 91
59 74
57 48
79 43
39 79
60 57
58 20
80 68
40 47
59 46
81 41
41 96
62 37
82 68
42 36
63 46
61 49
83 75
43 100
64 65
62 26
84 87
44 30
65 85
63 58
85 14
45 13
66 15
64 27
86 61
46 22
67 35
65 50
87 67
47 80
68 82
66 51
88 33
48 54
69 41
67 19
89 16
49 73
70 23
68 89
90 56
50 31
71 55
69 62
91 52
51 30
72 89
70 11
92 87
52 68
73 55
71 55
93 90
53 59
74 59
72 81
94 56
54 26
75 55
73 100
95 24
55 53
76 77
74 11
96 10
56 74
77 87
75 55
97 61
57 84
78 46
76 19
98 30
58 62
79 29
77 33
99 72
59 72
80 55
78 21
100 47
60 95
79 71
101 96
61 45
82 76
102 74
62 72
83 17
81 13
103 54
63 74
84 22
82 77
104 63
64 31
85 47
83 85
105 63
65 17
86 48
84 50
106 72
66 41
87 49
85 66
107 80
67 15
88 81
86 49
108 60
68 31
89 31
87 93
109 90
69 38
90 95
88 85
110 38
70 43
91 19
89 90
111 81
71 98
92 83
90 89
112 34
72 61
93 41
91 18
113 21
73 51
94 43
92 60
114 51
74 19
95 23
93 15
115 51
75 63
96 27
94 79
116 62
76 62
97 19
95 56
117 88
77 30
98 49
96 67
118 61
78 71
99 66
97 69
119 26
79 71
100 23
98 82
120 65
80 39
99 11
121 67
81 80
102 93
122 66
82 23
103 50
101 50
123 16
83 64
104 24
102 97
124 52
84 15
105 83
103 32
125 97
85 38
106 12
104 55
126 81
86 90
107 40
105 82
127 91
87 76
108 67
106 76
128 97
88 56
109 88
107 24
129 89
89 36
110 87
108 27
130 92
90 69
111 18
109 61
131 39
91 96
112 65
110 36
132 32
92 67
113 24
111 49
133 16
93 93
114 20
112 98
134 30
94 47
115 88
113 83
135 30
95 89
116 45
114 74
136 79
96 31
117 29
115 94
137 64
97 94
118 43
116 76
138 10
98 25
119 83
117 76
139 75
99 77
120 72
118 74
140 42
100 56
119 11
141 31
101 14
122 61
142 83
102 43
123 78
121 27
143 99
103 25
124 20
122 98
144 66
104 25
125 77
123 52
145 82
105 83
126 39
124 59
146 65
106 99
127 13
125 91
147 10
107 11
128 90
126 68
148 77
108 52
129 20
127 74
149 17
109 22
130 70
128 19
150 82
110 56
131 21
129 89
151 60
111 97
132 72
130 87
152 72
112 11
133 17
131 67
153 22
113 25
134 36
132 78
154 89
114 45
135 22
133 80
155 79
115 20
136 13
134 23
156 11
116 44
137 82
135 85
157 76
117 75
138 24
136 62
158 23
118 23
139 100
137 25
159 87
119 48
140 73
138 82
160 94
120 79
139 93
161 23
121 32
142 94
162 90
122 98
143 56
141 71
163 57
123 38
144 29
142 25
164 11
124 23
145 11
143 56
165 10
125 90
146 53
144 100
166 36
126 96
147 32
145 53
167 93
127 73
148 21
146 45
168 44
128 13
149 63
147 73
169 80
129 38
150 69
148 82
170 87
130 30
151 17
149 99
171 71
131 11
152 48
150 51
172 90
132 91
153 18
151 13
173 14
133 73
154 67
152 86
174 44
134 36
155 11
153 43
175 36
135 77
156 60
154 52
176 28
136 46
157 22
155 59
177 39
137 32
158 28
156 98
178 66
138 97
159 61
157 15
179 12
139 14
160 51
158 74
180 53
140 34
159 26
181 59
141 61
162 27
182 78
142 96
163 49
161 65
183 74
143 30
164 66
162 40
184 24
144 75
165 96
163 55
185 76
145 70
166 41
164 49
186 25
146 90
167 62
165 30
187 97
147 15
168 56
166 90
188 97
148 83
169 95
167 36
189 19
149 61
170 90
168 89
190 59
150 100
171 92
169 43
191 85
151 21
172 17
170 52
192 42
152 64
173 18
171 97
193 96
153 29
174 25
172 77
194 67
154 50
175 74
173 82
195 85
155 83
176 56
174 66
196 80
156 100
177 23
175 69
197 70
157 76
178 40
176 43
198 32
158 86
179 58
177 92
199 87
159 95
180 66
178 77
200 64
160 36
179 96
201 46
161 65
182 19
202 17
162 48
183 38
181 26
203 13
163 15
184 48
182 15
204 20
164 58
185 57
183 12
205 36
165 81
186 84
184 38
206 34
166 87
187 76
185 83
207 80
167 94
188 33
186 28
208 55
168 25
189 16
187 18
209 50
169 78
190 67
188 99
210 43
170 41
191 57
189 85
211 64
171 77
192 98
190 10
212 10
172 48
193 32
191 29
213 34
173 87
194 72
192 100
214 65
174 68
195 52
193 69
215 78
175 88
196 64
194 77
216 41
176 98
197 58
195 80
217 73
177 32
198 93
196 79
218 43
178 14
199 63
197 92
219 55
179 14
200 79
198 35
220 59
180 88
199 52
221 53
181 37
202 27
222 39
182 68
203 32
201 40
223 65
183 73
204 79
202 67
224 64
184 64
205 15
203 96
225 26
185 44
206 95
204 64
226 57
186 29
207 82
205 92
227 28
187 88
208 58
206 56
228 63
188 100
209 74
207 43
229 95
189 28
210 53
208 86
230 100
190 94
211 74
209 21
231 52
191 13
212 68
210 33
232 38
192 96
213 64
211 71
233 76
193 54
214 32
212 96
234 35
194 98
215 95
213 32
235 76
195 30
216 57
214 20
236 57
196 10
217 64
215 73
237 72
197 49
218 92
216 93
238 73
198 59
219 62
217 65
239 96
199 76
220 79
218 82
240 18
200 29
219 17
241 63
201 87
222 34
242 97
202 41
223 49
221 48
243 98
203 23
224 90
222 74
244 68
204 34
225 54
223 69
245 55
205 41
226 11
224 89
246 24
206 81
227 29
225 63
247 82
207 22
228 19
226 31
248 24
208 67
229 24
227 41
249 23
209 68
230 18
228 59
250 86
210 82
231 91
229 81
251 73
211 99
232 59
230 34
252 57
212 76
233 93
231 88
253 19
213 49
234 64
232 90
254 99
214 30
235 72
233 58
255 28
215 68
236 100
234 55
256 83
216 34
237 72
235 80
257 40
217 12
238 54
236 56
258 65
218 58
239 100
237 17
259 27
219 93
240 26
238 74
260 85
220 52
239 11
261 60
221 18
242 30
262 89
222 48
243 12
241 40
263 29
223 12
244 100
242 85
264 16
224 88
245 51
243 40
265 42
225 94
246 19
244 24
266 95
226 43
247 83
245 44
267 25
227 12
248 19
246 91
268 45
228 63
249 88
247 10
269 16
229 41
250 35
248 91
270 34
230 71
251 54
249 42
271 83
231 84
252 62
250 51
272 40
232 35
253 10
251 10
273 34
233 65
254 14
252 83
274 61
234 35
255 85
253 76
275 10
235 60
256 98
254 44
276 74
236 69
257 37
255 56
277 69
237 54
258 13
256 96
278 60
238 41
259 36
257 79
279 58
239 65
260 87
258 12
280 85
240 10
259 69
281 25
241 69
262 28
282 25
242 48
263 77
261 79
283 84
243 54
264 27
262 20
284 14
244 72
265 70
263 82
285 12
245 63
266 83
264 20
286 89
246 41
267 40
265 14
287 51
247 63
268 94
266 88
288 91
248 15
269 40
267 22
289 99
249 45
270 45
268 14
290 93
250 92
271 10
269 16
291 73
251 79
272 73
270 56
292 12
252 97
273 44
271 93
293 32
253 48
274 22
272 22
294 31
254 29
275 31
273 99
295 18
255 44
276 32
274 70
296 100
256 99
277 57
275 21
297 74
257 91
278 80
276 41
298 19
258 100
279 43
277 17
299 68
259 53
280 95
278 54
300 55
260 94
279 26
301 18
261 65
282 64
302 20
262 91
283 25
281 28
303 92
263 80
284 70
282 75
304 78
264 38
285 30
283 79
305 77
265 57
286 10
284 94
306 80
266 91
287 92
285 47
307 60
267 50
288 82
286 69
308 54
268 65
289 25
287 70
309 30
269 93
290 94
288 29
310 24
270 24
291 44
289 16
311 35
271 30
292 62
290 51
312 27
272 59
293 27
291 13
313 56
273 94
294 13
292 63
314 71
274 97
295 94
293 48
315 33
275 99
296 30
294 48
316 60
276 52
297 21
295 39
317 15
277 26
298 62
296 42
318 62
278 63
299 96
297 46
319 90
279 77
300 58
298 99
320 89
280 36
299 29
321 22
281 38
302 88
322 57
282 57
303 97
301 65
323 39
283 57
304 11
302 99
324 28
284 55
305 79
303 25
325 61
285 30
306 61
304 84
326 95
286 16
307 40
305 32
327 30
287 79
308 95
306 90
328 69
288 76
309 10
307 61
329 18
289 64
310 47
308 22
330 55
290 21
311 21
309 97
331 22
291 48
312 25
310 98
332 92
292 100
313 43
311 34
333 74
293 71
314 62
312 54
334 58
294 21
315 71
313 39
335 40
295 84
316 76
314 37
336 51
296 20
317 32
315 22
337 25
297 61
318 13
316 37
338 28
298 62
319 25
317 46
339 45
299 88
320 47
318 21
340 30
300 82
319 100
341 20
301 41
322 92
342 79
302 18
323 78
321 87
343 41
303 61
324 47
322 73
344 71
304 58
325 81
323 13
345 57
305 51
326 11
324 63
346 81
306 91
327 67
325 78
347 46
307 19
328 88
326 33
348 87
308 59
329 32
327 92
349 97
309 40
330 90
328 41
350 51
310 76
331 11
329 98
351 39
311 54
332 99
330 54
352 98
312 59
333 50
331 29
353 75
313 82
334 64
332 64
354 43
314 32
335 53
333 98
355 67
315 65
336 90
334 82
356 86
316 64
337 56
335 86
357 39
317 12
338 19
336 96
358 25
318 55
339 81
337 86
359 31
319 62
340 78
338 21
360 35
320 43
339 77
361 98
321 53
342 91
362 55
322 76
343 55
341 96
363 85
323 25
344 91
342 55
364 82
324 64
345 97
343 78
365 11
325 79
346 15
344 52
366 13
326 48
347 83
345 78
367 57
327 61
348 98
346 51
368 13
328 92
349 47
347 43
369 21
329 50
350 71
348 72
370 26
330 26
351 20
349 54
371 16
331 27
352 27
350 98
372 84
332 78
353 42
351 54
373 55
333 93
354 42
352 48
374 20
334 88
355 86
353 84
375 77
335 58
356 36
354 92
376 80
336 55
357 38
355 80
377 53
337 32
358 27
356 84
378 71
338 78
359 48
357 58
379 95
339 41
360 30
358 89
380 29
340 44
359 95
381 88
341 78
362 84
382 45
342 55
363 57
361 12
383 45
343 100
364 31
362 14
384 49
344 80
365 41
363 13
385 99
345 90
366 61
364 13
386 85
346 48
367 15
365 95
387 22
347 55
368 22
366 79
388 16
348 98
369 93
367 71
389 80
349 19
370 97
368 55
390 69
350 48
371 80
369 49
391 30
351 41
372 57
370 89
392 38
352 34
373 40
371 65
393 26
353 33
374 68
372 98
394 51
354 50
375 86
373 51
395 32
355 74
376 75
374 75
396 54
356 43
377 53
375 47
397 36
357 40
378 97
376 40
398 23
358 30
379 35
377 17
399 78
359 28
380 37
378 13
400 20
360 56
379 62
361 56
382 83
362 34
383 46
381 63
363 38
384 91
382 93
364 26
385 25
383 22
365 84
386 69
384 54
366 87
387 51
385 85
367 36
388 23
386 32
368 97
389 49
387 48
369 60
390 87
388 36
370 37
391 16
389 64
371 15
392 95
390 99
372 97
393 35
391 71
373 52
394 80
392 62
374 91
395 26
393 79
375 37
396 22
394 89
376 62
397 88
395 82
377 63
398 54
396 49
378 29
399 82
397 59
379 76
400 47
398 52
380 98
399 90
322
197
1 322 
1 42 
2 125 281 
2 314 90 
1 51 
1 156 
3 148 355 58 
3 386 6 36 
1 141 
3 372 9 160 
1 91 
1 381 
1 61 
2 340 48 
2 248 195 
2 19 83 
2 22 225 
1 354 
1 377 
1 279 
1 29 
3 129 289 144 
1 45 
1 283 
1 389 
1 87 
3 336 106 150 
2 52 121 
1 218 
2 214 304 
1 262 
3 327 202 366 
3 338 186 274 
1 117 
2 296 287 
1 2 
2 234 18 
1 168 
2 333 311 
1 108 
1 154 
3 50 375 330 
4 331 212 368 291 
2 209 312 
2 269 69 
2 302 335 
3 182 191 351 
2 286 341 
2 204 251 
1 301 
3 193 229 123 
2 362 43 
3 390 3 111 
1 228 
4 41 164 373 273 
2 56 232 
1 131 
4 345 92 122 275 
4 157 398 64 307 
2 26 180 
1 75 
2 80 224 
3 350 395 339 
1 383 
1 215 
1 175 
1 67 
2 266 110 
2 241 10 
2 11 252 
3 166 23 246 
1 17 
2 181 320 
2 76 15 
2 152 65 
1 197 
