625 2400 10 100 118
2
3
3
3
3
3
3
3
3
3
3
3
3
3
3
3
3
3
3
3
3
3
3
3
2
3
4
4
4
4
4
4
4
4
4
4
4
4
4
4
4
4
4
4
4
4
4
4
4
3
3
4
4
4
4
4
4
4
4
4
4
4
4
4
4
4
4
4
4
4
4
4
4
4
3
3
4
4
4
4
4
4
4
4
4
4
4
4
4
4
4
4
4
4
4
4
4
4
4
3
3
4
4
4
4
4
4
4
4
4
4
4
4
4
4
4
4
4
4
4
4
4
4
4
3
3
4
4
4
4
4
4
4
4
4
4
4
4
4
4
4
4
4
4
4
4
4
4
4
3
3
4
4
4
4
4
4
4
4
4
4
4
4
4
4
4
4
4
4
4
4
4
4
4
3
3
4
4
4
4
4
4
4
4
4
4
4
4
4
4
4
4
4
4
4
4
4
4
4
3
3
4
4
4
4
4
4
4
4
4
4
4
4
4
4
4
4
4
4
4
4
4
4
4
3
3
4
4
4
4
4
4
4
4
4
4
4
4
4
4
4
4
4
4
4
4
4
4
4
3
3
4
4
4
4
4
4
4
4
4
4
4
4
4
4
4
4
4
4
4
4
4
4
4
3
3
4
4
4
4
4
4
4
4
4
4
4
4
4
4
4
4
4
4
4
4
4
4
4
3
3
4
4
4
4
4
4
4
4
4
4
4
4
4
4
4
4
4
4
4
4
4
4
4
3
3
4
4
4
4
4
4
4
4
4
4
4
4
4
4
4
4
4
4
4
4
4
4
4
3
3
4
4
4
4
4
4
4
4
4
4
4
4
4
4
4
4
4
4
4
4
4
4
4
3
3
4
4
4
4
4
4
4
4
4
4
4
4
4
4
4
4
4
4
4
4
4
4
4
3
3
4
4
4
4
4
4
4
4
4
4
4
4
4
4
4
4
4
4
4
4
4
4
4
3
3
4
4
4
4
4
4
4
4
4
4
4
4
4
4
4
4
4
4
4
4
4
4
4
3
3
4
4
4
4
4
4
4
4
4
4
4
4
4
4
4
4
4
4
4
4
4
4
4
3
3
4
4
4
4
4
4
4
4
4
4
4
4
4
4
4
4
4
4
4
4
4
4
4
3
3
4
4
4
4
4
4
4
4
4
4
4
4
4
4
4
4
4
4
4
4
4
4
4
3
3
4
4
4
4
4
4
4
4
4
4
4
4
4
4
4
4
4
4
4
4
4
4
4
3
3
4
4
4
4
4
4
4
4
4
4
4
4
4
4
4
4
4
4
4
4
4
4
4
3
3
4
4
4
4
4
4
4
4
4
4
4
4
4
4
4
4
4
4
4
4
4
4
4
3
2
3
3
3
3
3
3
3
3
3
3
3
3
3
3
3
3
3
3
3
3
3
3
3
2
26 35
2 29
27 64
3 71
1 47
28 77
4 72
2 16
29 90
5 12
3 13
30 100
6 79
4 17
31 52
7 61
5 81
32 82
8 93
6 47
33 32
9 71
7 57
34 12
10 37
8 72
35 43
11 30
9 38
36 94
12 25
10 78
37 62
13 74
11 16
38 33
14 35
12 65
39 83
15 61
13 73
40 21
16 95
14 14
41 26
17 35
15 29
42 65
18 98
16 17
43 83
19 44
17 45
44 81
20 28
18 11
45 41
21 52
19 52
46 39
22 89
20 15
47 84
23 27
21 83
48 85
24 18
22 83
49 78
25 13
23 90
50 32
24 25
51 96
1 38
27 58
52 91
2 86
28 41
26 36
53 58
3 27
29 26
27 48
54 74
4 87
30 74
28 99
55 42
5 99
31 24
29 72
56 89
6 59
32 25
30 62
57 18
7 17
33 93
31 89
58 50
8 47
34 88
32 45
59 76
9 24
35 58
33 12
60 50
10 55
36 89
34 10
61 74
11 32
37 55
35 31
62 17
12 87
38 22
36 69
63 12
13 21
39 85
37 90
64 54
14 35
40 97
38 91
65 23
15 42
41 93
39 92
66 60
16 29
42 62
40 34
67 47
17 62
43 76
41 76
68 92
18 27
44 44
42 45
69 65
19 61
45 79
43 64
70 16
20 73
46 31
44 50
71 30
21 45
47 40
45 69
72 10
22 91
48 33
46 79
73 21
23 63
49 53
47 16
74 49
24 79
50 58
48 26
75 56
25 45
49 33
76 49
26 79
52 92
77 82
27 69
53 76
51 35
78 61
28 86
54 50
52 62
79 23
29 36
55 97
53 86
80 93
30 48
56 70
54 59
81 100
31 43
57 19
55 99
82 23
32 68
58 29
56 49
83 62
33 77
59 15
57 89
84 89
34 16
60 13
58 82
85 83
35 71
61 48
59 42
86 45
36 22
62 38
60 63
87 81
37 25
63 14
61 15
88 58
38 15
64 28
62 42
89 35
39 98
65 25
63 42
90 73
40 16
66 34
64 80
91 91
41 79
67 55
65 75
92 94
42 11
68 13
66 99
93 15
43 96
69 98
67 66
94 68
44 49
70 16
68 74
95 58
45 32
71 23
69 30
96 80
46 38
72 100
70 87
97 86
47 51
73 34
71 32
98 81
48 49
74 40
72 35
99 91
49 22
75 38
73 43
100 77
50 95
74 99
101 57
51 40
77 31
102 96
52 88
78 68
76 30
103 25
53 10
79 59
77 24
104 93
54 36
80 70
78 28
105 74
55 62
81 45
79 31
106 14
56 49
82 91
80 49
107 19
57 20
83 85
81 12
108 48
58 96
84 47
82 94
109 60
59 85
85 64
83 24
110 84
60 78
86 86
84 32
111 100
61 39
87 85
85 96
112 84
62 11
88 11
86 35
113 42
63 16
89 100
87 18
114 95
64 94
90 97
88 16
115 16
65 65
91 29
89 68
116 64
66 30
92 99
90 18
117 24
67 89
93 76
91 16
118 64
68 98
94 21
92 15
119 22
69 90
95 21
93 65
120 44
70 69
96 13
94 32
121 76
71 39
97 59
95 19
122 19
72 60
98 80
96 66
123 41
73 47
99 46
97 48
124 45
74 86
100 42
98 88
125 78
75 36
99 25
126 43
76 84
102 69
127 12
77 92
103 21
101 29
128 44
78 33
104 10
102 41
129 75
79 90
105 35
103 92
130 79
80 39
106 84
104 38
131 93
81 60
107 24
105 74
132 18
82 61
108 42
106 52
133 52
83 64
109 77
107 91
134 47
84 45
110 93
108 64
135 63
85 22
111 96
109 65
136 86
86 21
112 50
110 89
137 37
87 26
113 35
111 98
138 71
88 89
114 54
112 35
139 40
89 13
115 85
113 87
140 55
90 94
116 10
114 68
141 13
91 51
117 56
115 24
142 81
92 38
118 28
116 23
143 11
93 21
119 45
117 82
144 72
94 61
120 96
118 32
145 62
95 27
121 81
119 20
146 18
96 65
122 31
120 92
147 88
97 93
123 46
121 66
148 54
98 99
124 36
122 23
149 71
99 73
125 75
123 45
150 83
100 73
124 72
151 85
101 64
127 55
152 92
102 26
128 47
126 98
153 25
103 19
129 26
127 96
154 73
104 95
130 18
128 73
155 67
105 87
131 11
129 58
156 43
106 38
132 19
130 50
157 82
107 87
133 92
131 81
158 22
108 22
134 96
132 72
159 36
109 57
135 36
133 64
160 60
110 39
136 45
134 10
161 99
111 81
137 45
135 57
162 67
112 54
138 54
136 86
163 39
113 16
139 98
137 84
164 96
114 22
140 86
138 29
165 70
115 100
141 55
139 62
166 82
116 98
142 50
140 60
167 27
117 43
143 49
141 61
168 31
118 46
144 18
142 96
169 46
119 91
145 100
143 99
170 18
120 99
146 79
144 45
171 68
121 81
147 79
145 22
172 88
122 33
148 78
146 29
173 39
123 17
149 19
147 42
174 94
124 90
150 52
148 81
175 60
125 71
149 79
176 47
126 71
152 40
177 77
127 57
153 35
151 44
178 28
128 67
154 62
152 28
179 55
129 47
155 27
153 99
180 58
130 36
156 32
154 37
181 91
131 76
157 97
155 51
182 48
132 41
158 40
156 52
183 82
133 13
159 30
157 61
184 11
134 64
160 35
158 65
185 24
135 69
161 85
159 77
186 23
136 67
162 57
160 21
187 34
137 45
163 24
161 86
188 30
138 50
164 86
162 91
189 40
139 71
165 80
163 99
190 47
140 91
166 83
164 91
191 74
141 50
167 91
165 34
192 58
142 70
168 98
166 74
193 13
143 38
169 32
167 98
194 99
144 15
170 18
168 24
195 18
145 58
171 64
169 56
196 88
146 72
172 41
170 55
197 97
147 37
173 35
171 77
198 52
148 18
174 15
172 39
199 72
149 77
175 78
173 27
200 37
150 79
174 74
201 59
151 46
177 70
202 14
152 16
178 29
176 83
203 26
153 45
179 53
177 22
204 51
154 67
180 20
178 98
205 72
155 73
181 98
179 22
206 87
156 53
182 52
180 11
207 87
157 79
183 47
181 84
208 60
158 61
184 96
182 41
209 97
159 18
185 64
183 35
210 24
160 13
186 79
184 65
211 51
161 58
187 88
185 69
212 90
162 32
188 71
186 73
213 93
163 91
189 28
187 26
214 27
164 93
190 20
188 61
215 22
165 52
191 51
189 10
216 47
166 79
192 60
190 97
217 96
167 52
193 64
191 59
218 73
168 89
194 35
192 98
219 44
169 21
195 79
193 68
220 54
170 67
196 88
194 63
221 97
171 95
197 80
195 15
222 84
172 12
198 38
196 49
223 24
173 47
199 90
197 35
224 62
174 76
200 63
198 17
225 90
175 63
199 57
226 64
176 85
202 19
227 22
177 49
203 46
201 20
228 89
178 51
204 98
202 60
229 40
179 81
205 79
203 40
230 41
180 59
206 71
204 22
231 41
181 26
207 41
205 65
232 24
182 96
208 96
206 12
233 88
183 38
209 22
207 33
234 92
184 92
210 93
208 32
235 99
185 25
211 99
209 89
236 24
186 60
212 25
210 27
237 17
187 18
213 21
211 66
238 39
188 39
214 92
212 89
239 42
189 61
215 95
213 25
240 78
190 46
216 26
214 78
241 96
191 90
217 77
215 39
242 78
192 27
218 44
216 86
243 65
193 33
219 14
217 11
244 21
194 33
220 37
218 48
245 64
195 58
221 82
219 45
246 11
196 88
222 10
220 90
247 58
197 68
223 64
221 49
248 71
198 53
224 96
222 49
249 38
199 47
225 38
223 66
250 93
200 38
224 64
251 20
201 71
227 35
252 42
202 34
228 24
226 14
253 54
203 53
229 62
227 87
254 71
204 79
230 56
228 42
255 62
205 92
231 31
229 98
256 59
206 70
232 76
230 30
257 60
207 54
233 10
231 44
258 27
208 11
234 10
232 13
259 64
209 86
235 72
233 77
260 49
210 72
236 97
234 31
261 55
211 10
237 50
235 77
262 79
212 50
238 45
236 11
263 100
213 45
239 34
237 12
264 75
214 69
240 40
238 94
265 76
215 72
241 17
239 58
266 16
216 51
242 55
240 60
267 97
217 28
243 84
241 37
268 23
218 63
244 61
242 18
269 44
219 21
245 47
243 57
270 43
220 41
246 15
244 78
271 17
221 95
247 56
245 22
272 98
222 52
248 70
246 88
273 100
223 81
249 67
247 49
274 19
224 36
250 91
248 49
275 18
225 67
249 78
276 75
226 48
252 67
277 12
227 35
253 94
251 78
278 72
228 68
254 33
252 42
279 98
229 53
255 88
253 98
280 52
230 77
256 41
254 28
281 24
231 58
257 82
255 30
282 31
232 63
258 74
256 78
283 44
233 62
259 28
257 89
284 35
234 94
260 35
258 19
285 43
235 50
261 11
259 38
286 19
236 88
262 53
260 96
287 53
237 66
263 20
261 88
288 72
238 15
264 54
262 72
289 17
239 50
265 51
263 100
290 62
240 57
266 19
264 13
291 53
241 53
267 10
265 59
292 42
242 64
268 94
266 27
293 95
243 64
269 56
267 55
294 19
244 60
270 41
268 62
295 21
245 47
271 56
269 87
296 33
246 52
272 62
270 98
297 15
247 84
273 83
271 89
298 80
248 27
274 92
272 59
299 49
249 59
275 17
273 55
300 39
250 18
274 33
301 91
251 46
277 88
302 20
252 33
278 58
276 100
303 15
253 43
279 45
277 57
304 79
254 33
280 89
278 98
305 83
255 72
281 34
279 23
306 60
256 26
282 73
280 41
307 94
257 97
283 24
281 87
308 74
258 79
284 14
282 37
309 53
259 61
285 53
283 36
310 83
260 47
286 61
284 80
311 70
261 55
287 27
285 60
312 21
262 26
288 40
286 21
313 77
263 23
289 98
287 41
314 15
264 97
290 65
288 68
315 34
265 64
291 100
289 99
316 37
266 53
292 81
290 33
317 88
267 18
293 37
291 39
318 86
268 17
294 64
292 93
319 26
269 36
295 52
293 17
320 47
270 12
296 66
294 47
321 15
271 99
297 35
295 55
322 28
272 48
298 90
296 25
323 91
273 64
299 75
297 94
324 86
274 65
300 10
298 23
325 65
275 44
299 26
326 77
276 21
302 44
327 23
277 46
303 77
301 31
328 44
278 67
304 26
302 43
329 55
279 62
305 71
303 53
330 24
280 56
306 69
304 53
331 91
281 92
307 87
305 19
332 90
282 87
308 51
306 97
333 76
283 80
309 57
307 45
334 19
284 90
310 26
308 21
335 98
285 94
311 22
309 41
336 87
286 84
312 60
310 28
337 71
287 67
313 46
311 54
338 63
288 54
314 93
312 56
339 89
289 63
315 74
313 86
340 83
290 23
316 51
314 80
341 51
291 66
317 82
315 41
342 88
292 19
318 53
316 23
343 36
293 19
319 68
317 22
344 47
294 34
320 74
318 86
345 14
295 76
321 20
319 76
346 81
296 30
322 50
320 63
347 20
297 10
323 79
321 42
348 59
298 90
324 76
322 67
349 71
299 74
325 72
323 16
350 69
300 52
324 66
351 42
301 29
327 33
352 10
302 89
328 90
326 23
353 26
303 72
329 49
327 44
354 81
304 16
330 13
328 46
355 68
305 71
331 58
329 51
356 89
306 58
332 10
330 92
357 75
307 13
333 42
331 62
358 11
308 75
334 13
332 95
359 99
309 63
335 11
333 50
360 97
310 40
336 19
334 55
361 97
311 93
337 37
335 65
362 53
312 91
338 94
336 92
363 69
313 21
339 45
337 23
364 58
314 93
340 36
338 52
365 81
315 97
341 53
339 55
366 95
316 93
342 21
340 26
367 70
317 26
343 10
341 39
368 65
318 87
344 78
342 35
369 15
319 62
345 58
343 16
370 97
320 99
346 96
344 68
371 99
321 86
347 96
345 40
372 41
322 42
348 11
346 17
373 64
323 57
349 84
347 36
374 55
324 64
350 49
348 66
375 94
325 62
349 12
376 25
326 78
352 91
377 60
327 52
353 54
351 63
378 29
328 78
354 90
352 78
379 97
329 95
355 64
353 12
380 96
330 35
356 31
354 46
381 42
331 88
357 66
355 20
382 91
332 56
358 58
356 89
383 64
333 84
359 58
357 81
384 98
334 46
360 11
358 38
385 61
335 39
361 56
359 32
386 63
336 34
362 72
360 10
387 39
337 32
363 25
361 27
388 73
338 15
364 99
362 48
389 68
339 59
365 57
363 42
390 11
340 71
366 61
364 83
391 10
341 56
367 18
365 23
392 100
342 66
368 38
366 12
393 35
343 93
369 94
367 95
394 18
344 88
370 74
368 60
395 37
345 74
371 78
369 66
396 19
346 65
372 62
370 13
397 30
347 23
373 60
371 74
398 20
348 73
374 21
372 37
399 35
349 94
375 44
373 55
400 59
350 61
374 69
401 50
351 99
377 92
402 96
352 69
378 82
376 22
403 97
353 28
379 51
377 63
404 80
354 20
380 98
378 74
405 31
355 36
381 94
379 23
406 28
356 37
382 47
380 80
407 14
357 10
383 88
381 16
408 42
358 70
384 26
382 65
409 29
359 98
385 24
383 14
410 53
360 26
386 23
384 100
411 22
361 98
387 13
385 74
412 87
362 41
388 23
386 12
413 97
363 31
389 82
387 15
414 70
364 87
390 18
388 19
415 51
365 41
391 53
389 13
416 47
366 17
392 38
390 99
417 31
367 10
393 14
391 48
418 90
368 51
394 83
392 28
419 80
369 69
395 59
393 81
420 13
370 97
396 85
394 11
421 15
371 23
397 51
395 89
422 97
372 13
398 72
396 47
423 29
373 22
399 67
397 43
424 76
374 57
400 60
398 31
425 56
375 80
399 30
426 17
376 94
402 16
427 92
377 24
403 74
401 39
428 14
378 44
404 86
402 40
429 98
379 46
405 72
403 24
430 97
380 99
406 40
404 87
431 78
381 44
407 74
405 29
432 28
382 96
408 31
406 94
433 15
383 47
409 99
407 30
434 52
384 50
410 85
408 77
435 75
385 15
411 14
409 33
436 42
386 22
412 49
410 14
437 70
387 54
413 41
411 12
438 65
388 22
414 19
412 51
439 68
389 15
415 51
413 64
440 55
390 52
416 51
414 97
441 44
391 13
417 35
415 77
442 81
392 54
418 48
416 81
443 40
393 82
419 54
417 21
444 30
394 73
420 56
418 99
445 87
395 94
421 100
419 54
446 71
396 18
422 67
420 90
447 32
397 90
423 30
421 93
448 64
398 67
424 88
422 17
449 50
399 60
425 62
423 11
450 35
400 38
424 26
451 11
401 14
427 100
452 68
402 35
428 20
426 97
453 28
403 72
429 71
427 86
454 52
404 88
430 83
428 42
455 27
405 23
431 50
429 48
456 94
406 91
432 42
430 56
457 57
407 43
433 34
431 27
458 19
408 100
434 89
432 14
459 44
409 30
435 69
433 90
460 68
410 31
436 87
434 95
461 49
411 28
437 72
435 91
462 26
412 70
438 72
436 76
463 87
413 12
439 34
437 88
464 26
414 23
440 78
438 82
465 59
415 95
441 45
439 97
466 79
416 95
442 60
440 83
467 78
417 47
443 48
441 40
468 27
418 11
444 25
442 31
469 11
419 39
445 37
443 59
470 62
420 83
446 38
444 24
471 34
421 84
447 95
445 28
472 45
422 91
448 90
446 64
473 88
423 46
449 94
447 76
474 80
424 23
450 36
448 77
475 83
425 24
449 14
476 37
426 100
452 19
477 28
427 68
453 28
451 56
478 92
428 73
454 45
452 35
479 92
429 28
455 83
453 20
480 48
430 12
456 80
454 13
481 83
431 100
457 61
455 17
482 19
432 80
458 69
456 89
483 15
433 44
459 69
457 42
484 77
434 50
460 55
458 61
485 89
435 37
461 58
459 63
486 10
436 60
462 57
460 27
487 81
437 96
463 71
461 59
488 100
438 20
464 52
462 22
489 61
439 49
465 93
463 46
490 65
440 93
466 100
464 27
491 98
441 46
467 92
465 83
492 28
442 58
468 95
466 24
493 75
443 87
469 52
467 90
494 91
444 43
470 90
468 64
495 23
445 39
471 56
469 41
496 55
446 73
472 71
470 94
497 48
447 13
473 20
471 22
498 20
448 42
474 55
472 78
499 94
449 49
475 29
473 89
500 22
450 25
474 68
501 53
451 40
477 73
502 62
452 34
478 97
476 41
503 73
453 59
479 51
477 51
504 85
454 98
480 11
478 57
505 25
455 73
481 78
479 82
506 21
456 50
482 69
480 75
507 50
457 74
483 51
481 93
508 46
458 90
484 11
482 31
509 14
459 11
485 41
483 53
510 57
460 20
486 15
484 100
511 66
461 36
487 84
485 77
512 71
462 70
488 74
486 41
513 78
463 69
489 18
487 18
514 40
464 25
490 25
488 19
515 38
465 26
491 35
489 45
516 70
466 87
492 13
490 92
517 10
467 45
493 26
491 34
518 83
468 97
494 24
492 78
519 12
469 67
495 11
493 68
520 90
470 74
496 31
494 72
521 59
471 19
497 18
495 43
522 65
472 80
498 62
496 89
523 31
473 90
499 68
497 13
524 37
474 94
500 37
498 81
525 65
475 45
499 53
526 96
476 44
502 54
527 20
477 62
503 31
501 93
528 22
478 74
504 62
502 28
529 47
479 49
505 82
503 59
530 84
480 65
506 15
504 88
531 65
481 69
507 63
505 10
532 53
482 55
508 29
506 41
533 72
483 89
509 83
507 68
534 69
484 65
510 78
508 49
535 82
485 56
511 94
509 60
536 31
486 84
512 33
510 37
537 94
487 86
513 85
511 78
538 43
488 50
514 30
512 99
539 68
489 99
515 27
513 59
540 84
490 43
516 50
514 66
541 10
491 41
517 24
515 51
542 42
492 65
518 28
516 39
543 27
493 58
519 53
517 13
544 80
494 18
520 99
518 99
545 18
495 62
521 90
519 85
546 26
496 59
522 16
520 79
547 88
497 24
523 52
521 39
548 53
498 52
524 82
522 19
549 82
499 42
525 68
523 62
550 13
500 59
524 17
551 80
501 17
527 17
552 42
502 30
528 68
526 96
553 70
503 77
529 54
527 82
554 41
504 35
530 49
528 95
555 27
505 39
531 18
529 38
556 65
506 66
532 15
530 39
557 29
507 90
533 82
531 14
558 79
508 58
534 72
532 29
559 25
509 13
535 87
533 58
560 44
510 64
536 27
534 25
561 20
511 89
537 38
535 56
562 61
512 78
538 46
536 17
563 38
513 88
539 21
537 94
564 23
514 34
540 89
538 50
565 44
515 59
541 16
539 96
566 84
516 69
542 96
540 65
567 53
517 91
543 36
541 40
568 14
518 40
544 42
542 68
569 59
519 91
545 41
543 52
570 37
520 16
546 15
544 37
571 96
521 18
547 34
545 79
572 12
522 67
548 100
546 38
573 72
523 88
549 67
547 52
574 33
524 55
550 67
548 20
575 62
525 83
549 79
576 26
526 64
552 68
577 87
527 71
553 62
551 17
578 40
528 62
554 78
552 29
579 55
529 72
555 46
553 92
580 25
530 62
556 39
554 24
581 52
531 78
557 87
555 91
582 91
532 72
558 74
556 85
583 53
533 10
559 53
557 60
584 31
534 35
560 84
558 37
585 73
535 53
561 66
559 53
586 42
536 87
562 98
560 46
587 20
537 51
563 94
561 93
588 92
538 40
564 44
562 73
589 57
539 56
565 74
563 57
590 28
540 54
566 60
564 80
591 64
541 75
567 83
565 70
592 75
542 43
568 76
566 12
593 44
543 26
569 98
567 64
594 26
544 82
570 31
568 19
595 61
545 36
571 95
569 80
596 96
546 34
572 59
570 98
597 56
547 31
573 76
571 46
598 67
548 73
574 73
572 31
599 24
549 38
575 80
573 14
600 44
550 60
574 88
601 84
551 47
577 77
602 17
552 82
578 44
576 23
603 27
553 70
579 81
577 41
604 79
554 84
580 36
578 66
605 53
555 35
581 45
579 15
606 75
556 20
582 23
580 88
607 48
557 57
583 16
581 19
608 31
558 100
584 57
582 49
609 61
559 27
585 31
583 75
610 39
560 41
586 65
584 67
611 75
561 41
587 54
585 61
612 45
562 39
588 84
586 81
613 25
563 77
589 60
587 97
614 12
564 76
590 62
588 27
615 71
565 96
591 42
589 46
616 64
566 15
592 76
590 27
617 91
567 78
593 35
591 33
618 60
568 78
594 13
592 89
619 36
569 19
595 75
593 24
620 66
570 68
596 82
594 33
621 35
571 94
597 30
595 18
622 74
572 77
598 34
596 78
623 70
573 97
599 84
597 82
624 58
574 21
600 42
598 81
625 62
575 58
599 80
576 97
602 26
577 34
603 17
601 30
578 43
604 92
602 46
579 54
605 58
603 78
580 32
606 28
604 44
581 17
607 62
605 18
582 32
608 45
606 63
583 41
609 67
607 33
584 53
610 64
608 27
585 60
611 72
609 41
586 32
612 13
610 40
587 65
613 92
611 88
588 69
614 60
612 35
589 85
615 56
613 35
590 17
616 36
614 51
591 89
617 10
615 93
592 63
618 31
616 46
593 58
619 92
617 28
594 91
620 43
618 28
595 91
621 86
619 39
596 40
622 73
620 62
597 85
623 41
621 68
598 44
624 91
622 99
599 85
625 81
623 87
600 45
624 73
527
614
2 513 527 
3 22 587 103 
2 336 327 
2 372 225 
1 320 
1 15 
1 504 
2 151 107 
1 85 
3 265 374 325 
1 150 
2 376 505 
1 5 
1 398 
2 235 373 
2 463 480 
4 343 491 60 475 
1 173 
1 269 
2 458 81 
1 307 
1 529 
4 314 385 545 352 
1 478 
1 378 
2 208 101 
1 588 
4 419 77 149 21 
6 236 581 142 222 193 361 
3 312 315 402 
1 290 
1 26 
1 44 
2 17 454 
3 94 144 516 
1 472 
2 519 79 
1 8 
3 476 548 551 
3 156 155 370 
1 379 
1 575 
2 28 520 
2 228 210 
3 407 278 214 
2 592 231 
2 198 498 
2 201 429 
1 54 
1 131 
2 518 344 
1 367 
2 468 43 
3 411 467 451 
2 571 37 
2 310 470 
1 30 
1 471 
1 484 
1 500 
2 305 221 
3 68 455 515 
1 246 
1 615 
3 477 133 306 
2 601 335 
4 220 279 339 497 
1 270 
2 600 492 
2 543 559 
1 303 
1 512 
2 285 377 
6 14 517 603 618 45 160 
2 387 362 
3 383 95 2 
2 393 523 
1 39 
1 300 
1 346 
1 74 
3 427 249 46 
2 506 29 
2 268 296 
1 499 
2 408 4 
2 528 243 
2 608 503 
3 83 585 382 
2 349 206 
2 88 369 
2 570 288 
1 146 
3 574 326 260 
1 274 
1 400 
2 395 555 
2 162 25 
1 129 
1 569 
2 473 189 
2 611 364 
2 441 98 
1 3 
1 453 
2 152 207 
2 586 566 
1 316 
3 27 247 119 
3 347 40 526 
2 204 187 
1 452 
2 549 188 
2 171 342 
2 357 192 
1 404 
1 176 
1 614 
