196 728 10 100 37
2
3
3
3
3
3
3
3
3
3
3
3
3
2
3
4
4
4
4
4
4
4
4
4
4
4
4
3
3
4
4
4
4
4
4
4
4
4
4
4
4
3
3
4
4
4
4
4
4
4
4
4
4
4
4
3
3
4
4
4
4
4
4
4
4
4
4
4
4
3
3
4
4
4
4
4
4
4
4
4
4
4
4
3
3
4
4
4
4
4
4
4
4
4
4
4
4
3
3
4
4
4
4
4
4
4
4
4
4
4
4
3
3
4
4
4
4
4
4
4
4
4
4
4
4
3
3
4
4
4
4
4
4
4
4
4
4
4
4
3
3
4
4
4
4
4
4
4
4
4
4
4
4
3
3
4
4
4
4
4
4
4
4
4
4
4
4
3
3
4
4
4
4
4
4
4
4
4
4
4
4
3
2
3
3
3
3
3
3
3
3
3
3
3
3
2
15 85
2 29
16 72
3 75
1 52
17 62
4 95
2 77
18 85
5 46
3 81
19 37
6 27
4 56
20 23
7 67
5 34
21 50
8 61
6 61
22 98
9 19
7 82
23 84
10 71
8 94
24 84
11 36
9 44
25 52
12 56
10 35
26 43
13 48
11 61
27 35
14 14
12 15
28 12
13 92
29 25
1 37
16 37
30 11
2 37
17 34
15 35
31 54
3 76
18 61
16 85
32 32
4 35
19 17
17 26
33 10
5 79
20 34
18 80
34 33
6 75
21 33
19 68
35 54
7 94
22 46
20 57
36 69
8 36
23 87
21 99
37 46
9 68
24 98
22 71
38 11
10 60
25 37
23 86
39 41
11 23
26 18
24 51
40 56
12 27
27 74
25 32
41 95
13 60
28 53
26 81
42 86
14 20
27 32
43 74
15 69
30 17
44 51
16 25
31 63
29 26
45 62
17 65
32 14
30 11
46 90
18 98
33 50
31 79
47 56
19 90
34 23
32 42
48 79
20 89
35 100
33 48
49 77
21 88
36 49
34 63
50 55
22 87
37 100
35 97
51 48
23 69
38 17
36 97
52 58
24 63
39 22
37 31
53 87
25 58
40 14
38 97
54 24
26 36
41 28
39 29
55 36
27 36
42 50
40 66
56 81
28 82
41 71
57 55
29 28
44 70
58 85
30 14
45 42
43 91
59 89
31 67
46 56
44 45
60 32
32 19
47 74
45 19
61 15
33 31
48 21
46 53
62 41
34 32
49 39
47 51
63 63
35 96
50 20
48 89
64 51
36 88
51 35
49 57
65 43
37 64
52 33
50 36
66 71
38 91
53 28
51 12
67 41
39 22
54 90
52 10
68 98
40 70
55 77
53 92
69 60
41 11
56 34
54 63
70 51
42 32
55 98
71 36
43 23
58 91
72 91
44 78
59 57
57 60
73 66
45 68
60 54
58 73
74 25
46 76
61 74
59 88
75 29
47 100
62 53
60 81
76 40
48 94
63 48
61 53
77 29
49 77
64 63
62 39
78 81
50 45
65 80
63 78
79 17
51 74
66 94
64 46
80 33
52 87
67 27
65 60
81 20
53 49
68 54
66 18
82 56
54 56
69 10
67 46
83 47
55 34
70 54
68 92
84 93
56 91
69 24
85 75
57 95
72 15
86 47
58 49
73 34
71 94
87 53
59 58
74 31
72 71
88 10
60 100
75 100
73 96
89 82
61 21
76 98
74 48
90 85
62 28
77 15
75 13
91 18
63 44
78 79
76 10
92 53
64 77
79 19
77 25
93 20
65 39
80 80
78 55
94 99
66 46
81 60
79 71
95 50
67 18
82 44
80 20
96 84
68 25
83 46
81 94
97 49
69 85
84 50
82 12
98 26
70 61
83 15
99 43
71 39
86 86
100 64
72 39
87 45
85 22
101 85
73 86
88 62
86 62
102 93
74 81
89 96
87 15
103 37
75 52
90 15
88 62
104 81
76 75
91 49
89 55
105 88
77 66
92 62
90 30
106 35
78 46
93 11
91 42
107 24
79 12
94 96
92 76
108 12
80 15
95 59
93 45
109 17
81 38
96 78
94 100
110 50
82 91
97 45
95 22
111 38
83 95
98 93
96 33
112 10
84 91
97 88
113 97
85 54
100 56
114 44
86 27
101 78
99 61
115 37
87 40
102 28
100 41
116 13
88 21
103 46
101 73
117 67
89 23
104 21
102 78
118 85
90 31
105 51
103 29
119 85
91 45
106 25
104 78
120 69
92 25
107 65
105 14
121 32
93 27
108 82
106 98
122 71
94 96
109 40
107 92
123 38
95 20
110 14
108 39
124 16
96 90
111 25
109 19
125 42
97 91
112 13
110 29
126 30
98 32
111 75
127 85
99 36
114 78
128 13
100 46
115 61
113 93
129 57
101 22
116 97
114 90
130 77
102 75
117 31
115 83
131 42
103 17
118 91
116 10
132 84
104 67
119 79
117 55
133 35
105 29
120 18
118 82
134 94
106 88
121 29
119 42
135 95
107 65
122 93
120 70
136 30
108 46
123 77
121 74
137 19
109 82
124 59
122 74
138 31
110 98
125 74
123 50
139 70
111 25
126 63
124 12
140 83
112 58
125 76
141 14
113 32
128 10
142 33
114 92
129 11
127 15
143 66
115 49
130 32
128 97
144 32
116 89
131 60
129 83
145 51
117 21
132 23
130 54
146 92
118 61
133 18
131 46
147 11
119 25
134 18
132 45
148 90
120 93
135 15
133 79
149 99
121 55
136 19
134 43
150 92
122 93
137 18
135 82
151 24
123 87
138 55
136 55
152 58
124 54
139 78
137 96
153 100
125 84
140 12
138 51
154 87
126 66
139 29
155 85
127 30
142 15
156 33
128 45
143 32
141 52
157 70
129 90
144 17
142 53
158 88
130 91
145 60
143 32
159 83
131 46
146 23
144 35
160 10
132 19
147 15
145 70
161 24
133 13
148 60
146 23
162 31
134 77
149 67
147 19
163 70
135 22
150 28
148 33
164 87
136 38
151 22
149 70
165 22
137 89
152 38
150 45
166 44
138 67
153 36
151 37
167 41
139 66
154 15
152 30
168 83
140 16
153 41
169 95
141 49
156 61
170 84
142 76
157 22
155 96
171 47
143 13
158 92
156 82
172 37
144 77
159 53
157 52
173 97
145 94
160 15
158 13
174 15
146 18
161 10
159 20
175 63
147 51
162 57
160 58
176 90
148 93
163 91
161 85
177 83
149 13
164 63
162 63
178 49
150 94
165 76
163 71
179 55
151 66
166 68
164 58
180 42
152 15
167 20
165 71
181 62
153 78
168 34
166 81
182 37
154 82
167 19
183 50
155 35
170 34
184 14
156 97
171 47
169 72
185 11
157 21
172 96
170 57
186 22
158 11
173 81
171 61
187 60
159 56
174 53
172 63
188 24
160 38
175 24
173 49
189 23
161 49
176 25
174 72
190 56
162 21
177 17
175 77
191 27
163 46
178 54
176 28
192 24
164 37
179 42
177 27
193 45
165 81
180 28
178 35
194 92
166 71
181 60
179 79
195 69
167 72
182 92
180 84
196 31
168 27
181 48
169 54
184 26
170 64
185 87
183 25
171 52
186 30
184 44
172 62
187 77
185 98
173 90
188 24
186 61
174 29
189 99
187 40
175 100
190 18
188 12
176 24
191 83
189 61
177 93
192 69
190 51
178 59
193 30
191 88
179 38
194 10
192 51
180 54
195 85
193 42
181 35
196 38
194 72
182 13
195 23
91
136
1 91 
2 27 142 
2 26 57 
1 30 
2 75 39 
3 62 146 140 
3 106 36 68 
2 123 23 
2 51 107 
1 102 
2 14 138 
3 28 83 121 
1 78 
2 67 73 
3 128 178 194 
2 170 11 
3 31 175 152 
1 153 
2 89 99 
1 161 
1 127 
2 174 16 
1 148 
2 79 182 
1 189 
2 144 115 
3 12 84 76 
1 196 
3 71 54 166 
1 95 
1 10 
2 53 143 
1 35 
2 169 165 
3 37 108 164 
2 45 1 
1 136 
