600 2276 10 100 114
2
3
3
3
3
3
3
3
3
3
3
3
3
3
3
3
3
3
3
3
3
3
3
3
3
3
3
3
3
3
3
3
3
3
3
3
3
3
3
3
3
3
3
3
3
3
3
3
3
2
3
4
4
4
4
4
4
4
4
4
4
4
4
4
4
4
4
4
4
4
4
4
4
4
4
4
4
4
4
4
4
4
4
4
4
4
4
4
4
4
4
4
4
4
4
4
4
4
4
3
3
4
4
4
4
4
4
4
4
4
4
4
4
4
4
4
4
4
4
4
4
4
4
4
4
4
4
4
4
4
4
4
4
4
4
4
4
4
4
4
4
4
4
4
4
4
4
4
4
3
3
4
4
4
4
4
4
4
4
4
4
4
4
4
4
4
4
4
4
4
4
4
4
4
4
4
4
4
4
4
4
4
4
4
4
4
4
4
4
4
4
4
4
4
4
4
4
4
4
3
3
4
4
4
4
4
4
4
4
4
4
4
4
4
4
4
4
4
4
4
4
4
4
4
4
4
4
4
4
4
4
4
4
4
4
4
4
4
4
4
4
4
4
4
4
4
4
4
4
3
3
4
4
4
4
4
4
4
4
4
4
4
4
4
4
4
4
4
4
4
4
4
4
4
4
4
4
4
4
4
4
4
4
4
4
4
4
4
4
4
4
4
4
4
4
4
4
4
4
3
3
4
4
4
4
4
4
4
4
4
4
4
4
4
4
4
4
4
4
4
4
4
4
4
4
4
4
4
4
4
4
4
4
4
4
4
4
4
4
4
4
4
4
4
4
4
4
4
4
3
3
4
4
4
4
4
4
4
4
4
4
4
4
4
4
4
4
4
4
4
4
4
4
4
4
4
4
4
4
4
4
4
4
4
4
4
4
4
4
4
4
4
4
4
4
4
4
4
4
3
3
4
4
4
4
4
4
4
4
4
4
4
4
4
4
4
4
4
4
4
4
4
4
4
4
4
4
4
4
4
4
4
4
4
4
4
4
4
4
4
4
4
4
4
4
4
4
4
4
3
3
4
4
4
4
4
4
4
4
4
4
4
4
4
4
4
4
4
4
4
4
4
4
4
4
4
4
4
4
4
4
4
4
4
4
4
4
4
4
4
4
4
4
4
4
4
4
4
4
3
3
4
4
4
4
4
4
4
4
4
4
4
4
4
4
4
4
4
4
4
4
4
4
4
4
4
4
4
4
4
4
4
4
4
4
4
4
4
4
4
4
4
4
4
4
4
4
4
4
3
2
3
3
3
3
3
3
3
3
3
3
3
3
3
3
3
3
3
3
3
3
3
3
3
3
3
3
3
3
3
3
3
3
3
3
3
3
3
3
3
3
3
3
3
3
3
3
3
3
2
51 34
2 29
52 33
3 67
1 50
53 53
4 50
2 79
54 21
5 58
3 49
55 54
6 78
4 19
56 23
7 31
5 32
57 39
8 90
6 89
58 43
9 86
7 72
59 44
10 76
8 65
60 33
11 92
9 92
61 10
12 13
10 28
62 43
13 54
11 71
63 38
14 49
12 37
64 22
15 73
13 79
65 63
16 91
14 45
66 24
17 13
15 14
67 75
18 16
16 72
68 59
19 43
17 89
69 16
20 70
18 66
70 36
21 96
19 44
71 82
22 80
20 73
72 43
23 90
21 76
73 22
24 61
22 90
74 55
25 60
23 12
75 59
26 17
24 35
76 66
27 75
25 24
77 25
28 62
26 19
78 19
29 70
27 47
79 11
30 44
28 88
80 23
31 99
29 10
81 14
32 97
30 70
82 12
33 55
31 69
83 35
34 32
32 21
84 86
35 79
33 85
85 12
36 34
34 48
86 74
37 64
35 77
87 66
38 23
36 57
88 67
39 90
37 52
89 60
40 14
38 36
90 94
41 29
39 66
91 85
42 88
40 93
92 33
43 59
41 77
93 43
44 78
42 20
94 15
45 29
43 17
95 29
46 42
44 28
96 52
47 91
45 70
97 20
48 89
46 85
98 69
49 28
47 99
99 11
50 15
48 48
100 81
49 71
101 27
1 65
52 51
102 43
2 80
53 98
51 61
103 40
3 87
54 77
52 14
104 37
4 75
55 56
53 18
105 83
5 48
56 62
54 72
106 61
6 90
57 90
55 72
107 52
7 91
58 48
56 51
108 67
8 40
59 68
57 22
109 71
9 43
60 37
58 23
110 87
10 65
61 86
59 97
111 48
11 83
62 25
60 80
112 50
12 56
63 44
61 50
113 98
13 85
64 10
62 82
114 68
14 81
65 87
63 84
115 74
15 49
66 82
64 18
116 94
16 100
67 51
65 34
117 47
17 94
68 97
66 81
118 100
18 88
69 19
67 23
119 86
19 49
70 73
68 20
120 43
20 86
71 56
69 37
121 13
21 58
72 23
70 48
122 52
22 32
73 15
71 52
123 90
23 26
74 86
72 76
124 24
24 20
75 20
73 21
125 17
25 71
76 21
74 61
126 89
26 15
77 26
75 29
127 12
27 82
78 16
76 38
128 86
28 92
79 74
77 36
129 28
29 56
80 98
78 86
130 44
30 13
81 20
79 71
131 28
31 27
82 52
80 47
132 85
32 72
83 52
81 63
133 72
33 72
84 28
82 100
134 85
34 55
85 39
83 26
135 64
35 35
86 47
84 55
136 89
36 10
87 80
85 61
137 23
37 46
88 10
86 39
138 67
38 60
89 40
87 74
139 71
39 82
90 29
88 55
140 82
40 50
91 39
89 74
141 82
41 88
92 66
90 91
142 91
42 22
93 64
91 54
143 20
43 63
94 25
92 34
144 27
44 88
95 10
93 76
145 60
45 94
96 78
94 29
146 32
46 81
97 22
95 33
147 65
47 92
98 44
96 31
148 41
48 73
99 85
97 41
149 66
49 56
100 16
98 90
150 80
50 82
99 87
151 93
51 50
102 62
152 91
52 44
103 100
101 44
153 11
53 19
104 37
102 64
154 89
54 83
105 86
103 55
155 78
55 44
106 31
104 90
156 59
56 80
107 33
105 61
157 36
57 97
108 50
106 40
158 96
58 80
109 45
107 70
159 87
59 49
110 21
108 47
160 98
60 16
111 28
109 36
161 85
61 14
112 14
110 42
162 63
62 15
113 57
111 46
163 37
63 11
114 13
112 67
164 36
64 42
115 97
113 40
165 99
65 12
116 46
114 72
166 84
66 75
117 10
115 90
167 43
67 63
118 44
116 19
168 79
68 53
119 91
117 58
169 87
69 62
120 47
118 76
170 85
70 46
121 58
119 31
171 96
71 15
122 89
120 74
172 82
72 16
123 99
121 78
173 55
73 18
124 81
122 47
174 83
74 82
125 67
123 70
175 94
75 78
126 84
124 27
176 27
76 24
127 23
125 54
177 55
77 87
128 64
126 46
178 92
78 94
129 16
127 80
179 96
79 92
130 93
128 77
180 18
80 29
131 12
129 22
181 70
81 36
132 21
130 52
182 60
82 30
133 56
131 95
183 39
83 99
134 84
132 27
184 75
84 20
135 53
133 93
185 46
85 86
136 53
134 54
186 47
86 37
137 56
135 87
187 86
87 26
138 29
136 33
188 48
88 65
139 98
137 96
189 79
89 85
140 80
138 41
190 10
90 81
141 47
139 72
191 82
91 25
142 84
140 95
192 67
92 95
143 43
141 87
193 78
93 97
144 53
142 26
194 65
94 46
145 63
143 66
195 32
95 42
146 25
144 32
196 13
96 55
147 31
145 41
197 52
97 96
148 53
146 70
198 35
98 95
149 44
147 10
199 76
99 41
150 29
148 86
200 93
100 78
149 42
201 50
101 36
152 84
202 83
102 81
153 66
151 93
203 46
103 83
154 16
152 84
204 24
104 83
155 49
153 41
205 49
105 10
156 77
154 70
206 56
106 74
157 36
155 13
207 78
107 99
158 82
156 13
208 89
108 12
159 49
157 31
209 64
109 53
160 78
158 66
210 33
110 97
161 54
159 11
211 35
111 10
162 37
160 84
212 65
112 43
163 30
161 67
213 98
113 36
164 26
162 73
214 43
114 29
165 88
163 20
215 62
115 35
166 17
164 52
216 44
116 47
167 93
165 47
217 65
117 66
168 21
166 55
218 21
118 69
169 90
167 40
219 63
119 67
170 61
168 92
220 59
120 29
171 30
169 73
221 76
121 74
172 58
170 56
222 92
122 21
173 88
171 24
223 64
123 41
174 66
172 69
224 46
124 15
175 89
173 71
225 74
125 68
176 90
174 21
226 19
126 45
177 80
175 57
227 27
127 13
178 14
176 95
228 18
128 44
179 43
177 99
229 24
129 84
180 59
178 96
230 87
130 67
181 37
179 30
231 10
131 17
182 53
180 56
232 40
132 21
183 41
181 72
233 40
133 10
184 97
182 53
234 82
134 57
185 32
183 52
235 31
135 16
186 62
184 80
236 36
136 36
187 56
185 94
237 51
137 73
188 48
186 38
238 71
138 70
189 57
187 21
239 53
139 73
190 55
188 32
240 51
140 100
191 51
189 53
241 89
141 38
192 41
190 47
242 13
142 43
193 34
191 64
243 26
143 63
194 50
192 36
244 33
144 26
195 40
193 49
245 29
145 81
196 80
194 28
246 21
146 67
197 12
195 61
247 32
147 52
198 21
196 90
248 79
148 43
199 40
197 38
249 81
149 91
200 34
198 51
250 49
150 91
199 61
251 82
151 81
202 59
252 12
152 14
203 41
201 34
253 91
153 100
204 47
202 59
254 51
154 41
205 53
203 48
255 85
155 29
206 53
204 83
256 67
156 87
207 14
205 68
257 72
157 42
208 66
206 64
258 69
158 61
209 90
207 79
259 45
159 72
210 59
208 25
260 18
160 48
211 50
209 76
261 33
161 89
212 61
210 33
262 70
162 58
213 13
211 28
263 15
163 75
214 67
212 93
264 88
164 36
215 72
213 57
265 96
165 38
216 66
214 71
266 28
166 67
217 61
215 15
267 63
167 73
218 41
216 39
268 63
168 39
219 50
217 52
269 31
169 76
220 17
218 33
270 27
170 25
221 28
219 100
271 77
171 27
222 31
220 13
272 85
172 96
223 47
221 78
273 24
173 27
224 27
222 79
274 72
174 65
225 55
223 83
275 35
175 21
226 73
224 12
276 40
176 78
227 75
225 15
277 83
177 58
228 20
226 97
278 66
178 17
229 47
227 59
279 26
179 99
230 15
228 79
280 48
180 100
231 79
229 72
281 68
181 11
232 23
230 16
282 42
182 54
233 53
231 50
283 88
183 44
234 67
232 65
284 71
184 29
235 10
233 27
285 11
185 23
236 99
234 13
286 74
186 84
237 59
235 98
287 17
187 74
238 99
236 100
288 30
188 38
239 63
237 23
289 88
189 85
240 31
238 32
290 98
190 50
241 13
239 69
291 11
191 42
242 26
240 23
292 73
192 81
243 91
241 58
293 37
193 86
244 33
242 59
294 61
194 57
245 100
243 10
295 70
195 66
246 16
244 49
296 29
196 90
247 42
245 24
297 30
197 20
248 15
246 18
298 75
198 10
249 42
247 27
299 71
199 44
250 35
248 95
300 12
200 48
249 52
301 69
201 40
252 36
302 85
202 79
253 18
251 13
303 86
203 79
254 18
252 78
304 94
204 10
255 14
253 26
305 93
205 75
256 27
254 61
306 74
206 49
257 82
255 42
307 85
207 84
258 28
256 25
308 64
208 43
259 90
257 37
309 10
209 99
260 12
258 28
310 77
210 94
261 62
259 62
311 33
211 40
262 45
260 51
312 48
212 39
263 33
261 90
313 29
213 46
264 16
262 62
314 65
214 19
265 90
263 67
315 71
215 68
266 27
264 63
316 62
216 73
267 25
265 21
317 20
217 97
268 91
266 42
318 15
218 24
269 49
267 16
319 26
219 73
270 36
268 74
320 34
220 11
271 30
269 84
321 55
221 54
272 69
270 64
322 89
222 34
273 68
271 50
323 12
223 36
274 77
272 24
324 66
224 90
275 59
273 67
325 82
225 26
276 83
274 81
326 95
226 18
277 75
275 43
327 95
227 52
278 50
276 76
328 61
228 47
279 10
277 78
329 91
229 60
280 78
278 49
330 85
230 65
281 98
279 99
331 30
231 60
282 100
280 95
332 64
232 57
283 41
281 33
333 48
233 37
284 56
282 16
334 21
234 76
285 46
283 82
335 21
235 64
286 55
284 22
336 67
236 45
287 91
285 62
337 82
237 82
288 61
286 62
338 34
238 59
289 92
287 75
339 31
239 97
290 20
288 95
340 12
240 94
291 85
289 59
341 95
241 87
292 97
290 46
342 39
242 72
293 77
291 30
343 28
243 95
294 75
292 88
344 24
244 14
295 13
293 83
345 17
245 64
296 73
294 18
346 21
246 72
297 17
295 28
347 30
247 90
298 22
296 32
348 53
248 12
299 63
297 62
349 55
249 51
300 71
298 100
350 11
250 74
299 85
351 14
251 63
302 45
352 81
252 50
303 23
301 35
353 73
253 40
304 72
302 74
354 70
254 22
305 43
303 40
355 76
255 90
306 14
304 99
356 59
256 34
307 91
305 12
357 68
257 22
308 57
306 12
358 15
258 47
309 62
307 68
359 40
259 33
310 26
308 21
360 92
260 64
311 59
309 84
361 41
261 14
312 67
310 52
362 61
262 74
313 60
311 48
363 33
263 31
314 55
312 46
364 59
264 46
315 46
313 87
365 33
265 68
316 83
314 58
366 17
266 32
317 69
315 13
367 98
267 79
318 18
316 77
368 29
268 91
319 21
317 35
369 69
269 84
320 55
318 83
370 52
270 50
321 97
319 52
371 30
271 93
322 84
320 12
372 25
272 61
323 76
321 95
373 81
273 98
324 74
322 11
374 18
274 14
325 71
323 56
375 80
275 93
326 35
324 39
376 27
276 30
327 57
325 97
377 89
277 37
328 23
326 62
378 61
278 63
329 36
327 65
379 78
279 76
330 73
328 30
380 19
280 18
331 30
329 72
381 21
281 33
332 96
330 81
382 18
282 83
333 79
331 44
383 49
283 81
334 37
332 33
384 78
284 81
335 36
333 97
385 99
285 31
336 56
334 29
386 23
286 54
337 100
335 18
387 16
287 61
338 22
336 69
388 59
288 49
339 90
337 90
389 71
289 95
340 78
338 38
390 19
290 48
341 51
339 92
391 63
291 79
342 37
340 97
392 70
292 48
343 66
341 25
393 61
293 55
344 78
342 35
394 13
294 86
345 66
343 58
395 90
295 23
346 32
344 42
396 16
296 63
347 80
345 66
397 78
297 39
348 99
346 37
398 27
298 49
349 41
347 15
399 41
299 41
350 75
348 15
400 22
300 52
349 76
401 89
301 39
352 83
402 53
302 85
353 69
351 48
403 66
303 55
354 55
352 75
404 42
304 53
355 96
353 51
405 28
305 97
356 73
354 78
406 71
306 57
357 97
355 33
407 82
307 22
358 42
356 10
408 86
308 41
359 27
357 75
409 87
309 28
360 87
358 77
410 28
310 55
361 19
359 76
411 61
311 21
362 93
360 59
412 28
312 68
363 95
361 94
413 88
313 95
364 11
362 96
414 94
314 77
365 63
363 43
415 63
315 38
366 60
364 87
416 52
316 67
367 85
365 66
417 38
317 60
368 76
366 33
418 49
318 51
369 40
367 33
419 60
319 20
370 64
368 30
420 56
320 49
371 100
369 82
421 69
321 41
372 43
370 79
422 36
322 29
373 55
371 41
423 75
323 16
374 19
372 21
424 68
324 67
375 80
373 46
425 20
325 60
376 91
374 79
426 86
326 13
377 48
375 94
427 18
327 96
378 31
376 57
428 54
328 17
379 59
377 13
429 14
329 18
380 12
378 33
430 83
330 21
381 86
379 58
431 65
331 32
382 53
380 91
432 45
332 61
383 24
381 43
433 42
333 35
384 15
382 51
434 82
334 64
385 51
383 84
435 39
335 48
386 12
384 72
436 86
336 11
387 72
385 37
437 11
337 55
388 78
386 55
438 77
338 66
389 38
387 68
439 77
339 52
390 17
388 73
440 43
340 85
391 32
389 16
441 91
341 84
392 83
390 98
442 87
342 66
393 21
391 16
443 64
343 34
394 78
392 81
444 58
344 51
395 20
393 96
445 91
345 15
396 65
394 49
446 77
346 35
397 56
395 29
447 30
347 94
398 31
396 23
448 29
348 17
399 68
397 34
449 85
349 49
400 94
398 80
450 18
350 47
399 85
451 99
351 41
402 11
452 89
352 62
403 29
401 18
453 55
353 17
404 62
402 62
454 99
354 66
405 10
403 56
455 74
355 95
406 96
404 34
456 74
356 57
407 75
405 11
457 94
357 54
408 68
406 27
458 50
358 74
409 95
407 73
459 96
359 29
410 87
408 21
460 64
360 23
411 84
409 51
461 36
361 86
412 48
410 36
462 44
362 85
413 43
411 44
463 97
363 32
414 80
412 88
464 38
364 77
415 98
413 19
465 29
365 50
416 24
414 41
466 27
366 36
417 69
415 40
467 98
367 56
418 64
416 22
468 44
368 15
419 57
417 88
469 88
369 62
420 13
418 98
470 23
370 27
421 79
419 80
471 70
371 45
422 93
420 70
472 73
372 85
423 32
421 48
473 99
373 71
424 51
422 49
474 38
374 40
425 39
423 96
475 24
375 99
426 100
424 19
476 63
376 47
427 37
425 48
477 23
377 52
428 73
426 20
478 54
378 70
429 47
427 75
479 31
379 92
430 84
428 47
480 50
380 65
431 24
429 75
481 42
381 25
432 86
430 68
482 10
382 19
433 86
431 27
483 57
383 97
434 19
432 65
484 16
384 54
435 10
433 22
485 71
385 28
436 79
434 41
486 91
386 62
437 62
435 15
487 58
387 58
438 56
436 38
488 36
388 24
439 100
437 96
489 41
389 90
440 71
438 32
490 82
390 32
441 45
439 37
491 24
391 79
442 34
440 37
492 50
392 86
443 70
441 33
493 50
393 95
444 78
442 69
494 69
394 53
445 67
443 16
495 82
395 84
446 92
444 59
496 93
396 88
447 63
445 71
497 59
397 15
448 39
446 43
498 30
398 17
449 75
447 38
499 61
399 68
450 31
448 14
500 85
400 37
449 81
501 68
401 38
452 80
502 46
402 11
453 10
451 37
503 34
403 16
454 71
452 81
504 71
404 49
455 51
453 82
505 14
405 49
456 89
454 98
506 38
406 77
457 53
455 42
507 47
407 75
458 13
456 44
508 88
408 31
459 78
457 91
509 53
409 70
460 52
458 58
510 51
410 40
461 31
459 68
511 78
411 11
462 78
460 66
512 45
412 51
463 30
461 32
513 52
413 64
464 86
462 81
514 97
414 49
465 87
463 16
515 73
415 68
466 93
464 96
516 64
416 64
467 51
465 86
517 53
417 24
468 74
466 97
518 89
418 74
469 12
467 51
519 71
419 45
470 48
468 40
520 34
420 53
471 25
469 25
521 80
421 92
472 72
470 50
522 47
422 70
473 45
471 70
523 40
423 59
474 47
472 95
524 81
424 98
475 66
473 41
525 15
425 24
476 13
474 72
526 92
426 68
477 59
475 78
527 57
427 40
478 17
476 30
528 98
428 88
479 50
477 82
529 70
429 32
480 56
478 38
530 22
430 10
481 60
479 53
531 42
431 88
482 97
480 91
532 25
432 56
483 72
481 89
533 20
433 16
484 60
482 30
534 50
434 77
485 56
483 73
535 95
435 75
486 71
484 50
536 78
436 58
487 84
485 85
537 92
437 39
488 16
486 84
538 74
438 90
489 16
487 42
539 89
439 51
490 67
488 28
540 31
440 30
491 59
489 71
541 25
441 61
492 98
490 44
542 90
442 80
493 79
491 13
543 22
443 64
494 78
492 67
544 53
444 69
495 29
493 88
545 66
445 31
496 37
494 72
546 100
446 43
497 49
495 66
547 44
447 81
498 56
496 55
548 57
448 19
499 56
497 16
549 82
449 45
500 29
498 63
550 61
450 11
499 30
551 24
451 81
502 76
552 81
452 17
503 66
501 46
553 25
453 34
504 24
502 86
554 82
454 16
505 59
503 18
555 73
455 68
506 10
504 97
556 37
456 99
507 20
505 31
557 65
457 16
508 27
506 100
558 32
458 94
509 63
507 45
559 30
459 93
510 66
508 62
560 99
460 32
511 78
509 59
561 11
461 51
512 25
510 89
562 69
462 71
513 81
511 73
563 46
463 95
514 82
512 11
564 100
464 37
515 10
513 26
565 84
465 63
516 24
514 80
566 16
466 30
517 27
515 93
567 36
467 16
518 76
516 28
568 62
468 95
519 15
517 79
569 82
469 97
520 17
518 27
570 56
470 58
521 77
519 54
571 53
471 68
522 42
520 96
572 60
472 95
523 15
521 55
573 88
473 72
524 28
522 29
574 27
474 47
525 68
523 20
575 10
475 27
526 87
524 40
576 59
476 92
527 95
525 34
577 17
477 34
528 34
526 62
578 68
478 67
529 34
527 90
579 48
479 87
530 39
528 51
580 55
480 98
531 21
529 100
581 25
481 52
532 84
530 24
582 11
482 69
533 88
531 66
583 85
483 31
534 84
532 73
584 99
484 11
535 88
533 88
585 87
485 43
536 78
534 84
586 54
486 17
537 33
535 13
587 51
487 76
538 28
536 56
588 83
488 86
539 33
537 63
589 32
489 64
540 98
538 36
590 57
490 19
541 63
539 28
591 98
491 19
542 53
540 84
592 33
492 34
543 73
541 15
593 42
493 35
544 60
542 61
594 19
494 95
545 96
543 21
595 32
495 63
546 86
544 60
596 57
496 27
547 79
545 19
597 22
497 67
548 15
546 83
598 13
498 100
549 77
547 49
599 57
499 100
550 44
548 88
600 93
500 86
549 61
501 79
552 33
502 20
553 26
551 75
503 59
554 77
552 94
504 70
555 31
553 68
505 49
556 55
554 60
506 88
557 20
555 31
507 92
558 55
556 34
508 12
559 44
557 22
509 61
560 54
558 27
510 86
561 86
559 99
511 15
562 60
560 35
512 92
563 53
561 23
513 82
564 80
562 16
514 36
565 75
563 92
515 71
566 19
564 22
516 20
567 87
565 53
517 42
568 84
566 88
518 34
569 88
567 41
519 16
570 85
568 89
520 85
571 38
569 19
521 71
572 92
570 26
522 81
573 72
571 65
523 30
574 97
572 66
524 10
575 57
573 30
525 62
576 81
574 65
526 40
577 15
575 77
527 37
578 14
576 57
528 13
579 32
577 56
529 61
580 71
578 73
530 40
581 35
579 40
531 81
582 46
580 92
532 62
583 35
581 18
533 97
584 52
582 60
534 40
585 85
583 85
535 78
586 39
584 27
536 42
587 27
585 40
537 53
588 70
586 94
538 33
589 69
587 73
539 90
590 89
588 42
540 21
591 74
589 52
541 71
592 33
590 18
542 54
593 15
591 16
543 65
594 49
592 41
544 63
595 39
593 34
545 81
596 97
594 26
546 29
597 71
595 72
547 18
598 55
596 67
548 44
599 72
597 89
549 80
600 60
598 74
550 17
599 86
27
408
2 497 27 
2 37 177 
5 309 516 121 508 176 
2 244 430 
2 154 403 
2 107 361 
1 389 
1 406 
2 300 44 
3 461 437 311 
2 164 428 
3 431 579 548 
2 134 436 
2 35 498 
1 328 
3 264 143 349 
1 528 
1 315 
2 355 29 
3 407 363 13 
1 276 
2 447 45 
3 332 162 26 
2 386 586 
2 552 70 
1 321 
1 493 
2 12 220 
3 563 81 259 
2 23 274 
2 31 518 
2 86 151 
1 103 
1 589 
4 494 271 98 270 
2 387 374 
1 78 
2 286 248 
1 399 
2 360 567 
2 50 352 
1 39 
2 295 572 
2 207 273 
2 137 353 
1 234 
2 46 261 
1 240 
2 366 441 
1 10 
2 82 204 
1 288 
2 125 506 
3 581 424 520 
1 534 
1 535 
2 236 345 
2 344 200 
1 223 
2 246 600 
3 415 475 479 
2 114 215 
2 2 438 
3 57 51 490 
2 582 511 
2 381 523 
2 14 63 
3 327 480 385 
1 568 
2 314 580 
2 33 460 
2 404 55 
2 338 524 
1 79 
3 285 371 348 
1 148 
5 198 414 468 218 471 
1 11 
1 150 
2 346 365 
1 331 
2 594 64 
2 357 591 
1 343 
3 60 525 396 
4 145 319 510 571 
2 235 77 
1 330 
1 463 
3 291 583 421 
1 155 
1 160 
2 540 8 
1 539 
1 152 
1 347 
1 253 
1 565 
3 119 269 515 
3 197 66 308 
1 239 
2 275 553 
2 43 588 
1 306 
1 370 
1 293 
1 507 
2 519 289 
4 312 201 504 459 
1 277 
2 85 6 
1 16 
1 561 
1 408 
