400 1520 10 100 76
2
3
3
3
3
3
3
3
3
3
3
3
3
3
3
3
3
3
3
2
3
4
4
4
4
4
4
4
4
4
4
4
4
4
4
4
4
4
4
3
3
4
4
4
4
4
4
4
4
4
4
4
4
4
4
4
4
4
4
3
3
4
4
4
4
4
4
4
4
4
4
4
4
4
4
4
4
4
4
3
3
4
4
4
4
4
4
4
4
4
4
4
4
4
4
4
4
4
4
3
3
4
4
4
4
4
4
4
4
4
4
4
4
4
4
4
4
4
4
3
3
4
4
4
4
4
4
4
4
4
4
4
4
4
4
4
4
4
4
3
3
4
4
4
4
4
4
4
4
4
4
4
4
4
4
4
4
4
4
3
3
4
4
4
4
4
4
4
4
4
4
4
4
4
4
4
4
4
4
3
3
4
4
4
4
4
4
4
4
4
4
4
4
4
4
4
4
4
4
3
3
4
4
4
4
4
4
4
4
4
4
4
4
4
4
4
4
4
4
3
3
4
4
4
4
4
4
4
4
4
4
4
4
4
4
4
4
4
4
3
3
4
4
4
4
4
4
4
4
4
4
4
4
4
4
4
4
4
4
3
3
4
4
4
4
4
4
4
4
4
4
4
4
4
4
4
4
4
4
3
3
4
4
4
4
4
4
4
4
4
4
4
4
4
4
4
4
4
4
3
3
4
4
4
4
4
4
4
4
4
4
4
4
4
4
4
4
4
4
3
3
4
4
4
4
4
4
4
4
4
4
4
4
4
4
4
4
4
4
3
3
4
4
4
4
4
4
4
4
4
4
4
4
4
4
4
4
4
4
3
3
4
4
4
4
4
4
4
4
4
4
4
4
4
4
4
4
4
4
3
2
3
3
3
3
3
3
3
3
3
3
3
3
3
3
3
3
3
3
2
21 44
2 29
22 63
3 53
1 64
23 65
4 53
2 28
24 30
5 51
3 10
25 20
6 89
4 27
26 28
7 11
5 28
27 28
8 46
6 17
28 74
9 23
7 85
29 20
10 41
8 51
30 10
11 71
9 44
31 73
12 94
10 42
32 55
13 10
11 32
33 13
14 91
12 99
34 10
15 46
13 49
35 22
16 72
14 94
36 20
17 53
15 58
37 49
18 40
16 95
38 76
19 10
17 84
39 45
20 91
18 98
40 49
19 35
41 69
1 44
22 45
42 31
2 33
23 18
21 42
43 40
3 41
24 73
22 69
44 54
4 14
25 97
23 63
45 43
5 37
26 75
24 58
46 10
6 54
27 99
25 22
47 65
7 99
28 32
26 30
48 65
8 66
29 38
27 75
49 71
9 67
30 95
28 51
50 12
10 25
31 59
29 26
51 15
11 70
32 42
30 69
52 13
12 17
33 14
31 47
53 91
13 72
34 56
32 94
54 30
14 89
35 47
33 92
55 40
15 91
36 34
34 51
56 80
16 100
37 12
35 14
57 44
17 71
38 68
36 38
58 79
18 16
39 39
37 41
59 74
19 35
40 76
38 21
60 21
20 16
39 17
61 43
21 85
42 45
62 13
22 53
43 49
41 75
63 79
23 79
44 26
42 70
64 16
24 27
45 57
43 56
65 17
25 44
46 62
44 82
66 41
26 37
47 88
45 20
67 13
27 95
48 39
46 26
68 25
28 91
49 42
47 79
69 49
29 49
50 67
48 85
70 95
30 54
51 87
49 83
71 64
31 34
52 65
50 89
72 100
32 31
53 23
51 87
73 18
33 33
54 35
52 38
74 97
34 33
55 60
53 15
75 58
35 43
56 14
54 23
76 38
36 83
57 39
55 21
77 95
37 10
58 12
56 76
78 66
38 35
59 70
57 42
79 66
39 21
60 12
58 58
80 60
40 14
59 43
81 95
41 54
62 14
82 46
42 33
63 77
61 25
83 60
43 96
64 54
62 98
84 97
44 20
65 11
63 58
85 20
45 43
66 27
64 85
86 15
46 83
67 56
65 55
87 16
47 38
68 95
66 19
88 69
48 88
69 71
67 23
89 77
49 96
70 96
68 53
90 88
50 30
71 48
69 62
91 45
51 22
72 66
70 42
92 78
52 43
73 54
71 40
93 37
53 31
74 60
72 61
94 83
54 96
75 69
73 90
95 82
55 81
76 39
74 97
96 34
56 85
77 17
75 38
97 22
57 86
78 93
76 92
98 16
58 15
79 83
77 32
99 16
59 66
80 86
78 64
100 22
60 89
79 90
101 27
61 100
82 58
102 14
62 57
83 80
81 30
103 33
63 55
84 98
82 72
104 21
64 79
85 11
83 81
105 45
65 81
86 85
84 44
106 82
66 60
87 41
85 58
107 50
67 21
88 17
86 81
108 36
68 99
89 88
87 46
109 35
69 16
90 57
88 43
110 66
70 84
91 22
89 79
111 19
71 41
92 14
90 66
112 57
72 30
93 66
91 60
113 77
73 22
94 10
92 42
114 81
74 63
95 25
93 35
115 48
75 36
96 34
94 74
116 60
76 95
97 39
95 38
117 77
77 100
98 47
96 54
118 30
78 85
99 90
97 60
119 68
79 11
100 69
98 65
120 12
80 56
99 65
121 70
81 86
102 64
122 30
82 39
103 15
101 75
123 83
83 30
104 94
102 62
124 67
84 67
105 61
103 56
125 41
85 63
106 31
104 64
126 37
86 67
107 12
105 76
127 75
87 83
108 13
106 12
128 21
88 25
109 11
107 15
129 34
89 52
110 62
108 55
130 55
90 14
111 87
109 31
131 46
91 100
112 22
110 40
132 83
92 16
113 46
111 78
133 14
93 45
114 19
112 59
134 51
94 88
115 73
113 75
135 10
95 100
116 56
114 28
136 92
96 58
117 98
115 83
137 89
97 43
118 72
116 90
138 29
98 54
119 67
117 76
139 41
99 23
120 46
118 28
140 87
100 33
119 45
141 59
101 88
122 78
142 64
102 74
123 62
121 43
143 80
103 52
124 22
122 93
144 20
104 13
125 51
123 89
145 55
105 79
126 31
124 14
146 27
106 14
127 61
125 47
147 11
107 21
128 49
126 38
148 49
108 98
129 66
127 94
149 18
109 55
130 52
128 28
150 75
110 18
131 18
129 65
151 98
111 61
132 72
130 93
152 86
112 91
133 19
131 99
153 27
113 57
134 88
132 82
154 45
114 20
135 84
133 31
155 11
115 56
136 49
134 43
156 44
116 87
137 31
135 22
157 97
117 13
138 80
136 14
158 83
118 82
139 41
137 36
159 43
119 27
140 87
138 60
160 40
120 96
139 90
161 42
121 73
142 79
162 60
122 40
143 31
141 55
163 72
123 41
144 10
142 15
164 63
124 64
145 96
143 18
165 87
125 60
146 39
144 44
166 22
126 86
147 99
145 59
167 41
127 81
148 61
146 50
168 73
128 42
149 56
147 71
169 18
129 47
150 53
148 39
170 42
130 22
151 37
149 29
171 99
131 55
152 73
150 25
172 84
132 30
153 77
151 41
173 30
133 21
154 76
152 98
174 63
134 14
155 52
153 66
175 85
135 64
156 36
154 37
176 98
136 56
157 30
155 30
177 40
137 57
158 30
156 25
178 83
138 36
159 64
157 66
179 58
139 85
160 33
158 41
180 76
140 52
159 38
181 62
141 60
162 82
182 46
142 36
163 89
161 21
183 62
143 78
164 84
162 100
184 83
144 97
165 12
163 91
185 90
145 65
166 85
164 67
186 64
146 20
167 77
165 34
187 32
147 16
168 18
166 30
188 63
148 83
169 34
167 75
189 78
149 75
170 36
168 50
190 70
150 43
171 91
169 99
191 28
151 15
172 38
170 10
192 47
152 71
173 45
171 34
193 21
153 50
174 10
172 82
194 26
154 91
175 65
173 66
195 80
155 62
176 64
174 69
196 45
156 81
177 13
175 29
197 30
157 97
178 26
176 28
198 16
158 56
179 59
177 56
199 43
159 78
180 57
178 48
200 53
160 40
179 15
201 62
161 52
182 77
202 94
162 12
183 52
181 73
203 12
163 22
184 66
182 56
204 72
164 33
185 38
183 35
205 49
165 10
186 65
184 54
206 78
166 66
187 29
185 31
207 58
167 84
188 68
186 15
208 78
168 96
189 91
187 11
209 61
169 53
190 60
188 82
210 80
170 58
191 70
189 90
211 80
171 25
192 63
190 73
212 92
172 46
193 43
191 82
213 25
173 71
194 96
192 30
214 48
174 10
195 84
193 35
215 90
175 44
196 57
194 61
216 93
176 59
197 20
195 77
217 17
177 84
198 38
196 81
218 25
178 10
199 23
197 48
219 24
179 83
200 60
198 43
220 33
180 20
199 13
221 27
181 79
202 83
222 11
182 54
203 19
201 40
223 25
183 28
204 68
202 38
224 82
184 38
205 88
203 23
225 21
185 77
206 50
204 34
226 39
186 65
207 83
205 51
227 51
187 98
208 65
206 88
228 26
188 44
209 65
207 70
229 32
189 13
210 60
208 73
230 99
190 27
211 68
209 23
231 69
191 23
212 45
210 27
232 42
192 58
213 93
211 56
233 15
193 76
214 12
212 62
234 59
194 12
215 52
213 22
235 13
195 39
216 17
214 30
236 65
196 33
217 12
215 97
237 48
197 45
218 88
216 72
238 75
198 90
219 76
217 37
239 25
199 94
220 11
218 41
240 27
200 57
219 51
241 78
201 72
222 60
242 83
202 96
223 79
221 18
243 40
203 25
224 93
222 72
244 81
204 40
225 12
223 61
245 89
205 66
226 25
224 81
246 26
206 13
227 28
225 95
247 80
207 87
228 50
226 84
248 14
208 82
229 82
227 62
249 58
209 20
230 13
228 95
250 84
210 63
231 35
229 88
251 94
211 20
232 92
230 66
252 64
212 58
233 48
231 44
253 96
213 97
234 86
232 89
254 11
214 40
235 39
233 28
255 57
215 50
236 79
234 22
256 39
216 76
237 87
235 49
257 63
217 39
238 49
236 79
258 72
218 15
239 48
237 89
259 20
219 41
240 64
238 64
260 30
220 32
239 62
261 19
221 63
242 13
262 29
222 90
243 64
241 33
263 89
223 63
244 46
242 41
264 12
224 40
245 74
243 68
265 64
225 36
246 16
244 23
266 72
226 85
247 95
245 24
267 83
227 87
248 52
246 56
268 19
228 51
249 17
247 68
269 24
229 37
250 61
248 15
270 71
230 83
251 15
249 50
271 49
231 37
252 43
250 39
272 89
232 89
253 34
251 66
273 81
233 57
254 77
252 35
274 52
234 92
255 27
253 56
275 84
235 18
256 74
254 17
276 20
236 73
257 34
255 91
277 22
237 27
258 62
256 51
278 92
238 99
259 36
257 23
279 66
239 82
260 78
258 54
280 70
240 61
259 11
281 29
241 49
262 11
282 23
242 98
263 41
261 49
283 30
243 84
264 16
262 38
284 16
244 68
265 12
263 84
285 22
245 43
266 23
264 28
286 47
246 12
267 43
265 82
287 27
247 41
268 24
266 54
288 80
248 15
269 58
267 53
289 72
249 11
270 22
268 55
290 35
250 65
271 35
269 76
291 24
251 47
272 77
270 17
292 45
252 90
273 72
271 77
293 26
253 97
274 99
272 41
294 33
254 72
275 60
273 51
295 59
255 89
276 78
274 59
296 100
256 82
277 91
275 21
297 84
257 34
278 36
276 36
298 78
258 36
279 89
277 29
299 35
259 25
280 44
278 72
300 16
260 78
279 16
301 61
261 13
282 77
302 56
262 78
283 60
281 48
303 49
263 48
284 92
282 50
304 34
264 20
285 49
283 52
305 70
265 77
286 84
284 36
306 19
266 11
287 66
285 32
307 95
267 51
288 36
286 65
308 72
268 60
289 100
287 75
309 58
269 61
290 13
288 77
310 86
270 83
291 88
289 96
311 76
271 62
292 52
290 68
312 19
272 41
293 15
291 14
313 31
273 56
294 87
292 31
314 29
274 26
295 46
293 42
315 14
275 30
296 14
294 53
316 20
276 48
297 87
295 74
317 25
277 34
298 47
296 72
318 70
278 77
299 86
297 42
319 13
279 75
300 37
298 32
320 17
280 61
299 96
321 50
281 95
302 17
322 41
282 54
303 18
301 40
323 48
283 32
304 77
302 64
324 75
284 32
305 53
303 38
325 70
285 39
306 25
304 46
326 80
286 43
307 62
305 46
327 18
287 99
308 55
306 52
328 36
288 62
309 39
307 24
329 31
289 89
310 11
308 37
330 41
290 42
311 10
309 53
331 65
291 96
312 19
310 87
332 20
292 60
313 84
311 32
333 62
293 95
314 61
312 95
334 32
294 43
315 18
313 74
335 18
295 68
316 66
314 51
336 68
296 92
317 39
315 28
337 29
297 51
318 17
316 29
338 64
298 16
319 10
317 72
339 23
299 51
320 24
318 11
340 48
300 65
319 22
341 73
301 40
322 38
342 30
302 39
323 95
321 95
343 57
303 58
324 24
322 28
344 57
304 52
325 57
323 17
345 30
305 94
326 32
324 100
346 32
306 71
327 72
325 51
347 63
307 25
328 53
326 87
348 36
308 84
329 72
327 88
349 65
309 26
330 98
328 94
350 17
310 52
331 70
329 49
351 49
311 75
332 86
330 73
352 17
312 13
333 21
331 43
353 77
313 15
334 47
332 35
354 32
314 26
335 91
333 58
355 45
315 25
336 11
334 35
356 89
316 43
337 86
335 77
357 20
317 42
338 100
336 80
358 55
318 58
339 38
337 33
359 68
319 17
340 57
338 100
360 20
320 33
339 32
361 63
321 23
342 82
362 20
322 75
343 84
341 37
363 24
323 99
344 72
342 99
364 91
324 76
345 87
343 91
365 80
325 72
346 20
344 34
366 14
326 43
347 71
345 27
367 52
327 10
348 83
346 53
368 55
328 69
349 26
347 80
369 96
329 83
350 63
348 74
370 90
330 42
351 24
349 66
371 42
331 45
352 15
350 83
372 47
332 55
353 47
351 46
373 64
333 76
354 76
352 91
374 40
334 40
355 39
353 11
375 68
335 86
356 100
354 88
376 62
336 99
357 19
355 99
377 31
337 31
358 11
356 90
378 22
338 40
359 59
357 18
379 65
339 76
360 99
358 50
380 45
340 21
359 77
381 48
341 80
362 18
382 62
342 38
363 83
361 34
383 91
343 36
364 58
362 76
384 99
344 24
365 94
363 94
385 13
345 69
366 52
364 52
386 37
346 64
367 67
365 42
387 70
347 91
368 34
366 28
388 69
348 15
369 46
367 42
389 29
349 41
370 15
368 77
390 68
350 16
371 59
369 24
391 71
351 35
372 65
370 25
392 58
352 79
373 36
371 92
393 71
353 77
374 36
372 16
394 93
354 38
375 29
373 92
395 96
355 71
376 52
374 76
396 92
356 90
377 78
375 12
397 38
357 96
378 62
376 34
398 45
358 84
379 78
377 52
399 97
359 47
380 39
378 23
400 18
360 75
379 18
361 54
382 47
362 49
383 38
381 98
363 21
384 68
382 98
364 88
385 32
383 58
365 93
386 30
384 25
366 81
387 38
385 60
367 79
388 56
386 21
368 81
389 64
387 84
369 32
390 89
388 20
370 67
391 18
389 17
371 46
392 35
390 38
372 33
393 59
391 50
373 35
394 45
392 25
374 46
395 77
393 22
375 13
396 42
394 87
376 26
397 58
395 87
377 26
398 38
396 95
378 86
399 19
397 42
379 12
400 62
398 21
380 14
399 27
178
55
2 124 178 
2 162 61 
1 256 
2 199 247 
1 319 
2 158 12 
2 90 88 
4 111 188 155 356 
2 107 92 
1 104 
1 223 
3 346 344 98 
2 34 9 
2 66 378 
1 193 
2 217 375 
3 122 22 387 
2 167 282 
1 40 
1 19 
1 89 
1 343 
3 351 257 340 
1 300 
3 94 284 84 
1 119 
1 142 
3 337 371 17 
2 366 303 
2 54 186 
1 11 
2 236 267 
2 18 388 
2 315 308 
2 339 152 
2 50 121 
1 272 
4 14 43 265 276 
2 219 244 
2 177 175 
1 28 
1 171 
3 379 204 313 
1 362 
2 140 58 
2 115 248 
2 293 144 
1 51 
1 309 
1 221 
6 287 242 71 384 213 117 
3 65 279 249 
3 37 131 170 
2 130 123 
1 36 
2 264 280 
1 326 
1 95 
1 211 
2 230 69 
1 118 
2 46 331 
2 109 151 
2 79 150 
3 38 389 63 
1 320 
2 397 352 
1 209 
2 372 243 
1 259 
1 400 
3 278 57 246 
1 137 
4 396 26 359 128 
1 85 
1 55 
