196 728 10 100 37
2
3
3
3
3
3
3
3
3
3
3
3
3
2
3
4
4
4
4
4
4
4
4
4
4
4
4
3
3
4
4
4
4
4
4
4
4
4
4
4
4
3
3
4
4
4
4
4
4
4
4
4
4
4
4
3
3
4
4
4
4
4
4
4
4
4
4
4
4
3
3
4
4
4
4
4
4
4
4
4
4
4
4
3
3
4
4
4
4
4
4
4
4
4
4
4
4
3
3
4
4
4
4
4
4
4
4
4
4
4
4
3
3
4
4
4
4
4
4
4
4
4
4
4
4
3
3
4
4
4
4
4
4
4
4
4
4
4
4
3
3
4
4
4
4
4
4
4
4
4
4
4
4
3
3
4
4
4
4
4
4
4
4
4
4
4
4
3
3
4
4
4
4
4
4
4
4
4
4
4
4
3
2
3
3
3
3
3
3
3
3
3
3
3
3
2
15 32
2 29
16 79
3 47
1 18
17 78
4 19
2 15
18 98
5 79
3 57
19 59
6 24
4 54
20 23
7 24
5 94
21 83
8 13
6 53
22 42
9 19
7 88
23 36
10 17
8 33
24 25
11 84
9 95
25 90
12 21
10 59
26 65
13 49
11 19
27 23
14 70
12 96
28 26
13 46
29 76
1 92
16 24
30 34
2 99
17 98
15 69
31 77
3 52
18 63
16 60
32 48
4 79
19 44
17 54
33 46
5 57
20 13
18 20
34 41
6 22
21 85
19 33
35 39
7 53
22 92
20 24
36 97
8 27
23 11
21 58
37 98
9 72
24 55
22 68
38 55
10 40
25 84
23 68
39 25
11 92
26 75
24 45
40 23
12 75
27 50
25 74
41 100
13 98
28 60
26 41
42 37
14 37
27 54
43 89
15 37
30 79
44 87
16 22
31 52
29 81
45 62
17 22
32 83
30 73
46 89
18 90
33 58
31 54
47 60
19 80
34 54
32 97
48 65
20 23
35 17
33 25
49 57
21 24
36 26
34 75
50 21
22 12
37 18
35 37
51 53
23 35
38 10
36 89
52 45
24 80
39 19
37 20
53 63
25 17
40 58
38 50
54 21
26 27
41 58
39 13
55 36
27 39
42 78
40 65
56 35
28 24
41 89
57 84
29 50
44 12
58 82
30 94
45 10
43 79
59 93
31 29
46 66
44 43
60 33
32 48
47 18
45 60
61 55
33 90
48 91
46 30
62 33
34 73
49 42
47 85
63 14
35 72
50 15
48 20
64 79
36 80
51 66
49 43
65 52
37 96
52 24
50 59
66 92
38 52
53 21
51 69
67 84
39 78
54 82
52 90
68 65
40 68
55 69
53 68
69 29
41 24
56 26
54 44
70 91
42 74
55 99
71 70
43 79
58 35
72 89
44 73
59 63
57 59
73 73
45 29
60 60
58 87
74 56
46 82
61 28
59 95
75 58
47 54
62 48
60 90
76 12
48 24
63 49
61 64
77 17
49 51
64 68
62 25
78 82
50 82
65 77
63 86
79 51
51 46
66 85
64 19
80 89
52 62
67 12
65 25
81 28
53 73
68 99
66 90
82 10
54 90
69 53
67 68
83 90
55 47
70 42
68 52
84 40
56 74
69 44
85 23
57 50
72 45
86 77
58 65
73 87
71 47
87 84
59 12
74 67
72 57
88 11
60 55
75 10
73 31
89 72
61 13
76 17
74 24
90 68
62 27
77 11
75 72
91 87
63 38
78 66
76 55
92 71
64 81
79 13
77 89
93 44
65 24
80 86
78 65
94 78
66 42
81 49
79 13
95 69
67 71
82 45
80 78
96 67
68 66
83 41
81 19
97 51
69 12
84 62
82 86
98 71
70 53
83 84
99 55
71 13
86 78
100 61
72 44
87 62
85 70
101 91
73 79
88 73
86 65
102 49
74 67
89 24
87 44
103 37
75 72
90 52
88 28
104 69
76 75
91 59
89 10
105 21
77 27
92 56
90 34
106 39
78 45
93 70
91 44
107 40
79 96
94 82
92 22
108 26
80 46
95 61
93 37
109 36
81 63
96 63
94 58
110 58
82 52
97 58
95 62
111 19
83 38
98 41
96 79
112 56
84 37
97 58
113 38
85 88
100 29
114 94
86 92
101 33
99 45
115 48
87 46
102 23
100 36
116 21
88 25
103 45
101 82
117 25
89 33
104 77
102 59
118 26
90 64
105 86
103 90
119 15
91 16
106 86
104 98
120 21
92 89
107 40
105 24
121 28
93 76
108 27
106 58
122 24
94 78
109 78
107 76
123 47
95 77
110 80
108 10
124 33
96 64
111 55
109 69
125 46
97 47
112 95
110 10
126 69
98 80
111 92
127 32
99 72
114 97
128 52
100 25
115 34
113 77
129 23
101 12
116 39
114 82
130 55
102 26
117 60
115 95
131 72
103 75
118 15
116 94
132 92
104 80
119 30
117 95
133 77
105 80
120 53
118 75
134 41
106 20
121 34
119 97
135 54
107 15
122 97
120 11
136 27
108 29
123 41
121 40
137 69
109 62
124 43
122 56
138 14
110 56
125 30
123 20
139 98
111 70
126 21
124 26
140 97
112 60
125 95
141 83
113 37
128 81
142 85
114 50
129 96
127 70
143 45
115 90
130 61
128 99
144 42
116 23
131 27
129 99
145 21
117 71
132 98
130 88
146 76
118 27
133 69
131 30
147 94
119 87
134 22
132 60
148 91
120 97
135 78
133 24
149 88
121 48
136 16
134 87
150 66
122 61
137 81
135 77
151 58
123 89
138 66
136 80
152 17
124 94
139 58
137 60
153 22
125 24
140 58
138 40
154 67
126 48
139 44
155 23
127 27
142 43
156 94
128 18
143 96
141 15
157 77
129 24
144 37
142 91
158 88
130 98
145 62
143 100
159 56
131 67
146 65
144 39
160 86
132 99
147 77
145 91
161 19
133 63
148 75
146 17
162 82
134 73
149 89
147 12
163 75
135 58
150 73
148 42
164 61
136 24
151 54
149 79
165 88
137 36
152 50
150 64
166 83
138 39
153 59
151 71
167 67
139 83
154 45
152 25
168 30
140 90
153 50
169 69
141 79
156 93
170 51
142 69
157 54
155 69
171 74
143 19
158 57
156 91
172 40
144 13
159 24
157 67
173 94
145 72
160 99
158 68
174 100
146 72
161 75
159 49
175 32
147 28
162 59
160 99
176 46
148 95
163 92
161 39
177 34
149 33
164 18
162 48
178 96
150 83
165 62
163 28
179 85
151 88
166 94
164 12
180 15
152 72
167 94
165 85
181 51
153 89
168 60
166 28
182 87
154 44
167 68
183 32
155 51
170 33
184 39
156 54
171 96
169 78
185 13
157 49
172 95
170 23
186 71
158 72
173 64
171 56
187 64
159 72
174 94
172 47
188 34
160 28
175 80
173 32
189 27
161 90
176 64
174 100
190 81
162 49
177 71
175 23
191 77
163 39
178 53
176 34
192 75
164 33
179 88
177 15
193 11
165 66
180 27
178 60
194 25
166 93
181 92
179 77
195 32
167 40
182 34
180 18
196 47
168 52
181 14
169 17
184 52
170 63
185 31
183 96
171 78
186 50
184 56
172 50
187 44
185 25
173 19
188 42
186 70
174 99
189 99
187 72
175 12
190 21
188 32
176 24
191 38
189 58
177 11
192 47
190 59
178 38
193 73
191 50
179 17
194 71
192 28
180 31
195 46
193 17
181 32
196 96
194 86
182 80
195 23
133
152
1 133 
1 42 
2 21 40 
3 126 158 165 
2 83 114 
1 81 
2 76 174 
1 59 
1 136 
2 180 191 
3 37 182 105 
2 44 27 
2 12 109 
1 70 
1 101 
1 187 
4 130 86 35 157 
1 25 
3 52 194 115 
1 55 
2 93 181 
4 87 153 106 95 
2 30 31 
1 3 
1 116 
4 170 131 69 184 
1 151 
2 14 172 
2 67 32 
3 51 117 163 
2 190 94 
2 137 146 
1 16 
2 132 82 
1 104 
1 57 
2 124 152 
