196 728 10 100 37
2
3
3
3
3
3
3
3
3
3
3
3
3
2
3
4
4
4
4
4
4
4
4
4
4
4
4
3
3
4
4
4
4
4
4
4
4
4
4
4
4
3
3
4
4
4
4
4
4
4
4
4
4
4
4
3
3
4
4
4
4
4
4
4
4
4
4
4
4
3
3
4
4
4
4
4
4
4
4
4
4
4
4
3
3
4
4
4
4
4
4
4
4
4
4
4
4
3
3
4
4
4
4
4
4
4
4
4
4
4
4
3
3
4
4
4
4
4
4
4
4
4
4
4
4
3
3
4
4
4
4
4
4
4
4
4
4
4
4
3
3
4
4
4
4
4
4
4
4
4
4
4
4
3
3
4
4
4
4
4
4
4
4
4
4
4
4
3
3
4
4
4
4
4
4
4
4
4
4
4
4
3
2
3
3
3
3
3
3
3
3
3
3
3
3
2
15 51
2 29
16 60
3 71
1 47
17 64
4 72
2 16
18 35
5 12
3 13
19 79
6 79
4 17
20 88
7 61
5 81
21 80
8 93
6 47
22 38
9 71
7 57
23 90
10 37
8 72
24 63
11 30
9 38
25 19
12 25
10 78
26 46
13 74
11 16
27 98
14 35
12 65
28 79
13 73
29 71
1 97
16 61
30 41
2 59
17 95
15 14
31 96
3 98
18 35
16 29
32 22
4 68
19 98
17 17
33 93
5 63
20 44
18 45
34 99
6 15
21 28
19 11
35 25
7 49
22 52
20 52
36 21
8 35
23 89
21 15
37 92
9 17
24 27
22 83
38 95
10 57
25 18
23 83
39 26
11 20
26 13
24 90
40 77
12 60
27 58
25 25
41 44
13 40
28 41
26 36
42 14
14 22
27 48
43 37
15 65
30 26
44 82
16 12
31 74
29 99
45 10
17 33
32 24
30 72
46 64
18 32
33 25
31 62
47 96
19 89
34 93
32 89
48 38
20 27
35 88
33 45
49 35
21 66
36 58
34 12
50 24
22 89
37 89
35 10
51 62
23 25
38 55
36 31
52 56
24 78
39 22
37 69
53 31
25 39
40 85
38 90
54 76
26 86
41 97
39 91
55 10
27 11
42 93
40 92
56 10
28 48
41 34
57 72
29 45
44 62
58 97
30 90
45 76
43 76
59 50
31 49
46 44
44 45
60 45
32 49
47 79
45 64
61 34
33 66
48 31
46 50
62 40
34 64
49 40
47 69
63 17
35 14
50 33
48 79
64 55
36 87
51 53
49 16
65 84
37 42
52 58
50 26
66 61
38 98
53 92
51 33
67 47
39 30
54 76
52 35
68 15
40 44
55 50
53 62
69 56
41 13
56 97
54 86
70 70
42 77
55 59
71 67
43 31
58 70
72 91
44 77
59 19
57 99
73 67
45 11
60 29
58 49
74 94
46 12
61 15
59 89
75 33
47 94
62 13
60 82
76 88
48 58
63 48
61 42
77 41
49 60
64 38
62 63
78 82
50 37
65 14
63 15
79 74
51 18
66 28
64 42
80 28
52 57
67 25
65 42
81 35
53 78
68 34
66 80
82 11
54 22
69 55
67 75
83 53
55 88
70 13
68 99
84 20
56 49
69 66
85 54
57 49
72 98
86 51
58 78
73 16
71 74
87 19
59 78
74 23
72 30
88 10
60 42
75 100
73 87
89 94
61 98
76 34
74 32
90 56
62 28
77 40
75 35
91 41
63 30
78 38
76 43
92 56
64 78
79 31
77 99
93 62
65 89
80 68
78 30
94 83
66 19
81 59
79 24
95 92
67 38
82 70
80 28
96 17
68 96
83 45
81 31
97 88
69 88
84 91
82 49
98 58
70 72
83 12
99 45
71 100
86 85
100 89
72 13
87 47
85 94
101 34
73 59
88 64
86 24
102 73
74 27
89 86
87 32
103 24
75 55
90 85
88 96
104 14
76 62
91 11
89 35
105 53
77 87
92 100
90 18
106 61
78 98
93 97
91 16
107 27
79 89
94 29
92 68
108 40
80 59
95 99
93 18
109 98
81 55
96 76
94 16
110 65
82 33
97 21
95 15
111 100
83 100
98 21
96 65
112 81
84 57
97 32
113 37
85 98
100 13
114 64
86 23
101 59
99 19
115 52
87 41
102 80
100 66
116 66
88 87
103 46
101 48
117 35
89 37
104 42
102 88
118 90
90 36
105 69
103 25
119 75
91 80
106 21
104 29
120 10
92 60
107 10
105 41
121 44
93 21
108 35
106 92
122 77
94 41
109 84
107 38
123 26
95 68
110 24
108 74
124 71
96 99
111 42
109 52
125 69
97 33
112 77
110 91
126 87
98 39
111 64
127 51
99 93
114 93
128 57
100 17
115 96
113 65
129 26
101 47
116 50
114 89
130 22
102 55
117 35
115 98
131 60
103 25
118 54
116 35
132 46
104 94
119 85
117 87
133 93
105 23
120 10
118 68
134 74
106 26
121 56
119 24
135 51
107 31
122 28
120 23
136 82
108 43
123 45
121 82
137 53
109 53
124 96
122 32
138 68
110 53
125 81
123 20
139 74
111 19
126 31
124 92
140 20
112 97
125 66
141 50
113 45
128 46
142 79
114 21
129 36
127 23
143 76
115 41
130 75
128 45
144 72
116 28
131 55
129 72
145 33
117 54
132 47
130 98
146 90
118 56
133 26
131 96
147 49
119 86
134 18
132 73
148 13
120 80
135 11
133 58
149 58
121 41
136 19
134 50
150 10
122 23
137 92
135 81
151 42
123 22
138 96
136 72
152 13
124 86
139 36
137 64
153 11
125 76
140 45
138 10
154 19
126 63
139 57
155 37
127 42
142 45
156 94
128 67
143 54
141 86
157 45
129 16
144 98
142 84
158 36
130 66
145 86
143 29
159 53
131 23
146 55
144 62
160 21
132 44
147 50
145 60
161 10
133 46
148 49
146 61
162 78
134 51
149 18
147 96
163 58
135 92
150 100
148 99
164 96
136 62
151 79
149 45
165 96
137 95
152 79
150 22
166 11
138 50
153 78
151 29
167 84
139 55
154 19
152 42
168 49
140 65
153 81
169 91
141 92
156 52
170 54
142 23
157 40
155 79
171 90
143 52
158 35
156 44
172 64
144 55
159 62
157 28
173 31
145 26
160 27
158 99
174 66
146 39
161 32
159 37
175 58
147 35
162 97
160 51
176 58
148 16
163 40
161 52
177 11
149 68
164 30
162 61
178 56
150 40
165 35
163 65
179 72
151 17
166 85
164 77
180 25
152 36
167 57
165 21
181 99
153 66
168 24
166 86
182 57
154 12
167 91
183 61
155 63
170 86
184 18
156 78
171 80
169 99
185 38
157 12
172 83
170 91
186 94
158 46
173 91
171 34
187 74
159 20
174 98
172 74
188 78
160 89
175 32
173 98
189 62
161 81
176 18
174 24
190 60
162 38
177 64
175 56
191 21
163 32
178 41
176 55
192 44
164 10
179 35
177 77
193 92
165 27
180 15
178 39
194 82
166 48
181 78
179 27
195 51
167 42
182 70
180 74
196 98
168 83
181 83
169 23
184 29
170 12
185 53
183 22
171 95
186 20
184 98
172 60
187 98
185 22
173 66
188 52
186 11
174 13
189 47
187 84
175 74
190 96
188 41
176 37
191 64
189 35
177 55
192 79
190 65
178 69
193 88
191 69
179 22
194 71
192 73
180 63
195 28
193 26
181 74
196 20
194 61
182 23
195 10
153
82
2 24 153 
3 109 183 184 
2 146 27 
1 77 
2 107 162 
2 29 187 
3 123 79 165 
2 126 1 
3 144 84 166 
2 34 57 
1 189 
2 177 191 
2 55 163 
2 63 182 
1 39 
2 38 174 
2 124 175 
2 90 186 
2 106 98 
1 4 
1 129 
1 108 
2 168 181 
1 147 
1 36 
1 43 
1 86 
3 101 5 193 
1 33 
2 136 23 
2 169 104 
2 62 112 
2 3 60 
1 121 
3 68 56 69 
3 6 102 142 
2 94 82 
