100 342 10 100 19
2
3
3
2
3
4
4
3
3
4
4
3
3
4
4
3
3
4
4
3
3
4
4
3
3
4
4
3
3
4
4
3
3
4
4
3
3
4
4
3
3
4
4
3
3
4
4
3
3
4
4
3
3
4
4
3
3
4
4
3
3
4
4
3
3
4
4
3
3
4
4
3
3
4
4
3
3
4
4
3
3
4
4
3
3
4
4
3
3
4
4
3
3
4
4
3
2
3
3
2
5 18
2 29
6 90
3 65
1 85
7 15
4 36
2 61
8 38
3 47
9 97
1 73
6 52
10 66
2 12
7 65
5 94
11 25
3 52
8 97
6 62
12 54
4 20
7 25
13 92
5 57
10 96
14 66
6 57
11 12
9 19
15 45
7 56
12 32
10 40
16 20
8 52
11 30
17 21
9 45
14 67
18 73
10 23
15 24
13 96
19 76
11 11
16 68
14 85
20 94
12 23
15 50
21 40
13 72
18 21
22 75
14 49
19 52
17 43
23 65
15 23
20 96
18 28
24 46
16 84
19 83
25 74
17 94
22 42
26 50
18 13
23 85
21 94
27 15
19 57
24 59
22 84
28 63
20 58
23 17
29 10
21 18
26 65
30 60
22 46
27 62
25 45
31 38
23 83
28 92
26 71
32 22
24 38
27 11
33 36
25 47
30 57
34 71
26 35
31 34
29 79
35 12
27 11
32 51
30 10
36 25
28 48
31 60
37 86
29 49
34 33
38 90
30 68
35 23
33 15
39 94
31 41
36 39
34 72
40 43
32 29
35 71
41 96
33 73
38 46
42 68
34 43
39 39
37 72
43 44
35 47
40 33
38 83
44 60
36 88
39 23
45 45
37 43
42 15
46 74
38 95
43 70
41 40
47 100
39 15
44 73
42 28
48 74
40 20
43 17
49 94
41 30
46 71
50 94
42 96
47 21
45 23
51 82
43 35
48 21
46 79
52 82
44 13
47 35
53 19
45 56
50 56
54 50
46 73
51 65
49 95
55 18
47 34
52 66
50 40
56 66
48 24
51 71
57 20
49 73
54 49
58 19
50 14
55 83
53 54
59 94
51 80
56 27
54 90
60 90
52 97
55 40
61 42
53 63
58 41
62 83
54 86
59 46
57 91
63 34
55 54
60 40
58 95
64 58
56 91
59 19
65 11
57 86
62 51
66 79
58 69
63 33
61 45
67 81
59 11
64 50
62 12
68 70
60 91
63 19
69 73
61 28
66 97
70 49
62 75
67 54
65 26
71 51
63 62
68 100
66 64
72 26
64 99
67 30
73 85
65 78
70 57
74 21
66 17
71 84
69 47
75 40
67 61
72 52
70 20
76 75
68 96
71 13
77 45
69 100
74 82
78 66
70 33
75 64
73 91
79 65
71 38
76 44
74 84
80 98
72 91
75 70
81 27
73 17
78 94
82 65
74 86
79 45
77 54
83 19
75 94
80 53
78 55
84 21
76 58
79 82
85 11
77 11
82 19
86 27
78 61
83 22
81 15
87 84
79 37
84 96
82 83
88 18
80 49
83 28
89 16
81 62
86 32
90 29
82 94
87 89
85 19
91 44
83 51
88 39
86 83
92 52
84 39
87 90
93 88
85 44
90 33
94 21
86 36
91 56
89 14
95 26
87 43
92 100
90 27
96 40
88 25
91 53
97 13
89 50
94 30
98 38
90 61
95 33
93 21
99 81
91 90
96 68
94 91
100 48
92 85
95 28
93 15
98 49
94 88
99 95
97 39
95 18
100 56
98 44
96 87
99 41
40
33
1 40 
2 97 32 
1 6 
4 66 77 4 49 
2 74 47 
2 21 18 
2 5 26 
1 69 
1 23 
3 99 83 70 
2 58 8 
3 59 9 15 
1 20 
2 2 48 
1 85 
1 11 
2 42 79 
3 68 10 65 
1 33 
