600 2276 10 100 114
2
3
3
3
3
3
3
3
3
3
3
3
3
3
3
3
3
3
3
3
3
3
3
3
3
3
3
3
3
3
3
3
3
3
3
3
3
3
3
3
3
3
3
3
3
3
3
3
3
2
3
4
4
4
4
4
4
4
4
4
4
4
4
4
4
4
4
4
4
4
4
4
4
4
4
4
4
4
4
4
4
4
4
4
4
4
4
4
4
4
4
4
4
4
4
4
4
4
4
3
3
4
4
4
4
4
4
4
4
4
4
4
4
4
4
4
4
4
4
4
4
4
4
4
4
4
4
4
4
4
4
4
4
4
4
4
4
4
4
4
4
4
4
4
4
4
4
4
4
3
3
4
4
4
4
4
4
4
4
4
4
4
4
4
4
4
4
4
4
4
4
4
4
4
4
4
4
4
4
4
4
4
4
4
4
4
4
4
4
4
4
4
4
4
4
4
4
4
4
3
3
4
4
4
4
4
4
4
4
4
4
4
4
4
4
4
4
4
4
4
4
4
4
4
4
4
4
4
4
4
4
4
4
4
4
4
4
4
4
4
4
4
4
4
4
4
4
4
4
3
3
4
4
4
4
4
4
4
4
4
4
4
4
4
4
4
4
4
4
4
4
4
4
4
4
4
4
4
4
4
4
4
4
4
4
4
4
4
4
4
4
4
4
4
4
4
4
4
4
3
3
4
4
4
4
4
4
4
4
4
4
4
4
4
4
4
4
4
4
4
4
4
4
4
4
4
4
4
4
4
4
4
4
4
4
4
4
4
4
4
4
4
4
4
4
4
4
4
4
3
3
4
4
4
4
4
4
4
4
4
4
4
4
4
4
4
4
4
4
4
4
4
4
4
4
4
4
4
4
4
4
4
4
4
4
4
4
4
4
4
4
4
4
4
4
4
4
4
4
3
3
4
4
4
4
4
4
4
4
4
4
4
4
4
4
4
4
4
4
4
4
4
4
4
4
4
4
4
4
4
4
4
4
4
4
4
4
4
4
4
4
4
4
4
4
4
4
4
4
3
3
4
4
4
4
4
4
4
4
4
4
4
4
4
4
4
4
4
4
4
4
4
4
4
4
4
4
4
4
4
4
4
4
4
4
4
4
4
4
4
4
4
4
4
4
4
4
4
4
3
3
4
4
4
4
4
4
4
4
4
4
4
4
4
4
4
4
4
4
4
4
4
4
4
4
4
4
4
4
4
4
4
4
4
4
4
4
4
4
4
4
4
4
4
4
4
4
4
4
3
2
3
3
3
3
3
3
3
3
3
3
3
3
3
3
3
3
3
3
3
3
3
3
3
3
3
3
3
3
3
3
3
3
3
3
3
3
3
3
3
3
3
3
3
3
3
3
3
3
2
51 59
2 29
52 37
3 47
1 18
53 41
4 19
2 15
54 49
5 79
3 57
55 55
6 24
4 54
56 55
7 24
5 94
57 22
8 13
6 53
58 42
9 19
7 88
59 81
10 17
8 33
60 11
11 84
9 95
61 14
12 21
10 59
62 64
13 49
11 19
63 51
14 70
12 96
64 23
15 24
13 46
65 63
16 98
14 69
66 49
17 63
15 60
67 69
18 44
16 54
68 65
19 13
17 20
69 65
20 85
18 33
70 66
21 92
19 24
71 98
22 11
20 58
72 96
23 55
21 68
73 32
24 84
22 68
74 56
25 75
23 45
75 63
26 50
24 74
76 76
27 60
25 41
77 15
28 79
26 54
78 16
29 52
27 81
79 71
30 83
28 73
80 48
31 58
29 54
81 41
32 54
30 97
82 97
33 17
31 25
83 54
34 26
32 75
84 76
35 18
33 37
85 34
36 10
34 89
86 67
37 19
35 20
87 13
38 58
36 50
88 13
39 58
37 13
89 15
40 78
38 65
90 22
41 12
39 89
91 97
42 10
40 79
92 39
43 66
41 43
93 61
44 18
42 60
94 35
45 91
43 30
95 36
46 42
44 85
96 49
47 15
45 20
97 80
48 66
46 43
98 59
49 24
47 59
99 23
50 21
48 69
100 74
49 90
101 54
1 26
52 82
102 79
2 47
53 69
51 68
103 13
3 57
54 26
52 44
104 84
4 41
55 35
53 99
105 89
5 26
56 63
54 59
106 24
6 26
57 60
55 87
107 45
7 15
58 28
56 95
108 57
8 78
59 48
57 90
109 71
9 67
60 49
58 64
110 100
10 29
61 68
59 25
111 81
11 58
62 77
60 86
112 17
12 83
63 85
61 19
113 33
13 58
64 12
62 25
114 67
14 93
65 99
63 90
115 95
15 49
66 53
64 68
116 29
16 34
67 42
65 52
117 89
17 99
68 45
66 44
118 100
18 11
69 87
67 47
119 59
19 37
70 67
68 57
120 41
20 28
71 10
69 31
121 13
21 75
72 17
70 24
122 76
22 27
73 11
71 72
123 78
23 38
74 66
72 55
124 91
24 41
75 13
73 89
125 12
25 41
76 86
74 65
126 69
26 67
77 49
75 13
127 61
27 19
78 45
76 78
128 16
28 96
79 41
77 19
129 89
29 66
80 62
78 86
130 76
30 33
81 78
79 84
131 63
31 39
82 62
80 70
132 60
32 75
83 73
81 65
133 10
33 54
84 24
82 44
134 79
34 18
85 52
83 28
135 16
35 98
86 59
84 10
136 55
36 75
87 56
85 34
137 49
37 85
88 70
86 44
138 76
38 42
89 82
87 22
139 82
39 36
90 61
88 37
140 87
40 11
91 63
89 58
141 67
41 74
92 58
90 62
142 79
42 21
93 41
91 79
143 100
43 85
94 29
92 58
144 19
44 40
95 33
93 45
145 19
45 34
96 23
94 36
146 70
46 82
97 45
95 82
147 98
47 32
98 77
96 59
148 30
48 36
99 86
97 90
149 100
49 10
100 86
98 98
150 76
50 53
99 24
151 47
51 91
102 40
152 34
52 48
103 27
101 58
153 31
53 33
104 78
102 76
154 16
54 80
105 80
103 10
155 77
55 78
106 55
104 69
156 25
56 84
107 95
105 10
157 32
57 62
108 97
106 92
158 31
58 95
109 34
107 77
159 22
59 49
110 39
108 82
160 70
60 83
111 60
109 95
161 72
61 56
112 15
110 94
162 87
62 69
113 30
111 95
163 95
63 74
114 53
112 75
164 66
64 36
115 34
113 97
165 36
65 38
116 97
114 11
166 23
66 59
117 41
115 40
167 36
67 46
118 43
116 56
168 85
68 53
119 30
117 20
169 51
69 39
120 21
118 26
170 46
70 46
121 81
119 95
171 45
71 80
122 96
120 70
172 67
72 16
123 61
121 99
173 44
73 69
124 27
122 99
174 82
74 85
125 98
123 88
175 37
75 77
126 69
124 30
176 84
76 90
127 22
125 60
177 19
77 52
128 78
126 24
178 33
78 81
129 16
127 87
179 73
79 37
130 81
128 77
180 83
80 49
131 66
129 80
181 97
81 96
132 58
130 60
182 46
82 95
133 58
131 40
183 24
83 100
134 43
132 44
184 58
84 90
135 96
133 15
185 30
85 92
136 37
134 91
186 58
86 43
137 62
135 100
187 34
87 44
138 65
136 39
188 100
88 40
139 77
137 91
189 67
89 72
140 75
138 17
190 17
90 92
141 89
139 12
191 74
91 85
142 73
140 42
192 100
92 80
143 54
141 79
193 48
93 45
144 50
142 64
194 25
94 54
145 59
143 71
195 45
95 99
146 45
144 25
196 15
96 39
147 93
145 50
197 77
97 65
148 54
146 69
198 55
98 31
149 57
147 91
199 46
99 91
150 24
148 67
200 12
100 55
149 68
201 52
101 94
152 99
202 49
102 17
153 75
151 49
203 47
103 45
154 59
152 99
204 53
104 19
155 92
153 39
205 42
105 78
156 18
154 48
206 65
106 95
157 62
155 28
207 45
107 37
158 94
156 12
208 82
108 91
159 94
157 85
209 34
109 34
160 60
158 28
210 90
110 44
161 33
159 68
211 49
111 100
162 96
160 78
212 49
112 71
163 95
161 23
213 71
113 13
164 64
162 56
214 92
114 67
165 94
163 47
215 45
115 49
166 80
164 32
216 35
116 47
167 64
165 100
217 66
117 47
168 71
166 23
218 83
118 11
169 53
167 34
219 37
119 14
170 88
168 15
220 99
120 14
171 27
169 60
221 94
121 38
172 92
170 77
222 58
122 23
173 34
171 18
223 52
123 31
174 52
172 14
224 99
124 46
175 31
173 96
225 51
125 30
176 50
174 56
226 13
126 75
177 44
175 25
227 46
127 55
178 42
176 70
228 11
128 65
179 99
177 72
229 70
129 16
180 21
178 32
230 13
130 14
181 38
179 58
231 47
131 19
182 47
180 59
232 77
132 28
183 73
181 50
233 72
133 60
184 71
182 28
234 63
134 39
185 46
183 17
235 55
135 36
186 96
184 86
236 51
136 50
187 32
185 23
237 79
137 22
188 79
186 92
238 25
138 46
189 78
187 99
239 50
139 22
190 98
188 52
240 64
140 71
191 59
189 79
241 27
141 15
192 23
190 57
242 96
142 22
193 83
191 22
243 73
143 51
194 42
192 53
244 78
144 17
195 36
193 27
245 42
145 66
196 25
194 72
246 87
146 22
197 90
195 40
247 57
147 93
198 65
196 92
248 68
148 66
199 23
197 75
249 22
149 18
200 26
198 98
250 12
150 49
199 37
251 68
151 48
202 76
252 25
152 55
203 34
201 37
253 44
153 92
204 77
202 22
254 90
154 90
205 48
203 22
255 71
155 100
206 46
204 90
256 90
156 17
207 41
205 80
257 14
157 21
208 39
206 23
258 10
158 86
209 97
207 24
259 85
159 55
210 98
208 12
260 84
160 52
211 55
209 35
261 84
161 74
212 25
210 80
262 77
162 52
213 23
211 17
263 52
163 45
214 100
212 27
264 44
164 15
215 37
213 39
265 81
165 94
216 89
214 24
266 33
166 86
217 87
215 50
267 51
167 90
218 62
216 94
268 67
168 75
219 89
217 29
269 58
169 27
220 60
218 48
270 82
170 49
221 65
219 90
271 80
171 53
222 57
220 73
272 95
172 97
223 21
221 72
273 14
173 73
224 53
222 80
274 58
174 45
225 45
223 96
275 32
175 97
226 63
224 52
276 64
176 40
227 21
225 78
277 12
177 40
228 36
226 68
278 72
178 26
229 35
227 24
279 29
179 32
230 84
228 74
280 22
180 28
231 82
229 79
281 17
181 79
232 93
230 73
282 32
182 78
233 33
231 29
283 98
183 25
234 55
232 82
284 96
184 76
235 33
233 54
285 85
185 96
236 14
234 24
286 79
186 83
237 79
235 51
287 72
187 63
238 52
236 82
288 96
188 14
239 92
237 46
289 68
189 69
240 84
238 62
290 44
190 69
241 65
239 73
291 15
191 89
242 29
240 90
292 46
192 19
243 91
241 47
293 32
193 55
244 70
242 74
294 98
194 99
245 89
243 50
295 46
195 55
246 73
244 65
296 100
196 12
247 56
245 12
297 83
197 16
248 58
246 55
298 54
198 85
249 12
247 13
299 10
199 58
250 17
248 27
300 19
200 37
249 38
301 37
201 37
252 82
302 25
202 77
253 51
251 81
303 40
203 56
254 89
252 24
304 63
204 91
255 28
253 42
305 20
205 33
256 10
254 71
306 71
206 87
257 90
255 66
307 62
207 81
258 40
256 12
308 65
208 89
259 23
257 53
309 56
209 75
260 77
258 13
310 55
210 44
261 84
259 44
311 81
211 27
262 11
260 79
312 16
212 77
263 72
261 67
313 37
213 97
264 68
262 72
314 58
214 19
265 87
263 75
315 100
215 24
266 71
264 27
316 88
216 49
267 44
265 45
317 63
217 35
268 78
266 96
318 89
218 41
269 69
267 46
319 64
219 44
270 67
268 63
320 88
220 35
271 51
269 52
321 94
221 84
272 71
270 38
322 24
222 43
273 55
271 37
323 21
223 10
274 61
272 88
324 48
224 66
275 91
273 92
325 81
225 98
276 49
274 46
326 90
226 21
277 37
275 25
327 99
227 98
278 69
276 33
328 37
228 75
279 21
277 64
329 80
229 95
280 39
278 16
330 31
230 20
281 40
279 89
331 13
231 39
282 26
280 76
332 16
232 12
283 36
281 78
333 38
233 25
284 58
282 77
334 14
234 81
285 19
283 64
335 77
235 62
286 56
284 47
336 70
236 46
287 38
285 80
337 80
237 41
288 94
286 72
338 34
238 93
289 48
287 25
339 67
239 90
290 21
288 12
340 100
240 89
291 25
289 26
341 90
241 68
292 26
290 75
342 21
242 26
293 15
291 80
343 10
243 100
294 21
292 80
344 20
244 100
295 28
293 20
345 77
245 48
296 24
294 15
346 12
246 12
297 47
295 29
347 10
247 72
298 33
296 62
348 43
248 16
299 46
297 56
349 74
249 47
300 69
298 70
350 87
250 95
299 60
351 98
251 96
302 32
352 82
252 40
303 52
301 37
353 23
253 82
304 23
302 50
354 48
254 30
305 55
303 90
355 70
255 68
306 72
304 23
356 13
256 76
307 92
305 71
357 95
257 40
308 77
306 27
358 15
258 39
309 41
307 87
359 82
259 22
310 54
308 97
360 36
260 38
311 27
309 48
361 16
261 59
312 69
310 61
362 52
262 21
313 14
311 89
363 25
263 19
314 98
312 94
364 99
264 35
315 97
313 24
365 91
265 52
316 83
314 48
366 100
266 53
317 85
315 27
367 46
267 75
318 45
316 18
368 73
268 23
319 42
317 24
369 28
269 61
320 21
318 98
370 94
270 12
321 76
319 67
371 99
271 71
322 94
320 99
372 56
272 67
323 91
321 63
373 85
273 60
324 88
322 73
374 63
274 90
325 66
323 58
375 61
275 94
326 58
324 24
376 81
276 33
327 17
325 36
377 27
277 56
328 22
326 39
378 48
278 31
329 67
327 83
379 67
279 62
330 23
328 90
380 27
280 22
331 94
329 79
381 42
281 47
332 77
330 69
382 31
282 40
333 88
331 19
383 40
283 74
334 56
332 13
384 42
284 50
335 86
333 72
385 95
285 68
336 19
334 72
386 35
286 91
337 82
335 28
387 32
287 62
338 75
336 95
388 73
288 33
339 61
337 33
389 70
289 93
340 88
338 83
390 40
290 80
341 83
339 88
391 82
291 29
342 67
340 72
392 22
292 69
343 30
341 89
393 81
293 18
344 69
342 44
394 24
294 26
345 51
343 51
395 50
295 21
346 74
344 54
396 15
296 57
347 40
345 49
397 83
297 49
348 94
346 72
398 76
298 88
349 100
347 72
399 85
299 54
350 32
348 28
400 17
300 51
349 90
401 43
301 48
352 46
402 61
302 29
353 34
351 49
403 74
303 61
354 96
352 39
404 69
304 96
355 85
353 33
405 24
305 40
356 15
354 66
406 11
306 70
357 51
355 93
407 54
307 51
358 87
356 40
408 97
308 68
359 32
357 52
409 40
309 11
360 39
358 17
410 86
310 86
361 13
359 63
411 85
311 45
362 71
360 78
412 55
312 13
363 64
361 50
413 44
313 97
364 34
362 19
414 45
314 13
365 27
363 99
415 99
315 44
366 81
364 12
416 60
316 91
367 77
365 24
417 31
317 32
368 75
366 11
418 11
318 84
369 11
367 38
419 58
319 76
370 25
368 17
420 65
320 72
371 32
369 31
421 51
321 79
372 47
370 32
422 45
322 63
373 91
371 80
423 19
323 65
374 80
372 71
424 91
324 83
375 82
373 81
425 35
325 48
376 47
374 24
426 45
326 81
377 20
375 63
427 26
327 94
378 37
376 73
428 25
328 94
379 51
377 12
429 32
329 43
380 49
378 87
430 96
330 37
381 53
379 68
431 33
331 97
382 27
380 14
432 34
332 93
383 47
381 88
433 28
333 26
384 17
382 74
434 65
334 59
385 86
383 55
435 32
335 83
386 48
384 99
436 12
336 30
387 30
385 15
437 88
337 30
388 85
386 20
438 71
338 41
389 55
387 24
439 84
339 42
390 93
388 31
440 88
340 98
391 51
389 61
441 97
341 97
392 37
390 73
442 66
342 94
393 84
391 88
443 42
343 13
394 13
392 50
444 45
344 82
395 59
393 84
445 64
345 83
396 27
394 50
446 77
346 43
397 85
395 17
447 31
347 95
398 16
396 64
448 30
348 91
399 50
397 36
449 64
349 51
400 29
398 61
450 99
350 57
399 62
451 67
351 26
402 42
452 34
352 70
403 67
401 100
453 91
353 74
404 68
402 73
454 48
354 73
405 59
403 80
455 85
355 96
406 11
404 61
456 49
356 52
407 38
405 56
457 79
357 56
408 55
406 73
458 64
358 42
409 82
407 59
459 24
359 65
410 89
408 35
460 95
360 40
411 21
409 15
461 25
361 32
412 80
410 71
462 48
362 61
413 38
411 38
463 77
363 31
414 46
412 93
464 73
364 20
415 16
413 83
465 18
365 52
416 92
414 32
466 97
366 96
417 41
415 77
467 18
367 37
418 39
416 17
468 20
368 79
419 93
417 51
469 49
369 69
420 63
418 40
470 67
370 45
421 60
419 25
471 73
371 53
422 75
420 20
472 44
372 26
423 76
421 55
473 66
373 87
424 34
422 83
474 57
374 50
425 75
423 11
475 84
375 34
426 25
424 96
476 48
376 13
427 72
425 92
477 18
377 58
428 33
426 59
478 14
378 26
429 39
427 65
479 51
379 17
430 49
428 87
480 25
380 84
431 89
429 19
481 19
381 39
432 44
430 12
482 67
382 84
433 81
431 44
483 51
383 42
434 32
432 54
484 65
384 76
435 60
433 59
485 29
385 60
436 15
434 23
486 29
386 34
437 76
435 13
487 10
387 82
438 10
436 71
488 79
388 60
439 32
437 43
489 64
389 46
440 44
438 77
490 57
390 64
441 90
439 98
491 65
391 71
442 84
440 13
492 76
392 55
443 58
441 69
493 61
393 61
444 95
442 72
494 83
394 69
445 82
443 90
495 75
395 10
446 60
444 58
496 56
396 98
447 36
445 69
497 31
397 46
448 57
446 32
498 82
398 35
449 90
447 32
499 16
399 17
450 23
448 91
500 92
400 17
449 81
501 81
401 23
452 93
502 99
402 62
453 42
451 14
503 49
403 85
454 25
452 79
504 31
404 97
455 74
453 83
505 65
405 45
456 86
454 16
506 26
406 91
457 58
455 30
507 23
407 80
458 31
456 80
508 11
408 23
459 99
457 21
509 94
409 50
460 42
458 57
510 91
410 88
461 26
459 49
511 100
411 88
462 29
460 36
512 45
412 67
463 72
461 98
513 74
413 93
464 20
462 21
514 17
414 36
465 62
463 68
515 15
415 24
466 96
464 97
516 91
416 50
467 43
465 50
517 48
417 69
468 49
466 59
518 69
418 53
469 54
467 80
519 82
419 30
470 13
468 55
520 55
420 93
471 47
469 40
521 45
421 28
472 61
470 76
522 56
422 52
473 25
471 49
523 29
423 65
474 52
472 34
524 51
424 100
475 48
473 39
525 28
425 98
476 20
474 22
526 98
426 57
477 20
475 42
527 60
427 98
478 36
476 84
528 74
428 48
479 80
477 97
529 83
429 66
480 79
478 26
530 11
430 94
481 61
479 86
531 66
431 55
482 21
480 76
532 86
432 31
483 90
481 99
533 59
433 31
484 51
482 72
534 29
434 57
485 26
483 54
535 96
435 79
486 57
484 45
536 64
436 41
487 96
485 22
537 98
437 55
488 19
486 59
538 93
438 77
489 36
487 65
539 38
439 27
490 44
488 26
540 28
440 39
491 27
489 10
541 20
441 31
492 37
490 91
542 89
442 96
493 71
491 28
543 14
443 83
494 70
492 94
544 36
444 96
495 85
493 97
545 95
445 51
496 22
494 70
546 42
446 47
497 85
495 31
547 76
447 31
498 52
496 18
548 75
448 95
499 72
497 33
549 78
449 10
500 88
498 90
550 80
450 17
499 49
551 62
451 54
502 53
552 13
452 77
503 96
501 16
553 58
453 11
504 56
502 51
554 93
454 64
505 22
503 37
555 86
455 32
506 79
504 41
556 47
456 56
507 27
505 85
557 93
457 98
508 10
506 25
558 72
458 87
509 30
507 15
559 23
459 49
510 75
508 32
560 72
460 78
511 16
509 27
561 72
461 92
512 90
510 18
562 15
462 62
513 48
511 72
563 17
463 19
514 30
512 33
564 95
464 95
515 84
513 24
565 59
465 35
516 25
514 96
566 19
466 63
517 45
515 12
567 87
467 15
518 73
516 61
568 21
468 14
519 46
517 20
569 91
469 29
520 17
518 79
570 53
470 31
521 90
519 89
571 74
471 94
522 31
520 30
572 13
472 14
523 84
521 70
573 61
473 16
524 15
522 54
574 19
474 92
525 58
523 48
575 47
475 19
526 62
524 67
576 41
476 91
527 23
525 71
577 61
477 42
528 75
526 51
578 61
478 79
529 31
527 44
579 78
479 47
530 54
528 48
580 18
480 62
531 61
529 50
581 92
481 59
532 37
530 10
582 100
482 40
533 37
531 81
583 47
483 90
534 30
532 74
584 12
484 64
535 64
533 30
585 77
485 90
536 57
534 13
586 100
486 55
537 91
535 48
587 92
487 84
538 54
536 38
588 98
488 30
539 37
537 71
589 88
489 54
540 30
538 28
590 49
490 21
541 82
539 10
591 10
491 40
542 25
540 72
592 91
492 63
543 84
541 74
593 54
493 31
544 86
542 16
594 57
494 64
545 63
543 69
595 52
495 86
546 42
544 23
596 32
496 99
547 23
545 50
597 55
497 28
548 12
546 77
598 84
498 42
549 96
547 63
599 89
499 93
550 11
548 53
600 60
500 12
549 83
501 76
552 34
502 86
553 36
551 97
503 21
554 72
552 51
504 61
555 22
553 51
505 77
556 85
554 23
506 56
557 89
555 23
507 86
558 96
556 14
508 35
559 55
557 99
509 52
560 56
558 59
510 21
561 76
559 47
511 26
562 77
560 100
512 39
563 69
561 69
513 67
564 11
562 12
514 75
565 13
563 38
515 11
566 79
564 99
516 16
567 87
565 86
517 54
568 48
566 66
518 42
569 100
567 24
519 81
570 91
568 77
520 77
571 53
569 34
521 23
572 49
570 85
522 26
573 19
571 95
523 99
574 32
572 62
524 53
575 94
573 36
525 81
576 85
574 56
526 60
577 90
575 45
527 23
578 94
576 64
528 82
579 81
577 37
529 11
580 32
578 72
530 95
581 79
579 36
531 18
582 22
580 10
532 32
583 79
581 70
533 94
584 27
582 85
534 89
585 92
583 77
535 43
586 47
584 87
536 69
587 20
585 93
537 50
588 38
586 91
538 85
589 14
587 87
539 64
590 63
588 10
540 26
591 56
589 26
541 63
592 69
590 88
542 74
593 95
591 94
543 61
594 91
592 61
544 50
595 59
593 42
545 48
596 75
594 42
546 28
597 17
595 49
547 16
598 67
596 31
548 45
599 53
597 64
549 91
600 84
598 64
550 94
599 92
280
425
2 438 280 
3 83 166 450 
2 554 123 
1 596 
2 104 33 
3 509 524 182 
2 288 78 
1 85 
1 349 
2 12 385 
2 353 267 
1 343 
2 350 408 
1 332 
2 462 470 
1 478 
3 356 429 278 
1 397 
3 240 441 373 
1 262 
1 561 
1 52 
2 318 24 
3 342 407 156 
3 439 86 127 
3 335 459 488 
1 551 
2 457 330 
2 35 174 
2 414 578 
2 144 118 
2 188 440 
1 145 
1 5 
1 333 
2 125 435 
2 406 221 
1 432 
2 339 268 
1 275 
4 496 29 347 281 
2 74 272 
3 411 75 256 
2 543 537 
2 116 87 
2 334 300 
1 475 
4 314 27 514 283 
1 471 
1 25 
1 277 
2 371 94 
2 143 290 
1 591 
4 421 76 513 364 
2 40 420 
2 230 317 
3 327 206 250 
5 209 241 577 378 4 
4 590 189 136 194 
3 584 302 351 
1 97 
2 565 505 
2 377 325 
3 165 150 106 
3 196 382 68 
4 472 301 482 305 
1 151 
2 80 340 
1 64 
2 595 311 
3 172 510 409 
3 102 67 55 
1 393 
2 205 369 
1 390 
1 380 
1 242 
1 164 
1 568 
2 84 153 
1 597 
4 146 593 34 375 
2 355 177 
2 581 180 
2 599 61 
1 133 
1 384 
1 374 
2 557 564 
1 56 
2 546 162 
1 357 
1 243 
2 600 62 
1 528 
1 307 
2 550 215 
3 491 258 490 
1 529 
1 48 
1 428 
1 569 
2 69 319 
2 555 549 
1 346 
1 538 
3 158 477 257 
1 219 
1 540 
2 152 536 
1 443 
1 109 
2 365 425 
