196 728 10 100 37
2
3
3
3
3
3
3
3
3
3
3
3
3
2
3
4
4
4
4
4
4
4
4
4
4
4
4
3
3
4
4
4
4
4
4
4
4
4
4
4
4
3
3
4
4
4
4
4
4
4
4
4
4
4
4
3
3
4
4
4
4
4
4
4
4
4
4
4
4
3
3
4
4
4
4
4
4
4
4
4
4
4
4
3
3
4
4
4
4
4
4
4
4
4
4
4
4
3
3
4
4
4
4
4
4
4
4
4
4
4
4
3
3
4
4
4
4
4
4
4
4
4
4
4
4
3
3
4
4
4
4
4
4
4
4
4
4
4
4
3
3
4
4
4
4
4
4
4
4
4
4
4
4
3
3
4
4
4
4
4
4
4
4
4
4
4
4
3
3
4
4
4
4
4
4
4
4
4
4
4
4
3
2
3
3
3
3
3
3
3
3
3
3
3
3
2
15 89
2 29
16 66
3 43
1 14
17 81
4 87
2 45
18 47
5 45
3 80
19 10
6 75
4 15
20 88
7 18
5 50
21 22
8 45
6 39
22 73
9 71
7 63
23 42
10 75
8 12
24 95
11 78
9 90
25 56
12 82
10 10
26 68
13 75
11 65
27 86
14 91
12 56
28 93
13 26
29 31
1 60
16 48
30 64
2 30
17 68
15 48
31 29
3 74
18 37
16 96
32 37
4 20
19 35
17 46
33 38
5 41
20 24
18 76
34 16
6 53
21 80
19 67
35 10
7 99
22 98
20 19
36 49
8 26
23 13
21 65
37 54
9 20
24 75
22 81
38 48
10 38
25 65
23 66
39 10
11 89
26 70
24 83
40 44
12 16
27 33
25 67
41 48
13 77
28 48
26 87
42 56
14 39
27 70
43 52
15 32
30 88
44 28
16 100
31 63
29 63
45 10
17 81
32 93
30 42
46 63
18 24
33 33
31 38
47 100
19 79
34 32
32 53
48 25
20 53
35 96
33 22
49 15
21 93
36 35
34 25
50 81
22 14
37 97
35 41
51 66
23 82
38 48
36 23
52 43
24 95
39 18
37 57
53 98
25 89
40 38
38 44
54 72
26 78
41 37
39 76
55 10
27 13
42 30
40 91
56 55
28 81
41 52
57 11
29 67
44 94
58 95
30 79
45 44
43 64
59 54
31 11
46 54
44 43
60 46
32 78
47 23
45 14
61 74
33 33
48 10
46 27
62 32
34 14
49 42
47 12
63 59
35 81
50 27
48 10
64 83
36 78
51 84
49 93
65 92
37 75
52 49
50 50
66 82
38 60
53 85
51 90
67 90
39 86
54 68
52 23
68 73
40 41
55 42
53 38
69 25
41 26
56 90
54 68
70 18
42 28
55 61
71 10
43 86
58 14
72 89
44 72
59 24
57 97
73 74
45 63
60 35
58 63
74 34
46 18
61 61
59 97
75 62
47 48
62 99
60 91
76 60
48 79
63 49
61 53
77 28
49 35
64 42
62 49
78 82
50 74
65 12
63 22
79 17
51 81
66 19
64 15
80 84
52 33
67 10
65 99
81 43
53 11
68 79
66 62
82 56
54 56
69 99
67 98
83 96
55 10
70 93
68 60
84 58
56 32
69 86
85 94
57 95
72 36
86 81
58 93
73 68
71 27
87 49
59 31
74 59
72 16
88 11
60 87
75 10
73 22
89 83
61 90
76 45
74 99
90 40
62 27
77 36
75 94
91 19
63 24
78 25
76 88
92 73
64 81
79 25
77 72
93 87
65 73
80 73
78 40
94 62
66 16
81 48
79 57
95 20
67 92
82 71
80 87
96 90
68 46
83 40
81 47
97 91
69 15
84 11
82 32
98 13
70 65
83 81
99 57
71 74
86 76
100 86
72 18
87 65
85 51
101 40
73 53
88 75
86 26
102 30
74 13
89 13
87 61
103 25
75 75
90 32
88 62
104 93
76 62
91 22
89 81
105 77
77 48
92 94
90 22
106 65
78 97
93 65
91 18
107 42
79 82
94 15
92 14
108 54
80 90
95 10
93 10
109 26
81 80
96 61
94 65
110 72
82 85
97 34
95 54
111 81
83 43
98 60
96 20
112 36
84 94
97 93
113 68
85 41
100 77
114 23
86 89
101 14
99 95
115 63
87 47
102 74
100 61
116 74
88 90
103 45
101 57
117 85
89 47
104 98
102 69
118 31
90 69
105 12
103 85
119 96
91 51
106 82
104 49
120 53
92 33
107 76
105 52
121 40
93 70
108 71
106 53
122 30
94 24
109 31
107 21
123 35
95 34
110 89
108 45
124 88
96 74
111 72
109 11
125 73
97 80
112 68
110 73
126 36
98 87
111 82
127 89
99 38
114 21
128 96
100 87
115 69
113 48
129 83
101 36
116 83
114 81
130 90
102 97
117 64
115 19
131 89
103 83
118 69
116 28
132 54
104 17
119 36
117 35
133 44
105 74
120 44
118 61
134 21
106 49
121 61
119 79
135 100
107 73
122 33
120 55
136 79
108 27
123 10
121 48
137 11
109 33
124 80
122 14
138 51
110 11
125 36
123 81
139 11
111 63
126 80
124 15
140 34
112 99
125 84
141 28
113 51
128 26
142 41
114 70
129 30
127 77
143 56
115 83
130 13
128 47
144 82
116 53
131 22
129 88
145 94
117 13
132 30
130 41
146 74
118 22
133 76
131 80
147 41
119 57
134 23
132 88
148 13
120 84
135 74
133 95
149 48
121 34
136 16
134 94
150 75
122 82
137 64
135 77
151 76
123 24
138 16
136 96
152 63
124 35
139 16
137 29
153 23
125 16
140 91
138 91
154 90
126 46
139 72
155 66
127 40
142 72
156 64
128 40
143 27
141 49
157 52
129 41
144 27
142 32
158 36
130 73
145 88
143 97
159 26
131 44
146 97
144 66
160 97
132 32
147 20
145 81
161 96
133 96
148 65
146 56
162 37
134 47
149 40
147 89
163 63
135 37
150 54
148 17
164 71
136 48
151 19
149 55
165 71
137 42
152 91
150 40
166 50
138 22
153 10
151 63
167 19
139 72
154 50
152 37
168 87
140 48
153 90
169 65
141 32
156 85
170 20
142 16
157 71
155 52
171 26
143 58
158 91
156 53
172 67
144 82
159 32
157 43
173 29
145 95
160 20
158 62
174 60
146 93
161 97
159 66
175 28
147 12
162 99
160 92
176 14
148 17
163 41
161 97
177 53
149 88
164 76
162 46
178 12
150 30
165 21
163 22
179 12
151 39
166 20
164 32
180 89
152 93
167 39
165 35
181 88
153 77
168 51
166 34
182 16
154 65
167 49
183 42
155 80
170 84
184 43
156 35
171 38
169 14
185 40
157 40
172 82
170 57
186 51
158 15
173 75
171 29
187 78
159 35
174 48
172 58
188 88
160 79
175 88
173 82
189 66
161 31
176 56
174 52
190 84
162 66
177 27
175 93
191 72
163 25
178 39
176 61
192 95
164 98
179 81
177 65
193 58
165 12
180 14
178 63
194 15
166 70
181 19
179 25
195 14
167 100
182 12
180 100
196 23
168 16
181 48
169 77
184 56
170 11
185 88
183 93
171 30
186 40
184 19
172 48
187 65
185 40
173 87
188 71
186 19
174 82
189 47
187 25
175 77
190 100
188 61
176 37
191 18
189 32
177 64
192 57
190 73
178 49
193 40
191 31
179 92
194 41
192 50
180 40
195 79
193 91
181 71
196 79
194 75
182 90
195 10
195
99
1 195 
2 148 83 
1 10 
2 179 17 
2 23 43 
1 131 
3 111 128 77 
1 37 
2 79 1 
1 149 
4 152 163 139 159 
2 86 101 
2 96 4 
1 182 
3 61 50 145 
3 9 153 157 
2 144 187 
1 66 
2 8 117 
1 98 
2 127 188 
2 68 193 
3 55 35 71 
1 172 
2 21 158 
3 120 20 108 
1 162 
2 26 168 
1 94 
3 173 19 87 
2 64 194 
2 169 119 
2 107 41 
1 45 
1 15 
2 75 13 
1 99 
