625 2400 10 100 118
2
3
3
3
3
3
3
3
3
3
3
3
3
3
3
3
3
3
3
3
3
3
3
3
2
3
4
4
4
4
4
4
4
4
4
4
4
4
4
4
4
4
4
4
4
4
4
4
4
3
3
4
4
4
4
4
4
4
4
4
4
4
4
4
4
4
4
4
4
4
4
4
4
4
3
3
4
4
4
4
4
4
4
4
4
4
4
4
4
4
4
4
4
4
4
4
4
4
4
3
3
4
4
4
4
4
4
4
4
4
4
4
4
4
4
4
4
4
4
4
4
4
4
4
3
3
4
4
4
4
4
4
4
4
4
4
4
4
4
4
4
4
4
4
4
4
4
4
4
3
3
4
4
4
4
4
4
4
4
4
4
4
4
4
4
4
4
4
4
4
4
4
4
4
3
3
4
4
4
4
4
4
4
4
4
4
4
4
4
4
4
4
4
4
4
4
4
4
4
3
3
4
4
4
4
4
4
4
4
4
4
4
4
4
4
4
4
4
4
4
4
4
4
4
3
3
4
4
4
4
4
4
4
4
4
4
4
4
4
4
4
4
4
4
4
4
4
4
4
3
3
4
4
4
4
4
4
4
4
4
4
4
4
4
4
4
4
4
4
4
4
4
4
4
3
3
4
4
4
4
4
4
4
4
4
4
4
4
4
4
4
4
4
4
4
4
4
4
4
3
3
4
4
4
4
4
4
4
4
4
4
4
4
4
4
4
4
4
4
4
4
4
4
4
3
3
4
4
4
4
4
4
4
4
4
4
4
4
4
4
4
4
4
4
4
4
4
4
4
3
3
4
4
4
4
4
4
4
4
4
4
4
4
4
4
4
4
4
4
4
4
4
4
4
3
3
4
4
4
4
4
4
4
4
4
4
4
4
4
4
4
4
4
4
4
4
4
4
4
3
3
4
4
4
4
4
4
4
4
4
4
4
4
4
4
4
4
4
4
4
4
4
4
4
3
3
4
4
4
4
4
4
4
4
4
4
4
4
4
4
4
4
4
4
4
4
4
4
4
3
3
4
4
4
4
4
4
4
4
4
4
4
4
4
4
4
4
4
4
4
4
4
4
4
3
3
4
4
4
4
4
4
4
4
4
4
4
4
4
4
4
4
4
4
4
4
4
4
4
3
3
4
4
4
4
4
4
4
4
4
4
4
4
4
4
4
4
4
4
4
4
4
4
4
3
3
4
4
4
4
4
4
4
4
4
4
4
4
4
4
4
4
4
4
4
4
4
4
4
3
3
4
4
4
4
4
4
4
4
4
4
4
4
4
4
4
4
4
4
4
4
4
4
4
3
3
4
4
4
4
4
4
4
4
4
4
4
4
4
4
4
4
4
4
4
4
4
4
4
3
2
3
3
3
3
3
3
3
3
3
3
3
3
3
3
3
3
3
3
3
3
3
3
3
2
26 53
2 29
27 40
3 89
1 38
28 27
4 92
2 37
29 55
5 54
3 29
30 76
6 17
4 48
31 21
7 87
5 38
32 97
8 14
6 42
33 48
9 81
7 69
34 97
10 15
8 17
35 68
11 57
9 91
36 92
12 66
10 22
37 55
13 92
11 99
38 22
14 63
12 43
39 64
15 64
13 31
40 82
16 53
14 76
41 38
17 21
15 42
42 72
18 83
16 93
43 55
19 67
17 85
44 81
20 13
18 36
45 14
21 96
19 66
46 67
22 58
20 40
47 52
23 25
21 78
48 62
24 92
22 21
49 20
25 94
23 96
50 22
24 46
51 59
1 72
27 83
52 51
2 60
28 97
26 76
53 17
3 86
29 40
27 66
54 100
4 96
30 38
28 22
55 50
5 20
31 90
29 73
56 57
6 85
32 16
30 19
57 48
7 51
33 15
31 64
58 46
8 25
34 99
32 23
59 34
9 36
35 33
33 83
60 26
10 69
36 55
34 40
61 34
11 96
37 39
35 40
62 81
12 70
38 18
36 70
63 82
13 77
39 89
37 22
64 76
14 60
40 42
38 60
65 17
15 95
41 19
39 84
66 64
16 37
42 51
40 61
67 100
17 90
43 13
41 23
68 100
18 45
44 57
42 66
69 87
19 24
45 90
43 48
70 72
20 53
46 53
44 50
71 15
21 21
47 42
45 53
72 90
22 44
48 70
46 81
73 30
23 23
49 57
47 57
74 97
24 52
50 65
48 52
75 92
25 56
49 62
76 20
26 27
52 69
77 31
27 55
53 26
51 86
78 88
28 58
54 49
52 23
79 53
29 91
55 51
53 62
80 20
30 40
56 42
54 93
81 100
31 22
57 79
55 19
82 18
32 25
58 42
56 69
83 61
33 51
59 53
57 96
84 49
34 45
60 18
58 45
85 29
35 50
61 71
59 33
86 37
36 26
62 72
60 21
87 47
37 65
63 51
61 61
88 17
38 70
64 35
62 38
89 39
39 79
65 10
63 58
90 93
40 98
66 84
64 46
91 63
41 16
67 87
65 45
92 89
42 66
68 35
66 12
93 38
43 19
69 16
67 53
94 39
44 43
70 96
68 55
95 72
45 32
71 38
69 49
96 12
46 22
72 10
70 92
97 32
47 49
73 61
71 35
98 19
48 76
74 53
72 66
99 96
49 60
75 35
73 80
100 91
50 77
74 99
101 10
51 90
77 22
102 69
52 98
78 99
76 23
103 27
53 98
79 94
77 69
104 30
54 96
80 65
78 84
105 57
55 67
81 63
79 40
106 76
56 53
82 69
80 68
107 65
57 30
83 99
81 13
108 50
58 28
84 87
82 79
109 60
59 57
85 29
83 81
110 77
60 88
86 84
84 57
111 43
61 62
87 37
85 99
112 23
62 26
88 100
86 64
113 81
63 96
89 85
87 48
114 29
64 10
90 89
88 93
115 48
65 39
91 31
89 84
116 61
66 42
92 22
90 40
117 49
67 30
93 16
91 41
118 78
68 43
94 85
92 79
119 48
69 96
95 32
93 12
120 19
70 53
96 42
94 84
121 37
71 62
97 42
95 82
122 45
72 60
98 16
96 100
123 85
73 30
99 91
97 41
124 87
74 72
100 92
98 44
125 76
75 23
99 86
126 44
76 34
102 31
127 85
77 69
103 38
101 15
128 57
78 43
104 67
102 45
129 96
79 50
105 60
103 77
130 99
80 62
106 66
104 80
131 96
81 89
107 87
105 82
132 21
82 99
108 45
106 94
133 56
83 13
109 75
107 34
134 33
84 95
110 40
108 84
135 67
85 47
111 83
109 33
136 39
86 89
112 72
110 58
137 65
87 30
113 40
111 61
138 33
88 28
114 33
112 67
139 89
89 25
115 80
113 73
140 26
90 75
116 24
114 65
141 13
91 90
117 54
115 83
142 83
92 96
118 72
116 66
143 23
93 51
119 41
117 46
144 10
94 88
120 25
118 48
145 44
95 38
121 12
119 65
146 24
96 14
122 88
120 86
147 43
97 38
123 17
121 19
148 50
98 72
124 69
122 75
149 45
99 47
125 70
123 38
150 96
100 37
124 91
151 56
101 40
127 91
152 63
102 95
128 24
126 30
153 27
103 86
129 51
127 45
154 29
104 29
130 23
128 35
155 24
105 88
131 97
129 32
156 48
106 99
132 16
130 24
157 18
107 96
133 23
131 77
158 48
108 13
134 74
132 47
159 12
109 81
135 49
133 14
160 10
110 20
136 37
134 33
161 49
111 25
137 20
135 42
162 100
112 46
138 45
136 17
163 54
113 21
139 75
137 46
164 13
114 93
140 36
138 29
165 35
115 95
141 21
139 14
166 100
116 95
142 12
140 60
167 91
117 24
143 45
141 46
168 32
118 78
144 75
142 47
169 90
119 90
145 13
143 69
170 48
120 20
146 96
144 15
171 72
121 91
147 35
145 92
172 16
122 97
148 45
146 65
173 40
123 84
149 94
147 34
174 32
124 34
150 19
148 57
175 14
125 84
149 34
176 86
126 20
152 89
177 14
127 29
153 59
151 85
178 47
128 15
154 30
152 72
179 10
129 80
155 62
153 18
180 10
130 65
156 46
154 84
181 82
131 48
157 43
155 26
182 13
132 82
158 76
156 60
183 32
133 84
159 16
157 92
184 36
134 39
160 31
158 47
185 62
135 62
161 61
159 49
186 67
136 20
162 76
160 93
187 17
137 15
163 99
161 55
188 42
138 26
164 94
162 54
189 20
139 33
165 98
163 30
190 23
140 96
166 17
164 94
191 37
141 29
167 72
165 58
192 15
142 13
168 14
166 33
193 47
143 51
169 41
167 92
194 75
144 29
170 81
168 18
195 51
145 28
171 84
169 98
196 70
146 20
172 43
170 77
197 13
147 58
173 37
171 53
198 44
148 10
174 85
172 40
199 14
149 74
175 14
173 15
200 27
150 60
174 80
201 44
151 45
177 63
202 54
152 95
178 32
176 62
203 12
153 100
179 28
177 48
204 47
154 100
180 43
178 51
205 88
155 70
181 15
179 82
206 71
156 32
182 63
180 100
207 42
157 31
183 14
181 14
208 63
158 93
184 12
182 54
209 63
159 58
185 91
183 61
210 27
160 96
186 54
184 92
211 81
161 18
187 71
185 58
212 93
162 69
188 48
186 22
213 93
163 97
189 48
187 96
214 85
164 67
190 38
188 78
215 82
165 62
191 97
189 36
216 100
166 88
192 24
190 45
217 44
167 75
193 35
191 24
218 14
168 78
194 83
192 46
219 62
169 52
195 68
193 12
220 65
170 68
196 26
194 45
221 45
171 85
197 60
195 91
222 73
172 38
198 88
196 88
223 23
173 45
199 41
197 72
224 41
174 84
200 54
198 56
225 87
175 40
199 84
226 62
176 62
202 88
227 24
177 15
203 67
201 90
228 81
178 83
204 25
202 31
229 100
179 33
205 53
203 60
230 29
180 93
206 20
204 84
231 81
181 93
207 79
205 33
232 62
182 31
208 41
206 12
233 70
183 68
209 17
207 89
234 22
184 14
210 18
208 64
235 83
185 94
211 45
209 11
236 81
186 31
212 17
210 91
237 75
187 41
213 15
211 53
238 53
188 14
214 88
212 82
239 90
189 22
215 49
213 48
240 61
190 24
216 14
214 23
241 46
191 29
217 84
215 48
242 80
192 31
218 61
216 88
243 16
193 10
219 97
217 42
244 96
194 59
220 62
218 44
245 62
195 84
221 20
219 63
246 86
196 89
222 91
220 83
247 67
197 31
223 24
221 38
248 87
198 31
224 44
222 48
249 73
199 24
225 58
223 48
250 24
200 13
224 74
251 72
201 54
227 26
252 37
202 74
228 89
226 79
253 54
203 77
229 40
227 79
254 65
204 23
230 21
228 80
255 78
205 73
231 21
229 58
256 74
206 94
232 14
230 39
257 35
207 43
233 17
231 48
258 93
208 61
234 50
232 48
259 70
209 84
235 74
233 62
260 19
210 50
236 24
234 16
261 43
211 78
237 64
235 95
262 47
212 22
238 20
236 54
263 66
213 48
239 69
237 80
264 21
214 72
240 78
238 95
265 42
215 79
241 25
239 65
266 77
216 78
242 36
240 16
267 82
217 35
243 36
241 30
268 53
218 38
244 39
242 73
269 75
219 64
245 20
243 63
270 53
220 66
246 94
244 50
271 82
221 39
247 26
245 64
272 73
222 39
248 37
246 42
273 27
223 83
249 25
247 20
274 78
224 81
250 66
248 38
275 73
225 72
249 64
276 100
226 53
252 96
277 30
227 62
253 40
251 27
278 47
228 58
254 61
252 11
279 75
229 36
255 48
253 48
280 30
230 100
256 93
254 73
281 18
231 94
257 82
255 73
282 91
232 70
258 48
256 36
283 60
233 12
259 40
257 16
284 11
234 48
260 85
258 23
285 11
235 75
261 67
259 41
286 10
236 29
262 26
260 74
287 70
237 34
263 99
261 83
288 82
238 15
264 31
262 16
289 42
239 56
265 35
263 13
290 58
240 15
266 58
264 47
291 12
241 86
267 33
265 82
292 39
242 94
268 80
266 95
293 23
243 58
269 24
267 97
294 70
244 44
270 36
268 65
295 38
245 73
271 73
269 88
296 50
246 49
272 76
270 16
297 59
247 71
273 21
271 86
298 65
248 51
274 100
272 11
299 84
249 59
275 84
273 76
300 28
250 67
274 54
301 16
251 16
277 81
302 96
252 12
278 50
276 87
303 31
253 53
279 34
277 34
304 23
254 10
280 80
278 30
305 24
255 98
281 53
279 44
306 50
256 68
282 35
280 70
307 79
257 34
283 28
281 28
308 78
258 94
284 64
282 66
309 41
259 61
285 63
283 45
310 35
260 24
286 13
284 19
311 73
261 15
287 19
285 47
312 70
262 53
288 24
286 26
313 32
263 57
289 97
287 60
314 51
264 48
290 92
288 22
315 99
265 33
291 88
289 49
316 10
266 51
292 19
290 72
317 20
267 78
293 83
291 40
318 23
268 90
294 18
292 23
319 69
269 49
295 82
293 49
320 44
270 55
296 38
294 75
321 15
271 83
297 24
295 11
322 32
272 50
298 75
296 58
323 30
273 23
299 53
297 56
324 64
274 83
300 67
298 53
325 62
275 42
299 42
326 52
276 34
302 83
327 51
277 77
303 29
301 36
328 40
278 59
304 84
302 27
329 37
279 71
305 74
303 63
330 72
280 26
306 66
304 45
331 93
281 99
307 89
305 88
332 77
282 98
308 29
306 90
333 62
283 60
309 17
307 71
334 52
284 64
310 45
308 42
335 73
285 55
311 59
309 85
336 62
286 78
312 39
310 23
337 28
287 75
313 18
311 73
338 84
288 16
314 52
312 46
339 34
289 92
315 48
313 64
340 65
290 42
316 20
314 42
341 82
291 72
317 66
315 37
342 99
292 26
318 48
316 32
343 72
293 54
319 87
317 40
344 53
294 18
320 10
318 73
345 33
295 71
321 73
319 63
346 69
296 73
322 65
320 24
347 67
297 68
323 29
321 82
348 99
298 86
324 30
322 35
349 76
299 53
325 72
323 37
350 50
300 42
324 79
351 20
301 94
327 99
352 89
302 71
328 29
326 49
353 88
303 18
329 100
327 49
354 59
304 44
330 55
328 65
355 61
305 84
331 35
329 53
356 57
306 99
332 72
330 20
357 29
307 27
333 49
331 42
358 44
308 26
334 29
332 18
359 16
309 70
335 23
333 49
360 58
310 77
336 85
334 97
361 17
311 61
337 10
335 36
362 32
312 82
338 72
336 89
363 78
313 62
339 81
337 29
364 98
314 91
340 95
338 49
365 70
315 60
341 34
339 19
366 82
316 38
342 26
340 66
367 92
317 68
343 100
341 20
368 65
318 54
344 49
342 16
369 11
319 56
345 66
343 82
370 15
320 36
346 23
344 29
371 29
321 19
347 75
345 66
372 97
322 84
348 81
346 74
373 89
323 41
349 31
347 65
374 20
324 25
350 73
348 12
375 96
325 60
349 14
376 24
326 71
352 44
377 31
327 18
353 50
351 95
378 74
328 10
354 61
352 39
379 33
329 64
355 15
353 88
380 57
330 79
356 45
354 30
381 75
331 38
357 48
355 22
382 42
332 62
358 29
356 66
383 54
333 38
359 91
357 91
384 91
334 88
360 94
358 85
385 89
335 57
361 10
359 28
386 13
336 75
362 98
360 36
387 63
337 30
363 48
361 25
388 53
338 63
364 33
362 76
389 76
339 45
365 33
363 40
390 16
340 24
366 62
364 25
391 96
341 42
367 42
365 16
392 47
342 28
368 56
366 24
393 80
343 40
369 79
367 19
394 35
344 59
370 29
368 49
395 10
345 53
371 97
369 93
396 63
346 62
372 34
370 86
397 13
347 59
373 38
371 84
398 23
348 92
374 50
372 57
399 100
349 24
375 22
373 74
400 69
350 72
374 69
401 97
351 68
377 46
402 93
352 70
378 18
376 50
403 52
353 32
379 41
377 38
404 53
354 60
380 97
378 16
405 37
355 59
381 11
379 88
406 32
356 39
382 61
380 47
407 61
357 43
383 24
381 21
408 78
358 42
384 27
382 53
409 95
359 25
385 54
383 46
410 85
360 60
386 85
384 36
411 65
361 86
387 79
385 50
412 16
362 74
388 41
386 40
413 20
363 57
389 38
387 75
414 33
364 72
390 40
388 70
415 100
365 14
391 92
389 52
416 85
366 61
392 14
390 82
417 73
367 52
393 26
391 90
418 72
368 43
394 77
392 85
419 79
369 58
395 26
393 41
420 42
370 60
396 40
394 44
421 48
371 90
397 90
395 95
422 38
372 49
398 38
396 64
423 58
373 76
399 83
397 98
424 75
374 32
400 56
398 67
425 25
375 71
399 38
426 28
376 90
402 81
427 13
377 26
403 73
401 51
428 86
378 44
404 67
402 44
429 86
379 62
405 55
403 30
430 42
380 38
406 68
404 31
431 13
381 29
407 88
405 69
432 41
382 31
408 53
406 52
433 51
383 62
409 88
407 65
434 87
384 13
410 59
408 72
435 97
385 27
411 39
409 74
436 69
386 14
412 25
410 23
437 89
387 24
413 72
411 88
438 30
388 96
414 21
412 28
439 11
389 23
415 82
413 21
440 24
390 74
416 89
414 36
441 44
391 94
417 43
415 57
442 81
392 57
418 14
416 18
443 91
393 86
419 97
417 94
444 28
394 93
420 60
418 11
445 53
395 56
421 98
419 82
446 94
396 69
422 32
420 14
447 24
397 56
423 59
421 25
448 25
398 12
424 47
422 79
449 49
399 69
425 38
423 51
450 86
400 48
424 96
451 64
401 58
427 88
452 18
402 70
428 68
426 22
453 15
403 40
429 39
427 92
454 89
404 67
430 46
428 91
455 82
405 52
431 78
429 62
456 11
406 60
432 23
430 10
457 30
407 85
433 90
431 78
458 47
408 81
434 50
432 23
459 46
409 51
435 42
433 40
460 83
410 55
436 48
434 57
461 75
411 58
437 63
435 67
462 15
412 24
438 12
436 41
463 47
413 64
439 73
437 76
464 65
414 15
440 11
438 69
465 35
415 64
441 21
439 25
466 67
416 42
442 50
440 96
467 25
417 80
443 52
441 67
468 59
418 47
444 18
442 51
469 40
419 22
445 92
443 99
470 52
420 25
446 23
444 34
471 31
421 13
447 11
445 31
472 100
422 99
448 59
446 52
473 80
423 38
449 94
447 77
474 91
424 43
450 17
448 43
475 63
425 36
449 24
476 11
426 75
452 24
477 95
427 56
453 73
451 26
478 85
428 47
454 56
452 31
479 22
429 31
455 82
453 19
480 36
430 95
456 80
454 41
481 56
431 24
457 32
455 53
482 33
432 63
458 90
456 82
483 49
433 63
459 35
457 76
484 87
434 24
460 87
458 72
485 63
435 19
461 41
459 26
486 42
436 77
462 40
460 23
487 14
437 34
463 99
461 81
488 30
438 28
464 65
462 45
489 91
439 31
465 17
463 23
490 93
440 41
466 52
464 99
491 48
441 75
467 46
465 91
492 67
442 42
468 20
466 32
493 60
443 94
469 18
467 76
494 74
444 35
470 87
468 35
495 49
445 72
471 15
469 36
496 48
446 77
472 95
470 19
497 72
447 65
473 99
471 21
498 95
448 59
474 74
472 78
499 26
449 97
475 93
473 41
500 73
450 55
474 93
501 52
451 73
477 16
502 81
452 80
478 43
476 50
503 68
453 32
479 77
477 27
504 81
454 59
480 36
478 55
505 18
455 53
481 21
479 58
506 24
456 20
482 38
480 99
507 57
457 92
483 68
481 55
508 79
458 46
484 45
482 34
509 57
459 81
485 14
483 60
510 56
460 93
486 66
484 46
511 53
461 47
487 12
485 49
512 10
462 38
488 31
486 56
513 57
463 47
489 99
487 61
514 53
464 19
490 52
488 95
515 22
465 33
491 41
489 46
516 91
466 10
492 22
490 39
517 80
467 59
493 87
491 51
518 53
468 69
494 43
492 94
519 17
469 69
495 62
493 40
520 59
470 93
496 37
494 87
521 97
471 19
497 26
495 43
522 86
472 73
498 70
496 89
523 31
473 33
499 66
497 37
524 54
474 28
500 90
498 65
525 43
475 20
499 84
526 52
476 97
502 47
527 47
477 30
503 38
501 34
528 53
478 37
504 26
502 28
529 15
479 51
505 79
503 98
530 98
480 29
506 36
504 86
531 15
481 72
507 40
505 55
532 62
482 65
508 24
506 18
533 39
483 40
509 94
507 80
534 86
484 12
510 71
508 31
535 15
485 93
511 54
509 94
536 76
486 94
512 44
510 62
537 10
487 83
513 97
511 88
538 93
488 64
514 36
512 57
539 26
489 61
515 66
513 69
540 81
490 80
516 14
514 72
541 33
491 30
517 73
515 21
542 60
492 72
518 31
516 24
543 63
493 80
519 15
517 15
544 48
494 95
520 83
518 13
545 30
495 21
521 18
519 65
546 38
496 44
522 31
520 67
547 25
497 44
523 70
521 19
548 34
498 62
524 92
522 80
549 45
499 13
525 86
523 99
550 79
500 48
524 95
551 44
501 85
527 60
552 94
502 47
528 42
526 36
553 58
503 83
529 41
527 58
554 98
504 93
530 46
528 91
555 76
505 22
531 17
529 16
556 76
506 51
532 19
530 84
557 84
507 57
533 81
531 55
558 83
508 68
534 74
532 52
559 44
509 81
535 85
533 42
560 34
510 56
536 16
534 51
561 35
511 89
537 20
535 34
562 69
512 38
538 55
536 100
563 63
513 58
539 25
537 46
564 62
514 18
540 35
538 100
565 89
515 76
541 36
539 88
566 36
516 73
542 68
540 37
567 10
517 35
543 94
541 63
568 87
518 11
544 25
542 26
569 12
519 20
545 40
543 54
570 86
520 68
546 93
544 63
571 89
521 24
547 82
545 61
572 55
522 12
548 21
546 60
573 68
523 49
549 41
547 59
574 34
524 37
550 33
548 43
575 67
525 35
549 56
576 60
526 77
552 93
577 92
527 40
553 96
551 31
578 82
528 56
554 41
552 32
579 76
529 73
555 89
553 94
580 10
530 86
556 92
554 15
581 14
531 48
557 48
555 66
582 79
532 48
558 95
556 49
583 57
533 87
559 54
557 49
584 18
534 84
560 71
558 48
585 45
535 91
561 54
559 64
586 41
536 62
562 68
560 77
587 39
537 96
563 15
561 93
588 67
538 56
564 24
562 88
589 72
539 97
565 60
563 84
590 17
540 64
566 51
564 36
591 90
541 59
567 85
565 85
592 87
542 77
568 79
566 69
593 65
543 84
569 28
567 19
594 41
544 37
570 24
568 98
595 24
545 84
571 17
569 57
596 73
546 75
572 33
570 18
597 65
547 51
573 20
571 95
598 99
548 36
574 68
572 51
599 98
549 52
575 94
573 35
600 44
550 40
574 66
601 25
551 35
577 51
602 83
552 20
578 61
576 97
603 80
553 70
579 87
577 46
604 41
554 50
580 73
578 20
605 80
555 68
581 49
579 26
606 41
556 30
582 65
580 19
607 88
557 100
583 35
581 70
608 18
558 50
584 82
582 33
609 100
559 97
585 28
583 41
610 19
560 84
586 74
584 84
611 55
561 85
587 31
585 10
612 74
562 12
588 62
586 30
613 81
563 10
589 37
587 84
614 75
564 99
590 53
588 92
615 39
565 51
591 40
589 24
616 65
566 79
592 61
590 55
617 31
567 89
593 62
591 59
618 60
568 71
594 69
592 91
619 59
569 88
595 45
593 99
620 25
570 100
596 20
594 92
621 56
571 57
597 66
595 50
622 97
572 80
598 37
596 88
623 79
573 52
599 46
597 48
624 66
574 88
600 94
598 58
625 80
575 48
599 88
576 80
602 80
577 66
603 58
601 30
578 88
604 41
602 58
579 32
605 25
603 77
580 53
606 35
604 55
581 24
607 95
605 55
582 53
608 72
606 51
583 32
609 64
607 77
584 22
610 45
608 40
585 21
611 89
609 75
586 10
612 58
610 21
587 16
613 37
611 95
588 22
614 47
612 31
589 58
615 69
613 36
590 85
616 19
614 69
591 71
617 88
615 75
592 92
618 35
616 63
593 72
619 17
617 71
594 10
620 42
618 48
595 39
621 25
619 69
596 67
622 37
620 68
597 39
623 19
621 56
598 24
624 28
622 54
599 95
625 39
623 88
600 22
624 50
313
178
3 518 605 313 
2 188 581 
1 111 
1 570 
2 11 257 
3 514 322 561 
2 429 295 
1 185 
2 110 374 
3 331 456 357 
1 160 
2 391 152 
2 449 114 
2 477 496 
1 601 
1 452 
2 433 212 
1 121 
1 227 
2 93 339 
1 276 
1 608 
1 136 
2 148 611 
1 299 
1 603 
1 419 
3 156 267 485 
3 74 555 348 
1 52 
2 560 308 
2 522 563 
1 60 
1 230 
1 358 
1 42 
2 300 516 
1 571 
1 453 
1 280 
1 329 
3 198 26 96 
3 432 72 109 
3 176 573 361 
2 99 401 
2 94 47 
1 293 
1 254 
2 622 421 
1 92 
1 597 
4 582 618 602 580 
1 395 
4 320 240 87 410 
3 180 106 526 
2 98 214 
1 272 
1 356 
3 265 568 118 
2 502 108 
1 323 
2 24 186 
1 326 
3 398 543 481 
1 232 
1 484 
2 577 304 
1 131 
3 519 337 285 
3 593 489 352 
1 258 
1 508 
3 465 130 585 
1 100 
4 103 590 122 243 
1 62 
5 291 566 19 266 445 
1 287 
3 174 490 78 
1 209 
2 25 35 
3 22 614 145 
2 311 359 
3 41 382 147 
1 541 
2 328 483 
3 305 101 436 
1 317 
1 521 
1 451 
1 405 
3 90 512 97 
2 346 486 
1 612 
2 137 91 
1 126 
1 150 
2 102 173 
2 390 117 
3 498 77 408 
1 37 
3 533 51 89 
4 523 66 68 134 
3 48 607 220 
1 589 
3 84 422 616 
1 298 
2 353 233 
1 440 
2 540 279 
1 595 
4 583 303 13 133 
3 619 250 196 
5 316 294 392 34 544 
1 594 
1 264 
1 463 
1 178 
