625 2400 10 100 118
2
3
3
3
3
3
3
3
3
3
3
3
3
3
3
3
3
3
3
3
3
3
3
3
2
3
4
4
4
4
4
4
4
4
4
4
4
4
4
4
4
4
4
4
4
4
4
4
4
3
3
4
4
4
4
4
4
4
4
4
4
4
4
4
4
4
4
4
4
4
4
4
4
4
3
3
4
4
4
4
4
4
4
4
4
4
4
4
4
4
4
4
4
4
4
4
4
4
4
3
3
4
4
4
4
4
4
4
4
4
4
4
4
4
4
4
4
4
4
4
4
4
4
4
3
3
4
4
4
4
4
4
4
4
4
4
4
4
4
4
4
4
4
4
4
4
4
4
4
3
3
4
4
4
4
4
4
4
4
4
4
4
4
4
4
4
4
4
4
4
4
4
4
4
3
3
4
4
4
4
4
4
4
4
4
4
4
4
4
4
4
4
4
4
4
4
4
4
4
3
3
4
4
4
4
4
4
4
4
4
4
4
4
4
4
4
4
4
4
4
4
4
4
4
3
3
4
4
4
4
4
4
4
4
4
4
4
4
4
4
4
4
4
4
4
4
4
4
4
3
3
4
4
4
4
4
4
4
4
4
4
4
4
4
4
4
4
4
4
4
4
4
4
4
3
3
4
4
4
4
4
4
4
4
4
4
4
4
4
4
4
4
4
4
4
4
4
4
4
3
3
4
4
4
4
4
4
4
4
4
4
4
4
4
4
4
4
4
4
4
4
4
4
4
3
3
4
4
4
4
4
4
4
4
4
4
4
4
4
4
4
4
4
4
4
4
4
4
4
3
3
4
4
4
4
4
4
4
4
4
4
4
4
4
4
4
4
4
4
4
4
4
4
4
3
3
4
4
4
4
4
4
4
4
4
4
4
4
4
4
4
4
4
4
4
4
4
4
4
3
3
4
4
4
4
4
4
4
4
4
4
4
4
4
4
4
4
4
4
4
4
4
4
4
3
3
4
4
4
4
4
4
4
4
4
4
4
4
4
4
4
4
4
4
4
4
4
4
4
3
3
4
4
4
4
4
4
4
4
4
4
4
4
4
4
4
4
4
4
4
4
4
4
4
3
3
4
4
4
4
4
4
4
4
4
4
4
4
4
4
4
4
4
4
4
4
4
4
4
3
3
4
4
4
4
4
4
4
4
4
4
4
4
4
4
4
4
4
4
4
4
4
4
4
3
3
4
4
4
4
4
4
4
4
4
4
4
4
4
4
4
4
4
4
4
4
4
4
4
3
3
4
4
4
4
4
4
4
4
4
4
4
4
4
4
4
4
4
4
4
4
4
4
4
3
3
4
4
4
4
4
4
4
4
4
4
4
4
4
4
4
4
4
4
4
4
4
4
4
3
2
3
3
3
3
3
3
3
3
3
3
3
3
3
3
3
3
3
3
3
3
3
3
3
2
26 65
2 29
27 23
3 27
1 78
28 62
4 80
2 41
29 74
5 10
3 66
30 63
6 60
4 90
31 71
7 16
5 64
32 23
8 27
6 16
33 97
9 43
7 13
34 23
10 50
8 92
35 58
11 77
9 99
36 42
12 29
10 89
37 56
13 44
11 58
38 68
14 91
12 64
39 87
15 66
13 13
40 95
16 14
14 94
41 14
17 22
15 16
42 40
18 73
16 37
43 72
19 75
17 41
44 68
20 100
18 92
45 92
21 87
19 95
46 73
22 32
20 42
47 65
23 20
21 61
48 57
24 17
22 47
49 61
25 89
23 78
50 51
24 22
51 50
1 32
27 83
52 61
2 15
28 45
26 57
53 41
3 48
29 96
27 89
54 19
4 58
30 33
28 24
55 45
5 14
31 31
29 57
56 79
6 26
32 16
30 99
57 54
7 25
33 11
31 34
58 43
8 60
34 70
32 73
59 46
9 93
35 20
33 38
60 48
10 22
36 48
34 79
61 49
11 51
37 77
35 40
62 36
12 63
38 64
36 53
63 68
13 10
39 93
37 43
64 80
14 28
40 26
38 65
65 24
15 46
41 51
39 94
66 76
16 10
42 85
40 20
67 41
17 77
43 22
41 66
68 95
18 53
44 73
42 100
69 78
19 50
45 49
43 100
70 38
20 79
46 62
44 44
71 47
21 36
47 42
45 51
72 70
22 73
48 30
46 60
73 21
23 70
49 44
47 91
74 23
24 49
50 20
48 20
75 76
25 34
49 90
76 59
26 25
52 26
77 67
27 81
53 23
51 18
78 25
28 62
54 41
52 75
79 55
29 61
55 66
53 75
80 40
30 20
56 14
54 90
81 100
31 16
57 64
55 46
82 33
32 82
58 31
56 11
83 39
33 65
59 99
57 49
84 13
34 83
60 27
58 66
85 99
35 62
61 60
59 14
86 67
36 89
62 49
60 44
87 67
37 55
63 39
61 92
88 98
38 25
64 36
62 78
89 48
39 40
65 13
63 59
90 19
40 52
66 20
64 97
91 37
41 48
67 25
65 27
92 59
42 76
68 34
66 70
93 17
43 21
69 85
67 97
94 97
44 88
70 64
68 70
95 35
45 27
71 60
69 94
96 38
46 19
72 55
70 25
97 72
47 49
73 11
71 91
98 59
48 58
74 97
72 93
99 21
49 98
75 46
73 35
100 75
50 32
74 65
101 86
51 46
77 96
102 93
52 30
78 59
76 69
103 92
53 63
79 73
77 88
104 53
54 43
80 74
78 27
105 67
55 29
81 98
79 92
106 89
56 52
82 25
80 86
107 12
57 17
83 44
81 97
108 70
58 45
84 72
82 93
109 18
59 54
85 95
83 66
110 40
60 17
86 19
84 78
111 18
61 30
87 65
85 29
112 44
62 89
88 71
86 56
113 73
63 76
89 32
87 99
114 91
64 66
90 39
88 48
115 68
65 17
91 33
89 61
116 52
66 68
92 94
90 20
117 34
67 73
93 87
91 43
118 75
68 69
94 50
92 32
119 81
69 65
95 18
93 13
120 27
70 70
96 33
94 82
121 56
71 10
97 57
95 14
122 48
72 70
98 59
96 43
123 43
73 99
99 68
97 41
124 60
74 50
100 18
98 87
125 19
75 63
99 47
126 61
76 14
102 86
127 97
77 58
103 66
101 15
128 63
78 12
104 18
102 53
129 53
79 53
105 45
103 73
130 29
80 64
106 27
104 87
131 92
81 85
107 74
105 57
132 16
82 63
108 78
106 48
133 98
83 65
109 67
107 51
134 85
84 23
110 53
108 53
135 51
85 34
111 23
109 83
136 34
86 59
112 57
110 26
137 81
87 50
113 91
111 63
138 71
88 32
114 15
112 56
139 49
89 61
115 95
113 52
140 74
90 44
116 92
114 84
141 65
91 99
117 63
115 63
142 49
92 46
118 58
116 41
143 56
93 55
119 72
117 80
144 34
94 25
120 43
118 93
145 33
95 66
121 60
119 73
146 99
96 79
122 87
120 67
147 40
97 16
123 13
121 67
148 13
98 82
124 12
122 65
149 69
99 99
125 22
123 29
150 73
100 100
124 60
151 60
101 81
127 64
152 54
102 13
128 37
126 15
153 23
103 63
129 53
127 33
154 67
104 46
130 22
128 65
155 42
105 29
131 92
129 94
156 17
106 45
132 16
130 95
157 77
107 52
133 69
131 78
158 58
108 91
134 30
132 47
159 17
109 93
135 96
133 68
160 10
110 24
136 60
134 77
161 75
111 21
137 92
135 60
162 16
112 78
138 48
136 28
163 22
113 84
139 20
137 37
164 55
114 15
140 68
138 22
165 15
115 98
141 11
139 45
166 49
116 85
142 55
140 86
167 83
117 40
143 71
141 85
168 35
118 51
144 39
142 44
169 74
119 21
145 63
143 80
170 12
120 36
146 64
144 72
171 75
121 19
147 48
145 10
172 94
122 22
148 55
146 76
173 56
123 57
149 65
147 17
174 63
124 64
150 64
148 59
175 33
125 61
149 68
176 44
126 22
152 54
177 51
127 62
153 70
151 80
178 28
128 42
154 18
152 48
179 26
129 83
155 23
153 94
180 67
130 92
156 84
154 95
181 53
131 38
157 12
155 24
182 12
132 99
158 45
156 36
183 48
133 51
159 49
157 27
184 20
134 68
160 88
158 44
185 24
135 43
161 16
159 11
186 39
136 89
162 48
160 48
187 62
137 36
163 43
161 82
188 28
138 98
164 12
162 34
189 97
139 14
165 64
163 73
190 65
140 97
166 69
164 70
191 95
141 84
167 12
165 38
192 25
142 48
168 100
166 75
193 30
143 80
169 52
167 12
194 85
144 38
170 34
168 61
195 24
145 91
171 31
169 81
196 13
146 20
172 15
170 29
197 44
147 38
173 24
171 29
198 80
148 56
174 24
172 46
199 67
149 59
175 36
173 98
200 16
150 45
174 13
201 70
151 15
177 70
202 46
152 85
178 39
176 49
203 77
153 58
179 63
177 29
204 56
154 14
180 11
178 91
205 88
155 16
181 99
179 83
206 29
156 19
182 70
180 45
207 31
157 68
183 63
181 45
208 56
158 73
184 75
182 60
209 61
159 80
185 39
183 86
210 82
160 97
186 41
184 61
211 56
161 28
187 14
185 27
212 53
162 24
188 44
186 93
213 66
163 81
189 59
187 73
214 54
164 93
190 39
188 93
215 38
165 23
191 98
189 42
216 88
166 36
192 18
190 54
217 37
167 57
193 100
191 85
218 58
168 48
194 49
192 72
219 23
169 55
195 67
193 13
220 46
170 10
196 96
194 67
221 42
171 97
197 41
195 70
222 33
172 31
198 34
196 70
223 59
173 77
199 32
197 96
224 44
174 83
200 61
198 24
225 84
175 51
199 19
226 89
176 80
202 77
227 91
177 54
203 17
201 94
228 67
178 88
204 97
202 20
229 37
179 44
205 18
203 54
230 38
180 47
206 93
204 12
231 70
181 23
207 27
205 40
232 85
182 49
208 17
206 76
233 47
183 44
209 43
207 88
234 83
184 26
210 40
208 98
235 14
185 11
211 68
209 93
236 94
186 69
212 11
210 73
237 44
187 73
213 13
211 61
238 29
188 26
214 47
212 90
239 88
189 33
215 59
213 85
240 32
190 76
216 80
214 36
241 78
191 33
217 32
215 97
242 32
192 80
218 41
216 52
243 87
193 82
219 94
217 20
244 58
194 34
220 21
218 68
245 22
195 79
221 23
219 86
246 17
196 43
222 83
220 58
247 29
197 52
223 37
221 97
248 68
198 84
224 13
222 63
249 84
199 14
225 11
223 80
250 36
200 23
224 42
251 71
201 56
227 83
252 48
202 19
228 86
226 66
253 81
203 70
229 78
227 80
254 19
204 26
230 35
228 18
255 19
205 64
231 52
229 93
256 27
206 57
232 57
230 50
257 45
207 14
233 53
231 39
258 21
208 59
234 23
232 79
259 79
209 24
235 62
233 68
260 46
210 51
236 86
234 85
261 34
211 74
237 71
235 39
262 40
212 42
238 13
236 99
263 25
213 80
239 44
237 100
264 96
214 24
240 57
238 81
265 57
215 54
241 20
239 35
266 85
216 12
242 99
240 96
267 33
217 39
243 95
241 64
268 37
218 66
244 30
242 70
269 68
219 18
245 46
243 92
270 39
220 59
246 25
244 77
271 66
221 14
247 32
245 66
272 11
222 85
248 91
246 36
273 33
223 60
249 17
247 88
274 39
224 47
250 78
248 89
275 75
225 91
249 82
276 44
226 35
252 38
277 51
227 82
253 69
251 91
278 39
228 85
254 10
252 91
279 22
229 50
255 73
253 90
280 14
230 72
256 89
254 50
281 73
231 14
257 36
255 24
282 11
232 94
258 84
256 58
283 52
233 32
259 70
257 61
284 43
234 44
260 42
258 59
285 51
235 55
261 84
259 81
286 31
236 20
262 97
260 90
287 29
237 44
263 51
261 90
288 80
238 26
264 47
262 68
289 84
239 38
265 52
263 88
290 12
240 30
266 14
264 25
291 12
241 34
267 67
265 17
292 68
242 37
268 19
266 44
293 68
243 47
269 29
267 81
294 88
244 27
270 84
268 83
295 58
245 58
271 24
269 83
296 28
246 31
272 63
270 70
297 97
247 12
273 65
271 59
298 41
248 12
274 88
272 76
299 74
249 14
275 98
273 53
300 78
250 58
274 19
301 34
251 98
277 72
302 13
252 23
278 74
276 12
303 97
253 36
279 43
277 24
304 85
254 74
280 45
278 61
305 94
255 70
281 32
279 26
306 84
256 46
282 16
280 12
307 16
257 38
283 91
281 97
308 47
258 64
284 88
282 80
309 94
259 49
285 32
283 50
310 80
260 72
286 90
284 74
311 32
261 21
287 73
285 78
312 93
262 76
288 43
286 57
313 73
263 94
289 31
287 33
314 91
264 36
290 61
288 48
315 83
265 76
291 82
289 47
316 64
266 90
292 57
290 72
317 26
267 48
293 76
291 99
318 64
268 25
294 36
292 81
319 58
269 61
295 96
293 66
320 31
270 88
296 22
294 19
321 15
271 67
297 57
295 84
322 33
272 19
298 46
296 13
323 72
273 15
299 44
297 40
324 82
274 37
300 57
298 72
325 44
275 64
299 47
326 17
276 16
302 43
327 47
277 92
303 66
301 13
328 58
278 22
304 77
302 31
329 91
279 71
305 45
303 91
330 85
280 91
306 29
304 50
331 26
281 71
307 67
305 40
332 78
282 57
308 19
306 36
333 45
283 20
309 81
307 40
334 77
284 51
310 65
308 26
335 86
285 60
311 66
309 49
336 89
286 37
312 38
310 39
337 16
287 67
313 93
311 39
338 42
288 49
314 98
312 41
339 44
289 57
315 20
313 15
340 56
290 65
316 82
314 82
341 35
291 67
317 86
315 11
342 56
292 48
318 71
316 70
343 36
293 74
319 60
317 38
344 63
294 84
320 50
318 52
345 45
295 80
321 57
319 52
346 31
296 94
322 84
320 39
347 96
297 85
323 11
321 42
348 91
298 26
324 73
322 50
349 46
299 69
325 62
323 14
350 47
300 49
324 23
351 87
301 100
327 77
352 70
302 40
328 55
326 81
353 62
303 51
329 14
327 95
354 100
304 25
330 14
328 31
355 64
305 95
331 11
329 44
356 100
306 26
332 60
330 60
357 35
307 41
333 81
331 100
358 10
308 95
334 67
332 67
359 14
309 26
335 21
333 15
360 88
310 96
336 98
334 10
361 35
311 22
337 64
335 59
362 38
312 99
338 68
336 86
363 11
313 35
339 59
337 56
364 88
314 58
340 98
338 85
365 69
315 93
341 75
339 84
366 82
316 81
342 45
340 46
367 96
317 68
343 73
341 25
368 21
318 54
344 65
342 38
369 42
319 71
345 37
343 30
370 26
320 35
346 33
344 67
371 18
321 17
347 98
345 37
372 84
322 53
348 24
346 85
373 53
323 28
349 97
347 47
374 17
324 48
350 85
348 62
375 82
325 96
349 54
376 92
326 17
352 60
377 86
327 32
353 36
351 45
378 44
328 20
354 24
352 66
379 68
329 19
355 92
353 32
380 24
330 31
356 89
354 16
381 63
331 84
357 68
355 38
382 55
332 22
358 81
356 42
383 75
333 60
359 10
357 13
384 33
334 51
360 90
358 50
385 54
335 97
361 46
359 93
386 54
336 73
362 75
360 16
387 23
337 53
363 48
361 54
388 51
338 68
364 96
362 61
389 95
339 10
365 40
363 71
390 34
340 77
366 37
364 28
391 88
341 40
367 82
365 48
392 51
342 79
368 99
366 50
393 17
343 98
369 48
367 97
394 93
344 46
370 33
368 97
395 23
345 58
371 58
369 34
396 14
346 10
372 82
370 63
397 48
347 100
373 10
371 28
398 25
348 56
374 70
372 73
399 30
349 69
375 73
373 80
400 74
350 36
374 44
401 65
351 31
377 72
402 90
352 53
378 76
376 95
403 41
353 53
379 55
377 70
404 12
354 66
380 50
378 76
405 46
355 18
381 36
379 29
406 20
356 52
382 50
380 30
407 33
357 76
383 85
381 25
408 37
358 63
384 94
382 61
409 78
359 62
385 83
383 31
410 31
360 58
386 43
384 89
411 31
361 12
387 44
385 11
412 44
362 61
388 86
386 51
413 89
363 60
389 20
387 78
414 35
364 70
390 93
388 28
415 70
365 64
391 71
389 42
416 35
366 72
392 19
390 98
417 88
367 34
393 29
391 26
418 95
368 12
394 83
392 35
419 24
369 54
395 78
393 85
420 65
370 59
396 93
394 76
421 78
371 78
397 72
395 70
422 43
372 98
398 77
396 80
423 35
373 92
399 70
397 16
424 13
374 97
400 81
398 48
425 53
375 16
399 69
426 58
376 96
402 56
427 16
377 93
403 38
401 18
428 97
378 96
404 98
402 72
429 76
379 62
405 79
403 51
430 28
380 23
406 24
404 97
431 87
381 27
407 92
405 15
432 11
382 85
408 33
406 38
433 20
383 27
409 55
407 43
434 77
384 17
410 73
408 39
435 15
385 77
411 14
409 91
436 33
386 52
412 73
410 84
437 75
387 57
413 17
411 12
438 54
388 88
414 18
412 89
439 33
389 98
415 93
413 100
440 12
390 21
416 41
414 28
441 64
391 62
417 70
415 46
442 71
392 55
418 90
416 49
443 91
393 41
419 49
417 71
444 86
394 13
420 21
418 15
445 33
395 86
421 33
419 32
446 46
396 15
422 13
420 98
447 24
397 29
423 25
421 56
448 78
398 46
424 69
422 23
449 58
399 74
425 13
423 23
450 52
400 83
424 13
451 30
401 32
427 13
452 87
402 22
428 38
426 14
453 31
403 70
429 22
427 73
454 14
404 35
430 42
428 61
455 10
405 22
431 57
429 61
456 72
406 33
432 29
430 63
457 98
407 14
433 17
431 26
458 67
408 43
434 19
432 17
459 19
409 55
435 41
433 82
460 93
410 35
436 17
434 45
461 43
411 71
437 85
435 99
462 63
412 12
438 31
436 55
463 99
413 82
439 13
437 36
464 94
414 46
440 63
438 54
465 60
415 66
441 93
439 48
466 63
416 98
442 77
440 61
467 81
417 100
443 45
441 43
468 25
418 87
444 18
442 96
469 15
419 21
445 42
443 97
470 89
420 97
446 89
444 10
471 25
421 46
447 55
445 14
472 43
422 38
448 55
446 82
473 39
423 83
449 17
447 32
474 32
424 24
450 45
448 67
475 45
425 70
449 79
476 97
426 65
452 43
477 27
427 94
453 45
451 15
478 47
428 49
454 22
452 76
479 26
429 91
455 98
453 73
480 42
430 21
456 28
454 57
481 50
431 11
457 99
455 68
482 92
432 31
458 75
456 21
483 75
433 71
459 14
457 25
484 10
434 51
460 15
458 76
485 65
435 71
461 15
459 81
486 17
436 80
462 74
460 81
487 22
437 67
463 70
461 77
488 41
438 23
464 96
462 84
489 12
439 27
465 83
463 25
490 62
440 47
466 62
464 18
491 49
441 79
467 48
465 26
492 96
442 22
468 28
466 42
493 92
443 87
469 32
467 57
494 89
444 13
470 22
468 29
495 57
445 90
471 72
469 97
496 98
446 80
472 22
470 73
497 99
447 97
473 44
471 51
498 98
448 32
474 37
472 29
499 50
449 42
475 98
473 98
500 12
450 52
474 14
501 20
451 35
477 35
502 79
452 62
478 24
476 21
503 25
453 98
479 95
477 18
504 16
454 97
480 70
478 71
505 88
455 13
481 69
479 56
506 96
456 23
482 51
480 12
507 18
457 53
483 96
481 29
508 33
458 94
484 57
482 64
509 75
459 28
485 30
483 36
510 17
460 24
486 27
484 62
511 93
461 50
487 72
485 97
512 73
462 46
488 55
486 47
513 98
463 11
489 18
487 20
514 99
464 90
490 11
488 14
515 37
465 50
491 62
489 29
516 92
466 91
492 35
490 60
517 12
467 98
493 17
491 19
518 99
468 26
494 43
492 24
519 56
469 65
495 87
493 34
520 30
470 11
496 43
494 40
521 22
471 58
497 18
495 51
522 16
472 26
498 21
496 33
523 45
473 46
499 56
497 88
524 42
474 93
500 20
498 25
525 52
475 91
499 39
526 78
476 66
502 87
527 89
477 43
503 67
501 48
528 35
478 22
504 62
502 43
529 21
479 62
505 61
503 30
530 47
480 92
506 49
504 14
531 71
481 28
507 98
505 68
532 100
482 33
508 30
506 87
533 49
483 18
509 48
507 73
534 94
484 80
510 88
508 50
535 56
485 81
511 57
509 26
536 33
486 75
512 30
510 69
537 12
487 87
513 34
511 78
538 85
488 29
514 87
512 17
539 23
489 72
515 75
513 57
540 14
490 61
516 57
514 76
541 54
491 75
517 34
515 47
542 18
492 52
518 84
516 42
543 72
493 15
519 87
517 75
544 68
494 24
520 83
518 94
545 97
495 80
521 44
519 86
546 100
496 59
522 63
520 37
547 16
497 44
523 14
521 70
548 67
498 47
524 70
522 54
549 54
499 37
525 68
523 22
550 42
500 78
524 22
551 22
501 52
527 26
552 53
502 23
528 62
526 23
553 42
503 43
529 69
527 93
554 14
504 13
530 77
528 53
555 58
505 66
531 17
529 41
556 67
506 50
532 12
530 33
557 96
507 56
533 19
531 55
558 72
508 70
534 62
532 84
559 98
509 65
535 92
533 79
560 88
510 62
536 47
534 76
561 64
511 77
537 37
535 95
562 29
512 95
538 43
536 16
563 27
513 10
539 26
537 40
564 29
514 80
540 27
538 88
565 77
515 10
541 69
539 46
566 90
516 60
542 10
540 91
567 61
517 51
543 80
541 87
568 45
518 59
544 78
542 97
569 93
519 46
545 67
543 76
570 84
520 93
546 40
544 63
571 43
521 92
547 35
545 33
572 100
522 47
548 57
546 83
573 96
523 99
549 80
547 20
574 83
524 96
550 40
548 79
575 64
525 48
549 20
576 97
526 47
552 53
577 73
527 38
553 10
551 82
578 99
528 32
554 87
552 60
579 87
529 54
555 95
553 42
580 52
530 93
556 20
554 63
581 72
531 57
557 29
555 26
582 41
532 37
558 89
556 77
583 45
533 16
559 59
557 82
584 80
534 27
560 99
558 71
585 69
535 15
561 25
559 77
586 17
536 46
562 69
560 18
587 37
537 11
563 34
561 14
588 89
538 81
564 46
562 28
589 25
539 90
565 66
563 99
590 48
540 82
566 12
564 33
591 90
541 76
567 24
565 77
592 71
542 100
568 67
566 14
593 57
543 45
569 47
567 86
594 43
544 31
570 65
568 85
595 68
545 80
571 58
569 92
596 15
546 75
572 67
570 87
597 55
547 10
573 94
571 74
598 18
548 29
574 84
572 23
599 85
549 22
575 34
573 100
600 77
550 91
574 76
601 72
551 51
577 43
602 44
552 93
578 49
576 85
603 59
553 33
579 86
577 28
604 74
554 58
580 13
578 43
605 14
555 82
581 20
579 99
606 78
556 97
582 97
580 65
607 16
557 26
583 68
581 50
608 71
558 99
584 97
582 53
609 60
559 12
585 56
583 34
610 16
560 23
586 59
584 59
611 86
561 71
587 41
585 42
612 14
562 46
588 88
586 47
613 47
563 52
589 74
587 12
614 34
564 95
590 83
588 72
615 32
565 25
591 39
589 17
616 18
566 91
592 84
590 71
617 82
567 55
593 33
591 32
618 16
568 54
594 89
592 18
619 12
569 41
595 31
593 31
620 30
570 14
596 94
594 19
621 62
571 77
597 99
595 69
622 33
572 68
598 55
596 55
623 25
573 23
599 13
597 54
624 93
574 78
600 97
598 88
625 51
575 77
599 11
576 85
602 49
577 98
603 38
601 69
578 27
604 39
602 91
579 76
605 15
603 66
580 20
606 84
604 81
581 100
607 43
605 81
582 77
608 78
606 50
583 37
609 53
607 58
584 85
610 54
608 25
585 76
611 79
609 85
586 16
612 33
610 39
587 86
613 16
611 53
588 30
614 83
612 97
589 81
615 41
613 78
590 58
616 30
614 13
591 52
617 77
615 27
592 42
618 56
616 99
593 66
619 88
617 94
594 72
620 96
618 53
595 61
621 41
619 31
596 87
622 27
620 25
597 52
623 81
621 92
598 38
624 18
622 83
599 69
625 84
623 32
600 13
624 19
495
313
3 376 596 495 
1 228 
2 435 515 
2 331 245 
2 394 374 
2 357 103 
2 49 419 
2 1 134 
3 229 248 210 
1 71 
2 492 520 
1 411 
2 440 184 
1 314 
1 522 
3 86 205 320 
2 412 452 
2 105 363 
3 466 396 361 
1 306 
2 66 291 
1 253 
1 519 
2 52 304 
4 285 212 525 102 
3 47 473 106 
2 551 301 
4 110 115 486 53 
3 571 564 209 
1 113 
1 48 
1 322 
2 2 33 
4 94 583 540 499 
2 293 157 
1 402 
2 199 397 
1 544 
1 286 
2 501 149 
1 131 
2 612 362 
2 410 443 
1 107 
1 82 
1 587 
3 117 70 478 
2 444 516 
3 280 27 509 
1 76 
2 563 167 
1 181 
2 231 373 
2 533 34 
2 227 360 
2 156 24 
2 165 112 
4 513 42 426 527 
1 151 
1 405 
1 366 
1 232 
2 565 570 
3 44 415 614 
3 599 578 283 
2 138 584 
1 453 
2 272 79 
2 58 123 
1 152 
1 391 
3 144 622 164 
3 491 267 526 
1 191 
2 576 588 
2 372 417 
2 448 146 
4 434 12 378 449 
2 365 582 
2 80 198 
5 297 541 336 468 90 
2 10 163 
1 174 
1 462 
3 275 377 538 
1 155 
2 179 78 
2 340 555 
1 323 
1 325 
2 77 458 
2 463 194 
3 101 62 371 
2 243 484 
1 523 
2 309 464 
3 36 116 511 
1 238 
1 400 
1 428 
3 553 623 490 
2 16 585 
1 133 
3 601 500 11 
1 183 
1 266 
1 168 
1 282 
2 352 375 
1 104 
1 57 
1 317 
2 258 370 
1 172 
1 333 
1 292 
1 189 
3 342 591 313 
