400 1500 10 100 76
2
3
3
3
3
3
3
3
3
3
3
3
3
3
3
3
3
3
3
3
3
3
3
3
3
3
3
3
3
3
3
3
3
3
3
3
3
3
3
2
3
4
4
4
4
4
4
4
4
4
4
4
4
4
4
4
4
4
4
4
4
4
4
4
4
4
4
4
4
4
4
4
4
4
4
4
4
4
4
3
3
4
4
4
4
4
4
4
4
4
4
4
4
4
4
4
4
4
4
4
4
4
4
4
4
4
4
4
4
4
4
4
4
4
4
4
4
4
4
3
3
4
4
4
4
4
4
4
4
4
4
4
4
4
4
4
4
4
4
4
4
4
4
4
4
4
4
4
4
4
4
4
4
4
4
4
4
4
4
3
3
4
4
4
4
4
4
4
4
4
4
4
4
4
4
4
4
4
4
4
4
4
4
4
4
4
4
4
4
4
4
4
4
4
4
4
4
4
4
3
3
4
4
4
4
4
4
4
4
4
4
4
4
4
4
4
4
4
4
4
4
4
4
4
4
4
4
4
4
4
4
4
4
4
4
4
4
4
4
3
3
4
4
4
4
4
4
4
4
4
4
4
4
4
4
4
4
4
4
4
4
4
4
4
4
4
4
4
4
4
4
4
4
4
4
4
4
4
4
3
3
4
4
4
4
4
4
4
4
4
4
4
4
4
4
4
4
4
4
4
4
4
4
4
4
4
4
4
4
4
4
4
4
4
4
4
4
4
4
3
3
4
4
4
4
4
4
4
4
4
4
4
4
4
4
4
4
4
4
4
4
4
4
4
4
4
4
4
4
4
4
4
4
4
4
4
4
4
4
3
2
3
3
3
3
3
3
3
3
3
3
3
3
3
3
3
3
3
3
3
3
3
3
3
3
3
3
3
3
3
3
3
3
3
3
3
3
3
3
2
41 73
2 29
42 55
3 53
1 64
43 13
4 53
2 28
44 10
5 51
3 10
45 22
6 89
4 27
46 20
7 11
5 28
47 49
8 46
6 17
48 76
9 23
7 85
49 45
10 41
8 51
50 49
11 71
9 44
51 69
12 94
10 42
52 31
13 10
11 32
53 40
14 91
12 99
54 54
15 46
13 49
55 43
16 72
14 94
56 10
17 53
15 58
57 65
18 40
16 95
58 65
19 10
17 84
59 71
20 91
18 98
60 12
21 45
19 35
61 15
22 18
20 42
62 13
23 73
21 69
63 91
24 97
22 63
64 30
25 75
23 58
65 40
26 99
24 22
66 80
27 32
25 30
67 44
28 38
26 75
68 79
29 95
27 51
69 74
30 59
28 26
70 21
31 42
29 69
71 43
32 14
30 47
72 13
33 56
31 94
73 79
34 47
32 92
74 16
35 34
33 51
75 17
36 12
34 14
76 41
37 68
35 38
77 13
38 39
36 41
78 25
39 76
37 21
79 49
40 45
38 17
80 95
39 75
81 64
1 70
42 49
82 100
2 17
43 26
41 70
83 18
3 72
44 57
42 56
84 97
4 89
45 62
43 82
85 58
5 91
46 88
44 20
86 38
6 100
47 39
45 26
87 95
7 71
48 42
46 79
88 66
8 16
49 67
47 85
89 66
9 35
50 87
48 83
90 60
10 16
51 65
49 89
91 95
11 85
52 23
50 87
92 46
12 53
53 35
51 38
93 60
13 79
54 60
52 15
94 97
14 27
55 14
53 23
95 20
15 44
56 39
54 21
96 15
16 37
57 12
55 76
97 16
17 95
58 70
56 42
98 69
18 91
59 12
57 58
99 77
19 49
60 14
58 43
100 88
20 54
61 77
59 25
101 45
21 34
62 54
60 98
102 78
22 31
63 11
61 58
103 37
23 33
64 27
62 85
104 83
24 33
65 56
63 55
105 82
25 43
66 95
64 19
106 34
26 83
67 71
65 23
107 22
27 10
68 96
66 53
108 16
28 35
69 48
67 62
109 16
29 21
70 66
68 42
110 22
30 14
71 54
69 40
111 27
31 54
72 60
70 61
112 14
32 33
73 69
71 90
113 33
33 96
74 39
72 97
114 21
34 20
75 17
73 38
115 45
35 43
76 93
74 92
116 82
36 83
77 83
75 32
117 50
37 38
78 86
76 64
118 36
38 88
79 58
77 90
119 35
39 96
80 80
78 30
120 66
40 30
79 72
121 19
41 22
82 98
122 57
42 43
83 11
81 81
123 77
43 31
84 85
82 44
124 81
44 96
85 41
83 58
125 48
45 81
86 17
84 81
126 60
46 85
87 88
85 46
127 77
47 86
88 57
86 43
128 30
48 15
89 22
87 79
129 68
49 66
90 14
88 66
130 12
50 89
91 66
89 60
131 70
51 100
92 10
90 42
132 30
52 57
93 25
91 35
133 83
53 55
94 34
92 74
134 67
54 79
95 39
93 38
135 41
55 81
96 47
94 54
136 37
56 60
97 90
95 60
137 75
57 21
98 69
96 65
138 21
58 99
99 64
97 65
139 34
59 16
100 15
98 75
140 55
60 84
101 94
99 62
141 46
61 41
102 61
100 56
142 83
62 30
103 31
101 64
143 14
63 22
104 12
102 76
144 51
64 63
105 13
103 12
145 10
65 36
106 11
104 15
146 92
66 95
107 62
105 55
147 89
67 100
108 87
106 31
148 29
68 85
109 22
107 40
149 41
69 11
110 46
108 78
150 87
70 56
111 19
109 59
151 59
71 86
112 73
110 75
152 64
72 39
113 56
111 28
153 80
73 30
114 98
112 83
154 20
74 67
115 72
113 90
155 55
75 63
116 67
114 76
156 27
76 67
117 46
115 28
157 11
77 83
118 78
116 45
158 49
78 25
119 62
117 43
159 18
79 52
120 22
118 93
160 75
80 14
119 89
161 98
81 100
122 51
162 86
82 16
123 31
121 14
163 27
83 45
124 61
122 47
164 45
84 88
125 49
123 38
165 11
85 100
126 66
124 94
166 44
86 58
127 52
125 28
167 97
87 43
128 18
126 65
168 83
88 54
129 72
127 93
169 43
89 23
130 19
128 99
170 40
90 33
131 88
129 82
171 42
91 88
132 84
130 31
172 60
92 74
133 49
131 43
173 72
93 52
134 31
132 22
174 63
94 13
135 80
133 14
175 87
95 79
136 41
134 36
176 22
96 14
137 87
135 60
177 41
97 21
138 79
136 90
178 73
98 98
139 31
137 55
179 18
99 55
140 10
138 15
180 42
100 18
141 96
139 18
181 99
101 61
142 39
140 44
182 84
102 91
143 99
141 59
183 30
103 57
144 61
142 50
184 63
104 20
145 56
143 71
185 85
105 56
146 53
144 39
186 98
106 87
147 37
145 29
187 40
107 13
148 73
146 25
188 83
108 82
149 77
147 41
189 58
109 27
150 76
148 98
190 76
110 96
151 52
149 66
191 62
111 73
152 36
150 37
192 46
112 40
153 30
151 30
193 62
113 41
154 30
152 25
194 83
114 64
155 64
153 66
195 90
115 60
156 33
154 41
196 64
116 86
157 82
155 38
197 32
117 81
158 89
156 21
198 63
118 42
159 84
157 100
199 78
119 47
160 12
158 91
200 70
120 22
159 67
201 28
121 55
162 85
202 47
122 30
163 77
161 34
203 21
123 21
164 18
162 30
204 26
124 14
165 34
163 75
205 80
125 64
166 36
164 50
206 45
126 56
167 91
165 99
207 30
127 57
168 38
166 10
208 16
128 36
169 45
167 34
209 43
129 85
170 10
168 82
210 53
130 52
171 65
169 66
211 62
131 60
172 64
170 69
212 94
132 36
173 13
171 29
213 12
133 78
174 26
172 28
214 72
134 97
175 59
173 56
215 49
135 65
176 57
174 48
216 78
136 20
177 77
175 15
217 58
137 16
178 52
176 73
218 78
138 83
179 66
177 56
219 61
139 75
180 38
178 35
220 80
140 43
181 65
179 54
221 80
141 15
182 29
180 31
222 92
142 71
183 68
181 15
223 25
143 50
184 91
182 11
224 48
144 91
185 60
183 82
225 90
145 62
186 70
184 90
226 93
146 81
187 63
185 73
227 17
147 97
188 43
186 82
228 25
148 56
189 96
187 30
229 24
149 78
190 84
188 35
230 33
150 40
191 57
189 61
231 27
151 52
192 20
190 77
232 11
152 12
193 38
191 81
233 25
153 22
194 23
192 48
234 82
154 33
195 60
193 43
235 21
155 10
196 83
194 13
236 39
156 66
197 19
195 40
237 51
157 84
198 68
196 38
238 26
158 96
199 88
197 23
239 32
159 53
200 50
198 34
240 99
160 58
199 51
241 69
161 25
202 83
242 42
162 46
203 65
201 88
243 15
163 71
204 65
202 70
244 59
164 10
205 60
203 73
245 13
165 44
206 68
204 23
246 65
166 59
207 45
205 27
247 48
167 84
208 93
206 56
248 75
168 10
209 12
207 62
249 25
169 83
210 52
208 22
250 27
170 20
211 17
209 30
251 78
171 79
212 12
210 97
252 83
172 54
213 88
211 72
253 40
173 28
214 76
212 37
254 81
174 38
215 11
213 41
255 89
175 77
216 60
214 51
256 26
176 65
217 79
215 18
257 80
177 98
218 93
216 72
258 14
178 44
219 12
217 61
259 58
179 13
220 25
218 81
260 84
180 27
221 28
219 95
261 94
181 23
222 50
220 84
262 64
182 58
223 82
221 62
263 96
183 76
224 13
222 95
264 11
184 12
225 35
223 88
265 57
185 39
226 92
224 66
266 39
186 33
227 48
225 44
267 63
187 45
228 86
226 89
268 72
188 90
229 39
227 28
269 20
189 94
230 79
228 22
270 30
190 57
231 87
229 49
271 19
191 72
232 49
230 79
272 29
192 96
233 48
231 89
273 89
193 25
234 64
232 64
274 12
194 40
235 13
233 62
275 64
195 66
236 64
234 33
276 72
196 13
237 46
235 41
277 83
197 87
238 74
236 68
278 19
198 82
239 16
237 23
279 24
199 20
240 95
238 24
280 71
200 63
239 56
281 49
201 20
242 52
282 89
202 58
243 17
241 68
283 81
203 97
244 61
242 15
284 52
204 40
245 15
243 50
285 84
205 50
246 43
244 39
286 20
206 76
247 34
245 66
287 22
207 39
248 77
246 35
288 92
208 15
249 27
247 56
289 66
209 41
250 74
248 17
290 70
210 32
251 34
249 91
291 29
211 63
252 62
250 51
292 23
212 90
253 36
251 23
293 30
213 63
254 78
252 54
294 16
214 40
255 11
253 11
295 22
215 36
256 41
254 49
296 47
216 85
257 16
255 38
297 27
217 87
258 12
256 84
298 80
218 51
259 23
257 28
299 72
219 37
260 43
258 82
300 35
220 83
261 24
259 54
301 24
221 37
262 58
260 53
302 45
222 89
263 22
261 55
303 26
223 57
264 35
262 76
304 33
224 92
265 77
263 17
305 59
225 18
266 72
264 77
306 100
226 73
267 99
265 41
307 84
227 27
268 60
266 51
308 78
228 99
269 78
267 59
309 35
229 82
270 91
268 21
310 16
230 61
271 36
269 36
311 61
231 49
272 89
270 29
312 56
232 98
273 44
271 72
313 49
233 84
274 77
272 16
314 34
234 68
275 60
273 48
315 70
235 43
276 92
274 50
316 19
236 12
277 49
275 52
317 95
237 41
278 84
276 36
318 72
238 15
279 66
277 32
319 58
239 11
280 36
278 65
320 86
240 65
279 75
321 76
241 47
282 100
322 19
242 90
283 13
281 77
323 31
243 97
284 88
282 96
324 29
244 72
285 52
283 68
325 14
245 89
286 15
284 14
326 20
246 82
287 87
285 31
327 25
247 34
288 46
286 42
328 70
248 36
289 14
287 53
329 13
249 25
290 87
288 74
330 17
250 78
291 47
289 72
331 50
251 13
292 86
290 42
332 41
252 78
293 37
291 32
333 48
253 48
294 17
292 96
334 75
254 20
295 18
293 40
335 70
255 77
296 77
294 64
336 80
256 11
297 53
295 38
337 18
257 51
298 25
296 46
338 36
258 60
299 62
297 46
339 31
259 61
300 55
298 52
340 41
260 83
301 39
299 24
341 65
261 62
302 11
300 37
342 20
262 41
303 10
301 53
343 62
263 56
304 19
302 87
344 32
264 26
305 84
303 32
345 18
265 30
306 61
304 95
346 68
266 48
307 18
305 74
347 29
267 34
308 66
306 51
348 64
268 77
309 39
307 28
349 23
269 75
310 17
308 29
350 48
270 61
311 10
309 72
351 73
271 95
312 24
310 11
352 30
272 54
313 38
311 22
353 57
273 32
314 95
312 95
354 57
274 32
315 24
313 28
355 30
275 39
316 57
314 17
356 32
276 43
317 32
315 100
357 63
277 99
318 72
316 51
358 36
278 62
319 53
317 87
359 65
279 89
320 72
318 88
360 17
280 42
319 94
361 49
281 96
322 98
362 17
282 60
323 70
321 49
363 77
283 95
324 86
322 73
364 32
284 43
325 21
323 43
365 45
285 68
326 47
324 35
366 89
286 92
327 91
325 58
367 20
287 51
328 11
326 35
368 55
288 16
329 86
327 77
369 68
289 51
330 100
328 80
370 20
290 65
331 38
329 33
371 63
291 40
332 57
330 100
372 20
292 39
333 82
331 32
373 24
293 58
334 84
332 37
374 91
294 52
335 72
333 99
375 80
295 94
336 87
334 91
376 14
296 71
337 20
335 34
377 52
297 25
338 71
336 27
378 55
298 84
339 83
337 53
379 96
299 26
340 26
338 80
380 90
300 52
341 63
339 74
381 42
301 75
342 24
340 66
382 47
302 13
343 15
341 83
383 64
303 15
344 47
342 46
384 40
304 26
345 76
343 91
385 68
305 25
346 39
344 11
386 62
306 43
347 100
345 88
387 31
307 42
348 19
346 99
388 22
308 58
349 11
347 90
389 65
309 17
350 59
348 18
390 45
310 33
351 99
349 50
391 48
311 23
352 18
350 77
392 62
312 75
353 83
351 34
393 91
313 99
354 58
352 76
394 99
314 76
355 94
353 94
395 13
315 72
356 52
354 52
396 37
316 43
357 67
355 42
397 70
317 10
358 34
356 28
398 69
318 69
359 46
357 42
399 29
319 83
360 15
358 77
400 68
320 42
359 24
321 45
362 59
322 55
363 65
361 25
323 76
364 36
362 92
324 40
365 36
363 16
325 86
366 29
364 92
326 99
367 52
365 76
327 31
368 78
366 12
328 40
369 62
367 34
329 76
370 78
368 52
330 21
371 39
369 23
331 80
372 47
370 18
332 38
373 38
371 98
333 36
374 68
372 98
334 24
375 32
373 58
335 69
376 30
374 25
336 64
377 38
375 60
337 91
378 56
376 21
338 15
379 64
377 84
339 41
380 89
378 20
340 16
381 18
379 17
341 35
382 35
380 38
342 79
383 59
381 50
343 77
384 45
382 25
344 38
385 77
383 22
345 71
386 42
384 87
346 90
387 58
385 87
347 96
388 38
386 95
348 84
389 19
387 42
349 47
390 62
388 21
350 75
391 44
389 27
351 54
392 63
390 44
352 49
393 65
391 33
353 21
394 30
392 41
354 88
395 20
393 14
355 93
396 28
394 37
356 81
397 28
395 54
357 79
398 74
396 99
358 81
399 20
397 66
359 32
400 10
398 67
360 67
399 25
162
212
3 123 256 162 
2 159 297 
1 130 
2 195 286 
1 34 
2 155 241 
2 91 20 
3 185 153 386 
1 39 
2 317 331 
1 274 
3 344 342 328 
2 36 244 
2 68 67 
2 277 14 
2 211 392 
3 121 24 364 
2 165 379 
1 40 
1 221 
1 345 
1 62 
2 254 253 
1 243 
3 96 281 316 
1 12 
1 89 
3 335 369 354 
2 365 93 
3 58 205 104 
1 219 
2 232 98 
2 21 8 
2 313 376 
2 339 189 
2 55 373 
2 95 385 
4 13 47 261 279 
1 43 
2 173 19 
1 88 
1 341 
3 378 200 338 
1 298 
2 139 85 
2 115 119 
2 290 141 
1 17 
2 327 301 
1 183 
5 73 383 207 242 10 
2 275 263 
3 41 131 388 
2 129 306 
2 71 151 
2 260 120 
1 269 
1 272 
1 240 
2 128 174 
1 29 
2 50 170 
2 109 311 
1 360 
3 390 149 59 
1 245 
2 398 143 
1 54 
2 371 307 
1 217 
1 116 
3 276 61 247 
1 168 
4 397 27 357 122 
1 37 
1 212 
