625 2400 10 100 118
2
3
3
3
3
3
3
3
3
3
3
3
3
3
3
3
3
3
3
3
3
3
3
3
2
3
4
4
4
4
4
4
4
4
4
4
4
4
4
4
4
4
4
4
4
4
4
4
4
3
3
4
4
4
4
4
4
4
4
4
4
4
4
4
4
4
4
4
4
4
4
4
4
4
3
3
4
4
4
4
4
4
4
4
4
4
4
4
4
4
4
4
4
4
4
4
4
4
4
3
3
4
4
4
4
4
4
4
4
4
4
4
4
4
4
4
4
4
4
4
4
4
4
4
3
3
4
4
4
4
4
4
4
4
4
4
4
4
4
4
4
4
4
4
4
4
4
4
4
3
3
4
4
4
4
4
4
4
4
4
4
4
4
4
4
4
4
4
4
4
4
4
4
4
3
3
4
4
4
4
4
4
4
4
4
4
4
4
4
4
4
4
4
4
4
4
4
4
4
3
3
4
4
4
4
4
4
4
4
4
4
4
4
4
4
4
4
4
4
4
4
4
4
4
3
3
4
4
4
4
4
4
4
4
4
4
4
4
4
4
4
4
4
4
4
4
4
4
4
3
3
4
4
4
4
4
4
4
4
4
4
4
4
4
4
4
4
4
4
4
4
4
4
4
3
3
4
4
4
4
4
4
4
4
4
4
4
4
4
4
4
4
4
4
4
4
4
4
4
3
3
4
4
4
4
4
4
4
4
4
4
4
4
4
4
4
4
4
4
4
4
4
4
4
3
3
4
4
4
4
4
4
4
4
4
4
4
4
4
4
4
4
4
4
4
4
4
4
4
3
3
4
4
4
4
4
4
4
4
4
4
4
4
4
4
4
4
4
4
4
4
4
4
4
3
3
4
4
4
4
4
4
4
4
4
4
4
4
4
4
4
4
4
4
4
4
4
4
4
3
3
4
4
4
4
4
4
4
4
4
4
4
4
4
4
4
4
4
4
4
4
4
4
4
3
3
4
4
4
4
4
4
4
4
4
4
4
4
4
4
4
4
4
4
4
4
4
4
4
3
3
4
4
4
4
4
4
4
4
4
4
4
4
4
4
4
4
4
4
4
4
4
4
4
3
3
4
4
4
4
4
4
4
4
4
4
4
4
4
4
4
4
4
4
4
4
4
4
4
3
3
4
4
4
4
4
4
4
4
4
4
4
4
4
4
4
4
4
4
4
4
4
4
4
3
3
4
4
4
4
4
4
4
4
4
4
4
4
4
4
4
4
4
4
4
4
4
4
4
3
3
4
4
4
4
4
4
4
4
4
4
4
4
4
4
4
4
4
4
4
4
4
4
4
3
3
4
4
4
4
4
4
4
4
4
4
4
4
4
4
4
4
4
4
4
4
4
4
4
3
2
3
3
3
3
3
3
3
3
3
3
3
3
3
3
3
3
3
3
3
3
3
3
3
2
26 14
2 29
27 84
3 13
1 92
28 40
4 83
2 81
29 40
5 93
3 27
30 77
6 70
4 98
31 39
7 87
5 59
32 87
8 74
6 35
33 75
9 72
7 26
34 89
10 14
8 78
35 99
11 56
9 51
36 24
12 19
10 11
37 65
13 91
11 20
38 14
14 42
12 36
39 31
15 38
13 74
40 35
16 87
14 52
41 34
17 62
15 59
42 92
18 97
16 61
43 30
19 42
17 36
44 74
20 29
18 33
45 18
21 37
19 86
46 57
22 61
20 10
47 99
23 93
21 53
48 42
24 52
22 21
49 90
25 13
23 33
50 49
24 99
51 55
1 100
27 74
52 83
2 24
28 93
26 63
53 57
3 62
29 73
27 55
54 49
4 88
30 58
28 28
55 83
5 47
31 46
29 87
56 85
6 23
32 50
30 67
57 36
7 63
33 19
31 11
58 96
8 24
34 70
32 98
59 47
9 72
35 35
33 18
60 21
10 73
36 94
34 45
61 91
11 62
37 56
35 97
62 47
12 42
38 68
36 14
63 79
13 87
39 18
37 26
64 28
14 13
40 12
38 33
65 51
15 72
41 82
39 76
66 65
16 81
42 14
40 30
67 26
17 49
43 52
41 43
68 42
18 49
44 72
42 79
69 32
19 15
45 34
43 71
70 100
20 68
46 30
44 46
71 26
21 12
47 39
45 49
72 26
22 26
48 72
46 68
73 14
23 28
49 22
47 90
74 46
24 16
50 79
48 95
75 62
25 31
49 40
76 77
26 69
52 76
77 44
27 40
53 86
51 34
78 69
28 26
54 69
52 52
79 85
29 75
55 48
53 76
80 52
30 63
56 63
54 95
81 100
31 91
57 41
55 86
82 31
32 85
58 43
56 15
83 75
33 68
59 29
57 41
84 36
34 73
60 62
58 11
85 63
35 59
61 36
59 35
86 39
36 98
62 41
60 63
87 100
37 33
63 67
61 18
88 40
38 70
64 94
62 86
89 84
39 15
65 30
63 62
90 76
40 87
66 81
64 68
91 61
41 42
67 39
65 28
92 35
42 71
68 53
66 59
93 44
43 25
69 84
67 69
94 36
44 27
70 94
68 18
95 37
45 98
71 53
69 25
96 41
46 41
72 54
70 29
97 97
47 51
73 48
71 14
98 26
48 11
74 60
72 41
99 52
49 54
75 90
73 56
100 65
50 100
74 82
101 39
51 96
77 93
102 47
52 29
78 40
76 100
103 80
53 16
79 40
77 91
104 75
54 85
80 53
78 54
105 84
55 87
81 81
79 55
106 28
56 47
82 97
80 30
107 26
57 79
83 31
81 99
108 58
58 76
84 30
82 37
109 62
59 23
85 37
83 47
110 45
60 63
86 31
84 37
111 56
61 17
87 43
85 84
112 86
62 61
88 21
86 47
113 29
63 31
89 100
87 81
114 30
64 75
90 51
88 88
115 18
65 61
91 98
89 52
116 15
66 17
92 40
90 25
117 56
67 80
93 59
91 11
118 59
68 12
94 10
92 67
119 55
69 27
95 79
93 34
120 100
70 82
96 47
94 86
121 28
71 99
97 94
95 83
122 82
72 19
98 72
96 74
123 100
73 17
99 23
97 73
124 90
74 56
100 38
98 30
125 96
75 13
99 80
126 96
76 41
102 15
127 91
77 25
103 54
101 78
128 21
78 37
104 17
102 21
129 26
79 79
105 66
103 94
130 16
80 34
106 93
104 99
131 45
81 27
107 93
105 14
132 83
82 56
108 58
106 64
133 49
83 81
109 96
107 45
134 54
84 20
110 90
108 44
135 77
85 32
111 92
109 53
136 27
86 34
112 83
110 57
137 15
87 34
113 82
111 86
138 54
88 38
114 74
112 89
139 53
89 51
115 94
113 34
140 64
90 15
116 86
114 10
141 62
91 91
117 38
115 22
142 64
92 66
118 79
116 45
143 93
93 60
119 17
117 18
144 32
94 68
120 77
118 28
145 84
95 84
121 31
119 58
146 31
96 18
122 62
120 84
147 76
97 96
123 97
121 33
148 82
98 43
124 45
122 96
149 21
99 15
125 75
123 89
150 68
100 91
124 52
151 26
101 68
127 32
152 27
102 59
128 36
126 39
153 68
103 36
129 20
127 34
154 80
104 75
130 17
128 75
155 64
105 35
131 100
129 51
156 72
106 18
132 20
130 23
157 59
107 86
133 64
131 83
158 89
108 41
134 10
132 55
159 44
109 11
135 33
133 59
160 27
110 46
136 36
134 95
161 11
111 25
137 88
135 47
162 62
112 26
138 36
136 63
163 43
113 91
139 54
137 43
164 70
114 10
140 92
138 25
165 68
115 80
141 14
139 67
166 52
116 49
142 58
140 95
167 30
117 79
143 86
141 62
168 78
118 24
144 32
142 16
169 27
119 79
145 78
143 45
170 38
120 35
146 81
144 36
171 23
121 88
147 50
145 55
172 100
122 93
148 46
146 49
173 93
123 77
149 77
147 13
174 57
124 51
150 15
148 43
175 36
125 57
149 40
176 16
126 17
152 78
177 66
127 80
153 11
151 77
178 37
128 48
154 41
152 28
179 74
129 86
155 67
153 89
180 98
130 65
156 48
154 31
181 33
131 10
157 26
155 56
182 78
132 61
158 60
156 62
183 34
133 47
159 96
157 89
184 42
134 39
160 42
158 69
185 41
135 62
161 22
159 19
186 67
136 45
162 84
160 26
187 39
137 41
163 69
161 16
188 88
138 92
164 43
162 91
189 15
139 71
165 13
163 23
190 28
140 67
166 57
164 32
191 67
141 38
167 20
165 41
192 52
142 56
168 48
166 14
193 42
143 72
169 36
167 60
194 41
144 39
170 70
168 24
195 88
145 51
171 55
169 60
196 65
146 40
172 26
170 71
197 43
147 45
173 28
171 94
198 71
148 89
174 57
172 42
199 22
149 93
175 82
173 72
200 34
150 54
174 17
201 31
151 77
177 98
202 91
152 83
178 32
176 36
203 39
153 56
179 32
177 97
204 34
154 84
180 90
178 84
205 22
155 47
181 71
179 99
206 48
156 97
182 30
180 97
207 93
157 18
183 57
181 71
208 56
158 43
184 80
182 18
209 37
159 65
185 31
183 86
210 27
160 16
186 56
184 20
211 99
161 51
187 64
185 56
212 47
162 46
188 98
186 31
213 79
163 13
189 96
187 20
214 65
164 22
190 39
188 87
215 53
165 75
191 85
189 30
216 50
166 96
192 66
190 46
217 61
167 37
193 36
191 98
218 41
168 54
194 52
192 10
219 43
169 60
195 36
193 37
220 86
170 83
196 93
194 10
221 18
171 58
197 30
195 55
222 89
172 24
198 44
196 76
223 19
173 86
199 75
197 60
224 92
174 73
200 91
198 36
225 43
175 74
199 87
226 78
176 100
202 42
227 55
177 100
203 84
201 27
228 16
178 68
204 16
202 16
229 39
179 76
205 68
203 54
230 48
180 95
206 98
204 39
231 71
181 89
207 51
205 76
232 71
182 54
208 30
206 89
233 81
183 87
209 58
207 63
234 49
184 72
210 32
208 41
235 46
185 80
211 55
209 80
236 39
186 18
212 47
210 71
237 55
187 73
213 67
211 95
238 45
188 51
214 96
212 95
239 98
189 31
215 21
213 15
240 45
190 77
216 17
214 76
241 11
191 39
217 94
215 15
242 54
192 96
218 75
216 91
243 21
193 75
219 82
217 15
244 28
194 14
220 34
218 15
245 45
195 49
221 54
219 52
246 48
196 42
222 54
220 79
247 60
197 88
223 13
221 36
248 81
198 63
224 25
222 35
249 58
199 70
225 32
223 64
250 48
200 72
224 90
251 52
201 99
227 43
252 94
202 88
228 52
226 83
253 68
203 66
229 86
227 90
254 50
204 26
230 72
228 93
255 51
205 92
231 27
229 35
256 78
206 23
232 67
230 33
257 93
207 88
233 71
231 61
258 43
208 66
234 55
232 43
259 21
209 57
235 42
233 39
260 70
210 32
236 56
234 92
261 31
211 37
237 96
235 22
262 83
212 66
238 25
236 22
263 89
213 83
239 80
237 96
264 81
214 44
240 20
238 86
265 70
215 12
241 57
239 63
266 96
216 11
242 23
240 66
267 54
217 51
243 11
241 78
268 53
218 38
244 62
242 71
269 34
219 33
245 67
243 25
270 11
220 54
246 30
244 77
271 38
221 50
247 66
245 58
272 72
222 32
248 14
246 28
273 53
223 93
249 27
247 68
274 76
224 76
250 11
248 55
275 97
225 75
249 68
276 86
226 83
252 98
277 41
227 61
253 54
251 32
278 74
228 16
254 69
252 90
279 32
229 19
255 65
253 64
280 50
230 11
256 25
254 96
281 53
231 77
257 36
255 86
282 67
232 95
258 53
256 99
283 13
233 39
259 62
257 85
284 57
234 12
260 69
258 82
285 72
235 57
261 73
259 58
286 55
236 30
262 27
260 41
287 74
237 33
263 45
261 93
288 68
238 43
264 91
262 22
289 33
239 85
265 64
263 23
290 40
240 76
266 10
264 17
291 86
241 86
267 44
265 21
292 35
242 74
268 21
266 30
293 90
243 37
269 90
267 36
294 84
244 56
270 66
268 93
295 72
245 78
271 95
269 61
296 86
246 22
272 98
270 100
297 23
247 80
273 53
271 76
298 72
248 92
274 39
272 81
299 81
249 13
275 98
273 15
300 66
250 69
274 56
301 73
251 72
277 40
302 50
252 44
278 49
276 20
303 21
253 55
279 52
277 81
304 78
254 93
280 28
278 85
305 86
255 75
281 65
279 100
306 12
256 95
282 73
280 73
307 43
257 46
283 100
281 91
308 13
258 60
284 13
282 37
309 37
259 33
285 58
283 36
310 95
260 32
286 21
284 100
311 48
261 92
287 78
285 56
312 21
262 99
288 31
286 58
313 40
263 79
289 42
287 68
314 26
264 36
290 20
288 47
315 55
265 48
291 32
289 88
316 49
266 96
292 48
290 92
317 40
267 56
293 89
291 90
318 100
268 11
294 62
292 94
319 32
269 16
295 51
293 63
320 42
270 86
296 88
294 57
321 15
271 73
297 99
295 57
322 96
272 77
298 56
296 62
323 82
273 25
299 76
297 51
324 10
274 61
300 59
298 48
325 34
275 33
299 93
326 65
276 31
302 83
327 82
277 23
303 17
301 42
328 100
278 27
304 31
302 49
329 41
279 37
305 78
303 19
330 64
280 29
306 96
304 12
331 57
281 76
307 98
305 68
332 25
282 41
308 74
306 95
333 71
283 19
309 77
307 92
334 46
284 67
310 77
308 76
335 89
285 61
311 85
309 13
336 84
286 88
312 42
310 14
337 77
287 61
313 68
311 78
338 82
288 12
314 81
312 57
339 39
289 61
315 66
313 66
340 83
290 30
316 66
314 42
341 20
291 17
317 50
315 29
342 65
292 73
318 42
316 40
343 32
293 20
319 94
317 85
344 74
294 48
320 20
318 34
345 84
295 59
321 68
319 73
346 65
296 76
322 33
320 80
347 46
297 72
323 14
321 81
348 45
298 62
324 18
322 60
349 78
299 19
325 22
323 67
350 72
300 80
324 34
351 58
301 38
327 29
352 25
302 10
328 27
326 77
353 89
303 79
329 16
327 66
354 62
304 91
330 50
328 70
355 49
305 73
331 75
329 69
356 73
306 57
332 79
330 62
357 44
307 62
333 57
331 96
358 78
308 53
334 97
332 48
359 96
309 63
335 98
333 34
360 99
310 40
336 100
334 69
361 12
311 58
337 49
335 39
362 39
312 79
338 29
336 46
363 11
313 66
339 47
337 12
364 66
314 77
340 91
338 49
365 38
315 55
341 33
339 51
366 53
316 61
342 29
340 74
367 44
317 84
343 88
341 24
368 89
318 95
344 48
342 74
369 77
319 71
345 42
343 41
370 10
320 24
346 97
344 51
371 89
321 34
347 45
345 65
372 43
322 38
348 79
346 76
373 86
323 99
349 16
347 88
374 16
324 62
350 95
348 37
375 86
325 57
349 31
376 59
326 76
352 21
377 72
327 67
353 70
351 75
378 93
328 55
354 11
352 32
379 16
329 35
355 24
353 56
380 89
330 68
356 50
354 88
381 96
331 10
357 36
355 73
382 65
332 11
358 23
356 14
383 99
333 16
359 100
357 62
384 49
334 40
360 79
358 77
385 59
335 100
361 85
359 20
386 50
336 23
362 31
360 16
387 35
337 20
363 43
361 19
388 77
338 74
364 33
362 57
389 76
339 91
365 44
363 12
390 41
340 63
366 25
364 30
391 31
341 35
367 55
365 86
392 24
342 55
368 55
366 90
393 83
343 44
369 82
367 39
394 43
344 66
370 64
368 18
395 50
345 81
371 76
369 30
396 75
346 17
372 71
370 97
397 75
347 12
373 29
371 44
398 66
348 28
374 46
372 41
399 28
349 88
375 76
373 100
400 59
350 41
374 33
401 45
351 42
377 71
402 49
352 14
378 59
376 83
403 11
353 15
379 83
377 86
404 66
354 13
380 75
378 96
405 80
355 55
381 13
379 46
406 89
356 44
382 61
380 35
407 56
357 18
383 43
381 39
408 12
358 65
384 59
382 94
409 50
359 21
385 99
383 21
410 19
360 39
386 10
384 52
411 63
361 87
387 93
385 15
412 27
362 26
388 18
386 56
413 60
363 95
389 84
387 70
414 58
364 67
390 84
388 53
415 23
365 27
391 33
389 22
416 36
366 12
392 46
390 42
417 74
367 35
393 35
391 29
418 38
368 15
394 19
392 57
419 75
369 70
395 26
393 89
420 85
370 38
396 77
394 42
421 67
371 68
397 77
395 30
422 23
372 97
398 32
396 51
423 56
373 16
399 11
397 33
424 68
374 96
400 28
398 81
425 55
375 10
399 66
426 51
376 29
402 55
427 23
377 57
403 79
401 65
428 24
378 93
404 15
402 30
429 74
379 88
405 88
403 10
430 81
380 16
406 79
404 43
431 40
381 25
407 72
405 60
432 11
382 48
408 38
406 30
433 36
383 94
409 17
407 33
434 84
384 16
410 75
408 62
435 74
385 60
411 86
409 54
436 63
386 89
412 33
410 20
437 13
387 78
413 28
411 46
438 40
388 90
414 63
412 64
439 47
389 28
415 93
413 69
440 34
390 43
416 18
414 17
441 55
391 91
417 24
415 100
442 31
392 75
418 72
416 44
443 72
393 13
419 87
417 14
444 14
394 51
420 12
418 32
445 85
395 95
421 45
419 67
446 86
396 23
422 66
420 38
447 56
397 85
423 29
421 80
448 32
398 52
424 18
422 18
449 32
399 61
425 100
423 78
450 51
400 99
424 81
451 25
401 36
427 19
452 46
402 93
428 84
426 66
453 39
403 50
429 25
427 30
454 96
404 32
430 67
428 15
455 69
405 46
431 56
429 22
456 100
406 85
432 27
430 49
457 75
407 19
433 97
431 10
458 45
408 17
434 60
432 55
459 29
409 96
435 76
433 55
460 70
410 38
436 59
434 98
461 27
411 50
437 86
435 22
462 76
412 97
438 97
436 92
463 78
413 76
439 63
437 93
464 76
414 18
440 53
438 33
465 78
415 81
441 87
439 13
466 80
416 68
442 99
440 39
467 51
417 49
443 43
441 89
468 94
418 22
444 49
442 26
469 60
419 20
445 67
443 49
470 60
420 43
446 51
444 32
471 31
421 50
447 47
445 64
472 71
422 35
448 50
446 82
473 92
423 26
449 10
447 30
474 92
424 31
450 100
448 52
475 12
425 84
449 85
476 87
426 32
452 27
477 69
427 68
453 72
451 13
478 52
428 35
454 93
452 13
479 67
429 57
455 68
453 47
480 100
430 91
456 30
454 83
481 63
431 44
457 10
455 83
482 22
432 92
458 11
456 84
483 20
433 66
459 90
457 53
484 37
434 47
460 79
458 60
485 51
435 45
461 73
459 100
486 58
436 58
462 33
460 11
487 80
437 37
463 95
461 51
488 77
438 62
464 65
462 82
489 82
439 73
465 100
463 98
490 20
440 87
466 25
464 37
491 43
441 87
467 14
465 94
492 78
442 97
468 27
466 50
493 71
443 60
469 68
467 15
494 35
444 80
470 35
468 45
495 21
445 63
471 72
469 73
496 59
446 28
472 29
470 71
497 78
447 84
473 42
471 83
498 25
448 70
474 31
472 76
499 77
449 78
475 39
473 38
500 24
450 62
474 23
501 15
451 81
477 97
502 33
452 36
478 56
476 24
503 98
453 99
479 99
477 52
504 31
454 82
480 44
478 42
505 40
455 13
481 71
479 88
506 79
456 14
482 84
480 48
507 75
457 73
483 84
481 90
508 84
458 57
484 31
482 90
509 12
459 35
485 10
483 62
510 16
460 59
486 96
484 53
511 44
461 58
487 63
485 85
512 72
462 60
488 74
486 10
513 58
463 56
489 94
487 54
514 38
464 38
490 20
488 27
515 72
465 56
491 21
489 82
516 87
466 79
492 86
490 70
517 49
467 38
493 22
491 37
518 22
468 14
494 64
492 39
519 30
469 19
495 79
493 49
520 14
470 75
496 32
494 90
521 11
471 62
497 11
495 25
522 93
472 81
498 36
496 84
523 37
473 88
499 18
497 100
524 49
474 75
500 56
498 20
525 97
475 18
499 91
526 74
476 16
502 98
527 34
477 77
503 89
501 92
528 74
478 98
504 66
502 13
529 58
479 77
505 51
503 15
530 78
480 84
506 61
504 30
531 37
481 91
507 98
505 74
532 70
482 82
508 56
506 35
533 40
483 67
509 12
507 39
534 91
484 66
510 65
508 40
535 27
485 18
511 83
509 18
536 90
486 26
512 91
510 57
537 48
487 44
513 50
511 93
538 95
488 97
514 77
512 21
539 55
489 68
515 67
513 96
540 51
490 93
516 57
514 90
541 37
491 43
517 15
515 72
542 85
492 31
518 55
516 29
543 69
493 20
519 53
517 43
544 97
494 77
520 58
518 24
545 26
495 57
521 53
519 54
546 100
496 93
522 96
520 44
547 31
497 65
523 88
521 70
548 52
498 42
524 68
522 82
549 73
499 84
525 77
523 37
550 24
500 77
524 97
551 10
501 52
527 58
552 54
502 14
528 62
526 81
553 42
503 33
529 94
527 61
554 53
504 94
530 20
528 55
555 28
505 66
531 18
529 56
556 57
506 24
532 10
530 25
557 67
507 29
533 74
531 72
558 26
508 10
534 42
532 84
559 92
509 11
535 92
533 80
560 97
510 92
536 23
534 77
561 53
511 60
537 51
535 69
562 17
512 93
538 83
536 46
563 59
513 72
539 89
537 35
564 65
514 92
540 76
538 54
565 73
515 45
541 74
539 31
566 78
516 39
542 29
540 77
567 67
517 46
543 38
541 24
568 66
518 49
544 50
542 92
569 66
519 53
545 55
543 39
570 92
520 84
546 15
544 53
571 75
521 28
547 45
545 46
572 24
522 53
548 46
546 44
573 86
523 10
549 93
547 76
574 35
524 66
550 79
548 31
575 83
525 56
549 67
576 81
526 46
552 64
577 53
527 100
553 79
551 39
578 61
528 29
554 42
552 19
579 33
529 39
555 16
553 42
580 73
530 82
556 81
554 73
581 45
531 44
557 88
555 54
582 74
532 96
558 88
556 17
583 23
533 69
559 78
557 34
584 88
534 85
560 32
558 69
585 25
535 28
561 31
559 34
586 76
536 17
562 83
560 78
587 83
537 21
563 77
561 30
588 64
538 26
564 83
562 84
589 76
539 19
565 35
563 57
590 24
540 61
566 43
564 67
591 81
541 88
567 53
565 40
592 64
542 91
568 46
566 16
593 80
543 84
569 57
567 62
594 45
544 22
570 54
568 38
595 47
545 45
571 67
569 57
596 95
546 92
572 60
570 84
597 72
547 51
573 13
571 91
598 19
548 10
574 59
572 57
599 67
549 20
575 92
573 18
600 61
550 90
574 30
601 100
551 58
577 80
602 50
552 43
578 56
576 43
603 49
553 97
579 79
577 77
604 37
554 74
580 66
578 89
605 13
555 34
581 52
579 27
606 56
556 28
582 28
580 59
607 48
557 77
583 73
581 41
608 16
558 69
584 59
582 18
609 100
559 12
585 46
583 80
610 42
560 69
586 55
584 73
611 96
561 91
587 87
585 66
612 98
562 40
588 80
586 11
613 17
563 92
589 17
587 64
614 90
564 68
590 56
588 92
615 76
565 25
591 65
589 25
616 40
566 28
592 91
590 96
617 64
567 35
593 59
591 36
618 84
568 48
594 32
592 30
619 29
569 69
595 75
593 40
620 34
570 85
596 43
594 73
621 78
571 45
597 38
595 42
622 14
572 47
598 64
596 14
623 18
573 70
599 77
597 25
624 46
574 45
600 30
598 33
625 21
575 75
599 61
576 81
602 88
577 65
603 64
601 72
578 69
604 81
602 37
579 13
605 15
603 50
580 32
606 97
604 32
581 99
607 96
605 21
582 17
608 64
606 20
583 92
609 39
607 57
584 46
610 95
608 84
585 98
611 63
609 83
586 18
612 12
610 54
587 21
613 73
611 65
588 17
614 82
612 92
589 57
615 16
613 33
590 78
616 45
614 86
591 16
617 99
615 51
592 77
618 18
616 82
593 96
619 33
617 52
594 74
620 71
618 94
595 47
621 63
619 81
596 66
622 31
620 62
597 57
623 32
621 89
598 11
624 34
622 34
599 24
625 68
623 82
600 47
624 86
47
166
3 306 232 47 
1 121 
1 115 
2 162 292 
2 567 240 
1 587 
1 151 
1 531 
2 622 88 
3 366 316 177 
2 444 480 
1 96 
2 407 12 
2 536 594 
1 122 
2 432 422 
3 25 247 37 
2 169 310 
2 566 506 
2 142 320 
2 459 173 
2 314 487 
1 438 
1 296 
2 347 614 
1 40 
1 105 
2 435 470 
3 576 24 299 
2 253 49 
2 235 473 
1 390 
2 18 340 
3 183 577 179 
3 396 418 454 
1 288 
2 344 377 
2 203 4 
2 159 493 
1 485 
1 604 
3 198 168 511 
4 612 419 516 1 
2 19 520 
2 281 13 
1 78 
2 456 17 
2 157 138 
3 185 284 319 
1 440 
5 276 206 243 140 226 
2 239 583 
1 565 
3 293 205 430 
1 144 
2 71 596 
2 409 200 
2 79 580 
1 584 
1 420 
2 242 61 
2 291 303 
1 35 
1 555 
1 512 
3 249 298 505 
3 145 405 457 
1 130 
1 153 
1 41 
1 76 
1 26 
3 254 427 610 
3 514 356 527 
2 367 102 
3 81 262 317 
4 404 497 519 236 
2 462 363 
1 150 
1 375 
4 597 496 129 111 
2 378 187 
1 176 
2 408 495 
1 478 
1 345 
3 524 30 492 
1 508 
1 92 
1 554 
2 45 238 
1 385 
1 3 
2 434 272 
1 374 
2 623 8 
3 266 44 210 
2 403 20 
1 270 
1 154 
1 449 
4 34 402 570 521 
4 62 624 455 556 
4 549 537 260 165 
1 372 
2 268 401 
1 562 
1 525 
2 109 2 
2 214 335 
2 605 287 
3 133 290 315 
1 426 
2 67 263 
1 582 
2 410 442 
1 431 
1 166 
