625 2400 10 100 118
2
3
3
3
3
3
3
3
3
3
3
3
3
3
3
3
3
3
3
3
3
3
3
3
2
3
4
4
4
4
4
4
4
4
4
4
4
4
4
4
4
4
4
4
4
4
4
4
4
3
3
4
4
4
4
4
4
4
4
4
4
4
4
4
4
4
4
4
4
4
4
4
4
4
3
3
4
4
4
4
4
4
4
4
4
4
4
4
4
4
4
4
4
4
4
4
4
4
4
3
3
4
4
4
4
4
4
4
4
4
4
4
4
4
4
4
4
4
4
4
4
4
4
4
3
3
4
4
4
4
4
4
4
4
4
4
4
4
4
4
4
4
4
4
4
4
4
4
4
3
3
4
4
4
4
4
4
4
4
4
4
4
4
4
4
4
4
4
4
4
4
4
4
4
3
3
4
4
4
4
4
4
4
4
4
4
4
4
4
4
4
4
4
4
4
4
4
4
4
3
3
4
4
4
4
4
4
4
4
4
4
4
4
4
4
4
4
4
4
4
4
4
4
4
3
3
4
4
4
4
4
4
4
4
4
4
4
4
4
4
4
4
4
4
4
4
4
4
4
3
3
4
4
4
4
4
4
4
4
4
4
4
4
4
4
4
4
4
4
4
4
4
4
4
3
3
4
4
4
4
4
4
4
4
4
4
4
4
4
4
4
4
4
4
4
4
4
4
4
3
3
4
4
4
4
4
4
4
4
4
4
4
4
4
4
4
4
4
4
4
4
4
4
4
3
3
4
4
4
4
4
4
4
4
4
4
4
4
4
4
4
4
4
4
4
4
4
4
4
3
3
4
4
4
4
4
4
4
4
4
4
4
4
4
4
4
4
4
4
4
4
4
4
4
3
3
4
4
4
4
4
4
4
4
4
4
4
4
4
4
4
4
4
4
4
4
4
4
4
3
3
4
4
4
4
4
4
4
4
4
4
4
4
4
4
4
4
4
4
4
4
4
4
4
3
3
4
4
4
4
4
4
4
4
4
4
4
4
4
4
4
4
4
4
4
4
4
4
4
3
3
4
4
4
4
4
4
4
4
4
4
4
4
4
4
4
4
4
4
4
4
4
4
4
3
3
4
4
4
4
4
4
4
4
4
4
4
4
4
4
4
4
4
4
4
4
4
4
4
3
3
4
4
4
4
4
4
4
4
4
4
4
4
4
4
4
4
4
4
4
4
4
4
4
3
3
4
4
4
4
4
4
4
4
4
4
4
4
4
4
4
4
4
4
4
4
4
4
4
3
3
4
4
4
4
4
4
4
4
4
4
4
4
4
4
4
4
4
4
4
4
4
4
4
3
3
4
4
4
4
4
4
4
4
4
4
4
4
4
4
4
4
4
4
4
4
4
4
4
3
2
3
3
3
3
3
3
3
3
3
3
3
3
3
3
3
3
3
3
3
3
3
3
3
2
26 43
2 29
27 12
3 15
1 49
28 94
4 95
2 66
29 96
5 19
3 16
30 72
6 44
4 73
31 98
7 45
5 36
32 35
8 13
6 42
33 27
9 92
7 38
34 29
10 77
8 89
35 87
11 14
9 54
36 14
12 80
10 36
37 66
13 33
11 88
38 72
14 77
12 11
39 40
15 72
13 83
40 81
16 56
14 17
41 50
17 29
15 41
42 31
18 11
16 65
43 86
19 37
17 53
44 77
20 78
18 61
45 14
21 34
19 88
46 18
22 60
20 52
47 54
23 83
21 47
48 24
24 17
22 22
49 30
25 61
23 60
50 43
24 57
51 85
1 60
27 83
52 29
2 16
28 99
26 40
53 91
3 98
29 68
27 47
54 78
4 17
30 98
28 37
55 15
5 70
31 41
29 56
56 27
6 35
32 17
30 30
57 88
7 54
33 75
31 33
58 29
8 87
34 76
32 100
59 26
9 67
35 30
33 43
60 87
10 15
36 100
34 43
61 47
11 54
37 37
35 39
62 39
12 23
38 69
36 41
63 74
13 63
39 28
37 75
64 13
14 18
40 23
38 93
65 61
15 21
41 60
39 63
66 61
16 30
42 18
40 48
67 46
17 94
43 80
41 50
68 65
18 10
44 77
42 34
69 20
19 25
45 77
43 49
70 22
20 53
46 25
44 94
71 54
21 34
47 38
45 40
72 43
22 70
48 66
46 28
73 61
23 78
49 59
47 20
74 36
24 32
50 21
48 100
75 72
25 81
49 75
76 25
26 19
52 44
77 98
27 58
53 93
51 67
78 13
28 86
54 83
52 22
79 69
29 65
55 62
53 65
80 68
30 80
56 28
54 69
81 100
31 72
57 60
55 21
82 28
32 64
58 55
56 27
83 92
33 56
59 13
57 40
84 72
34 37
60 82
58 10
85 64
35 47
61 82
59 86
86 67
36 13
62 99
60 97
87 99
37 87
63 54
61 96
88 36
38 29
64 36
62 42
89 13
39 84
65 31
63 71
90 24
40 53
66 91
64 37
91 60
41 53
67 16
65 14
92 66
42 51
68 28
66 55
93 69
43 34
69 43
67 94
94 82
44 85
70 57
68 74
95 89
45 88
71 11
69 91
96 100
46 89
72 54
70 79
97 37
47 51
73 80
71 67
98 24
48 46
74 92
72 76
99 24
49 51
75 19
73 40
100 68
50 34
74 45
101 83
51 56
77 87
102 56
52 79
78 92
76 67
103 29
53 37
79 40
77 23
104 100
54 91
80 40
78 49
105 38
55 73
81 36
79 40
106 74
56 47
82 31
80 12
107 56
57 24
83 77
81 55
108 98
58 58
84 75
82 92
109 38
59 38
85 37
83 66
110 89
60 45
86 82
84 28
111 47
61 22
87 54
85 67
112 77
62 10
88 85
86 12
113 26
63 49
89 81
87 42
114 11
64 37
90 99
88 56
115 100
65 69
91 40
89 11
116 86
66 43
92 65
90 84
117 34
67 54
93 60
91 53
118 58
68 46
94 22
92 25
119 100
69 57
95 24
93 17
120 78
70 80
96 68
94 68
121 85
71 63
97 58
95 58
122 66
72 39
98 46
96 62
123 59
73 59
99 23
97 40
124 80
74 97
100 27
98 70
125 42
75 28
99 83
126 69
76 75
102 52
127 79
77 87
103 56
101 11
128 97
78 10
104 90
102 99
129 68
79 72
105 44
103 52
130 65
80 76
106 70
104 35
131 68
81 59
107 88
105 88
132 73
82 26
108 95
106 48
133 72
83 17
109 19
107 60
134 31
84 43
110 37
108 49
135 46
85 43
111 29
109 22
136 91
86 56
112 61
110 12
137 87
87 74
113 34
111 78
138 27
88 56
114 92
112 77
139 80
89 97
115 91
113 19
140 90
90 36
116 44
114 17
141 15
91 61
117 25
115 31
142 26
92 15
118 66
116 68
143 72
93 78
119 78
117 14
144 91
94 12
120 59
118 95
145 55
95 52
121 73
119 27
146 91
96 100
122 78
120 44
147 25
97 63
123 79
121 84
148 69
98 55
124 32
122 92
149 30
99 51
125 99
123 69
150 26
100 22
124 57
151 85
101 50
127 80
152 90
102 70
128 24
126 17
153 92
103 11
129 62
127 55
154 19
104 56
130 16
128 61
155 54
105 38
131 56
129 16
156 11
106 81
132 20
130 66
157 64
107 62
133 73
131 83
158 27
108 11
134 36
132 47
159 46
109 73
135 100
133 29
160 10
110 47
136 19
134 70
161 45
111 90
137 73
135 79
162 56
112 87
138 70
136 91
163 15
113 98
139 59
137 73
164 36
114 89
140 79
138 73
165 78
115 23
141 43
139 54
166 17
116 29
142 40
140 55
167 35
117 43
143 46
141 43
168 54
118 72
144 11
142 23
169 71
119 63
145 87
143 57
170 66
120 41
146 53
144 48
171 90
121 37
147 30
145 67
172 21
122 25
148 25
146 53
173 66
123 75
149 75
147 98
174 69
124 62
150 65
148 68
175 60
125 15
149 94
176 67
126 34
152 24
177 87
127 75
153 40
151 51
178 96
128 25
154 37
152 85
179 30
129 13
155 61
153 91
180 44
130 66
156 37
154 68
181 64
131 73
157 97
155 14
182 94
132 18
158 41
156 78
183 48
133 35
159 67
157 90
184 20
134 58
160 63
158 26
185 69
135 22
161 14
159 55
186 57
136 45
162 66
160 51
187 64
137 74
163 73
161 59
188 33
138 76
164 62
162 100
189 10
139 81
165 42
163 55
190 43
140 10
166 18
164 15
191 80
141 49
167 15
165 99
192 88
142 77
168 71
166 54
193 19
143 74
169 32
167 81
194 53
144 91
170 28
168 48
195 45
145 16
171 77
169 71
196 36
146 24
172 33
170 12
197 45
147 13
173 31
171 69
198 18
148 56
174 18
172 86
199 16
149 63
175 73
173 52
200 38
150 49
174 67
201 49
151 16
177 18
202 88
152 30
178 75
176 64
203 13
153 82
179 94
177 98
204 21
154 44
180 95
178 57
205 88
155 61
181 60
179 91
206 49
156 34
182 16
180 77
207 56
157 15
183 83
181 49
208 12
158 44
184 87
182 95
209 53
159 32
185 86
183 54
210 47
160 16
186 51
184 59
211 90
161 87
187 35
185 20
212 91
162 30
188 22
186 65
213 86
163 73
189 34
187 28
214 54
164 64
190 48
188 92
215 45
165 61
191 11
189 82
216 12
166 85
192 72
190 16
217 92
167 39
193 34
191 88
218 48
168 52
194 32
192 45
219 62
169 78
195 60
193 20
220 21
170 29
196 61
194 18
221 25
171 79
197 15
195 39
222 66
172 79
198 74
196 53
223 90
173 90
199 72
197 61
224 60
174 72
200 11
198 17
225 67
175 29
199 88
226 72
176 99
202 13
227 38
177 15
203 82
201 29
228 78
178 29
204 75
202 45
229 25
179 23
205 80
203 19
230 93
180 46
206 75
204 38
231 92
181 64
207 82
205 78
232 38
182 69
208 54
206 96
233 89
183 78
209 18
207 79
234 88
184 10
210 82
208 29
235 54
185 58
211 22
209 36
236 86
186 24
212 61
210 56
237 44
187 85
213 91
211 15
238 61
188 97
214 72
212 49
239 80
189 11
215 24
213 37
240 43
190 21
216 24
214 22
241 89
191 57
217 84
215 25
242 20
192 15
218 10
216 20
243 55
193 60
219 73
217 73
244 97
194 62
220 52
218 32
245 55
195 47
221 38
219 44
246 56
196 42
222 35
220 87
247 79
197 88
223 26
221 90
248 50
198 41
224 96
222 65
249 63
199 41
225 98
223 92
250 20
200 84
224 29
251 69
201 67
227 64
252 23
202 51
228 67
226 78
253 61
203 31
229 34
227 90
254 17
204 43
230 27
228 13
255 29
205 97
231 54
229 31
256 20
206 17
232 42
230 29
257 14
207 28
233 84
231 74
258 41
208 49
234 45
232 87
259 41
209 26
235 79
233 16
260 21
210 57
236 95
234 42
261 69
211 52
237 25
235 68
262 89
212 65
238 64
236 96
263 58
213 86
239 71
237 37
264 92
214 10
240 21
238 90
265 59
215 86
241 80
239 36
266 41
216 70
242 21
240 29
267 11
217 61
243 82
241 82
268 30
218 57
244 67
242 54
269 31
219 17
245 18
243 85
270 48
220 18
246 71
244 62
271 57
221 41
247 68
245 75
272 91
222 91
248 50
246 92
273 72
223 18
249 57
247 43
274 78
224 22
250 57
248 32
275 89
225 24
249 99
276 74
226 19
252 52
277 90
227 19
253 65
251 22
278 79
228 67
254 67
252 28
279 70
229 41
255 41
253 71
280 11
230 84
256 65
254 96
281 40
231 81
257 36
255 93
282 79
232 54
258 24
256 99
283 92
233 63
259 65
257 60
284 52
234 19
260 62
258 95
285 20
235 25
261 96
259 47
286 62
236 51
262 70
260 97
287 59
237 12
263 36
261 47
288 67
238 97
264 56
262 16
289 64
239 21
265 62
263 84
290 98
240 32
266 27
264 75
291 12
241 84
267 90
265 80
292 62
242 62
268 15
266 12
293 65
243 75
269 59
267 80
294 17
244 16
270 100
268 100
295 88
245 56
271 94
269 50
296 78
246 15
272 76
270 28
297 54
247 17
273 61
271 83
298 80
248 54
274 18
272 13
299 11
249 13
275 86
273 98
300 10
250 100
274 85
301 55
251 44
277 20
302 61
252 89
278 33
276 18
303 37
253 24
279 96
277 52
304 93
254 92
280 16
278 63
305 54
255 90
281 90
279 11
306 16
256 96
282 83
280 27
307 95
257 65
283 15
281 58
308 43
258 65
284 46
282 75
309 48
259 70
285 30
283 79
310 79
260 91
286 99
284 37
311 58
261 61
287 31
285 84
312 54
262 33
288 62
286 61
313 47
263 42
289 93
287 50
314 57
264 56
290 58
288 23
315 74
265 64
291 46
289 38
316 27
266 52
292 12
290 76
317 58
267 45
293 29
291 87
318 41
268 86
294 52
292 65
319 86
269 45
295 90
293 77
320 45
270 16
296 16
294 45
321 15
271 68
297 70
295 67
322 38
272 17
298 54
296 13
323 56
273 55
299 81
297 37
324 99
274 36
300 89
298 96
325 27
275 17
299 78
326 77
276 91
302 77
327 23
277 95
303 14
301 58
328 73
278 71
304 37
302 50
329 52
279 70
305 51
303 79
330 78
280 28
306 83
304 80
331 73
281 82
307 24
305 26
332 83
282 83
308 46
306 75
333 32
283 55
309 100
307 40
334 46
284 62
310 92
308 20
335 77
285 87
311 21
309 16
336 69
286 65
312 33
310 45
337 39
287 17
313 87
311 16
338 67
288 65
314 97
312 14
339 100
289 32
315 31
313 81
340 87
290 22
316 89
314 48
341 27
291 40
317 24
315 36
342 74
292 90
318 26
316 30
343 93
293 11
319 76
317 27
344 37
294 23
320 18
318 18
345 22
295 46
321 54
319 78
346 76
296 43
322 15
320 36
347 89
297 95
323 82
321 74
348 42
298 32
324 59
322 48
349 50
299 74
325 93
323 59
350 30
300 91
324 46
351 33
301 40
327 38
352 43
302 31
328 28
326 89
353 88
303 66
329 42
327 99
354 77
304 92
330 43
328 99
355 83
305 69
331 49
329 82
356 89
306 47
332 75
330 26
357 71
307 34
333 93
331 84
358 82
308 53
334 28
332 90
359 95
309 39
335 97
333 88
360 85
310 31
336 88
334 29
361 52
311 61
337 27
335 14
362 74
312 19
338 44
336 70
363 61
313 56
339 14
337 39
364 29
314 41
340 26
338 29
365 62
315 17
341 48
339 16
366 77
316 68
342 69
340 17
367 29
317 68
343 95
341 59
368 32
318 53
344 70
342 82
369 47
319 68
345 48
343 80
370 97
320 32
346 92
344 23
371 43
321 100
347 53
345 46
372 96
322 52
348 50
346 55
373 23
323 37
349 40
347 32
374 90
324 95
350 66
348 88
375 89
325 37
349 21
376 42
326 56
352 68
377 50
327 22
353 40
351 15
378 50
328 83
354 80
352 42
379 95
329 27
355 10
353 60
380 11
330 18
356 83
354 25
381 83
331 84
357 10
355 46
382 45
332 55
358 25
356 79
383 16
333 16
359 71
357 92
384 53
334 10
360 70
358 23
385 30
335 65
361 82
359 27
386 24
336 64
362 22
360 75
387 53
337 94
363 51
361 46
388 34
338 10
364 14
362 68
389 25
339 78
365 79
363 73
390 48
340 33
366 65
364 48
391 45
341 26
367 53
365 56
392 75
342 24
368 87
366 25
393 93
343 82
369 47
367 17
394 72
344 62
370 57
368 19
395 95
345 83
371 95
369 42
396 82
346 64
372 96
370 14
397 79
347 76
373 27
371 57
398 42
348 23
374 95
372 80
399 61
349 62
375 20
373 27
400 11
350 94
374 74
401 58
351 78
377 47
402 73
352 41
378 64
376 91
403 65
353 89
379 47
377 81
404 34
354 98
380 41
378 76
405 100
355 40
381 97
379 41
406 35
356 40
382 73
380 20
407 46
357 96
383 81
381 49
408 64
358 98
384 42
382 14
409 69
359 10
385 76
383 32
410 74
360 46
386 70
384 47
411 100
361 27
387 14
385 50
412 29
362 70
388 84
386 27
413 52
363 79
389 94
387 96
414 51
364 58
390 46
388 46
415 70
365 86
391 34
389 76
416 10
366 49
392 48
390 98
417 88
367 12
393 45
391 96
418 46
368 13
394 30
392 97
419 55
369 27
395 28
393 72
420 19
370 54
396 46
394 87
421 78
371 97
397 54
395 12
422 75
372 23
398 38
396 91
423 81
373 96
399 81
397 70
424 95
374 37
400 45
398 25
425 40
375 47
399 69
426 54
376 40
402 87
427 32
377 40
403 99
401 94
428 69
378 46
404 10
402 56
429 21
379 63
405 38
403 84
430 34
380 27
406 29
404 33
431 75
381 16
407 24
405 57
432 16
382 42
408 97
406 50
433 16
383 90
409 38
407 91
434 14
384 42
410 63
408 25
435 69
385 12
411 43
409 11
436 91
386 12
412 92
410 83
437 83
387 74
413 49
411 11
438 16
388 37
414 86
412 86
439 72
389 88
415 64
413 32
440 30
390 65
416 25
414 72
441 95
391 55
417 50
415 71
442 11
392 41
418 92
416 56
443 88
393 46
419 37
417 22
444 68
394 80
420 56
418 42
445 95
395 81
421 95
419 99
446 27
396 53
422 76
420 61
447 23
397 50
423 91
421 59
448 35
398 73
424 18
422 47
449 19
399 13
425 41
423 35
450 30
400 20
424 59
451 96
401 60
427 17
452 46
402 100
428 40
426 55
453 37
403 69
429 10
427 56
454 19
404 20
430 16
428 62
455 34
405 27
431 23
429 54
456 72
406 50
432 62
430 18
457 50
407 43
433 29
431 74
458 93
408 86
434 16
432 78
459 36
409 81
435 34
433 62
460 66
410 97
436 15
434 60
461 32
411 55
437 36
435 17
462 77
412 26
438 54
436 47
463 47
413 99
439 16
437 71
464 87
414 45
440 14
438 61
465 29
415 73
441 72
439 96
466 37
416 72
442 59
440 35
467 55
417 40
443 90
441 80
468 98
418 53
444 16
442 92
469 51
419 11
445 16
443 90
470 41
420 78
446 25
444 49
471 79
421 62
447 47
445 91
472 67
422 38
448 32
446 76
473 69
423 84
449 98
447 29
474 37
424 90
450 27
448 28
475 30
425 97
449 47
476 69
426 95
452 67
477 77
427 49
453 62
451 42
478 96
428 60
454 89
452 70
479 51
429 87
455 98
453 34
480 77
430 31
456 78
454 64
481 11
431 23
457 43
455 64
482 85
432 22
458 81
456 20
483 55
433 28
459 65
457 85
484 100
434 32
460 36
458 13
485 77
435 23
461 47
459 45
486 48
436 100
462 95
460 65
487 74
437 82
463 76
461 49
488 15
438 85
464 10
462 46
489 87
439 88
465 25
463 33
490 58
440 80
466 29
464 82
491 60
441 14
467 65
465 86
492 89
442 81
468 80
466 12
493 100
443 49
469 23
467 33
494 90
444 63
470 86
468 85
495 16
445 20
471 52
469 12
496 36
446 95
472 44
470 33
497 79
447 13
473 80
471 52
498 26
448 52
474 83
472 100
499 12
449 74
475 41
473 75
500 10
450 37
474 85
501 12
451 75
477 54
502 65
452 46
478 90
476 30
503 42
453 41
479 23
477 57
504 82
454 54
480 89
478 73
505 57
455 48
481 89
479 46
506 72
456 40
482 39
480 33
507 61
457 92
483 86
481 56
508 34
458 17
484 35
482 60
509 94
459 74
485 32
483 78
510 60
460 67
486 66
484 67
511 59
461 67
487 69
485 20
512 87
462 96
488 16
486 90
513 73
463 68
489 81
487 48
514 13
464 56
490 38
488 72
515 36
465 62
491 95
489 18
516 96
466 34
492 24
490 94
517 57
467 61
493 54
491 99
518 14
468 40
494 39
492 55
519 20
469 42
495 55
493 88
520 37
470 70
496 75
494 31
521 25
471 18
497 58
495 11
522 51
472 14
498 92
496 64
523 34
473 35
499 89
497 27
524 61
474 33
500 56
498 55
525 18
475 60
499 42
526 51
476 63
502 55
527 66
477 32
503 59
501 39
528 18
478 27
504 95
502 43
529 61
479 40
505 44
503 72
530 100
480 15
506 32
504 37
531 41
481 34
507 87
505 54
532 59
482 21
508 66
506 43
533 18
483 68
509 45
507 28
534 53
484 33
510 96
508 72
535 25
485 96
511 76
509 76
536 49
486 52
512 36
510 18
537 24
487 20
513 19
511 14
538 33
488 93
514 29
512 48
539 95
489 47
515 38
513 75
540 68
490 36
516 40
514 99
541 86
491 68
517 76
515 23
542 36
492 24
518 41
516 60
543 39
493 79
519 62
517 73
544 96
494 52
520 82
518 37
545 41
495 70
521 22
519 29
546 15
496 57
522 75
520 42
547 53
497 40
523 43
521 14
548 80
498 44
524 27
522 81
549 19
499 92
525 45
523 17
550 93
500 71
524 38
551 77
501 40
527 95
552 81
502 63
528 94
526 35
553 36
503 77
529 54
527 32
554 55
504 73
530 81
528 99
555 38
505 57
531 18
529 98
556 13
506 49
532 57
530 89
557 80
507 45
533 11
531 55
558 97
508 77
534 79
532 96
559 53
509 63
535 45
533 28
560 50
510 12
536 51
534 44
561 55
511 97
537 49
535 91
562 60
512 73
538 62
536 56
563 87
513 87
539 32
537 99
564 11
514 89
540 73
538 17
565 93
515 71
541 86
539 65
566 48
516 76
542 24
540 55
567 93
517 60
543 91
541 49
568 68
518 74
544 27
542 68
569 29
519 21
545 49
543 22
570 75
520 60
546 87
544 61
571 42
521 44
547 28
545 44
572 99
522 74
548 93
546 35
573 80
523 36
549 41
547 62
574 11
524 87
550 82
548 20
575 49
525 36
549 79
576 45
526 51
552 82
577 46
527 24
553 40
551 24
578 17
528 70
554 91
552 46
579 62
529 33
555 43
553 89
580 30
530 44
556 47
554 74
581 58
531 23
557 97
555 56
582 85
532 68
558 53
556 60
583 60
533 43
559 88
557 95
584 85
534 47
560 84
558 27
585 33
535 99
561 28
559 63
586 59
536 35
562 76
560 32
587 24
537 48
563 60
561 84
588 39
538 52
564 91
562 29
589 17
539 50
565 12
563 96
590 52
540 10
566 54
564 17
591 89
541 86
567 22
565 29
592 67
542 58
568 83
566 45
593 11
543 86
569 73
567 29
594 54
544 86
570 44
568 100
595 63
545 51
571 32
569 29
596 33
546 75
572 89
570 42
597 85
547 36
573 81
571 34
598 81
548 74
574 90
572 39
599 96
549 26
575 37
573 33
600 98
550 34
574 42
601 84
551 55
577 85
602 85
552 78
578 69
576 14
603 24
553 84
579 78
577 13
604 90
554 19
580 19
578 89
605 72
555 72
581 25
579 87
606 29
556 44
582 15
580 68
607 38
557 34
583 85
581 17
608 27
558 29
584 97
582 84
609 94
559 48
585 39
583 86
610 91
560 22
586 58
584 88
611 90
561 78
587 99
585 53
612 18
562 69
588 64
586 58
613 30
563 33
589 22
587 38
614 58
564 67
590 84
588 44
615 82
565 49
591 32
589 64
616 97
566 73
592 41
590 77
617 24
567 31
593 40
591 51
618 27
568 42
594 32
592 37
619 95
569 27
595 37
593 82
620 60
570 46
596 78
594 38
621 97
571 10
597 26
595 91
622 16
572 83
598 71
596 43
623 64
573 26
599 90
597 85
624 72
574 16
600 22
598 85
625 60
575 69
599 91
576 25
602 43
577 18
603 98
601 28
578 22
604 31
602 16
579 62
605 45
603 87
580 95
606 15
604 58
581 10
607 93
605 56
582 42
608 25
606 45
583 69
609 76
607 34
584 12
610 16
608 29
585 44
611 17
609 54
586 54
612 69
610 52
587 55
613 74
611 75
588 77
614 29
612 42
589 32
615 55
613 56
590 76
616 90
614 41
591 34
617 12
615 99
592 18
618 92
616 37
593 28
619 59
617 52
594 80
620 57
618 79
595 14
621 44
619 76
596 24
622 61
620 38
597 37
623 87
621 36
598 32
624 55
622 77
599 98
625 85
623 61
600 52
624 17
341
499
3 421 553 341 
2 281 618 
2 448 431 
3 201 248 170 
1 451 
1 476 
1 536 
1 453 
3 367 366 483 
2 402 238 
3 192 446 152 
2 365 74 
1 605 
2 255 467 
2 60 31 
2 283 143 
3 502 507 10 
1 564 
2 516 554 
2 460 134 
1 398 
1 18 
1 289 
3 378 622 351 
1 202 
2 123 257 
2 235 230 
2 588 596 
1 20 
1 464 
1 376 
2 479 72 
1 497 
3 321 542 213 
3 608 599 209 
2 315 19 
2 429 274 
1 332 
1 543 
1 604 
2 249 189 
3 62 35 37 
2 29 517 
2 149 481 
1 68 
3 548 159 45 
1 307 
1 169 
2 210 403 
2 473 606 
1 66 
1 267 
1 217 
4 371 96 3 298 
2 53 587 
4 613 136 322 128 
3 373 190 361 
2 65 245 
3 382 64 312 
1 247 
1 581 
1 487 
1 119 
4 416 540 363 150 
1 585 
1 541 
4 33 276 356 59 
1 389 
4 490 271 102 370 
1 191 
1 514 
3 347 260 577 
1 130 
4 282 442 441 47 
4 184 85 180 105 
3 595 36 612 
2 569 239 
1 137 
1 434 
2 261 87 
2 13 408 
1 242 
1 329 
1 436 
2 425 475 
3 240 125 54 
4 620 345 575 478 
3 296 86 84 
2 465 355 
1 167 
1 140 
1 79 
1 303 
2 394 339 
2 545 529 
2 556 579 
1 164 
1 607 
1 200 
1 547 
1 46 
1 353 
3 538 279 160 
2 469 25 
2 435 229 
2 506 50 
2 117 1 
3 504 534 598 
3 616 77 600 
1 331 
1 603 
1 157 
4 146 555 34 155 
1 410 
1 593 
2 349 450 
1 390 
1 499 
