625 2400 10 100 118
2
3
3
3
3
3
3
3
3
3
3
3
3
3
3
3
3
3
3
3
3
3
3
3
2
3
4
4
4
4
4
4
4
4
4
4
4
4
4
4
4
4
4
4
4
4
4
4
4
3
3
4
4
4
4
4
4
4
4
4
4
4
4
4
4
4
4
4
4
4
4
4
4
4
3
3
4
4
4
4
4
4
4
4
4
4
4
4
4
4
4
4
4
4
4
4
4
4
4
3
3
4
4
4
4
4
4
4
4
4
4
4
4
4
4
4
4
4
4
4
4
4
4
4
3
3
4
4
4
4
4
4
4
4
4
4
4
4
4
4
4
4
4
4
4
4
4
4
4
3
3
4
4
4
4
4
4
4
4
4
4
4
4
4
4
4
4
4
4
4
4
4
4
4
3
3
4
4
4
4
4
4
4
4
4
4
4
4
4
4
4
4
4
4
4
4
4
4
4
3
3
4
4
4
4
4
4
4
4
4
4
4
4
4
4
4
4
4
4
4
4
4
4
4
3
3
4
4
4
4
4
4
4
4
4
4
4
4
4
4
4
4
4
4
4
4
4
4
4
3
3
4
4
4
4
4
4
4
4
4
4
4
4
4
4
4
4
4
4
4
4
4
4
4
3
3
4
4
4
4
4
4
4
4
4
4
4
4
4
4
4
4
4
4
4
4
4
4
4
3
3
4
4
4
4
4
4
4
4
4
4
4
4
4
4
4
4
4
4
4
4
4
4
4
3
3
4
4
4
4
4
4
4
4
4
4
4
4
4
4
4
4
4
4
4
4
4
4
4
3
3
4
4
4
4
4
4
4
4
4
4
4
4
4
4
4
4
4
4
4
4
4
4
4
3
3
4
4
4
4
4
4
4
4
4
4
4
4
4
4
4
4
4
4
4
4
4
4
4
3
3
4
4
4
4
4
4
4
4
4
4
4
4
4
4
4
4
4
4
4
4
4
4
4
3
3
4
4
4
4
4
4
4
4
4
4
4
4
4
4
4
4
4
4
4
4
4
4
4
3
3
4
4
4
4
4
4
4
4
4
4
4
4
4
4
4
4
4
4
4
4
4
4
4
3
3
4
4
4
4
4
4
4
4
4
4
4
4
4
4
4
4
4
4
4
4
4
4
4
3
3
4
4
4
4
4
4
4
4
4
4
4
4
4
4
4
4
4
4
4
4
4
4
4
3
3
4
4
4
4
4
4
4
4
4
4
4
4
4
4
4
4
4
4
4
4
4
4
4
3
3
4
4
4
4
4
4
4
4
4
4
4
4
4
4
4
4
4
4
4
4
4
4
4
3
3
4
4
4
4
4
4
4
4
4
4
4
4
4
4
4
4
4
4
4
4
4
4
4
3
2
3
3
3
3
3
3
3
3
3
3
3
3
3
3
3
3
3
3
3
3
3
3
3
2
26 76
2 29
27 66
3 11
1 45
28 76
4 71
2 96
29 74
5 76
3 39
30 82
6 96
4 33
31 70
7 39
5 83
32 48
8 45
6 28
33 32
9 53
7 13
34 58
10 43
8 67
35 20
11 99
9 48
36 34
12 49
10 78
37 65
13 59
11 43
38 47
14 98
12 61
39 23
15 96
13 64
40 80
16 26
14 87
41 18
17 95
15 76
42 63
18 93
16 56
43 65
19 47
17 19
44 70
20 72
18 95
45 23
21 40
19 84
46 96
22 62
20 59
47 53
23 12
21 59
48 61
24 88
22 19
49 58
25 56
23 98
50 55
24 50
51 26
1 49
27 66
52 47
2 32
28 86
26 86
53 24
3 26
29 77
27 63
54 21
4 69
30 19
28 19
55 60
5 24
31 51
29 26
56 52
6 12
32 83
30 14
57 76
7 73
33 53
31 80
58 72
8 53
34 65
32 97
59 67
9 76
35 40
33 84
60 46
10 41
36 88
34 48
61 45
11 70
37 75
35 63
62 55
12 61
38 68
36 78
63 84
13 21
39 100
37 69
64 43
14 99
40 92
38 65
65 40
15 32
41 12
39 89
66 69
16 41
42 100
40 12
67 98
17 95
43 23
41 36
68 19
18 87
44 66
42 34
69 44
19 97
45 81
43 94
70 87
20 83
46 35
44 90
71 89
21 81
47 39
45 58
72 99
22 73
48 78
46 18
73 59
23 69
49 77
47 70
74 56
24 92
50 46
48 90
75 51
25 72
49 96
76 37
26 28
52 17
77 81
27 22
53 79
51 91
78 34
28 58
54 55
52 83
79 100
29 86
55 35
53 88
80 37
30 45
56 98
54 30
81 100
31 19
57 22
55 60
82 34
32 14
58 30
56 94
83 58
33 79
59 45
57 41
84 90
34 18
60 42
58 12
85 63
35 71
61 82
59 75
86 11
36 91
62 74
60 30
87 10
37 70
63 80
61 32
88 43
38 20
64 61
62 38
89 64
39 38
65 29
63 53
90 37
40 29
66 71
64 100
91 63
41 31
67 61
65 43
92 95
42 92
68 78
66 63
93 19
43 16
69 34
67 44
94 81
44 61
70 39
68 54
95 75
45 17
71 94
69 50
96 73
46 83
72 54
70 70
97 66
47 51
73 17
71 51
98 28
48 67
74 27
72 97
99 79
49 56
75 69
73 73
100 63
50 75
74 28
101 86
51 46
77 99
102 38
52 70
78 80
76 42
103 39
53 87
79 39
77 67
104 50
54 80
80 67
78 58
105 39
55 10
81 35
79 69
106 73
56 48
82 72
80 48
107 86
57 43
83 76
81 52
108 17
58 95
84 77
82 73
109 86
59 98
85 38
83 28
110 91
60 80
86 71
84 45
111 66
61 12
87 33
85 10
112 95
62 22
88 47
86 83
113 31
63 13
89 28
87 29
114 48
64 21
90 94
88 30
115 27
65 52
91 64
89 94
116 35
66 82
92 14
90 57
117 78
67 15
93 58
91 60
118 60
68 68
94 89
92 17
119 100
69 88
95 43
93 50
120 31
70 84
96 25
94 12
121 62
71 43
97 38
95 17
122 97
72 90
98 97
96 87
123 49
73 66
99 23
97 15
124 99
74 14
100 48
98 80
125 58
75 90
99 78
126 32
76 98
102 70
127 12
77 53
103 52
101 53
128 35
78 65
104 34
102 35
129 74
79 86
105 89
103 46
130 58
80 83
106 24
104 72
131 21
81 87
107 97
105 32
132 93
82 86
108 21
106 81
133 26
83 53
109 82
107 31
134 76
84 87
110 53
108 38
135 16
85 20
111 64
109 84
136 54
86 12
112 14
110 11
137 34
87 85
113 38
111 93
138 82
88 20
114 55
112 11
139 27
89 96
115 97
113 50
140 38
90 84
116 36
114 94
141 18
91 30
117 52
115 13
142 10
92 27
118 92
116 21
143 23
93 42
119 47
117 22
144 65
94 33
120 95
118 53
145 22
95 24
121 80
119 88
146 62
96 28
122 46
120 33
147 35
97 38
123 24
121 74
148 96
98 31
124 58
122 100
149 13
99 70
125 51
123 17
150 18
100 68
124 46
151 57
101 86
127 75
152 55
102 47
128 48
126 61
153 45
103 61
129 69
127 14
154 50
104 94
130 17
128 89
155 74
105 32
131 52
129 86
156 42
106 46
132 20
130 72
157 54
107 19
133 56
131 82
158 61
108 70
134 76
132 64
159 42
109 40
135 58
133 89
160 44
110 44
136 52
134 29
161 68
111 51
137 12
135 16
162 67
112 56
138 92
136 34
163 71
113 85
139 49
137 14
164 13
114 22
140 14
138 69
165 59
115 46
141 75
139 80
166 87
116 69
142 75
140 45
167 24
117 23
143 36
141 81
168 10
118 67
144 53
142 100
169 74
119 96
145 68
143 32
170 10
120 29
146 19
144 23
171 47
121 48
147 70
145 43
172 88
122 71
148 67
146 45
173 29
123 79
149 79
147 19
174 46
124 40
150 57
148 17
175 13
125 98
149 77
176 56
126 90
152 41
177 44
127 84
153 74
151 13
178 69
128 72
154 45
152 62
179 27
129 68
155 73
153 86
180 61
130 64
156 59
154 85
181 93
131 38
157 46
155 98
182 62
132 14
158 80
156 45
183 20
133 59
159 34
157 88
184 64
134 21
160 21
158 20
185 14
135 11
161 31
159 75
186 77
136 45
162 11
160 92
187 14
137 99
163 64
161 65
188 51
138 16
164 23
162 81
189 20
139 62
165 75
163 82
190 13
140 34
166 96
164 49
191 54
141 26
167 26
165 73
192 15
142 35
168 25
166 65
193 64
143 70
169 40
167 39
194 29
144 77
170 20
168 91
195 40
145 86
171 33
169 50
196 94
146 57
172 20
170 39
197 40
147 76
173 25
171 28
198 34
148 31
174 96
172 89
199 27
149 32
175 91
173 91
200 30
150 59
174 58
201 13
151 46
177 88
202 94
152 45
178 79
176 98
203 65
153 29
179 60
177 96
204 47
154 32
180 85
178 20
205 47
155 33
181 81
179 16
206 47
156 68
182 44
180 26
207 39
157 21
183 31
181 93
208 100
158 42
184 74
182 33
209 21
159 98
185 66
183 28
210 98
160 15
186 60
184 73
211 17
161 14
187 93
185 93
212 95
162 63
188 83
186 88
213 72
163 44
189 68
187 11
214 76
164 70
190 30
188 81
215 61
165 90
191 69
189 69
216 87
166 16
192 60
190 76
217 30
167 36
193 37
191 18
218 33
168 57
194 72
192 67
219 24
169 42
195 11
193 53
220 60
170 46
196 35
194 93
221 10
171 37
197 46
195 70
222 21
172 60
198 14
196 99
223 40
173 83
199 78
197 60
224 33
174 74
200 81
198 56
225 20
175 29
199 85
226 85
176 11
202 70
227 72
177 95
203 86
201 25
228 46
178 17
204 48
202 78
229 54
179 39
205 56
203 90
230 95
180 54
206 30
204 40
231 50
181 23
207 20
205 73
232 14
182 39
208 97
206 83
233 72
183 96
209 98
207 47
234 10
184 43
210 74
208 54
235 38
185 11
211 89
209 34
236 84
186 13
212 33
210 85
237 66
187 62
213 43
211 84
238 30
188 97
214 28
212 51
239 24
189 52
215 17
213 84
240 47
190 42
216 100
214 38
241 24
191 21
217 14
215 97
242 88
192 86
218 49
216 71
243 78
193 90
219 92
217 47
244 51
194 56
220 15
218 89
245 34
195 51
221 69
219 60
246 40
196 42
222 74
220 72
247 40
197 89
223 90
221 72
248 22
198 85
224 44
222 95
249 54
199 98
225 58
223 35
250 77
200 60
224 61
251 36
201 40
227 23
252 73
202 33
228 36
226 87
253 74
203 11
229 47
227 89
254 83
204 99
230 26
228 82
255 72
205 88
231 90
229 39
256 45
206 28
232 93
230 37
257 82
207 57
233 58
231 48
258 44
208 83
234 64
232 89
259 92
209 87
235 96
233 61
260 27
210 98
236 17
234 50
261 84
211 22
237 77
235 67
262 78
212 67
238 77
236 39
263 29
213 80
239 90
237 64
264 70
214 78
240 19
238 83
265 81
215 30
241 35
239 91
266 60
216 44
242 25
240 12
267 97
217 41
243 31
241 74
268 75
218 20
244 57
242 89
269 36
219 50
245 24
243 56
270 66
220 89
246 79
244 91
271 20
221 60
247 64
245 41
272 54
222 65
248 69
246 55
273 34
223 76
249 88
247 93
274 73
224 39
250 57
248 78
275 13
225 35
249 36
276 98
226 56
252 53
277 83
227 13
253 44
251 41
278 69
228 56
254 71
252 60
279 84
229 89
255 89
253 57
280 88
230 30
256 76
254 96
281 66
231 73
257 36
255 79
282 54
232 45
258 81
256 99
283 24
233 15
259 60
257 19
284 62
234 96
260 76
258 69
285 32
235 89
261 50
259 68
286 47
236 100
262 76
260 77
287 89
237 54
263 54
261 49
288 69
238 80
264 36
262 27
289 92
239 59
265 66
263 54
290 73
240 29
266 84
264 50
291 69
241 89
267 90
265 53
292 99
242 87
268 26
266 49
293 24
243 91
269 30
267 83
294 61
244 95
270 32
268 87
295 57
245 100
271 97
269 71
296 94
246 28
272 28
270 80
297 84
247 52
273 45
271 70
298 64
248 40
274 59
272 57
299 60
249 13
275 18
273 24
300 32
250 39
274 27
301 91
251 10
277 60
302 39
252 89
278 66
276 22
303 97
253 86
279 98
277 18
304 64
254 95
280 41
278 15
305 28
255 60
281 39
279 98
306 99
256 95
282 64
280 28
307 82
257 28
283 93
281 32
308 74
258 54
284 71
282 90
309 26
259 87
285 85
283 84
310 21
260 64
286 34
284 72
311 38
261 31
287 34
285 28
312 78
262 74
288 90
286 55
313 34
263 24
289 83
287 86
314 86
264 15
290 72
288 70
315 37
265 32
291 18
289 47
316 70
266 49
292 84
290 17
317 21
267 67
293 59
291 94
318 68
268 27
294 72
292 32
319 69
269 78
295 13
293 48
320 38
270 66
296 69
294 69
321 15
271 79
297 38
295 47
322 62
272 47
298 59
296 21
323 16
273 86
299 71
297 65
324 12
274 86
300 30
298 91
325 40
275 50
299 17
326 53
276 62
302 89
327 51
277 43
303 20
301 25
328 35
278 74
304 26
302 48
329 29
279 95
305 14
303 50
330 51
280 30
306 19
304 35
331 40
281 70
307 82
305 19
332 58
282 89
308 12
306 24
333 20
283 75
309 53
307 54
334 45
284 72
310 61
308 40
335 100
285 34
311 57
309 100
336 99
286 20
312 50
310 74
337 23
287 15
313 49
311 49
338 98
288 50
314 64
312 100
339 68
289 90
315 10
313 51
340 78
290 38
316 44
314 35
341 12
291 85
317 76
315 22
342 55
292 57
318 59
316 51
343 61
293 29
319 22
317 53
344 21
294 74
320 22
318 49
345 55
295 72
321 82
319 69
346 54
296 19
322 51
320 34
347 93
297 49
323 37
321 87
348 48
298 92
324 69
322 71
349 14
299 54
325 42
323 76
350 24
300 70
324 22
351 83
301 36
327 20
352 99
302 79
328 26
326 66
353 90
303 92
329 80
327 32
354 47
304 90
330 56
328 41
355 15
305 78
331 100
329 55
356 57
306 67
332 84
330 97
357 17
307 90
333 20
331 17
358 73
308 53
334 74
332 96
359 96
309 87
335 99
333 70
360 22
310 50
336 21
334 18
361 64
311 56
337 70
335 63
362 94
312 48
338 14
336 22
363 52
313 76
339 80
337 77
364 11
314 23
340 65
338 69
365 13
315 92
341 19
339 85
366 28
316 53
342 80
340 40
367 59
317 10
343 81
341 80
368 55
318 45
344 25
342 66
369 16
319 74
345 36
343 93
370 14
320 16
346 10
344 78
371 43
321 60
347 37
345 84
372 81
322 25
348 17
346 97
373 57
323 71
349 83
347 53
374 34
324 29
350 33
348 77
375 83
325 77
349 41
376 76
326 96
352 64
377 93
327 20
353 100
351 44
378 46
328 26
354 32
352 23
379 28
329 43
355 37
353 51
380 76
330 28
356 17
354 60
381 17
331 26
357 61
355 100
382 85
332 59
358 21
356 39
383 92
333 16
359 38
357 33
384 45
334 70
360 89
358 40
385 88
335 44
361 89
359 13
386 77
336 73
362 39
360 49
387 17
337 37
363 34
361 83
388 28
338 47
364 52
362 45
389 36
339 12
365 99
363 42
390 35
340 93
366 75
364 13
391 17
341 44
367 57
365 24
392 64
342 86
368 23
366 64
393 73
343 97
369 27
367 60
394 14
344 71
370 71
368 18
395 95
345 80
371 57
369 19
396 68
346 60
372 45
370 89
397 70
347 38
373 30
371 31
398 90
348 32
374 89
372 93
399 87
349 22
375 40
373 81
400 16
350 79
374 84
401 32
351 97
377 95
402 26
352 78
378 55
376 75
403 48
353 32
379 28
377 91
404 97
354 19
380 17
378 24
405 60
355 70
381 20
379 51
406 52
356 47
382 48
380 49
407 67
357 31
383 96
381 29
408 52
358 33
384 76
382 83
409 32
359 33
385 30
383 10
410 55
360 31
386 42
384 58
411 26
361 56
387 81
385 70
412 25
362 72
388 43
386 85
413 67
363 19
389 74
387 44
414 66
364 76
390 32
388 60
415 67
365 59
391 33
389 58
416 62
366 66
392 44
390 78
417 60
367 59
393 26
391 52
418 30
368 18
394 100
392 17
419 95
369 22
395 23
393 16
420 60
370 22
396 16
394 88
421 56
371 40
397 100
395 47
422 63
372 79
398 26
396 12
423 31
373 27
399 33
397 88
424 41
374 64
400 11
398 47
425 70
375 63
399 63
426 49
376 19
402 23
427 13
377 74
403 58
401 35
428 70
378 49
404 20
402 94
429 36
379 22
405 46
403 28
430 36
380 96
406 37
404 52
431 96
381 34
407 29
405 63
432 96
382 53
408 70
406 10
433 55
383 99
409 87
407 66
434 63
384 81
410 86
408 99
435 79
385 17
411 37
409 98
436 35
386 74
412 65
410 47
437 35
387 83
413 97
411 82
438 65
388 52
414 39
412 42
439 23
389 59
415 32
413 15
440 39
390 21
416 10
414 53
441 14
391 37
417 88
415 38
442 51
392 18
418 53
416 33
443 55
393 70
419 47
417 97
444 51
394 22
420 60
418 22
445 76
395 18
421 85
419 36
446 54
396 84
422 57
420 16
447 89
397 29
423 58
421 11
448 29
398 32
424 19
422 80
449 46
399 17
425 68
423 30
450 71
400 86
424 12
451 46
401 12
427 22
452 46
402 85
428 37
426 77
453 42
403 31
429 39
427 94
454 82
404 44
430 27
428 59
455 12
405 65
431 88
429 80
456 36
406 29
432 83
430 79
457 100
407 86
433 74
431 38
458 87
408 39
434 13
432 32
459 23
409 20
435 26
433 48
460 75
410 70
436 12
434 45
461 22
411 45
437 45
435 27
462 75
412 77
438 48
436 45
463 17
413 53
439 18
437 25
464 66
414 81
440 92
438 96
465 35
415 88
441 11
439 21
466 32
416 64
442 48
440 43
467 47
417 58
443 88
441 98
468 89
418 82
444 82
442 51
469 69
419 29
445 27
443 99
470 80
420 99
446 77
444 16
471 75
421 38
447 48
445 38
472 75
422 33
448 68
446 87
473 24
423 59
449 14
447 30
474 56
424 63
450 82
448 77
475 84
425 71
449 32
476 14
426 61
452 78
477 60
427 87
453 82
451 75
478 99
428 100
454 97
452 46
479 82
429 27
455 38
453 61
480 32
430 60
456 74
454 11
481 24
431 66
457 69
455 12
482 50
432 70
458 33
456 56
483 76
433 14
459 23
457 22
484 64
434 62
460 30
458 17
485 26
435 67
461 98
459 63
486 67
436 15
462 62
460 48
487 85
437 83
463 23
461 52
488 49
438 39
464 28
462 26
489 78
439 59
465 84
463 73
490 72
440 93
466 22
464 83
491 26
441 69
467 54
465 10
492 68
442 22
468 65
466 88
493 43
443 71
469 21
467 88
494 71
444 96
470 75
468 97
495 27
445 15
471 93
469 42
496 82
446 52
472 14
470 18
497 76
447 64
473 95
471 22
498 24
448 88
474 69
472 52
499 52
449 81
475 37
473 92
500 38
450 88
474 51
501 18
451 87
477 49
502 92
452 26
478 22
476 18
503 64
453 67
479 84
477 47
504 71
454 18
480 89
478 12
505 22
455 69
481 53
479 39
506 86
456 79
482 38
480 63
507 89
457 54
483 82
481 33
508 42
458 98
484 27
482 30
509 22
459 87
485 78
483 46
510 63
460 50
486 36
484 39
511 30
461 49
487 58
485 60
512 58
462 24
488 40
486 21
513 43
463 44
489 15
487 61
514 62
464 21
490 93
488 74
515 17
465 50
491 38
489 55
516 79
466 33
492 56
490 45
517 41
467 16
493 80
491 65
518 30
468 80
494 89
492 23
519 41
469 86
495 12
493 10
520 83
470 80
496 80
494 57
521 88
471 15
497 56
495 38
522 44
472 57
498 70
496 13
523 41
473 50
499 38
497 81
524 37
474 26
500 57
498 76
525 86
475 67
499 50
526 98
476 60
502 50
527 93
477 31
503 29
501 54
528 39
478 79
504 36
502 74
529 56
479 24
505 58
503 48
530 55
480 61
506 89
504 23
531 33
481 58
507 19
505 94
532 81
482 52
508 45
506 26
533 61
483 67
509 70
507 50
534 39
484 100
510 34
508 100
535 29
485 31
511 90
509 51
536 39
486 91
512 55
510 96
537 72
487 67
513 81
511 80
538 65
488 10
514 34
512 86
539 14
489 89
515 97
513 26
540 34
490 58
516 75
514 80
541 79
491 19
517 46
515 29
542 42
492 38
518 68
516 88
543 99
493 52
519 43
517 13
544 99
494 12
520 33
518 11
545 10
495 43
521 85
519 80
546 94
496 38
522 27
520 47
547 10
497 90
523 42
521 35
548 23
498 39
524 18
522 83
549 37
499 75
525 18
523 57
550 45
500 83
524 66
551 35
501 64
527 20
552 28
502 55
528 30
526 36
553 48
503 81
529 42
527 89
554 50
504 24
530 50
528 10
555 18
505 74
531 18
529 14
556 11
506 91
532 54
530 52
557 54
507 13
533 47
531 88
558 47
508 35
534 96
532 73
559 39
509 50
535 48
533 42
560 52
510 81
536 86
534 18
561 51
511 23
537 53
535 47
562 64
512 23
538 13
536 35
563 31
513 56
539 56
537 62
564 27
514 94
540 78
538 92
565 52
515 19
541 62
539 88
566 17
516 93
542 33
540 98
567 40
517 31
543 76
541 89
568 65
518 23
544 72
542 24
569 12
519 85
545 62
543 56
570 18
520 17
546 34
544 45
571 17
521 11
547 62
545 48
572 41
522 32
548 91
546 52
573 93
523 74
549 54
547 90
574 58
524 44
550 77
548 43
575 26
525 76
549 55
576 26
526 40
552 46
577 60
527 84
553 28
551 54
578 13
528 79
554 83
552 83
579 95
529 46
555 80
553 86
580 25
530 30
556 24
554 72
581 32
531 66
557 78
555 52
582 63
532 34
558 32
556 65
583 77
533 95
559 68
557 63
584 90
534 31
560 72
558 19
585 16
535 48
561 33
559 95
586 92
536 89
562 91
560 33
587 50
537 84
563 95
561 68
588 89
538 92
564 75
562 48
589 43
539 80
565 58
563 19
590 87
540 21
566 32
564 27
591 72
541 90
567 83
565 51
592 62
542 33
568 100
566 77
593 58
543 81
569 42
567 96
594 36
544 49
570 63
568 68
595 31
545 38
571 11
569 86
596 67
546 17
572 31
570 34
597 59
547 66
573 35
571 58
598 49
548 38
574 28
572 76
599 39
549 14
575 56
573 94
600 24
550 55
574 18
601 25
551 60
577 75
602 14
552 99
578 44
576 73
603 73
553 20
579 79
577 50
604 75
554 38
580 21
578 89
605 46
555 87
581 80
579 58
606 84
556 12
582 41
580 51
607 57
557 30
583 61
581 65
608 96
558 18
584 20
582 44
609 15
559 68
585 52
583 75
610 84
560 25
586 53
584 57
611 10
561 13
587 76
585 80
612 87
562 11
588 95
586 54
613 95
563 60
589 11
587 90
614 30
564 70
590 29
588 50
615 70
565 93
591 99
589 77
616 73
566 73
592 49
590 24
617 12
567 39
593 78
591 21
618 51
568 54
594 33
592 23
619 55
569 21
595 22
593 90
620 98
570 34
596 99
594 16
621 60
571 79
597 51
595 85
622 13
572 10
598 58
596 75
623 62
573 23
599 64
597 57
624 20
574 73
600 37
598 72
625 72
575 81
599 32
576 46
602 41
577 20
603 30
601 25
578 25
604 40
602 58
579 55
605 77
603 13
580 61
606 87
604 96
581 96
607 98
605 78
582 82
608 12
606 87
583 24
609 93
607 81
584 81
610 84
608 48
585 61
611 17
609 22
586 74
612 46
610 56
587 78
613 72
611 56
588 47
614 44
612 52
589 82
615 67
613 100
590 79
616 91
614 41
591 89
617 94
615 93
592 45
618 35
616 36
593 74
619 98
617 51
594 68
620 84
618 18
595 81
621 82
619 87
596 17
622 93
620 86
597 77
623 67
621 51
598 80
624 12
622 81
599 42
625 52
623 11
600 42
624 64
379
458
4 66 216 65 379 
1 248 
1 423 
4 134 296 618 407 
1 25 
3 352 15 72 
2 19 389 
2 346 606 
2 318 317 
1 107 
1 179 
1 116 
1 44 
2 360 92 
3 56 219 207 
2 34 71 
1 64 
2 510 48 
3 465 266 460 
2 603 500 
2 271 561 
2 311 332 
1 584 
2 516 236 
6 172 411 602 208 28 400 
2 536 449 
2 24 600 
1 342 
4 214 402 328 572 
3 51 448 254 
2 348 565 
4 625 556 194 84 
1 177 
1 137 
2 358 73 
2 185 555 
3 522 355 478 
1 301 
1 436 
2 233 359 
2 166 391 
2 131 356 
3 263 574 113 
1 550 
2 35 580 
3 564 16 110 
1 344 
2 416 98 
2 408 228 
1 276 
1 380 
1 274 
2 343 290 
1 568 
3 567 420 313 
1 440 
1 26 
3 247 405 294 
1 232 
1 607 
1 159 
2 331 119 
1 571 
1 338 
2 42 439 
1 474 
3 455 167 237 
1 488 
1 546 
1 508 
3 334 169 251 
1 93 
1 463 
3 256 582 383 
2 531 86 
2 302 17 
1 222 
1 591 
2 424 475 
1 39 
1 426 
1 120 
1 5 
2 117 552 
1 486 
3 540 127 9 
2 447 509 
2 350 307 
1 445 
1 315 
1 325 
2 513 70 
1 326 
1 201 
3 589 299 220 
2 189 55 
2 597 241 
4 523 147 403 50 
2 1 337 
2 551 365 
1 230 
3 535 293 59 
1 327 
1 287 
4 601 479 553 525 
1 136 
1 498 
2 257 450 
1 23 
1 345 
2 319 598 
2 521 480 
3 453 452 87 
2 43 124 
2 578 566 
4 415 111 351 434 
2 583 483 
2 305 458 
