144 528 10 100 27
2
3
3
3
3
3
3
3
3
3
3
2
3
4
4
4
4
4
4
4
4
4
4
3
3
4
4
4
4
4
4
4
4
4
4
3
3
4
4
4
4
4
4
4
4
4
4
3
3
4
4
4
4
4
4
4
4
4
4
3
3
4
4
4
4
4
4
4
4
4
4
3
3
4
4
4
4
4
4
4
4
4
4
3
3
4
4
4
4
4
4
4
4
4
4
3
3
4
4
4
4
4
4
4
4
4
4
3
3
4
4
4
4
4
4
4
4
4
4
3
3
4
4
4
4
4
4
4
4
4
4
3
2
3
3
3
3
3
3
3
3
3
3
2
13 28
2 29
14 66
3 94
1 35
15 48
4 23
2 65
16 54
5 99
3 84
17 14
6 17
4 46
18 46
7 26
5 87
19 29
8 18
6 90
20 40
9 66
7 54
21 61
10 67
8 24
22 61
11 86
9 37
23 88
12 78
10 72
24 40
11 44
25 76
1 63
14 20
26 50
2 43
15 49
13 71
27 63
3 25
16 53
14 25
28 97
4 66
17 57
15 45
29 12
5 72
18 43
16 56
30 33
6 74
19 75
17 38
31 67
7 65
20 68
18 41
32 60
8 87
21 61
19 72
33 30
9 28
22 53
20 74
34 64
10 44
23 66
21 73
35 84
11 98
24 52
22 85
36 46
12 43
23 15
37 36
13 28
26 50
38 50
14 14
27 46
25 83
39 70
15 76
28 33
26 36
40 47
16 28
29 62
27 87
41 24
17 84
30 95
28 95
42 56
18 71
31 41
29 74
43 96
19 84
32 71
30 57
44 35
20 99
33 33
31 72
45 84
21 23
34 10
32 83
46 12
22 83
35 41
33 90
47 70
23 76
36 59
34 74
48 35
24 43
35 56
49 45
25 45
38 64
50 87
26 27
39 60
37 22
51 83
27 19
40 67
38 62
52 64
28 87
41 60
39 55
53 33
29 48
42 49
40 99
54 10
30 86
43 98
41 50
55 18
31 99
44 84
42 30
56 49
32 93
45 92
43 97
57 27
33 38
46 43
44 33
58 80
34 96
47 91
45 92
59 27
35 77
48 55
46 84
60 22
36 39
47 94
61 43
37 75
50 40
62 86
38 90
51 11
49 89
63 92
39 36
52 21
50 79
64 36
40 47
53 95
51 71
65 42
41 16
54 54
52 47
66 63
42 89
55 51
53 49
67 95
43 90
56 92
54 24
68 74
44 66
57 71
55 44
69 16
45 10
58 56
56 43
70 76
46 56
59 36
57 47
71 91
47 42
60 71
58 46
72 38
48 69
59 43
73 94
49 59
62 19
74 92
50 43
63 54
61 14
75 83
51 13
64 82
62 52
76 99
52 62
65 23
63 78
77 32
53 21
66 40
64 86
78 78
54 26
67 19
65 31
79 90
55 61
68 25
66 17
80 77
56 42
69 32
67 42
81 58
57 100
70 61
68 10
82 39
58 57
71 88
69 77
83 67
59 44
72 17
70 37
84 38
60 80
71 15
85 30
61 19
74 93
86 95
62 52
75 79
73 59
87 69
63 48
76 54
74 51
88 57
64 45
77 72
75 18
89 38
65 64
78 78
76 49
90 39
66 56
79 79
77 47
91 33
67 74
80 32
78 85
92 41
68 12
81 55
79 84
93 61
69 32
82 36
80 63
94 38
70 54
83 28
81 75
95 32
71 40
84 34
82 34
96 67
72 55
83 30
97 30
73 88
86 62
98 66
74 69
87 74
85 45
99 75
75 59
88 82
86 35
100 22
76 81
89 41
87 42
101 70
77 87
90 51
88 79
102 14
78 21
91 83
89 78
103 98
79 92
92 64
90 44
104 12
80 43
93 14
91 96
105 40
81 35
94 85
92 70
106 42
82 65
95 21
93 79
107 91
83 13
96 92
94 94
108 13
84 33
95 74
109 36
85 16
98 53
110 17
86 87
99 41
97 94
111 34
87 40
100 80
98 24
112 33
88 54
101 31
99 81
113 20
89 54
102 91
100 26
114 37
90 86
103 18
101 46
115 36
91 93
104 23
102 57
116 96
92 60
105 90
103 10
117 55
93 66
106 14
104 70
118 15
94 66
107 43
105 46
119 59
95 15
108 14
106 90
120 56
96 27
107 35
121 55
97 70
110 86
122 92
98 19
111 22
109 54
123 79
99 70
112 25
110 10
124 94
100 59
113 56
111 56
125 99
101 68
114 28
112 65
126 36
102 88
115 84
113 17
127 13
103 59
116 44
114 27
128 50
104 63
117 10
115 100
129 14
105 72
118 47
116 32
130 50
106 10
119 72
117 61
131 88
107 78
120 18
118 23
132 91
108 93
119 66
133 86
109 80
122 20
134 75
110 34
123 14
121 67
135 14
111 28
124 55
122 17
136 90
112 96
125 76
123 38
137 49
113 51
126 78
124 61
138 64
114 100
127 93
125 27
139 78
115 27
128 73
126 11
140 11
116 16
129 96
127 53
141 22
117 18
130 17
128 24
142 13
118 36
131 46
129 96
143 52
119 54
132 66
130 25
144 65
120 51
131 58
121 85
134 95
122 90
135 83
133 22
123 90
136 18
134 54
124 32
137 44
135 44
125 89
138 19
136 85
126 61
139 22
137 81
127 21
140 66
138 97
128 93
141 65
139 26
129 42
142 26
140 39
130 53
143 72
141 72
131 57
144 46
142 10
132 94
143 77
36
48
2 137 36 
1 94 
2 89 143 
1 139 
2 28 13 
2 92 16 
2 51 115 
2 108 111 
2 58 119 
3 99 107 45 
1 53 
1 116 
2 125 112 
2 114 11 
1 136 
1 78 
1 22 
1 3 
1 97 
2 10 88 
3 75 79 71 
5 20 101 127 80 52 
3 18 14 61 
2 60 42 
1 1 
1 57 
3 44 26 48 
