144 528 10 100 27
2
3
3
3
3
3
3
3
3
3
3
2
3
4
4
4
4
4
4
4
4
4
4
3
3
4
4
4
4
4
4
4
4
4
4
3
3
4
4
4
4
4
4
4
4
4
4
3
3
4
4
4
4
4
4
4
4
4
4
3
3
4
4
4
4
4
4
4
4
4
4
3
3
4
4
4
4
4
4
4
4
4
4
3
3
4
4
4
4
4
4
4
4
4
4
3
3
4
4
4
4
4
4
4
4
4
4
3
3
4
4
4
4
4
4
4
4
4
4
3
3
4
4
4
4
4
4
4
4
4
4
3
2
3
3
3
3
3
3
3
3
3
3
2
13 45
2 29
14 60
3 23
1 66
15 11
4 54
2 39
16 76
5 77
3 75
17 19
6 72
4 10
18 95
7 34
5 26
19 39
8 95
6 36
20 30
9 41
7 38
21 64
10 35
8 56
22 64
11 94
9 34
23 68
12 70
10 41
24 69
11 96
25 76
1 49
14 25
26 38
2 36
15 28
13 12
27 68
3 30
16 11
14 58
28 82
4 90
17 50
15 21
29 95
5 40
18 84
16 10
30 81
6 35
19 46
17 56
31 23
7 72
20 97
18 19
32 29
8 50
21 46
19 14
33 96
9 23
22 57
20 94
34 52
10 51
23 45
21 89
35 39
11 89
24 87
22 93
36 63
12 44
23 36
37 57
13 39
26 26
38 82
14 33
27 32
25 50
39 96
15 50
28 91
26 88
40 99
16 73
29 78
27 71
41 18
17 68
30 78
28 60
42 84
18 73
31 60
29 39
43 35
19 14
32 31
30 72
44 76
20 83
33 75
31 27
45 31
21 23
34 54
32 56
46 76
22 29
35 79
33 42
47 73
23 22
36 66
34 20
48 91
24 77
35 14
49 100
25 51
38 34
50 10
26 71
39 84
37 72
51 50
27 37
40 21
38 28
52 13
28 59
41 25
39 62
53 69
29 67
42 81
40 47
54 74
30 33
43 34
41 20
55 54
31 41
44 10
42 98
56 87
32 98
45 80
43 20
57 27
33 24
46 35
44 67
58 86
34 19
47 60
45 52
59 86
35 56
48 84
46 70
60 48
36 45
47 36
61 30
37 40
50 40
62 52
38 65
51 87
49 49
63 26
39 93
52 43
50 31
64 97
40 80
53 99
51 19
65 20
41 41
54 49
52 26
66 20
42 25
55 19
53 30
67 88
43 63
56 30
54 17
68 91
44 38
57 32
55 13
69 58
45 98
58 77
56 53
70 84
46 78
59 35
57 59
71 95
47 68
60 10
58 31
72 92
48 13
59 90
73 16
49 53
62 40
74 48
50 23
63 74
61 38
75 100
51 51
64 71
62 11
76 15
52 75
65 41
63 59
77 15
53 92
66 79
64 80
78 85
54 92
67 69
65 62
79 60
55 51
68 23
66 74
80 82
56 84
69 20
67 36
81 65
57 84
70 89
68 51
82 12
58 79
71 97
69 59
83 95
59 92
72 68
70 75
84 30
60 10
71 82
85 82
61 17
74 24
86 90
62 16
75 85
73 22
87 14
63 92
76 100
74 57
88 47
64 69
77 77
75 42
89 96
65 61
78 82
76 28
90 74
66 93
79 98
77 67
91 10
67 100
80 40
78 18
92 15
68 96
81 82
79 80
93 39
69 19
82 12
80 79
94 90
70 95
83 90
81 34
95 80
71 95
84 68
82 52
96 30
72 68
83 31
97 95
73 38
86 99
98 92
74 21
87 16
85 32
99 49
75 70
88 72
86 11
100 32
76 56
89 20
87 40
101 81
77 14
90 56
88 45
102 69
78 67
91 70
89 76
103 81
79 57
92 51
90 89
104 24
80 79
93 37
91 31
105 62
81 58
94 25
92 65
106 39
82 49
95 70
93 40
107 22
83 23
96 60
94 20
108 32
84 65
95 90
109 48
85 22
98 29
110 85
86 86
99 48
97 32
111 28
87 26
100 12
98 90
112 13
88 13
101 27
99 58
113 68
89 81
102 67
100 57
114 99
90 24
103 72
101 40
115 74
91 37
104 91
102 98
116 44
92 65
105 58
103 73
117 52
93 60
106 14
104 21
118 16
94 99
107 63
105 38
119 22
95 36
108 36
106 62
120 68
96 10
107 20
121 90
97 43
110 68
122 78
98 99
111 72
109 43
123 36
99 25
112 31
110 55
124 33
100 77
113 32
111 77
125 26
101 44
114 56
112 24
126 82
102 58
115 37
113 56
127 71
103 55
116 54
114 21
128 70
104 88
117 83
115 65
129 91
105 83
118 15
116 64
130 67
106 87
119 72
117 99
131 80
107 38
120 44
118 65
132 80
108 76
119 57
133 62
109 92
122 72
134 100
110 89
123 76
121 10
135 84
111 42
124 94
122 78
136 33
112 73
125 45
123 89
137 11
113 65
126 78
124 24
138 12
114 33
127 63
125 65
139 81
115 81
128 98
126 61
140 58
116 90
129 73
127 81
141 94
117 99
130 10
128 29
142 26
118 13
131 85
129 75
143 32
119 67
132 29
130 64
144 35
120 36
131 40
121 10
134 65
122 17
135 99
133 19
123 62
136 19
134 49
124 55
137 30
135 66
125 79
138 18
136 77
126 52
139 34
137 81
127 56
140 12
138 39
128 68
141 28
139 18
129 78
142 24
140 94
130 23
143 22
141 55
131 67
144 94
142 88
132 35
143 39
77
44
1 77 
2 120 73 
2 25 123 
1 97 
1 133 
2 116 54 
1 21 
4 84 134 20 57 
1 66 
5 127 34 29 36 15 
2 31 138 
2 72 47 
2 3 1 
3 114 65 132 
2 37 10 
2 52 28 
1 104 
2 86 130 
1 7 
2 61 62 
2 85 99 
1 121 
1 53 
3 125 90 141 
1 5 
1 30 
2 108 44 
