600 2276 10 100 114
2
3
3
3
3
3
3
3
3
3
3
3
3
3
3
3
3
3
3
3
3
3
3
3
3
3
3
3
3
3
3
3
3
3
3
3
3
3
3
3
3
3
3
3
3
3
3
3
3
2
3
4
4
4
4
4
4
4
4
4
4
4
4
4
4
4
4
4
4
4
4
4
4
4
4
4
4
4
4
4
4
4
4
4
4
4
4
4
4
4
4
4
4
4
4
4
4
4
4
3
3
4
4
4
4
4
4
4
4
4
4
4
4
4
4
4
4
4
4
4
4
4
4
4
4
4
4
4
4
4
4
4
4
4
4
4
4
4
4
4
4
4
4
4
4
4
4
4
4
3
3
4
4
4
4
4
4
4
4
4
4
4
4
4
4
4
4
4
4
4
4
4
4
4
4
4
4
4
4
4
4
4
4
4
4
4
4
4
4
4
4
4
4
4
4
4
4
4
4
3
3
4
4
4
4
4
4
4
4
4
4
4
4
4
4
4
4
4
4
4
4
4
4
4
4
4
4
4
4
4
4
4
4
4
4
4
4
4
4
4
4
4
4
4
4
4
4
4
4
3
3
4
4
4
4
4
4
4
4
4
4
4
4
4
4
4
4
4
4
4
4
4
4
4
4
4
4
4
4
4
4
4
4
4
4
4
4
4
4
4
4
4
4
4
4
4
4
4
4
3
3
4
4
4
4
4
4
4
4
4
4
4
4
4
4
4
4
4
4
4
4
4
4
4
4
4
4
4
4
4
4
4
4
4
4
4
4
4
4
4
4
4
4
4
4
4
4
4
4
3
3
4
4
4
4
4
4
4
4
4
4
4
4
4
4
4
4
4
4
4
4
4
4
4
4
4
4
4
4
4
4
4
4
4
4
4
4
4
4
4
4
4
4
4
4
4
4
4
4
3
3
4
4
4
4
4
4
4
4
4
4
4
4
4
4
4
4
4
4
4
4
4
4
4
4
4
4
4
4
4
4
4
4
4
4
4
4
4
4
4
4
4
4
4
4
4
4
4
4
3
3
4
4
4
4
4
4
4
4
4
4
4
4
4
4
4
4
4
4
4
4
4
4
4
4
4
4
4
4
4
4
4
4
4
4
4
4
4
4
4
4
4
4
4
4
4
4
4
4
3
3
4
4
4
4
4
4
4
4
4
4
4
4
4
4
4
4
4
4
4
4
4
4
4
4
4
4
4
4
4
4
4
4
4
4
4
4
4
4
4
4
4
4
4
4
4
4
4
4
3
2
3
3
3
3
3
3
3
3
3
3
3
3
3
3
3
3
3
3
3
3
3
3
3
3
3
3
3
3
3
3
3
3
3
3
3
3
3
3
3
3
3
3
3
3
3
3
3
3
2
51 37
2 29
52 28
3 65
1 85
53 83
4 36
2 61
54 88
5 52
3 47
55 83
6 65
4 94
56 15
7 97
5 62
57 83
8 96
6 25
58 52
9 12
7 19
59 75
10 32
8 40
60 56
11 67
9 30
61 26
12 24
10 96
62 31
13 68
11 85
63 39
14 21
12 50
64 99
15 52
13 43
65 96
16 96
14 28
66 12
17 42
15 83
67 24
18 85
16 94
68 55
19 59
17 84
69 55
20 65
18 17
70 86
21 62
19 45
71 10
22 92
20 71
72 79
23 57
21 11
73 33
24 34
22 79
74 61
25 51
23 10
75 41
26 33
24 60
76 59
27 23
25 15
77 65
28 39
26 72
78 69
29 46
27 71
79 66
30 39
28 72
80 97
31 33
29 83
81 71
32 15
30 23
82 55
33 70
31 40
83 65
34 73
32 28
84 36
35 71
33 17
85 50
36 21
34 23
86 75
37 21
35 79
87 50
38 56
36 35
88 98
39 65
37 95
89 72
40 66
38 40
90 49
41 49
39 71
91 80
42 83
40 54
92 64
43 27
41 90
93 82
44 41
42 40
94 45
45 46
43 91
95 70
46 40
44 95
96 46
47 51
45 19
97 34
48 33
46 45
98 25
49 50
47 12
99 41
50 97
48 19
100 28
49 26
101 100
1 55
52 54
102 83
2 95
53 100
51 64
103 71
3 39
54 57
52 30
104 79
4 90
55 84
53 47
105 23
5 27
56 52
54 20
106 100
6 73
57 82
55 13
107 69
7 56
58 64
56 91
108 36
8 43
59 44
57 84
109 48
9 45
60 94
58 70
110 63
10 58
61 45
59 54
111 80
11 57
62 53
60 55
112 24
12 98
63 19
61 82
113 23
13 66
64 22
62 15
114 10
14 19
65 96
63 83
115 47
15 10
66 32
64 28
116 70
16 28
67 89
65 19
117 46
17 31
68 39
66 83
118 100
18 25
69 33
67 90
119 32
19 44
70 56
68 14
120 12
20 42
71 100
69 27
121 70
21 37
72 30
70 53
122 81
22 48
73 33
71 21
123 53
23 56
74 68
72 91
124 83
24 53
75 49
73 28
125 69
25 94
76 95
74 39
126 66
26 20
77 56
75 44
127 47
27 13
78 18
76 41
128 95
28 91
79 90
77 73
129 93
29 18
80 15
78 12
130 30
30 51
81 38
79 52
131 21
31 33
82 97
80 20
132 81
32 28
83 66
81 57
133 85
33 70
84 25
82 57
134 84
34 50
85 54
83 56
135 88
35 94
86 92
84 52
136 82
36 33
87 66
85 45
137 70
37 78
88 45
86 23
138 17
38 47
89 20
87 11
139 70
39 15
90 21
88 23
140 86
40 90
91 73
89 72
141 19
41 68
92 76
90 49
142 30
42 87
93 94
91 23
143 59
43 99
94 40
92 84
144 19
44 38
95 75
93 94
145 18
45 21
96 65
94 13
146 40
46 33
97 46
95 57
147 42
47 15
98 74
96 58
148 37
48 94
99 50
97 18
149 20
49 44
100 15
98 46
150 51
50 47
99 83
151 61
51 73
102 63
152 43
52 24
103 10
101 38
153 33
53 45
104 60
102 47
154 90
54 74
105 38
103 35
155 67
55 68
106 22
104 11
156 68
56 58
107 36
105 48
157 18
57 62
108 71
106 49
158 88
58 75
109 12
107 68
159 65
59 50
110 25
108 41
160 71
60 35
111 86
109 29
161 75
61 30
112 90
110 73
162 57
62 21
113 94
111 43
163 33
63 71
114 43
112 47
164 48
64 30
115 96
113 88
165 87
65 40
116 68
114 43
166 39
66 19
117 44
115 95
167 23
67 12
118 60
116 15
168 23
68 50
119 45
117 20
169 49
69 93
120 74
118 30
170 73
70 61
121 100
119 96
171 24
71 38
122 74
120 35
172 64
72 40
123 94
121 13
173 76
73 23
124 94
122 56
174 94
74 75
125 82
123 73
175 62
75 54
126 82
124 34
176 51
76 25
127 19
125 24
177 69
77 39
128 50
126 73
178 64
78 43
129 18
127 14
179 11
79 76
130 66
128 80
180 75
80 86
131 20
129 97
181 79
81 92
132 19
130 63
182 58
82 76
133 94
131 86
183 20
83 54
134 90
132 54
184 58
84 90
135 42
133 91
185 93
85 13
136 83
134 86
186 45
86 53
137 34
135 69
187 25
87 83
138 58
136 11
188 89
88 73
139 11
137 91
189 86
89 87
140 79
138 28
190 46
90 25
141 81
139 75
191 73
91 20
142 70
140 62
192 98
92 95
143 73
141 99
193 44
93 56
144 49
142 78
194 68
94 59
145 51
143 17
195 28
95 73
146 26
144 61
196 31
96 67
147 85
145 96
197 19
97 78
148 21
146 100
198 88
98 46
149 40
147 33
199 84
99 87
150 75
148 38
200 33
100 35
149 91
201 17
101 56
152 45
202 42
102 29
153 66
151 17
203 96
103 50
154 65
152 86
204 11
104 10
155 98
153 94
205 11
105 58
156 27
154 58
206 96
106 47
157 65
155 11
207 25
107 29
158 19
156 61
208 49
108 94
159 21
157 37
209 52
109 10
160 11
158 49
210 29
110 63
161 27
159 62
211 60
111 57
162 84
160 94
212 80
112 95
163 18
161 51
213 76
113 29
164 16
162 39
214 13
114 81
165 29
163 44
215 33
115 95
166 44
164 36
216 95
116 61
167 52
165 43
217 37
117 77
168 88
166 25
218 89
118 31
169 21
167 50
219 90
119 69
170 26
168 61
220 41
120 20
171 40
169 90
221 77
121 52
172 13
170 85
222 33
122 35
173 38
171 15
223 53
123 69
174 81
172 88
224 50
124 52
175 48
173 18
225 12
125 88
176 96
174 87
226 56
126 58
177 39
175 46
227 92
127 89
178 95
176 71
228 35
128 67
179 60
177 58
229 38
129 59
180 77
178 84
230 81
130 83
181 80
179 41
231 63
131 50
182 94
180 41
232 56
132 81
183 84
181 87
233 84
133 53
184 26
182 62
234 89
134 58
185 32
183 92
235 30
135 21
186 85
184 44
236 90
136 58
187 92
185 36
237 25
137 13
188 42
186 96
238 96
138 19
189 68
187 92
239 23
139 71
190 96
188 86
240 12
140 45
191 97
189 25
241 90
141 84
192 95
190 39
242 55
142 33
193 36
191 62
243 84
143 70
194 39
192 27
244 17
144 80
195 99
193 33
245 10
145 49
196 31
194 76
246 49
146 99
197 14
195 53
247 55
147 98
198 51
196 15
248 78
148 67
199 11
197 63
249 50
149 39
200 43
198 54
250 72
150 95
199 26
251 60
151 43
202 50
252 45
152 82
203 39
201 58
253 69
153 15
204 23
202 83
254 95
154 98
205 51
203 76
255 50
155 31
206 36
204 69
256 78
156 38
207 16
205 41
257 66
157 71
208 74
206 72
258 75
158 30
209 40
207 33
259 61
159 41
210 71
208 47
260 85
160 27
211 85
209 50
261 68
161 76
212 94
210 56
262 18
162 95
213 18
211 11
263 84
163 46
214 58
212 26
264 73
164 84
215 42
213 18
265 87
165 57
216 73
214 87
266 84
166 94
217 38
215 69
267 89
167 32
218 69
216 69
268 70
168 58
219 25
217 66
269 33
169 89
220 64
218 49
270 64
170 58
221 22
219 72
271 66
171 27
222 63
220 66
272 75
172 11
223 69
221 29
273 67
173 39
224 37
222 85
274 50
174 81
225 99
223 10
275 82
175 93
226 39
224 19
276 93
176 57
227 62
225 42
277 84
177 95
228 62
226 95
278 45
178 20
229 39
227 61
279 88
179 47
230 52
228 54
280 54
180 97
231 71
229 88
281 88
181 58
232 84
230 31
282 33
182 47
233 19
231 61
283 78
183 32
234 62
232 98
284 90
184 28
235 38
233 84
285 75
185 36
236 39
234 49
286 26
186 78
237 61
235 81
287 88
187 17
238 53
236 26
288 62
188 90
239 46
237 71
289 71
189 32
240 11
238 58
290 74
190 78
241 73
239 31
291 80
191 60
242 49
240 62
292 35
192 26
243 52
241 78
293 53
193 11
244 67
242 33
294 24
194 51
245 45
243 27
295 32
195 65
246 23
244 75
296 96
196 95
247 62
245 16
297 12
197 91
248 39
246 45
298 32
198 44
249 69
247 77
299 62
199 73
250 12
248 28
300 12
200 84
249 100
301 43
201 32
252 82
302 18
202 31
253 68
251 78
303 90
203 36
254 20
252 73
304 43
204 88
255 56
253 71
305 90
205 79
256 33
254 69
306 51
206 69
257 17
255 20
307 25
207 64
258 48
256 46
308 52
208 88
259 69
257 90
309 42
209 70
260 58
258 10
310 43
210 28
261 58
259 21
311 12
211 42
262 56
260 64
312 40
212 93
263 20
261 83
313 20
213 77
264 59
262 13
314 46
214 53
265 30
263 43
315 56
215 68
266 60
264 26
316 73
216 26
267 35
265 39
317 77
217 78
268 59
266 68
318 63
218 85
269 63
267 78
319 84
219 51
270 52
268 80
320 78
220 63
271 56
269 38
321 50
221 86
272 16
270 16
322 16
222 87
273 93
271 52
323 88
223 55
274 36
272 73
324 97
224 54
275 48
273 18
325 74
225 36
276 45
274 88
326 13
226 79
277 95
275 94
327 71
227 33
278 96
276 13
328 94
228 57
279 45
277 89
329 52
229 90
280 10
278 87
330 79
230 98
281 75
279 67
331 41
231 71
282 37
280 12
332 65
232 56
283 37
281 96
333 57
233 32
284 40
282 47
334 15
234 59
285 57
283 68
335 56
235 31
286 98
284 82
336 77
236 16
287 37
285 49
337 26
237 38
288 94
286 88
338 54
238 59
289 28
287 64
339 77
239 72
290 10
288 83
340 59
240 96
291 33
289 25
341 36
241 80
292 97
290 83
342 90
242 41
293 60
291 45
343 48
243 46
294 13
292 60
344 30
244 95
295 63
293 70
345 75
245 81
296 87
294 73
346 20
246 73
297 100
295 40
347 42
247 56
298 61
296 55
348 40
248 25
299 17
297 31
349 12
249 38
300 37
298 54
350 57
250 35
299 65
351 13
251 62
302 47
352 69
252 99
303 79
301 21
353 11
253 60
304 71
302 96
354 33
254 10
305 30
303 31
355 82
255 42
306 85
304 26
356 45
256 87
307 80
305 59
357 37
257 22
308 44
306 94
358 15
258 72
309 88
307 40
359 19
259 91
310 74
308 62
360 77
260 52
311 68
309 20
361 92
261 59
312 11
310 55
362 84
262 18
313 32
311 16
363 41
263 40
314 80
312 43
364 19
264 79
315 62
313 63
365 33
265 45
316 13
314 14
366 21
266 38
317 58
315 61
367 75
267 27
318 46
316 100
368 41
268 25
319 42
317 41
369 97
269 42
320 99
318 28
370 13
270 62
321 86
319 79
371 16
271 41
322 60
320 35
372 42
272 52
323 32
321 50
373 41
273 56
324 43
322 11
374 92
274 42
325 24
323 15
375 17
275 41
326 23
324 98
376 87
276 36
327 37
325 57
377 69
277 17
328 14
326 70
378 27
278 93
329 54
327 85
379 60
279 52
330 11
328 49
380 34
280 63
331 49
329 21
381 69
281 39
332 53
330 34
382 19
282 42
333 49
331 21
383 48
283 25
334 100
332 67
384 71
284 48
335 83
333 14
385 68
285 65
336 80
334 25
386 62
286 49
337 11
335 11
387 14
287 94
338 40
336 81
388 27
288 24
339 19
337 59
389 47
289 12
340 72
338 96
390 30
290 25
341 97
339 80
391 36
291 54
342 11
340 22
392 57
292 60
343 45
341 95
393 41
293 74
344 40
342 43
394 85
294 49
345 53
343 60
395 89
295 65
346 63
344 49
396 10
296 14
347 12
345 89
397 48
297 15
348 24
346 52
398 69
298 62
349 52
347 10
399 38
299 19
350 52
348 74
400 11
300 76
349 83
401 77
301 59
352 55
402 99
302 48
353 39
351 18
403 22
303 88
354 66
352 11
404 24
304 61
355 98
353 16
405 55
305 47
356 91
354 37
406 14
306 21
357 64
355 14
407 18
307 24
358 42
356 41
408 53
308 40
359 31
357 29
409 63
309 33
360 23
358 21
410 70
310 89
361 32
359 25
411 17
311 89
362 20
360 68
412 84
312 19
363 94
361 57
413 75
313 23
364 21
362 32
414 33
314 25
365 76
363 80
415 69
315 19
366 65
364 36
416 42
316 12
367 58
365 11
417 57
317 84
368 29
366 90
418 79
318 87
369 72
367 38
419 60
319 97
370 68
368 89
420 41
320 74
371 69
369 78
421 87
321 45
372 17
370 41
422 57
322 68
373 25
371 37
423 52
323 86
374 10
372 33
424 74
324 89
375 64
373 77
425 18
325 51
376 77
374 32
426 40
326 22
377 91
375 72
427 83
327 28
378 27
376 25
428 59
328 71
379 68
377 58
429 37
329 76
380 98
378 99
430 96
330 29
381 52
379 28
431 22
331 71
382 43
380 40
432 82
332 75
383 52
381 32
433 90
333 71
384 32
382 25
434 16
334 91
385 78
383 27
435 91
335 64
386 51
384 91
436 29
336 55
387 52
385 42
437 21
337 31
388 85
386 59
438 10
338 46
389 29
387 50
439 24
339 95
390 55
388 20
440 26
340 83
391 41
389 25
441 84
341 27
392 100
390 19
442 63
342 95
393 10
391 22
443 100
343 47
394 13
392 42
444 44
344 17
395 11
393 51
445 70
345 84
396 38
394 76
446 64
346 46
397 97
395 24
447 70
347 53
398 36
396 38
448 93
348 94
399 36
397 34
449 81
349 82
400 36
398 38
450 29
350 26
399 96
451 92
351 96
402 28
452 92
352 70
403 50
401 73
453 36
353 83
404 53
402 97
454 81
354 67
405 68
403 29
455 66
355 71
406 40
404 76
456 50
356 11
407 48
405 84
457 29
357 70
408 29
406 23
458 73
358 14
409 47
407 73
459 33
359 10
410 81
408 47
460 46
360 88
411 23
409 88
461 86
361 78
412 16
410 69
462 100
362 84
413 39
411 50
463 100
363 82
414 39
412 23
464 65
364 79
415 27
413 68
465 60
365 80
416 89
414 21
466 75
366 39
417 56
415 50
467 54
367 82
418 16
416 92
468 63
368 48
419 61
417 40
469 11
369 47
420 23
418 97
470 73
370 64
421 54
419 83
471 80
371 42
422 56
420 41
472 90
372 94
423 28
421 56
473 48
373 95
424 57
422 18
474 44
374 89
425 40
423 36
475 47
375 78
426 13
424 69
476 86
376 23
427 38
425 26
477 69
377 45
428 40
426 15
478 14
378 88
429 18
427 28
479 51
379 80
430 83
428 65
480 81
380 59
431 13
429 89
481 50
381 16
432 90
430 30
482 59
382 49
433 88
431 96
483 66
383 28
434 90
432 66
484 40
384 52
435 33
433 15
485 55
385 54
436 100
434 28
486 91
386 51
437 25
435 67
487 97
387 58
438 97
436 39
488 73
388 63
439 53
437 82
489 67
389 75
440 13
438 76
490 35
390 95
441 73
439 60
491 10
391 30
442 80
440 37
492 39
392 65
443 58
441 60
493 86
393 71
444 57
442 44
494 41
394 21
445 83
443 60
495 56
395 61
446 29
444 70
496 24
396 62
447 55
445 75
497 82
397 69
448 43
446 98
498 35
398 70
449 52
447 39
499 24
399 68
450 92
448 23
500 88
400 89
449 45
501 85
401 17
452 44
502 23
402 77
453 53
451 46
503 26
403 31
454 37
452 64
504 66
404 65
455 35
453 38
505 14
405 72
456 46
454 61
506 38
406 78
457 89
455 73
507 29
407 45
458 31
456 14
508 74
408 19
459 28
457 46
509 57
409 12
460 95
458 36
510 66
410 95
461 28
459 37
511 62
411 22
462 26
460 39
512 28
412 91
463 26
461 26
513 92
413 34
464 88
462 21
514 94
414 12
465 79
463 98
515 50
415 15
466 23
464 68
516 46
416 33
467 20
465 64
517 26
417 80
468 85
466 23
518 57
418 13
469 97
467 35
519 12
419 62
470 57
468 56
520 93
420 76
471 25
469 26
521 69
421 75
472 22
470 30
522 12
422 36
473 44
471 14
523 37
423 15
474 90
472 32
524 96
424 100
475 65
473 95
525 14
425 33
476 16
474 57
526 47
426 32
477 68
475 91
527 41
427 28
478 64
476 74
528 46
428 83
479 56
477 37
529 87
429 75
480 61
478 66
530 82
430 100
481 87
479 55
531 17
431 66
482 15
480 19
532 39
432 70
483 20
481 28
533 33
433 48
484 99
482 31
534 43
434 82
485 83
483 42
535 16
435 55
486 83
484 65
536 18
436 27
487 60
485 83
537 64
437 77
488 74
486 59
538 63
438 94
489 37
487 48
539 56
439 35
490 38
488 68
540 62
440 87
491 92
489 20
541 23
441 28
492 33
490 70
542 64
442 11
493 64
491 28
543 42
443 73
494 11
492 68
544 92
444 16
495 100
493 68
545 13
445 69
496 98
494 71
546 44
446 94
497 88
495 15
547 17
447 13
498 75
496 10
548 23
448 23
499 76
497 45
549 27
449 52
500 24
498 68
550 33
450 42
499 63
551 23
451 95
502 15
552 54
452 21
503 87
501 40
553 44
453 83
504 82
502 19
554 76
454 14
505 26
503 31
555 15
455 28
506 12
504 37
556 43
456 92
507 25
505 14
557 22
457 77
508 69
506 35
558 17
458 54
509 24
507 14
559 100
459 45
510 25
508 59
560 41
460 96
511 94
509 70
561 91
461 60
512 80
510 86
562 29
462 12
513 97
511 25
563 76
463 58
514 23
512 23
564 16
464 95
515 72
513 30
565 100
465 53
516 87
514 14
566 40
466 90
517 62
515 52
567 17
467 59
518 81
516 77
568 54
468 64
519 48
517 54
569 85
469 17
520 18
518 94
570 44
470 30
521 56
519 29
571 93
471 77
522 92
520 63
572 87
472 87
523 52
521 84
573 61
473 100
524 46
522 34
574 75
474 53
525 35
523 31
575 44
475 34
526 44
524 82
576 39
476 64
527 17
525 76
577 33
477 98
528 12
526 83
578 46
478 40
529 97
527 71
579 97
479 68
530 71
528 84
580 25
480 20
531 19
529 38
581 83
481 88
532 59
530 56
582 61
482 89
533 18
531 49
583 100
483 60
534 61
532 12
584 24
484 99
535 73
533 13
585 59
485 67
536 85
534 85
586 64
486 39
537 52
535 63
587 78
487 100
538 41
536 94
588 62
488 86
539 60
537 55
589 54
489 15
540 13
538 43
590 88
490 15
541 90
539 61
591 33
491 70
542 19
540 39
592 88
492 88
543 55
541 42
593 17
493 59
544 51
542 22
594 82
494 57
545 58
543 86
595 49
495 88
546 89
544 47
596 49
496 73
547 23
545 58
597 93
497 95
548 20
546 70
598 13
498 96
549 73
547 55
599 23
499 65
550 31
548 93
600 43
500 63
549 22
501 70
552 56
502 31
553 19
551 56
503 59
554 51
552 33
504 87
555 28
553 50
505 63
556 84
554 13
506 96
557 56
555 15
507 23
558 52
556 74
508 76
559 60
557 16
509 100
560 17
558 75
510 44
561 63
559 40
511 15
562 53
560 37
512 77
563 72
561 86
513 52
564 63
562 59
514 64
565 61
563 53
515 38
566 98
564 19
516 99
567 82
565 53
517 66
568 85
566 66
518 83
569 36
567 18
519 42
570 62
568 62
520 40
571 71
569 91
521 38
572 33
570 36
522 32
573 51
571 57
523 69
574 57
572 20
524 49
575 19
573 100
525 41
576 39
574 29
526 40
577 45
575 84
527 73
578 70
576 82
528 49
579 52
577 21
529 49
580 42
578 84
530 54
581 91
579 79
531 95
582 15
580 69
532 88
583 98
581 81
533 60
584 68
582 46
534 95
585 69
583 56
535 100
586 14
584 80
536 81
587 45
585 85
537 52
588 63
586 15
538 46
589 68
587 82
539 23
590 97
588 71
540 30
591 60
589 18
541 92
592 61
590 58
542 88
593 90
591 56
543 51
594 69
592 97
544 67
595 71
593 81
545 88
596 46
594 12
546 56
597 29
595 100
547 21
598 25
596 39
548 31
599 23
597 46
549 61
600 90
598 59
550 54
599 95
299
430
1 299 
3 63 327 492 
2 549 111 
1 124 
1 243 
2 335 333 
1 596 
1 537 
2 517 140 
2 383 187 
2 259 80 
3 90 230 554 
2 51 574 
2 528 112 
2 311 254 
1 164 
2 208 61 
1 236 
2 404 576 
1 522 
2 441 179 
5 491 36 5 456 367 
2 363 377 
5 81 134 571 114 305 
1 546 
2 504 214 
2 104 135 
1 530 
3 113 68 268 
1 227 
1 252 
2 226 584 
5 301 59 98 361 578 
2 532 249 
1 284 
1 22 
1 438 
1 410 
1 412 
3 569 318 583 
1 353 
2 309 58 
1 54 
3 266 345 128 
3 294 29 565 
1 380 
1 159 
3 19 3 189 
2 293 332 
1 123 
1 428 
1 495 
2 356 399 
2 122 273 
3 38 85 215 
1 66 
2 369 209 
2 365 26 
2 552 71 
2 244 303 
1 581 
4 351 326 245 35 
1 599 
2 389 558 
1 539 
1 288 
1 239 
3 452 427 358 
1 459 
2 325 555 
1 500 
3 232 600 158 
2 91 392 
2 116 109 
2 163 50 
2 205 125 
2 526 7 
3 502 74 46 
2 256 595 
2 331 72 
3 88 346 275 
2 206 485 
1 221 
2 461 9 
3 55 463 156 
2 567 354 
4 6 597 323 77 
1 529 
2 497 139 
1 231 
1 174 
1 390 
2 20 64 
1 544 
1 591 
1 314 
3 15 535 152 
1 212 
2 557 550 
1 210 
1 313 
2 321 509 
1 177 
1 437 
2 234 477 
3 89 308 274 
2 514 336 
1 129 
3 233 120 518 
1 185 
1 154 
2 540 4 
2 133 204 
3 44 465 430 
