196 728 10 100 37
2
3
3
3
3
3
3
3
3
3
3
3
3
2
3
4
4
4
4
4
4
4
4
4
4
4
4
3
3
4
4
4
4
4
4
4
4
4
4
4
4
3
3
4
4
4
4
4
4
4
4
4
4
4
4
3
3
4
4
4
4
4
4
4
4
4
4
4
4
3
3
4
4
4
4
4
4
4
4
4
4
4
4
3
3
4
4
4
4
4
4
4
4
4
4
4
4
3
3
4
4
4
4
4
4
4
4
4
4
4
4
3
3
4
4
4
4
4
4
4
4
4
4
4
4
3
3
4
4
4
4
4
4
4
4
4
4
4
4
3
3
4
4
4
4
4
4
4
4
4
4
4
4
3
3
4
4
4
4
4
4
4
4
4
4
4
4
3
3
4
4
4
4
4
4
4
4
4
4
4
4
3
2
3
3
3
3
3
3
3
3
3
3
3
3
2
15 91
2 29
16 48
3 37
1 45
17 94
4 48
2 57
18 38
5 96
3 100
19 98
6 22
4 52
20 25
7 77
5 36
21 55
8 83
6 51
22 93
9 50
7 76
23 17
10 88
8 55
24 24
11 47
9 22
25 24
12 61
10 29
26 100
13 24
11 34
27 30
14 84
12 29
28 78
13 62
29 68
1 87
16 51
30 91
2 31
17 44
15 10
31 47
3 61
18 41
16 18
32 25
4 24
19 95
17 59
33 14
5 17
20 50
18 37
34 85
6 83
21 69
19 52
35 81
7 45
22 71
20 16
36 42
8 99
23 27
21 70
37 21
9 17
24 61
22 29
38 76
10 27
25 19
23 53
39 27
11 11
26 56
24 28
40 70
12 74
27 33
25 85
41 78
13 60
28 75
26 33
42 46
14 97
27 49
43 22
15 51
30 74
44 36
16 19
31 50
29 69
45 77
17 77
32 98
30 87
46 12
18 35
33 33
31 94
47 96
19 51
34 19
32 53
48 68
20 90
35 99
33 81
49 97
21 25
36 86
34 73
50 72
22 39
37 78
35 68
51 90
23 13
38 73
36 23
52 85
24 43
39 66
37 96
53 99
25 53
40 51
38 14
54 19
26 62
41 81
39 90
55 26
27 39
42 35
40 30
56 66
28 63
41 20
57 65
29 45
44 15
58 100
30 94
45 73
43 11
59 76
31 98
46 11
44 55
60 26
32 34
47 82
45 79
61 88
33 39
48 37
46 97
62 60
34 98
49 41
47 97
63 44
35 42
50 90
48 39
64 89
36 83
51 46
49 12
65 85
37 72
52 95
50 44
66 55
38 74
53 48
51 83
67 76
39 30
54 58
52 94
68 50
40 14
55 17
53 12
69 43
41 29
56 42
54 17
70 89
42 47
55 50
71 76
43 20
58 21
72 33
44 86
59 68
57 85
73 81
45 16
60 93
58 71
74 32
46 78
61 18
59 47
75 91
47 97
62 35
60 63
76 44
48 79
63 14
61 89
77 16
49 92
64 67
62 30
78 36
50 83
65 65
63 24
79 33
51 73
66 19
64 42
80 82
52 29
67 19
65 13
81 98
53 95
68 69
66 32
82 16
54 60
69 94
67 45
83 36
55 84
70 90
68 52
84 96
56 55
69 38
85 53
57 66
72 61
86 41
58 57
73 65
71 74
87 10
59 42
74 34
72 60
88 22
60 56
75 55
73 94
89 81
61 35
76 79
74 87
90 54
62 50
77 79
75 85
91 73
63 58
78 57
76 45
92 17
64 56
79 66
77 62
93 48
65 27
80 44
78 85
94 14
66 34
81 77
79 25
95 75
67 29
82 100
80 98
96 39
68 95
83 55
81 21
97 65
69 39
84 60
82 86
98 83
70 38
83 60
99 84
71 26
86 93
100 72
72 43
87 20
85 96
101 69
73 38
88 91
86 72
102 64
74 42
89 90
87 36
103 32
75 29
90 26
88 35
104 72
76 25
91 29
89 59
105 76
77 32
92 28
90 84
106 24
78 76
93 95
91 67
107 22
79 94
94 18
92 35
108 18
80 13
95 41
93 42
109 11
81 11
96 92
94 71
110 71
82 72
97 20
95 96
111 63
83 91
98 17
96 23
112 60
84 63
97 86
113 45
85 42
100 49
114 77
86 35
101 60
99 71
115 14
87 55
102 22
100 71
116 26
88 25
103 68
101 57
117 91
89 90
104 57
102 16
118 35
90 84
105 86
103 58
119 69
91 32
106 77
104 47
120 23
92 36
107 21
105 75
121 12
93 72
108 25
106 42
122 50
94 32
109 98
107 41
123 15
95 21
110 51
108 61
124 91
96 69
111 80
109 56
125 54
97 82
112 44
110 32
126 59
98 81
111 80
127 57
99 30
114 59
128 15
100 47
115 72
113 18
129 51
101 49
116 39
114 74
130 22
102 43
117 35
115 27
131 86
103 38
118 16
116 84
132 96
104 61
119 80
117 64
133 89
105 41
120 66
118 28
134 26
106 65
121 87
119 17
135 12
107 96
122 82
120 68
136 48
108 36
123 13
121 60
137 79
109 27
124 42
122 61
138 59
110 26
125 89
123 12
139 40
111 11
126 76
124 49
140 78
112 28
125 47
141 85
113 51
128 13
142 76
114 22
129 40
127 45
143 94
115 67
130 51
128 22
144 52
116 10
131 30
129 87
145 29
117 93
132 69
130 88
146 60
118 99
133 80
131 45
147 55
119 90
134 20
132 86
148 73
120 22
135 56
133 10
149 67
121 46
136 18
134 34
150 37
122 17
137 20
135 79
151 82
123 18
138 65
136 97
152 89
124 64
139 64
137 100
153 16
125 74
140 70
138 42
154 40
126 90
139 35
155 48
127 11
142 17
156 52
128 85
143 38
141 80
157 76
129 63
144 46
142 95
158 46
130 85
145 93
143 76
159 59
131 48
146 68
144 70
160 64
132 80
147 59
145 65
161 16
133 84
148 52
146 80
162 86
134 20
149 25
147 79
163 68
135 66
150 21
148 51
164 100
136 40
151 14
149 43
165 49
137 99
152 37
150 69
166 63
138 12
153 41
151 97
167 36
139 82
154 55
152 77
168 33
140 26
153 95
169 24
141 23
156 40
170 67
142 98
157 56
155 65
171 99
143 76
158 30
156 38
172 26
144 94
159 87
157 62
173 71
145 35
160 84
158 16
174 31
146 19
161 28
159 98
175 91
147 79
162 96
160 87
176 45
148 42
163 38
161 27
177 43
149 21
164 85
162 32
178 29
150 34
165 99
163 14
179 31
151 70
166 65
164 99
180 91
152 40
167 48
165 82
181 93
153 45
168 66
166 22
182 35
154 94
167 82
183 56
155 19
170 19
184 74
156 23
171 27
169 51
185 79
157 54
172 56
170 75
186 51
158 66
173 77
171 60
187 90
159 85
174 34
172 93
188 61
160 98
175 32
173 25
189 28
161 70
176 98
174 91
190 93
162 53
177 50
175 42
191 39
163 37
178 48
176 98
192 68
164 37
179 40
177 85
193 45
165 99
180 11
178 83
194 100
166 28
181 83
179 93
195 55
167 11
182 32
180 82
196 64
168 26
181 10
169 81
184 75
170 89
185 12
183 37
171 81
186 37
184 48
172 10
187 46
185 44
173 91
188 89
186 35
174 12
189 11
187 27
175 92
190 15
188 79
176 86
191 42
189 16
177 83
192 16
190 71
178 64
193 50
191 28
179 44
194 29
192 82
180 46
195 21
193 23
181 71
196 83
194 29
182 96
195 30
86
26
1 86 
2 10 59 
3 174 150 13 
1 165 
2 9 196 
4 133 22 116 32 
1 85 
2 190 83 
2 138 71 
1 7 
1 189 
4 92 54 73 29 
1 107 
2 96 162 
1 67 
3 20 148 41 
2 187 44 
1 130 
3 185 69 62 
1 1 
2 99 158 
1 21 
2 70 58 
1 112 
2 171 124 
1 27 
2 143 23 
2 89 160 
2 76 149 
2 56 60 
3 40 50 119 
1 14 
1 183 
2 111 184 
2 52 104 
2 125 137 
2 98 26 
