600 2276 10 100 114
2
3
3
3
3
3
3
3
3
3
3
3
3
3
3
3
3
3
3
3
3
3
3
3
3
3
3
3
3
3
3
3
3
3
3
3
3
3
3
3
3
3
3
3
3
3
3
3
3
2
3
4
4
4
4
4
4
4
4
4
4
4
4
4
4
4
4
4
4
4
4
4
4
4
4
4
4
4
4
4
4
4
4
4
4
4
4
4
4
4
4
4
4
4
4
4
4
4
4
3
3
4
4
4
4
4
4
4
4
4
4
4
4
4
4
4
4
4
4
4
4
4
4
4
4
4
4
4
4
4
4
4
4
4
4
4
4
4
4
4
4
4
4
4
4
4
4
4
4
3
3
4
4
4
4
4
4
4
4
4
4
4
4
4
4
4
4
4
4
4
4
4
4
4
4
4
4
4
4
4
4
4
4
4
4
4
4
4
4
4
4
4
4
4
4
4
4
4
4
3
3
4
4
4
4
4
4
4
4
4
4
4
4
4
4
4
4
4
4
4
4
4
4
4
4
4
4
4
4
4
4
4
4
4
4
4
4
4
4
4
4
4
4
4
4
4
4
4
4
3
3
4
4
4
4
4
4
4
4
4
4
4
4
4
4
4
4
4
4
4
4
4
4
4
4
4
4
4
4
4
4
4
4
4
4
4
4
4
4
4
4
4
4
4
4
4
4
4
4
3
3
4
4
4
4
4
4
4
4
4
4
4
4
4
4
4
4
4
4
4
4
4
4
4
4
4
4
4
4
4
4
4
4
4
4
4
4
4
4
4
4
4
4
4
4
4
4
4
4
3
3
4
4
4
4
4
4
4
4
4
4
4
4
4
4
4
4
4
4
4
4
4
4
4
4
4
4
4
4
4
4
4
4
4
4
4
4
4
4
4
4
4
4
4
4
4
4
4
4
3
3
4
4
4
4
4
4
4
4
4
4
4
4
4
4
4
4
4
4
4
4
4
4
4
4
4
4
4
4
4
4
4
4
4
4
4
4
4
4
4
4
4
4
4
4
4
4
4
4
3
3
4
4
4
4
4
4
4
4
4
4
4
4
4
4
4
4
4
4
4
4
4
4
4
4
4
4
4
4
4
4
4
4
4
4
4
4
4
4
4
4
4
4
4
4
4
4
4
4
3
3
4
4
4
4
4
4
4
4
4
4
4
4
4
4
4
4
4
4
4
4
4
4
4
4
4
4
4
4
4
4
4
4
4
4
4
4
4
4
4
4
4
4
4
4
4
4
4
4
3
2
3
3
3
3
3
3
3
3
3
3
3
3
3
3
3
3
3
3
3
3
3
3
3
3
3
3
3
3
3
3
3
3
3
3
3
3
3
3
3
3
3
3
3
3
3
3
3
3
2
51 92
2 29
52 98
3 88
1 66
53 32
4 76
2 78
54 44
5 58
3 13
55 76
6 55
4 83
56 26
7 86
5 73
57 27
8 56
6 12
58 24
9 44
7 67
59 37
10 80
8 68
60 30
11 55
9 60
61 81
12 58
10 90
62 31
13 60
11 14
63 85
14 42
12 45
64 31
15 56
13 60
65 57
16 33
14 98
66 87
17 47
15 69
67 61
18 44
16 52
68 73
19 94
17 92
69 33
20 50
18 57
70 100
21 26
19 71
71 75
22 80
20 78
72 37
23 38
21 32
73 14
24 95
22 93
74 67
25 32
23 28
75 44
26 33
24 54
76 58
27 89
25 33
77 26
28 81
26 74
78 63
29 28
27 80
79 30
30 76
28 11
80 76
31 34
29 37
81 16
32 88
30 83
82 94
33 44
31 58
83 89
34 19
32 31
84 90
35 45
33 84
85 28
36 85
34 22
86 55
37 24
35 10
87 76
38 73
36 26
88 61
39 93
37 22
89 21
40 12
38 79
90 52
41 95
39 89
91 28
42 30
40 44
92 44
43 90
41 46
93 78
44 60
42 67
94 68
45 82
43 63
95 60
46 38
44 88
96 94
47 75
45 28
97 30
48 74
46 89
98 84
49 50
47 65
99 43
50 18
48 40
100 62
49 28
101 25
1 41
52 41
102 17
2 53
53 68
51 89
103 30
3 26
54 24
52 84
104 22
4 49
55 62
53 33
105 94
5 29
56 80
54 34
106 62
6 91
57 38
55 54
107 28
7 86
58 67
56 84
108 72
8 52
59 81
57 77
109 60
9 98
60 47
58 88
110 29
10 85
61 48
59 58
111 58
11 16
62 93
60 88
112 51
12 67
63 20
61 58
113 91
13 85
64 34
62 22
114 61
14 20
65 22
63 13
115 69
15 43
66 56
64 49
116 79
16 61
67 85
65 70
117 34
17 98
68 41
66 81
118 100
18 61
69 89
67 62
119 89
19 33
70 54
68 12
120 16
20 90
71 99
69 33
121 18
21 81
72 15
70 97
122 88
22 43
73 30
71 40
123 83
23 58
74 20
72 95
124 74
24 26
75 73
73 75
125 27
25 99
76 26
74 37
126 13
26 74
77 65
75 31
127 21
27 88
78 56
76 86
128 80
28 74
79 48
77 100
129 67
29 59
80 20
78 84
130 35
30 83
81 90
79 24
131 72
31 46
82 38
80 79
132 27
32 41
83 58
81 87
133 96
33 38
84 37
82 54
134 61
34 78
85 77
83 51
135 64
35 100
86 70
84 22
136 54
36 21
87 38
85 67
137 96
37 79
88 24
86 28
138 45
38 43
89 25
87 99
139 76
39 30
90 33
88 35
140 74
40 15
91 85
89 79
141 20
41 40
92 26
90 44
142 71
42 97
93 38
91 26
143 18
43 76
94 94
92 75
144 79
44 86
95 45
93 93
145 98
45 76
96 56
94 56
146 53
46 93
97 46
95 56
147 75
47 66
98 49
96 47
148 26
48 73
99 88
97 42
149 12
49 96
100 38
98 44
150 19
50 50
99 22
151 37
51 12
102 50
152 34
52 25
103 40
101 24
153 87
53 79
104 89
102 73
154 30
54 26
105 77
103 26
155 56
55 77
106 64
104 10
156 20
56 56
107 95
105 24
157 52
57 42
108 31
106 15
158 77
58 62
109 47
107 88
159 77
59 51
110 57
108 93
160 82
60 57
111 18
109 39
161 58
61 90
112 20
110 26
162 12
62 22
113 61
111 51
163 99
63 78
114 42
112 32
164 97
64 32
115 40
113 97
165 19
65 83
116 13
114 31
166 49
66 81
117 79
115 50
167 16
67 42
118 40
116 16
168 98
68 46
119 54
117 50
169 27
69 38
120 68
118 45
170 57
70 39
121 83
119 16
171 49
71 28
122 27
120 83
172 91
72 28
123 84
121 70
173 54
73 79
124 74
122 24
174 68
74 53
125 43
123 14
175 33
75 66
126 88
124 79
176 72
76 66
127 16
125 52
177 80
77 43
128 27
126 51
178 91
78 57
129 21
127 24
179 56
79 64
130 69
128 84
180 24
80 10
131 24
129 97
181 86
81 56
132 22
130 98
182 12
82 52
133 96
131 81
183 45
83 29
134 17
132 36
184 48
84 39
135 56
133 42
185 40
85 16
136 48
134 49
186 49
86 54
137 72
135 42
187 24
87 60
138 19
136 47
188 14
88 83
139 92
137 100
189 49
89 45
140 93
138 91
190 31
90 84
141 32
139 61
191 42
91 33
142 87
140 17
192 76
92 12
143 35
141 53
193 10
93 39
144 97
142 25
194 29
94 95
145 91
143 62
195 68
95 10
146 93
144 85
196 50
96 50
147 86
145 11
197 19
97 24
148 61
146 56
198 99
98 15
149 81
147 13
199 20
99 73
150 27
148 33
200 88
100 51
149 29
201 95
101 19
152 70
202 53
102 85
153 34
151 60
203 74
103 85
154 30
152 79
204 70
104 81
155 65
153 92
205 23
105 73
156 69
154 70
206 33
106 68
157 18
155 90
207 61
107 51
158 18
156 90
208 59
108 78
159 93
157 40
209 93
109 11
160 61
158 64
210 96
110 14
161 61
159 76
211 94
111 85
162 39
160 82
212 68
112 74
163 44
161 45
213 91
113 99
164 49
162 50
214 68
114 28
165 100
163 31
215 48
115 91
166 91
164 82
216 68
116 37
167 48
165 34
217 83
117 23
168 58
166 49
218 65
118 86
169 93
167 39
219 85
119 75
170 61
168 58
220 10
120 58
171 67
169 25
221 16
121 100
172 99
170 54
222 62
122 50
173 65
171 21
223 35
123 54
174 14
172 37
224 51
124 89
175 98
173 33
225 46
125 67
176 61
174 65
226 89
126 17
177 13
175 51
227 78
127 100
178 29
176 32
228 86
128 29
179 74
177 91
229 81
129 31
180 55
178 17
230 13
130 67
181 51
179 50
231 12
131 48
182 40
180 100
232 39
132 54
183 37
181 52
233 39
133 35
184 11
182 74
234 29
134 29
185 76
183 92
235 80
135 94
186 90
184 13
236 25
136 87
187 94
185 63
237 70
137 13
188 18
186 40
238 22
138 27
189 54
187 63
239 81
139 19
190 54
188 99
240 91
140 64
191 92
189 30
241 36
141 98
192 10
190 36
242 55
142 46
193 49
191 72
243 97
143 32
194 96
192 47
244 63
144 56
195 65
193 40
245 72
145 99
196 58
194 40
246 44
146 32
197 62
195 69
247 92
147 23
198 33
196 32
248 70
148 68
199 27
197 19
249 75
149 33
200 84
198 31
250 55
150 20
199 12
251 29
151 57
202 68
252 51
152 85
203 14
201 83
253 18
153 53
204 18
202 66
254 70
154 56
205 64
203 70
255 43
155 57
206 34
204 24
256 13
156 74
207 16
205 94
257 80
157 52
208 47
206 91
258 64
158 33
209 31
207 63
259 83
159 55
210 88
208 80
260 45
160 27
211 32
209 18
261 78
161 18
212 87
210 16
262 98
162 37
213 82
211 23
263 11
163 16
214 68
212 65
264 68
164 47
215 28
213 22
265 34
165 73
216 94
214 93
266 15
166 23
217 49
215 71
267 34
167 92
218 36
216 58
268 24
168 98
219 78
217 31
269 32
169 53
220 28
218 20
270 61
170 69
221 19
219 19
271 39
171 25
222 20
220 27
272 71
172 18
223 56
221 67
273 31
173 79
224 98
222 92
274 19
174 85
225 64
223 37
275 74
175 27
226 71
224 68
276 88
176 69
227 52
225 89
277 61
177 29
228 22
226 59
278 82
178 84
229 23
227 97
279 80
179 66
230 94
228 79
280 63
180 69
231 47
229 90
281 24
181 73
232 22
230 80
282 55
182 90
233 83
231 59
283 74
183 81
234 50
232 87
284 32
184 90
235 45
233 29
285 93
185 75
236 18
234 19
286 72
186 71
237 40
235 36
287 47
187 63
238 14
236 68
288 60
188 72
239 100
237 60
289 24
189 97
240 22
238 84
290 91
190 99
241 73
239 52
291 78
191 16
242 73
240 68
292 72
192 25
243 86
241 55
293 47
193 98
244 34
242 33
294 64
194 34
245 91
243 49
295 15
195 58
246 63
244 56
296 40
196 54
247 90
245 91
297 26
197 31
248 16
246 94
298 86
198 14
249 78
247 64
299 34
199 21
250 87
248 28
300 33
200 40
249 86
301 71
201 78
252 81
302 80
202 55
253 29
251 75
303 31
203 52
254 48
252 72
304 29
204 14
255 69
253 34
305 25
205 94
256 11
254 47
306 26
206 58
257 29
255 85
307 61
207 42
258 38
256 78
308 77
208 87
259 45
257 25
309 65
209 64
260 34
258 38
310 69
210 60
261 66
259 24
311 38
211 90
262 10
260 76
312 50
212 43
263 47
261 61
313 70
213 85
264 79
262 43
314 41
214 14
265 40
263 23
315 23
215 42
266 46
264 96
316 44
216 38
267 74
265 72
317 14
217 40
268 56
266 54
318 11
218 29
269 16
267 67
319 39
219 30
270 14
268 79
320 44
220 56
271 22
269 81
321 87
221 27
272 19
270 80
322 86
222 91
273 37
271 10
323 79
223 41
274 78
272 13
324 26
224 39
275 57
273 38
325 66
225 71
276 59
274 38
326 91
226 70
277 75
275 98
327 68
227 24
278 99
276 70
328 94
228 66
279 13
277 17
329 78
229 14
280 46
278 32
330 77
230 31
281 17
279 11
331 23
231 70
282 19
280 45
332 55
232 29
283 48
281 77
333 60
233 20
284 99
282 61
334 77
234 62
285 33
283 61
335 52
235 33
286 68
284 84
336 35
236 60
287 97
285 11
337 42
237 23
288 75
286 47
338 37
238 78
289 84
287 42
339 18
239 60
290 36
288 40
340 50
240 23
291 71
289 44
341 11
241 44
292 72
290 83
342 94
242 19
293 24
291 74
343 94
243 90
294 64
292 46
344 51
244 99
295 85
293 91
345 42
245 71
296 52
294 73
346 50
246 57
297 73
295 53
347 41
247 66
298 35
296 78
348 58
248 76
299 53
297 51
349 16
249 78
300 39
298 45
350 39
250 82
299 31
351 82
251 81
302 95
352 94
252 69
303 61
301 81
353 47
253 33
304 59
302 32
354 55
254 57
305 61
303 70
355 66
255 91
306 82
304 91
356 94
256 19
307 16
305 13
357 76
257 52
308 43
306 76
358 15
258 92
309 65
307 24
359 22
259 34
310 48
308 39
360 66
260 80
311 57
309 97
361 73
261 58
312 11
310 28
362 12
262 76
313 12
311 100
363 81
263 95
314 59
312 50
364 94
264 32
315 90
313 19
365 13
265 68
316 88
314 73
366 55
266 20
317 75
315 83
367 39
267 10
318 36
316 69
368 43
268 28
319 93
317 41
369 100
269 60
320 12
318 74
370 34
270 32
321 99
319 24
371 26
271 85
322 79
320 37
372 96
272 65
323 51
321 96
373 58
273 83
324 38
322 66
374 47
274 44
325 64
323 84
375 34
275 97
326 62
324 56
376 33
276 80
327 10
325 73
377 30
277 99
328 95
326 27
378 22
278 68
329 17
327 97
379 72
279 19
330 47
328 49
380 72
280 74
331 33
329 10
381 21
281 89
332 53
330 53
382 64
282 84
333 62
331 75
383 78
283 56
334 82
332 53
384 96
284 16
335 68
333 25
385 36
285 31
336 65
334 47
386 34
286 48
337 75
335 100
387 94
287 93
338 16
336 54
388 21
288 43
339 59
337 30
389 60
289 75
340 72
338 72
390 17
290 57
341 54
339 30
391 20
291 53
342 95
340 42
392 69
292 48
343 93
341 21
393 33
293 51
344 15
342 20
394 18
294 66
345 86
343 40
395 46
295 88
346 100
344 64
396 94
296 52
347 49
345 48
397 76
297 33
348 20
346 89
398 50
298 81
349 43
347 76
399 62
299 76
350 76
348 68
400 14
300 26
349 45
401 37
301 12
352 96
402 94
302 49
353 26
351 61
403 19
303 69
354 29
352 88
404 40
304 58
355 93
353 25
405 62
305 35
356 93
354 61
406 48
306 10
357 40
355 48
407 66
307 62
358 68
356 73
408 10
308 36
359 19
357 43
409 11
309 100
360 95
358 57
410 19
310 32
361 24
359 38
411 95
311 63
362 79
360 15
412 28
312 47
363 19
361 67
413 72
313 44
364 46
362 68
414 70
314 80
365 86
363 77
415 42
315 60
366 46
364 85
416 91
316 27
367 44
365 76
417 17
317 36
368 54
366 24
418 32
318 71
369 85
367 28
419 23
319 62
370 29
368 86
420 32
320 76
371 33
369 25
421 39
321 53
372 11
370 10
422 10
322 55
373 35
371 76
423 32
323 20
374 56
372 56
424 95
324 65
375 31
373 93
425 98
325 34
376 72
374 61
426 23
326 71
377 26
375 12
427 62
327 69
378 45
376 58
428 30
328 62
379 19
377 85
429 53
329 76
380 97
378 53
430 25
330 28
381 71
379 40
431 69
331 39
382 72
380 52
432 39
332 73
383 58
381 85
433 74
333 66
384 52
382 85
434 67
334 60
385 88
383 44
435 11
335 100
386 76
384 72
436 19
336 56
387 79
385 33
437 40
337 83
388 23
386 96
438 66
338 12
389 48
387 42
439 13
339 58
390 28
388 88
440 72
340 34
391 78
389 60
441 99
341 33
392 15
390 34
442 99
342 86
393 92
391 52
443 49
343 47
394 53
392 92
444 23
344 38
395 43
393 71
445 88
345 84
396 41
394 68
446 89
346 79
397 10
395 12
447 38
347 31
398 51
396 96
448 48
348 87
399 48
397 72
449 10
349 79
400 85
398 40
450 34
350 47
399 57
451 12
351 50
402 83
452 62
352 10
403 39
401 50
453 19
353 74
404 66
402 66
454 51
354 91
405 28
403 89
455 64
355 30
406 25
404 44
456 10
356 51
407 89
405 39
457 29
357 86
408 18
406 82
458 12
358 80
409 64
407 29
459 54
359 85
410 21
408 81
460 46
360 35
411 15
409 86
461 20
361 74
412 40
410 87
462 30
362 31
413 50
411 34
463 37
363 22
414 51
412 89
464 75
364 10
415 71
413 100
465 12
365 73
416 86
414 67
466 38
366 61
417 45
415 28
467 89
367 96
418 80
416 32
468 86
368 10
419 32
417 97
469 75
369 91
420 46
418 25
470 41
370 57
421 37
419 54
471 38
371 98
422 64
420 37
472 34
372 86
423 50
421 87
473 87
373 75
424 34
422 80
474 79
374 35
425 98
423 15
475 52
375 90
426 99
424 55
476 81
376 15
427 97
425 67
477 20
377 60
428 38
426 52
478 95
378 42
429 94
427 83
479 11
379 96
430 25
428 88
480 80
380 29
431 40
429 33
481 99
381 89
432 15
430 32
482 70
382 45
433 16
431 48
483 53
383 71
434 59
432 61
484 40
384 63
435 32
433 13
485 87
385 26
436 82
434 23
486 34
386 41
437 13
435 62
487 52
387 19
438 91
436 60
488 26
388 86
439 37
437 17
489 70
389 70
440 67
438 75
490 100
390 31
441 91
439 64
491 74
391 30
442 66
440 76
492 25
392 98
443 39
441 17
493 56
393 64
444 11
442 41
494 39
394 53
445 53
443 95
495 43
395 11
446 93
444 44
496 96
396 79
447 47
445 42
497 33
397 86
448 77
446 37
498 88
398 43
449 56
447 18
499 33
399 18
450 76
448 41
500 23
400 55
449 82
501 20
401 41
452 35
502 33
402 46
453 98
451 96
503 100
403 87
454 11
452 45
504 18
404 55
455 68
453 12
505 62
405 76
456 38
454 67
506 31
406 31
457 37
455 24
507 88
407 72
458 42
456 24
508 49
408 75
459 62
457 87
509 12
409 86
460 59
458 50
510 86
410 52
461 41
459 13
511 96
411 42
462 74
460 13
512 49
412 49
463 10
461 61
513 73
413 22
464 51
462 52
514 97
414 94
465 19
463 84
515 82
415 44
466 45
464 22
516 63
416 84
467 93
465 20
517 49
417 53
468 100
466 89
518 31
418 86
469 79
467 92
519 68
419 51
470 100
468 27
520 19
420 13
471 38
469 19
521 38
421 93
472 74
470 44
522 20
422 47
473 68
471 92
523 28
423 65
474 45
472 59
524 40
424 49
475 36
473 92
525 57
425 15
476 42
474 30
526 97
426 62
477 35
475 10
527 99
427 32
478 69
476 42
528 53
428 35
479 98
477 56
529 22
429 65
480 79
478 14
530 26
430 77
481 78
479 78
531 78
431 59
482 68
480 11
532 73
432 87
483 14
481 82
533 52
433 89
484 97
482 22
534 60
434 22
485 93
483 17
535 29
435 55
486 14
484 59
536 23
436 41
487 26
485 26
537 93
437 34
488 61
486 18
538 27
438 54
489 90
487 69
539 47
439 96
490 32
488 88
540 73
440 95
491 71
489 22
541 37
441 86
492 57
490 34
542 74
442 78
493 25
491 89
543 57
443 21
494 30
492 66
544 29
444 70
495 59
493 53
545 14
445 10
496 60
494 31
546 26
446 21
497 22
495 17
547 45
447 41
498 74
496 71
548 91
448 37
499 52
497 30
549 97
449 92
500 37
498 71
550 16
450 23
499 89
551 26
451 76
502 50
552 24
452 44
503 17
501 88
553 47
453 100
504 13
502 40
554 76
454 23
505 61
503 73
555 19
455 94
506 91
504 53
556 19
456 95
507 52
505 28
557 87
457 60
508 10
506 17
558 80
458 64
509 38
507 73
559 93
459 80
510 24
508 21
560 95
460 79
511 18
509 63
561 43
461 21
512 27
510 59
562 67
462 92
513 55
511 48
563 88
463 85
514 25
512 11
564 91
464 24
515 88
513 87
565 28
465 45
516 42
514 85
566 66
466 61
517 53
515 90
567 83
467 82
518 11
516 36
568 94
468 75
519 81
517 84
569 58
469 43
520 18
518 11
570 85
470 39
521 26
519 97
571 35
471 47
522 26
520 63
572 67
472 85
523 94
521 32
573 72
473 20
524 75
522 91
574 83
474 86
525 68
523 40
575 10
475 71
526 22
524 49
576 26
476 72
527 61
525 12
577 38
477 76
528 16
526 62
578 37
478 93
529 67
527 24
579 18
479 43
530 22
528 97
580 64
480 30
531 59
529 75
581 71
481 72
532 97
530 60
582 55
482 37
533 45
531 60
583 73
483 33
534 79
532 97
584 78
484 91
535 43
533 11
585 98
485 29
536 80
534 62
586 10
486 28
537 15
535 62
587 21
487 19
538 15
536 30
588 68
488 54
539 88
537 16
589 72
489 68
540 33
538 82
590 23
490 48
541 19
539 83
591 61
491 25
542 22
540 60
592 15
492 67
543 81
541 12
593 72
493 63
544 38
542 30
594 40
494 19
545 73
543 15
595 96
495 91
546 64
544 66
596 80
496 72
547 42
545 97
597 37
497 45
548 41
546 71
598 37
498 20
549 45
547 16
599 43
499 81
550 35
548 42
600 83
500 14
549 69
501 23
552 42
502 45
553 18
551 87
503 54
554 75
552 91
504 98
555 56
553 40
505 75
556 22
554 72
506 84
557 97
555 66
507 77
558 39
556 66
508 44
559 45
557 56
509 97
560 91
558 33
510 73
561 17
559 40
511 21
562 75
560 41
512 12
563 45
561 66
513 14
564 95
562 45
514 60
565 29
563 91
515 61
566 50
564 62
516 48
567 77
565 73
517 60
568 28
566 67
518 82
569 100
567 40
519 35
570 99
568 64
520 45
571 21
569 99
521 67
572 93
570 26
522 59
573 70
571 31
523 21
574 87
572 10
524 94
575 58
573 46
525 32
576 53
574 97
526 16
577 10
575 71
527 83
578 10
576 94
528 90
579 47
577 83
529 24
580 44
578 57
530 64
581 66
579 62
531 18
582 98
580 52
532 97
583 42
581 85
533 58
584 88
582 28
534 53
585 20
583 40
535 28
586 85
584 42
536 45
587 96
585 15
537 14
588 74
586 43
538 19
589 34
587 44
539 14
590 16
588 44
540 25
591 54
589 59
541 17
592 20
590 12
542 24
593 14
591 71
543 89
594 42
592 19
544 26
595 97
593 77
545 76
596 92
594 27
546 100
597 65
595 42
547 78
598 75
596 79
548 55
599 16
597 24
549 86
600 98
598 74
550 65
599 89
123
101
2 503 123 
1 10 
3 589 429 496 
1 280 
1 102 
1 319 
2 267 495 
1 359 
1 421 
3 60 271 347 
2 176 122 
2 471 78 
1 580 
2 547 112 
2 284 259 
2 115 47 
2 203 533 
1 437 
2 377 491 
1 109 
4 77 184 179 246 
2 591 216 
1 5 
1 485 
1 464 
1 83 
1 297 
1 313 
5 291 438 369 235 579 
3 394 478 599 
2 309 348 
2 528 227 
2 452 241 
3 412 140 283 
2 54 87 
3 327 509 190 
1 173 
1 323 
2 556 588 
1 427 
3 498 597 312 
1 467 
1 73 
1 502 
3 476 328 25 
2 490 79 
1 182 
4 318 565 311 276 
1 370 
1 251 
2 128 210 
2 567 592 
1 407 
2 180 549 
1 38 
2 256 376 
2 118 416 
2 206 479 
4 551 493 37 21 
2 40 362 
1 3 
2 463 499 
1 321 
2 149 55 
2 512 214 
1 18 
3 263 143 561 
1 543 
1 215 
2 162 231 
4 137 33 208 217 
2 97 598 
2 2 342 
2 449 576 
2 315 472 
1 474 
1 558 
3 356 94 462 
2 510 326 
1 133 
1 213 
1 160 
1 435 
2 6 400 
3 88 249 257 
2 568 304 
3 127 513 469 
1 395 
1 585 
3 168 89 352 
2 367 239 
2 125 132 
1 443 
2 459 383 
2 517 373 
2 428 243 
1 425 
1 1 
3 105 233 448 
2 581 219 
2 134 488 
2 56 39 
2 511 223 
1 314 
2 353 335 
5 201 274 290 218 379 
2 351 279 
3 296 539 292 
1 562 
2 480 346 
3 198 398 23 
1 13 
1 50 
1 101 
