400 1520 10 100 76
2
3
3
3
3
3
3
3
3
3
3
3
3
3
3
3
3
3
3
2
3
4
4
4
4
4
4
4
4
4
4
4
4
4
4
4
4
4
4
3
3
4
4
4
4
4
4
4
4
4
4
4
4
4
4
4
4
4
4
3
3
4
4
4
4
4
4
4
4
4
4
4
4
4
4
4
4
4
4
3
3
4
4
4
4
4
4
4
4
4
4
4
4
4
4
4
4
4
4
3
3
4
4
4
4
4
4
4
4
4
4
4
4
4
4
4
4
4
4
3
3
4
4
4
4
4
4
4
4
4
4
4
4
4
4
4
4
4
4
3
3
4
4
4
4
4
4
4
4
4
4
4
4
4
4
4
4
4
4
3
3
4
4
4
4
4
4
4
4
4
4
4
4
4
4
4
4
4
4
3
3
4
4
4
4
4
4
4
4
4
4
4
4
4
4
4
4
4
4
3
3
4
4
4
4
4
4
4
4
4
4
4
4
4
4
4
4
4
4
3
3
4
4
4
4
4
4
4
4
4
4
4
4
4
4
4
4
4
4
3
3
4
4
4
4
4
4
4
4
4
4
4
4
4
4
4
4
4
4
3
3
4
4
4
4
4
4
4
4
4
4
4
4
4
4
4
4
4
4
3
3
4
4
4
4
4
4
4
4
4
4
4
4
4
4
4
4
4
4
3
3
4
4
4
4
4
4
4
4
4
4
4
4
4
4
4
4
4
4
3
3
4
4
4
4
4
4
4
4
4
4
4
4
4
4
4
4
4
4
3
3
4
4
4
4
4
4
4
4
4
4
4
4
4
4
4
4
4
4
3
3
4
4
4
4
4
4
4
4
4
4
4
4
4
4
4
4
4
4
3
2
3
3
3
3
3
3
3
3
3
3
3
3
3
3
3
3
3
3
2
21 42
2 29
22 74
3 11
1 52
23 46
4 73
2 38
24 68
5 66
3 52
25 93
6 44
4 74
26 13
7 15
5 78
27 35
8 100
6 85
28 32
9 16
7 54
29 45
10 25
8 82
30 72
11 75
9 17
31 43
12 68
10 77
32 32
13 13
11 52
33 81
14 91
12 73
34 58
15 83
13 90
35 15
16 52
14 49
36 18
17 98
15 26
37 71
18 19
16 29
38 88
19 36
17 97
39 42
20 30
18 25
40 19
19 80
41 39
1 26
22 77
42 67
2 43
23 51
21 19
43 48
3 92
24 56
22 40
44 38
4 55
25 59
23 28
45 88
5 46
26 17
24 73
46 67
6 22
27 41
25 67
47 45
7 17
28 42
26 28
48 49
8 66
29 13
27 18
49 73
9 51
30 94
28 76
50 77
10 81
31 61
29 72
51 43
11 50
32 91
30 69
52 12
12 34
33 80
31 14
53 66
13 86
34 43
32 33
54 52
14 39
35 95
33 51
55 45
15 54
36 90
34 27
56 57
16 69
37 16
35 56
57 64
17 70
38 20
36 49
58 55
18 93
39 57
37 42
59 37
19 66
40 16
38 54
60 28
20 86
39 98
61 66
21 52
42 72
62 51
22 70
43 76
41 80
63 22
23 89
44 92
42 67
64 85
24 58
45 92
43 66
65 61
25 76
46 75
44 96
66 92
26 72
47 23
45 60
67 58
27 64
48 41
46 90
68 50
28 55
49 33
47 19
69 99
29 45
50 95
48 89
70 42
30 69
51 82
49 81
71 74
31 99
52 59
50 90
72 36
32 76
53 68
51 12
73 82
33 10
54 39
52 20
74 12
34 96
55 41
53 83
75 31
35 69
56 14
54 28
76 83
36 83
57 12
55 85
77 90
37 13
58 26
56 50
78 45
38 37
59 46
57 93
79 50
39 47
60 46
58 41
80 71
40 30
59 67
81 12
41 54
62 71
82 69
42 67
63 56
61 40
83 47
43 70
64 65
62 71
84 76
44 15
65 52
63 50
85 100
45 83
66 17
64 20
86 20
46 71
67 52
65 41
87 73
47 40
68 43
66 48
88 76
48 10
69 66
67 81
89 63
49 17
70 42
68 18
90 23
50 77
71 60
69 23
91 27
51 79
72 62
70 81
92 73
52 70
73 10
71 29
93 94
53 19
74 69
72 84
94 54
54 13
75 67
73 92
95 25
55 30
76 67
74 73
96 14
56 19
77 77
75 58
97 32
57 27
78 45
76 97
98 67
58 65
79 98
77 29
99 75
59 81
80 77
78 59
100 35
60 57
79 46
101 36
61 63
82 65
102 41
62 75
83 39
81 49
103 80
63 71
84 12
82 23
104 71
64 15
85 79
83 45
105 57
65 84
86 24
84 15
106 63
66 97
87 24
85 96
107 44
67 47
88 99
86 87
108 50
68 79
89 30
87 31
109 22
69 92
90 61
88 85
110 70
70 88
91 12
89 79
111 28
71 38
92 51
90 16
112 18
72 62
93 87
91 30
113 100
73 21
94 22
92 20
114 75
74 38
95 67
93 10
115 100
75 82
96 68
94 96
116 24
76 12
97 80
95 71
117 33
77 86
98 100
96 24
118 46
78 57
99 44
97 24
119 37
79 56
100 91
98 24
120 87
80 79
99 13
121 60
81 99
102 30
122 35
82 32
103 68
101 99
123 22
83 33
104 51
102 72
124 40
84 67
105 52
103 53
125 47
85 40
106 18
104 94
126 60
86 21
107 24
105 61
127 87
87 79
108 59
106 68
128 18
88 21
109 84
107 85
129 74
89 92
110 66
108 29
130 11
90 25
111 84
109 25
131 80
91 93
112 69
110 27
132 92
92 64
113 32
111 61
133 23
93 97
114 28
112 17
134 69
94 93
115 52
113 83
135 91
95 10
116 62
114 69
136 71
96 53
117 48
115 16
137 40
97 59
118 65
116 47
138 72
98 57
119 83
117 27
139 50
99 92
120 43
118 22
140 100
100 60
119 81
141 85
101 80
122 97
142 72
102 28
123 83
121 65
143 27
103 81
124 93
122 28
144 78
104 37
125 91
123 50
145 11
105 25
126 85
124 52
146 53
106 69
127 32
125 11
147 77
107 14
128 15
126 32
148 47
108 39
129 44
127 81
149 17
109 79
130 30
128 78
150 28
110 11
131 21
129 42
151 61
111 74
132 18
130 94
152 22
112 35
133 17
131 96
153 76
113 34
134 74
132 79
154 92
114 39
135 43
133 88
155 99
115 95
136 84
134 16
156 20
116 30
137 30
135 63
157 44
117 14
138 21
136 49
158 18
118 91
139 69
137 98
159 17
119 94
140 14
138 43
160 40
120 52
139 39
161 48
121 48
142 48
162 73
122 73
143 16
141 25
163 91
123 72
144 89
142 91
164 69
124 10
145 77
143 23
165 71
125 32
146 39
144 89
166 26
126 69
147 72
145 52
167 93
127 82
148 18
146 89
168 48
128 87
149 95
147 71
169 21
129 13
150 100
148 89
170 40
130 47
151 81
149 88
171 67
131 31
152 44
150 27
172 70
132 89
153 37
151 84
173 68
133 39
154 48
152 16
174 15
134 74
155 95
153 53
175 65
135 73
156 26
154 34
176 23
136 67
157 70
155 33
177 16
137 57
158 17
156 47
178 39
138 21
159 50
157 67
179 21
139 90
160 23
158 99
180 90
140 33
159 65
181 73
141 65
162 63
182 16
142 43
163 11
161 82
183 25
143 21
164 57
162 61
184 84
144 49
165 36
163 39
185 27
145 10
166 30
164 20
186 29
146 66
167 90
165 40
187 57
147 63
168 56
166 83
188 82
148 36
169 40
167 48
189 24
149 35
170 62
168 91
190 65
150 10
171 17
169 34
191 70
151 12
172 12
170 71
192 37
152 19
173 34
171 70
193 83
153 77
174 82
172 88
194 43
154 35
175 57
173 84
195 85
155 54
176 34
174 29
196 67
156 73
177 53
175 81
197 68
157 59
178 36
176 17
198 77
158 73
179 21
177 51
199 17
159 53
180 39
178 57
200 41
160 31
179 72
201 80
161 42
182 73
202 90
162 96
183 42
181 35
203 11
163 18
184 69
182 70
204 62
164 64
185 80
183 65
205 68
165 90
186 49
184 58
206 37
166 12
187 59
185 49
207 21
167 67
188 25
186 50
208 37
168 44
189 79
187 23
209 40
169 23
190 48
188 45
210 64
170 32
191 39
189 54
211 89
171 35
192 90
190 20
212 48
172 45
193 16
191 75
213 80
173 14
194 60
192 48
214 76
174 24
195 27
193 50
215 33
175 20
196 51
194 69
216 51
176 21
197 32
195 97
217 86
177 70
198 13
196 93
218 80
178 17
199 59
197 88
219 13
179 60
200 86
198 40
220 20
180 76
199 75
221 93
181 87
202 22
222 80
182 23
203 28
201 28
223 19
183 43
204 97
202 92
224 15
184 19
205 58
203 99
225 23
185 73
206 17
204 23
226 92
186 74
207 34
205 31
227 38
187 32
208 63
206 77
228 41
188 57
209 82
207 47
229 93
189 40
210 96
208 52
230 33
190 76
211 50
209 94
231 17
191 66
212 41
210 80
232 23
192 66
213 29
211 15
233 23
193 83
214 11
212 93
234 81
194 43
215 68
213 29
235 53
195 99
216 39
214 75
236 92
196 84
217 70
215 88
237 33
197 40
218 60
216 68
238 79
198 22
219 20
217 14
239 66
199 27
220 33
218 26
240 47
200 30
219 28
241 45
201 79
222 40
242 61
202 16
223 81
221 56
243 80
203 27
224 17
222 14
244 30
204 74
225 65
223 36
245 47
205 80
226 12
224 93
246 15
206 100
227 17
225 48
247 60
207 61
228 89
226 35
248 30
208 93
229 60
227 69
249 100
209 86
230 90
228 50
250 87
210 71
231 90
229 82
251 33
211 93
232 27
230 53
252 58
212 66
233 96
231 35
253 98
213 72
234 41
232 14
254 22
214 49
235 95
233 36
255 85
215 36
236 83
234 42
256 43
216 15
237 23
235 18
257 69
217 11
238 77
236 83
258 27
218 44
239 88
237 97
259 10
219 57
240 72
238 45
260 76
220 91
239 90
261 14
221 17
242 13
262 56
222 11
243 81
241 23
263 42
223 29
244 72
242 82
264 26
224 31
245 25
243 66
265 77
225 65
246 98
244 54
266 56
226 63
247 69
245 59
267 89
227 86
248 93
246 60
268 35
228 35
249 69
247 52
269 89
229 11
250 39
248 76
270 97
230 83
251 72
249 63
271 72
231 47
252 23
250 53
272 85
232 47
253 67
251 84
273 98
233 22
254 93
252 70
274 93
234 89
255 13
253 59
275 57
235 61
256 49
254 95
276 42
236 94
257 86
255 91
277 32
237 88
258 60
256 73
278 51
238 87
259 82
257 23
279 77
239 81
260 60
258 34
280 81
240 52
259 48
281 42
241 62
262 55
282 36
242 34
263 42
261 11
283 56
243 51
264 22
262 70
284 17
244 54
265 99
263 43
285 57
245 81
266 44
264 75
286 92
246 90
267 92
265 71
287 14
247 71
268 22
266 11
288 36
248 50
269 71
267 32
289 35
249 26
270 33
268 72
290 66
250 54
271 46
269 75
291 73
251 92
272 18
270 88
292 84
252 84
273 59
271 13
293 25
253 73
274 65
272 27
294 50
254 12
275 39
273 42
295 22
255 69
276 69
274 36
296 100
256 65
277 66
275 62
297 91
257 27
278 14
276 26
298 72
258 96
279 54
277 45
299 87
259 37
280 44
278 73
300 33
260 82
279 44
301 20
261 85
282 29
302 42
262 31
283 94
281 80
303 86
263 73
284 24
282 55
304 68
264 25
285 92
283 67
305 54
265 62
286 66
284 14
306 55
266 39
287 82
285 23
307 91
267 50
288 79
286 31
308 99
268 13
289 24
287 97
309 42
269 43
290 12
288 32
310 25
270 45
291 31
289 44
311 93
271 27
292 37
290 42
312 36
272 33
293 49
291 62
313 97
273 39
294 83
292 20
314 23
274 39
295 77
293 65
315 14
275 75
296 83
294 19
316 92
276 51
297 49
295 34
317 30
277 66
298 38
296 45
318 87
278 99
299 61
297 93
319 88
279 59
300 29
298 71
320 54
280 74
299 33
321 79
281 92
302 61
322 65
282 80
303 83
301 63
323 19
283 20
304 62
302 70
324 10
284 58
305 45
303 45
325 70
285 91
306 10
304 44
326 79
286 16
307 28
305 34
327 60
287 56
308 93
306 59
328 64
288 68
309 77
307 89
329 99
289 94
310 99
308 17
330 84
290 40
311 39
309 63
331 32
291 32
312 65
310 29
332 98
292 90
313 47
311 73
333 72
293 98
314 42
312 15
334 46
294 48
315 78
313 25
335 71
295 18
316 40
314 65
336 14
296 56
317 60
315 61
337 43
297 79
318 19
316 64
338 25
298 59
319 64
317 79
339 28
299 98
320 93
318 79
340 27
300 42
319 58
341 64
301 96
322 40
342 12
302 11
323 68
321 52
343 62
303 86
324 89
322 68
344 77
304 53
325 80
323 89
345 30
305 26
326 48
324 31
346 54
306 39
327 72
325 44
347 50
307 89
328 91
326 59
348 14
308 45
329 42
327 78
349 80
309 30
330 60
328 63
350 65
310 23
331 36
329 27
351 60
311 93
332 77
330 67
352 42
312 60
333 16
331 57
353 50
313 68
334 66
332 42
354 67
314 25
335 45
333 82
355 90
315 33
336 86
334 61
356 94
316 47
337 72
335 92
357 42
317 22
338 18
336 100
358 79
318 53
339 15
337 38
359 88
319 79
340 63
338 69
360 52
320 83
339 50
361 22
321 21
342 72
362 12
322 74
343 65
341 97
363 62
323 26
344 69
342 20
364 97
324 99
345 32
343 86
365 29
325 17
346 85
344 89
366 49
326 21
347 50
345 49
367 76
327 42
348 92
346 65
368 77
328 17
349 12
347 42
369 28
329 91
350 86
348 46
370 54
330 29
351 34
349 44
371 46
331 50
352 90
350 39
372 47
332 49
353 85
351 93
373 36
333 59
354 83
352 46
374 23
334 21
355 55
353 44
375 93
335 27
356 52
354 10
376 72
336 66
357 23
355 97
377 65
337 83
358 26
356 24
378 68
338 94
359 59
357 16
379 80
339 80
360 76
358 41
380 91
340 55
359 96
381 72
341 57
362 42
382 32
342 48
363 96
361 87
383 72
343 74
364 37
362 34
384 81
344 99
365 81
363 70
385 35
345 17
366 46
364 25
386 20
346 33
367 98
365 97
387 88
347 92
368 12
366 53
388 60
348 58
369 64
367 41
389 100
349 95
370 31
368 41
390 65
350 73
371 31
369 19
391 28
351 60
372 68
370 89
392 53
352 94
373 45
371 73
393 39
353 12
374 79
372 54
394 20
354 60
375 28
373 71
395 51
355 95
376 97
374 44
396 86
356 21
377 27
375 69
397 18
357 28
378 68
376 18
398 24
358 26
379 52
377 96
399 85
359 91
380 87
378 38
400 45
360 23
379 99
361 99
382 46
362 48
383 96
381 100
363 65
384 77
382 82
364 73
385 58
383 59
365 92
386 45
384 52
366 13
387 73
385 79
367 48
388 16
386 28
368 85
389 10
387 22
369 75
390 78
388 95
370 28
391 60
389 81
371 45
392 74
390 48
372 50
393 98
391 48
373 75
394 81
392 27
374 45
395 95
393 15
375 61
396 25
394 49
376 21
397 82
395 41
377 12
398 49
396 50
378 99
399 41
397 28
379 40
400 40
398 40
380 99
399 82
205
288
1 205 
1 166 
3 307 243 102 
3 83 261 26 
1 91 
2 329 230 
1 341 
1 146 
2 347 342 
1 339 
2 65 204 
2 394 66 
2 278 34 
1 169 
2 235 200 
3 157 187 142 
1 151 
2 16 369 
1 99 
2 201 317 
3 234 311 308 
1 15 
1 55 
2 30 154 
1 132 
3 116 63 88 
1 219 
2 295 269 
1 178 
2 164 218 
1 285 
3 28 294 225 
2 222 276 
2 195 321 
1 186 
2 319 114 
2 183 312 
2 380 143 
1 96 
2 382 300 
2 152 35 
2 149 316 
2 52 125 
2 399 381 
1 141 
1 6 
2 393 198 
1 213 
2 299 327 
1 161 
3 38 314 81 
1 357 
3 386 281 259 
3 135 229 378 
1 363 
1 86 
2 352 289 
3 391 145 207 
3 270 340 194 
1 242 
2 156 240 
2 221 46 
3 13 283 176 
3 159 360 398 
1 68 
2 90 97 
3 79 165 268 
1 121 
1 51 
4 39 49 113 50 
2 397 326 
1 328 
1 70 
3 160 32 82 
2 129 310 
3 361 100 288 
