400 1520 10 100 76
2
3
3
3
3
3
3
3
3
3
3
3
3
3
3
3
3
3
3
2
3
4
4
4
4
4
4
4
4
4
4
4
4
4
4
4
4
4
4
3
3
4
4
4
4
4
4
4
4
4
4
4
4
4
4
4
4
4
4
3
3
4
4
4
4
4
4
4
4
4
4
4
4
4
4
4
4
4
4
3
3
4
4
4
4
4
4
4
4
4
4
4
4
4
4
4
4
4
4
3
3
4
4
4
4
4
4
4
4
4
4
4
4
4
4
4
4
4
4
3
3
4
4
4
4
4
4
4
4
4
4
4
4
4
4
4
4
4
4
3
3
4
4
4
4
4
4
4
4
4
4
4
4
4
4
4
4
4
4
3
3
4
4
4
4
4
4
4
4
4
4
4
4
4
4
4
4
4
4
3
3
4
4
4
4
4
4
4
4
4
4
4
4
4
4
4
4
4
4
3
3
4
4
4
4
4
4
4
4
4
4
4
4
4
4
4
4
4
4
3
3
4
4
4
4
4
4
4
4
4
4
4
4
4
4
4
4
4
4
3
3
4
4
4
4
4
4
4
4
4
4
4
4
4
4
4
4
4
4
3
3
4
4
4
4
4
4
4
4
4
4
4
4
4
4
4
4
4
4
3
3
4
4
4
4
4
4
4
4
4
4
4
4
4
4
4
4
4
4
3
3
4
4
4
4
4
4
4
4
4
4
4
4
4
4
4
4
4
4
3
3
4
4
4
4
4
4
4
4
4
4
4
4
4
4
4
4
4
4
3
3
4
4
4
4
4
4
4
4
4
4
4
4
4
4
4
4
4
4
3
3
4
4
4
4
4
4
4
4
4
4
4
4
4
4
4
4
4
4
3
2
3
3
3
3
3
3
3
3
3
3
3
3
3
3
3
3
3
3
2
21 95
2 29
22 71
3 25
1 30
23 91
4 68
2 56
24 64
5 84
3 77
25 24
6 85
4 25
26 18
7 59
5 88
27 12
8 88
6 100
28 37
9 24
7 91
29 73
10 79
8 82
30 49
11 28
9 96
31 65
12 59
10 65
32 34
13 12
11 82
33 84
14 56
12 90
34 56
15 32
13 94
35 14
16 45
14 38
36 87
17 55
15 33
37 85
18 68
16 33
38 31
19 80
17 24
39 34
20 52
18 63
40 44
19 93
41 71
1 41
22 91
42 100
2 70
23 33
21 91
43 68
3 14
24 30
22 67
44 73
4 66
25 52
23 46
45 94
5 80
26 41
24 52
46 54
6 45
27 75
25 64
47 69
7 68
28 39
26 81
48 72
8 15
29 10
27 98
49 15
9 18
30 85
28 15
50 82
10 18
31 36
29 88
51 37
11 76
32 49
30 45
52 93
12 76
33 45
31 12
53 90
13 43
34 64
32 71
54 85
14 20
35 24
33 13
55 85
15 48
36 42
34 82
56 64
16 67
37 96
35 98
57 83
17 46
38 64
36 26
58 61
18 64
39 83
37 85
59 44
19 75
40 16
38 96
60 73
20 38
39 16
61 60
21 63
42 72
62 11
22 96
43 81
41 93
63 17
23 92
44 85
42 58
64 26
24 76
45 67
43 55
65 89
25 78
46 97
44 32
66 51
26 85
47 67
45 87
67 93
27 66
48 42
46 60
68 24
28 35
49 36
47 10
69 56
29 25
50 98
48 71
70 73
30 47
51 78
49 15
71 20
31 14
52 58
50 55
72 27
32 28
53 16
51 76
73 94
33 93
54 27
52 14
74 55
34 53
55 52
53 87
75 26
35 85
56 49
54 25
76 67
36 75
57 45
55 20
77 72
37 82
58 18
56 90
78 66
38 13
59 24
57 50
79 97
39 100
60 98
58 67
80 38
40 59
59 54
81 57
41 26
62 14
82 41
42 56
63 82
61 11
83 12
43 66
64 51
62 15
84 89
44 52
65 93
63 31
85 60
45 30
66 12
64 50
86 67
46 56
67 10
65 37
87 58
47 85
68 48
66 42
88 89
48 78
69 59
67 74
89 67
49 87
70 35
68 73
90 76
50 32
71 10
69 15
91 62
51 91
72 11
70 28
92 92
52 26
73 55
71 66
93 98
53 77
74 71
72 38
94 97
54 18
75 64
73 58
95 75
55 87
76 25
74 51
96 96
56 76
77 11
75 11
97 78
57 87
78 98
76 11
98 80
58 84
79 72
77 65
99 80
59 85
80 87
78 32
100 25
60 33
79 15
101 52
61 44
82 52
102 96
62 27
83 91
81 13
103 94
63 78
84 89
82 50
104 53
64 29
85 28
83 38
105 99
65 90
86 96
84 47
106 58
66 64
87 59
85 87
107 67
67 33
88 55
86 46
108 22
68 80
89 98
87 92
109 31
69 39
90 51
88 47
110 84
70 81
91 82
89 81
111 79
71 67
92 90
90 11
112 96
72 20
93 68
91 52
113 76
73 81
94 86
92 92
114 68
74 97
95 38
93 74
115 20
75 61
96 73
94 29
116 90
76 43
97 11
95 99
117 62
77 15
98 93
96 39
118 56
78 13
99 85
97 55
119 76
79 40
100 68
98 74
120 21
80 98
99 47
121 39
81 27
102 29
122 98
82 64
103 49
101 45
123 33
83 94
104 64
102 81
124 68
84 20
105 36
103 66
125 77
85 48
106 67
104 25
126 19
86 71
107 50
105 60
127 19
87 59
108 79
106 74
128 15
88 27
109 41
107 65
129 57
89 60
110 53
108 37
130 64
90 93
111 15
109 48
131 85
91 36
112 87
110 23
132 65
92 47
113 79
111 70
133 44
93 99
114 48
112 71
134 14
94 86
115 88
113 68
135 74
95 99
116 98
114 68
136 65
96 65
117 42
115 77
137 98
97 54
118 77
116 54
138 77
98 70
119 71
117 17
139 58
99 81
120 11
118 84
140 76
100 88
119 27
141 84
101 10
122 62
142 59
102 13
123 18
121 12
143 20
103 63
124 71
122 16
144 99
104 99
125 31
123 16
145 80
105 88
126 25
124 69
146 30
106 78
127 90
125 49
147 17
107 84
128 16
126 55
148 16
108 18
129 49
127 37
149 17
109 59
130 11
128 13
150 56
110 17
131 22
129 79
151 83
111 65
132 44
130 38
152 25
112 81
133 16
131 52
153 48
113 78
134 60
132 77
154 19
114 66
135 95
133 55
155 39
115 96
136 29
134 98
156 64
116 10
137 77
135 11
157 84
117 45
138 16
136 29
158 30
118 81
139 14
137 90
159 57
119 21
140 15
138 99
160 14
120 40
139 66
161 27
121 35
142 81
162 100
122 55
143 73
141 59
163 74
123 42
144 72
142 35
164 60
124 81
145 20
143 13
165 52
125 69
146 61
144 37
166 11
126 31
147 53
145 68
167 41
127 100
148 92
146 60
168 37
128 90
149 68
147 89
169 34
129 60
150 77
148 72
170 49
130 72
151 68
149 23
171 37
131 73
152 15
150 33
172 68
132 41
153 17
151 15
173 55
133 17
154 41
152 16
174 20
134 73
155 22
153 82
175 33
135 96
156 29
154 91
176 49
136 67
157 95
155 58
177 47
137 34
158 32
156 66
178 27
138 11
159 65
157 20
179 77
139 22
160 79
158 26
180 52
140 62
159 86
181 38
141 30
162 67
182 89
142 93
163 24
161 66
183 93
143 55
164 67
162 23
184 54
144 35
165 39
163 39
185 30
145 91
166 83
164 25
186 32
146 34
167 35
165 41
187 75
147 91
168 17
166 87
188 93
148 99
169 18
167 70
189 38
149 97
170 77
168 35
190 25
150 33
171 56
169 83
191 53
151 86
172 76
170 37
192 88
152 62
173 99
171 71
193 38
153 24
174 100
172 88
194 37
154 34
175 20
173 54
195 87
155 20
176 63
174 93
196 60
156 21
177 45
175 27
197 47
157 47
178 59
176 54
198 19
158 64
179 86
177 21
199 56
159 51
180 92
178 28
200 59
160 83
179 27
201 62
161 60
182 97
202 56
162 84
183 19
181 91
203 29
163 88
184 84
182 65
204 13
164 75
185 37
183 66
205 69
165 28
186 68
184 74
206 56
166 24
187 74
185 27
207 73
167 29
188 46
186 23
208 43
168 37
189 43
187 63
209 52
169 40
190 29
188 59
210 90
170 41
191 30
189 65
211 69
171 84
192 30
190 88
212 59
172 64
193 81
191 81
213 21
173 24
194 12
192 84
214 49
174 92
195 10
193 96
215 91
175 43
196 70
194 37
216 13
176 39
197 42
195 29
217 93
177 57
198 38
196 59
218 95
178 74
199 56
197 86
219 89
179 79
200 95
198 93
220 77
180 28
199 95
221 75
181 43
202 35
222 45
182 56
203 51
201 44
223 26
183 91
204 15
202 18
224 16
184 38
205 19
203 92
225 43
185 29
206 38
204 82
226 33
186 69
207 97
205 89
227 67
187 90
208 25
206 13
228 16
188 17
209 87
207 38
229 45
189 11
210 83
208 69
230 92
190 81
211 84
209 72
231 75
191 54
212 81
210 19
232 73
192 21
213 10
211 46
233 74
193 26
214 88
212 87
234 62
194 85
215 80
213 50
235 18
195 36
216 70
214 46
236 60
196 72
217 55
215 64
237 89
197 22
218 73
216 89
238 25
198 21
219 43
217 87
239 88
199 29
220 15
218 32
240 68
200 55
219 53
241 36
201 47
222 12
242 96
202 26
223 94
221 51
243 99
203 82
224 38
222 94
244 18
204 80
225 12
223 50
245 68
205 23
226 24
224 43
246 12
206 41
227 33
225 33
247 75
207 43
228 36
226 52
248 54
208 56
229 62
227 12
249 83
209 54
230 70
228 70
250 70
210 58
231 40
229 80
251 52
211 69
232 79
230 99
252 56
212 53
233 24
231 97
253 10
213 94
234 82
232 54
254 78
214 67
235 40
233 25
255 49
215 37
236 33
234 35
256 89
216 49
237 25
235 91
257 11
217 54
238 47
236 43
258 16
218 40
239 52
237 84
259 64
219 53
240 65
238 25
260 96
220 88
239 68
261 21
221 71
242 53
262 19
222 23
243 56
241 78
263 75
223 12
244 88
242 63
264 29
224 39
245 10
243 42
265 57
225 82
246 24
244 60
266 20
226 14
247 25
245 88
267 24
227 35
248 94
246 32
268 98
228 89
249 75
247 92
269 82
229 97
250 30
248 49
270 22
230 81
251 54
249 63
271 46
231 59
252 78
250 22
272 93
232 82
253 32
251 21
273 19
233 35
254 84
252 50
274 67
234 23
255 58
253 10
275 73
235 97
256 12
254 62
276 93
236 61
257 97
255 83
277 44
237 32
258 49
256 50
278 73
238 92
259 36
257 17
279 96
239 41
260 21
258 58
280 13
240 94
259 86
281 80
241 14
262 67
282 21
242 29
263 49
261 46
283 72
243 20
264 61
262 91
284 89
244 33
265 55
263 35
285 26
245 75
266 60
264 46
286 18
246 75
267 83
265 74
287 52
247 63
268 54
266 28
288 66
248 94
269 88
267 58
289 33
249 72
270 22
268 49
290 66
250 94
271 25
269 62
291 20
251 35
272 60
270 37
292 13
252 12
273 50
271 76
293 81
253 77
274 25
272 93
294 71
254 28
275 84
273 50
295 25
255 74
276 57
274 52
296 100
256 83
277 18
275 52
297 36
257 92
278 18
276 61
298 22
258 66
279 92
277 82
299 68
259 63
280 90
278 15
300 99
260 85
279 52
301 40
261 36
282 89
302 68
262 97
283 57
281 83
303 11
263 12
284 97
282 25
304 28
264 30
285 97
283 57
305 71
265 37
286 85
284 39
306 38
266 61
287 54
285 42
307 29
267 49
288 60
286 98
308 82
268 23
289 12
287 46
309 51
269 100
290 28
288 50
310 73
270 98
291 11
289 54
311 70
271 87
292 72
290 51
312 41
272 71
293 22
291 72
313 61
273 43
294 68
292 97
314 48
274 38
295 92
293 89
315 72
275 42
296 45
294 11
316 42
276 53
297 46
295 19
317 84
277 71
298 58
296 51
318 52
278 64
299 94
297 31
319 28
279 39
300 86
298 74
320 22
280 35
299 62
321 43
281 25
302 48
322 73
282 50
303 39
301 54
323 29
283 59
304 28
302 24
324 42
284 13
305 49
303 62
325 86
285 100
306 69
304 88
326 27
286 42
307 71
305 29
327 53
287 98
308 72
306 31
328 76
288 35
309 43
307 73
329 19
289 35
310 50
308 82
330 78
290 72
311 47
309 55
331 72
291 45
312 57
310 93
332 56
292 50
313 49
311 82
333 76
293 57
314 39
312 46
334 36
294 99
315 47
313 99
335 49
295 48
316 74
314 10
336 91
296 71
317 81
315 84
337 63
297 87
318 55
316 91
338 83
298 40
319 60
317 76
339 70
299 60
320 21
318 95
340 73
300 22
319 81
341 88
301 53
322 88
342 18
302 92
323 78
321 97
343 78
303 38
324 52
322 68
344 11
304 90
325 71
323 48
345 71
305 22
326 10
324 83
346 69
306 37
327 34
325 49
347 26
307 10
328 33
326 61
348 74
308 14
329 82
327 22
349 17
309 15
330 68
328 10
350 82
310 22
331 53
329 69
351 60
311 38
332 78
330 62
352 100
312 97
333 21
331 93
353 98
313 37
334 36
332 31
354 22
314 81
335 64
333 95
355 48
315 98
336 44
334 21
356 21
316 88
337 45
335 24
357 86
317 49
338 21
336 52
358 77
318 70
339 19
337 50
359 67
319 64
340 86
338 83
360 62
320 77
339 63
361 39
321 99
342 53
362 91
322 93
343 92
341 30
363 27
323 88
344 72
342 14
364 60
324 65
345 60
343 27
365 24
325 25
346 96
344 12
366 92
326 73
347 66
345 81
367 82
327 76
348 42
346 30
368 91
328 30
349 31
347 82
369 36
329 31
350 37
348 95
370 52
330 23
351 90
349 56
371 78
331 47
352 53
350 15
372 72
332 16
353 73
351 13
373 29
333 77
354 23
352 11
374 15
334 27
355 13
353 65
375 27
335 64
356 66
354 14
376 41
336 14
357 46
355 56
377 22
337 76
358 14
356 27
378 50
338 94
359 57
357 79
379 89
339 38
360 94
358 65
380 97
340 30
359 68
381 84
341 70
362 78
382 77
342 90
363 39
361 75
383 59
343 59
364 100
362 13
384 30
344 53
365 50
363 86
385 74
345 11
366 83
364 48
386 99
346 96
367 40
365 27
387 82
347 66
368 23
366 50
388 84
348 65
369 96
367 10
389 52
349 65
370 87
368 11
390 10
350 90
371 84
369 78
391 84
351 66
372 67
370 24
392 29
352 51
373 84
371 27
393 60
353 63
374 40
372 96
394 69
354 49
375 39
373 22
395 30
355 83
376 56
374 55
396 22
356 88
377 12
375 15
397 87
357 95
378 21
376 34
398 34
358 22
379 38
377 61
399 43
359 95
380 96
378 94
400 88
360 64
379 87
361 72
382 71
362 27
383 91
381 75
363 78
384 84
382 96
364 76
385 44
383 34
365 35
386 38
384 45
366 36
387 46
385 15
367 70
388 20
386 50
368 89
389 15
387 20
369 90
390 75
388 94
370 50
391 32
389 66
371 75
392 20
390 80
372 47
393 10
391 52
373 32
394 40
392 35
374 53
395 70
393 79
375 94
396 17
394 42
376 82
397 20
395 49
377 71
398 73
396 86
378 72
399 76
397 11
379 22
400 32
398 31
380 97
399 88
319
123
2 345 319 
3 384 300 264 
2 261 78 
1 352 
3 108 100 393 
1 219 
2 50 224 
1 280 
1 80 
1 237 
2 252 94 
2 381 196 
1 208 
1 218 
3 8 168 120 
1 278 
1 148 
1 158 
1 259 
3 135 397 106 
3 49 188 263 
1 147 
2 220 258 
1 115 
2 111 122 
2 326 72 
1 390 
1 16 
2 210 211 
2 102 82 
1 230 
3 179 86 234 
4 110 332 183 387 
1 287 
1 137 
3 302 376 11 
3 101 322 348 
2 217 15 
2 184 324 
3 325 153 229 
1 141 
3 227 7 297 
2 265 4 
1 209 
2 356 246 
1 53 
2 1 169 
2 254 303 
1 155 
2 388 164 
1 400 
2 399 174 
1 182 
1 126 
3 144 291 154 
1 204 
1 248 
1 270 
3 255 240 298 
2 215 375 
2 380 13 
2 284 129 
2 6 221 
4 195 162 45 17 
2 58 27 
2 305 103 
2 245 357 
1 85 
2 127 296 
2 295 256 
3 145 286 194 
1 213 
3 197 392 91 
2 206 374 
1 105 
3 329 28 123 
