600 2276 10 100 114
2
3
3
3
3
3
3
3
3
3
3
3
3
3
3
3
3
3
3
3
3
3
3
3
3
3
3
3
3
3
3
3
3
3
3
3
3
3
3
3
3
3
3
3
3
3
3
3
3
2
3
4
4
4
4
4
4
4
4
4
4
4
4
4
4
4
4
4
4
4
4
4
4
4
4
4
4
4
4
4
4
4
4
4
4
4
4
4
4
4
4
4
4
4
4
4
4
4
4
3
3
4
4
4
4
4
4
4
4
4
4
4
4
4
4
4
4
4
4
4
4
4
4
4
4
4
4
4
4
4
4
4
4
4
4
4
4
4
4
4
4
4
4
4
4
4
4
4
4
3
3
4
4
4
4
4
4
4
4
4
4
4
4
4
4
4
4
4
4
4
4
4
4
4
4
4
4
4
4
4
4
4
4
4
4
4
4
4
4
4
4
4
4
4
4
4
4
4
4
3
3
4
4
4
4
4
4
4
4
4
4
4
4
4
4
4
4
4
4
4
4
4
4
4
4
4
4
4
4
4
4
4
4
4
4
4
4
4
4
4
4
4
4
4
4
4
4
4
4
3
3
4
4
4
4
4
4
4
4
4
4
4
4
4
4
4
4
4
4
4
4
4
4
4
4
4
4
4
4
4
4
4
4
4
4
4
4
4
4
4
4
4
4
4
4
4
4
4
4
3
3
4
4
4
4
4
4
4
4
4
4
4
4
4
4
4
4
4
4
4
4
4
4
4
4
4
4
4
4
4
4
4
4
4
4
4
4
4
4
4
4
4
4
4
4
4
4
4
4
3
3
4
4
4
4
4
4
4
4
4
4
4
4
4
4
4
4
4
4
4
4
4
4
4
4
4
4
4
4
4
4
4
4
4
4
4
4
4
4
4
4
4
4
4
4
4
4
4
4
3
3
4
4
4
4
4
4
4
4
4
4
4
4
4
4
4
4
4
4
4
4
4
4
4
4
4
4
4
4
4
4
4
4
4
4
4
4
4
4
4
4
4
4
4
4
4
4
4
4
3
3
4
4
4
4
4
4
4
4
4
4
4
4
4
4
4
4
4
4
4
4
4
4
4
4
4
4
4
4
4
4
4
4
4
4
4
4
4
4
4
4
4
4
4
4
4
4
4
4
3
3
4
4
4
4
4
4
4
4
4
4
4
4
4
4
4
4
4
4
4
4
4
4
4
4
4
4
4
4
4
4
4
4
4
4
4
4
4
4
4
4
4
4
4
4
4
4
4
4
3
2
3
3
3
3
3
3
3
3
3
3
3
3
3
3
3
3
3
3
3
3
3
3
3
3
3
3
3
3
3
3
3
3
3
3
3
3
3
3
3
3
3
3
3
3
3
3
3
3
2
51 98
2 29
52 53
3 23
1 74
53 30
4 56
2 72
54 69
5 67
3 89
55 91
6 20
4 51
56 36
7 10
5 20
57 32
8 59
6 93
58 79
9 96
7 78
59 59
10 16
8 71
60 61
11 71
9 93
61 66
12 89
10 41
62 51
13 70
11 14
63 98
14 21
12 24
64 77
15 90
13 84
65 45
16 76
14 73
66 52
17 87
15 51
67 73
18 63
16 28
68 43
19 86
17 98
69 36
20 95
18 35
70 11
21 94
19 91
71 52
22 34
20 49
72 82
23 40
21 73
73 62
24 88
22 45
74 55
25 84
23 25
75 43
26 66
24 14
76 70
27 33
25 13
77 94
28 14
26 15
78 73
29 45
27 97
79 72
30 41
28 27
80 51
31 82
29 82
81 61
32 80
30 81
82 10
33 58
31 69
83 61
34 29
32 79
84 64
35 37
33 84
85 94
36 24
34 65
86 89
37 64
35 90
87 63
38 73
36 36
88 82
39 96
37 36
89 78
40 94
38 29
90 65
41 77
39 75
91 53
42 57
40 51
92 90
43 61
41 100
93 14
44 54
42 54
94 41
45 72
43 40
95 86
46 42
44 69
96 87
47 42
45 50
97 99
48 61
46 50
98 47
49 45
47 10
99 52
50 90
48 20
100 78
49 42
101 20
1 31
52 100
102 93
2 12
53 13
51 45
103 84
3 21
54 39
52 99
104 92
4 98
55 84
53 51
105 49
5 94
56 26
54 85
106 10
6 82
57 96
55 78
107 13
7 42
58 40
56 50
108 81
8 73
59 78
57 67
109 35
9 16
60 60
58 94
110 19
10 87
61 24
59 68
111 43
11 73
62 64
60 28
112 55
12 67
63 60
61 74
113 72
13 20
64 11
62 41
114 49
14 31
65 92
63 68
115 46
15 67
66 70
64 57
116 86
16 19
67 84
65 78
117 100
17 60
68 76
66 48
118 100
18 94
69 46
67 51
119 39
19 44
70 52
68 53
120 97
20 27
71 56
69 16
121 31
21 10
72 39
70 75
122 98
22 48
73 32
71 23
123 12
23 67
74 96
72 67
124 69
24 10
75 17
73 48
125 15
25 59
76 47
74 44
126 99
26 18
77 72
75 41
127 32
27 57
78 10
76 36
128 39
28 21
79 97
77 29
129 89
29 78
80 65
78 32
130 57
30 39
81 43
79 94
131 96
31 32
82 74
80 74
132 20
32 19
83 97
81 28
133 11
33 83
84 99
82 96
134 10
34 76
85 45
83 63
135 63
35 60
86 34
84 37
136 76
36 18
87 71
85 86
137 70
37 25
88 34
86 23
138 89
38 35
89 57
87 53
139 75
39 45
90 42
88 84
140 11
40 35
91 85
89 50
141 94
41 83
92 26
90 25
142 68
42 76
93 37
91 45
143 88
43 54
94 81
92 25
144 42
44 32
95 38
93 64
145 80
45 88
96 20
94 68
146 65
46 63
97 68
95 16
147 42
47 86
98 39
96 97
148 37
48 77
99 13
97 42
149 62
49 38
100 62
98 57
150 78
50 16
99 80
151 38
51 85
102 53
152 87
52 27
103 89
101 68
153 92
53 25
104 72
102 32
154 78
54 27
105 83
103 91
155 77
55 94
106 95
104 82
156 82
56 63
107 40
105 22
157 71
57 47
108 68
106 43
158 34
58 13
109 59
107 55
159 79
59 49
110 10
108 24
160 32
60 79
111 95
109 78
161 80
61 12
112 69
110 81
162 36
62 73
113 10
111 84
163 24
63 36
114 84
112 70
164 30
64 22
115 90
113 45
165 92
65 23
116 84
114 84
166 59
66 32
117 41
115 88
167 22
67 56
118 80
116 52
168 45
68 53
119 66
117 43
169 36
69 35
120 55
118 56
170 51
70 83
121 49
119 57
171 39
71 23
122 37
120 72
172 22
72 52
123 66
121 68
173 87
73 20
124 59
122 49
174 28
74 10
125 61
123 59
175 35
75 41
126 60
124 83
176 86
76 50
127 22
125 93
177 23
77 91
128 88
126 74
178 69
78 16
129 16
127 10
179 32
79 33
130 52
128 77
180 98
80 91
131 70
129 63
181 99
81 96
132 54
130 37
182 91
82 74
133 93
131 37
183 70
83 81
134 31
132 88
184 50
84 30
135 70
133 62
185 40
85 16
136 10
134 69
186 51
86 58
137 94
135 19
187 65
87 34
138 43
136 72
188 33
88 37
139 90
137 76
189 19
89 25
140 60
138 32
190 67
90 68
141 82
139 30
191 97
91 67
142 43
140 55
192 62
92 71
143 29
141 47
193 48
93 22
144 88
142 78
194 67
94 31
145 98
143 68
195 92
95 11
146 70
144 29
196 14
96 67
147 56
145 99
197 43
97 11
148 72
146 52
198 98
98 15
149 12
147 42
199 28
99 61
150 27
148 24
200 79
100 87
149 89
201 33
101 59
152 35
202 88
102 92
153 15
151 21
203 28
103 68
154 51
152 17
204 72
104 58
155 84
153 95
205 82
105 19
156 17
154 25
206 78
106 46
157 46
155 38
207 46
107 38
158 32
156 31
208 32
108 98
159 85
157 89
209 70
109 82
160 34
158 87
210 20
110 58
161 63
159 15
211 41
111 28
162 97
160 100
212 77
112 54
163 56
161 13
213 33
113 26
164 23
162 12
214 99
114 81
165 54
163 86
215 92
115 22
166 60
164 62
216 22
116 84
167 27
165 13
217 83
117 22
168 77
166 60
218 82
118 10
169 93
167 56
219 71
119 10
170 17
168 79
220 20
120 59
171 11
169 50
221 65
121 60
172 53
170 46
222 60
122 22
173 48
171 94
223 59
123 73
174 42
172 83
224 13
124 46
175 29
173 27
225 47
125 71
176 92
174 53
226 17
126 39
177 29
175 99
227 34
127 30
178 98
176 85
228 69
128 34
179 11
177 88
229 42
129 20
180 62
178 88
230 76
130 46
181 19
179 60
231 61
131 54
182 51
180 75
232 18
132 24
183 72
181 99
233 71
133 30
184 14
182 25
234 38
134 68
185 92
183 56
235 95
135 60
186 21
184 82
236 78
136 42
187 64
185 29
237 99
137 53
188 97
186 23
238 34
138 79
189 11
187 16
239 52
139 71
190 90
188 94
240 38
140 88
191 18
189 45
241 82
141 47
192 70
190 51
242 47
142 89
193 71
191 11
243 26
143 95
194 65
192 25
244 14
144 95
195 38
193 95
245 53
145 75
196 40
194 64
246 29
146 31
197 43
195 17
247 42
147 32
198 20
196 91
248 74
148 88
199 69
197 53
249 57
149 62
200 85
198 33
250 53
150 38
199 15
251 76
151 86
202 48
252 53
152 30
203 57
201 35
253 72
153 60
204 59
202 63
254 67
154 97
205 33
203 56
255 43
155 75
206 32
204 31
256 76
156 23
207 43
205 91
257 85
157 70
208 73
206 11
258 27
158 53
209 56
207 39
259 79
159 11
210 93
208 92
260 99
160 31
211 52
209 42
261 17
161 29
212 65
210 51
262 37
162 56
213 54
211 78
263 12
163 45
214 80
212 12
264 34
164 10
215 22
213 86
265 36
165 97
216 76
214 34
266 66
166 93
217 54
215 11
267 40
167 80
218 31
216 43
268 28
168 54
219 11
217 79
269 60
169 75
220 52
218 93
270 31
170 71
221 61
219 23
271 97
171 56
222 41
220 74
272 89
172 96
223 55
221 75
273 93
173 45
224 92
222 79
274 66
174 57
225 33
223 88
275 88
175 52
226 87
224 10
276 31
176 99
227 17
225 58
277 36
177 51
228 27
226 12
278 14
178 57
229 42
227 81
279 100
179 54
230 79
228 22
280 19
180 53
231 99
229 93
281 11
181 20
232 33
230 39
282 93
182 27
233 26
231 42
283 92
183 55
234 62
232 36
284 81
184 11
235 56
233 75
285 40
185 70
236 65
234 90
286 76
186 84
237 12
235 79
287 94
187 51
238 44
236 56
288 39
188 83
239 20
237 14
289 98
189 42
240 52
238 63
290 95
190 76
241 34
239 16
291 86
191 61
242 27
240 32
292 62
192 56
243 18
241 90
293 53
193 74
244 48
242 47
294 21
194 19
245 78
243 44
295 24
195 62
246 39
244 19
296 39
196 59
247 48
245 19
297 51
197 55
248 14
246 33
298 49
198 58
249 30
247 76
299 29
199 49
250 100
248 50
300 88
200 26
249 10
301 74
201 75
252 36
302 79
202 96
253 50
251 58
303 13
203 88
254 65
252 20
304 27
204 61
255 56
253 33
305 82
205 22
256 39
254 11
306 73
206 28
257 12
255 70
307 57
207 83
258 69
256 93
308 28
208 43
259 27
257 80
309 65
209 53
260 56
258 58
310 86
210 37
261 71
259 91
311 34
211 71
262 67
260 81
312 90
212 90
263 30
261 81
313 68
213 30
264 91
262 84
314 44
214 92
265 16
263 70
315 28
215 50
266 26
264 12
316 36
216 82
267 15
265 31
317 92
217 54
268 50
266 45
318 99
218 67
269 39
267 28
319 77
219 43
270 30
268 70
320 74
220 93
271 20
269 53
321 52
221 84
272 15
270 17
322 63
222 92
273 45
271 81
323 16
223 44
274 70
272 13
324 59
224 44
275 72
273 23
325 82
225 73
276 88
274 12
326 20
226 92
277 78
275 72
327 79
227 89
278 21
276 95
328 70
228 77
279 88
277 55
329 14
229 19
280 26
278 18
330 27
230 29
281 75
279 22
331 42
231 51
282 71
280 51
332 27
232 39
283 21
281 69
333 44
233 32
284 75
282 95
334 36
234 60
285 53
283 57
335 25
235 27
286 37
284 14
336 32
236 63
287 15
285 15
337 100
237 11
288 56
286 48
338 70
238 73
289 20
287 37
339 82
239 76
290 75
288 43
340 66
240 74
291 25
289 64
341 56
241 98
292 51
290 21
342 68
242 18
293 34
291 68
343 75
243 97
294 89
292 66
344 95
244 85
295 55
293 76
345 77
245 75
296 72
294 71
346 72
246 30
297 65
295 28
347 22
247 28
298 99
296 62
348 13
248 68
299 56
297 96
349 26
249 86
300 34
298 33
350 60
250 10
299 75
351 29
251 76
302 76
352 45
252 28
303 34
301 54
353 16
253 38
304 34
302 46
354 80
254 62
305 11
303 42
355 92
255 63
306 55
304 68
356 41
256 15
307 55
305 72
357 24
257 11
308 65
306 36
358 15
258 44
309 90
307 75
359 57
259 47
310 37
308 69
360 33
260 90
311 47
309 88
361 86
261 14
312 13
310 92
362 57
262 89
313 96
311 64
363 84
263 63
314 54
312 83
364 75
264 23
315 85
313 44
365 20
265 98
316 28
314 36
366 69
266 77
317 57
315 55
367 59
267 41
318 83
316 72
368 83
268 45
319 11
317 30
369 52
269 93
320 60
318 89
370 33
270 53
321 52
319 58
371 76
271 66
322 52
320 28
372 19
272 45
323 27
321 64
373 28
273 83
324 62
322 18
374 91
274 26
325 69
323 39
375 73
275 75
326 99
324 33
376 12
276 86
327 23
325 72
377 46
277 45
328 22
326 89
378 19
278 86
329 30
327 90
379 37
279 70
330 17
328 17
380 95
280 56
331 38
329 39
381 47
281 94
332 34
330 94
382 78
282 48
333 46
331 34
383 100
283 78
334 45
332 62
384 100
284 50
335 56
333 69
385 97
285 46
336 59
334 46
386 10
286 87
337 20
335 22
387 41
287 98
338 25
336 43
388 47
288 79
339 42
337 31
389 34
289 40
340 82
338 75
390 64
290 24
341 82
339 36
391 70
291 96
342 49
340 69
392 87
292 93
343 52
341 50
393 69
293 58
344 56
342 75
394 72
294 62
345 96
343 73
395 92
295 40
346 67
344 47
396 16
296 61
347 27
345 23
397 25
297 98
348 24
346 51
398 47
298 83
349 28
347 92
399 58
299 65
350 76
348 93
400 93
300 33
349 45
401 71
301 24
352 69
402 20
302 81
353 18
351 67
403 33
303 21
354 53
352 79
404 35
304 15
355 92
353 80
405 45
305 93
356 31
354 91
406 11
306 44
357 42
355 39
407 34
307 15
358 60
356 40
408 17
308 70
359 47
357 84
409 68
309 39
360 86
358 17
410 87
310 86
361 35
359 89
411 52
311 49
362 29
360 49
412 75
312 28
363 46
361 95
413 34
313 96
364 20
362 11
414 38
314 87
365 30
363 47
415 41
315 77
366 14
364 93
416 92
316 22
367 64
365 86
417 90
317 12
368 94
366 42
418 88
318 46
369 28
367 54
419 95
319 97
370 67
368 79
420 60
320 94
371 37
369 80
421 25
321 74
372 27
370 24
422 22
322 24
373 51
371 38
423 16
323 18
374 25
372 59
424 77
324 37
375 99
373 97
425 44
325 55
376 37
374 39
426 15
326 40
377 37
375 100
427 21
327 77
378 15
376 100
428 61
328 66
379 20
377 31
429 40
329 10
380 45
378 18
430 88
330 45
381 91
379 26
431 34
331 76
382 79
380 42
432 22
332 19
383 70
381 25
433 91
333 68
384 15
382 78
434 39
334 26
385 10
383 73
435 73
335 62
386 62
384 47
436 56
336 73
387 73
385 28
437 78
337 45
388 63
386 78
438 39
338 56
389 27
387 14
439 43
339 30
390 65
388 93
440 24
340 54
391 22
389 34
441 75
341 35
392 46
390 70
442 97
342 41
393 83
391 63
443 37
343 26
394 88
392 51
444 53
344 27
395 18
393 18
445 25
345 60
396 86
394 86
446 40
346 20
397 31
395 24
447 12
347 76
398 97
396 21
448 48
348 83
399 97
397 89
449 40
349 86
400 13
398 18
450 14
350 15
399 21
451 50
351 35
402 96
452 67
352 47
403 99
401 87
453 88
353 58
404 46
402 48
454 60
354 50
405 66
403 84
455 78
355 23
406 62
404 45
456 64
356 55
407 60
405 84
457 15
357 55
408 26
406 100
458 56
358 98
409 17
407 13
459 31
359 62
410 51
408 26
460 76
360 66
411 59
409 55
461 50
361 28
412 25
410 86
462 82
362 21
413 23
411 60
463 53
363 50
414 85
412 53
464 89
364 91
415 83
413 99
465 97
365 87
416 69
414 56
466 91
366 78
417 39
415 18
467 30
367 48
418 18
416 57
468 16
368 59
419 35
417 36
469 91
369 11
420 51
418 20
470 59
370 89
421 53
419 58
471 35
371 85
422 31
420 86
472 25
372 43
423 49
421 33
473 68
373 41
424 62
422 80
474 27
374 62
425 17
423 62
475 11
375 91
426 33
424 68
476 75
376 88
427 15
425 29
477 21
377 36
428 94
426 17
478 74
378 89
429 25
427 53
479 20
379 80
430 15
428 82
480 58
380 18
431 50
429 89
481 69
381 49
432 32
430 64
482 14
382 27
433 66
431 70
483 73
383 20
434 42
432 61
484 90
384 62
435 84
433 55
485 73
385 23
436 54
434 15
486 85
386 33
437 49
435 69
487 94
387 31
438 56
436 51
488 72
388 75
439 91
437 93
489 87
389 36
440 24
438 32
490 36
390 100
441 99
439 25
491 77
391 21
442 54
440 64
492 79
392 92
443 65
441 48
493 36
393 45
444 30
442 52
494 57
394 96
445 37
443 100
495 61
395 36
446 25
444 95
496 96
396 56
447 34
445 16
497 11
397 82
448 28
446 57
498 33
398 24
449 62
447 54
499 61
399 66
450 100
448 81
500 69
400 11
449 99
501 73
401 68
452 67
502 67
402 68
453 41
451 64
503 58
403 44
454 16
452 80
504 73
404 32
455 24
453 64
505 17
405 65
456 51
454 65
506 33
406 46
457 55
455 19
507 37
407 23
458 38
456 40
508 21
408 46
459 14
457 27
509 51
409 98
460 30
458 21
510 85
410 96
461 11
459 42
511 50
411 78
462 22
460 36
512 99
412 58
463 83
461 58
513 43
413 75
464 59
462 21
514 10
414 98
465 23
463 73
515 50
415 32
466 94
464 24
516 56
416 58
467 30
465 72
517 88
417 60
468 46
466 100
518 63
418 11
469 65
467 99
519 57
419 57
470 70
468 10
520 97
420 87
471 34
469 49
521 66
421 85
472 49
470 42
522 14
422 99
473 92
471 98
523 35
423 62
474 49
472 34
524 33
424 62
475 77
473 95
525 74
425 36
476 88
474 34
526 94
426 82
477 61
475 45
527 77
427 81
478 79
476 70
528 15
428 90
479 44
477 33
529 75
429 28
480 65
478 15
530 36
430 25
481 96
479 66
531 70
431 39
482 67
480 12
532 67
432 28
483 43
481 75
533 54
433 22
484 93
482 83
534 96
434 33
485 44
483 47
535 96
435 58
486 47
484 66
536 90
436 87
487 16
485 78
537 40
437 45
488 90
486 74
538 27
438 31
489 97
487 51
539 14
439 41
490 22
488 46
540 48
440 89
491 82
489 47
541 96
441 31
492 37
490 63
542 54
442 50
493 94
491 73
543 19
443 54
494 74
492 96
544 46
444 79
495 15
493 92
545 42
445 57
496 31
494 17
546 95
446 81
497 100
495 70
547 20
447 25
498 73
496 95
548 64
448 86
499 26
497 77
549 44
449 68
500 71
498 92
550 68
450 68
499 56
551 57
451 88
502 49
552 17
452 59
503 96
501 52
553 75
453 43
504 91
502 54
554 86
454 53
505 44
503 99
555 24
455 18
506 92
504 56
556 77
456 46
507 95
505 53
557 76
457 85
508 20
506 70
558 85
458 37
509 68
507 15
559 100
459 57
510 33
508 68
560 51
460 68
511 17
509 46
561 18
461 49
512 15
510 42
562 29
462 13
513 13
511 91
563 34
463 46
514 61
512 56
564 25
464 42
515 40
513 61
565 56
465 33
516 42
514 50
566 17
466 61
517 89
515 24
567 92
467 34
518 57
516 59
568 64
468 63
519 46
517 55
569 31
469 15
520 17
518 48
570 91
470 84
521 100
519 87
571 80
471 42
522 56
520 88
572 60
472 99
523 79
521 61
573 23
473 31
524 95
522 93
574 60
474 65
525 82
523 49
575 25
475 79
526 41
524 51
576 33
476 55
527 84
525 85
577 71
477 37
528 50
526 94
578 47
478 90
529 33
527 72
579 24
479 53
530 45
528 68
580 41
480 65
531 19
529 43
581 70
481 19
532 65
530 37
582 65
482 21
533 31
531 54
583 88
483 54
534 81
532 19
584 64
484 69
535 79
533 47
585 10
485 62
536 69
534 37
586 72
486 87
537 56
535 99
587 85
487 97
538 93
536 49
588 71
488 64
539 35
537 12
589 91
489 42
540 16
538 87
590 54
490 74
541 89
539 20
591 100
491 46
542 78
540 97
592 38
492 46
543 41
541 39
593 65
493 52
544 89
542 61
594 70
494 65
545 10
543 22
595 22
495 18
546 69
544 82
596 84
496 56
547 38
545 50
597 90
497 15
548 87
546 62
598 60
498 23
549 30
547 18
599 33
499 42
550 85
548 19
600 62
500 38
549 88
501 23
552 70
502 83
553 30
551 47
503 26
554 21
552 22
504 66
555 82
553 43
505 79
556 85
554 99
506 75
557 84
555 46
507 53
558 17
556 62
508 40
559 85
557 53
509 94
560 37
558 58
510 41
561 100
559 78
511 20
562 48
560 98
512 89
563 23
561 60
513 76
564 52
562 69
514 15
565 32
563 52
515 47
566 25
564 53
516 55
567 87
565 66
517 83
568 15
566 43
518 92
569 75
567 70
519 24
570 32
568 48
520 27
571 44
569 98
521 52
572 20
570 13
522 41
573 69
571 22
523 94
574 53
572 28
524 45
575 17
573 69
525 70
576 28
574 43
526 84
577 63
575 64
527 50
578 28
576 78
528 77
579 15
577 30
529 23
580 92
578 18
530 99
581 71
579 93
531 19
582 91
580 96
532 50
583 16
581 39
533 59
584 24
582 89
534 96
585 33
583 63
535 46
586 42
584 87
536 53
587 78
585 25
537 88
588 21
586 75
538 36
589 47
587 42
539 97
590 61
588 66
540 41
591 49
589 42
541 68
592 47
590 82
542 80
593 65
591 29
543 100
594 48
592 13
544 94
595 65
593 92
545 68
596 70
594 14
546 10
597 31
595 44
547 54
598 78
596 53
548 99
599 10
597 43
549 48
600 15
598 34
550 30
599 16
128
175
1 128 
2 264 45 
2 196 276 
2 310 137 
1 15 
5 40 259 173 302 172 
3 130 539 387 
1 400 
1 167 
2 460 101 
2 505 484 
2 131 229 
1 544 
2 150 552 
3 528 541 386 
2 556 404 
3 296 57 548 
1 110 
1 409 
2 219 594 
2 22 391 
2 463 526 
2 240 146 
1 294 
1 89 
2 135 507 
3 269 360 35 
2 34 266 
2 304 466 
2 272 158 
1 356 
2 44 26 
1 359 
2 186 236 
2 542 537 
1 517 
2 341 254 
4 295 415 126 82 
2 97 107 
2 151 451 
3 258 325 324 
1 492 
3 182 461 327 
1 20 
1 248 
1 143 
1 348 
1 140 
1 331 
2 92 17 
1 118 
2 24 213 
2 317 183 
2 508 67 
2 420 228 
2 270 253 
1 577 
1 231 
3 278 185 500 
4 479 10 174 441 
1 430 
2 277 52 
1 345 
2 201 308 
3 265 314 472 
1 102 
3 142 452 162 
2 578 536 
2 433 477 
1 376 
3 334 502 42 
2 72 74 
2 289 580 
1 563 
1 242 
2 336 5 
2 55 557 
1 465 
1 282 
1 210 
4 485 547 47 147 
1 160 
1 384 
1 43 
1 435 
1 490 
1 339 
1 115 
2 408 193 
3 422 171 246 
1 599 
2 445 46 
1 28 
3 105 148 425 
1 122 
1 543 
1 519 
2 403 71 
2 299 25 
1 405 
2 596 530 
3 554 538 268 
2 79 103 
1 560 
5 573 390 114 233 209 
3 292 283 204 
1 407 
3 413 306 524 
3 338 56 257 
1 275 
5 117 199 449 396 223 
1 424 
1 503 
2 488 175 
