600 2276 10 100 114
2
3
3
3
3
3
3
3
3
3
3
3
3
3
3
3
3
3
3
3
3
3
3
3
3
3
3
3
3
3
3
3
3
3
3
3
3
3
3
3
3
3
3
3
3
3
3
3
3
2
3
4
4
4
4
4
4
4
4
4
4
4
4
4
4
4
4
4
4
4
4
4
4
4
4
4
4
4
4
4
4
4
4
4
4
4
4
4
4
4
4
4
4
4
4
4
4
4
4
3
3
4
4
4
4
4
4
4
4
4
4
4
4
4
4
4
4
4
4
4
4
4
4
4
4
4
4
4
4
4
4
4
4
4
4
4
4
4
4
4
4
4
4
4
4
4
4
4
4
3
3
4
4
4
4
4
4
4
4
4
4
4
4
4
4
4
4
4
4
4
4
4
4
4
4
4
4
4
4
4
4
4
4
4
4
4
4
4
4
4
4
4
4
4
4
4
4
4
4
3
3
4
4
4
4
4
4
4
4
4
4
4
4
4
4
4
4
4
4
4
4
4
4
4
4
4
4
4
4
4
4
4
4
4
4
4
4
4
4
4
4
4
4
4
4
4
4
4
4
3
3
4
4
4
4
4
4
4
4
4
4
4
4
4
4
4
4
4
4
4
4
4
4
4
4
4
4
4
4
4
4
4
4
4
4
4
4
4
4
4
4
4
4
4
4
4
4
4
4
3
3
4
4
4
4
4
4
4
4
4
4
4
4
4
4
4
4
4
4
4
4
4
4
4
4
4
4
4
4
4
4
4
4
4
4
4
4
4
4
4
4
4
4
4
4
4
4
4
4
3
3
4
4
4
4
4
4
4
4
4
4
4
4
4
4
4
4
4
4
4
4
4
4
4
4
4
4
4
4
4
4
4
4
4
4
4
4
4
4
4
4
4
4
4
4
4
4
4
4
3
3
4
4
4
4
4
4
4
4
4
4
4
4
4
4
4
4
4
4
4
4
4
4
4
4
4
4
4
4
4
4
4
4
4
4
4
4
4
4
4
4
4
4
4
4
4
4
4
4
3
3
4
4
4
4
4
4
4
4
4
4
4
4
4
4
4
4
4
4
4
4
4
4
4
4
4
4
4
4
4
4
4
4
4
4
4
4
4
4
4
4
4
4
4
4
4
4
4
4
3
3
4
4
4
4
4
4
4
4
4
4
4
4
4
4
4
4
4
4
4
4
4
4
4
4
4
4
4
4
4
4
4
4
4
4
4
4
4
4
4
4
4
4
4
4
4
4
4
4
3
2
3
3
3
3
3
3
3
3
3
3
3
3
3
3
3
3
3
3
3
3
3
3
3
3
3
3
3
3
3
3
3
3
3
3
3
3
3
3
3
3
3
3
3
3
3
3
3
3
2
51 82
2 29
52 64
3 53
1 71
53 86
4 55
2 61
54 62
5 40
3 23
55 95
6 37
4 68
56 42
7 79
5 22
57 73
8 10
6 74
58 75
9 77
7 35
59 79
10 22
8 66
60 87
11 48
9 13
61 79
12 22
10 41
62 22
13 55
11 41
63 47
14 84
12 20
64 79
15 33
13 75
65 44
16 97
14 56
66 37
17 56
15 98
67 54
18 58
16 68
68 62
19 89
17 71
69 92
20 48
18 28
70 12
21 82
19 31
71 99
22 99
20 93
72 60
23 25
21 49
73 93
24 68
22 72
74 57
25 36
23 33
75 56
26 74
24 39
76 10
27 78
25 62
77 62
28 66
26 30
78 64
29 80
27 17
79 70
30 68
28 72
80 34
31 50
29 33
81 51
32 41
30 72
82 83
33 34
31 30
83 27
34 11
32 59
84 32
35 36
33 30
85 70
36 44
34 97
86 70
37 19
35 100
87 86
38 88
36 15
88 11
39 91
37 10
89 34
40 13
38 26
90 31
41 24
39 52
91 92
42 95
40 10
92 17
43 83
41 89
93 68
44 56
42 84
94 99
45 76
43 81
95 17
46 41
44 58
96 78
47 88
45 80
97 95
48 86
46 13
98 17
49 33
47 74
99 90
50 16
48 83
100 59
49 99
101 99
1 96
52 12
102 19
2 93
53 19
51 66
103 93
3 20
54 67
52 100
104 52
4 88
55 21
53 21
105 67
5 26
56 29
54 46
106 80
6 72
57 98
55 32
107 84
7 90
58 70
56 94
108 50
8 97
59 16
57 88
109 33
9 90
60 94
58 36
110 57
10 69
61 60
59 35
111 50
11 88
62 39
60 46
112 50
12 58
63 93
61 70
113 60
13 30
64 15
62 52
114 48
14 69
65 37
63 88
115 18
15 66
66 77
64 24
116 73
16 93
67 58
65 41
117 44
17 76
68 13
66 27
118 100
18 46
69 69
67 31
119 50
19 100
70 33
68 73
120 92
20 33
71 10
69 90
121 32
21 62
72 21
70 94
122 78
22 34
73 18
71 86
123 70
23 14
74 36
72 98
124 88
24 76
75 86
73 68
125 91
25 59
76 58
74 56
126 38
26 82
77 52
75 84
127 87
27 47
78 97
76 66
128 12
28 34
79 87
77 67
129 90
29 20
80 46
78 31
130 61
30 100
81 34
79 43
131 18
31 67
82 13
80 53
132 37
32 29
83 71
81 32
133 95
33 29
84 85
82 18
134 81
34 59
85 83
83 67
135 10
35 66
86 70
84 85
136 64
36 31
87 90
85 98
137 56
37 52
88 31
86 37
138 26
38 74
89 91
87 79
139 17
39 90
90 48
88 33
140 26
40 98
91 66
89 93
141 51
41 42
92 94
90 27
142 32
42 73
93 59
91 30
143 56
43 29
94 93
92 97
144 19
44 69
95 17
93 61
145 49
45 90
96 37
94 89
146 91
46 66
97 45
95 74
147 49
47 87
98 45
96 89
148 93
48 55
99 13
97 96
149 73
49 82
100 93
98 81
150 68
50 21
99 74
151 82
51 24
102 78
152 98
52 40
103 52
101 21
153 62
53 67
104 11
102 66
154 40
54 17
105 66
103 49
155 74
55 14
106 74
104 19
156 69
56 75
107 45
105 53
157 58
57 32
108 28
106 17
158 20
58 58
109 27
107 74
159 67
59 50
110 65
108 38
160 40
60 97
111 99
109 73
161 43
61 47
112 70
110 57
162 16
62 53
113 21
111 47
163 13
63 43
114 19
112 96
164 30
64 95
115 85
113 33
165 83
65 99
116 57
114 82
166 59
66 76
117 42
115 28
167 92
67 95
118 79
116 73
168 65
68 52
119 65
117 20
169 20
69 57
120 69
118 88
170 25
70 81
121 27
119 65
171 68
71 36
122 58
120 58
172 66
72 55
123 42
121 40
173 55
73 84
124 79
122 24
174 25
74 21
125 62
123 23
175 45
75 39
126 12
124 92
176 73
76 69
127 21
125 18
177 96
77 78
128 38
126 10
178 74
78 68
129 17
127 32
179 52
79 50
130 15
128 78
180 19
80 61
131 51
129 55
181 91
81 94
132 75
130 61
182 50
82 89
133 100
131 56
183 22
83 85
134 89
132 47
184 88
84 60
135 17
133 10
185 81
85 35
136 52
134 89
186 84
86 77
137 22
135 59
187 92
87 88
138 63
136 90
188 96
88 51
139 24
137 60
189 73
89 77
140 46
138 51
190 87
90 100
141 25
139 33
191 74
91 63
142 11
140 79
192 69
92 24
143 60
141 25
193 47
93 49
144 80
142 99
194 40
94 56
145 87
143 83
195 39
95 91
146 39
144 97
196 20
96 18
147 60
145 35
197 27
97 100
148 73
146 49
198 66
98 97
149 51
147 11
199 28
99 29
150 10
148 57
200 19
100 18
149 76
201 41
101 51
152 81
202 77
102 82
153 42
151 69
203 33
103 47
154 92
152 64
204 69
104 46
155 34
153 88
205 62
105 41
156 21
154 52
206 15
106 18
157 32
155 83
207 38
107 35
158 69
156 28
208 10
108 62
159 39
157 69
209 70
109 26
160 74
158 66
210 100
110 81
161 91
159 96
211 83
111 25
162 92
160 83
212 29
112 49
163 69
161 63
213 42
113 48
164 48
162 50
214 66
114 11
165 73
163 77
215 41
115 64
166 68
164 94
216 85
116 82
167 29
165 81
217 87
117 57
168 47
166 54
218 85
118 18
169 72
167 40
219 85
119 33
170 97
168 30
220 49
120 16
171 92
169 100
221 27
121 43
172 66
170 19
222 49
122 27
173 65
171 78
223 22
123 44
174 92
172 99
224 83
124 48
175 36
173 100
225 68
125 49
176 66
174 67
226 88
126 39
177 12
175 93
227 91
127 67
178 90
176 10
228 49
128 96
179 86
177 98
229 90
129 91
180 40
178 80
230 36
130 67
181 22
179 52
231 83
131 60
182 32
180 83
232 40
132 46
183 77
181 32
233 76
133 88
184 25
182 39
234 72
134 15
185 41
183 42
235 77
135 31
186 32
184 12
236 34
136 83
187 82
185 88
237 91
137 79
188 97
186 93
238 79
138 98
189 75
187 66
239 41
139 99
190 36
188 63
240 77
140 93
191 41
189 31
241 78
141 69
192 17
190 81
242 22
142 25
193 37
191 66
243 76
143 57
194 41
192 75
244 57
144 68
195 27
193 29
245 92
145 30
196 57
194 13
246 44
146 78
197 95
195 45
247 26
147 64
198 60
196 97
248 41
148 66
199 19
197 71
249 62
149 25
200 62
198 83
250 32
150 95
199 33
251 35
151 76
202 98
252 92
152 64
203 36
201 44
253 22
153 36
204 59
202 42
254 91
154 62
205 19
203 70
255 95
155 16
206 13
204 53
256 56
156 85
207 33
205 37
257 92
157 98
208 81
206 70
258 32
158 37
209 78
207 58
259 16
159 51
210 29
208 54
260 23
160 43
211 65
209 10
261 78
161 75
212 48
210 11
262 58
162 36
213 82
211 45
263 32
163 45
214 86
212 87
264 84
164 38
215 100
213 32
265 83
165 81
216 54
214 76
266 80
166 58
217 41
215 26
267 94
167 40
218 95
216 25
268 37
168 69
219 37
217 11
269 50
169 17
220 92
218 48
270 15
170 52
221 81
219 84
271 15
171 45
222 29
220 71
272 28
172 98
223 67
221 57
273 62
173 92
224 78
222 81
274 25
174 87
225 93
223 37
275 79
175 95
226 55
224 41
276 13
176 76
227 34
225 66
277 97
177 89
228 75
226 16
278 33
178 85
229 97
227 66
279 18
179 37
230 13
228 97
280 32
180 21
231 18
229 21
281 41
181 41
232 59
230 28
282 63
182 98
233 59
231 70
283 31
183 88
234 27
232 88
284 64
184 60
235 35
233 64
285 82
185 15
236 83
234 32
286 91
186 81
237 73
235 31
287 77
187 17
238 82
236 93
288 55
188 100
239 16
237 85
289 39
189 87
240 29
238 61
290 24
190 42
241 98
239 29
291 97
191 18
242 36
240 50
292 73
192 51
243 17
241 58
293 39
193 71
244 69
242 90
294 43
194 53
245 44
243 72
295 41
195 28
246 26
244 68
296 68
196 10
247 88
245 74
297 29
197 41
248 52
246 52
298 77
198 11
249 31
247 35
299 27
199 94
250 45
248 27
300 16
200 83
249 58
301 69
201 66
252 82
302 84
202 92
253 57
251 80
303 57
203 19
254 97
252 40
304 26
204 29
255 98
253 82
305 43
205 79
256 78
254 40
306 65
206 51
257 35
255 51
307 80
207 75
258 12
256 54
308 30
208 89
259 99
257 35
309 21
209 74
260 71
258 12
310 21
210 69
261 45
259 36
311 89
211 32
262 56
260 74
312 85
212 21
263 54
261 12
313 92
213 90
264 65
262 22
314 24
214 91
265 98
263 94
315 25
215 99
266 67
264 88
316 22
216 11
267 71
265 13
317 37
217 49
268 11
266 26
318 50
218 25
269 97
267 27
319 10
219 46
270 32
268 38
320 54
220 74
271 83
269 47
321 79
221 85
272 23
270 31
322 52
222 27
273 98
271 42
323 44
223 55
274 22
272 22
324 94
224 62
275 77
273 98
325 79
225 17
276 78
274 90
326 94
226 10
277 57
275 17
327 90
227 46
278 78
276 56
328 86
228 69
279 29
277 12
329 71
229 33
280 90
278 100
330 47
230 76
281 82
279 81
331 83
231 80
282 30
280 85
332 63
232 88
283 97
281 24
333 14
233 88
284 83
282 98
334 14
234 74
285 62
283 96
335 100
235 22
286 39
284 89
336 42
236 66
287 38
285 70
337 92
237 71
288 64
286 77
338 71
238 81
289 72
287 69
339 10
239 53
290 78
288 66
340 56
240 61
291 28
289 56
341 41
241 42
292 19
290 17
342 14
242 62
293 30
291 38
343 23
243 22
294 18
292 43
344 84
244 68
295 100
293 67
345 77
245 29
296 15
294 65
346 45
246 33
297 64
295 33
347 51
247 67
298 43
296 60
348 72
248 79
299 97
297 78
349 84
249 75
300 28
298 34
350 17
250 75
299 92
351 100
251 85
302 37
352 47
252 90
303 30
301 62
353 49
253 75
304 69
302 65
354 13
254 84
305 46
303 10
355 74
255 90
306 46
304 24
356 85
256 49
307 58
305 67
357 15
257 64
308 36
306 80
358 15
258 20
309 27
307 41
359 91
259 15
310 30
308 25
360 50
260 13
311 41
309 69
361 11
261 59
312 19
310 29
362 33
262 20
313 50
311 95
363 60
263 26
314 92
312 47
364 12
264 80
315 55
313 37
365 11
265 50
316 29
314 98
366 43
266 48
317 15
315 99
367 86
267 28
318 76
316 76
368 32
268 23
319 72
317 90
369 21
269 25
320 47
318 45
370 67
270 29
321 79
319 10
371 11
271 92
322 83
320 17
372 21
272 62
323 71
321 59
373 40
273 59
324 12
322 22
374 42
274 74
325 52
323 44
375 16
275 76
326 77
324 79
376 83
276 95
327 84
325 74
377 41
277 13
328 19
326 19
378 72
278 82
329 32
327 53
379 95
279 28
330 49
328 15
380 29
280 66
331 49
329 60
381 21
281 44
332 69
330 57
382 27
282 10
333 75
331 50
383 73
283 58
334 10
332 92
384 82
284 49
335 25
333 83
385 86
285 67
336 39
334 87
386 44
286 16
337 58
335 53
387 86
287 12
338 94
336 30
388 88
288 30
339 47
337 42
389 32
289 36
340 22
338 27
390 37
290 31
341 88
339 25
391 36
291 37
342 48
340 86
392 33
292 66
343 35
341 60
393 37
293 36
344 29
342 14
394 14
294 64
345 51
343 54
395 63
295 36
346 10
344 83
396 13
296 43
347 92
345 62
397 41
297 38
348 10
346 65
398 13
298 19
349 23
347 82
399 100
299 12
350 39
348 43
400 75
300 29
349 88
401 24
301 52
352 49
402 43
302 96
353 97
351 69
403 56
303 40
354 86
352 60
404 24
304 54
355 59
353 28
405 35
305 12
356 40
354 56
406 12
306 84
357 86
355 36
407 42
307 12
358 11
356 40
408 52
308 58
359 62
357 14
409 17
309 79
360 34
358 18
410 81
310 87
361 20
359 50
411 32
311 29
362 54
360 14
412 65
312 45
363 44
361 52
413 85
313 12
364 90
362 54
414 71
314 77
365 13
363 32
415 59
315 97
366 76
364 50
416 24
316 95
367 41
365 50
417 70
317 19
368 90
366 68
418 64
318 55
369 31
367 69
419 89
319 83
370 39
368 41
420 88
320 72
371 14
369 16
421 63
321 98
372 37
370 65
422 49
322 34
373 69
371 66
423 30
323 72
374 26
372 28
424 55
324 85
375 15
373 19
425 90
325 18
376 87
374 57
426 74
326 61
377 44
375 96
427 45
327 72
378 34
376 57
428 67
328 26
379 87
377 27
429 95
329 85
380 66
378 91
430 35
330 95
381 83
379 55
431 30
331 88
382 93
380 83
432 80
332 27
383 49
381 69
433 49
333 41
384 22
382 58
434 79
334 100
385 22
383 76
435 52
335 77
386 79
384 36
436 18
336 38
387 37
385 54
437 35
337 60
388 85
386 64
438 21
338 73
389 77
387 63
439 64
339 90
390 19
388 58
440 67
340 93
391 78
389 79
441 93
341 74
392 88
390 85
442 35
342 34
393 90
391 96
443 61
343 55
394 73
392 47
444 15
344 30
395 43
393 73
445 35
345 83
396 61
394 89
446 43
346 44
397 28
395 80
447 13
347 81
398 53
396 55
448 51
348 31
399 46
397 96
449 70
349 91
400 92
398 54
450 76
350 47
399 43
451 45
351 80
402 98
452 83
352 70
403 31
401 60
453 12
353 47
404 63
402 81
454 89
354 71
405 32
403 63
455 18
355 27
406 81
404 36
456 80
356 38
407 41
405 35
457 63
357 60
408 76
406 56
458 97
358 93
409 71
407 64
459 88
359 77
410 56
408 69
460 78
360 25
411 52
409 39
461 15
361 47
412 28
410 10
462 96
362 38
413 99
411 42
463 85
363 48
414 74
412 70
464 100
364 100
415 19
413 17
465 62
365 91
416 91
414 28
466 29
366 77
417 46
415 38
467 60
367 82
418 31
416 42
468 34
368 68
419 52
417 17
469 67
369 32
420 19
418 29
470 99
370 51
421 89
419 74
471 45
371 19
422 69
420 27
472 29
372 49
423 90
421 55
473 60
373 90
424 11
422 91
474 83
374 94
425 33
423 80
475 11
375 79
426 81
424 27
476 30
376 77
427 31
425 70
477 95
377 54
428 66
426 44
478 44
378 46
429 92
427 22
479 81
379 38
430 90
428 19
480 74
380 76
431 64
429 12
481 90
381 92
432 90
430 79
482 94
382 42
433 53
431 31
483 56
383 37
434 81
432 28
484 57
384 37
435 51
433 75
485 38
385 28
436 44
434 55
486 80
386 40
437 89
435 61
487 39
387 13
438 100
436 60
488 16
388 91
439 69
437 26
489 65
389 86
440 34
438 77
490 50
390 14
441 54
439 24
491 16
391 87
442 22
440 81
492 63
392 89
443 28
441 66
493 69
393 34
444 82
442 63
494 99
394 53
445 83
443 50
495 38
395 87
446 19
444 93
496 76
396 86
447 42
445 11
497 17
397 84
448 83
446 24
498 97
398 77
449 16
447 34
499 19
399 94
450 76
448 38
500 91
400 41
449 99
501 22
401 21
452 16
502 43
402 36
453 45
451 85
503 11
403 67
454 59
452 74
504 43
404 86
455 91
453 68
505 79
405 54
456 42
454 92
506 91
406 86
457 68
455 75
507 55
407 38
458 92
456 58
508 62
408 21
459 75
457 90
509 82
409 37
460 90
458 20
510 22
410 60
461 88
459 75
511 27
411 36
462 59
460 37
512 100
412 15
463 26
461 74
513 20
413 73
464 43
462 21
514 42
414 58
465 37
463 48
515 57
415 81
466 11
464 27
516 46
416 14
467 96
465 55
517 71
417 12
468 61
466 77
518 95
418 40
469 99
467 95
519 89
419 10
470 58
468 56
520 68
420 27
471 100
469 96
521 53
421 74
472 18
470 31
522 41
422 47
473 32
471 38
523 92
423 79
474 64
472 33
524 36
424 70
475 23
473 88
525 23
425 77
476 19
474 64
526 20
426 48
477 36
475 28
527 84
427 75
478 45
476 51
528 34
428 59
479 41
477 77
529 24
429 39
480 43
478 70
530 95
430 96
481 100
479 76
531 49
431 28
482 19
480 57
532 71
432 44
483 97
481 15
533 81
433 67
484 67
482 28
534 34
434 66
485 45
483 80
535 100
435 71
486 96
484 52
536 49
436 36
487 54
485 73
537 56
437 93
488 98
486 89
538 83
438 83
489 67
487 29
539 44
439 60
490 42
488 40
540 39
440 25
491 79
489 43
541 82
441 30
492 36
490 23
542 51
442 98
493 69
491 28
543 84
443 19
494 50
492 85
544 85
444 69
495 90
493 26
545 38
445 27
496 78
494 10
546 12
446 93
497 25
495 56
547 26
447 55
498 60
496 76
548 27
448 41
499 73
497 37
549 30
449 55
500 67
498 82
550 34
450 86
499 23
551 79
451 98
502 71
552 88
452 59
503 93
501 54
553 84
453 65
504 95
502 41
554 26
454 17
505 23
503 66
555 63
455 92
506 26
504 70
556 15
456 98
507 26
505 31
557 69
457 61
508 60
506 29
558 23
458 15
509 58
507 14
559 79
459 18
510 58
508 72
560 61
460 23
511 11
509 41
561 18
461 81
512 26
510 10
562 50
462 75
513 94
511 87
563 36
463 93
514 89
512 29
564 99
464 34
515 80
513 56
565 73
465 41
516 46
514 99
566 26
466 72
517 51
515 56
567 63
467 29
518 45
516 66
568 32
468 91
519 47
517 62
569 59
469 86
520 17
518 23
570 80
470 91
521 48
519 99
571 50
471 27
522 21
520 72
572 98
472 38
523 13
521 14
573 31
473 44
524 55
522 78
574 38
474 18
525 50
523 42
575 46
475 54
526 56
524 42
576 70
476 51
527 52
525 12
577 21
477 61
528 85
526 62
578 26
478 36
529 23
527 22
579 24
479 24
530 90
528 60
580 21
480 48
531 47
529 76
581 89
481 38
532 14
530 86
582 56
482 26
533 61
531 10
583 65
483 49
534 10
532 23
584 77
484 45
535 98
533 55
585 71
485 22
536 97
534 98
586 27
486 19
537 47
535 22
587 26
487 28
538 80
536 87
588 26
488 79
539 44
537 35
589 77
489 10
540 85
538 63
590 32
490 79
541 54
539 57
591 18
491 20
542 83
540 61
592 29
492 41
543 74
541 33
593 11
493 41
544 74
542 18
594 96
494 62
545 92
543 74
595 81
495 87
546 27
544 61
596 98
496 90
547 53
545 53
597 98
497 81
548 75
546 44
598 91
498 30
549 88
547 60
599 36
499 23
550 78
548 97
600 55
500 90
549 63
501 13
552 71
502 98
553 61
551 22
503 95
554 95
552 75
504 39
555 54
553 81
505 72
556 84
554 80
506 69
557 17
555 20
507 34
558 51
556 95
508 19
559 26
557 11
509 68
560 43
558 64
510 28
561 72
559 15
511 53
562 99
560 18
512 22
563 70
561 14
513 32
564 28
562 58
514 41
565 29
563 73
515 51
566 25
564 12
516 44
567 85
565 75
517 28
568 91
566 66
518 26
569 18
567 22
519 38
570 51
568 12
520 95
571 90
569 53
521 88
572 74
570 99
522 58
573 90
571 22
523 29
574 41
572 18
524 82
575 39
573 88
525 38
576 39
574 17
526 53
577 14
575 58
527 10
578 86
576 10
528 11
579 71
577 62
529 54
580 66
578 15
530 81
581 23
579 81
531 13
582 20
580 30
532 51
583 55
581 13
533 52
584 41
582 72
534 61
585 54
583 39
535 32
586 66
584 84
536 43
587 59
585 90
537 81
588 16
586 66
538 12
589 62
587 85
539 20
590 74
588 61
540 58
591 88
589 54
541 42
592 66
590 17
542 48
593 33
591 81
543 88
594 84
592 73
544 56
595 32
593 25
545 62
596 96
594 62
546 98
597 51
595 66
547 48
598 23
596 33
548 10
599 43
597 58
549 81
600 86
598 92
550 81
599 32
286
227
1 286 
1 263 
1 119 
1 39 
3 562 6 103 
1 234 
2 261 51 
3 399 105 35 
2 568 481 
3 302 341 323 
1 5 
1 215 
1 465 
1 62 
2 547 198 
1 174 
2 582 411 
2 539 348 
3 191 249 246 
1 154 
4 512 370 235 33 
2 106 559 
2 511 145 
2 231 210 
3 519 478 273 
1 400 
1 217 
3 570 379 599 
3 457 448 207 
2 71 464 
2 550 368 
3 278 111 294 
3 386 343 494 
1 292 
2 498 116 
1 97 
2 112 95 
2 364 24 
1 325 
1 182 
2 293 108 
2 321 3 
1 592 
1 205 
3 462 196 50 
1 336 
4 114 18 389 377 
3 410 516 259 
1 430 
3 378 122 63 
2 510 339 
2 180 237 
2 506 130 
2 77 296 
4 373 251 551 324 
1 508 
2 89 488 
2 496 390 
1 435 
1 439 
1 26 
4 126 67 284 283 
2 211 537 
3 157 42 412 
1 459 
1 546 
2 517 287 
2 326 426 
4 495 443 455 383 
1 31 
1 176 
2 593 527 
1 374 
2 421 303 
1 262 
1 100 
2 178 255 
3 311 94 583 
2 32 315 
2 533 201 
2 264 192 
1 564 
1 329 
1 124 
1 381 
4 276 195 371 160 
2 88 518 
2 480 233 
3 345 319 497 
1 54 
1 304 
2 320 40 
1 463 
1 149 
1 447 
1 460 
2 82 57 
4 43 85 450 219 
2 578 513 
3 563 449 425 
2 469 541 
4 407 91 171 456 
1 37 
2 19 561 
1 129 
3 260 468 327 
1 475 
1 422 
1 127 
1 423 
1 10 
1 500 
2 305 347 
1 227 
