400 1520 10 100 76
2
3
3
3
3
3
3
3
3
3
3
3
3
3
3
3
3
3
3
2
3
4
4
4
4
4
4
4
4
4
4
4
4
4
4
4
4
4
4
3
3
4
4
4
4
4
4
4
4
4
4
4
4
4
4
4
4
4
4
3
3
4
4
4
4
4
4
4
4
4
4
4
4
4
4
4
4
4
4
3
3
4
4
4
4
4
4
4
4
4
4
4
4
4
4
4
4
4
4
3
3
4
4
4
4
4
4
4
4
4
4
4
4
4
4
4
4
4
4
3
3
4
4
4
4
4
4
4
4
4
4
4
4
4
4
4
4
4
4
3
3
4
4
4
4
4
4
4
4
4
4
4
4
4
4
4
4
4
4
3
3
4
4
4
4
4
4
4
4
4
4
4
4
4
4
4
4
4
4
3
3
4
4
4
4
4
4
4
4
4
4
4
4
4
4
4
4
4
4
3
3
4
4
4
4
4
4
4
4
4
4
4
4
4
4
4
4
4
4
3
3
4
4
4
4
4
4
4
4
4
4
4
4
4
4
4
4
4
4
3
3
4
4
4
4
4
4
4
4
4
4
4
4
4
4
4
4
4
4
3
3
4
4
4
4
4
4
4
4
4
4
4
4
4
4
4
4
4
4
3
3
4
4
4
4
4
4
4
4
4
4
4
4
4
4
4
4
4
4
3
3
4
4
4
4
4
4
4
4
4
4
4
4
4
4
4
4
4
4
3
3
4
4
4
4
4
4
4
4
4
4
4
4
4
4
4
4
4
4
3
3
4
4
4
4
4
4
4
4
4
4
4
4
4
4
4
4
4
4
3
3
4
4
4
4
4
4
4
4
4
4
4
4
4
4
4
4
4
4
3
2
3
3
3
3
3
3
3
3
3
3
3
3
3
3
3
3
3
3
2
21 28
2 29
22 78
3 73
1 95
23 46
4 83
2 92
24 77
5 29
3 92
25 48
6 53
4 82
26 94
7 19
5 58
27 81
8 32
6 54
28 22
9 90
7 70
29 82
10 99
8 83
30 25
11 79
9 41
31 90
12 86
10 11
32 29
13 15
11 84
33 73
14 70
12 40
34 63
15 95
13 82
35 17
16 65
14 70
36 62
17 93
15 12
37 43
18 12
16 21
38 21
19 39
17 62
39 58
20 76
18 40
40 61
19 54
41 68
1 86
22 49
42 94
2 79
23 88
21 57
43 99
3 66
24 17
22 77
44 59
4 33
25 73
23 84
45 77
5 68
26 61
24 25
46 92
6 66
27 66
25 74
47 88
7 98
28 47
26 13
48 94
8 78
29 21
27 40
49 97
9 26
30 23
28 17
50 67
10 23
31 19
29 41
51 56
11 88
32 83
30 25
52 32
12 40
33 58
31 20
53 18
13 81
34 94
32 47
54 77
14 78
35 53
33 37
55 57
15 67
36 95
34 99
56 44
16 73
37 36
35 64
57 28
17 26
38 22
36 95
58 43
18 61
39 95
37 48
59 22
19 49
40 17
38 60
60 29
20 92
39 79
61 79
21 29
42 72
62 39
22 18
43 66
41 53
63 30
23 85
44 14
42 84
64 20
24 22
45 50
43 90
65 95
25 72
46 31
44 42
66 82
26 46
47 26
45 97
67 77
27 59
48 39
46 60
68 12
28 95
49 26
47 38
69 95
29 86
50 89
48 36
70 72
30 21
51 91
49 31
71 91
31 89
52 60
50 68
72 55
32 81
53 83
51 68
73 59
33 26
54 64
52 31
74 18
34 90
55 20
53 75
75 40
35 37
56 35
54 33
76 22
36 97
57 38
55 34
77 36
37 57
58 41
56 61
78 93
38 86
59 90
57 88
79 47
39 31
60 33
58 82
80 45
40 65
59 93
81 12
41 19
62 93
82 32
42 89
63 96
61 97
83 28
43 78
64 92
62 92
84 52
44 31
65 61
63 90
85 88
45 97
66 26
64 51
86 18
46 100
67 44
65 49
87 12
47 40
68 32
66 60
88 52
48 55
69 79
67 96
89 57
49 58
70 56
68 90
90 99
50 76
71 70
69 38
91 50
51 53
72 72
70 96
92 35
52 68
73 100
71 46
93 86
53 86
74 66
72 85
94 58
54 93
75 73
73 70
95 16
55 98
76 59
74 26
96 31
56 86
77 25
75 62
97 30
57 88
78 29
76 88
98 41
58 26
79 59
77 48
99 66
59 73
80 57
78 24
100 56
60 13
79 17
101 96
61 100
82 91
102 24
62 81
83 25
81 30
103 53
63 57
84 40
82 59
104 15
64 78
85 92
83 58
105 63
65 72
86 63
84 43
106 75
66 72
87 46
85 23
107 89
67 76
88 96
86 79
108 16
68 77
89 76
87 91
109 96
69 17
90 81
88 69
110 43
70 12
91 54
89 74
111 18
71 71
92 63
90 27
112 43
72 55
93 34
91 77
113 59
73 82
94 77
92 58
114 90
74 10
95 33
93 64
115 78
75 35
96 57
94 49
116 74
76 40
97 35
95 14
117 64
77 47
98 23
96 86
118 28
78 56
99 54
97 53
119 48
79 87
100 46
98 15
120 36
80 40
99 38
121 10
81 60
102 32
122 91
82 59
103 15
101 27
123 91
83 91
104 23
102 54
124 76
84 69
105 83
103 28
125 77
85 23
106 13
104 50
126 51
86 12
107 62
105 65
127 39
87 29
108 19
106 57
128 25
88 11
109 79
107 35
129 18
89 64
110 91
108 14
130 87
90 72
111 40
109 70
131 69
91 25
112 33
110 34
132 53
92 97
113 28
111 44
133 74
93 94
114 78
112 91
134 88
94 16
115 73
113 23
135 32
95 13
116 82
114 71
136 85
96 30
117 59
115 75
137 15
97 69
118 43
116 33
138 62
98 31
119 15
117 47
139 33
99 25
120 16
118 78
140 58
100 95
119 98
141 85
101 40
122 78
142 98
102 58
123 32
121 80
143 40
103 26
124 47
122 52
144 37
104 95
125 28
123 25
145 54
105 81
126 24
124 19
146 100
106 49
127 99
125 26
147 14
107 57
128 12
126 77
148 19
108 81
129 35
127 76
149 18
109 27
130 68
128 25
150 62
110 89
131 18
129 59
151 18
111 90
132 58
130 23
152 18
112 35
133 19
131 92
153 40
113 38
134 100
132 81
154 55
114 76
135 30
133 64
155 36
115 94
136 12
134 34
156 25
116 70
137 28
135 76
157 55
117 43
138 30
136 88
158 86
118 21
139 89
137 23
159 28
119 59
140 12
138 23
160 92
120 76
139 76
161 89
121 75
142 73
162 20
122 18
143 85
141 49
163 35
123 42
144 32
142 20
164 87
124 48
145 100
143 42
165 17
125 49
146 88
144 12
166 55
126 54
147 18
145 21
167 15
127 48
148 51
146 58
168 70
128 80
149 58
147 34
169 86
129 12
150 57
148 33
170 23
130 88
151 17
149 36
171 36
131 40
152 11
150 16
172 73
132 96
153 77
151 42
173 96
133 84
154 63
152 18
174 97
134 78
155 57
153 86
175 38
135 28
156 21
154 11
176 63
136 67
157 21
155 74
177 44
137 12
158 77
156 100
178 63
138 39
159 20
157 69
179 90
139 43
160 92
158 62
180 76
140 65
159 23
181 52
141 44
162 56
182 51
142 35
163 77
161 22
183 71
143 45
164 39
162 46
184 53
144 77
165 29
163 38
185 22
145 30
166 15
164 10
186 23
146 37
167 18
165 40
187 21
147 99
168 44
166 74
188 61
148 91
169 86
167 93
189 88
149 94
170 30
168 23
190 53
150 55
171 28
169 28
191 12
151 48
172 67
170 48
192 25
152 25
173 86
171 67
193 83
153 93
174 47
172 87
194 56
154 37
175 39
173 52
195 81
155 31
176 67
174 83
196 81
156 87
177 69
175 99
197 18
157 83
178 81
176 34
198 100
158 91
179 73
177 20
199 28
159 56
180 25
178 23
200 96
160 18
179 71
201 25
161 95
182 25
202 68
162 30
183 88
181 15
203 66
163 59
184 38
182 81
204 69
164 42
185 73
183 62
205 66
165 30
186 11
184 27
206 89
166 80
187 28
185 94
207 100
167 51
188 74
186 12
208 26
168 56
189 59
187 33
209 16
169 80
190 86
188 17
210 12
170 12
191 56
189 34
211 37
171 29
192 29
190 66
212 26
172 100
193 68
191 62
213 18
173 84
194 66
192 67
214 40
174 68
195 63
193 48
215 97
175 66
196 15
194 41
216 34
176 75
197 12
195 51
217 72
177 96
198 56
196 71
218 51
178 86
199 65
197 91
219 41
179 24
200 68
198 26
220 87
180 81
199 35
221 38
181 83
202 87
222 59
182 47
203 74
201 88
223 97
183 37
204 81
202 59
224 13
184 71
205 44
203 21
225 75
185 70
206 66
204 89
226 27
186 85
207 91
205 95
227 70
187 99
208 48
206 21
228 93
188 48
209 71
207 67
229 99
189 96
210 30
208 19
230 95
190 66
211 72
209 49
231 81
191 89
212 52
210 20
232 14
192 66
213 66
211 44
233 14
193 16
214 39
212 12
234 27
194 51
215 45
213 77
235 30
195 42
216 69
214 43
236 66
196 18
217 99
215 47
237 11
197 77
218 33
216 25
238 96
198 25
219 66
217 48
239 21
199 25
220 70
218 15
240 97
200 70
219 69
241 64
201 52
222 95
242 83
202 88
223 56
221 65
243 41
203 100
224 67
222 36
244 56
204 63
225 82
223 98
245 95
205 12
226 77
224 12
246 20
206 38
227 76
225 80
247 30
207 98
228 13
226 94
248 74
208 76
229 56
227 93
249 42
209 58
230 39
228 10
250 30
210 97
231 100
229 87
251 84
211 51
232 12
230 53
252 63
212 92
233 59
231 94
253 91
213 28
234 50
232 26
254 92
214 13
235 23
233 57
255 67
215 34
236 91
234 57
256 42
216 38
237 18
235 55
257 95
217 15
238 46
236 73
258 48
218 51
239 70
237 32
259 84
219 67
240 84
238 85
260 36
220 95
239 44
261 91
221 89
242 25
262 39
222 78
243 41
241 97
263 66
223 63
244 40
242 30
264 18
224 15
245 53
243 23
265 26
225 30
246 64
244 41
266 35
226 71
247 66
245 92
267 37
227 98
248 89
246 26
268 91
228 18
249 57
247 64
269 11
229 20
250 58
248 39
270 65
230 88
251 15
249 61
271 31
231 24
252 97
250 25
272 70
232 68
253 45
251 26
273 74
233 88
254 21
252 18
274 55
234 40
255 14
253 68
275 24
235 82
256 31
254 71
276 30
236 68
257 64
255 14
277 100
237 16
258 80
256 28
278 98
238 79
259 81
257 37
279 39
239 71
260 45
258 77
280 34
240 57
259 64
281 56
241 67
262 30
282 67
242 44
263 27
261 33
283 24
243 22
264 33
262 28
284 53
244 95
265 95
263 60
285 29
245 95
266 11
264 41
286 58
246 29
267 19
265 67
287 27
247 87
268 49
266 70
288 67
248 54
269 36
267 72
289 39
249 25
270 56
268 27
290 67
250 66
271 88
269 100
291 89
251 25
272 25
270 99
292 45
252 47
273 75
271 69
293 96
253 66
274 55
272 76
294 98
254 71
275 41
273 26
295 17
255 59
276 91
274 96
296 100
256 28
277 71
275 82
297 20
257 80
278 96
276 46
298 79
258 65
279 68
277 62
299 35
259 76
280 42
278 97
300 84
260 74
279 29
301 72
261 90
282 89
302 80
262 81
283 76
281 76
303 54
263 14
284 60
282 25
304 55
264 16
285 83
283 86
305 21
265 22
286 30
284 54
306 89
266 87
287 47
285 75
307 34
267 51
288 25
286 79
308 40
268 84
289 48
287 17
309 23
269 19
290 71
288 88
310 20
270 29
291 72
289 24
311 48
271 90
292 57
290 23
312 26
272 47
293 12
291 44
313 79
273 31
294 24
292 49
314 63
274 42
295 46
293 17
315 79
275 48
296 67
294 35
316 10
276 49
297 54
295 65
317 14
277 57
298 90
296 31
318 65
278 78
299 85
297 35
319 27
279 10
300 96
298 65
320 28
280 60
299 67
321 60
281 44
302 88
322 49
282 50
303 80
301 80
323 88
283 33
304 40
302 71
324 37
284 56
305 38
303 11
325 38
285 74
306 74
304 48
326 91
286 56
307 32
305 44
327 75
287 63
308 43
306 22
328 39
288 42
309 55
307 30
329 77
289 29
310 13
308 67
330 98
290 67
311 23
309 78
331 44
291 95
312 81
310 84
332 93
292 80
313 42
311 56
333 63
293 88
314 49
312 45
334 67
294 36
315 51
313 58
335 22
295 50
316 65
314 83
336 42
296 27
317 19
315 13
337 94
297 64
318 39
316 10
338 92
298 96
319 73
317 87
339 35
299 83
320 56
318 48
340 24
300 81
319 12
341 16
301 91
322 36
342 91
302 31
323 49
321 55
343 30
303 92
324 72
322 70
344 26
304 69
325 97
323 80
345 37
305 34
326 32
324 19
346 25
306 43
327 56
325 36
347 99
307 66
328 26
326 56
348 76
308 16
329 52
327 98
349 25
309 59
330 42
328 78
350 32
310 25
331 91
329 34
351 60
311 21
332 75
330 77
352 18
312 77
333 97
331 75
353 43
313 38
334 33
332 64
354 67
314 96
335 97
333 57
355 81
315 87
336 79
334 50
356 57
316 55
337 35
335 46
357 44
317 60
338 10
336 13
358 81
318 20
339 98
337 15
359 40
319 18
340 16
338 40
360 33
320 96
339 25
361 78
321 46
342 18
362 38
322 37
343 12
341 49
363 41
323 85
344 62
342 33
364 80
324 77
345 68
343 21
365 41
325 91
346 61
344 60
366 53
326 10
347 17
345 74
367 64
327 63
348 100
346 43
368 49
328 84
349 64
347 55
369 12
329 28
350 92
348 40
370 57
330 41
351 14
349 21
371 73
331 55
352 73
350 87
372 87
332 24
353 17
351 71
373 51
333 22
354 21
352 27
374 38
334 10
355 48
353 92
375 44
335 44
356 23
354 94
376 43
336 78
357 68
355 88
377 61
337 99
358 50
356 16
378 11
338 94
359 64
357 74
379 62
339 74
360 40
358 84
380 79
340 13
359 63
381 47
341 30
362 61
382 32
342 56
363 28
361 20
383 98
343 15
364 92
362 75
384 90
344 10
365 52
363 39
385 46
345 30
366 63
364 69
386 45
346 88
367 34
365 54
387 100
347 52
368 80
366 59
388 12
348 44
369 93
367 12
389 15
349 65
370 10
368 100
390 84
350 38
371 16
369 84
391 98
351 48
372 70
370 38
392 99
352 88
373 58
371 73
393 88
353 92
374 67
372 61
394 11
354 83
375 96
373 78
395 95
355 30
376 88
374 21
396 31
356 67
377 58
375 87
397 64
357 78
378 70
376 76
398 96
358 34
379 79
377 74
399 79
359 81
380 68
378 18
400 52
360 33
379 30
361 62
382 87
362 91
383 15
381 59
363 40
384 64
382 54
364 68
385 86
383 18
365 23
386 60
384 66
366 56
387 35
385 25
367 96
388 100
386 76
368 76
389 92
387 25
369 47
390 83
388 95
370 74
391 25
389 18
371 76
392 89
390 74
372 54
393 92
391 41
373 71
394 70
392 11
374 27
395 54
393 68
375 87
396 39
394 63
376 81
397 24
395 25
377 76
398 93
396 68
378 62
399 62
397 63
379 76
400 54
398 56
380 13
399 72
376
218
1 376 
3 60 184 371 
2 297 152 
1 176 
1 288 
2 196 245 
1 168 
2 22 276 
1 59 
2 102 140 
2 360 24 
1 205 
2 228 84 
4 238 343 363 63 
2 375 356 
2 340 273 
1 149 
2 77 386 
1 181 
2 327 333 
1 2 
1 146 
3 326 374 48 
3 323 316 222 
1 151 
4 118 355 72 110 
1 262 
3 398 12 365 
3 319 354 100 
1 75 
2 390 395 
2 80 200 
1 43 
1 392 
1 279 
2 387 321 
1 237 
3 220 229 4 
1 53 
2 219 36 
1 224 
2 52 350 
2 353 368 
2 16 311 
3 231 120 342 
1 307 
3 111 124 249 
1 29 
1 257 
2 244 153 
2 17 253 
3 210 172 313 
1 7 
1 71 
2 25 373 
2 290 263 
3 103 70 380 
1 87 
2 341 3 
1 362 
2 158 283 
4 13 68 201 280 
2 352 91 
2 19 359 
2 143 163 
1 83 
1 95 
2 88 194 
4 212 1 188 384 
2 358 57 
1 173 
1 141 
4 328 73 268 26 
1 302 
2 274 306 
1 218 
