600 2276 10 100 114
2
3
3
3
3
3
3
3
3
3
3
3
3
3
3
3
3
3
3
3
3
3
3
3
3
3
3
3
3
3
3
3
3
3
3
3
3
3
3
3
3
3
3
3
3
3
3
3
3
2
3
4
4
4
4
4
4
4
4
4
4
4
4
4
4
4
4
4
4
4
4
4
4
4
4
4
4
4
4
4
4
4
4
4
4
4
4
4
4
4
4
4
4
4
4
4
4
4
4
3
3
4
4
4
4
4
4
4
4
4
4
4
4
4
4
4
4
4
4
4
4
4
4
4
4
4
4
4
4
4
4
4
4
4
4
4
4
4
4
4
4
4
4
4
4
4
4
4
4
3
3
4
4
4
4
4
4
4
4
4
4
4
4
4
4
4
4
4
4
4
4
4
4
4
4
4
4
4
4
4
4
4
4
4
4
4
4
4
4
4
4
4
4
4
4
4
4
4
4
3
3
4
4
4
4
4
4
4
4
4
4
4
4
4
4
4
4
4
4
4
4
4
4
4
4
4
4
4
4
4
4
4
4
4
4
4
4
4
4
4
4
4
4
4
4
4
4
4
4
3
3
4
4
4
4
4
4
4
4
4
4
4
4
4
4
4
4
4
4
4
4
4
4
4
4
4
4
4
4
4
4
4
4
4
4
4
4
4
4
4
4
4
4
4
4
4
4
4
4
3
3
4
4
4
4
4
4
4
4
4
4
4
4
4
4
4
4
4
4
4
4
4
4
4
4
4
4
4
4
4
4
4
4
4
4
4
4
4
4
4
4
4
4
4
4
4
4
4
4
3
3
4
4
4
4
4
4
4
4
4
4
4
4
4
4
4
4
4
4
4
4
4
4
4
4
4
4
4
4
4
4
4
4
4
4
4
4
4
4
4
4
4
4
4
4
4
4
4
4
3
3
4
4
4
4
4
4
4
4
4
4
4
4
4
4
4
4
4
4
4
4
4
4
4
4
4
4
4
4
4
4
4
4
4
4
4
4
4
4
4
4
4
4
4
4
4
4
4
4
3
3
4
4
4
4
4
4
4
4
4
4
4
4
4
4
4
4
4
4
4
4
4
4
4
4
4
4
4
4
4
4
4
4
4
4
4
4
4
4
4
4
4
4
4
4
4
4
4
4
3
3
4
4
4
4
4
4
4
4
4
4
4
4
4
4
4
4
4
4
4
4
4
4
4
4
4
4
4
4
4
4
4
4
4
4
4
4
4
4
4
4
4
4
4
4
4
4
4
4
3
2
3
3
3
3
3
3
3
3
3
3
3
3
3
3
3
3
3
3
3
3
3
3
3
3
3
3
3
3
3
3
3
3
3
3
3
3
3
3
3
3
3
3
3
3
3
3
3
3
2
51 70
2 29
52 47
3 55
1 21
53 23
4 65
2 13
54 47
5 68
3 90
55 89
6 63
4 92
56 85
7 60
5 95
57 91
8 75
6 24
58 46
9 43
7 98
59 78
10 12
8 62
60 39
11 29
9 47
61 47
12 64
10 66
62 43
13 43
11 100
63 16
14 35
12 74
64 11
15 79
13 59
65 95
16 41
14 59
66 46
17 20
15 40
67 84
18 45
16 99
68 86
19 95
17 10
69 28
20 48
18 35
70 56
21 42
19 37
71 89
22 17
20 84
72 72
23 63
21 63
73 84
24 61
22 64
74 64
25 32
23 85
75 63
26 17
24 71
76 19
27 38
25 97
77 12
28 34
26 67
78 55
29 44
27 60
79 93
30 54
28 87
80 37
31 100
29 32
81 23
32 71
30 69
82 26
33 62
31 96
83 71
34 42
32 26
84 75
35 40
33 49
85 70
36 84
34 47
86 43
37 68
35 65
87 58
38 49
36 90
88 11
39 87
37 80
89 28
40 23
38 95
90 53
41 53
39 94
91 52
42 55
40 78
92 94
43 63
41 11
93 82
44 14
42 60
94 50
45 83
43 67
95 14
46 39
44 17
96 32
47 35
45 38
97 59
48 13
46 14
98 67
49 29
47 88
99 14
50 33
48 33
100 87
49 29
101 51
1 43
52 30
102 80
2 18
53 49
51 99
103 25
3 69
54 73
52 94
104 43
4 13
55 70
53 88
105 53
5 97
56 58
54 47
106 95
6 25
57 24
55 88
107 35
7 44
58 53
56 42
108 75
8 52
59 32
57 57
109 45
9 77
60 59
58 95
110 36
10 59
61 45
59 58
111 61
11 21
62 41
60 84
112 45
12 53
63 44
61 15
113 63
13 23
64 28
62 94
114 99
14 82
65 66
63 24
115 62
15 99
66 73
64 96
116 17
16 59
67 45
65 19
117 75
17 59
68 55
66 78
118 100
18 97
69 11
67 26
119 81
19 77
70 24
68 17
120 95
20 22
71 54
69 90
121 72
21 33
72 92
70 24
122 17
22 25
73 10
71 34
123 89
23 29
74 59
72 81
124 55
24 70
75 11
73 92
125 45
25 33
76 54
74 59
126 54
26 97
77 84
75 55
127 18
27 58
78 73
76 60
128 18
28 22
79 12
77 76
129 34
29 72
80 14
78 12
130 97
30 61
81 53
79 28
131 13
31 92
82 55
80 45
132 48
32 46
83 84
81 64
133 44
33 70
84 92
82 49
134 50
34 51
85 28
83 64
135 29
35 44
86 61
84 10
136 93
36 84
87 38
85 95
137 16
37 93
88 70
86 46
138 64
38 53
89 47
87 24
139 34
39 59
90 92
88 28
140 19
40 74
91 12
89 84
141 38
41 92
92 37
90 84
142 62
42 82
93 70
91 58
143 96
43 28
94 60
92 21
144 71
44 70
95 11
93 30
145 88
45 85
96 64
94 48
146 52
46 36
97 69
95 32
147 24
47 77
98 54
96 15
148 70
48 88
99 51
97 77
149 100
49 88
100 96
98 86
150 33
50 86
99 42
151 12
51 94
102 43
152 32
52 45
103 100
101 22
153 45
53 25
104 81
102 12
154 89
54 57
105 100
103 86
155 61
55 57
106 48
104 89
156 78
56 77
107 76
105 69
157 87
57 67
108 34
106 36
158 34
58 59
109 50
107 100
159 14
59 51
110 25
108 33
160 24
60 95
111 62
109 51
161 13
61 58
112 92
110 63
162 85
62 17
113 53
111 13
163 46
63 21
114 57
112 90
164 18
64 91
115 58
113 99
165 43
65 77
116 53
114 100
166 99
66 31
117 16
115 24
167 79
67 17
118 59
116 20
168 55
68 48
119 13
117 12
169 53
69 70
120 38
118 53
170 60
70 59
121 33
119 48
171 42
71 90
122 18
120 10
172 77
72 44
123 84
121 27
173 22
73 100
124 97
122 44
174 89
74 93
125 54
123 72
175 50
75 50
126 94
124 49
176 59
76 86
127 17
125 51
177 71
77 48
128 29
126 58
178 42
78 69
129 19
127 51
179 74
79 73
130 97
128 82
180 34
80 97
131 18
129 22
181 35
81 28
132 25
130 13
182 82
82 40
133 14
131 87
183 32
83 61
134 65
132 45
184 61
84 80
135 75
133 65
185 11
85 46
136 92
134 90
186 99
86 84
137 66
135 46
187 39
87 83
138 60
136 42
188 73
88 35
139 84
137 65
189 23
89 22
140 56
138 90
190 79
90 79
141 18
139 51
191 35
91 44
142 18
140 71
192 80
92 16
143 33
141 63
193 72
93 71
144 35
142 83
194 52
94 100
145 32
143 43
195 92
95 85
146 35
144 22
196 41
96 76
147 32
145 50
197 52
97 14
148 23
146 95
198 96
98 93
149 14
147 72
199 25
99 65
150 48
148 33
200 85
100 11
149 39
201 30
101 72
152 31
202 54
102 73
153 19
151 67
203 13
103 45
154 10
152 74
204 67
104 53
155 44
153 83
205 68
105 33
156 94
154 42
206 52
106 61
157 11
155 87
207 42
107 85
158 80
156 57
208 14
108 33
159 66
157 34
209 82
109 100
160 17
158 43
210 42
110 70
161 13
159 76
211 40
111 52
162 15
160 66
212 92
112 56
163 70
161 12
213 31
113 96
164 28
162 43
214 79
114 86
165 59
163 91
215 39
115 74
166 87
164 29
216 49
116 57
167 87
165 34
217 42
117 75
168 67
166 45
218 32
118 15
169 17
167 23
219 54
119 77
170 69
168 41
220 59
120 40
171 25
169 22
221 75
121 54
172 95
170 10
222 45
122 44
173 37
171 78
223 82
123 19
174 12
172 84
224 47
124 25
175 29
173 49
225 79
125 82
176 82
174 79
226 23
126 28
177 41
175 65
227 96
127 29
178 51
176 36
228 93
128 79
179 64
177 13
229 87
129 87
180 71
178 40
230 76
130 89
181 84
179 89
231 69
131 59
182 63
180 54
232 61
132 27
183 62
181 65
233 63
133 29
184 75
182 25
234 84
134 60
185 99
183 98
235 60
135 34
186 71
184 78
236 76
136 35
187 60
185 43
237 73
137 28
188 12
186 91
238 50
138 82
189 83
187 24
239 95
139 87
190 37
188 96
240 78
140 83
191 44
189 61
241 53
141 59
192 96
190 89
242 14
142 18
193 99
191 33
243 46
143 98
194 90
192 20
244 58
144 36
195 80
193 14
245 77
145 65
196 30
194 21
246 13
146 57
197 39
195 39
247 88
147 31
198 86
196 25
248 22
148 90
199 18
197 63
249 27
149 38
200 95
198 16
250 69
150 69
199 86
251 82
151 57
202 42
252 19
152 17
203 95
201 72
253 15
153 65
204 84
202 79
254 14
154 70
205 28
203 39
255 75
155 23
206 95
204 14
256 15
156 50
207 60
205 11
257 47
157 58
208 26
206 47
258 52
158 65
209 76
207 33
259 78
159 47
210 85
208 74
260 50
160 47
211 15
209 28
261 49
161 93
212 96
210 19
262 53
162 62
213 65
211 47
263 88
163 77
214 37
212 61
264 35
164 71
215 51
213 18
265 15
165 62
216 97
214 35
266 16
166 97
217 77
215 64
267 27
167 27
218 83
216 68
268 86
168 54
219 38
217 44
269 76
169 23
220 100
218 35
270 68
170 87
221 25
219 21
271 82
171 69
222 12
220 91
272 34
172 15
223 29
221 90
273 15
173 87
224 73
222 89
274 72
174 71
225 48
223 77
275 67
175 14
226 76
224 40
276 32
176 49
227 61
225 85
277 94
177 97
228 52
226 41
278 76
178 67
229 69
227 67
279 13
179 80
230 32
228 27
280 16
180 12
231 88
229 30
281 17
181 33
232 67
230 44
282 75
182 73
233 12
231 47
283 36
183 26
234 94
232 94
284 30
184 78
235 65
233 36
285 83
185 36
236 69
234 14
286 52
186 74
237 72
235 31
287 91
187 51
238 87
236 27
288 28
188 57
239 100
237 98
289 63
189 46
240 94
238 25
290 78
190 82
241 59
239 53
291 100
191 20
242 63
240 32
292 83
192 79
243 51
241 23
293 29
193 36
244 73
242 14
294 30
194 77
245 80
243 43
295 91
195 100
246 31
244 66
296 83
196 74
247 38
245 46
297 97
197 67
248 72
246 46
298 19
198 56
249 10
247 99
299 29
199 56
250 11
248 51
300 44
200 28
249 30
301 65
201 17
252 36
302 86
202 24
253 50
251 54
303 42
203 12
254 13
252 77
304 72
204 36
255 34
253 62
305 87
205 52
256 39
254 28
306 37
206 77
257 54
255 49
307 93
207 51
258 13
256 72
308 56
208 42
259 99
257 76
309 90
209 44
260 22
258 24
310 25
210 50
261 75
259 20
311 72
211 67
262 67
260 23
312 62
212 100
263 29
261 58
313 59
213 57
264 46
262 61
314 12
214 52
265 15
263 83
315 21
215 29
266 97
264 31
316 19
216 90
267 39
265 70
317 17
217 40
268 86
266 66
318 72
218 76
269 70
267 45
319 94
219 87
270 24
268 28
320 75
220 92
271 69
269 58
321 65
221 56
272 28
270 69
322 58
222 40
273 30
271 78
323 44
223 14
274 48
272 26
324 96
224 23
275 26
273 52
325 69
225 33
276 59
274 97
326 76
226 95
277 90
275 94
327 90
227 84
278 99
276 70
328 61
228 14
279 99
277 17
329 85
229 82
280 86
278 12
330 82
230 56
281 57
279 14
331 49
231 58
282 29
280 99
332 94
232 16
283 12
281 50
333 98
233 64
284 53
282 82
334 69
234 82
285 10
283 72
335 60
235 22
286 11
284 25
336 95
236 20
287 44
285 50
337 14
237 15
288 77
286 46
338 55
238 43
289 85
287 87
339 79
239 34
290 14
288 30
340 43
240 76
291 98
289 42
341 11
241 78
292 14
290 46
342 90
242 85
293 23
291 26
343 51
243 71
294 15
292 21
344 11
244 66
295 47
293 24
345 13
245 94
296 21
294 62
346 66
246 47
297 68
295 47
347 29
247 60
298 28
296 20
348 79
248 44
299 25
297 92
349 16
249 19
300 28
298 86
350 76
250 53
299 34
351 71
251 46
302 72
352 73
252 51
303 42
301 34
353 35
253 90
304 99
302 68
354 12
254 47
305 89
303 98
355 53
255 27
306 100
304 14
356 88
256 23
307 85
305 80
357 82
257 20
308 56
306 76
358 15
258 31
309 73
307 44
359 46
259 38
310 33
308 78
360 75
260 14
311 89
309 18
361 58
261 13
312 22
310 11
362 43
262 24
313 76
311 37
363 93
263 69
314 22
312 12
364 35
264 21
315 43
313 21
365 49
265 56
316 14
314 56
366 69
266 50
317 49
315 45
367 90
267 98
318 94
316 76
368 77
268 50
319 52
317 80
369 74
269 19
320 16
318 15
370 39
270 51
321 71
319 60
371 90
271 23
322 21
320 16
372 15
272 80
323 14
321 72
373 61
273 47
324 22
322 49
374 41
274 62
325 86
323 23
375 14
275 42
326 47
324 23
376 83
276 50
327 17
325 29
377 30
277 24
328 99
326 43
378 53
278 25
329 27
327 84
379 96
279 73
330 36
328 76
380 76
280 80
331 98
329 56
381 85
281 17
332 51
330 63
382 86
282 10
333 98
331 79
383 94
283 82
334 11
332 57
384 71
284 78
335 60
333 68
385 50
285 71
336 78
334 62
386 28
286 53
337 14
335 62
387 90
287 13
338 33
336 28
388 96
288 33
339 58
337 47
389 44
289 98
340 32
338 47
390 45
290 97
341 77
339 62
391 39
291 78
342 71
340 81
392 88
292 76
343 47
341 51
393 49
293 67
344 86
342 92
394 49
294 22
345 70
343 28
395 71
295 58
346 88
344 18
396 97
296 75
347 89
345 95
397 75
297 67
348 92
346 46
398 44
298 77
349 74
347 23
399 77
299 82
350 20
348 52
400 72
300 68
349 63
401 30
301 14
352 53
402 47
302 42
353 48
351 22
403 61
303 28
354 90
352 10
404 66
304 94
355 44
353 19
405 39
305 34
356 76
354 69
406 76
306 87
357 15
355 40
407 62
307 79
358 82
356 12
408 20
308 81
359 55
357 95
409 100
309 38
360 58
358 85
410 89
310 61
361 97
359 51
411 43
311 27
362 91
360 71
412 36
312 19
363 29
361 17
413 38
313 35
364 48
362 13
414 58
314 68
365 78
363 84
415 68
315 53
366 77
364 25
416 80
316 44
367 19
365 73
417 24
317 34
368 23
366 71
418 69
318 72
369 15
367 64
419 49
319 13
370 52
368 26
420 88
320 98
371 92
369 93
421 89
321 54
372 34
370 79
422 12
322 54
373 24
371 53
423 45
323 55
374 42
372 11
424 98
324 78
375 76
373 70
425 95
325 80
376 39
374 32
426 16
326 87
377 41
375 95
427 32
327 20
378 58
376 15
428 10
328 95
379 30
377 53
429 38
329 18
380 10
378 100
430 68
330 20
381 69
379 76
431 45
331 30
382 97
380 18
432 26
332 57
383 78
381 76
433 19
333 27
384 43
382 51
434 22
334 63
385 67
383 64
435 56
335 57
386 49
384 43
436 26
336 58
387 22
385 24
437 40
337 87
388 31
386 66
438 70
338 14
389 21
387 10
439 59
339 43
390 69
388 83
440 67
340 57
391 43
389 70
441 22
341 92
392 48
390 75
442 50
342 53
393 52
391 17
443 79
343 34
394 48
392 66
444 72
344 83
395 23
393 81
445 26
345 61
396 25
394 82
446 68
346 85
397 62
395 57
447 73
347 61
398 53
396 65
448 98
348 98
399 41
397 45
449 70
349 91
400 76
398 37
450 71
350 79
399 72
451 24
351 18
402 92
452 89
352 18
403 58
401 28
453 30
353 94
404 81
402 61
454 99
354 11
405 41
403 55
455 26
355 79
406 73
404 31
456 14
356 73
407 46
405 34
457 48
357 79
408 52
406 71
458 51
358 37
409 75
407 97
459 37
359 96
410 89
408 27
460 19
360 80
411 72
409 93
461 28
361 80
412 83
410 63
462 31
362 52
413 14
411 20
463 93
363 79
414 52
412 50
464 54
364 65
415 72
413 22
465 93
365 86
416 64
414 66
466 63
366 68
417 98
415 52
467 14
367 78
418 69
416 69
468 33
368 94
419 59
417 37
469 93
369 82
420 92
418 81
470 20
370 62
421 53
419 81
471 98
371 84
422 59
420 63
472 36
372 73
423 65
421 94
473 66
373 86
424 63
422 97
474 46
374 50
425 36
423 66
475 77
375 27
426 93
424 90
476 11
376 35
427 34
425 64
477 41
377 75
428 24
426 30
478 85
378 47
429 70
427 68
479 61
379 70
430 87
428 82
480 47
380 65
431 66
429 82
481 24
381 89
432 64
430 25
482 71
382 14
433 68
431 91
483 38
383 25
434 64
432 11
484 15
384 70
435 99
433 18
485 28
385 32
436 53
434 33
486 52
386 93
437 90
435 54
487 36
387 90
438 48
436 24
488 11
388 59
439 77
437 90
489 91
389 37
440 61
438 30
490 88
390 73
441 27
439 89
491 29
391 80
442 58
440 96
492 75
392 90
443 87
441 60
493 50
393 83
444 54
442 63
494 21
394 10
445 68
443 67
495 18
395 55
446 51
444 66
496 19
396 22
447 98
445 67
497 31
397 41
448 44
446 43
498 19
398 67
449 36
447 98
499 75
399 85
450 52
448 41
500 33
400 78
449 45
501 60
401 29
452 20
502 14
402 55
453 31
451 21
503 99
403 100
454 78
452 53
504 45
404 35
455 56
453 44
505 87
405 54
456 31
454 15
506 73
406 53
457 20
455 14
507 90
407 71
458 29
456 14
508 51
408 69
459 39
457 61
509 77
409 91
460 44
458 34
510 81
410 67
461 96
459 32
511 83
411 41
462 57
460 72
512 29
412 79
463 52
461 83
513 23
413 91
464 30
462 82
514 56
414 36
465 43
463 86
515 31
415 67
466 36
464 73
516 89
416 50
467 70
465 66
517 88
417 29
468 50
466 15
518 50
418 92
469 31
467 90
519 64
419 75
470 67
468 42
520 14
420 96
471 45
469 14
521 78
421 27
472 60
470 71
522 58
422 40
473 35
471 96
523 71
423 43
474 25
472 91
524 42
424 21
475 67
473 83
525 80
425 41
476 52
474 77
526 75
426 67
477 55
475 92
527 53
427 47
478 69
476 72
528 17
428 62
479 22
477 19
529 62
429 63
480 84
478 97
530 29
430 66
481 92
479 41
531 43
431 79
482 87
480 33
532 75
432 36
483 18
481 79
533 48
433 32
484 56
482 61
534 30
434 77
485 24
483 36
535 23
435 75
486 12
484 41
536 40
436 33
487 32
485 45
537 90
437 65
488 87
486 23
538 65
438 30
489 48
487 72
539 75
439 97
490 12
488 58
540 47
440 42
491 27
489 75
541 91
441 57
492 90
490 35
542 59
442 90
493 21
491 13
543 90
443 76
494 61
492 19
544 96
444 59
495 13
493 20
545 67
445 79
496 25
494 59
546 27
446 24
497 86
495 22
547 87
447 33
498 54
496 10
548 22
448 39
499 64
497 38
549 96
449 60
500 48
498 22
550 36
450 73
499 70
551 29
451 51
502 82
552 80
452 50
503 51
501 73
553 29
453 60
504 57
502 27
554 37
454 75
505 21
503 36
555 80
455 30
506 84
504 30
556 92
456 58
507 61
505 99
557 72
457 36
508 75
506 27
558 36
458 18
509 38
507 43
559 65
459 100
510 66
508 96
560 88
460 52
511 55
509 93
561 31
461 83
512 37
510 94
562 34
462 55
513 19
511 17
563 19
463 44
514 39
512 38
564 77
464 21
515 79
513 21
565 67
465 96
516 93
514 96
566 55
466 77
517 59
515 14
567 89
467 51
518 62
516 58
568 31
468 21
519 19
517 34
569 41
469 44
520 18
518 84
570 26
470 72
521 31
519 20
571 12
471 23
522 34
520 96
572 30
472 46
523 32
521 67
573 14
473 89
524 71
522 68
574 39
474 97
525 72
523 80
575 50
475 84
526 100
524 36
576 40
476 58
527 23
525 75
577 71
477 47
528 39
526 30
578 100
478 10
529 80
527 19
579 66
479 50
530 56
528 71
580 22
480 21
531 36
529 63
581 54
481 29
532 95
530 77
582 47
482 36
533 38
531 36
583 91
483 82
534 65
532 19
584 44
484 90
535 44
533 86
585 100
485 31
536 70
534 95
586 19
486 47
537 68
535 56
587 11
487 46
538 80
536 97
588 47
488 82
539 76
537 95
589 60
489 53
540 37
538 95
590 51
490 23
541 93
539 61
591 49
491 88
542 58
540 70
592 13
492 49
543 20
541 62
593 79
493 41
544 87
542 72
594 93
494 83
545 73
543 52
595 57
495 22
546 50
544 43
596 13
496 71
547 17
545 32
597 75
497 83
548 92
546 40
598 95
498 78
549 80
547 35
599 88
499 33
550 50
548 10
600 62
500 58
549 41
501 54
552 59
502 87
553 70
551 76
503 52
554 23
552 91
504 42
555 73
553 52
505 22
556 53
554 11
506 25
557 36
555 62
507 82
558 80
556 68
508 10
559 22
557 37
509 57
560 28
558 55
510 83
561 16
559 55
511 70
562 47
560 87
512 86
563 59
561 39
513 70
564 83
562 41
514 76
565 27
563 58
515 14
566 38
564 42
516 80
567 80
565 37
517 33
568 90
566 44
518 33
569 93
567 28
519 96
570 93
568 92
520 92
571 55
569 77
521 69
572 92
570 57
522 31
573 55
571 26
523 50
574 97
572 95
524 79
575 24
573 41
525 48
576 57
574 76
526 49
577 54
575 12
527 97
578 15
576 29
528 29
579 24
577 13
529 70
580 29
578 79
530 56
581 42
579 59
531 55
582 79
580 20
532 29
583 42
581 69
533 48
584 36
582 79
534 67
585 12
583 16
535 15
586 55
584 15
536 34
587 12
585 72
537 41
588 86
586 91
538 37
589 63
587 62
539 76
590 59
588 93
540 59
591 65
589 68
541 50
592 62
590 40
542 95
593 37
591 83
543 31
594 99
592 15
544 93
595 77
593 29
545 17
596 29
594 93
546 50
597 33
595 76
547 12
598 85
596 37
548 34
599 17
597 11
549 25
600 26
598 96
550 79
599 31
363
516
2 276 363 
1 54 
2 335 452 
2 499 360 
1 189 
4 110 40 587 37 
3 302 481 239 
1 136 
3 518 290 464 
2 371 552 
2 337 486 
2 449 133 
2 329 439 
2 380 494 
1 336 
1 178 
1 29 
2 307 21 
2 249 502 
1 588 
2 453 379 
2 407 414 
1 368 
2 372 558 
1 240 
2 248 423 
1 429 
2 383 488 
1 427 
4 583 279 112 534 
4 527 138 487 61 
1 215 
1 195 
3 436 257 330 
2 460 581 
2 214 316 
1 573 
3 233 386 111 
1 356 
3 128 223 324 
2 8 590 
1 46 
1 293 
1 227 
1 434 
2 495 86 
2 119 595 
3 271 517 370 
1 484 
1 192 
1 176 
4 411 543 364 126 
1 511 
1 33 
3 373 25 563 
2 544 91 
2 107 56 
3 228 190 280 
2 232 151 
3 273 405 89 
1 512 
1 10 
1 312 
1 323 
2 594 310 
1 416 
1 244 
1 365 
1 497 
2 410 384 
3 278 235 321 
3 272 450 109 
1 444 
4 538 169 22 472 
2 354 87 
3 72 129 79 
3 212 359 105 
2 115 41 
4 391 162 419 48 
2 412 458 
1 554 
2 207 167 
1 309 
1 338 
2 571 252 
1 203 
1 367 
2 156 131 
1 241 
1 306 
1 264 
3 26 36 381 
2 305 580 
2 123 286 
1 127 
1 560 
1 376 
1 251 
6 3 135 285 524 569 355 
1 38 
3 421 194 521 
2 202 435 
1 69 
3 351 144 437 
1 154 
2 461 469 
2 183 441 
2 85 549 
1 522 
1 230 
3 377 201 402 
1 314 
2 532 327 
2 104 516 
