625 2400 10 100 118
2
3
3
3
3
3
3
3
3
3
3
3
3
3
3
3
3
3
3
3
3
3
3
3
2
3
4
4
4
4
4
4
4
4
4
4
4
4
4
4
4
4
4
4
4
4
4
4
4
3
3
4
4
4
4
4
4
4
4
4
4
4
4
4
4
4
4
4
4
4
4
4
4
4
3
3
4
4
4
4
4
4
4
4
4
4
4
4
4
4
4
4
4
4
4
4
4
4
4
3
3
4
4
4
4
4
4
4
4
4
4
4
4
4
4
4
4
4
4
4
4
4
4
4
3
3
4
4
4
4
4
4
4
4
4
4
4
4
4
4
4
4
4
4
4
4
4
4
4
3
3
4
4
4
4
4
4
4
4
4
4
4
4
4
4
4
4
4
4
4
4
4
4
4
3
3
4
4
4
4
4
4
4
4
4
4
4
4
4
4
4
4
4
4
4
4
4
4
4
3
3
4
4
4
4
4
4
4
4
4
4
4
4
4
4
4
4
4
4
4
4
4
4
4
3
3
4
4
4
4
4
4
4
4
4
4
4
4
4
4
4
4
4
4
4
4
4
4
4
3
3
4
4
4
4
4
4
4
4
4
4
4
4
4
4
4
4
4
4
4
4
4
4
4
3
3
4
4
4
4
4
4
4
4
4
4
4
4
4
4
4
4
4
4
4
4
4
4
4
3
3
4
4
4
4
4
4
4
4
4
4
4
4
4
4
4
4
4
4
4
4
4
4
4
3
3
4
4
4
4
4
4
4
4
4
4
4
4
4
4
4
4
4
4
4
4
4
4
4
3
3
4
4
4
4
4
4
4
4
4
4
4
4
4
4
4
4
4
4
4
4
4
4
4
3
3
4
4
4
4
4
4
4
4
4
4
4
4
4
4
4
4
4
4
4
4
4
4
4
3
3
4
4
4
4
4
4
4
4
4
4
4
4
4
4
4
4
4
4
4
4
4
4
4
3
3
4
4
4
4
4
4
4
4
4
4
4
4
4
4
4
4
4
4
4
4
4
4
4
3
3
4
4
4
4
4
4
4
4
4
4
4
4
4
4
4
4
4
4
4
4
4
4
4
3
3
4
4
4
4
4
4
4
4
4
4
4
4
4
4
4
4
4
4
4
4
4
4
4
3
3
4
4
4
4
4
4
4
4
4
4
4
4
4
4
4
4
4
4
4
4
4
4
4
3
3
4
4
4
4
4
4
4
4
4
4
4
4
4
4
4
4
4
4
4
4
4
4
4
3
3
4
4
4
4
4
4
4
4
4
4
4
4
4
4
4
4
4
4
4
4
4
4
4
3
3
4
4
4
4
4
4
4
4
4
4
4
4
4
4
4
4
4
4
4
4
4
4
4
3
2
3
3
3
3
3
3
3
3
3
3
3
3
3
3
3
3
3
3
3
3
3
3
3
2
26 37
2 29
27 82
3 23
1 66
28 41
4 54
2 39
29 96
5 77
3 75
30 17
6 72
4 10
31 99
7 34
5 26
32 23
8 95
6 36
33 13
9 41
7 38
34 11
10 35
8 56
35 15
11 94
9 34
36 64
12 70
10 41
37 62
13 25
11 96
38 83
14 28
12 12
39 71
15 11
13 58
40 89
16 50
14 21
41 47
17 84
15 10
42 66
18 46
16 56
43 90
19 97
17 19
44 30
20 46
18 14
45 48
21 57
19 94
46 52
22 45
20 89
47 60
23 87
21 93
48 22
24 26
22 36
49 31
25 32
23 50
50 41
24 88
51 52
1 52
27 91
52 36
2 53
28 78
26 71
53 54
3 64
29 78
27 60
54 77
4 57
30 60
28 39
55 53
5 19
31 31
29 72
56 86
6 42
32 75
30 27
57 32
7 30
33 54
31 56
58 60
8 45
34 79
32 42
59 61
9 76
35 66
33 20
60 88
10 97
36 34
34 14
61 49
11 90
37 84
35 72
62 75
12 24
38 21
36 28
63 20
13 58
39 25
37 62
64 77
14 28
40 81
38 47
65 53
15 28
41 34
39 20
66 20
16 60
42 10
40 98
67 63
17 85
43 80
41 20
68 12
18 39
44 35
42 67
69 37
19 47
45 60
43 52
70 43
20 50
46 84
44 70
71 78
21 12
47 40
45 36
72 29
22 25
48 87
46 49
73 42
23 78
49 43
47 31
74 65
24 56
50 99
48 19
75 40
25 16
49 26
76 36
26 63
52 49
77 46
27 88
53 19
51 30
78 54
28 42
54 30
52 17
79 46
29 52
55 32
53 13
80 24
30 67
56 77
54 53
81 100
31 71
57 35
55 59
82 73
32 53
58 10
56 31
83 83
33 95
59 40
57 90
84 34
34 70
60 74
58 38
85 37
35 88
61 71
59 11
86 94
36 12
62 41
60 59
87 37
37 80
63 79
61 80
88 63
38 31
64 69
62 62
89 96
39 86
65 23
63 74
90 15
40 65
66 20
64 36
91 47
41 62
67 89
65 51
92 93
42 88
68 97
66 59
93 68
43 37
69 68
67 75
94 45
44 99
70 24
68 82
95 70
45 93
71 85
69 22
96 82
46 57
72 100
70 57
97 40
47 50
73 77
71 42
98 85
48 42
74 82
72 28
99 41
49 26
75 98
73 67
100 28
50 12
74 18
101 82
51 55
77 40
102 83
52 59
78 82
76 80
103 55
53 70
79 12
77 79
104 56
54 73
80 90
78 34
105 52
55 82
81 68
79 52
106 82
56 49
82 99
80 31
107 64
57 11
83 16
81 32
108 79
58 79
84 72
82 11
109 50
59 62
85 20
83 40
110 63
60 59
86 56
84 45
111 23
61 31
87 70
85 76
112 97
62 43
88 51
86 89
113 46
63 35
89 37
87 31
114 78
64 14
90 25
88 65
115 30
65 52
91 70
89 40
116 94
66 82
92 60
90 20
117 57
67 83
93 29
91 90
118 66
68 92
94 48
92 32
119 45
69 91
95 12
93 90
120 31
70 27
96 27
94 58
121 82
71 92
97 67
95 57
122 42
72 29
98 72
96 40
123 56
73 75
99 91
97 98
124 60
74 24
100 58
98 73
125 68
75 14
99 21
126 83
76 79
102 14
127 30
77 90
103 63
101 38
128 66
78 74
104 36
102 62
129 57
79 55
105 68
103 20
130 51
80 21
106 72
104 43
131 12
81 12
107 31
105 55
132 79
82 14
108 32
106 77
133 63
83 69
109 56
107 24
134 36
84 11
110 37
108 56
135 63
85 96
111 54
109 21
136 81
86 79
112 83
110 65
137 20
87 57
113 15
111 64
138 67
88 62
114 72
112 99
139 46
89 34
115 44
113 65
140 62
90 62
116 72
114 57
141 84
91 96
117 76
115 10
142 91
92 24
118 94
116 78
143 43
93 85
119 45
117 89
144 75
94 54
120 78
118 24
145 60
95 28
121 63
119 65
146 19
96 79
122 98
120 61
147 73
97 97
123 73
121 81
148 74
98 35
124 10
122 29
149 58
99 20
125 85
123 75
150 54
100 39
124 64
151 41
101 92
127 29
152 89
102 54
128 65
126 40
153 36
103 57
129 99
127 19
154 28
104 78
130 19
128 49
155 83
105 37
131 30
129 66
156 44
106 35
132 18
130 77
157 75
107 78
133 34
131 81
158 25
108 21
134 12
132 39
159 33
109 100
135 28
133 18
160 85
110 37
136 24
134 94
161 94
111 75
137 22
135 55
162 30
112 53
138 94
136 88
163 82
113 97
139 45
137 39
164 57
114 40
140 60
138 49
165 56
115 49
141 11
139 36
166 43
116 37
142 76
140 30
167 64
117 51
143 19
141 90
168 21
118 19
144 95
142 40
169 71
119 70
145 39
143 35
170 22
120 90
146 30
144 72
171 59
121 22
147 64
145 50
172 70
122 91
148 64
146 23
173 80
123 65
149 68
147 51
174 77
124 74
150 69
148 89
175 25
125 42
149 44
176 61
126 45
152 76
177 91
127 64
153 38
151 39
178 30
128 11
154 68
152 33
179 30
129 20
155 82
153 50
180 93
130 80
156 95
154 73
181 90
131 73
157 81
155 68
182 23
132 15
158 23
156 73
183 16
133 31
159 29
157 14
184 44
134 82
160 96
158 83
185 28
135 38
161 52
159 23
186 38
136 22
162 39
160 29
187 42
137 42
163 63
161 22
188 21
138 27
164 57
162 77
189 48
139 57
165 82
163 51
190 24
140 41
166 96
164 71
191 100
141 78
167 99
165 37
192 94
142 84
168 18
166 59
193 47
143 80
169 84
167 67
194 35
144 26
170 35
168 33
195 82
145 64
171 76
169 41
196 86
146 97
172 31
170 98
197 48
147 39
173 76
171 24
198 41
148 68
174 73
172 19
199 35
149 77
175 91
173 56
200 77
150 87
174 45
201 78
151 46
177 100
202 18
152 95
178 10
176 40
203 64
153 51
179 50
177 65
204 71
154 80
180 13
178 93
205 63
155 52
181 69
179 80
206 86
156 10
182 74
180 41
207 52
157 84
183 54
181 25
208 81
158 14
184 87
182 63
209 73
159 23
185 27
183 38
210 85
160 12
186 86
184 98
211 64
161 94
187 86
185 78
212 70
162 57
188 48
186 68
213 83
163 92
189 30
187 13
214 43
164 30
190 52
188 53
215 79
165 73
191 26
189 23
216 12
166 50
192 97
190 51
217 50
167 95
193 20
191 75
218 16
168 47
194 20
192 92
219 16
169 85
195 88
193 92
220 14
170 57
196 91
194 51
221 41
171 63
197 58
195 84
222 73
172 65
198 84
196 84
223 54
173 87
199 95
197 79
224 20
174 77
200 92
198 92
225 99
175 40
199 10
226 74
176 42
202 16
227 93
177 86
203 48
201 17
228 88
178 65
204 100
202 16
229 16
179 25
205 15
203 92
230 19
180 42
206 15
204 69
231 56
181 64
207 85
205 61
232 28
182 28
208 60
206 93
233 76
183 52
209 82
207 100
234 34
184 93
210 65
208 96
235 87
185 12
211 12
209 19
236 91
186 98
212 95
210 95
237 33
187 91
213 30
211 95
238 61
188 16
214 82
212 68
239 67
189 47
215 90
213 38
240 35
190 84
216 14
214 21
241 70
191 63
217 47
215 70
242 38
192 57
218 96
216 56
243 59
193 10
219 74
217 14
244 100
194 97
220 10
218 67
245 94
195 61
221 15
219 57
246 90
196 88
222 39
220 79
247 28
197 24
223 90
221 58
248 73
198 41
224 80
222 49
249 32
199 44
225 30
223 23
250 45
200 65
224 65
251 86
201 29
227 95
252 11
202 89
228 92
226 22
253 64
203 15
229 49
227 86
254 30
204 52
230 32
228 26
255 94
205 40
231 81
229 13
256 10
206 32
232 69
230 81
257 87
207 52
233 81
231 24
258 75
208 37
234 24
232 37
259 34
209 86
235 62
233 65
260 76
210 80
236 39
234 60
261 44
211 78
237 22
235 99
262 25
212 97
238 32
236 36
263 56
213 86
239 48
237 10
264 59
214 29
240 85
238 43
265 93
215 53
241 28
239 99
266 53
216 54
242 13
240 25
267 25
217 59
243 68
241 77
268 57
218 80
244 99
242 44
269 48
219 46
245 74
243 58
270 34
220 94
246 44
244 55
271 35
221 18
247 52
245 88
272 24
222 10
248 16
246 83
273 72
223 11
249 22
247 87
274 15
224 71
250 68
248 38
275 75
225 98
249 76
276 47
226 99
252 90
277 74
227 99
253 78
251 92
278 19
228 37
254 36
252 89
279 85
229 21
255 33
253 42
280 19
230 59
256 26
254 73
281 43
231 52
257 82
255 65
282 58
232 33
258 71
256 33
283 15
233 26
259 70
257 81
284 43
234 38
260 91
258 90
285 29
235 53
261 67
259 99
286 99
236 11
262 80
260 13
287 75
237 52
263 80
261 67
288 73
238 25
264 62
262 36
289 61
239 11
265 100
263 10
290 21
240 32
266 84
264 17
291 28
241 56
267 33
265 62
292 92
242 37
268 11
266 55
293 87
243 53
269 12
267 79
294 76
244 28
270 81
268 52
295 43
245 80
271 58
269 56
296 45
246 62
272 94
270 68
297 60
247 42
273 26
271 78
298 68
248 40
274 32
272 23
299 63
249 59
275 35
273 67
300 78
250 64
274 35
301 72
251 43
277 26
302 48
252 11
278 37
276 58
303 37
253 44
279 23
277 55
304 12
254 81
280 17
278 40
305 86
255 95
281 87
279 66
306 100
256 71
282 59
280 65
307 62
257 70
283 14
281 90
308 75
258 70
284 100
282 71
309 82
259 51
285 94
283 17
310 17
260 95
286 36
284 84
311 10
261 10
287 96
285 18
312 16
262 80
288 38
286 62
313 21
263 77
289 67
287 23
314 60
264 21
290 98
288 12
315 52
265 40
291 79
289 83
316 24
266 73
292 44
290 58
317 61
267 35
293 82
291 89
318 39
268 86
294 79
292 45
319 81
269 37
295 86
293 41
320 88
270 27
296 83
294 20
321 15
271 17
297 34
295 40
322 69
272 48
298 48
296 100
323 84
273 19
299 22
297 70
324 43
274 57
300 57
298 87
325 75
275 24
299 48
326 13
276 22
302 99
327 67
277 29
303 82
301 52
328 84
278 46
304 63
302 41
329 83
279 12
305 20
303 54
330 49
280 13
306 89
304 42
331 21
281 83
307 17
305 36
332 48
282 68
308 49
306 36
333 44
283 27
309 23
307 79
334 63
284 97
310 49
308 13
335 25
285 100
311 26
309 36
336 64
286 73
312 27
310 27
337 36
287 88
313 63
311 56
338 85
288 20
314 68
312 75
339 42
289 16
315 81
313 63
340 31
290 35
316 17
314 26
341 85
291 77
317 29
315 30
342 29
292 40
318 32
316 85
343 80
293 33
319 50
317 65
344 58
294 73
320 77
318 64
345 16
295 95
321 87
319 24
346 19
296 35
322 31
320 39
347 46
297 67
323 23
321 97
348 64
298 90
324 61
322 83
349 21
299 82
325 12
323 28
350 87
300 81
324 47
351 80
301 26
327 20
352 29
302 57
328 43
326 96
353 74
303 46
329 54
327 85
354 59
304 60
330 68
328 48
355 17
305 32
331 96
329 31
356 65
306 72
332 17
330 53
357 80
307 55
333 33
331 80
358 96
308 29
334 25
332 76
359 100
309 54
335 12
333 60
360 73
310 54
336 36
334 70
361 38
311 89
337 24
335 11
362 91
312 90
338 71
336 11
363 40
313 36
339 49
337 74
364 22
314 12
340 42
338 82
365 90
315 63
341 31
339 61
366 13
316 37
342 52
340 20
367 92
317 51
343 91
341 77
368 15
318 12
344 44
342 23
369 14
319 21
345 49
343 94
370 58
320 42
346 58
344 63
371 31
321 79
347 84
345 23
372 98
322 66
348 100
346 94
373 67
323 15
349 47
347 29
374 81
324 59
350 93
348 81
375 43
325 92
349 73
376 95
326 17
352 66
377 47
327 28
353 53
351 16
378 94
328 80
354 76
352 64
379 69
329 61
355 38
353 51
380 31
330 20
356 73
354 94
381 15
331 22
357 13
355 60
382 76
332 36
358 55
356 36
383 53
333 38
359 11
357 82
384 47
334 91
360 71
358 74
385 13
335 91
361 61
359 22
386 58
336 18
362 85
360 13
387 11
337 11
363 58
361 77
388 91
338 20
364 82
362 31
389 100
339 77
365 95
363 41
390 93
340 25
366 91
364 56
391 80
341 24
367 21
365 22
392 23
342 21
368 80
366 64
393 20
343 36
369 11
367 36
394 20
344 95
370 38
368 59
395 14
345 72
371 49
369 49
396 55
346 85
372 69
370 92
397 68
347 16
373 17
371 55
398 10
348 35
374 85
372 70
399 32
349 86
375 82
373 27
400 40
350 73
374 99
401 75
351 45
377 36
402 15
352 28
378 75
376 56
403 61
353 100
379 60
377 71
404 37
354 75
380 57
378 57
405 93
355 59
381 14
379 30
406 18
356 88
382 29
380 56
407 29
357 74
383 30
381 47
408 56
358 67
384 97
382 94
409 47
359 70
385 57
383 88
410 16
360 60
386 71
384 63
411 58
361 97
387 41
385 21
412 38
362 65
388 15
386 56
413 17
363 54
389 67
387 21
414 36
364 55
390 31
388 75
415 26
365 89
391 98
389 68
416 41
366 52
392 35
390 16
417 56
367 45
393 46
391 83
418 78
368 10
394 22
392 14
419 19
369 88
395 56
393 16
420 66
370 73
396 39
394 35
421 89
371 71
397 85
395 70
422 19
372 78
398 18
396 79
423 83
373 38
399 100
397 79
424 36
374 54
400 80
398 25
425 32
375 69
399 72
426 58
376 33
402 13
427 33
377 95
403 43
401 40
428 83
378 24
404 94
402 91
429 87
379 38
405 100
403 96
430 30
380 82
406 23
404 10
431 71
381 12
407 55
405 33
432 20
382 58
408 33
406 19
433 90
383 99
409 67
407 34
434 66
384 56
410 11
408 87
435 37
385 87
411 77
409 98
436 45
386 92
412 96
410 56
437 12
387 61
413 54
411 21
438 10
388 10
414 30
412 18
439 31
389 16
415 95
413 29
440 62
390 65
416 86
414 60
441 75
391 22
417 86
415 75
442 21
392 14
418 65
416 64
443 15
393 32
419 38
417 100
444 40
394 75
420 36
418 39
445 73
395 69
421 69
419 97
446 23
396 64
422 53
420 11
447 81
397 96
423 74
421 35
448 60
398 81
424 43
422 64
449 71
399 41
425 59
423 76
450 21
400 19
424 14
451 87
401 70
427 58
452 22
402 69
428 86
426 68
453 77
403 89
429 47
427 46
454 76
404 15
430 69
428 17
455 33
405 97
431 53
429 90
456 44
406 97
432 80
430 10
457 94
407 98
433 91
431 22
458 83
408 88
434 64
432 25
459 34
409 53
435 86
433 34
460 30
410 34
436 63
434 60
461 42
411 22
437 11
435 99
462 25
412 85
438 45
436 52
463 42
413 68
439 59
437 76
464 10
414 73
440 91
438 40
465 87
415 61
441 22
439 18
466 98
416 89
442 29
440 44
467 72
417 61
443 69
441 53
468 21
418 55
444 75
442 23
469 24
419 98
445 23
443 43
470 91
420 77
446 77
444 45
471 54
421 66
447 96
445 79
472 51
422 41
448 26
446 73
473 77
423 96
449 54
447 76
474 71
424 25
450 54
448 23
475 10
425 96
449 26
476 65
426 97
452 49
477 15
427 97
453 43
451 12
478 71
428 80
454 96
452 85
479 24
429 28
455 83
453 40
480 37
430 12
456 100
454 87
481 70
431 41
457 58
455 92
482 61
432 48
458 11
456 48
483 100
433 57
459 15
457 86
484 28
434 27
460 28
458 42
485 96
435 25
461 97
459 99
486 24
436 42
462 55
460 36
487 43
437 28
463 54
461 61
488 11
438 31
464 44
462 75
489 54
439 27
465 24
463 54
490 98
440 57
466 94
464 95
491 72
441 19
467 16
465 94
492 12
442 36
468 16
466 35
493 33
443 58
469 28
467 17
494 99
444 22
470 59
468 51
495 77
445 12
471 41
469 40
496 44
446 64
472 94
470 15
497 91
447 29
473 100
471 21
498 18
448 24
474 67
472 88
499 56
449 55
475 26
473 33
500 88
450 19
474 21
501 13
451 95
477 47
502 13
452 19
478 91
476 32
503 22
453 56
479 74
477 88
504 54
454 94
480 34
478 57
505 45
455 20
481 51
479 100
506 32
456 57
482 45
480 98
507 71
457 46
483 93
481 99
508 30
458 15
484 96
482 31
509 29
459 89
485 99
483 74
510 37
460 99
486 61
484 33
511 45
461 68
487 76
485 84
512 95
462 16
488 69
486 12
513 55
463 97
489 37
487 73
514 32
464 44
490 88
488 88
515 46
465 17
491 15
489 96
516 11
466 18
492 14
490 55
517 89
467 56
493 23
491 76
518 49
468 13
494 16
492 100
519 73
469 77
495 47
493 55
520 56
470 36
496 11
494 23
521 83
471 40
497 39
495 63
522 37
472 89
498 22
496 28
523 81
473 33
499 98
497 76
524 18
474 66
500 83
498 29
525 92
475 72
499 37
526 41
476 20
502 73
527 63
477 39
503 32
501 36
528 16
478 90
504 17
502 28
529 44
479 60
505 92
503 63
530 96
480 31
506 57
504 78
531 59
481 18
507 81
505 86
532 23
482 56
508 59
506 28
533 58
483 43
509 34
507 39
534 81
484 69
510 77
508 47
535 84
485 30
511 59
509 64
536 46
486 44
512 24
510 50
537 85
487 76
513 86
511 59
538 89
488 11
514 11
512 14
539 53
489 84
515 72
513 90
540 13
490 37
516 76
514 97
541 73
491 50
517 70
515 78
542 24
492 76
518 49
516 37
543 72
493 60
519 39
517 13
544 36
494 57
520 16
518 79
545 40
495 88
521 92
519 32
546 18
496 67
522 48
520 37
547 11
497 17
523 74
521 78
548 11
498 94
524 53
522 66
549 27
499 28
525 70
523 46
550 91
500 68
524 15
551 26
501 35
527 52
552 48
502 92
528 65
526 28
553 79
503 58
529 22
527 80
554 37
504 21
530 49
528 74
555 12
505 98
531 18
529 66
556 86
506 75
532 36
530 34
557 55
507 66
533 42
531 39
558 18
508 49
534 62
532 11
559 37
509 71
535 67
533 46
560 23
510 93
536 77
534 28
561 62
511 79
537 87
535 23
562 42
512 63
538 77
536 47
563 40
513 64
539 62
537 88
564 57
514 82
540 93
538 15
565 60
515 21
541 89
539 44
566 39
516 59
542 12
540 52
567 58
517 24
543 93
541 93
568 12
518 47
544 30
542 13
569 24
519 93
545 51
543 32
570 63
520 52
546 44
544 70
571 55
521 39
547 60
545 37
572 37
522 81
548 30
546 51
573 81
523 94
549 54
547 73
574 23
524 22
550 63
548 83
575 23
525 68
549 16
576 80
526 55
552 40
577 98
527 47
553 76
551 39
578 15
528 92
554 94
552 79
579 58
529 82
555 51
553 21
580 44
530 75
556 45
554 23
581 78
531 64
557 73
555 88
582 29
532 70
558 36
556 20
583 44
533 49
559 83
557 59
584 80
534 91
560 52
558 99
585 60
535 37
561 24
559 54
586 21
536 14
562 65
560 70
587 63
537 56
563 75
561 12
588 39
538 93
564 31
562 64
589 99
539 10
565 62
563 90
590 77
540 86
566 89
564 65
591 98
541 33
567 84
565 42
592 26
542 46
568 66
566 59
593 56
543 23
569 30
567 69
594 58
544 77
570 91
568 18
595 37
545 72
571 56
569 77
596 53
546 59
572 16
570 69
597 37
547 53
573 19
571 42
598 20
548 69
574 72
572 13
599 73
549 30
575 71
573 36
600 34
550 98
574 25
601 17
551 96
577 24
602 55
552 75
578 26
576 21
603 63
553 91
579 82
577 93
604 45
554 29
580 61
578 21
605 56
555 69
581 86
579 17
606 71
556 41
582 88
580 29
607 63
557 32
583 89
581 55
608 60
558 24
584 90
582 88
609 25
559 65
585 41
583 21
610 57
560 66
586 16
584 89
611 83
561 15
587 82
585 35
612 28
562 86
588 61
586 55
613 51
563 29
589 98
587 45
614 60
564 79
590 20
588 55
615 17
565 60
591 93
589 34
616 23
566 83
592 13
590 10
617 14
567 38
593 18
591 56
618 10
568 87
594 60
592 79
619 28
569 37
595 41
593 53
620 72
570 81
596 75
594 39
621 98
571 100
597 95
595 82
622 26
572 67
598 24
596 79
623 91
573 71
599 19
597 38
624 18
574 18
600 98
598 48
625 94
575 67
599 81
576 45
602 93
577 58
603 11
601 50
578 68
604 76
602 78
579 72
605 14
603 68
580 74
606 59
604 96
581 58
607 66
605 12
582 85
608 58
606 72
583 30
609 56
607 68
584 59
610 92
608 18
585 97
611 94
609 85
586 70
612 18
610 89
587 59
613 46
611 28
588 23
614 49
612 65
589 31
615 87
613 45
590 65
616 14
614 73
591 16
617 49
615 20
592 16
618 11
616 68
593 69
619 54
617 73
594 82
620 63
618 51
595 96
621 69
619 93
596 13
622 28
620 53
597 70
623 49
621 56
598 12
624 13
622 33
599 66
625 56
623 27
600 83
624 40
87
427
1 87 
2 157 295 
2 44 165 
2 380 403 
1 314 
1 494 
3 171 285 552 
1 532 
3 322 114 117 
1 536 
1 11 
2 516 535 
1 363 
1 267 
2 149 189 
1 268 
5 290 104 251 441 515 
3 245 398 96 
1 195 
3 302 320 41 
1 583 
1 606 
5 196 389 407 158 256 
2 598 76 
2 429 369 
1 88 
2 113 82 
4 307 34 288 143 
2 239 153 
3 377 216 84 
2 258 435 
3 520 175 501 
2 306 116 
2 533 80 
1 567 
1 565 
3 6 493 543 
1 142 
1 466 
1 497 
2 534 372 
2 55 33 
1 56 
1 576 
2 460 442 
1 282 
2 489 58 
1 64 
1 234 
3 450 308 199 
2 490 585 
1 528 
2 423 568 
3 462 563 29 
2 277 301 
2 270 238 
1 401 
1 43 
2 454 581 
1 452 
1 370 
1 544 
2 519 122 
1 601 
2 86 506 
1 286 
1 471 
1 191 
2 57 464 
2 192 324 
2 226 584 
3 605 68 300 
1 467 
3 223 436 571 
2 485 349 
2 575 488 
2 111 504 
2 384 63 
5 9 548 579 557 483 
1 465 
4 253 514 546 551 
2 588 257 
1 402 
1 77 
2 75 495 
1 128 
3 321 166 263 
4 611 148 147 203 
1 607 
1 168 
1 509 
3 368 169 136 
1 318 
1 164 
2 420 48 
1 161 
3 89 154 294 
1 382 
1 539 
2 49 265 
2 140 177 
1 615 
2 362 371 
2 23 508 
2 355 51 
2 65 115 
1 451 
2 365 513 
3 486 554 151 
3 333 212 215 
3 415 272 22 
2 264 72 
2 445 609 
1 426 
2 547 172 
1 379 
2 7 555 
2 293 427 
