400 1500 10 100 76
2
3
3
3
3
3
3
3
3
3
3
3
3
3
3
3
3
3
3
3
3
3
3
3
3
3
3
3
3
3
3
3
3
3
3
3
3
3
3
2
3
4
4
4
4
4
4
4
4
4
4
4
4
4
4
4
4
4
4
4
4
4
4
4
4
4
4
4
4
4
4
4
4
4
4
4
4
4
4
3
3
4
4
4
4
4
4
4
4
4
4
4
4
4
4
4
4
4
4
4
4
4
4
4
4
4
4
4
4
4
4
4
4
4
4
4
4
4
4
3
3
4
4
4
4
4
4
4
4
4
4
4
4
4
4
4
4
4
4
4
4
4
4
4
4
4
4
4
4
4
4
4
4
4
4
4
4
4
4
3
3
4
4
4
4
4
4
4
4
4
4
4
4
4
4
4
4
4
4
4
4
4
4
4
4
4
4
4
4
4
4
4
4
4
4
4
4
4
4
3
3
4
4
4
4
4
4
4
4
4
4
4
4
4
4
4
4
4
4
4
4
4
4
4
4
4
4
4
4
4
4
4
4
4
4
4
4
4
4
3
3
4
4
4
4
4
4
4
4
4
4
4
4
4
4
4
4
4
4
4
4
4
4
4
4
4
4
4
4
4
4
4
4
4
4
4
4
4
4
3
3
4
4
4
4
4
4
4
4
4
4
4
4
4
4
4
4
4
4
4
4
4
4
4
4
4
4
4
4
4
4
4
4
4
4
4
4
4
4
3
3
4
4
4
4
4
4
4
4
4
4
4
4
4
4
4
4
4
4
4
4
4
4
4
4
4
4
4
4
4
4
4
4
4
4
4
4
4
4
3
2
3
3
3
3
3
3
3
3
3
3
3
3
3
3
3
3
3
3
3
3
3
3
3
3
3
3
3
3
3
3
3
3
3
3
3
3
3
3
2
41 88
2 29
42 60
3 31
1 76
43 56
4 10
2 69
44 90
5 55
3 30
45 60
6 60
4 88
46 48
7 46
5 22
47 33
8 31
6 64
48 68
9 28
7 88
49 24
10 11
8 99
50 10
11 15
9 45
51 51
12 41
10 48
52 19
13 64
11 95
53 28
14 77
12 93
54 90
15 54
13 97
55 91
16 19
14 63
56 49
17 45
15 30
57 42
18 64
16 73
58 96
19 77
17 88
59 48
20 57
18 37
60 92
21 44
19 12
61 80
22 41
20 75
62 46
23 47
21 67
63 15
24 65
22 41
64 39
25 42
23 65
65 91
26 33
24 11
66 69
27 11
25 69
67 10
28 60
26 28
68 68
29 37
27 76
69 84
30 12
28 41
70 56
31 33
29 60
71 54
32 97
30 53
72 26
33 12
31 49
73 53
34 46
32 30
74 52
35 58
33 96
75 74
36 99
34 22
76 33
37 22
35 45
77 91
38 64
36 76
78 64
39 33
37 13
79 94
40 39
38 59
80 45
39 80
81 40
1 85
42 27
82 36
2 31
43 11
41 49
83 28
3 16
44 59
42 68
84 94
4 36
45 50
43 54
85 79
5 59
46 64
44 77
86 22
6 15
47 39
45 92
87 15
7 62
48 63
46 69
88 96
8 98
49 99
47 22
89 15
9 51
50 50
48 39
90 99
10 19
51 12
49 75
91 38
11 41
52 48
50 73
92 85
12 78
53 84
51 76
93 30
13 42
54 86
52 57
94 69
14 10
55 28
53 40
95 97
15 39
56 21
54 73
96 87
16 89
57 60
55 79
97 17
17 85
58 66
56 87
98 37
18 17
59 63
57 35
99 45
19 23
60 70
58 33
100 32
20 61
61 92
59 11
101 80
21 23
62 28
60 26
102 50
22 39
63 19
61 70
103 63
23 71
64 28
62 19
104 70
24 95
65 59
63 93
105 95
25 26
66 90
64 84
106 34
26 62
67 87
65 45
107 57
27 92
68 86
66 82
108 47
28 79
69 61
67 30
109 43
29 56
70 10
68 13
110 33
30 76
71 100
69 75
111 31
31 61
72 22
70 75
112 48
32 76
73 31
71 76
113 11
33 26
74 89
72 93
114 22
34 18
75 16
73 52
115 96
35 14
76 15
74 38
116 29
36 25
77 15
75 83
117 97
37 19
78 37
76 18
118 21
38 95
79 69
77 86
119 77
39 49
80 18
78 48
120 70
40 75
79 38
121 37
41 16
82 18
122 42
42 56
83 67
81 49
123 62
43 38
84 16
82 26
124 98
44 43
85 76
83 10
125 42
45 77
86 20
84 99
126 94
46 12
87 35
85 37
127 43
47 13
88 52
86 56
128 67
48 67
89 34
87 25
129 18
49 29
90 22
88 55
130 81
50 32
91 72
89 75
131 82
51 63
92 33
90 76
132 91
52 71
93 97
91 47
133 45
53 55
94 66
92 25
134 66
54 25
95 21
93 79
135 34
55 64
96 15
94 48
136 34
56 94
97 61
95 80
137 10
57 65
98 91
96 56
138 74
58 66
99 16
97 53
139 18
59 89
100 69
98 30
140 31
60 25
101 72
99 45
141 78
61 72
102 57
100 98
142 52
62 44
103 71
101 31
143 93
63 82
104 74
102 60
144 44
64 91
105 12
103 76
145 97
65 91
106 89
104 11
146 39
66 87
107 20
105 81
147 85
67 56
108 97
106 77
148 77
68 18
109 75
107 78
149 25
69 87
110 87
108 67
150 56
70 23
111 98
109 34
151 53
71 37
112 55
110 49
152 76
72 53
113 32
111 93
153 70
73 91
114 88
112 85
154 34
74 48
115 23
113 47
155 19
75 89
116 41
114 82
156 12
76 96
117 16
115 72
157 46
77 58
118 96
116 16
158 19
78 47
119 50
117 35
159 18
79 86
120 71
118 83
160 41
80 21
119 10
161 59
81 61
122 92
162 27
82 55
123 51
121 13
163 61
83 72
124 89
122 87
164 97
84 30
125 38
123 85
165 78
85 62
126 17
124 43
166 84
86 100
127 85
125 11
167 14
87 38
128 17
126 84
168 82
88 58
129 38
127 16
169 46
89 78
130 19
128 65
170 85
90 21
131 68
129 82
171 32
91 97
132 22
130 97
172 32
92 58
133 20
131 81
173 25
93 21
134 49
132 83
174 58
94 15
135 53
133 90
175 83
95 97
136 49
134 21
176 33
96 62
137 65
135 67
177 28
97 86
138 99
136 56
178 74
98 83
139 38
137 74
179 23
99 24
140 97
138 50
180 100
100 76
141 40
139 14
181 20
101 18
142 11
140 68
182 68
102 30
143 78
141 85
183 90
103 97
144 99
142 31
184 20
104 45
145 73
143 97
185 77
105 67
146 71
144 40
186 32
106 72
147 59
145 27
187 76
107 43
148 86
146 99
188 14
108 40
149 41
147 78
189 33
109 21
150 61
148 23
190 95
110 27
151 51
149 81
191 64
111 36
152 58
150 60
192 63
112 62
153 50
151 39
193 42
113 58
154 93
152 82
194 53
114 50
155 36
153 48
195 31
115 26
156 94
154 18
196 91
116 57
157 87
155 96
197 52
117 69
158 19
156 75
198 100
118 52
159 57
157 38
199 40
119 17
160 81
158 11
200 18
120 63
159 24
201 13
121 58
162 44
202 34
122 17
163 16
161 88
203 45
123 81
164 31
162 94
204 74
124 20
165 78
163 90
205 80
125 90
166 19
164 38
206 56
126 72
167 68
165 59
207 68
127 47
168 50
166 38
208 35
128 90
169 73
167 82
209 46
129 57
170 57
168 45
210 63
130 12
171 89
169 14
211 15
131 100
172 99
170 12
212 27
132 55
173 56
171 70
213 38
133 12
174 52
172 63
214 91
134 28
175 93
173 63
215 28
135 17
176 27
174 71
216 40
136 16
177 33
175 76
217 50
137 35
178 26
176 48
218 88
138 63
179 17
177 51
219 33
139 72
180 67
178 29
220 57
140 95
181 21
179 96
221 70
141 27
182 66
180 91
222 33
142 26
183 67
181 70
223 44
143 96
184 61
182 24
224 50
144 11
185 18
183 22
225 71
145 32
186 54
184 46
226 69
146 25
187 88
185 74
227 97
147 81
188 93
186 49
228 56
148 67
189 30
187 22
229 57
149 46
190 16
188 32
230 40
150 26
191 30
189 47
231 98
151 62
192 94
190 27
232 56
152 45
193 53
191 83
233 84
153 88
194 88
192 22
234 23
154 86
195 22
193 83
235 47
155 25
196 82
194 82
236 96
156 82
197 44
195 13
237 65
157 54
198 84
196 15
238 49
158 85
199 42
197 23
239 19
159 84
200 64
198 41
240 63
160 30
199 43
241 12
161 97
202 64
242 66
162 72
203 13
201 65
243 34
163 86
204 27
202 70
244 66
164 17
205 66
203 29
245 10
165 21
206 12
204 73
246 83
166 74
207 80
205 47
247 56
167 63
208 62
206 22
248 89
168 49
209 61
207 36
249 99
169 76
210 35
208 48
250 31
170 44
211 80
209 64
251 62
171 61
212 13
210 34
252 65
172 73
213 45
211 82
253 77
173 63
214 96
212 17
254 49
174 32
215 17
213 46
255 88
175 43
216 35
214 65
256 64
176 97
217 83
215 45
257 89
177 25
218 43
216 24
258 93
178 25
219 53
217 18
259 43
179 15
220 51
218 94
260 58
180 38
221 92
219 80
261 24
181 82
222 21
220 46
262 64
182 93
223 87
221 92
263 42
183 15
224 63
222 93
264 13
184 96
225 22
223 88
265 91
185 75
226 36
224 69
266 20
186 17
227 10
225 89
267 94
187 57
228 57
226 65
268 41
188 84
229 42
227 77
269 43
189 35
230 77
228 33
270 29
190 18
231 28
229 66
271 77
191 58
232 13
230 44
272 63
192 79
233 99
231 10
273 39
193 65
234 97
232 60
274 65
194 71
235 10
233 47
275 17
195 59
236 87
234 56
276 80
196 81
237 29
235 80
277 92
197 67
238 96
236 58
278 96
198 46
239 79
237 92
279 99
199 48
240 28
238 65
280 54
200 74
239 26
281 34
201 32
242 62
282 57
202 69
243 28
241 87
283 65
203 74
244 61
242 65
284 70
204 82
245 69
243 66
285 78
205 71
246 51
244 78
286 54
206 48
247 68
245 38
287 42
207 26
248 88
246 20
288 90
208 26
249 30
247 53
289 17
209 36
250 28
248 24
290 95
210 37
251 28
249 70
291 96
211 75
252 95
250 73
292 51
212 20
253 81
251 93
293 13
213 26
254 48
252 31
294 81
214 44
255 79
253 73
295 94
215 19
256 62
254 52
296 100
216 88
257 68
255 58
297 100
217 84
258 68
256 53
298 46
218 21
259 43
257 62
299 24
219 59
260 12
258 12
300 83
220 46
261 92
259 69
301 11
221 57
262 62
260 68
302 81
222 39
263 33
261 24
303 12
223 51
264 79
262 72
304 75
224 47
265 69
263 74
305 86
225 96
266 35
264 78
306 100
226 37
267 53
265 15
307 61
227 84
268 100
266 56
308 59
228 67
269 58
267 15
309 90
229 85
270 40
268 27
310 39
230 80
271 79
269 34
311 23
231 100
272 39
270 59
312 33
232 18
273 63
271 48
313 48
233 97
274 20
272 31
314 85
234 27
275 57
273 43
315 80
235 33
276 98
274 73
316 42
236 45
277 97
275 63
317 34
237 68
278 40
276 51
318 78
238 98
279 52
277 42
319 47
239 100
280 75
278 98
320 99
240 46
279 14
321 45
241 88
282 74
322 72
242 62
283 92
281 39
323 76
243 48
284 74
282 74
324 22
244 17
285 88
283 41
325 37
245 41
286 70
284 100
326 76
246 38
287 45
285 64
327 27
247 25
288 83
286 83
328 35
248 48
289 21
287 75
329 65
249 88
290 39
288 22
330 51
250 24
291 56
289 99
331 84
251 16
292 68
290 62
332 94
252 96
293 97
291 80
333 58
253 73
294 39
292 83
334 47
254 57
295 42
293 14
335 59
255 52
296 84
294 99
336 77
256 68
297 74
295 80
337 61
257 51
298 69
296 27
338 35
258 91
299 86
297 46
339 94
259 14
300 94
298 21
340 84
260 21
301 35
299 41
341 14
261 74
302 83
300 50
342 60
262 76
303 25
301 48
343 62
263 61
304 24
302 51
344 44
264 96
305 19
303 64
345 35
265 27
306 45
304 50
346 37
266 48
307 84
305 59
347 71
267 66
308 48
306 81
348 77
268 95
309 43
307 85
349 21
269 33
310 31
308 32
350 35
270 80
311 16
309 50
351 66
271 51
312 17
310 58
352 72
272 18
313 57
311 42
353 99
273 14
314 67
312 12
354 44
274 46
315 69
313 92
355 65
275 87
316 31
314 41
356 15
276 95
317 50
315 43
357 38
277 70
318 21
316 72
358 65
278 48
319 41
317 39
359 36
279 28
320 22
318 86
360 32
280 19
319 97
361 65
281 42
322 55
362 35
282 19
323 47
321 52
363 48
283 60
324 70
322 36
364 62
284 99
325 42
323 73
365 74
285 72
326 86
324 84
366 77
286 33
327 90
325 95
367 34
287 66
328 88
326 32
368 49
288 54
329 23
327 65
369 37
289 27
330 100
328 94
370 35
290 99
331 81
329 91
371 78
291 48
332 29
330 94
372 53
292 77
333 41
331 15
373 21
293 87
334 99
332 89
374 93
294 13
335 55
333 94
375 70
295 51
336 91
334 14
376 97
296 76
337 30
335 65
377 67
297 35
338 27
336 36
378 38
298 43
339 43
337 55
379 58
299 38
340 73
338 67
380 42
300 57
341 39
339 44
381 73
301 68
342 26
340 39
382 94
302 91
343 76
341 10
383 48
303 65
344 53
342 78
384 40
304 12
345 69
343 12
385 19
305 85
346 73
344 31
386 48
306 40
347 24
345 50
387 97
307 56
348 82
346 11
388 60
308 84
349 76
347 69
389 11
309 71
350 22
348 25
390 93
310 39
351 93
349 43
391 85
311 18
352 64
350 25
392 86
312 100
353 75
351 19
393 17
313 47
354 33
352 40
394 65
314 94
355 47
353 50
395 43
315 50
356 50
354 66
396 54
316 13
357 92
355 94
397 27
317 72
358 98
356 77
398 62
318 85
359 55
357 12
399 32
319 76
360 70
358 36
400 29
320 43
359 85
321 61
362 13
322 25
363 28
361 77
323 32
364 50
362 41
324 83
365 11
363 62
325 95
366 34
364 95
326 48
367 81
365 33
327 91
368 10
366 15
328 30
369 97
367 44
329 94
370 41
368 12
330 22
371 33
369 79
331 90
372 94
370 88
332 89
373 97
371 51
333 58
374 14
372 71
334 27
375 75
373 11
335 59
376 78
374 90
336 23
377 93
375 85
337 45
378 29
376 47
338 100
379 58
377 42
339 91
380 36
378 41
340 85
381 89
379 72
341 51
382 97
380 31
342 23
383 16
381 34
343 74
384 58
382 46
344 66
385 100
383 13
345 61
386 42
384 55
346 22
387 83
385 81
347 81
388 64
386 82
348 57
389 66
387 37
349 95
390 100
388 32
350 83
391 84
389 91
351 34
392 42
390 54
352 77
393 14
391 42
353 89
394 57
392 72
354 56
395 51
393 83
355 16
396 33
394 67
356 32
397 73
395 15
357 94
398 85
396 27
358 27
399 99
397 64
359 47
400 44
398 21
360 66
399 98
295
335
2 153 295 
2 187 154 
3 13 346 66 
2 376 158 
2 270 282 
3 126 296 384 
3 115 63 179 
2 79 371 
1 303 
1 297 
4 188 302 273 56 
1 129 
3 144 87 128 
1 364 
2 110 237 
3 191 354 125 
1 232 
2 254 379 
1 46 
2 35 182 
1 217 
1 77 
2 238 112 
2 348 180 
3 343 169 324 
2 399 365 
1 68 
1 369 
3 140 251 174 
3 181 131 12 
2 17 183 
4 20 173 337 395 
4 322 99 199 234 
3 104 194 277 
1 76 
1 152 
1 31 
1 340 
2 159 170 
1 197 
2 91 185 
1 383 
3 106 288 1 
1 398 
1 389 
1 111 
3 149 342 33 
1 264 
1 186 
2 219 284 
2 208 14 
1 355 
2 57 215 
2 247 51 
1 359 
1 75 
1 201 
2 392 327 
2 176 43 
2 226 204 
2 246 67 
1 53 
2 372 61 
1 368 
1 241 
1 313 
3 339 210 118 
3 30 7 373 
2 260 314 
2 334 311 
2 47 163 
1 235 
1 356 
1 363 
4 279 367 172 44 
1 335 
