144 528 10 100 27
2
3
3
3
3
3
3
3
3
3
3
2
3
4
4
4
4
4
4
4
4
4
4
3
3
4
4
4
4
4
4
4
4
4
4
3
3
4
4
4
4
4
4
4
4
4
4
3
3
4
4
4
4
4
4
4
4
4
4
3
3
4
4
4
4
4
4
4
4
4
4
3
3
4
4
4
4
4
4
4
4
4
4
3
3
4
4
4
4
4
4
4
4
4
4
3
3
4
4
4
4
4
4
4
4
4
4
3
3
4
4
4
4
4
4
4
4
4
4
3
3
4
4
4
4
4
4
4
4
4
4
3
2
3
3
3
3
3
3
3
3
3
3
2
13 55
2 29
14 34
3 27
1 71
15 70
4 77
2 100
16 41
5 21
3 53
17 29
6 20
4 49
18 53
7 40
5 69
19 59
8 63
6 50
20 65
9 80
7 63
21 23
10 68
8 77
22 22
11 100
9 39
23 64
12 10
10 90
24 77
11 50
25 58
1 53
14 90
26 95
2 10
15 98
13 52
27 60
3 40
16 78
14 77
28 70
4 52
17 80
15 42
29 72
5 54
18 19
16 66
30 41
6 60
19 55
17 64
31 75
7 97
20 87
18 54
32 61
8 73
21 52
19 71
33 46
9 31
22 51
20 99
34 35
10 39
23 43
21 82
35 93
11 48
24 67
22 80
36 72
12 61
23 38
37 96
13 77
26 46
38 49
14 57
27 37
25 12
39 18
15 55
28 17
26 95
40 89
16 56
29 90
27 25
41 64
17 75
30 69
28 44
42 76
18 15
31 49
29 58
43 42
19 16
32 22
30 11
44 29
20 90
33 100
31 44
45 44
21 95
34 75
32 100
46 83
22 79
35 91
33 46
47 86
23 17
36 56
34 70
48 74
24 96
35 100
49 30
25 24
38 46
50 97
26 37
39 46
37 47
51 84
27 63
40 22
38 82
52 23
28 48
41 45
39 69
53 48
29 18
42 12
40 76
54 45
30 81
43 82
41 85
55 15
31 62
44 19
42 43
56 99
32 71
45 45
43 35
57 46
33 64
46 47
44 68
58 76
34 15
47 55
45 98
59 28
35 17
48 74
46 74
60 79
36 54
47 19
61 88
37 97
50 39
62 70
38 68
51 75
49 59
63 59
39 39
52 25
50 72
64 18
40 64
53 75
51 29
65 18
41 91
54 76
52 96
66 70
42 73
55 34
53 97
67 46
43 34
56 57
54 47
68 27
44 64
57 59
55 80
69 27
45 84
58 98
56 92
70 53
46 97
59 74
57 21
71 88
47 45
60 35
58 55
72 23
48 30
59 89
73 50
49 63
62 98
74 45
50 36
63 23
61 36
75 37
51 82
64 71
62 22
76 40
52 54
65 67
63 35
77 60
53 70
66 53
64 53
78 56
54 60
67 44
65 66
79 18
55 67
68 25
66 92
80 92
56 53
69 39
67 64
81 73
57 38
70 44
68 22
82 37
58 80
71 46
69 52
83 32
59 52
72 77
70 33
84 78
60 13
71 11
85 35
61 20
74 43
86 97
62 74
75 93
73 63
87 30
63 22
76 100
74 66
88 26
64 67
77 50
75 58
89 57
65 66
78 57
76 98
90 54
66 15
79 48
77 34
91 47
67 41
80 28
78 35
92 75
68 71
81 94
79 14
93 91
69 21
82 14
80 36
94 25
70 65
83 64
81 26
95 40
71 26
84 68
82 24
96 71
72 66
83 85
97 46
73 82
86 58
98 32
74 97
87 17
85 35
99 35
75 89
88 70
86 30
100 34
76 96
89 18
87 79
101 45
77 40
90 66
88 27
102 18
78 11
91 90
89 42
103 16
79 40
92 89
90 18
104 96
80 94
93 90
91 43
105 45
81 76
94 30
92 91
106 26
82 19
95 46
93 47
107 60
83 80
96 21
94 47
108 19
84 33
95 83
109 29
85 12
98 31
110 86
86 87
99 72
97 40
111 74
87 48
100 84
98 57
112 100
88 96
101 69
99 23
113 28
89 73
102 86
100 98
114 18
90 51
103 21
101 14
115 68
91 35
104 91
102 32
116 36
92 20
105 37
103 63
117 57
93 52
106 87
104 26
118 88
94 100
107 68
105 87
119 82
95 93
108 92
106 34
120 68
96 74
107 25
121 89
97 50
110 24
122 100
98 44
111 28
109 97
123 32
99 42
112 21
110 20
124 76
100 85
113 15
111 44
125 15
101 100
114 84
112 53
126 81
102 87
115 21
113 67
127 14
103 25
116 19
114 49
128 75
104 31
117 39
115 66
129 77
105 29
118 11
116 49
130 22
106 37
119 18
117 74
131 74
107 83
120 38
118 33
132 61
108 48
119 71
133 82
109 73
122 80
134 96
110 56
123 50
121 29
135 27
111 56
124 67
122 35
136 33
112 73
125 76
123 80
137 91
113 79
126 41
124 65
138 41
114 32
127 57
125 96
139 58
115 31
128 39
126 72
140 55
116 26
129 37
127 91
141 51
117 79
130 76
128 21
142 42
118 33
131 41
129 36
143 82
119 65
132 34
130 74
144 11
120 24
131 87
121 40
134 41
122 43
135 92
133 60
123 89
136 18
134 21
124 18
137 34
135 86
125 77
138 19
136 71
126 65
139 51
137 81
127 36
140 63
138 22
128 17
141 69
139 49
129 92
142 82
140 43
130 71
143 83
141 27
131 51
144 71
142 55
132 93
143 99
70
137
1 70 
1 19 
2 121 125 
1 23 
3 144 133 30 
1 51 
1 86 
1 60 
1 37 
3 65 95 120 
3 31 39 116 
1 72 
1 40 
1 141 
1 98 
2 112 82 
2 25 1 
2 68 43 
1 10 
1 53 
3 142 81 143 
3 42 63 36 
5 54 74 20 49 38 
3 28 87 75 
4 140 110 58 26 
1 46 
1 137 
