144 528 10 100 27
2
3
3
3
3
3
3
3
3
3
3
2
3
4
4
4
4
4
4
4
4
4
4
3
3
4
4
4
4
4
4
4
4
4
4
3
3
4
4
4
4
4
4
4
4
4
4
3
3
4
4
4
4
4
4
4
4
4
4
3
3
4
4
4
4
4
4
4
4
4
4
3
3
4
4
4
4
4
4
4
4
4
4
3
3
4
4
4
4
4
4
4
4
4
4
3
3
4
4
4
4
4
4
4
4
4
4
3
3
4
4
4
4
4
4
4
4
4
4
3
3
4
4
4
4
4
4
4
4
4
4
3
2
3
3
3
3
3
3
3
3
3
3
2
13 70
2 29
14 85
3 33
1 33
15 68
4 22
2 54
16 80
5 72
3 19
17 91
6 34
4 63
18 81
7 95
5 89
19 88
8 60
6 71
20 71
9 48
7 10
21 53
10 73
8 19
22 49
11 64
9 48
23 57
12 11
10 72
24 44
11 72
25 78
1 12
14 96
26 89
2 61
15 21
13 68
27 46
3 10
16 88
14 16
28 52
4 85
17 79
15 28
29 39
5 75
18 12
16 13
30 73
6 97
19 69
17 78
31 17
7 43
20 71
18 14
32 64
8 18
21 15
19 65
33 16
9 44
22 41
20 15
34 10
10 21
23 40
21 26
35 38
11 34
24 37
22 61
36 86
12 41
23 42
37 64
13 88
26 29
38 45
14 47
27 89
25 91
39 83
15 63
28 41
26 61
40 73
16 76
29 17
27 46
41 42
17 40
30 55
28 19
42 64
18 64
31 77
29 85
43 99
19 19
32 98
30 11
44 95
20 53
33 91
31 23
45 64
21 20
34 62
32 75
46 92
22 63
35 18
33 51
47 60
23 54
36 41
34 55
48 47
24 33
35 94
49 62
25 29
38 64
50 45
26 76
39 80
37 55
51 90
27 58
40 23
38 72
52 38
28 78
41 74
39 34
53 16
29 80
42 44
40 73
54 93
30 63
43 18
41 46
55 93
31 93
44 31
42 98
56 27
32 77
45 39
43 57
57 30
33 80
46 64
44 22
58 62
34 56
47 93
45 31
59 32
35 50
48 59
46 33
60 33
36 22
47 83
61 83
37 91
50 39
62 96
38 72
51 57
49 28
63 19
39 49
52 45
50 42
64 36
40 41
53 83
51 43
65 14
41 31
54 71
52 19
66 100
42 98
55 55
53 15
67 28
43 82
56 98
54 45
68 20
44 59
57 99
55 45
69 72
45 18
58 84
56 14
70 52
46 79
59 40
57 99
71 79
47 57
60 73
58 91
72 55
48 55
59 87
73 55
49 80
62 49
74 40
50 10
63 83
61 35
75 33
51 83
64 25
62 85
76 76
52 21
65 59
63 44
77 81
53 81
66 15
64 13
78 58
54 11
67 52
65 27
79 91
55 91
68 29
66 28
80 63
56 97
69 69
67 62
81 39
57 59
70 67
68 69
82 29
58 82
71 62
69 41
83 75
59 84
72 45
70 15
84 59
60 17
71 86
85 56
61 25
74 25
86 16
62 70
75 59
73 79
87 53
63 98
76 99
74 35
88 85
64 63
77 54
75 38
89 43
65 73
78 64
76 20
90 26
66 35
79 19
77 77
91 11
67 89
80 10
78 15
92 28
68 34
81 67
79 96
93 33
69 68
82 16
80 16
94 64
70 21
83 24
81 13
95 72
71 59
84 24
82 72
96 87
72 17
83 30
97 17
73 56
86 43
98 78
74 28
87 65
85 85
99 60
75 26
88 20
86 13
100 82
76 66
89 16
87 46
101 37
77 33
90 36
88 93
102 31
78 62
91 30
89 82
103 55
79 16
92 100
90 92
104 67
80 25
93 33
91 17
105 64
81 58
94 82
92 84
106 53
82 20
95 56
93 14
107 27
83 74
96 98
94 43
108 45
84 30
95 27
109 92
85 89
98 35
110 88
86 89
99 18
97 96
111 52
87 80
100 11
98 100
112 94
88 85
101 43
99 62
113 59
89 61
102 70
100 23
114 33
90 90
103 35
101 67
115 14
91 78
104 91
102 23
116 69
92 44
105 97
103 93
117 63
93 85
106 15
104 32
118 14
94 55
107 74
105 70
119 81
95 43
108 39
106 84
120 23
96 79
107 79
121 42
97 60
110 49
122 41
98 52
111 52
109 87
123 26
99 21
112 98
110 59
124 95
100 96
113 35
111 85
125 44
101 48
114 34
112 96
126 81
102 86
115 43
113 83
127 20
103 72
116 12
114 47
128 82
104 82
117 65
115 22
129 55
105 39
118 50
116 27
130 90
106 54
119 73
117 37
131 20
107 15
120 29
118 77
132 34
108 51
119 92
133 67
109 44
122 46
134 89
110 53
123 100
121 56
135 79
111 78
124 27
122 15
136 79
112 74
125 77
123 68
137 73
113 100
126 77
124 82
138 38
114 31
127 92
125 96
139 69
115 48
128 87
126 43
140 51
116 66
129 74
127 61
141 79
117 48
130 38
128 10
142 66
118 17
131 22
129 68
143 19
119 15
132 86
130 91
144 67
120 97
131 21
121 39
134 96
122 35
135 36
133 31
123 83
136 17
134 70
124 53
137 86
135 72
125 27
138 20
136 16
126 85
139 76
137 82
127 96
140 47
138 88
128 75
141 87
139 51
129 22
142 33
140 58
130 51
143 38
141 31
131 26
144 84
142 49
132 88
143 97
58
60
1 58 
1 11 
3 38 53 59 
2 112 127 
1 90 
2 1 40 
1 109 
2 48 133 
1 135 
2 54 130 
2 47 85 
4 67 50 8 31 
1 24 
3 105 84 79 
1 86 
1 94 
2 121 63 
2 64 51 
2 81 88 
1 35 
1 138 
2 12 122 
2 74 82 
4 41 20 19 37 
2 102 132 
1 137 
3 87 123 60 
