196 728 10 100 37
2
3
3
3
3
3
3
3
3
3
3
3
3
2
3
4
4
4
4
4
4
4
4
4
4
4
4
3
3
4
4
4
4
4
4
4
4
4
4
4
4
3
3
4
4
4
4
4
4
4
4
4
4
4
4
3
3
4
4
4
4
4
4
4
4
4
4
4
4
3
3
4
4
4
4
4
4
4
4
4
4
4
4
3
3
4
4
4
4
4
4
4
4
4
4
4
4
3
3
4
4
4
4
4
4
4
4
4
4
4
4
3
3
4
4
4
4
4
4
4
4
4
4
4
4
3
3
4
4
4
4
4
4
4
4
4
4
4
4
3
3
4
4
4
4
4
4
4
4
4
4
4
4
3
3
4
4
4
4
4
4
4
4
4
4
4
4
3
3
4
4
4
4
4
4
4
4
4
4
4
4
3
2
3
3
3
3
3
3
3
3
3
3
3
3
2
15 17
2 29
16 48
3 67
1 42
17 66
4 48
2 46
18 76
5 69
3 35
19 30
6 39
4 68
20 62
7 55
5 38
21 20
8 34
6 32
22 69
9 32
7 32
23 96
10 94
8 50
24 42
11 24
9 32
25 76
12 85
10 29
26 49
13 100
11 62
27 70
14 56
12 25
28 55
13 53
29 27
1 66
16 85
30 70
2 81
17 65
15 84
31 48
3 30
18 100
16 65
32 11
4 100
19 89
17 99
33 85
5 47
20 54
18 10
34 74
6 47
21 22
19 45
35 88
7 95
22 59
20 47
36 64
8 33
23 91
21 22
37 48
9 56
24 47
22 96
38 89
10 55
25 90
23 81
39 11
11 17
26 99
24 37
40 98
12 92
27 41
25 18
41 84
13 19
28 29
26 82
42 33
14 24
27 64
43 92
15 60
30 34
44 23
16 89
31 86
29 80
45 49
17 92
32 34
30 42
46 38
18 57
33 91
31 46
47 44
19 87
34 71
32 45
48 88
20 57
35 76
33 42
49 84
21 44
36 68
34 53
50 84
22 91
37 77
35 15
51 75
23 72
38 93
36 56
52 54
24 94
39 21
37 15
53 67
25 20
40 66
38 84
54 36
26 46
41 76
39 63
55 75
27 76
42 45
40 27
56 29
28 13
41 89
57 89
29 61
44 54
58 19
30 76
45 20
43 62
59 12
31 30
46 33
44 44
60 58
32 79
47 84
45 18
61 53
33 100
48 41
46 47
62 39
34 95
49 40
47 86
63 62
35 24
50 45
48 69
64 59
36 86
51 70
49 66
65 33
37 21
52 83
50 17
66 51
38 15
53 65
51 54
67 53
39 38
54 61
52 59
68 24
40 18
55 23
53 33
69 51
41 15
56 70
54 19
70 88
42 31
55 21
71 97
43 39
58 49
72 90
44 76
59 71
57 46
73 68
45 44
60 95
58 25
74 73
46 39
61 48
59 90
75 37
47 87
62 64
60 83
76 45
48 22
63 48
61 30
77 52
49 44
64 12
62 87
78 82
50 29
65 40
63 42
79 40
51 53
66 52
64 38
80 23
52 28
67 23
65 24
81 49
53 17
68 15
66 51
82 56
54 79
69 100
67 13
83 59
55 51
70 64
68 16
84 39
56 99
69 17
85 34
57 95
72 89
86 56
58 15
73 88
71 54
87 75
59 97
74 15
72 80
88 10
60 74
75 100
73 77
89 14
61 84
76 62
74 15
90 28
62 28
77 66
75 56
91 64
63 16
78 88
76 75
92 58
64 78
79 43
77 82
93 14
65 48
80 56
78 97
94 67
66 84
81 57
79 68
95 43
67 59
82 96
80 36
96 40
68 76
83 45
81 59
97 36
69 91
84 41
82 85
98 91
70 84
83 100
99 46
71 71
86 84
100 24
72 79
87 50
85 75
101 74
73 32
88 65
86 76
102 54
74 64
89 76
87 49
103 11
75 57
90 65
88 39
104 38
76 49
91 65
89 16
105 17
77 16
92 47
90 96
106 88
78 59
93 93
91 81
107 29
79 75
94 53
92 60
108 68
80 11
95 47
93 82
109 88
81 71
96 74
94 23
110 79
82 66
97 88
95 99
111 71
83 14
98 39
96 98
112 62
84 23
97 66
113 67
85 51
100 61
114 84
86 19
101 39
99 69
115 66
87 42
102 40
100 91
116 28
88 61
103 46
101 24
117 94
89 51
104 63
102 99
118 94
90 41
105 87
103 20
119 65
91 24
106 17
104 71
120 42
92 95
107 45
105 69
121 57
93 15
108 79
106 87
122 83
94 78
109 38
107 74
123 15
95 24
110 33
108 18
124 34
96 17
111 59
109 85
125 95
97 66
112 50
110 62
126 54
98 46
111 54
127 18
99 59
114 18
128 11
100 79
115 40
113 37
129 86
101 71
116 94
114 87
130 58
102 35
117 39
115 22
131 77
103 34
118 17
116 60
132 99
104 31
119 91
117 27
133 60
105 17
120 93
118 54
134 53
106 55
121 83
119 97
135 97
107 89
122 55
120 66
136 42
108 41
123 14
121 91
137 86
109 24
124 42
122 82
138 13
110 99
125 88
123 80
139 78
111 12
126 90
124 81
140 48
112 46
125 55
141 86
113 59
128 82
142 35
114 41
129 61
127 31
143 86
115 34
130 27
128 85
144 22
116 57
131 50
129 61
145 16
117 87
132 70
130 51
146 87
118 51
133 33
131 54
147 87
119 56
134 19
132 10
148 26
120 68
135 98
133 38
149 18
121 27
136 18
134 56
150 19
122 45
137 75
135 80
151 60
123 49
138 45
136 88
152 59
124 27
139 85
137 33
153 13
125 67
140 77
138 61
154 42
126 61
139 85
155 81
127 55
142 75
156 64
128 89
143 76
141 28
157 20
129 32
144 88
142 25
158 75
130 41
145 21
143 26
159 24
131 91
146 87
144 88
160 32
132 68
147 84
145 50
161 87
133 79
148 39
146 100
162 33
134 24
149 60
147 82
163 46
135 71
150 80
148 75
164 15
136 86
151 44
149 21
165 80
137 100
152 28
150 90
166 69
138 33
153 29
151 21
167 35
139 44
154 24
152 55
168 16
140 24
153 30
169 88
141 44
156 44
170 23
142 61
157 57
155 63
171 42
143 92
158 69
156 98
172 90
144 33
159 71
157 95
173 57
145 49
160 39
158 94
174 26
146 60
161 55
159 54
175 54
147 19
162 45
160 44
176 25
148 29
163 79
161 20
177 30
149 32
164 89
162 59
178 62
150 78
165 85
163 59
179 89
151 59
166 11
164 97
180 100
152 57
167 93
165 62
181 45
153 55
168 15
166 92
182 77
154 32
167 72
183 71
155 91
170 47
184 21
156 59
171 22
169 35
185 64
157 94
172 70
170 34
186 75
158 80
173 11
171 98
187 87
159 74
174 52
172 85
188 40
160 48
175 40
173 57
189 11
161 22
176 10
174 67
190 63
162 55
177 19
175 36
191 15
163 18
178 27
176 82
192 64
164 75
179 29
177 36
193 48
165 64
180 93
178 42
194 73
166 25
181 95
179 66
195 33
167 11
182 49
180 65
196 74
168 47
181 26
169 82
184 33
170 51
185 19
183 19
171 46
186 10
184 61
172 58
187 29
185 38
173 43
188 81
186 51
174 88
189 86
187 36
175 49
190 84
188 70
176 50
191 44
189 99
177 18
192 89
190 79
178 79
193 55
191 51
179 97
194 41
192 96
180 73
195 61
193 100
181 21
196 93
194 50
182 33
195 88
19
28
1 19 
1 31 
2 51 193 
1 125 
1 89 
1 41 
3 165 163 71 
3 187 183 174 
1 32 
2 179 14 
2 119 47 
1 69 
2 1 63 
1 104 
4 118 25 141 87 
2 82 148 
2 29 11 
1 34 
2 49 109 
2 64 50 
3 99 8 146 
1 12 
1 33 
1 135 
4 35 4 129 90 
1 167 
2 17 105 
3 180 149 189 
2 81 103 
3 85 94 150 
2 172 7 
1 93 
1 91 
1 88 
1 177 
4 30 196 15 108 
2 27 28 
