600 2276 10 100 114
2
3
3
3
3
3
3
3
3
3
3
3
3
3
3
3
3
3
3
3
3
3
3
3
3
3
3
3
3
3
3
3
3
3
3
3
3
3
3
3
3
3
3
3
3
3
3
3
3
2
3
4
4
4
4
4
4
4
4
4
4
4
4
4
4
4
4
4
4
4
4
4
4
4
4
4
4
4
4
4
4
4
4
4
4
4
4
4
4
4
4
4
4
4
4
4
4
4
4
3
3
4
4
4
4
4
4
4
4
4
4
4
4
4
4
4
4
4
4
4
4
4
4
4
4
4
4
4
4
4
4
4
4
4
4
4
4
4
4
4
4
4
4
4
4
4
4
4
4
3
3
4
4
4
4
4
4
4
4
4
4
4
4
4
4
4
4
4
4
4
4
4
4
4
4
4
4
4
4
4
4
4
4
4
4
4
4
4
4
4
4
4
4
4
4
4
4
4
4
3
3
4
4
4
4
4
4
4
4
4
4
4
4
4
4
4
4
4
4
4
4
4
4
4
4
4
4
4
4
4
4
4
4
4
4
4
4
4
4
4
4
4
4
4
4
4
4
4
4
3
3
4
4
4
4
4
4
4
4
4
4
4
4
4
4
4
4
4
4
4
4
4
4
4
4
4
4
4
4
4
4
4
4
4
4
4
4
4
4
4
4
4
4
4
4
4
4
4
4
3
3
4
4
4
4
4
4
4
4
4
4
4
4
4
4
4
4
4
4
4
4
4
4
4
4
4
4
4
4
4
4
4
4
4
4
4
4
4
4
4
4
4
4
4
4
4
4
4
4
3
3
4
4
4
4
4
4
4
4
4
4
4
4
4
4
4
4
4
4
4
4
4
4
4
4
4
4
4
4
4
4
4
4
4
4
4
4
4
4
4
4
4
4
4
4
4
4
4
4
3
3
4
4
4
4
4
4
4
4
4
4
4
4
4
4
4
4
4
4
4
4
4
4
4
4
4
4
4
4
4
4
4
4
4
4
4
4
4
4
4
4
4
4
4
4
4
4
4
4
3
3
4
4
4
4
4
4
4
4
4
4
4
4
4
4
4
4
4
4
4
4
4
4
4
4
4
4
4
4
4
4
4
4
4
4
4
4
4
4
4
4
4
4
4
4
4
4
4
4
3
3
4
4
4
4
4
4
4
4
4
4
4
4
4
4
4
4
4
4
4
4
4
4
4
4
4
4
4
4
4
4
4
4
4
4
4
4
4
4
4
4
4
4
4
4
4
4
4
4
3
2
3
3
3
3
3
3
3
3
3
3
3
3
3
3
3
3
3
3
3
3
3
3
3
3
3
3
3
3
3
3
3
3
3
3
3
3
3
3
3
3
3
3
3
3
3
3
3
3
2
51 55
2 29
52 84
3 100
1 95
53 63
4 61
2 53
54 19
5 48
3 63
55 40
6 70
4 100
56 55
7 57
5 10
57 66
8 70
6 77
58 20
9 87
7 41
59 94
10 53
8 71
60 24
11 27
9 14
61 44
12 98
10 53
62 31
13 72
11 75
63 16
14 56
12 98
64 42
15 50
13 80
65 25
16 82
14 84
66 65
17 40
15 44
67 51
18 14
16 24
68 46
19 41
17 80
69 21
20 72
18 88
70 79
21 80
19 78
71 69
22 53
20 68
72 99
23 66
21 46
73 43
24 95
22 27
74 58
25 60
23 47
75 39
26 33
24 18
76 14
27 36
25 51
77 39
28 18
26 26
78 27
29 55
27 67
79 39
30 66
28 12
80 62
31 33
29 15
81 98
32 24
30 83
82 81
33 37
31 31
83 53
34 100
32 26
84 10
35 84
33 29
85 60
36 35
34 23
86 85
37 20
35 22
87 83
38 47
36 85
88 26
39 96
37 85
89 52
40 94
38 20
90 93
41 72
39 61
91 60
42 63
40 59
92 74
43 86
41 21
93 39
44 32
42 27
94 34
45 28
43 13
95 74
46 41
44 99
96 23
47 39
45 60
97 82
48 58
46 69
98 86
49 49
47 76
99 40
50 91
48 55
100 56
49 70
101 92
1 63
52 61
102 70
2 25
53 26
51 51
103 45
3 45
54 28
52 95
104 17
4 20
55 49
53 54
105 33
5 72
56 84
54 59
106 28
6 64
57 13
55 38
107 44
7 41
58 62
56 94
108 64
8 39
59 26
57 42
109 87
9 64
60 26
58 16
110 81
10 91
61 89
59 97
111 45
11 78
62 78
60 84
112 55
12 69
63 19
61 94
113 34
13 56
64 16
62 11
114 30
14 19
65 42
63 72
115 81
15 84
66 65
64 63
116 65
16 11
67 91
65 85
117 98
17 42
68 83
66 84
118 100
18 52
69 96
67 58
119 94
19 96
70 12
68 15
120 55
20 64
71 10
69 70
121 50
21 15
72 37
70 30
122 32
22 50
73 35
71 58
123 84
23 55
74 46
72 89
124 43
24 66
75 83
73 95
125 90
25 46
76 84
74 39
126 48
26 84
77 98
75 96
127 15
27 22
78 90
76 64
128 56
28 54
79 19
77 60
129 60
29 42
80 13
78 68
130 73
30 35
81 57
79 67
131 87
31 72
82 35
80 81
132 63
32 67
83 25
81 87
133 34
33 40
84 65
82 14
134 96
34 81
85 88
83 13
135 100
35 92
86 57
84 67
136 50
36 38
87 80
85 33
137 12
37 32
88 55
86 20
138 48
38 49
89 17
87 58
139 22
39 53
90 61
88 62
140 46
40 82
91 21
89 69
141 64
41 37
92 55
90 52
142 100
42 37
93 31
91 22
143 33
43 20
94 58
92 88
144 34
44 14
95 45
93 49
145 69
45 85
96 70
94 37
146 33
46 48
97 91
95 57
147 26
47 81
98 40
96 64
148 88
48 58
99 31
97 97
149 69
49 64
100 48
98 47
150 66
50 46
99 67
151 27
51 59
102 69
152 93
52 24
103 41
101 46
153 52
53 73
104 46
102 34
154 29
54 52
105 64
103 86
155 73
55 64
106 47
104 11
156 92
56 59
107 52
105 15
157 92
57 72
108 46
106 20
158 48
58 82
109 41
107 58
159 59
59 50
110 54
108 15
160 66
60 69
111 75
109 24
161 38
61 46
112 34
110 96
162 80
62 20
113 65
111 85
163 91
63 68
114 89
112 100
164 24
64 74
115 79
113 38
165 76
65 18
116 96
114 94
166 34
66 33
117 73
115 26
167 71
67 88
118 25
116 15
168 31
68 52
119 41
117 96
169 61
69 30
120 77
118 68
170 82
70 26
121 18
119 90
171 11
71 44
122 98
120 56
172 96
72 91
123 99
121 30
173 87
73 87
124 58
122 26
174 61
74 41
125 56
123 12
175 77
75 93
126 79
124 57
176 41
76 95
127 21
125 56
177 64
77 82
128 62
126 38
178 50
78 81
129 17
127 54
179 79
79 82
130 65
128 78
180 100
80 33
131 18
129 96
181 29
81 64
132 18
130 46
182 81
82 42
133 47
131 89
183 52
83 67
134 36
132 17
184 63
84 70
135 35
133 70
185 75
85 56
136 100
134 13
186 88
86 98
137 61
135 83
187 71
87 95
138 78
136 38
188 80
88 22
139 16
137 40
189 13
89 17
140 26
138 42
190 53
90 86
141 60
139 82
191 89
91 14
142 62
140 40
192 64
92 91
143 46
141 77
193 16
93 65
144 25
142 59
194 42
94 41
145 31
143 85
195 99
95 59
146 83
144 94
196 21
96 30
147 85
145 93
197 19
97 14
148 91
146 31
198 38
98 17
149 20
147 43
199 71
99 49
150 99
148 86
200 96
100 27
149 31
201 24
101 74
152 32
202 82
102 93
153 82
151 87
203 16
103 32
154 36
152 89
204 26
104 21
155 69
153 50
205 95
105 50
156 52
154 98
206 37
106 81
157 43
155 16
207 98
107 64
158 20
156 46
208 44
108 57
159 76
157 36
209 76
109 55
160 31
158 87
210 87
110 41
161 10
159 10
211 89
111 43
162 61
160 99
212 41
112 60
163 95
161 100
213 68
113 39
164 46
162 80
214 31
114 62
165 39
163 51
215 70
115 51
166 21
164 13
216 64
116 27
167 54
165 47
217 14
117 13
168 12
166 59
218 55
118 50
169 76
167 56
219 93
119 66
170 54
168 18
220 10
120 47
171 73
169 76
221 16
121 28
172 61
170 100
222 18
122 27
173 25
171 57
223 17
123 76
174 68
172 22
224 50
124 79
175 68
173 55
225 41
125 53
176 68
174 99
226 85
126 33
177 52
175 43
227 99
127 84
178 83
176 90
228 10
128 86
179 53
177 87
229 17
129 28
180 43
178 73
230 25
130 46
181 95
179 82
231 43
131 97
182 30
180 11
232 18
132 49
183 17
181 59
233 16
133 17
184 33
182 11
234 28
134 26
185 10
183 46
235 51
135 76
186 82
184 14
236 76
136 88
187 90
185 23
237 48
137 59
188 54
186 78
238 43
138 15
189 29
187 61
239 39
139 97
190 72
188 35
240 64
140 81
191 99
189 22
241 72
141 78
192 46
190 85
242 55
142 72
193 74
191 12
243 77
143 89
194 56
192 63
244 39
144 46
195 25
193 75
245 25
145 24
196 17
194 48
246 52
146 42
197 35
195 91
247 36
147 44
198 59
196 97
248 36
148 21
199 49
197 85
249 38
149 87
200 22
198 66
250 36
150 42
199 78
251 30
151 81
202 86
252 43
152 81
203 51
201 45
253 94
153 87
204 72
202 46
254 16
154 27
205 90
203 78
255 53
155 63
206 83
204 92
256 65
156 20
207 62
205 60
257 14
157 35
208 88
206 17
258 81
158 29
209 44
207 18
259 50
159 80
210 63
208 31
260 13
160 27
211 66
209 66
261 62
161 14
212 52
210 30
262 24
162 33
213 31
211 95
263 29
163 15
214 98
212 97
264 30
164 12
215 49
213 61
265 23
165 49
216 63
214 39
266 27
166 84
217 33
215 22
267 71
167 47
218 85
216 29
268 93
168 84
219 89
217 39
269 79
169 15
220 36
218 18
270 19
170 98
221 23
219 98
271 34
171 73
222 39
220 40
272 32
172 99
223 75
221 55
273 39
173 19
224 52
222 82
274 19
174 79
225 71
223 42
275 41
175 34
226 69
224 39
276 96
176 97
227 67
225 18
277 50
177 82
228 82
226 23
278 71
178 34
229 92
227 89
279 93
179 84
230 77
228 41
280 95
180 65
231 37
229 42
281 75
181 50
232 69
230 51
282 22
182 71
233 33
231 62
283 35
183 99
234 23
232 58
284 73
184 42
235 81
233 20
285 20
185 62
236 49
234 19
286 94
186 81
237 27
235 12
287 63
187 85
238 27
236 50
288 63
188 53
239 64
237 76
289 49
189 45
240 50
238 91
290 21
190 68
241 28
239 67
291 81
191 37
242 37
240 59
292 62
192 26
243 35
241 90
293 55
193 58
244 84
242 78
294 95
194 15
245 21
243 15
295 86
195 24
246 48
244 38
296 78
196 70
247 94
245 69
297 51
197 75
248 51
246 66
298 51
198 59
249 19
247 84
299 76
199 99
250 20
248 73
300 92
200 60
249 16
301 75
201 10
252 82
302 78
202 19
253 88
251 34
303 75
203 28
254 52
252 73
304 50
204 80
255 49
253 89
305 32
205 25
256 90
254 81
306 63
206 29
257 56
255 79
307 53
207 74
258 53
256 31
308 85
208 89
259 36
257 77
309 76
209 28
260 24
258 42
310 30
210 12
261 53
259 65
311 90
211 63
262 79
260 13
312 36
212 73
263 51
261 93
313 40
213 74
264 49
262 44
314 94
214 73
265 25
263 98
315 73
215 82
266 66
264 37
316 87
216 20
267 61
265 23
317 18
217 97
268 61
266 30
318 44
218 68
269 87
267 38
319 62
219 16
270 26
268 34
320 94
220 66
271 73
269 16
321 77
221 24
272 60
270 75
322 26
222 85
273 75
271 73
323 47
223 63
274 16
272 11
324 87
224 16
275 90
273 53
325 78
225 64
276 83
274 22
326 19
226 84
277 60
275 47
327 73
227 83
278 49
276 76
328 94
228 98
279 15
277 79
329 84
229 83
280 38
278 69
330 80
230 40
281 59
279 95
331 95
231 72
282 91
280 41
332 25
232 70
283 77
281 60
333 10
233 84
284 11
282 86
334 29
234 57
285 69
283 71
335 13
235 75
286 22
284 81
336 98
236 85
287 53
285 23
337 19
237 91
288 59
286 63
338 16
238 95
289 91
287 30
339 61
239 32
290 42
288 14
340 18
240 41
291 59
289 61
341 94
241 53
292 64
290 83
342 43
242 98
293 78
291 77
343 70
243 24
294 33
292 22
344 64
244 47
295 52
293 59
345 46
245 41
296 13
294 28
346 96
246 82
297 22
295 33
347 43
247 96
298 29
296 90
348 32
248 45
299 91
297 21
349 55
249 19
300 82
298 59
350 65
250 11
299 82
351 24
251 98
302 68
352 11
252 68
303 42
301 81
353 84
253 73
304 31
302 38
354 22
254 32
305 15
303 12
355 90
255 63
306 87
304 85
356 66
256 30
307 21
305 36
357 62
257 53
308 44
306 13
358 15
258 17
309 54
307 49
359 17
259 29
310 42
308 73
360 83
260 39
311 28
309 72
361 56
261 59
312 57
310 69
362 29
262 35
313 87
311 20
363 21
263 57
314 91
312 84
364 27
264 57
315 94
313 85
365 89
265 80
316 66
314 75
366 94
266 93
317 95
315 51
367 47
267 81
318 51
316 70
368 86
268 69
319 62
317 86
369 95
269 34
320 51
318 51
370 47
270 31
321 34
319 16
371 57
271 65
322 51
320 33
372 15
272 46
323 22
321 28
373 78
273 43
324 91
322 29
374 24
274 87
325 49
323 26
375 100
275 58
326 49
324 73
376 68
276 60
327 50
325 49
377 89
277 21
328 19
326 46
378 30
278 15
329 27
327 78
379 54
279 22
330 84
328 94
380 15
280 13
331 56
329 26
381 47
281 14
332 98
330 70
382 87
282 66
333 43
331 40
383 33
283 55
334 17
332 29
384 13
284 19
335 45
333 55
385 85
285 82
336 43
334 13
386 30
286 49
337 69
335 57
387 20
287 50
338 97
336 94
388 75
288 59
339 90
337 74
389 87
289 72
340 26
338 63
390 82
290 99
341 28
339 60
391 44
291 54
342 61
340 58
392 50
292 20
343 21
341 86
393 45
293 39
344 98
342 54
394 73
294 40
345 82
343 70
395 65
295 54
346 44
344 87
396 13
296 40
347 40
345 19
397 80
297 97
348 27
346 79
398 33
298 53
349 11
347 68
399 26
299 35
350 40
348 31
400 55
300 10
349 57
401 97
301 37
352 35
402 10
302 92
353 46
351 88
403 23
303 97
354 84
352 63
404 16
304 17
355 55
353 57
405 52
305 98
356 90
354 70
406 42
306 71
357 31
355 42
407 86
307 96
358 29
356 71
408 75
308 87
359 82
357 23
409 89
309 90
360 33
358 49
410 49
310 27
361 36
359 63
411 23
311 57
362 81
360 94
412 21
312 96
363 86
361 53
413 31
313 13
364 100
362 60
414 15
314 88
365 71
363 36
415 37
315 45
366 29
364 57
416 63
316 51
367 19
365 70
417 31
317 62
368 16
366 77
418 12
318 50
369 19
367 89
419 33
319 69
370 41
368 91
420 91
320 27
371 42
369 14
421 19
321 40
372 20
370 10
422 35
322 29
373 65
371 64
423 62
323 73
374 32
372 66
424 64
324 55
375 34
373 70
425 24
325 13
376 33
374 17
426 94
326 88
377 33
375 11
427 48
327 53
378 18
376 100
428 74
328 75
379 48
377 45
429 29
329 76
380 99
378 77
430 40
330 29
381 88
379 22
431 90
331 41
382 28
380 34
432 57
332 76
383 95
381 51
433 98
333 74
384 23
382 85
434 36
334 61
385 72
383 65
435 86
335 91
386 39
384 10
436 79
336 100
387 38
385 46
437 11
337 50
388 70
386 86
438 73
338 64
389 65
387 100
439 30
339 68
390 68
388 78
440 48
340 62
391 67
389 98
441 77
341 25
392 51
390 57
442 45
342 100
393 60
391 52
443 34
343 46
394 83
392 16
444 10
344 97
395 40
393 86
445 61
345 38
396 81
394 35
446 97
346 29
397 95
395 76
447 86
347 64
398 29
396 54
448 70
348 97
399 75
397 61
449 25
349 38
400 11
398 83
450 72
350 15
399 70
451 87
351 73
402 92
452 61
352 55
403 10
401 39
453 44
353 88
404 47
402 67
454 51
354 55
405 88
403 90
455 22
355 46
406 48
404 47
456 69
356 36
407 27
405 16
457 75
357 61
408 35
406 38
458 12
358 26
409 84
407 95
459 22
359 18
410 20
408 75
460 91
360 68
411 27
409 43
461 28
361 80
412 96
410 60
462 43
362 65
413 79
411 58
463 41
363 66
414 79
412 35
464 60
364 23
415 96
413 97
465 39
365 37
416 45
414 43
466 94
366 29
417 17
415 16
467 82
367 74
418 75
416 77
468 98
368 21
419 30
417 57
469 70
369 71
420 58
418 42
470 44
370 22
421 63
419 52
471 10
371 59
422 98
420 43
472 72
372 98
423 17
421 40
473 29
373 60
424 22
422 32
474 72
374 25
425 11
423 46
475 90
375 71
426 15
424 76
476 42
376 27
427 99
425 51
477 93
377 38
428 86
426 42
478 64
378 65
429 71
427 91
479 71
379 26
430 22
428 53
480 82
380 29
431 90
429 26
481 26
381 25
432 37
430 75
482 99
382 50
433 33
431 74
483 72
383 52
434 14
432 24
484 40
384 46
435 34
433 17
485 39
385 22
436 18
434 30
486 73
386 11
437 76
435 24
487 74
387 78
438 100
436 74
488 51
388 51
439 60
437 23
489 20
389 32
440 77
438 77
490 94
390 81
441 18
439 12
491 69
391 29
442 42
440 17
492 92
392 94
443 23
441 81
493 55
393 75
444 35
442 46
494 87
394 96
445 52
443 43
495 17
395 40
446 43
444 38
496 79
396 54
447 13
445 46
497 61
397 60
448 72
446 37
498 99
398 84
449 95
447 50
499 19
399 92
450 55
448 14
500 75
400 15
449 26
501 27
401 51
452 94
502 64
402 93
453 76
451 21
503 35
403 94
454 95
452 73
504 44
404 70
455 64
453 50
505 81
405 71
456 96
454 59
506 86
406 55
457 70
455 52
507 46
407 77
458 26
456 55
508 86
408 36
459 10
457 26
509 79
409 65
460 68
458 74
510 56
410 25
461 68
459 49
511 90
411 12
462 94
460 98
512 64
412 21
463 79
461 100
513 11
413 85
464 16
462 51
514 47
414 16
465 64
463 14
515 33
415 45
466 12
464 45
516 38
416 99
467 74
465 40
517 14
417 48
468 33
466 80
518 69
418 68
469 61
467 52
519 75
419 22
470 81
468 25
520 40
420 61
471 18
469 30
521 39
421 67
472 86
470 23
522 100
422 76
473 78
471 66
523 88
423 81
474 66
472 63
524 79
424 34
475 34
473 50
525 83
425 88
476 94
474 25
526 22
426 62
477 38
475 86
527 12
427 25
478 17
476 90
528 43
428 61
479 35
477 28
529 29
429 34
480 52
478 47
530 18
430 20
481 46
479 89
531 77
431 69
482 79
480 69
532 22
432 16
483 68
481 92
533 24
433 73
484 100
482 82
534 80
434 22
485 33
483 54
535 10
435 54
486 72
484 68
536 61
436 66
487 77
485 66
537 95
437 99
488 81
486 79
538 36
438 23
489 57
487 38
539 60
439 50
490 87
488 58
540 56
440 83
491 12
489 19
541 62
441 90
492 66
490 42
542 14
442 68
493 83
491 89
543 80
443 100
494 47
492 23
544 78
444 80
495 76
493 30
545 13
445 53
496 72
494 45
546 99
446 40
497 76
495 60
547 93
447 89
498 76
496 25
548 34
448 17
499 43
497 98
549 83
449 77
500 18
498 21
550 41
450 52
499 49
551 21
451 14
502 43
552 24
452 10
503 32
501 61
553 43
453 75
504 71
502 99
554 31
454 55
505 99
503 55
555 13
455 41
506 17
504 29
556 56
456 45
507 11
505 52
557 81
457 39
508 53
506 90
558 76
458 49
509 63
507 75
559 58
459 73
510 25
508 78
560 14
460 60
511 41
509 29
561 24
461 79
512 15
510 54
562 10
462 17
513 26
511 13
563 25
463 44
514 68
512 74
564 23
464 39
515 19
513 92
565 45
465 12
516 64
514 69
566 27
466 13
517 21
515 78
567 29
467 47
518 25
516 97
568 34
468 59
519 77
517 38
569 99
469 95
520 17
518 44
570 24
470 25
521 72
519 40
571 76
471 92
522 34
520 63
572 97
472 42
523 76
521 20
573 56
473 94
524 32
522 51
574 72
474 36
525 64
523 72
575 61
475 15
526 10
524 53
576 45
476 15
527 41
525 63
577 75
477 64
528 10
526 94
578 95
478 59
529 21
527 95
579 91
479 80
530 96
528 77
580 97
480 15
531 45
529 20
581 43
481 95
532 86
530 99
582 19
482 69
533 96
531 89
583 68
483 73
534 98
532 60
584 42
484 12
535 88
533 13
585 85
485 41
536 88
534 51
586 45
486 89
537 70
535 18
587 61
487 49
538 54
536 80
588 13
488 57
539 46
537 75
589 44
489 79
540 94
538 24
590 29
490 44
541 80
539 50
591 19
491 47
542 17
540 74
592 34
492 52
543 43
541 56
593 35
493 57
544 11
542 19
594 57
494 31
545 96
543 75
595 71
495 41
546 10
544 83
596 34
496 28
547 13
545 83
597 75
497 29
548 55
546 24
598 46
498 43
549 42
547 30
599 12
499 57
550 29
548 28
600 23
500 42
549 90
501 48
552 17
502 70
553 65
551 86
503 61
554 38
552 94
504 36
555 14
553 56
505 11
556 24
554 29
506 56
557 81
555 35
507 87
558 14
556 32
508 46
559 67
557 42
509 10
560 26
558 96
510 75
561 86
559 85
511 57
562 88
560 81
512 19
563 39
561 50
513 26
564 92
562 20
514 20
565 78
563 34
515 27
566 31
564 43
516 79
567 85
565 88
517 69
568 22
566 20
518 83
569 95
567 52
519 46
570 90
568 61
520 37
571 96
569 41
521 69
572 93
570 86
522 18
573 87
571 70
523 93
574 87
572 71
524 26
575 90
573 36
525 45
576 77
574 86
526 98
577 62
575 45
527 22
578 100
576 31
528 75
579 55
577 36
529 15
580 87
578 51
530 49
581 59
579 43
531 43
582 65
580 33
532 39
583 36
581 34
533 15
584 13
582 100
534 26
585 93
583 18
535 90
586 70
584 54
536 53
587 20
585 74
537 26
588 58
586 46
538 15
589 40
587 55
539 28
590 46
588 84
540 78
591 63
589 43
541 39
592 81
590 81
542 74
593 83
591 94
543 32
594 83
592 45
544 87
595 58
593 83
545 49
596 69
594 51
546 79
597 12
595 38
547 84
598 46
596 19
548 65
599 71
597 11
549 49
600 41
598 52
550 94
599 53
387
594
3 95 523 387 
2 119 132 
2 309 219 
2 63 346 
2 484 314 
2 427 40 
1 46 
3 56 390 27 
1 1 
2 496 110 
3 474 344 64 
1 493 
1 571 
2 371 117 
1 254 
1 224 
2 447 431 
2 550 138 
2 471 19 
2 246 139 
3 529 539 151 
3 325 497 444 
1 267 
1 515 
1 294 
2 369 580 
1 359 
3 168 421 45 
3 180 291 412 
2 269 343 
1 206 
1 166 
4 162 455 547 152 
1 534 
3 287 430 383 
2 456 245 
3 240 478 277 
1 460 
2 71 25 
1 66 
1 79 
3 467 3 462 
2 416 352 
1 546 
1 542 
1 234 
1 453 
2 272 149 
1 319 
2 58 68 
4 449 576 14 241 
1 157 
1 402 
1 437 
1 6 
3 370 568 220 
2 589 112 
2 268 406 
4 247 10 388 100 
1 278 
2 192 573 
1 108 
1 443 
2 345 222 
2 592 415 
1 125 
1 381 
1 565 
1 290 
2 426 428 
4 303 423 227 355 
3 261 308 544 
1 424 
3 378 451 185 
2 85 146 
3 4 486 552 
2 445 334 
2 242 442 
3 226 62 436 
1 41 
1 600 
2 293 57 
1 114 
3 36 490 414 
1 404 
2 200 78 
1 183 
1 7 
2 262 215 
2 481 473 
3 438 351 141 
2 194 519 
2 279 479 
1 33 
1 401 
2 417 44 
2 330 315 
1 318 
1 12 
2 312 506 
2 583 225 
2 160 165 
1 158 
2 441 203 
4 32 560 187 559 
2 20 223 
1 362 
1 50 
4 289 140 94 512 
2 508 400 
2 195 231 
1 306 
2 554 285 
2 466 594 
