625 2400 10 100 118
2
3
3
3
3
3
3
3
3
3
3
3
3
3
3
3
3
3
3
3
3
3
3
3
2
3
4
4
4
4
4
4
4
4
4
4
4
4
4
4
4
4
4
4
4
4
4
4
4
3
3
4
4
4
4
4
4
4
4
4
4
4
4
4
4
4
4
4
4
4
4
4
4
4
3
3
4
4
4
4
4
4
4
4
4
4
4
4
4
4
4
4
4
4
4
4
4
4
4
3
3
4
4
4
4
4
4
4
4
4
4
4
4
4
4
4
4
4
4
4
4
4
4
4
3
3
4
4
4
4
4
4
4
4
4
4
4
4
4
4
4
4
4
4
4
4
4
4
4
3
3
4
4
4
4
4
4
4
4
4
4
4
4
4
4
4
4
4
4
4
4
4
4
4
3
3
4
4
4
4
4
4
4
4
4
4
4
4
4
4
4
4
4
4
4
4
4
4
4
3
3
4
4
4
4
4
4
4
4
4
4
4
4
4
4
4
4
4
4
4
4
4
4
4
3
3
4
4
4
4
4
4
4
4
4
4
4
4
4
4
4
4
4
4
4
4
4
4
4
3
3
4
4
4
4
4
4
4
4
4
4
4
4
4
4
4
4
4
4
4
4
4
4
4
3
3
4
4
4
4
4
4
4
4
4
4
4
4
4
4
4
4
4
4
4
4
4
4
4
3
3
4
4
4
4
4
4
4
4
4
4
4
4
4
4
4
4
4
4
4
4
4
4
4
3
3
4
4
4
4
4
4
4
4
4
4
4
4
4
4
4
4
4
4
4
4
4
4
4
3
3
4
4
4
4
4
4
4
4
4
4
4
4
4
4
4
4
4
4
4
4
4
4
4
3
3
4
4
4
4
4
4
4
4
4
4
4
4
4
4
4
4
4
4
4
4
4
4
4
3
3
4
4
4
4
4
4
4
4
4
4
4
4
4
4
4
4
4
4
4
4
4
4
4
3
3
4
4
4
4
4
4
4
4
4
4
4
4
4
4
4
4
4
4
4
4
4
4
4
3
3
4
4
4
4
4
4
4
4
4
4
4
4
4
4
4
4
4
4
4
4
4
4
4
3
3
4
4
4
4
4
4
4
4
4
4
4
4
4
4
4
4
4
4
4
4
4
4
4
3
3
4
4
4
4
4
4
4
4
4
4
4
4
4
4
4
4
4
4
4
4
4
4
4
3
3
4
4
4
4
4
4
4
4
4
4
4
4
4
4
4
4
4
4
4
4
4
4
4
3
3
4
4
4
4
4
4
4
4
4
4
4
4
4
4
4
4
4
4
4
4
4
4
4
3
3
4
4
4
4
4
4
4
4
4
4
4
4
4
4
4
4
4
4
4
4
4
4
4
3
2
3
3
3
3
3
3
3
3
3
3
3
3
3
3
3
3
3
3
3
3
3
3
3
2
26 87
2 29
27 49
3 39
1 85
28 21
4 58
2 100
29 93
5 32
3 76
30 68
6 48
4 76
31 29
7 58
5 18
32 65
8 57
6 92
33 81
9 15
7 48
34 75
10 78
8 51
35 10
11 27
9 56
36 75
12 12
10 54
37 66
13 11
11 94
38 93
14 35
12 83
39 46
15 97
13 45
40 93
16 79
14 14
41 84
17 96
15 50
42 31
18 82
16 91
43 83
19 56
17 66
44 57
20 68
18 60
45 10
21 31
19 22
46 11
22 36
20 61
47 66
23 99
21 42
48 56
24 12
22 46
49 99
25 51
23 80
50 84
24 26
51 16
1 99
27 66
52 56
2 78
28 35
26 68
53 48
3 80
29 42
27 86
54 31
4 32
30 14
28 21
55 55
5 18
31 83
29 11
56 74
6 44
32 83
30 93
57 81
7 47
33 49
31 50
58 69
8 88
34 35
32 56
59 79
9 42
35 27
33 39
60 68
10 85
36 81
34 87
61 59
11 25
37 22
35 63
62 10
12 54
38 23
36 61
63 70
13 45
39 13
37 89
64 47
14 67
40 77
38 69
65 47
15 73
41 44
39 99
66 81
16 15
42 44
40 62
67 38
17 83
43 33
41 79
68 14
18 95
44 82
42 68
69 34
19 32
45 41
43 55
70 54
20 18
46 44
44 83
71 30
21 96
47 38
45 56
72 79
22 12
48 38
46 88
73 50
23 24
49 64
47 13
74 74
24 89
50 92
48 58
75 35
25 50
49 33
76 77
26 27
52 66
77 25
27 49
53 76
51 24
78 62
28 62
54 47
52 44
79 12
29 56
55 49
53 10
80 57
30 25
56 69
54 26
81 100
31 13
57 97
55 86
82 48
32 72
58 19
56 36
83 36
33 93
59 92
57 85
84 54
34 56
60 51
58 33
85 42
35 84
61 70
59 56
86 42
36 63
62 52
60 54
87 30
37 60
63 67
61 63
88 33
38 66
64 61
62 78
89 74
39 90
65 32
63 55
90 54
40 74
66 98
64 59
91 36
41 62
67 90
65 25
92 66
42 12
68 77
66 30
93 88
43 18
69 12
67 89
94 48
44 15
70 98
68 70
95 38
45 12
71 26
69 95
96 99
46 80
72 99
70 94
97 14
47 51
73 58
71 17
98 67
48 50
74 72
72 33
99 95
49 94
75 80
73 28
100 47
50 30
74 85
101 70
51 93
77 82
102 62
52 94
78 40
76 87
103 14
53 52
79 18
77 86
104 73
54 27
80 76
78 92
105 49
55 62
81 71
79 30
106 86
56 47
82 27
80 66
107 33
57 29
83 21
81 44
108 37
58 21
84 62
82 88
109 43
59 95
85 13
83 13
110 54
60 100
86 97
84 67
111 40
61 71
87 61
85 31
112 25
62 85
88 19
86 76
113 24
63 85
89 67
87 81
114 20
64 77
90 43
88 77
115 48
65 30
91 65
89 71
116 25
66 18
92 85
90 38
117 63
67 57
93 38
91 62
118 58
68 95
94 54
92 62
119 43
69 57
95 29
93 51
120 39
70 10
96 16
94 10
121 82
71 82
97 54
95 40
122 100
72 100
98 49
96 29
123 97
73 44
99 92
97 15
124 72
74 83
100 65
98 32
125 92
75 39
99 39
126 49
76 78
102 34
127 24
77 43
103 80
101 52
128 41
78 34
104 77
102 43
129 31
79 89
105 73
103 42
130 79
80 85
106 77
104 78
131 17
81 83
107 84
105 98
132 88
82 49
108 54
106 35
133 67
83 15
109 74
107 48
134 37
84 15
110 65
108 98
135 91
85 97
111 96
109 44
136 49
86 73
112 90
110 69
137 50
87 13
113 89
111 96
138 29
88 24
114 38
112 90
139 77
89 41
115 20
113 30
140 87
90 53
116 13
114 22
141 71
91 39
117 60
115 83
142 67
92 67
118 78
116 86
143 56
93 46
119 78
117 56
144 89
94 61
120 22
118 99
145 10
95 52
121 37
119 96
146 46
96 92
122 44
120 14
147 33
97 15
123 20
121 31
148 59
98 41
124 91
122 89
149 36
99 32
125 94
123 100
150 86
100 40
124 16
151 62
101 36
127 48
152 46
102 56
128 61
126 46
153 41
103 38
129 71
127 93
154 88
104 19
130 16
128 28
155 92
105 64
131 46
129 58
156 10
106 83
132 20
130 52
157 22
107 66
133 11
131 83
158 71
108 57
134 32
132 64
159 47
109 52
135 13
133 52
160 44
110 48
136 75
134 73
161 93
111 48
137 84
135 34
162 74
112 88
138 96
136 44
163 39
113 57
139 86
137 95
164 56
114 35
140 46
138 63
165 39
115 49
141 65
139 21
166 36
116 59
142 27
140 70
167 16
117 39
143 62
141 28
168 13
118 40
144 18
142 96
169 59
119 27
145 27
143 43
170 65
120 46
146 77
144 80
171 50
121 67
147 83
145 53
172 75
122 87
148 77
146 56
173 45
123 51
149 51
147 94
174 77
124 70
150 11
148 19
175 32
125 75
149 20
176 15
126 92
152 97
177 81
127 26
153 84
151 99
178 50
128 99
154 33
152 37
179 43
129 72
155 34
153 70
180 27
130 90
156 97
154 96
181 64
131 29
157 14
155 97
182 61
132 31
158 49
156 22
183 35
133 26
159 67
157 23
184 49
134 49
160 78
158 17
185 66
135 83
161 76
159 36
186 50
136 23
162 75
160 48
187 59
137 30
163 100
161 91
188 37
138 88
164 32
162 62
189 97
139 43
165 41
163 34
190 55
140 35
166 57
164 25
191 21
141 81
167 57
165 53
192 25
142 70
168 20
166 16
193 47
143 99
169 52
167 51
194 39
144 86
170 65
168 44
195 13
145 59
171 71
169 33
196 37
146 57
172 83
170 82
197 70
147 57
173 11
171 95
198 69
148 76
174 35
172 96
199 80
149 18
175 21
173 83
200 18
150 45
174 82
201 40
151 16
177 94
202 86
152 35
178 85
176 86
203 39
153 79
179 96
177 77
204 56
154 37
180 53
178 60
205 47
155 71
181 75
179 17
206 95
156 56
182 50
180 62
207 28
157 58
183 80
181 33
208 93
158 22
184 46
182 39
209 19
159 29
185 14
183 53
210 62
160 17
186 47
184 42
211 83
161 24
187 35
185 61
212 55
162 18
188 79
186 68
213 45
163 28
189 79
187 80
214 46
164 96
190 32
188 96
215 17
165 51
191 69
189 76
216 75
166 54
192 54
190 84
217 24
167 18
193 11
191 79
218 77
168 27
194 39
192 93
219 76
169 46
195 10
193 54
220 41
170 80
196 14
194 24
221 99
171 49
197 26
195 50
222 72
172 53
198 51
196 81
223 75
173 24
199 70
197 84
224 36
174 72
200 87
198 25
225 17
175 40
199 21
226 21
176 29
202 60
227 48
177 43
203 36
201 30
228 33
178 22
204 29
202 67
229 82
179 51
205 21
203 84
230 13
180 99
206 12
204 60
231 39
181 45
207 59
205 80
232 36
182 57
208 73
206 56
233 49
183 71
209 34
207 46
234 72
184 55
210 96
208 88
235 60
185 18
211 20
209 25
236 98
186 51
212 26
210 68
237 36
187 94
213 40
211 92
238 96
188 17
214 78
212 59
239 22
189 63
215 27
213 31
240 18
190 93
216 75
214 51
241 56
191 25
217 53
215 55
242 40
192 45
218 29
216 35
243 58
193 71
219 88
217 26
244 12
194 31
220 66
218 22
245 85
195 45
221 72
219 83
246 62
196 87
222 66
220 47
247 94
197 19
223 13
221 40
248 94
198 47
224 13
222 20
249 66
199 88
225 11
223 68
250 89
200 70
224 28
251 36
201 42
227 80
252 84
202 69
228 33
226 74
253 10
203 95
229 85
227 91
254 37
204 11
230 40
228 21
255 13
205 78
231 30
229 74
256 89
206 82
232 45
230 49
257 92
207 29
233 94
231 39
258 63
208 82
234 38
232 30
259 10
209 26
235 84
233 68
260 53
210 99
236 79
234 28
261 74
211 18
237 84
235 11
262 71
212 86
238 70
236 84
263 80
213 20
239 64
237 84
264 55
214 30
240 89
238 69
265 96
215 96
241 29
239 61
266 68
216 69
242 88
240 92
267 48
217 45
243 90
241 17
268 59
218 48
244 48
242 86
269 30
219 95
245 50
243 85
270 52
220 83
246 11
244 28
271 94
221 34
247 70
245 42
272 82
222 21
248 32
246 49
273 41
223 54
249 80
247 70
274 34
224 96
250 68
248 38
275 16
225 54
249 54
276 42
226 38
252 86
277 13
227 33
253 73
251 15
278 61
228 83
254 20
252 50
279 31
229 11
255 23
253 99
280 73
230 93
256 72
254 74
281 30
231 84
257 81
255 30
282 66
232 69
258 26
256 30
283 15
233 35
259 89
257 64
284 94
234 92
260 34
258 14
285 72
235 69
261 68
259 17
286 68
236 90
262 56
260 93
287 48
237 64
263 97
261 57
288 67
238 92
264 52
262 79
289 43
239 41
265 83
263 38
290 27
240 44
266 40
264 27
291 69
241 37
267 33
265 78
292 37
242 30
268 56
266 89
293 69
243 80
269 35
267 68
294 80
244 78
270 80
268 14
295 77
245 85
271 48
269 65
296 72
246 10
272 15
270 43
297 31
247 83
273 90
271 43
298 40
248 93
274 48
272 31
299 49
249 58
275 32
273 92
300 81
250 31
274 84
301 19
251 92
277 51
302 47
252 100
278 89
276 38
303 72
253 69
279 16
277 99
304 35
254 68
280 97
278 46
305 97
255 33
281 19
279 80
306 42
256 73
282 45
280 61
307 20
257 33
283 66
281 11
308 43
258 24
284 94
282 13
309 79
259 75
285 55
283 89
310 66
260 21
286 21
284 35
311 88
261 38
287 87
285 60
312 11
262 97
288 18
286 86
313 75
263 61
289 17
287 59
314 35
264 94
290 41
288 96
315 20
265 76
291 12
289 46
316 34
266 88
292 31
290 18
317 27
267 36
293 51
291 61
318 19
268 52
294 90
292 90
319 59
269 90
295 27
293 65
320 25
270 99
296 53
294 13
321 15
271 64
297 70
295 29
322 63
272 17
298 30
296 67
323 59
273 77
299 62
297 49
324 30
274 40
300 20
298 19
325 22
275 72
299 22
326 18
276 44
302 49
327 46
277 58
303 57
301 93
328 53
278 36
304 19
302 51
329 84
279 94
305 76
303 79
330 65
280 95
306 73
304 40
331 63
281 42
307 59
305 63
332 59
282 47
308 92
306 61
333 93
283 36
309 26
307 23
334 70
284 59
310 81
308 24
335 23
285 39
311 65
309 64
336 35
286 70
312 49
310 91
337 11
287 97
313 33
311 15
338 56
288 83
314 18
312 95
339 78
289 56
315 73
313 93
340 68
290 62
316 15
314 75
341 56
291 80
317 96
315 87
342 13
292 79
318 82
316 90
343 25
293 49
319 85
317 51
344 31
294 49
320 62
318 29
345 66
295 82
321 66
319 58
346 16
296 40
322 69
320 48
347 31
297 66
323 19
321 47
348 40
298 32
324 21
322 86
349 75
299 71
325 32
323 53
350 21
300 77
324 56
351 59
301 41
327 90
352 79
302 47
328 52
326 98
353 64
303 34
329 85
327 78
354 89
304 71
330 16
328 98
355 18
305 88
331 76
329 46
356 100
306 85
332 71
330 46
357 23
307 13
333 52
331 75
358 40
308 31
334 22
332 54
359 95
309 44
335 96
333 37
360 52
310 69
336 34
334 21
361 82
311 17
337 34
335 86
362 100
312 65
338 10
336 19
363 75
313 49
339 58
337 13
364 92
314 81
340 68
338 14
365 12
315 34
341 60
339 59
366 27
316 97
342 99
340 20
367 63
317 10
343 54
341 86
368 12
318 45
344 41
342 88
369 47
319 89
345 98
343 41
370 26
320 15
346 20
344 26
371 32
321 58
347 59
345 55
372 68
322 85
348 52
346 16
373 22
323 58
349 59
347 35
374 31
324 52
350 45
348 35
375 69
325 22
349 81
376 52
326 41
352 81
377 57
327 34
353 85
351 84
378 17
328 37
354 87
352 49
379 63
329 90
355 23
353 87
380 43
330 71
356 62
354 46
381 97
331 72
357 82
355 25
382 98
332 19
358 73
356 15
383 21
333 38
359 49
357 46
384 79
334 33
360 85
358 97
385 54
335 84
361 34
359 78
386 27
336 72
362 16
360 28
387 67
337 59
363 35
361 21
388 25
338 52
364 23
362 31
389 55
339 69
365 15
363 73
390 53
340 56
366 50
364 16
391 10
341 42
367 97
365 56
392 68
342 47
368 66
366 90
393 10
343 64
369 88
367 47
394 71
344 58
370 75
368 65
395 16
345 84
371 18
369 50
396 18
346 100
372 93
370 65
397 15
347 79
373 94
371 66
398 92
348 88
374 17
372 18
399 17
349 66
375 92
373 87
400 20
350 43
374 59
401 91
351 59
377 30
402 23
352 61
378 22
376 29
403 37
353 54
379 42
377 32
404 56
354 25
380 61
378 85
405 69
355 28
381 46
379 83
406 39
356 60
382 37
380 32
407 39
357 64
383 65
381 33
408 11
358 54
384 52
382 90
409 15
359 70
385 59
383 86
410 92
360 29
386 92
384 20
411 83
361 74
387 46
385 31
412 53
362 58
388 89
386 96
413 46
363 22
389 56
387 47
414 68
364 74
390 85
388 17
415 37
365 17
391 11
389 49
416 13
366 77
392 49
390 93
417 75
367 40
393 29
391 79
418 52
368 79
394 15
392 58
419 40
369 17
395 75
393 59
420 83
370 21
396 69
394 29
421 87
371 28
397 82
395 22
422 68
372 37
398 65
396 29
423 100
373 42
399 19
397 97
424 70
374 39
400 35
398 28
425 98
375 99
399 94
426 79
376 25
402 89
427 16
377 50
403 23
401 93
428 80
378 10
404 51
402 31
429 27
379 22
405 69
403 48
430 22
380 81
406 83
404 26
431 79
381 32
407 33
405 100
432 66
382 16
408 51
406 87
433 24
383 64
409 53
407 44
434 52
384 85
410 100
408 66
435 88
385 67
411 12
409 24
436 90
386 22
412 23
410 17
437 21
387 25
413 42
411 97
438 89
388 43
414 35
412 11
439 44
389 42
415 42
413 95
440 26
390 58
416 53
414 45
441 34
391 96
417 24
415 27
442 41
392 15
418 38
416 64
443 55
393 26
419 90
417 74
444 17
394 33
420 20
418 27
445 56
395 48
421 19
419 77
446 96
396 30
422 37
420 100
447 89
397 93
423 23
421 42
448 83
398 66
424 41
422 24
449 54
399 22
425 42
423 93
450 37
400 30
424 20
451 12
401 77
427 38
452 24
402 38
428 98
426 69
453 58
403 61
429 22
427 76
454 98
404 11
430 23
428 29
455 31
405 36
431 67
429 79
456 97
406 92
432 88
430 41
457 77
407 16
433 91
431 76
458 16
408 92
434 73
432 26
459 86
409 24
435 25
433 90
460 85
410 50
436 73
434 32
461 81
411 58
437 67
435 59
462 32
412 64
438 67
436 59
463 69
413 71
439 49
437 76
464 95
414 20
440 53
438 82
465 60
415 90
441 84
439 44
466 28
416 30
442 75
440 100
467 12
417 78
443 80
441 74
468 56
418 31
444 82
442 96
469 44
419 27
445 68
443 98
470 26
420 81
446 52
444 83
471 69
421 71
447 92
445 20
472 18
422 63
448 64
446 26
473 75
423 13
449 27
447 75
474 87
424 43
450 18
448 100
475 66
425 15
449 87
476 10
426 51
452 97
477 84
427 34
453 54
451 64
478 61
428 11
454 63
452 91
479 86
429 87
455 53
453 24
480 37
430 77
456 22
454 27
481 18
431 53
457 44
455 26
482 19
432 38
458 19
456 87
483 12
433 22
459 93
457 62
484 79
434 89
460 49
458 22
485 28
435 29
461 73
459 27
486 42
436 19
462 96
460 15
487 93
437 25
463 85
461 48
488 60
438 34
464 60
462 65
489 90
439 54
465 60
463 74
490 41
440 98
466 31
464 93
491 27
441 73
467 57
465 35
492 97
442 92
468 74
466 98
493 75
443 64
469 35
467 69
494 86
444 74
470 10
468 91
495 35
445 33
471 59
469 12
496 41
446 55
472 33
470 73
497 12
447 96
473 40
471 52
498 27
448 61
474 32
472 94
499 76
449 26
475 42
473 57
500 68
450 86
474 63
501 77
451 48
477 67
502 89
452 99
478 93
476 80
503 22
453 42
479 11
477 39
504 97
454 56
480 32
478 27
505 93
455 29
481 11
479 37
506 67
456 82
482 51
480 67
507 50
457 15
483 19
481 98
508 88
458 55
484 38
482 60
509 41
459 34
485 94
483 22
510 25
460 73
486 88
484 55
511 69
461 51
487 27
485 17
512 30
462 32
488 64
486 13
513 85
463 99
489 26
487 20
514 17
464 91
490 52
488 83
515 32
465 67
491 59
489 38
516 79
466 23
492 69
490 66
517 64
467 55
493 11
491 33
518 77
468 37
494 89
492 44
519 80
469 82
495 38
493 95
520 54
470 89
496 85
494 10
521 13
471 53
497 47
495 47
522 65
472 100
498 21
496 48
523 54
473 63
499 29
497 41
524 25
474 92
500 78
498 35
525 95
475 47
499 96
526 33
476 29
502 91
527 44
477 44
503 58
501 67
528 21
478 64
504 72
502 89
529 63
479 35
505 40
503 70
530 94
480 33
506 11
504 42
531 89
481 13
507 78
505 16
532 28
482 20
508 51
506 95
533 71
483 45
509 24
507 42
534 47
484 77
510 51
508 28
535 70
485 19
511 93
509 75
536 87
486 72
512 41
510 11
537 74
487 71
513 18
511 69
538 56
488 67
514 85
512 45
539 11
489 100
515 15
513 13
540 58
490 39
516 27
514 84
541 100
491 63
517 98
515 55
542 91
492 18
518 31
516 16
543 17
493 77
519 24
517 73
544 27
494 32
520 33
518 93
545 76
495 11
521 20
519 10
546 65
496 53
522 59
520 17
547 92
497 89
523 77
521 86
548 56
498 23
524 87
522 58
549 46
499 99
525 90
523 71
550 99
500 21
524 84
551 14
501 31
527 77
552 78
502 32
528 50
526 23
553 32
503 41
529 70
527 33
554 57
504 34
530 81
528 64
555 91
505 27
531 18
529 39
556 93
506 90
532 47
530 92
557 67
507 12
533 76
531 88
558 36
508 36
534 84
532 14
559 93
509 34
535 55
533 79
560 15
510 88
536 26
534 43
561 80
511 11
537 70
535 16
562 24
512 80
538 92
536 42
563 86
513 99
539 57
537 56
564 85
514 65
540 71
538 80
565 40
515 44
541 95
539 45
566 71
516 80
542 66
540 62
567 91
517 48
543 62
541 22
568 23
518 71
544 33
542 95
569 92
519 20
545 89
543 77
570 17
520 42
546 72
544 45
571 62
521 79
547 15
545 20
572 86
522 67
548 36
546 74
573 30
523 33
549 93
547 51
574 16
524 13
550 84
548 79
575 23
525 90
549 19
576 63
526 10
552 96
577 41
527 82
553 33
551 14
578 30
528 55
554 38
552 20
579 15
529 28
555 86
553 33
580 67
530 37
556 44
554 29
581 90
531 75
557 59
555 12
582 25
532 23
558 26
556 92
583 65
533 24
559 73
557 96
584 61
534 65
560 100
558 42
585 40
535 62
561 95
559 17
586 69
536 72
562 92
560 65
587 48
537 91
563 24
561 79
588 20
538 26
564 97
562 79
589 87
539 73
565 64
563 34
590 27
540 39
566 85
564 24
591 72
541 16
567 22
565 43
592 46
542 56
568 88
566 22
593 50
543 43
569 61
567 71
594 38
544 43
570 14
568 55
595 76
545 33
571 52
569 30
596 100
546 18
572 65
570 11
597 49
547 25
573 18
571 36
598 59
548 30
574 45
572 48
599 26
549 76
575 87
573 67
600 58
550 15
574 28
601 73
551 76
577 67
602 66
552 81
578 32
576 61
603 52
553 74
579 78
577 33
604 17
554 46
580 52
578 21
605 71
555 100
581 50
579 41
606 30
556 79
582 73
580 97
607 76
557 46
583 94
581 44
608 58
558 67
584 35
582 64
609 66
559 74
585 80
583 68
610 82
560 55
586 38
584 32
611 41
561 90
587 85
585 21
612 27
562 45
588 30
586 71
613 62
563 11
589 48
587 19
614 80
564 65
590 59
588 30
615 63
565 67
591 97
589 70
616 26
566 85
592 73
590 40
617 63
567 96
593 49
591 85
618 98
568 37
594 54
592 42
619 99
569 64
595 99
593 22
620 12
570 39
596 82
594 35
621 65
571 98
597 84
595 13
622 40
572 88
598 76
596 43
623 99
573 84
599 31
597 62
624 47
574 63
600 40
598 11
625 44
575 19
599 45
576 51
602 10
577 52
603 10
601 64
578 55
604 38
602 91
579 99
605 67
603 92
580 28
606 45
604 32
581 81
607 46
605 13
582 16
608 19
606 86
583 29
609 81
607 62
584 54
610 93
608 34
585 26
611 97
609 32
586 80
612 21
610 73
587 58
613 51
611 14
588 55
614 80
612 27
589 13
615 39
613 51
590 52
616 10
614 76
591 71
617 83
615 44
592 87
618 56
616 71
593 67
619 78
617 75
594 39
620 47
618 22
595 12
621 98
619 49
596 37
622 83
620 43
597 90
623 38
621 87
598 94
624 94
622 19
599 16
625 97
623 46
600 33
624 34
561
593
1 561 
2 279 520 
1 200 
2 250 82 
2 34 142 
2 182 239 
1 511 
1 554 
1 155 
2 512 445 
2 285 534 
1 370 
1 112 
3 444 212 532 
1 123 
1 564 
3 582 39 301 
2 272 288 
2 121 592 
1 464 
1 577 
2 162 604 
5 132 500 605 45 334 
1 550 
4 612 621 603 205 
2 62 575 
2 56 477 
2 433 529 
1 428 
1 307 
3 224 210 303 
2 594 451 
1 145 
2 223 393 
3 309 92 490 
1 278 
1 347 
2 13 260 
4 625 305 436 263 
1 221 
2 266 186 
1 617 
1 429 
2 22 295 
2 246 256 
4 556 11 292 16 
2 478 521 
2 80 348 
2 419 311 
1 251 
2 90 569 
2 466 491 
3 296 421 255 
1 185 
1 136 
5 538 514 614 277 237 
1 480 
2 124 450 
1 253 
3 133 47 261 
1 184 
4 578 299 8 150 
2 26 175 
2 388 465 
2 548 483 
1 570 
1 377 
1 424 
4 401 227 222 376 
2 171 302 
1 373 
1 365 
1 392 
3 262 557 459 
4 332 64 275 416 
2 518 357 
1 552 
1 109 
2 413 337 
2 281 21 
2 60 475 
2 38 117 
1 442 
3 312 596 225 
2 589 471 
1 294 
1 144 
1 542 
1 230 
3 79 271 174 
1 372 
3 259 560 143 
3 276 61 201 
1 66 
2 57 15 
2 573 385 
1 602 
1 99 
3 23 505 616 
1 380 
2 581 49 
2 601 539 
1 322 
1 74 
2 427 103 
2 558 404 
1 355 
1 498 
2 68 585 
1 159 
4 122 482 368 55 
2 457 30 
2 67 245 
1 358 
1 289 
1 458 
5 95 2 27 367 193 
1 593 
