400 1500 10 100 76
2
3
3
3
3
3
3
3
3
3
3
3
3
3
3
3
3
3
3
3
3
3
3
3
3
3
3
3
3
3
3
3
3
3
3
3
3
3
3
2
3
4
4
4
4
4
4
4
4
4
4
4
4
4
4
4
4
4
4
4
4
4
4
4
4
4
4
4
4
4
4
4
4
4
4
4
4
4
4
3
3
4
4
4
4
4
4
4
4
4
4
4
4
4
4
4
4
4
4
4
4
4
4
4
4
4
4
4
4
4
4
4
4
4
4
4
4
4
4
3
3
4
4
4
4
4
4
4
4
4
4
4
4
4
4
4
4
4
4
4
4
4
4
4
4
4
4
4
4
4
4
4
4
4
4
4
4
4
4
3
3
4
4
4
4
4
4
4
4
4
4
4
4
4
4
4
4
4
4
4
4
4
4
4
4
4
4
4
4
4
4
4
4
4
4
4
4
4
4
3
3
4
4
4
4
4
4
4
4
4
4
4
4
4
4
4
4
4
4
4
4
4
4
4
4
4
4
4
4
4
4
4
4
4
4
4
4
4
4
3
3
4
4
4
4
4
4
4
4
4
4
4
4
4
4
4
4
4
4
4
4
4
4
4
4
4
4
4
4
4
4
4
4
4
4
4
4
4
4
3
3
4
4
4
4
4
4
4
4
4
4
4
4
4
4
4
4
4
4
4
4
4
4
4
4
4
4
4
4
4
4
4
4
4
4
4
4
4
4
3
3
4
4
4
4
4
4
4
4
4
4
4
4
4
4
4
4
4
4
4
4
4
4
4
4
4
4
4
4
4
4
4
4
4
4
4
4
4
4
3
2
3
3
3
3
3
3
3
3
3
3
3
3
3
3
3
3
3
3
3
3
3
3
3
3
3
3
3
3
3
3
3
3
3
3
3
3
3
3
2
41 19
2 29
42 62
3 45
1 54
43 59
4 96
2 88
44 88
5 73
3 55
45 59
6 10
4 39
46 26
7 90
5 32
47 47
8 19
6 80
48 11
9 37
7 35
49 16
10 64
8 99
50 34
11 59
9 33
51 83
12 32
10 35
52 51
13 63
11 33
53 48
14 42
12 18
54 34
15 94
13 10
55 97
16 12
14 52
56 36
17 92
15 38
57 66
18 22
16 77
58 28
19 30
17 15
59 81
20 80
18 75
60 97
21 58
19 25
61 73
22 23
20 56
62 36
23 21
21 94
63 39
24 58
22 58
64 72
25 65
23 43
65 40
26 66
24 99
66 75
27 99
25 31
67 29
28 56
26 17
68 74
29 27
27 14
69 91
30 78
28 57
70 10
31 83
29 36
71 48
32 62
30 50
72 78
33 32
31 88
73 49
34 67
32 82
74 84
35 10
33 60
75 12
36 88
34 64
76 83
37 67
35 22
77 36
38 91
36 27
78 38
39 33
37 55
79 51
40 40
38 69
80 76
39 93
81 78
1 20
42 32
82 27
2 73
43 95
41 41
83 39
3 64
44 34
42 56
84 46
4 17
45 72
43 81
85 75
5 53
46 17
44 13
86 98
6 13
47 40
45 61
87 88
7 38
48 66
46 59
88 27
8 69
49 11
47 94
89 62
9 60
50 46
48 64
90 67
10 61
51 11
49 40
91 84
11 53
52 86
50 45
92 57
12 13
53 72
51 71
93 85
13 44
54 97
52 61
94 82
14 28
55 63
53 37
95 57
15 41
56 53
54 98
96 43
16 11
57 52
55 28
97 93
17 87
58 44
56 44
98 49
18 88
59 24
57 61
99 48
19 94
60 14
58 21
100 85
20 39
61 27
59 73
101 24
21 28
62 14
60 61
102 69
22 82
63 61
61 50
103 67
23 63
64 23
62 49
104 22
24 52
65 17
63 89
105 54
25 42
66 95
64 78
106 26
26 55
67 80
65 37
107 12
27 70
68 79
66 46
108 60
28 54
69 11
67 23
109 48
29 18
70 50
68 51
110 22
30 14
71 54
69 22
111 47
31 33
72 24
70 29
112 11
32 66
73 28
71 42
113 24
33 22
74 48
72 71
114 95
34 55
75 42
73 95
115 48
35 52
76 69
74 43
116 23
36 11
77 80
75 28
117 29
37 64
78 48
76 81
118 84
38 72
79 56
77 56
119 86
39 29
80 70
78 12
120 84
40 30
79 66
121 88
41 29
82 95
122 29
42 12
83 15
81 43
123 38
43 96
84 88
82 58
124 90
44 48
85 20
83 92
125 53
45 43
86 67
84 58
126 69
46 69
87 13
85 98
127 73
47 74
88 42
86 18
128 77
48 87
89 13
87 28
129 58
49 33
90 62
88 50
130 15
50 99
91 53
89 97
131 61
51 45
92 97
90 57
132 62
52 23
93 68
91 20
133 56
53 62
94 71
92 48
134 94
54 39
95 44
93 16
135 65
55 70
96 99
94 63
136 84
56 61
97 11
95 20
137 33
57 51
98 68
96 15
138 71
58 67
99 15
97 86
139 92
59 36
100 51
98 66
140 84
60 18
101 85
99 54
141 83
61 10
102 41
100 20
142 26
62 92
103 28
101 53
143 22
63 52
104 10
102 58
144 80
64 59
105 32
103 82
145 81
65 69
106 46
104 81
146 32
66 28
107 99
105 89
147 52
67 76
108 28
106 10
148 82
68 64
109 93
107 74
149 33
69 72
110 43
108 76
150 32
70 42
111 27
109 88
151 53
71 56
112 90
110 34
152 63
72 85
113 68
111 92
153 63
73 62
114 82
112 56
154 55
74 92
115 34
113 54
155 88
75 98
116 29
114 72
156 80
76 55
117 75
115 44
157 78
77 37
118 60
116 53
158 79
78 52
119 75
117 73
159 18
79 54
120 49
118 71
160 70
80 89
119 68
161 81
81 95
122 32
162 30
82 38
123 81
121 30
163 33
83 74
124 56
122 34
164 24
84 22
125 40
123 17
165 19
85 60
126 22
124 91
166 37
86 21
127 66
125 37
167 54
87 33
128 19
126 30
168 94
88 71
129 64
127 52
169 86
89 66
130 18
128 21
170 59
90 49
131 54
129 80
171 12
91 26
132 74
130 64
172 59
92 43
133 56
131 71
173 99
93 94
134 96
132 32
174 49
94 76
135 49
133 70
175 64
95 68
136 85
134 13
176 19
96 71
137 66
135 32
177 67
97 65
138 41
136 83
178 63
98 62
139 95
137 17
179 36
99 95
140 80
138 85
180 18
100 82
141 74
139 95
181 81
101 10
142 32
140 16
182 67
102 75
143 60
141 100
183 76
103 50
144 83
142 92
184 25
104 72
145 46
143 24
185 45
105 67
146 47
144 22
186 58
106 52
147 46
145 53
187 16
107 74
148 56
146 14
188 93
108 30
149 21
147 99
189 89
109 38
150 53
148 23
190 56
110 15
151 70
149 19
191 29
111 23
152 60
150 26
192 45
112 44
153 75
151 64
193 19
113 28
154 17
152 10
194 23
114 30
155 51
153 92
195 34
115 63
156 59
154 37
196 94
116 19
157 90
155 26
197 70
117 86
158 31
156 60
198 19
118 55
159 66
157 91
199 54
119 63
160 85
158 11
200 70
120 88
159 29
201 87
121 99
162 97
202 85
122 59
163 52
161 88
203 91
123 59
164 83
162 98
204 68
124 18
165 55
163 22
205 82
125 21
166 35
164 72
206 49
126 72
167 16
165 17
207 48
127 24
168 22
166 96
208 69
128 81
169 48
167 84
209 86
129 80
170 75
168 45
210 81
130 42
171 53
169 76
211 88
131 64
172 37
170 76
212 83
132 13
173 48
171 15
213 56
133 46
174 75
172 100
214 42
134 14
175 67
173 33
215 29
135 98
176 80
174 42
216 59
136 76
177 57
175 31
217 10
137 63
178 94
176 13
218 94
138 35
179 32
177 46
219 45
139 43
180 25
178 31
220 83
140 27
181 40
179 21
221 51
141 100
182 81
180 69
222 44
142 69
183 87
181 43
223 75
143 42
184 25
182 65
224 22
144 10
185 90
183 36
225 38
145 89
186 45
184 57
226 32
146 64
187 27
185 51
227 13
147 70
188 67
186 56
228 71
148 59
189 72
187 58
229 43
149 44
190 89
188 78
230 97
150 78
191 48
189 15
231 80
151 81
192 13
190 50
232 21
152 32
193 77
191 49
233 91
153 67
194 85
192 20
234 24
154 97
195 31
193 44
235 66
155 55
196 95
194 11
236 37
156 93
197 67
195 28
237 94
157 16
198 92
196 32
238 23
158 79
199 94
197 17
239 62
159 10
200 85
198 100
240 32
160 40
199 10
241 71
161 55
202 35
242 25
162 90
203 66
201 92
243 84
163 96
204 32
202 61
244 47
164 86
205 54
203 46
245 67
165 43
206 46
204 50
246 51
166 93
207 30
205 77
247 21
167 50
208 43
206 53
248 35
168 15
209 46
207 30
249 30
169 94
210 47
208 69
250 52
170 87
211 19
209 34
251 53
171 17
212 89
210 10
252 100
172 15
213 58
211 12
253 96
173 20
214 27
212 91
254 37
174 51
215 90
213 51
255 18
175 90
216 99
214 91
256 61
176 92
217 96
215 40
257 13
177 83
218 64
216 13
258 25
178 75
219 90
217 32
259 26
179 78
220 64
218 44
260 41
180 43
221 17
219 64
261 43
181 71
222 59
220 62
262 61
182 48
223 89
221 35
263 45
183 49
224 42
222 23
264 69
184 46
225 62
223 86
265 54
185 12
226 89
224 23
266 66
186 96
227 28
225 59
267 35
187 39
228 98
226 14
268 30
188 83
229 78
227 66
269 98
189 36
230 27
228 26
270 49
190 44
231 30
229 48
271 85
191 26
232 74
230 95
272 26
192 89
233 62
231 88
273 72
193 28
234 91
232 40
274 69
194 77
235 50
233 24
275 88
195 93
236 62
234 20
276 44
196 21
237 45
235 60
277 27
197 48
238 81
236 34
278 68
198 100
239 96
237 99
279 92
199 17
240 75
238 94
280 70
200 62
239 88
281 100
201 99
242 64
282 64
202 56
243 34
241 36
283 77
203 96
244 52
242 38
284 43
204 100
245 52
243 67
285 94
205 72
246 14
244 47
286 15
206 82
247 33
245 66
287 54
207 70
248 79
246 91
288 21
208 22
249 75
247 95
289 35
209 32
250 82
248 82
290 28
210 35
251 39
249 63
291 43
211 39
252 84
250 51
292 35
212 32
253 36
251 86
293 29
213 100
254 10
252 55
294 63
214 52
255 92
253 19
295 62
215 36
256 70
254 87
296 26
216 39
257 16
255 79
297 47
217 33
258 24
256 44
298 76
218 75
259 59
257 33
299 22
219 54
260 93
258 15
300 82
220 43
261 32
259 86
301 49
221 69
262 79
260 94
302 10
222 74
263 22
261 92
303 68
223 64
264 58
262 59
304 96
224 72
265 20
263 23
305 88
225 40
266 27
264 51
306 100
226 95
267 12
265 82
307 96
227 29
268 54
266 64
308 10
228 71
269 46
267 31
309 70
229 45
270 83
268 17
310 14
230 31
271 83
269 69
311 42
231 52
272 77
270 96
312 60
232 14
273 18
271 81
313 64
233 66
274 80
272 39
314 46
234 97
275 20
273 45
315 96
235 26
276 80
274 43
316 25
236 30
277 11
275 53
317 63
237 60
278 58
276 76
318 62
238 50
279 24
277 61
319 56
239 55
280 56
278 74
320 56
240 86
279 54
321 22
241 30
282 62
322 77
242 81
283 17
281 57
323 40
243 52
284 53
282 84
324 48
244 33
285 32
283 50
325 96
245 46
286 43
284 18
326 26
246 56
287 30
285 50
327 81
247 89
288 99
286 16
328 91
248 19
289 75
287 67
329 95
249 23
290 36
288 98
330 18
250 28
291 76
289 14
331 48
251 59
292 10
290 91
332 11
252 71
293 64
291 83
333 69
253 12
294 26
292 21
334 79
254 62
295 89
293 96
335 75
255 27
296 50
294 52
336 26
256 90
297 78
295 97
337 54
257 50
298 37
296 71
338 47
258 10
299 39
297 41
339 14
259 72
300 73
298 85
340 78
260 74
301 92
299 25
341 54
261 43
302 35
300 24
342 17
262 24
303 33
301 41
343 66
263 65
304 17
302 23
344 33
264 94
305 22
303 72
345 14
265 86
306 42
304 81
346 22
266 50
307 52
305 42
347 91
267 70
308 81
306 26
348 43
268 60
309 64
307 18
349 62
269 12
310 67
308 59
350 81
270 41
311 11
309 47
351 90
271 75
312 36
310 74
352 79
272 79
313 13
311 65
353 24
273 53
314 77
312 57
354 69
274 92
315 32
313 91
355 16
275 95
316 22
314 91
356 29
276 30
317 13
315 95
357 14
277 21
318 74
316 76
358 34
278 15
319 74
317 41
359 64
279 61
320 62
318 30
360 48
280 50
319 44
361 65
281 56
322 64
362 93
282 70
323 65
321 94
363 96
283 19
324 71
322 31
364 16
284 59
325 47
323 18
365 33
285 10
326 57
324 73
366 96
286 47
327 18
325 17
367 78
287 74
328 46
326 83
368 48
288 36
329 87
327 88
369 15
289 80
330 13
328 46
370 45
290 79
331 85
329 12
371 95
291 96
332 52
330 18
372 40
292 67
333 22
331 28
373 77
293 39
334 34
332 22
374 56
294 50
335 59
333 87
375 64
295 47
336 27
334 47
376 49
296 74
337 42
335 80
377 73
297 47
338 43
336 69
378 52
298 12
339 84
337 21
379 66
299 23
340 93
338 16
380 40
300 56
341 82
339 93
381 14
301 12
342 82
340 50
382 28
302 37
343 39
341 77
383 41
303 35
344 41
342 88
384 33
304 68
345 100
343 68
385 43
305 59
346 31
344 52
386 17
306 82
347 38
345 54
387 54
307 83
348 14
346 61
388 43
308 100
349 64
347 72
389 20
309 56
350 20
348 87
390 99
310 33
351 20
349 67
391 98
311 97
352 100
350 87
392 40
312 28
353 18
351 98
393 95
313 18
354 96
352 19
394 15
314 60
355 16
353 65
395 83
315 59
356 87
354 90
396 42
316 64
357 33
355 25
397 21
317 16
358 18
356 73
398 86
318 97
359 86
357 72
399 74
319 16
360 36
358 97
400 64
320 37
359 52
321 59
362 66
322 83
363 27
361 12
323 50
364 89
362 87
324 89
365 63
363 13
325 41
366 45
364 46
326 87
367 40
365 44
327 83
368 86
366 52
328 30
369 50
367 60
329 52
370 28
368 68
330 88
371 42
369 44
331 12
372 28
370 76
332 40
373 92
371 26
333 42
374 20
372 85
334 71
375 61
373 77
335 53
376 71
374 83
336 86
377 66
375 21
337 19
378 33
376 68
338 16
379 63
377 40
339 61
380 33
378 41
340 11
381 61
379 57
341 57
382 44
380 63
342 71
383 19
381 38
343 34
384 17
382 54
344 54
385 75
383 77
345 48
386 35
384 48
346 90
387 21
385 89
347 57
388 87
386 27
348 53
389 10
387 20
349 100
390 92
388 24
350 33
391 46
389 97
351 98
392 39
390 69
352 56
393 59
391 70
353 11
394 53
392 85
354 59
395 73
393 94
355 50
396 38
394 10
356 55
397 50
395 38
357 24
398 90
396 77
358 31
399 35
397 12
359 61
400 22
398 79
360 88
399 36
27
233
2 250 27 
4 186 261 275 164 
3 393 76 374 
1 348 
1 64 
2 171 344 
2 355 274 
2 278 226 
1 181 
3 86 154 31 
2 304 155 
3 346 213 271 
1 88 
3 364 309 83 
1 25 
5 187 282 340 139 207 
2 276 49 
3 298 260 391 
1 264 
1 70 
1 384 
1 176 
4 52 302 100 93 
2 199 107 
2 307 227 
1 357 
1 354 
2 383 108 
1 315 
2 48 311 
1 72 
2 60 127 
2 341 9 
2 21 331 
3 37 90 400 
2 365 289 
2 251 34 
1 135 
1 329 
2 18 386 
3 158 306 138 
3 396 234 119 
2 316 204 
2 212 362 
1 379 
1 104 
2 381 211 
1 15 
1 220 
1 157 
2 58 356 
1 368 
2 203 325 
2 372 14 
2 150 312 
2 30 370 
1 236 
1 198 
2 300 263 
1 132 
1 172 
1 35 
2 38 334 
3 137 322 202 
1 333 
4 153 389 332 361 
1 91 
1 62 
3 303 66 149 
1 313 
2 259 80 
1 55 
1 283 
1 122 
4 50 168 367 240 
2 382 233 
