144 528 10 100 27
2
3
3
3
3
3
3
3
3
3
3
2
3
4
4
4
4
4
4
4
4
4
4
3
3
4
4
4
4
4
4
4
4
4
4
3
3
4
4
4
4
4
4
4
4
4
4
3
3
4
4
4
4
4
4
4
4
4
4
3
3
4
4
4
4
4
4
4
4
4
4
3
3
4
4
4
4
4
4
4
4
4
4
3
3
4
4
4
4
4
4
4
4
4
4
3
3
4
4
4
4
4
4
4
4
4
4
3
3
4
4
4
4
4
4
4
4
4
4
3
3
4
4
4
4
4
4
4
4
4
4
3
2
3
3
3
3
3
3
3
3
3
3
2
13 71
2 29
14 28
3 47
1 11
15 33
4 17
2 73
16 63
5 90
3 44
17 34
6 75
4 13
18 11
7 47
5 99
19 69
8 49
6 87
20 55
9 56
7 48
21 26
10 36
8 18
22 26
11 17
9 36
23 44
12 93
10 60
24 15
11 10
25 58
1 39
14 95
26 82
2 95
15 77
13 84
27 65
3 45
16 36
14 20
28 54
4 76
17 73
15 17
29 64
5 23
18 60
16 20
30 89
6 22
19 27
17 82
31 32
7 13
20 25
18 32
32 30
8 36
21 37
19 13
33 20
9 26
22 55
20 28
34 23
10 47
23 21
21 98
35 48
11 39
24 12
22 88
36 89
12 62
23 59
37 26
13 87
26 22
38 81
14 76
27 22
25 70
39 44
15 29
28 74
26 57
40 50
16 10
29 14
27 99
41 58
17 60
30 52
28 99
42 12
18 17
31 67
29 24
43 72
19 38
32 73
30 26
44 70
20 74
33 50
31 90
45 81
21 96
34 28
32 72
46 56
22 25
35 38
33 89
47 89
23 54
36 62
34 16
48 39
24 38
35 57
49 85
25 29
38 16
50 19
26 81
39 69
37 97
51 52
27 81
40 67
38 49
52 62
28 21
41 10
39 76
53 84
29 37
42 44
40 24
54 17
30 29
43 18
41 56
55 51
31 94
44 36
42 21
56 46
32 77
45 32
43 48
57 45
33 50
46 40
44 10
58 83
34 29
47 24
45 58
59 87
35 87
48 12
46 60
60 14
36 59
47 52
61 74
37 61
50 40
62 36
38 44
51 60
49 18
63 84
39 95
52 48
50 23
64 78
40 97
53 79
51 68
65 88
41 26
54 70
52 75
66 28
42 100
55 93
53 78
67 38
43 98
56 85
54 40
68 44
44 36
57 19
55 50
69 69
45 82
58 28
56 11
70 61
46 28
59 72
57 34
71 92
47 71
60 65
58 40
72 78
48 65
59 44
73 63
49 57
62 27
74 93
50 17
63 44
61 60
75 54
51 28
64 59
62 72
76 47
52 67
65 85
63 15
77 43
53 50
66 92
64 48
78 63
54 34
67 94
65 98
79 78
55 57
68 24
66 58
80 97
56 95
69 27
67 58
81 79
57 21
70 72
68 63
82 10
58 11
71 55
69 34
83 60
59 100
72 37
70 70
84 71
60 34
71 78
85 87
61 18
74 66
86 93
62 38
75 99
73 26
87 66
63 66
76 54
74 72
88 17
64 91
77 56
75 82
89 25
65 63
78 61
76 77
90 89
66 52
79 68
77 55
91 24
67 66
80 36
78 58
92 49
68 64
81 29
79 10
93 70
69 99
82 81
80 52
94 77
70 16
83 34
81 77
95 88
71 80
84 11
82 41
96 34
72 79
83 85
97 19
73 31
86 95
98 58
74 50
87 51
85 22
99 10
75 100
88 60
86 98
100 44
76 71
89 87
87 77
101 56
77 58
90 71
88 84
102 72
78 57
91 78
89 41
103 91
79 96
92 77
90 62
104 17
80 39
93 23
91 70
105 67
81 99
94 61
92 86
106 23
82 95
95 95
93 99
107 81
83 90
96 79
94 65
108 39
84 64
95 99
109 41
85 18
98 98
110 62
86 86
99 80
97 69
111 68
87 34
100 16
98 32
112 80
88 56
101 65
99 90
113 76
89 10
102 63
100 38
114 80
90 80
103 76
101 98
115 15
91 70
104 68
102 73
116 75
92 26
105 95
103 35
117 54
93 45
106 87
104 68
118 88
94 43
107 88
105 79
119 44
95 23
108 23
106 97
120 79
96 56
107 11
121 33
97 23
110 97
122 86
98 33
111 78
109 86
123 80
99 88
112 27
110 65
124 15
100 12
113 83
111 64
125 33
101 77
114 21
112 12
126 36
102 57
115 65
113 15
127 72
103 21
116 30
114 43
128 94
104 55
117 21
115 31
129 63
105 40
118 70
116 81
130 39
106 22
119 18
117 22
131 67
107 44
120 65
118 76
132 50
108 31
119 63
133 58
109 85
122 41
134 30
110 20
123 21
121 63
135 97
111 70
124 16
122 96
136 67
112 51
125 45
123 40
137 52
113 93
126 42
124 28
138 80
114 55
127 27
125 43
139 61
115 85
128 65
126 31
140 11
116 100
129 14
127 28
141 33
117 69
130 69
128 26
142 54
118 100
131 80
129 15
143 62
119 78
132 87
130 22
144 71
120 100
131 69
121 55
134 10
122 61
135 17
133 57
123 60
136 19
134 16
124 41
137 21
135 16
125 67
138 19
136 63
126 57
139 63
137 81
127 71
140 99
138 55
128 83
141 32
139 41
129 38
142 80
140 97
130 41
143 34
141 11
131 61
144 28
142 41
132 34
143 62
110
133
2 11 110 
1 143 
2 94 104 
2 74 121 
1 3 
2 117 86 
1 135 
1 5 
1 125 
2 101 88 
1 55 
1 2 
1 67 
3 87 84 115 
1 112 
3 9 100 30 
3 1 62 79 
2 138 26 
3 50 37 60 
2 34 21 
2 123 27 
3 38 122 106 
2 97 31 
2 48 25 
4 82 109 90 35 
1 16 
1 133 
