144 528 10 100 27
2
3
3
3
3
3
3
3
3
3
3
2
3
4
4
4
4
4
4
4
4
4
4
3
3
4
4
4
4
4
4
4
4
4
4
3
3
4
4
4
4
4
4
4
4
4
4
3
3
4
4
4
4
4
4
4
4
4
4
3
3
4
4
4
4
4
4
4
4
4
4
3
3
4
4
4
4
4
4
4
4
4
4
3
3
4
4
4
4
4
4
4
4
4
4
3
3
4
4
4
4
4
4
4
4
4
4
3
3
4
4
4
4
4
4
4
4
4
4
3
3
4
4
4
4
4
4
4
4
4
4
3
2
3
3
3
3
3
3
3
3
3
3
2
13 14
2 29
14 48
3 11
1 52
15 16
4 73
2 38
16 89
5 66
3 52
17 77
6 44
4 74
18 39
7 15
5 78
19 72
8 100
6 85
20 18
9 16
7 54
21 95
10 25
8 82
22 100
11 75
9 17
23 81
12 68
10 77
24 44
11 52
25 37
1 39
14 13
26 48
2 25
15 91
13 73
27 95
3 91
16 83
14 90
28 26
4 23
17 52
15 49
29 70
5 89
18 98
16 26
30 17
6 52
19 19
17 29
31 50
7 89
20 36
18 97
32 23
8 71
21 30
19 25
33 63
9 89
22 77
20 80
34 11
10 88
23 51
21 19
35 57
11 27
24 56
22 40
36 36
12 84
23 28
37 30
13 16
26 59
38 90
14 53
27 17
25 73
39 56
15 34
28 41
26 67
40 40
16 33
29 42
27 28
41 62
17 47
30 13
28 18
42 17
18 67
31 94
29 76
43 12
19 99
32 61
30 72
44 34
20 65
33 91
31 69
45 82
21 82
34 80
32 14
46 57
22 61
35 43
33 33
47 34
23 39
36 95
34 51
48 53
24 20
35 27
49 36
25 40
38 90
50 21
26 83
39 16
37 56
51 39
27 48
40 20
38 49
52 73
28 91
41 57
39 42
53 42
29 34
42 16
40 54
54 69
30 71
43 72
41 98
55 80
31 70
44 76
42 80
56 49
32 88
45 92
43 67
57 59
33 84
46 92
44 66
58 25
34 29
47 75
45 96
59 79
35 81
48 23
46 60
60 48
36 17
47 90
61 39
37 51
50 41
62 90
38 57
51 33
49 19
63 16
39 72
52 95
50 89
64 60
40 35
53 82
51 81
65 27
41 70
54 59
52 90
66 51
42 65
55 68
53 12
67 32
43 58
56 39
54 20
68 13
44 49
57 41
55 83
69 59
45 50
58 14
56 28
70 86
46 23
59 12
57 85
71 22
47 45
60 26
58 50
72 28
48 54
59 93
73 97
49 20
62 46
74 58
50 75
63 46
61 41
75 17
51 48
64 71
62 67
76 34
52 50
65 56
63 40
77 63
53 69
66 65
64 71
78 82
54 97
67 52
65 50
79 96
55 93
68 17
66 20
80 50
56 88
69 52
67 41
81 41
57 40
70 43
68 48
82 29
58 75
71 66
69 81
83 11
59 28
72 42
70 18
84 68
60 92
71 23
85 39
61 99
74 60
86 70
62 23
75 62
73 81
87 60
63 31
76 10
74 29
88 20
64 77
77 69
75 84
89 33
65 47
78 67
76 92
90 40
66 52
79 67
77 73
91 81
67 94
80 77
78 58
92 17
68 80
81 45
79 97
93 65
69 15
82 98
80 29
94 12
70 93
83 77
81 59
95 17
71 29
84 65
82 46
96 89
72 75
83 49
97 60
73 88
86 39
98 90
74 68
87 12
85 23
99 90
75 14
88 79
86 45
100 27
76 26
89 24
87 15
101 96
77 28
90 24
88 96
102 41
78 56
91 99
89 87
103 95
79 14
92 30
90 31
104 83
80 36
93 61
91 85
105 23
81 93
94 12
92 79
106 77
82 48
95 51
93 16
107 88
83 35
96 87
94 30
108 72
84 69
95 20
109 13
85 50
98 22
110 81
86 82
99 67
97 10
111 72
87 53
100 68
98 96
112 25
88 35
101 80
99 71
113 98
89 14
102 100
100 24
114 69
90 36
103 44
101 24
115 93
91 42
104 91
102 24
116 69
92 18
105 30
103 13
117 39
93 83
106 68
104 99
118 72
94 97
107 51
105 72
119 23
95 45
108 52
106 53
120 67
96 90
107 94
121 93
97 23
110 18
122 13
98 82
111 24
109 61
123 49
99 66
112 59
110 68
124 86
100 54
113 84
111 85
125 60
101 59
114 66
112 29
126 82
102 60
115 84
113 25
127 60
103 52
116 69
114 27
128 55
104 76
117 32
115 61
129 42
105 63
118 28
116 17
130 22
106 53
119 52
117 83
131 99
107 84
120 62
118 69
132 44
108 70
119 16
133 92
109 59
122 48
134 22
110 95
123 65
121 47
135 71
111 91
124 83
122 27
136 33
112 73
125 43
123 22
137 46
113 23
126 97
124 81
138 18
114 34
127 83
125 65
139 59
115 48
128 93
126 28
140 65
116 11
129 91
127 50
141 39
117 70
130 85
128 52
142 69
118 43
131 32
129 11
143 66
119 75
132 15
130 32
144 14
120 71
131 81
121 11
134 44
122 32
135 30
133 78
123 72
136 21
134 42
124 75
137 18
135 94
125 88
138 17
136 96
126 13
139 74
137 79
127 27
140 43
138 88
128 42
141 84
139 16
129 36
142 30
140 63
130 62
143 21
141 49
131 26
144 69
142 98
132 45
143 43
101
55
1 101 
2 83 89 
3 37 38 115 
1 32 
2 92 10 
2 96 72 
1 122 
4 144 114 27 53 
1 13 
1 138 
4 85 59 80 54 
1 124 
1 29 
1 110 
2 116 36 
4 95 3 61 6 
4 64 34 26 121 
2 24 107 
3 52 62 141 
1 87 
1 108 
1 91 
1 98 
2 11 60 
2 97 79 
1 128 
1 55 
