625 2400 10 100 118
2
3
3
3
3
3
3
3
3
3
3
3
3
3
3
3
3
3
3
3
3
3
3
3
2
3
4
4
4
4
4
4
4
4
4
4
4
4
4
4
4
4
4
4
4
4
4
4
4
3
3
4
4
4
4
4
4
4
4
4
4
4
4
4
4
4
4
4
4
4
4
4
4
4
3
3
4
4
4
4
4
4
4
4
4
4
4
4
4
4
4
4
4
4
4
4
4
4
4
3
3
4
4
4
4
4
4
4
4
4
4
4
4
4
4
4
4
4
4
4
4
4
4
4
3
3
4
4
4
4
4
4
4
4
4
4
4
4
4
4
4
4
4
4
4
4
4
4
4
3
3
4
4
4
4
4
4
4
4
4
4
4
4
4
4
4
4
4
4
4
4
4
4
4
3
3
4
4
4
4
4
4
4
4
4
4
4
4
4
4
4
4
4
4
4
4
4
4
4
3
3
4
4
4
4
4
4
4
4
4
4
4
4
4
4
4
4
4
4
4
4
4
4
4
3
3
4
4
4
4
4
4
4
4
4
4
4
4
4
4
4
4
4
4
4
4
4
4
4
3
3
4
4
4
4
4
4
4
4
4
4
4
4
4
4
4
4
4
4
4
4
4
4
4
3
3
4
4
4
4
4
4
4
4
4
4
4
4
4
4
4
4
4
4
4
4
4
4
4
3
3
4
4
4
4
4
4
4
4
4
4
4
4
4
4
4
4
4
4
4
4
4
4
4
3
3
4
4
4
4
4
4
4
4
4
4
4
4
4
4
4
4
4
4
4
4
4
4
4
3
3
4
4
4
4
4
4
4
4
4
4
4
4
4
4
4
4
4
4
4
4
4
4
4
3
3
4
4
4
4
4
4
4
4
4
4
4
4
4
4
4
4
4
4
4
4
4
4
4
3
3
4
4
4
4
4
4
4
4
4
4
4
4
4
4
4
4
4
4
4
4
4
4
4
3
3
4
4
4
4
4
4
4
4
4
4
4
4
4
4
4
4
4
4
4
4
4
4
4
3
3
4
4
4
4
4
4
4
4
4
4
4
4
4
4
4
4
4
4
4
4
4
4
4
3
3
4
4
4
4
4
4
4
4
4
4
4
4
4
4
4
4
4
4
4
4
4
4
4
3
3
4
4
4
4
4
4
4
4
4
4
4
4
4
4
4
4
4
4
4
4
4
4
4
3
3
4
4
4
4
4
4
4
4
4
4
4
4
4
4
4
4
4
4
4
4
4
4
4
3
3
4
4
4
4
4
4
4
4
4
4
4
4
4
4
4
4
4
4
4
4
4
4
4
3
3
4
4
4
4
4
4
4
4
4
4
4
4
4
4
4
4
4
4
4
4
4
4
4
3
2
3
3
3
3
3
3
3
3
3
3
3
3
3
3
3
3
3
3
3
3
3
3
3
2
26 99
2 29
27 63
3 21
1 18
28 78
4 42
2 54
29 40
5 60
3 86
30 22
6 98
4 36
31 39
7 76
5 50
32 75
8 65
6 29
33 62
9 22
7 25
34 71
10 63
8 45
35 27
11 45
9 31
36 74
12 100
10 17
37 61
13 84
11 28
38 24
14 84
12 37
39 63
15 69
13 48
40 43
16 81
14 56
41 32
17 26
15 28
42 36
18 42
16 51
43 34
19 11
17 93
44 27
20 89
18 76
45 53
21 61
19 92
46 91
22 46
20 47
47 14
23 97
21 99
48 40
24 62
22 35
49 91
25 75
23 23
50 47
24 39
51 22
1 92
27 83
52 90
2 61
28 72
26 94
53 20
3 28
29 82
27 68
54 48
4 38
30 20
28 30
55 30
5 87
31 36
29 11
56 53
6 30
32 17
30 64
57 71
7 40
33 88
31 34
58 36
8 73
34 73
32 41
59 82
9 80
35 70
33 86
60 22
10 64
36 29
34 16
61 94
11 98
37 12
35 39
62 83
12 43
38 21
36 93
63 25
13 82
39 15
37 14
64 92
14 23
40 70
38 79
65 42
15 79
41 56
39 33
66 23
16 20
42 97
40 80
67 43
17 40
43 51
41 13
68 80
18 77
44 30
42 22
69 49
19 38
45 17
43 75
70 30
20 66
46 89
44 23
71 50
21 81
47 40
45 45
72 11
22 72
48 93
46 89
73 87
23 28
49 97
47 10
74 75
24 40
50 66
48 14
75 29
25 57
49 82
76 88
26 22
52 81
77 83
27 70
53 12
51 88
78 19
28 74
54 16
52 48
79 62
29 63
55 18
53 24
80 99
30 50
56 21
54 79
81 100
31 90
57 16
55 33
82 76
32 73
58 89
56 19
83 66
33 15
59 56
57 90
84 88
34 15
60 54
58 38
85 36
35 100
61 25
59 50
86 67
36 97
62 74
60 25
87 38
37 26
63 92
61 94
88 67
38 72
64 36
62 15
89 76
39 17
65 22
63 65
90 67
40 98
66 10
64 67
91 48
41 50
67 21
65 66
92 63
42 18
68 31
66 63
93 43
43 27
69 18
67 50
94 90
44 41
70 61
68 27
95 17
45 12
71 36
69 47
96 23
46 99
72 100
70 98
97 100
47 50
73 46
71 79
98 87
48 98
74 49
72 84
99 68
49 29
75 78
73 83
100 26
50 79
74 55
101 39
51 96
77 46
102 74
52 100
78 30
76 22
103 15
53 50
79 11
77 56
104 31
54 67
80 12
78 38
105 98
55 96
81 22
79 66
106 36
56 50
82 74
80 49
107 34
57 66
83 61
81 76
108 38
58 97
84 28
82 47
109 74
59 46
85 20
83 21
110 19
60 77
86 96
84 53
111 33
61 26
87 59
85 93
112 15
62 95
88 78
86 34
113 49
63 17
89 57
87 70
114 97
64 52
90 69
88 98
115 39
65 43
91 36
89 81
116 23
66 56
92 34
90 52
117 79
67 18
93 28
91 48
118 67
68 58
94 36
92 74
119 91
69 61
95 67
93 15
120 53
70 29
96 96
94 75
121 25
71 37
97 12
95 82
122 57
72 100
98 98
96 52
123 96
73 33
99 91
97 40
124 70
74 73
100 68
98 33
125 31
75 91
99 19
126 19
76 45
102 69
127 42
77 27
103 61
101 13
128 80
78 11
104 54
102 76
129 15
79 62
105 90
103 62
130 93
80 70
106 94
104 15
131 80
81 72
107 36
105 72
132 90
82 44
108 86
106 94
133 40
83 41
109 43
107 10
134 58
84 78
110 90
108 51
135 94
85 84
111 26
109 52
136 17
86 57
112 14
110 19
137 39
87 16
113 63
111 71
138 94
88 44
114 54
112 21
139 19
89 79
115 47
113 81
140 37
90 40
116 22
114 50
141 40
91 35
117 90
115 92
142 38
92 76
118 16
116 54
143 64
93 67
119 75
117 93
144 17
94 19
120 96
118 49
145 89
95 59
121 21
119 96
146 50
96 89
122 82
120 10
147 33
97 39
123 91
121 30
148 87
98 23
124 22
122 33
149 49
99 75
125 61
123 94
150 95
100 16
124 58
151 73
101 20
127 72
152 26
102 42
128 76
126 62
153 12
103 82
129 57
127 90
154 89
104 97
130 19
128 63
155 93
105 33
131 74
129 10
156 14
106 63
132 18
130 35
157 70
107 11
133 25
131 80
158 88
108 51
134 78
132 47
159 31
109 38
135 52
133 48
160 10
110 36
136 40
134 28
161 60
111 10
137 37
135 24
162 36
112 82
138 59
136 60
163 19
113 91
139 40
137 10
164 91
114 52
140 73
138 93
165 46
115 15
141 73
139 50
166 78
116 57
142 93
140 70
167 59
117 87
143 59
141 18
168 44
118 62
144 25
142 33
169 27
119 87
145 30
143 23
170 84
120 84
146 58
144 60
171 83
121 73
147 84
145 38
172 58
122 69
148 85
146 19
173 16
123 66
149 70
147 58
174 66
124 63
150 19
148 63
175 92
125 84
149 81
176 10
126 28
152 39
177 69
127 68
153 100
151 65
178 62
128 34
154 73
152 67
179 74
129 93
155 88
153 47
180 56
130 79
156 15
154 36
181 59
131 10
157 100
155 19
182 98
132 58
158 43
156 57
183 93
133 43
159 58
157 13
184 66
134 63
160 75
158 35
185 92
135 78
161 60
159 79
186 48
136 21
162 57
160 95
187 17
137 100
163 58
161 70
188 76
138 42
164 37
162 67
189 53
139 47
165 53
163 19
190 99
140 99
166 44
164 88
191 87
141 66
167 14
165 69
192 57
142 63
168 86
166 19
193 70
143 77
169 88
167 47
194 24
144 65
170 77
168 100
195 34
145 99
171 54
169 30
196 24
146 22
172 24
170 66
197 45
147 71
173 73
171 49
198 94
148 10
174 21
172 66
199 41
149 16
175 100
173 75
200 72
150 92
174 85
201 60
151 15
177 89
202 21
152 58
178 57
176 11
203 90
153 24
179 79
177 64
204 84
154 29
180 99
178 28
205 88
155 39
181 80
179 87
206 84
156 72
182 88
180 61
207 89
157 87
183 28
181 47
208 34
158 13
184 81
182 77
209 57
159 56
185 62
183 70
210 65
160 11
186 91
184 60
211 73
161 58
187 24
185 24
212 27
162 73
188 33
186 34
213 76
163 32
189 92
187 96
214 54
164 78
190 43
188 47
215 87
165 87
191 100
189 62
216 50
166 60
192 91
190 81
217 19
167 94
193 21
191 86
218 99
168 50
194 40
192 58
219 88
169 67
195 63
193 17
220 79
170 20
196 33
194 43
221 33
171 42
197 73
195 100
222 95
172 10
198 54
196 16
223 74
173 84
199 98
197 78
224 52
174 77
200 82
198 21
225 76
175 86
199 99
226 80
176 44
202 45
227 19
177 80
203 50
201 16
228 27
178 13
204 41
202 78
229 31
179 79
205 94
203 37
230 66
180 92
206 38
204 71
231 35
181 89
207 54
205 59
232 62
182 13
208 36
206 86
233 68
183 61
209 31
207 84
234 86
184 64
210 15
208 18
235 79
185 34
211 45
209 64
236 44
186 92
212 81
210 19
237 44
187 79
213 97
211 84
238 45
188 61
214 14
212 24
239 84
189 68
215 87
213 16
240 37
190 49
216 98
214 75
241 83
191 45
217 58
215 61
242 72
192 48
218 71
216 36
243 25
193 26
219 83
217 47
244 32
194 48
220 82
218 50
245 84
195 63
221 30
219 65
246 82
196 88
222 59
220 72
247 100
197 24
223 77
221 94
248 14
198 63
224 100
222 19
249 28
199 73
225 55
223 86
250 74
200 54
224 35
251 70
201 61
227 74
252 81
202 35
228 76
226 26
253 71
203 51
229 10
227 85
254 63
204 35
230 77
228 15
255 24
205 35
231 53
229 17
256 69
206 37
232 95
230 85
257 75
207 21
233 68
231 11
258 77
208 54
234 34
232 83
259 14
209 25
235 25
233 88
260 34
210 54
236 91
234 18
261 97
211 63
237 93
235 53
262 19
212 99
238 84
236 52
263 87
213 83
239 57
237 69
264 48
214 63
240 84
238 40
265 13
215 70
241 96
239 35
266 17
216 87
242 15
240 62
267 67
217 50
243 88
241 73
268 79
218 62
244 94
242 62
269 50
219 63
245 32
243 89
270 89
220 39
246 94
244 70
271 16
221 27
247 50
245 70
272 97
222 43
248 70
246 19
273 53
223 85
249 82
247 20
274 13
224 34
250 22
248 61
275 82
225 58
249 45
276 59
226 72
252 45
277 25
227 51
253 67
251 11
278 14
228 76
254 38
252 60
279 46
229 91
255 57
253 35
280 58
230 78
256 77
254 73
281 56
231 48
257 82
255 58
282 45
232 74
258 99
256 33
283 26
233 93
259 67
257 15
284 47
234 31
260 98
258 77
285 81
235 85
261 45
259 19
286 92
236 81
262 38
260 48
287 90
237 73
263 89
261 23
288 74
238 62
264 97
262 42
289 29
239 75
265 11
263 40
290 55
240 76
266 66
264 50
291 12
241 59
267 79
265 94
292 65
242 50
268 17
266 73
293 21
243 16
269 44
267 35
294 52
244 67
270 47
268 46
295 28
245 11
271 59
269 67
296 53
246 69
272 24
270 49
297 30
247 14
273 18
271 71
298 60
248 78
274 53
272 90
299 42
249 59
275 46
273 75
300 44
250 34
274 98
301 90
251 71
277 46
302 37
252 56
278 53
276 61
303 22
253 75
279 70
277 83
304 89
254 83
280 30
278 62
305 28
255 80
281 61
279 64
306 95
256 71
282 49
280 19
307 10
257 51
283 99
281 32
308 45
258 65
284 67
282 32
309 71
259 14
285 31
283 65
310 34
260 36
286 49
284 55
311 91
261 41
287 52
285 81
312 74
262 55
288 98
286 59
313 15
263 23
289 17
287 41
314 29
264 92
290 59
288 35
315 33
265 25
291 64
289 42
316 46
266 26
292 80
290 74
317 42
267 46
293 52
291 93
318 98
268 10
294 89
292 73
319 27
269 99
295 47
293 26
320 84
270 98
296 65
294 32
321 15
271 22
297 63
295 30
322 35
272 18
298 50
296 58
323 19
273 80
299 17
297 84
324 45
274 82
300 28
298 39
325 81
275 40
299 63
326 92
276 53
302 14
327 35
277 48
303 85
301 36
328 20
278 92
304 57
302 40
329 72
279 70
305 48
303 85
330 36
280 14
306 11
304 65
331 95
281 77
307 91
305 79
332 81
282 25
308 78
306 56
333 84
283 83
309 90
307 40
334 62
284 11
310 33
308 69
335 36
285 74
311 89
309 33
336 79
286 96
312 36
310 87
337 73
287 42
313 44
311 27
338 100
288 57
314 52
312 27
339 72
289 45
315 25
313 48
340 26
290 43
316 85
314 19
341 77
291 54
317 55
315 23
342 20
292 23
318 48
316 96
343 19
293 42
319 68
317 32
344 96
294 99
320 79
318 80
345 79
295 18
321 10
319 19
346 99
296 68
322 49
320 83
347 93
297 44
323 46
321 13
348 67
298 29
324 20
322 95
349 48
299 26
325 32
323 36
350 38
300 70
324 35
351 14
301 24
327 12
352 11
302 35
328 41
326 85
353 75
303 58
329 28
327 51
354 43
304 59
330 74
328 19
355 74
305 36
331 30
329 18
356 49
306 82
332 22
330 89
357 53
307 83
333 87
331 92
358 92
308 28
334 93
332 33
359 100
309 78
335 13
333 97
360 87
310 63
336 48
334 19
361 89
311 87
337 46
335 36
362 56
312 59
338 56
336 78
363 81
313 46
339 82
337 47
364 59
314 49
340 16
338 11
365 66
315 100
341 16
339 96
366 80
316 29
342 12
340 77
367 17
317 68
343 84
341 42
368 72
318 53
344 22
342 15
369 44
319 24
345 43
343 55
370 62
320 33
346 62
344 91
371 76
321 13
347 76
345 42
372 44
322 53
348 37
346 24
373 38
323 78
349 23
347 85
374 99
324 26
350 30
348 29
375 40
325 21
349 83
376 21
326 36
352 19
377 68
327 72
353 83
351 76
378 47
328 52
354 98
352 54
379 81
329 69
355 51
353 46
380 18
330 70
356 41
354 66
381 28
331 38
357 39
355 88
382 96
332 84
358 53
356 61
383 45
333 38
359 40
357 53
384 43
334 31
360 80
358 37
385 42
335 35
361 64
359 15
386 84
336 69
362 94
360 45
387 84
337 28
363 50
361 50
388 42
338 84
364 100
362 19
389 60
339 90
365 60
363 72
390 86
340 55
366 51
364 38
391 66
341 33
367 22
365 52
392 63
342 52
368 48
366 38
393 10
343 90
369 47
367 57
394 82
344 99
370 45
368 58
395 59
345 70
371 31
369 38
396 48
346 37
372 44
370 84
397 64
347 43
373 19
371 42
398 34
348 40
374 37
372 31
399 91
349 20
375 47
373 99
400 88
350 19
374 59
401 62
351 100
377 60
402 82
352 93
378 70
376 48
403 98
353 26
379 96
377 75
404 68
354 82
380 91
378 76
405 73
355 74
381 21
379 35
406 73
356 91
382 16
380 71
407 39
357 86
383 83
381 37
408 96
358 35
384 23
382 83
409 28
359 81
385 80
383 77
410 52
360 52
386 11
384 68
411 20
361 65
387 29
385 76
412 36
362 20
388 40
386 85
413 25
363 70
389 57
387 87
414 43
364 64
390 69
388 82
415 70
365 29
391 98
389 14
416 68
366 15
392 33
390 52
417 42
367 68
393 37
391 16
418 70
368 13
394 11
392 66
419 39
369 40
395 53
393 33
420 42
370 57
396 70
394 81
421 78
371 42
397 17
395 87
422 59
372 60
398 12
396 40
423 58
373 49
399 30
397 43
424 100
374 22
400 63
398 82
425 47
375 32
399 69
426 56
376 22
402 72
427 24
377 21
403 23
401 11
428 38
378 71
404 99
402 64
429 49
379 63
405 58
403 22
430 76
380 71
406 72
404 19
431 36
381 21
407 12
405 36
432 14
382 64
408 65
406 90
433 18
383 13
409 46
407 67
434 45
384 30
410 23
408 32
435 42
385 44
411 29
409 51
436 17
386 78
412 37
410 83
437 33
387 65
413 33
411 57
438 35
388 62
414 97
412 87
439 98
389 47
415 33
413 66
440 66
390 43
416 78
414 96
441 34
391 59
417 60
415 13
442 41
392 48
418 45
416 52
443 90
393 89
419 89
417 92
444 77
394 47
420 84
418 29
445 64
395 83
421 19
419 66
446 82
396 34
422 44
420 80
447 23
397 40
423 12
421 57
448 57
398 60
424 43
422 35
449 84
399 89
425 27
423 29
450 41
400 97
424 36
451 17
401 46
427 60
452 21
402 61
428 39
426 80
453 79
403 70
429 62
427 19
454 62
404 27
430 29
428 61
455 68
405 25
431 86
429 57
456 72
406 41
432 45
430 41
457 28
407 74
433 68
431 50
458 35
408 19
434 17
432 93
459 27
409 68
435 37
433 27
460 34
410 66
436 16
434 98
461 37
411 17
437 60
435 12
462 24
412 65
438 88
436 97
463 73
413 45
439 15
437 99
464 91
414 45
440 39
438 12
465 45
415 69
441 37
439 26
466 50
416 85
442 68
440 48
467 68
417 70
443 22
441 62
468 16
418 24
444 17
442 48
469 33
419 16
445 74
443 94
470 20
420 42
446 12
444 29
471 97
421 54
447 97
445 52
472 55
422 38
448 44
446 79
473 100
423 38
449 57
447 76
474 35
424 57
450 36
448 47
475 83
425 84
449 63
476 83
426 34
452 100
477 98
427 26
453 53
451 74
478 26
428 54
454 10
452 28
479 39
429 89
455 53
453 53
480 60
430 72
456 53
454 15
481 31
431 63
457 25
455 20
482 89
432 27
458 32
456 21
483 65
433 95
459 40
457 55
484 55
434 41
460 71
458 90
485 71
435 47
461 31
459 63
486 33
436 90
462 84
460 73
487 48
437 74
463 73
461 63
488 74
438 99
464 98
462 20
489 49
439 12
465 99
463 29
490 60
440 64
466 91
464 50
491 55
441 92
467 57
465 11
492 93
442 52
468 54
466 73
493 96
443 68
469 73
467 91
494 44
444 38
470 99
468 11
495 82
445 55
471 62
469 100
496 67
446 88
472 79
470 53
497 89
447 100
473 62
471 52
498 17
448 42
474 14
472 65
499 31
449 58
475 24
473 86
500 11
450 44
474 49
501 16
451 100
477 90
502 72
452 100
478 57
476 26
503 79
453 24
479 59
477 83
504 94
454 30
480 79
478 26
505 27
455 76
481 34
479 51
506 39
456 31
482 90
480 22
507 85
457 27
483 91
481 42
508 79
458 55
484 92
482 62
509 39
459 51
485 76
483 57
510 84
460 91
486 92
484 19
511 30
461 59
487 70
485 58
512 80
462 71
488 36
486 23
513 40
463 85
489 50
487 79
514 56
464 27
490 70
488 43
515 82
465 11
491 33
489 69
516 94
466 63
492 75
490 31
517 80
467 34
493 81
491 14
518 57
468 78
494 41
492 85
519 84
469 54
495 71
493 16
520 33
470 41
496 59
494 81
521 69
471 83
497 83
495 77
522 79
472 65
498 57
496 48
523 85
473 86
499 27
497 58
524 97
474 18
500 84
498 85
525 81
475 30
499 86
526 64
476 64
502 25
527 32
477 83
503 63
501 89
528 72
478 70
504 79
502 89
529 41
479 97
505 98
503 96
530 73
480 99
506 86
504 71
531 56
481 76
507 92
505 15
532 34
482 27
508 48
506 20
533 79
483 43
509 92
507 50
534 28
484 11
510 46
508 15
535 86
485 43
511 66
509 97
536 87
486 18
512 79
510 89
537 18
487 99
513 26
511 46
538 59
488 15
514 58
512 78
539 13
489 14
515 11
513 20
540 87
490 94
516 94
514 88
541 24
491 26
517 10
515 35
542 72
492 83
518 63
516 97
543 10
493 92
519 29
517 74
544 37
494 83
520 83
518 66
545 24
495 75
521 33
519 57
546 12
496 12
522 69
520 40
547 80
497 42
523 29
521 42
548 73
498 91
524 94
522 68
549 82
499 19
525 11
523 65
550 22
500 74
524 75
551 50
501 46
527 15
552 22
502 43
528 33
526 74
553 85
503 14
529 62
527 17
554 35
504 43
530 79
528 30
555 93
505 16
531 18
529 24
556 40
506 50
532 80
530 61
557 43
507 50
533 15
531 55
558 39
508 73
534 25
532 90
559 75
509 19
535 23
533 99
560 69
510 83
536 49
534 60
561 60
511 42
537 89
535 93
562 90
512 84
538 98
536 36
563 12
513 49
539 29
537 24
564 20
514 85
540 96
538 52
565 39
515 86
541 77
539 10
566 69
516 22
542 17
540 73
567 32
517 10
543 40
541 68
568 11
518 21
544 53
542 37
569 61
519 34
545 58
543 49
570 80
520 76
546 64
544 62
571 88
521 22
547 77
545 39
572 54
522 60
548 75
546 59
573 88
523 68
549 15
547 87
574 47
524 92
550 61
548 95
575 57
525 88
549 95
576 25
526 49
552 22
577 14
527 31
553 25
551 53
578 58
528 51
554 44
552 53
579 29
529 89
555 23
553 65
580 87
530 23
556 79
554 23
581 65
531 86
557 63
555 86
582 18
532 98
558 71
556 68
583 98
533 75
559 73
557 88
584 82
534 37
560 91
558 49
585 51
535 57
561 26
559 25
586 38
536 86
562 72
560 25
587 30
537 29
563 92
561 49
588 64
538 67
564 23
562 29
589 67
539 70
565 85
563 52
590 50
540 46
566 79
564 25
591 89
541 35
567 23
565 53
592 23
542 79
568 29
566 30
593 34
543 20
569 14
567 12
594 49
544 13
570 100
568 47
595 20
545 65
571 91
569 15
596 24
546 75
572 78
570 19
597 24
547 68
573 42
571 99
598 50
548 97
574 41
572 31
599 45
549 24
575 35
573 21
600 88
550 63
574 13
601 33
551 99
577 19
602 19
552 40
578 13
576 50
603 87
553 13
579 82
577 66
604 82
554 84
580 16
578 21
605 89
555 31
581 23
579 48
606 99
556 25
582 10
580 21
607 72
557 75
583 77
581 79
608 49
558 64
584 52
582 23
609 31
559 30
585 48
583 15
610 99
560 22
586 13
584 74
611 88
561 29
587 70
585 48
612 16
562 57
588 76
586 98
613 39
563 88
589 93
587 71
614 91
564 81
590 84
588 12
615 11
565 37
591 35
589 86
616 57
566 37
592 63
590 29
617 53
567 43
593 37
591 41
618 67
568 93
594 61
592 73
619 54
569 79
595 79
593 11
620 45
570 30
596 40
594 74
621 79
571 44
597 17
595 34
622 25
572 30
598 17
596 49
623 45
573 24
599 97
597 69
624 83
574 47
600 14
598 87
625 55
575 73
599 51
576 10
602 46
577 13
603 68
601 94
578 24
604 35
602 99
579 23
605 75
603 31
580 12
606 50
604 69
581 55
607 68
605 69
582 60
608 97
606 48
583 53
609 19
607 92
584 94
610 80
608 73
585 60
611 48
609 24
586 35
612 51
610 91
587 25
613 45
611 18
588 54
614 11
612 24
589 56
615 48
613 22
590 67
616 60
614 27
591 89
617 45
615 63
592 75
618 28
616 22
593 47
619 28
617 73
594 76
620 77
618 66
595 38
621 88
619 99
596 55
622 90
620 77
597 90
623 84
621 18
598 81
624 82
622 80
599 83
625 39
623 47
600 78
624 18
418
94
2 347 418 
2 16 424 
1 474 
1 522 
3 49 469 100 
2 166 603 
1 165 
2 161 608 
2 533 345 
3 308 513 468 
1 333 
1 555 
1 392 
2 90 388 
1 272 
3 43 53 543 
1 541 
2 91 461 
1 143 
3 140 577 219 
2 352 343 
1 446 
3 328 525 400 
3 420 273 17 
1 152 
2 85 495 
2 223 580 
2 72 13 
1 425 
1 285 
3 12 443 526 
1 191 
3 574 38 578 
3 79 92 42 
1 181 
2 188 206 
2 442 21 
1 433 
1 410 
2 47 371 
3 99 401 158 
2 598 507 
3 291 39 163 
3 2 175 609 
2 51 381 
1 307 
1 385 
3 599 120 29 
4 604 350 426 139 
4 126 459 505 31 
2 503 114 
2 247 224 
2 368 289 
4 325 81 612 167 
1 475 
2 63 76 
1 236 
1 377 
1 230 
1 9 
2 514 473 
3 615 238 355 
1 33 
3 274 162 378 
2 297 438 
2 409 250 
2 349 254 
1 551 
1 245 
1 170 
2 593 135 
3 562 537 367 
2 304 323 
2 515 431 
2 32 340 
3 455 587 198 
2 207 508 
1 288 
2 58 195 
1 134 
3 524 240 251 
2 44 199 
1 249 
5 478 183 408 386 129 
1 511 
4 186 50 356 419 
2 544 281 
1 3 
1 336 
2 387 561 
2 314 611 
1 450 
2 106 24 
1 95 
2 196 528 
1 208 
2 457 334 
1 423 
1 613 
2 329 490 
3 27 362 583 
2 232 149 
2 530 142 
1 20 
2 221 203 
1 472 
1 396 
1 444 
2 346 173 
1 220 
1 330 
1 234 
2 141 262 
1 292 
2 259 145 
2 125 374 
2 480 600 
1 94 
