600 2276 10 100 114
2
3
3
3
3
3
3
3
3
3
3
3
3
3
3
3
3
3
3
3
3
3
3
3
3
3
3
3
3
3
3
3
3
3
3
3
3
3
3
3
3
3
3
3
3
3
3
3
3
2
3
4
4
4
4
4
4
4
4
4
4
4
4
4
4
4
4
4
4
4
4
4
4
4
4
4
4
4
4
4
4
4
4
4
4
4
4
4
4
4
4
4
4
4
4
4
4
4
4
3
3
4
4
4
4
4
4
4
4
4
4
4
4
4
4
4
4
4
4
4
4
4
4
4
4
4
4
4
4
4
4
4
4
4
4
4
4
4
4
4
4
4
4
4
4
4
4
4
4
3
3
4
4
4
4
4
4
4
4
4
4
4
4
4
4
4
4
4
4
4
4
4
4
4
4
4
4
4
4
4
4
4
4
4
4
4
4
4
4
4
4
4
4
4
4
4
4
4
4
3
3
4
4
4
4
4
4
4
4
4
4
4
4
4
4
4
4
4
4
4
4
4
4
4
4
4
4
4
4
4
4
4
4
4
4
4
4
4
4
4
4
4
4
4
4
4
4
4
4
3
3
4
4
4
4
4
4
4
4
4
4
4
4
4
4
4
4
4
4
4
4
4
4
4
4
4
4
4
4
4
4
4
4
4
4
4
4
4
4
4
4
4
4
4
4
4
4
4
4
3
3
4
4
4
4
4
4
4
4
4
4
4
4
4
4
4
4
4
4
4
4
4
4
4
4
4
4
4
4
4
4
4
4
4
4
4
4
4
4
4
4
4
4
4
4
4
4
4
4
3
3
4
4
4
4
4
4
4
4
4
4
4
4
4
4
4
4
4
4
4
4
4
4
4
4
4
4
4
4
4
4
4
4
4
4
4
4
4
4
4
4
4
4
4
4
4
4
4
4
3
3
4
4
4
4
4
4
4
4
4
4
4
4
4
4
4
4
4
4
4
4
4
4
4
4
4
4
4
4
4
4
4
4
4
4
4
4
4
4
4
4
4
4
4
4
4
4
4
4
3
3
4
4
4
4
4
4
4
4
4
4
4
4
4
4
4
4
4
4
4
4
4
4
4
4
4
4
4
4
4
4
4
4
4
4
4
4
4
4
4
4
4
4
4
4
4
4
4
4
3
3
4
4
4
4
4
4
4
4
4
4
4
4
4
4
4
4
4
4
4
4
4
4
4
4
4
4
4
4
4
4
4
4
4
4
4
4
4
4
4
4
4
4
4
4
4
4
4
4
3
2
3
3
3
3
3
3
3
3
3
3
3
3
3
3
3
3
3
3
3
3
3
3
3
3
3
3
3
3
3
3
3
3
3
3
3
3
3
3
3
3
3
3
3
3
3
3
3
3
2
51 45
2 29
52 92
3 25
1 30
53 75
4 68
2 56
54 73
5 84
3 77
55 74
6 85
4 25
56 62
7 59
5 88
57 18
8 88
6 100
58 60
9 24
7 91
59 89
10 79
8 82
60 25
11 28
9 96
61 88
12 59
10 65
62 68
13 12
11 82
63 36
14 56
12 90
64 96
15 32
13 94
65 99
16 45
14 38
66 18
17 55
15 33
67 68
18 68
16 33
68 12
19 80
17 24
69 75
20 52
18 63
70 54
21 91
19 93
71 83
22 33
20 91
72 70
23 30
21 67
73 52
24 52
22 46
74 56
25 41
23 52
75 10
26 75
24 64
76 78
27 39
25 81
77 49
28 10
26 98
78 89
29 85
27 15
79 11
30 36
28 88
80 16
31 49
29 45
81 64
32 45
30 12
82 96
33 64
31 71
83 21
34 24
32 13
84 19
35 42
33 82
85 75
36 96
34 98
86 29
37 64
35 26
87 57
38 83
36 85
88 20
39 16
37 96
89 24
40 72
38 16
90 98
41 81
39 93
91 82
42 85
40 58
92 22
43 67
41 55
93 46
44 97
42 32
94 93
45 67
43 87
95 19
46 42
44 60
96 67
47 36
45 10
97 73
48 98
46 71
98 93
49 78
47 15
99 44
50 58
48 55
100 73
49 76
101 96
1 54
52 16
102 13
2 58
53 27
51 14
103 80
3 69
54 52
52 87
104 21
4 53
55 49
53 25
105 72
5 94
56 45
54 20
106 89
6 67
57 18
55 90
107 26
7 37
58 24
56 50
108 18
8 49
59 98
57 67
109 52
9 54
60 14
58 54
110 66
10 40
61 82
59 11
111 33
11 53
62 51
60 15
112 66
12 88
63 93
61 31
113 20
13 71
64 12
62 50
114 13
14 23
65 10
63 37
115 81
15 12
66 48
64 42
116 71
16 39
67 59
65 74
117 25
17 82
68 35
66 73
118 100
18 14
69 10
67 15
119 36
19 35
70 11
68 28
120 22
20 89
71 55
69 66
121 68
21 97
72 71
70 38
122 99
22 81
73 64
71 58
123 40
23 59
74 25
72 51
124 68
24 82
75 11
73 11
125 11
25 35
76 98
74 11
126 28
26 23
77 72
75 65
127 71
27 97
78 87
76 32
128 38
28 61
79 52
77 15
129 29
29 32
80 91
78 13
130 82
30 92
81 89
79 50
131 51
31 41
82 28
80 38
132 73
32 94
83 96
81 47
133 70
33 14
84 59
82 87
134 41
34 29
85 55
83 46
135 61
35 20
86 98
84 92
136 48
36 33
87 51
85 47
137 72
37 75
88 82
86 81
138 42
38 75
89 90
87 11
139 84
39 63
90 68
88 52
140 52
40 94
91 86
89 92
141 28
41 72
92 38
90 74
142 22
42 94
93 73
91 29
143 43
43 35
94 11
92 99
144 73
44 12
95 93
93 39
145 29
45 77
96 85
94 55
146 42
46 28
97 68
95 74
147 86
47 74
98 29
96 47
148 27
48 83
99 49
97 45
149 53
49 92
100 64
98 81
150 76
50 66
99 66
151 19
51 63
102 36
152 78
52 85
103 67
101 25
153 72
53 36
104 50
102 60
154 56
54 97
105 79
103 74
155 76
55 12
106 41
104 65
156 36
56 30
107 53
105 37
157 49
57 37
108 15
106 48
158 91
58 61
109 87
107 23
159 63
59 49
110 79
108 70
160 83
60 23
111 48
109 71
161 70
61 100
112 88
110 68
162 73
62 98
113 98
111 68
163 88
63 87
114 42
112 77
164 18
64 71
115 77
113 54
165 78
65 43
116 71
114 17
166 11
66 38
117 11
115 84
167 71
67 42
118 62
116 27
168 69
68 53
119 18
117 12
169 26
69 71
120 71
118 16
170 74
70 64
121 31
119 16
171 17
71 39
122 25
120 69
172 82
72 35
123 90
121 49
173 60
73 25
124 16
122 55
174 100
74 50
125 49
123 37
175 98
75 59
126 11
124 13
176 22
76 13
127 22
125 79
177 48
77 100
128 44
126 38
178 21
78 42
129 16
127 52
179 86
79 98
130 60
128 77
180 77
80 35
131 95
129 55
181 67
81 35
132 29
130 98
182 62
82 72
133 77
131 11
183 39
83 45
134 16
132 29
184 91
84 50
135 14
133 90
185 27
85 57
136 15
134 99
186 60
86 99
137 81
135 66
187 24
87 48
138 73
136 59
188 92
88 71
139 72
137 35
189 82
89 87
140 20
138 13
190 91
90 40
141 61
139 37
191 36
91 60
142 53
140 68
192 52
92 22
143 92
141 60
193 78
93 53
144 68
142 89
194 72
94 92
145 77
143 72
195 29
95 38
146 68
144 23
196 15
96 90
147 15
145 33
197 27
97 22
148 17
146 15
198 41
98 37
149 41
147 16
199 22
99 10
150 22
148 82
200 50
100 14
149 91
201 89
101 15
152 29
202 97
102 22
153 95
151 58
203 84
103 38
154 32
152 66
204 77
104 97
155 65
153 20
205 59
105 37
156 79
154 26
206 30
106 81
157 67
155 86
207 74
107 98
158 24
156 66
208 99
108 88
159 67
157 23
209 82
109 49
160 39
158 39
210 84
110 70
161 83
159 25
211 52
111 64
162 35
160 41
212 10
112 77
163 17
161 87
213 84
113 99
164 18
162 70
214 29
114 93
165 77
163 35
215 60
115 88
166 56
164 83
216 69
116 65
167 76
165 37
217 30
117 25
168 99
166 71
218 22
118 73
169 100
167 88
219 87
119 76
170 20
168 54
220 34
120 30
171 63
169 93
221 43
121 31
172 45
170 27
222 88
122 23
173 59
171 54
223 49
123 47
174 86
172 21
224 37
124 16
175 92
173 28
225 83
125 77
176 97
174 27
226 11
126 27
177 19
175 91
227 49
127 64
178 84
176 65
228 82
128 14
179 37
177 66
229 79
129 76
180 68
178 74
230 53
130 94
181 74
179 27
231 73
131 38
182 46
180 23
232 67
132 30
183 43
181 63
233 42
133 70
184 29
182 59
234 41
134 90
185 30
183 65
235 42
135 59
186 30
184 88
236 73
136 53
187 81
185 81
237 12
137 11
188 12
186 84
238 52
138 96
189 10
187 96
239 49
139 66
190 70
188 37
240 12
140 65
191 42
189 29
241 69
141 65
192 38
190 59
242 22
142 90
193 56
191 86
243 28
143 66
194 95
192 93
244 68
144 51
195 35
193 95
245 100
145 63
196 51
194 44
246 45
146 49
197 15
195 18
247 62
147 83
198 19
196 92
248 65
148 88
199 38
197 82
249 10
149 95
200 97
198 89
250 59
150 22
199 13
251 65
151 95
202 25
252 45
152 64
203 87
201 38
253 34
153 72
204 83
202 69
254 98
154 27
205 84
203 72
255 51
155 78
206 81
204 19
256 95
156 76
207 10
205 46
257 20
157 35
208 88
206 87
258 35
158 36
209 80
207 50
259 56
159 70
210 70
208 46
260 79
160 89
211 55
209 64
261 76
161 90
212 73
210 89
262 60
162 50
213 43
211 87
263 96
163 75
214 15
212 32
264 17
164 47
215 12
213 53
265 97
165 32
216 94
214 51
266 52
166 53
217 38
215 94
267 85
167 94
218 12
216 50
268 49
168 82
219 24
217 43
269 27
169 71
220 33
218 33
270 39
170 72
221 36
219 52
271 44
171 22
222 62
220 12
272 97
172 97
223 70
221 70
273 48
173 82
224 40
222 80
274 55
174 40
225 79
223 99
275 13
175 21
226 24
224 97
276 14
176 50
227 82
225 54
277 34
177 37
228 40
226 25
278 91
178 46
229 33
227 35
279 66
179 56
230 25
228 91
280 53
180 51
231 47
229 43
281 80
181 38
232 52
230 84
282 12
182 64
233 65
231 25
283 100
183 76
234 53
232 68
284 10
184 67
235 56
233 78
285 100
185 74
236 88
234 63
286 80
186 83
237 10
235 42
287 65
187 97
238 24
236 60
288 55
188 82
239 25
237 88
289 27
189 48
240 94
238 32
290 88
190 37
241 75
239 92
291 52
191 98
242 30
240 49
292 41
192 97
243 54
241 63
293 86
193 49
244 78
242 22
294 33
194 34
245 32
243 21
295 22
195 53
246 84
244 50
296 59
196 88
247 58
245 10
297 94
197 33
248 12
246 62
298 87
198 64
249 97
247 83
299 34
199 61
250 49
248 50
300 57
200 71
249 17
301 85
201 54
252 36
302 68
202 41
253 21
251 58
303 49
203 15
254 67
252 86
304 75
204 71
255 49
253 46
305 59
205 97
256 61
254 91
306 71
206 76
257 55
255 35
307 94
207 81
258 60
256 46
308 47
208 43
259 83
257 74
309 83
209 52
260 54
258 28
310 14
210 15
261 88
259 58
311 37
211 42
262 22
260 49
312 83
212 11
263 25
261 62
313 56
213 88
264 60
262 37
314 93
214 55
265 50
263 76
315 33
215 15
266 25
264 93
316 75
216 99
267 84
265 50
317 53
217 59
268 57
266 52
318 86
218 62
269 18
267 52
319 90
219 74
270 18
268 61
320 63
220 76
271 92
269 82
321 47
221 54
272 90
270 15
322 11
222 26
273 89
271 52
323 23
223 59
274 57
272 83
324 44
224 43
275 97
273 25
325 81
225 76
276 97
274 57
326 52
226 58
277 85
275 39
327 45
227 71
278 54
276 42
328 86
228 44
279 60
277 98
329 41
229 29
280 12
278 46
330 93
230 48
281 28
279 50
331 65
231 35
282 11
280 54
332 42
232 95
283 72
281 51
333 36
233 23
284 22
282 72
334 67
234 27
285 68
283 97
335 33
235 44
286 92
284 89
336 53
236 100
287 45
285 11
337 43
237 51
288 46
286 19
338 52
238 99
289 58
287 51
339 93
239 34
290 94
288 31
340 81
240 34
291 86
289 74
341 70
241 28
292 48
290 62
342 35
242 90
293 39
291 54
343 80
243 10
294 28
292 24
344 56
244 44
295 49
293 62
345 16
245 99
296 69
294 88
346 83
246 37
297 71
295 29
347 97
247 87
298 72
296 31
348 22
248 89
299 43
297 73
349 60
249 65
300 50
298 82
350 66
250 63
299 55
351 60
251 12
302 47
352 64
252 75
303 57
301 93
353 86
253 36
304 49
302 82
354 98
254 50
305 39
303 46
355 33
255 10
306 47
304 99
356 95
256 66
307 74
305 10
357 28
257 80
308 81
306 84
358 15
258 38
309 55
307 91
359 90
259 75
310 60
308 76
360 98
260 51
311 21
309 95
361 84
261 14
312 88
310 81
362 51
262 28
313 78
311 97
363 96
263 35
314 52
312 68
364 16
264 69
315 71
313 48
365 84
265 67
316 10
314 83
366 80
266 75
317 34
315 49
367 72
267 56
318 33
316 61
368 100
268 45
319 82
317 22
369 20
269 20
320 68
318 10
370 84
270 59
321 53
319 69
371 77
271 12
322 78
320 62
372 98
272 13
323 21
321 93
373 13
273 52
324 36
322 31
374 54
274 51
325 64
323 95
375 57
275 39
326 44
324 21
376 74
276 16
327 45
325 24
377 51
277 60
328 21
326 52
378 27
278 43
329 19
327 50
379 47
279 59
330 86
328 83
380 65
280 40
331 53
329 63
381 10
281 32
332 92
330 30
382 16
282 68
333 72
331 14
383 20
283 73
334 60
332 27
384 53
284 80
335 96
333 12
385 94
285 76
336 66
334 81
386 73
286 62
337 42
335 30
387 89
287 81
338 31
336 82
388 21
288 47
339 37
337 95
389 52
289 20
340 90
338 56
390 63
290 69
341 53
339 15
391 85
291 38
342 73
340 13
392 30
292 92
343 23
341 11
393 85
293 65
344 13
342 65
394 99
294 14
345 66
343 14
395 97
295 76
346 46
344 56
396 15
296 56
347 14
345 27
397 11
297 33
348 57
346 79
398 86
298 60
349 94
347 65
399 94
299 20
350 78
348 68
400 52
300 87
349 75
401 34
301 86
352 39
402 45
302 73
353 100
351 13
403 57
303 44
354 50
352 86
404 20
304 32
355 83
353 48
405 78
305 83
356 40
354 27
406 72
306 18
357 23
355 50
407 30
307 93
358 96
356 10
408 63
308 37
359 87
357 11
409 30
309 62
360 84
358 78
410 25
310 56
361 67
359 24
411 35
311 13
362 84
360 27
412 79
312 39
363 40
361 96
413 17
313 98
364 39
362 22
414 17
314 18
365 56
363 55
415 88
315 64
366 12
364 15
416 80
316 24
367 21
365 34
417 11
317 99
368 38
366 61
418 76
318 36
369 96
367 94
419 75
319 69
370 71
368 87
420 67
320 94
371 91
369 75
421 29
321 50
372 84
370 96
422 84
322 15
373 44
371 34
423 80
323 20
374 38
372 45
424 96
324 68
375 46
373 15
425 93
325 45
376 20
374 50
426 55
326 94
377 15
375 20
427 27
327 39
378 75
376 94
428 74
328 73
379 32
377 66
429 91
329 85
380 20
378 80
430 98
330 95
381 10
379 52
431 63
331 73
382 40
380 35
432 68
332 27
383 70
381 79
433 98
333 43
384 17
382 42
434 44
334 40
385 20
383 49
435 49
335 90
386 73
384 86
436 89
336 15
387 76
385 11
437 31
337 25
388 32
386 31
438 52
338 36
389 95
387 88
439 67
339 76
390 71
388 41
440 78
340 83
391 91
389 70
441 43
341 27
392 64
390 14
442 26
342 82
393 24
391 66
443 74
343 100
394 18
392 80
444 43
344 70
395 12
393 45
445 76
345 60
396 37
394 68
446 59
346 81
397 73
395 15
447 67
347 41
398 49
396 18
448 85
348 33
399 65
397 18
449 42
349 69
400 34
398 76
450 97
350 41
399 76
451 43
351 23
402 84
452 23
352 17
403 56
401 43
453 61
353 49
404 14
402 20
454 74
354 19
405 87
403 48
455 87
355 60
406 85
404 67
456 44
356 51
407 31
405 46
457 40
357 56
408 34
406 64
458 67
358 54
409 44
407 75
459 82
359 35
410 71
408 38
460 10
360 61
411 100
409 63
461 77
361 94
412 68
410 96
462 68
362 74
413 73
411 92
463 55
363 86
414 94
412 76
464 98
364 26
415 54
413 78
465 52
365 70
416 69
414 85
466 38
366 72
417 72
415 66
467 74
367 33
418 15
416 35
468 52
368 55
419 82
417 25
469 96
369 89
420 37
418 47
470 39
370 30
421 93
419 14
471 56
371 73
422 90
420 28
472 20
372 51
423 85
421 93
473 96
373 72
424 85
422 53
474 97
374 16
425 64
423 85
475 78
375 76
426 83
424 75
476 99
376 79
427 61
425 82
477 17
377 95
428 44
426 13
478 24
378 35
429 73
427 100
479 91
379 57
430 60
428 59
480 75
380 15
431 11
429 26
481 32
381 97
432 17
430 56
482 23
382 43
433 26
431 66
483 14
383 49
434 89
432 52
484 57
384 80
435 51
433 30
485 75
385 12
436 93
434 56
486 71
386 65
437 24
435 85
487 73
387 69
438 56
436 78
488 51
388 85
439 73
437 87
489 87
389 19
440 20
438 32
490 33
390 52
441 27
439 91
491 91
391 87
442 94
440 26
492 44
392 12
443 55
441 77
493 99
393 36
444 26
442 18
494 32
394 90
445 67
443 87
495 18
395 31
446 72
444 76
496 12
396 82
447 66
445 87
497 98
397 34
448 97
446 84
498 38
398 38
449 38
447 85
499 62
399 61
450 57
448 33
500 39
400 49
449 44
501 83
401 38
452 41
502 18
402 90
453 12
451 27
503 15
403 98
454 89
452 78
504 77
404 89
455 60
453 29
505 21
405 99
456 67
454 90
506 24
406 75
457 58
455 64
507 18
407 100
458 89
456 33
508 69
408 76
459 67
457 80
509 47
409 64
460 76
458 39
510 62
410 25
461 62
459 81
511 86
411 31
462 92
460 67
512 27
412 71
463 98
461 20
513 24
413 99
464 97
462 81
514 19
414 15
465 75
463 97
515 94
415 51
466 96
464 61
516 41
416 47
467 78
465 43
517 65
417 41
468 80
466 15
518 11
418 67
469 80
467 13
519 29
419 81
470 25
468 40
520 41
420 65
471 52
469 98
521 38
421 70
472 96
470 27
522 39
422 67
473 94
471 64
523 26
423 66
474 53
472 94
524 27
424 82
475 99
473 20
525 12
425 59
476 58
474 48
526 99
426 18
477 67
475 71
527 24
427 74
478 22
476 59
528 32
428 94
479 31
477 27
529 86
429 19
480 84
478 60
530 64
430 56
481 79
479 93
531 34
431 30
482 96
480 36
532 62
432 63
483 76
481 47
533 31
433 34
484 68
482 99
534 98
434 35
485 20
483 86
535 97
435 25
486 90
484 99
536 25
436 56
487 62
485 65
537 26
437 58
488 56
486 54
538 24
438 93
489 76
487 70
539 46
439 22
490 21
488 81
540 82
440 23
491 39
489 88
541 56
441 61
492 98
490 10
542 71
442 81
493 33
491 13
543 12
443 32
494 68
492 63
544 32
444 10
495 77
493 99
545 83
445 19
496 19
494 88
546 85
446 66
497 19
495 78
547 64
447 94
498 15
496 84
548 78
448 37
499 57
497 18
549 59
449 22
500 64
498 59
550 83
450 91
499 17
551 33
451 12
502 85
552 73
452 53
503 65
501 65
553 83
453 61
504 44
502 81
554 95
454 38
505 14
503 78
555 16
455 98
506 74
504 66
556 67
456 29
507 65
505 96
557 99
457 42
508 98
506 10
558 99
458 13
509 77
507 45
559 58
459 77
510 58
508 81
560 48
460 50
511 76
509 21
561 30
461 45
512 84
510 40
562 41
462 78
513 59
511 35
563 11
463 40
514 20
512 55
564 57
464 52
515 99
513 42
565 91
465 66
516 80
514 81
566 19
466 34
517 30
515 69
567 24
467 69
518 17
516 31
568 67
468 88
519 16
517 100
569 20
469 34
520 17
518 90
570 70
470 43
521 56
519 60
571 41
471 81
522 83
520 72
572 58
472 16
523 25
521 73
573 73
473 41
524 48
522 41
574 36
474 10
525 19
523 17
575 55
475 90
526 39
524 73
576 73
476 72
527 64
525 96
577 88
477 44
528 84
526 67
578 96
478 45
529 30
527 34
579 66
479 75
530 57
528 11
580 11
480 91
531 14
529 22
581 69
481 42
532 27
530 62
582 81
482 16
533 100
531 30
583 94
483 10
534 74
532 93
584 86
484 93
535 60
533 55
585 38
485 100
536 52
534 35
586 18
486 45
537 11
535 91
587 63
487 49
538 41
536 34
588 47
488 19
539 37
537 91
589 27
489 88
540 34
538 99
590 48
490 94
541 49
539 97
591 11
491 99
542 37
540 33
592 48
492 69
543 68
541 86
593 20
493 85
544 55
542 62
594 83
494 94
545 20
543 24
595 92
495 18
546 33
544 34
596 45
496 22
547 49
545 20
597 44
497 93
548 47
546 21
598 62
498 49
549 27
547 47
599 77
499 19
550 77
548 64
600 90
500 33
549 51
501 93
552 52
502 26
553 38
551 83
503 50
554 89
552 60
504 59
555 93
553 84
505 47
556 54
554 88
506 49
557 30
555 75
507 66
558 32
556 28
508 95
559 75
557 24
509 69
560 93
558 29
510 44
561 38
559 37
511 29
562 25
560 40
512 84
563 53
561 41
513 64
564 88
562 84
514 65
565 38
563 64
515 90
566 37
564 24
516 34
567 87
565 92
517 75
568 60
566 43
518 26
569 47
567 39
519 40
570 19
568 57
520 94
571 56
569 74
521 13
572 59
570 79
522 52
573 62
571 28
523 40
574 56
572 43
524 25
575 29
573 56
525 85
576 13
574 91
526 82
577 69
575 38
527 75
578 56
576 29
528 23
579 73
577 69
529 37
580 43
578 90
530 33
581 52
579 17
531 78
582 90
580 11
532 26
583 69
581 81
533 76
584 59
582 54
534 26
585 21
583 21
535 72
586 49
584 26
536 74
587 91
585 85
537 68
588 13
586 36
538 41
589 93
587 72
539 22
590 95
588 22
540 82
591 89
589 21
541 61
592 77
590 29
542 41
593 75
591 55
543 78
594 45
592 47
544 66
595 26
593 26
545 42
596 16
594 82
546 64
597 43
595 80
547 34
598 33
596 23
548 27
599 67
597 41
549 75
600 16
598 43
550 55
599 56
330
309
1 330 
1 384 
2 88 474 
2 425 149 
1 439 
2 248 386 
1 374 
1 379 
1 410 
2 48 275 
3 597 478 595 
1 179 
2 540 159 
4 416 491 80 59 
4 165 191 27 497 
1 502 
5 65 117 498 160 590 
1 289 
2 423 562 
2 231 555 
1 16 
1 291 
2 10 382 
2 45 306 
2 536 134 
1 272 
4 199 47 574 320 
2 417 352 
2 249 269 
2 558 518 
1 38 
2 572 373 
1 266 
2 193 124 
1 465 
2 127 201 
1 11 
4 21 218 460 346 
2 468 119 
2 594 215 
1 259 
2 445 198 
2 194 441 
1 105 
1 34 
1 551 
3 109 213 514 
3 387 396 530 
2 359 111 
1 28 
1 534 
2 257 56 
2 180 122 
1 365 
2 140 207 
2 521 274 
2 145 432 
3 22 97 263 
1 443 
1 114 
1 321 
2 51 311 
2 211 152 
1 533 
3 466 20 390 
1 461 
1 350 
1 221 
1 286 
1 565 
1 400 
4 13 195 556 108 
3 268 526 79 
1 331 
3 421 5 4 
4 277 376 181 308 
1 112 
1 175 
2 341 527 
2 67 488 
2 593 358 
1 343 
2 500 569 
1 23 
2 349 496 
1 318 
2 333 256 
2 300 255 
2 107 224 
2 9 472 
2 422 271 
2 143 406 
2 276 61 
1 185 
1 44 
1 319 
4 596 424 481 438 
2 529 260 
1 228 
1 570 
2 440 493 
2 482 265 
2 294 325 
2 476 442 
2 334 467 
1 592 
2 401 173 
2 92 380 
3 135 196 419 
1 219 
3 456 412 43 
1 41 
4 448 156 93 385 
3 238 520 309 
