100 342 10 100 19
2
3
3
2
3
4
4
3
3
4
4
3
3
4
4
3
3
4
4
3
3
4
4
3
3
4
4
3
3
4
4
3
3
4
4
3
3
4
4
3
3
4
4
3
3
4
4
3
3
4
4
3
3
4
4
3
3
4
4
3
3
4
4
3
3
4
4
3
3
4
4
3
3
4
4
3
3
4
4
3
3
4
4
3
3
4
4
3
3
4
4
3
3
4
4
3
2
3
3
2
5 61
2 29
6 10
3 43
1 97
7 44
4 84
2 12
8 49
3 67
9 62
1 70
6 56
10 89
2 31
7 36
5 65
11 60
3 19
8 41
6 56
12 57
4 79
7 73
13 39
5 39
10 81
14 61
6 10
11 17
9 22
15 57
7 75
12 93
10 88
16 28
8 43
11 30
17 28
9 57
14 10
18 96
10 60
15 62
13 11
19 56
11 92
16 30
14 56
20 35
12 38
15 44
21 22
13 15
18 98
22 44
14 62
19 60
17 91
23 36
15 65
20 43
18 87
24 68
16 34
19 55
25 25
17 88
22 34
26 14
18 33
23 18
21 73
27 83
19 48
24 35
22 88
28 58
20 46
23 47
29 50
21 64
26 31
30 32
22 30
27 61
25 23
31 37
23 34
28 24
26 14
32 100
24 96
27 10
33 85
25 31
30 31
34 81
26 99
31 94
29 57
35 65
27 98
32 17
30 17
36 65
28 74
31 50
37 75
29 95
34 58
38 72
30 15
35 93
33 54
39 71
31 30
36 61
34 25
40 33
32 95
35 96
41 47
33 47
38 79
42 42
34 17
39 83
37 87
43 14
35 49
40 25
38 74
44 78
36 44
39 28
45 33
37 49
42 97
46 33
38 48
43 26
41 86
47 50
39 77
44 72
42 57
48 94
40 12
43 62
49 32
41 20
46 95
50 83
42 17
47 16
45 31
51 34
43 34
48 66
46 86
52 24
44 54
47 70
53 19
45 12
50 81
54 17
46 22
51 22
49 87
55 18
47 16
52 61
50 82
56 46
48 44
51 75
57 49
49 87
54 28
58 81
50 70
55 67
53 33
59 21
51 80
56 28
54 10
60 64
52 72
55 12
61 51
53 10
58 29
62 61
54 57
59 22
57 57
63 54
55 39
60 40
58 70
64 65
56 75
59 100
65 97
57 93
62 72
66 23
58 36
63 65
61 73
67 53
59 30
64 12
62 59
68 50
60 35
63 96
69 20
61 23
66 43
70 66
62 100
67 79
65 11
71 68
63 88
68 58
66 10
72 48
64 80
67 73
73 98
65 13
70 83
74 75
66 18
71 98
69 63
75 25
67 59
72 34
70 72
76 74
68 80
71 16
77 66
69 45
74 40
78 86
70 49
75 60
73 45
79 37
71 52
76 95
74 61
80 71
72 24
75 60
81 88
73 27
78 59
82 70
74 52
79 60
77 39
83 40
75 76
80 27
78 75
84 84
76 35
79 94
85 80
77 68
82 27
86 78
78 24
83 22
81 40
87 23
79 66
84 98
82 29
88 31
80 60
83 92
89 61
81 19
86 26
90 12
82 56
87 14
85 41
91 20
83 24
88 29
86 21
92 64
84 54
87 58
93 25
85 32
90 47
94 68
86 87
91 92
89 76
95 49
87 72
92 55
90 63
96 76
88 73
91 66
97 57
89 13
94 83
98 64
90 10
95 87
93 98
99 23
91 32
96 27
94 87
100 18
92 35
95 41
93 50
98 48
94 95
99 17
97 76
95 41
100 79
98 95
96 58
99 85
13
5
2 12 13 
2 79 40 
1 61 
1 54 
2 50 14 
2 90 74 
2 25 76 
2 82 100 
2 3 83 
1 6 
2 20 10 
2 36 99 
3 8 1 51 
2 15 9 
1 30 
1 59 
3 37 55 92 
3 85 89 62 
1 5 
