400 1520 10 100 76
2
3
3
3
3
3
3
3
3
3
3
3
3
3
3
3
3
3
3
2
3
4
4
4
4
4
4
4
4
4
4
4
4
4
4
4
4
4
4
3
3
4
4
4
4
4
4
4
4
4
4
4
4
4
4
4
4
4
4
3
3
4
4
4
4
4
4
4
4
4
4
4
4
4
4
4
4
4
4
3
3
4
4
4
4
4
4
4
4
4
4
4
4
4
4
4
4
4
4
3
3
4
4
4
4
4
4
4
4
4
4
4
4
4
4
4
4
4
4
3
3
4
4
4
4
4
4
4
4
4
4
4
4
4
4
4
4
4
4
3
3
4
4
4
4
4
4
4
4
4
4
4
4
4
4
4
4
4
4
3
3
4
4
4
4
4
4
4
4
4
4
4
4
4
4
4
4
4
4
3
3
4
4
4
4
4
4
4
4
4
4
4
4
4
4
4
4
4
4
3
3
4
4
4
4
4
4
4
4
4
4
4
4
4
4
4
4
4
4
3
3
4
4
4
4
4
4
4
4
4
4
4
4
4
4
4
4
4
4
3
3
4
4
4
4
4
4
4
4
4
4
4
4
4
4
4
4
4
4
3
3
4
4
4
4
4
4
4
4
4
4
4
4
4
4
4
4
4
4
3
3
4
4
4
4
4
4
4
4
4
4
4
4
4
4
4
4
4
4
3
3
4
4
4
4
4
4
4
4
4
4
4
4
4
4
4
4
4
4
3
3
4
4
4
4
4
4
4
4
4
4
4
4
4
4
4
4
4
4
3
3
4
4
4
4
4
4
4
4
4
4
4
4
4
4
4
4
4
4
3
3
4
4
4
4
4
4
4
4
4
4
4
4
4
4
4
4
4
4
3
2
3
3
3
3
3
3
3
3
3
3
3
3
3
3
3
3
3
3
2
21 22
2 29
22 32
3 87
1 81
23 13
4 81
2 52
24 39
5 37
3 40
25 49
6 42
4 74
26 53
7 39
5 62
27 73
8 76
6 35
28 13
9 61
7 56
29 26
10 44
8 97
30 45
11 100
9 88
31 85
12 97
10 89
32 67
13 59
11 31
33 71
14 28
12 68
34 82
15 31
13 21
35 57
16 84
14 20
36 51
17 53
15 59
37 89
18 78
16 89
38 21
19 72
17 67
39 82
20 56
18 99
40 16
19 64
41 86
1 24
22 100
42 56
2 61
23 59
21 89
43 17
3 33
24 35
22 84
44 48
4 36
25 37
23 20
45 23
5 22
26 46
24 70
46 88
6 17
27 75
25 88
47 47
7 48
28 91
26 99
48 97
8 41
29 45
27 74
49 90
9 72
30 89
28 13
50 21
10 32
31 95
29 12
51 54
11 98
32 49
30 56
52 97
12 17
33 50
31 42
53 19
13 26
34 93
32 21
54 79
14 51
35 38
33 58
55 68
15 33
36 49
34 42
56 95
16 97
37 58
35 98
57 84
17 58
38 18
36 43
58 92
18 72
39 79
37 65
59 22
19 86
40 31
38 91
60 54
20 97
39 97
61 29
21 86
42 41
62 50
22 92
43 47
41 43
63 36
23 50
44 75
42 15
64 90
24 82
45 51
43 20
65 97
25 47
46 47
44 70
66 52
26 50
47 58
45 94
67 52
27 94
48 42
46 62
68 49
28 27
49 76
47 30
69 12
29 33
50 20
48 37
70 77
30 65
51 32
49 47
71 98
31 44
52 10
50 27
72 90
32 29
53 19
51 52
73 75
33 40
54 35
52 54
74 83
34 15
55 38
53 74
75 60
35 91
56 77
54 28
76 52
36 33
57 60
55 84
77 33
37 95
58 29
56 57
78 91
38 72
59 69
57 97
79 20
39 86
60 89
58 46
80 60
40 99
59 73
81 39
41 41
62 26
82 66
42 33
63 13
61 78
83 69
43 100
64 64
62 75
84 27
44 76
65 93
63 82
85 29
45 76
66 100
64 49
86 92
46 58
67 74
65 77
87 49
47 18
68 19
66 59
88 86
48 95
69 60
67 16
89 58
49 58
70 57
68 28
90 63
50 77
71 41
69 90
91 36
51 68
72 79
70 74
92 35
52 62
73 10
71 42
93 79
53 87
74 29
72 72
94 61
54 65
75 20
73 31
95 22
55 32
76 15
74 96
96 91
56 60
77 28
75 45
97 59
57 73
78 47
76 57
98 99
58 54
79 93
77 45
99 62
59 45
80 78
78 89
100 82
60 28
79 54
101 94
61 81
82 17
102 82
62 60
83 44
81 86
103 65
63 83
84 53
82 57
104 41
64 81
85 42
83 23
105 83
65 89
86 30
84 62
106 97
66 53
87 33
85 65
107 98
67 99
88 26
86 25
108 89
68 70
89 35
87 99
109 20
69 58
90 13
88 87
110 33
70 87
91 42
89 34
111 58
71 96
92 89
90 35
112 83
72 57
93 88
91 72
113 54
73 51
94 14
92 90
114 69
74 55
95 73
93 30
115 86
75 95
96 87
94 28
116 85
76 31
97 21
95 10
117 71
77 44
98 77
96 16
118 13
78 21
99 42
97 22
119 86
79 25
100 91
98 74
120 91
80 100
99 95
121 90
81 24
102 12
122 69
82 90
103 85
101 84
123 88
83 65
104 36
102 82
124 86
84 43
105 84
103 59
125 65
85 32
106 82
104 29
126 51
86 23
107 88
105 53
127 13
87 67
108 92
106 99
128 61
88 68
109 99
107 20
129 40
89 50
110 61
108 20
130 61
90 19
111 93
109 79
131 99
91 15
112 55
110 64
132 37
92 79
113 94
111 12
133 84
93 79
114 88
112 68
134 96
94 92
115 14
113 80
135 32
95 55
116 83
114 89
136 12
96 56
117 65
115 58
137 44
97 18
118 68
116 74
138 97
98 19
119 85
117 43
139 58
99 30
120 70
118 50
140 49
100 42
119 72
141 52
101 87
122 44
142 24
102 89
123 61
121 96
143 43
103 41
124 72
122 35
144 27
104 80
125 35
123 59
145 23
105 75
126 82
124 79
146 10
106 10
127 47
125 57
147 80
107 91
128 44
126 85
148 76
108 90
129 36
127 52
149 17
109 35
130 100
128 24
150 63
110 10
131 23
129 49
151 54
111 76
132 50
130 67
152 37
112 30
133 16
131 73
153 41
113 90
134 14
132 76
154 79
114 62
135 49
133 55
155 22
115 69
136 74
134 44
156 75
116 83
137 53
135 58
157 83
117 76
138 34
136 10
158 38
118 91
139 10
137 80
159 24
119 91
140 69
138 17
160 73
120 69
139 73
161 41
121 75
142 49
162 48
122 81
143 83
141 27
163 47
123 27
144 29
142 10
164 21
124 63
145 85
143 65
165 99
125 82
146 96
144 40
166 66
126 86
147 94
145 56
167 93
127 46
148 33
146 94
168 30
128 65
149 56
147 80
169 75
129 20
150 67
148 61
170 44
130 72
151 96
149 40
171 82
131 40
152 60
150 32
172 62
132 95
153 53
151 71
173 35
133 83
154 31
152 21
174 39
134 13
155 35
153 15
175 39
135 89
156 68
154 16
176 44
136 73
157 57
155 47
177 19
137 46
158 63
156 68
178 57
138 54
159 96
157 44
179 76
139 58
160 46
158 91
180 32
140 38
159 89
181 16
141 50
162 10
182 83
142 71
163 70
161 14
183 40
143 55
164 94
162 68
184 24
144 64
165 95
163 12
185 42
145 69
166 74
164 44
186 13
146 73
167 69
165 89
187 33
147 55
168 56
166 20
188 52
148 44
169 78
167 91
189 95
149 46
170 82
168 84
190 43
150 96
171 45
169 71
191 37
151 47
172 31
170 85
192 58
152 14
173 61
171 88
193 46
153 64
174 36
172 45
194 49
154 97
175 34
173 78
195 88
155 79
176 33
174 87
196 28
156 89
177 23
175 34
197 77
157 34
178 52
176 29
198 78
158 32
179 80
177 33
199 23
159 39
180 56
178 47
200 44
160 52
179 78
201 35
161 46
182 38
202 71
162 86
183 25
181 90
203 19
163 96
184 78
182 29
204 77
164 40
185 79
183 35
205 32
165 53
186 97
184 68
206 25
166 36
187 36
185 93
207 74
167 85
188 59
186 53
208 19
168 60
189 100
187 95
209 81
169 62
190 33
188 79
210 69
170 69
191 19
189 87
211 83
171 20
192 29
190 73
212 77
172 54
193 81
191 75
213 78
173 35
194 18
192 75
214 31
174 19
195 36
193 35
215 33
175 20
196 12
194 12
216 11
176 57
197 43
195 28
217 34
177 11
198 59
196 37
218 24
178 94
199 76
197 15
219 91
179 59
200 58
198 20
220 87
180 35
199 71
221 25
181 69
202 44
222 97
182 23
203 44
201 76
223 20
183 74
204 25
202 82
224 27
184 19
205 69
203 88
225 34
185 49
206 56
204 93
226 43
186 76
207 41
205 95
227 91
187 74
208 43
206 85
228 36
188 44
209 48
207 31
229 100
189 84
210 17
208 96
230 29
190 57
211 58
209 73
231 65
191 36
212 59
210 76
232 84
192 93
213 78
211 56
233 53
193 58
214 94
212 14
234 82
194 79
215 82
213 42
235 55
195 97
216 20
214 37
236 44
196 59
217 46
215 26
237 98
197 74
218 97
216 76
238 55
198 79
219 95
217 39
239 97
199 40
220 35
218 68
240 22
200 28
219 75
241 24
201 21
222 16
242 22
202 27
223 43
221 27
243 63
203 10
224 35
222 71
244 90
204 95
225 20
223 76
245 81
205 13
226 11
224 74
246 53
206 23
227 64
225 17
247 58
207 85
228 83
226 19
248 96
208 81
229 96
227 45
249 67
209 12
230 73
228 84
250 81
210 23
231 93
229 78
251 11
211 27
232 66
230 69
252 54
212 18
233 84
231 62
253 55
213 71
234 39
232 43
254 56
214 63
235 95
233 35
255 36
215 75
236 59
234 94
256 22
216 92
237 38
235 84
257 42
217 18
238 75
236 66
258 90
218 10
239 44
237 49
259 78
219 18
240 72
238 71
260 18
220 28
239 48
261 16
221 21
242 79
262 97
222 68
243 78
241 92
263 81
223 49
244 93
242 93
264 80
224 76
245 38
243 53
265 28
225 88
246 56
244 27
266 30
226 73
247 34
245 90
267 14
227 60
248 69
246 94
268 75
228 54
249 52
247 64
269 72
229 41
250 24
248 47
270 27
230 36
251 91
249 69
271 25
231 13
252 86
250 45
272 87
232 89
253 21
251 61
273 22
233 11
254 51
252 32
274 55
234 55
255 29
253 36
275 52
235 55
256 63
254 73
276 79
236 88
257 72
255 41
277 89
237 45
258 53
256 73
278 87
238 83
259 82
257 66
279 92
239 15
260 77
258 36
280 98
240 68
259 40
281 67
241 90
262 38
282 81
242 91
263 92
261 100
283 77
243 64
264 44
262 51
284 99
244 36
265 75
263 18
285 59
245 97
266 17
264 38
286 78
246 77
267 66
265 22
287 72
247 37
268 37
266 44
288 74
248 90
269 40
267 80
289 16
249 10
270 79
268 23
290 82
250 23
271 86
269 22
291 71
251 41
272 55
270 53
292 68
252 45
273 93
271 58
293 53
253 63
274 74
272 98
294 68
254 81
275 97
273 87
295 96
255 62
276 13
274 79
296 100
256 20
277 30
275 78
297 21
257 11
278 96
276 84
298 44
258 20
279 100
277 25
299 12
259 10
280 66
278 90
300 29
260 40
279 63
301 10
261 96
282 80
302 48
262 87
283 93
281 52
303 21
263 10
284 27
282 42
304 19
264 76
285 25
283 24
305 55
265 42
286 21
284 61
306 65
266 65
287 31
285 28
307 58
267 49
288 91
286 93
308 13
268 40
289 26
287 82
309 84
269 63
290 66
288 19
310 19
270 52
291 84
289 23
311 44
271 39
292 46
290 79
312 92
272 48
293 53
291 45
313 21
273 78
294 74
292 99
314 33
274 90
295 54
293 88
315 89
275 81
296 53
294 44
316 57
276 54
297 28
295 52
317 60
277 85
298 44
296 34
318 77
278 47
299 19
297 88
319 96
279 41
300 54
298 92
320 11
280 15
299 17
321 30
281 57
302 77
322 35
282 78
303 48
301 70
323 100
283 78
304 38
302 96
324 84
284 48
305 89
303 56
325 33
285 30
306 32
304 20
326 53
286 16
307 78
305 26
327 32
287 56
308 10
306 94
328 83
288 99
309 79
307 68
329 48
289 66
310 73
308 39
330 57
290 55
311 58
309 18
331 81
291 97
312 85
310 32
332 71
292 40
313 30
311 98
333 79
293 79
314 31
312 82
334 94
294 31
315 47
313 83
335 41
295 99
316 90
314 45
336 71
296 91
317 36
315 89
337 60
297 98
318 84
316 49
338 35
298 71
319 89
317 36
339 97
299 57
320 92
318 30
340 39
300 20
319 42
341 71
301 58
322 65
342 97
302 38
323 15
321 99
343 72
303 76
324 12
322 88
344 54
304 72
325 87
323 59
345 50
305 36
326 83
324 68
346 73
306 67
327 52
325 89
347 32
307 81
328 81
326 46
348 33
308 10
329 92
327 45
349 56
309 69
330 90
328 67
350 98
310 54
331 28
329 38
351 66
311 29
332 74
330 15
352 84
312 57
333 62
331 36
353 60
313 33
334 60
332 40
354 62
314 53
335 77
333 55
355 91
315 70
336 12
334 54
356 60
316 24
337 97
335 66
357 29
317 71
338 24
336 86
358 44
318 60
339 96
337 47
359 42
319 11
340 32
338 61
360 73
320 14
339 65
361 55
321 59
342 57
362 93
322 83
343 23
341 93
363 63
323 21
344 69
342 68
364 36
324 48
345 19
343 54
365 46
325 84
346 77
344 32
366 88
326 36
347 93
345 76
367 91
327 29
348 26
346 99
368 95
328 43
349 60
347 43
369 90
329 19
350 27
348 57
370 35
330 19
351 67
349 85
371 18
331 51
352 19
350 96
372 14
332 75
353 98
351 30
373 19
333 14
354 11
352 52
374 11
334 14
355 87
353 25
375 27
335 61
356 81
354 64
376 15
336 24
357 82
355 30
377 15
337 60
358 28
356 83
378 82
338 30
359 12
357 92
379 47
339 16
360 73
358 49
380 26
340 14
359 92
381 44
341 52
362 27
382 85
342 75
363 29
361 62
383 55
343 86
364 12
362 48
384 46
344 23
365 13
363 21
385 20
345 34
366 16
364 68
386 96
346 94
367 39
365 89
387 95
347 34
368 52
366 64
388 67
348 38
369 89
367 70
389 21
349 62
370 22
368 98
390 81
350 64
371 44
369 46
391 34
351 76
372 24
370 89
392 84
352 35
373 24
371 40
393 79
353 96
374 36
372 48
394 54
354 21
375 78
373 81
395 64
355 11
376 99
374 78
396 51
356 20
377 40
375 71
397 88
357 73
378 93
376 18
398 19
358 41
379 77
377 55
399 58
359 24
380 70
378 28
400 35
360 63
379 42
361 17
382 13
362 83
383 78
381 43
363 48
384 40
382 35
364 67
385 18
383 92
365 63
386 49
384 62
366 36
387 77
385 11
367 89
388 44
386 42
368 43
389 76
387 35
369 13
390 25
388 41
370 65
391 67
389 14
371 14
392 66
390 69
372 57
393 28
391 49
373 73
394 79
392 77
374 48
395 91
393 89
375 56
396 12
394 27
376 95
397 17
395 22
377 35
398 67
396 46
378 92
399 23
397 59
379 91
400 70
398 90
380 95
399 22
275
322
2 210 275 
1 68 
1 15 
1 279 
2 57 330 
4 83 316 241 334 
1 9 
1 109 
2 358 337 
2 270 8 
2 359 142 
3 50 348 120 
1 136 
1 90 
2 131 167 
2 361 294 
1 33 
2 86 307 
1 10 
2 60 165 
2 326 396 
1 119 
2 81 16 
2 338 260 
1 355 
1 72 
6 186 179 7 309 67 342 
1 69 
1 329 
1 169 
1 195 
2 222 3 
1 272 
2 100 304 
1 183 
2 93 64 
3 297 244 350 
2 193 216 
2 290 139 
1 324 
1 96 
2 26 375 
2 147 374 
4 321 380 391 104 
4 32 377 209 236 
1 113 
1 13 
1 332 
2 253 48 
4 389 156 41 328 
1 227 
3 369 239 313 
1 65 
3 320 107 184 
2 340 25 
4 55 372 23 252 
2 347 51 
3 148 397 94 
1 237 
2 178 393 
1 386 
2 305 353 
2 232 18 
2 172 327 
1 250 
1 395 
1 265 
1 70 
1 274 
1 54 
2 197 24 
3 351 6 300 
3 196 368 247 
1 208 
3 240 19 127 
2 376 322 
