100 342 10 100 19
2
3
3
2
3
4
4
3
3
4
4
3
3
4
4
3
3
4
4
3
3
4
4
3
3
4
4
3
3
4
4
3
3
4
4
3
3
4
4
3
3
4
4
3
3
4
4
3
3
4
4
3
3
4
4
3
3
4
4
3
3
4
4
3
3
4
4
3
3
4
4
3
3
4
4
3
3
4
4
3
3
4
4
3
3
4
4
3
3
4
4
3
3
4
4
3
2
3
3
2
5 18
2 29
6 47
3 80
1 57
7 10
4 28
2 47
8 88
3 59
9 43
1 65
6 80
10 61
2 66
7 67
5 95
11 16
3 18
8 73
6 77
12 36
4 41
7 75
13 86
5 10
10 29
14 23
6 88
11 57
9 16
15 15
7 28
12 13
10 24
16 73
8 74
11 49
17 20
9 42
14 42
18 81
10 67
15 87
13 84
19 69
11 84
16 21
14 15
20 75
12 72
15 55
21 99
13 93
18 84
22 98
14 30
19 13
17 21
23 68
15 91
20 64
18 56
24 46
16 53
19 49
25 91
17 11
22 87
26 33
18 15
23 26
21 34
27 29
19 98
24 23
22 23
28 30
20 68
23 34
29 38
21 33
26 39
30 87
22 36
27 39
25 61
31 96
23 77
28 85
26 92
32 98
24 13
27 58
33 40
25 56
30 78
34 62
26 96
31 57
29 88
35 26
27 77
32 22
30 13
36 54
28 57
31 40
37 26
29 85
34 91
38 37
30 31
35 65
33 35
39 73
31 91
36 99
34 15
40 26
32 68
35 44
41 94
33 76
38 51
42 66
34 24
39 95
37 41
43 17
35 96
40 75
38 95
44 23
36 60
39 86
45 68
37 27
42 45
46 95
38 66
43 21
41 52
47 65
39 24
44 39
42 22
48 77
40 80
43 93
49 80
41 23
46 21
50 65
42 86
47 70
45 72
51 91
43 99
48 23
46 85
52 11
44 58
47 12
53 17
45 93
50 34
54 19
46 10
51 50
49 57
55 20
47 87
52 98
50 40
56 35
48 17
51 16
57 14
49 100
54 79
58 29
50 37
55 99
53 15
59 71
51 82
56 67
54 45
60 76
52 39
55 66
61 10
53 36
58 69
62 27
54 91
59 11
57 57
63 33
55 92
60 39
58 33
64 82
56 18
59 99
65 71
57 21
62 99
66 71
58 36
63 18
61 98
67 25
59 100
64 100
62 46
68 48
60 80
63 82
69 57
61 76
66 55
70 88
62 33
67 13
65 77
71 84
63 58
68 13
66 30
72 11
64 95
67 40
73 69
65 69
70 61
74 96
66 46
71 21
69 46
75 58
67 18
72 95
70 21
76 44
68 92
71 97
77 94
69 22
74 79
78 79
70 29
75 41
73 87
79 18
71 76
76 93
74 80
80 52
72 18
75 65
81 95
73 94
78 48
82 27
74 65
79 88
77 15
83 51
75 27
80 54
78 51
84 75
76 65
79 50
85 43
77 78
82 69
86 74
78 38
83 29
81 78
87 14
79 30
84 73
82 46
88 18
80 75
83 16
89 70
81 38
86 56
90 99
82 45
87 95
85 85
91 16
83 22
88 24
86 73
92 33
84 87
87 22
93 61
85 52
90 52
94 67
86 90
91 39
89 21
95 48
87 29
92 99
90 14
96 41
88 98
91 64
97 43
89 93
94 70
98 22
90 67
95 81
93 83
99 22
91 32
96 29
94 69
100 30
92 41
95 42
93 93
98 98
94 14
99 93
97 79
95 28
100 62
98 27
96 81
99 11
81
51
1 81 
3 72 18 88 
1 16 
3 12 25 14 
1 44 
3 34 50 29 
1 77 
2 58 13 
2 91 98 
2 43 69 
1 46 
2 95 94 
2 82 41 
2 32 79 
2 39 64 
2 68 45 
1 54 
3 15 62 20 
1 51 
