625 2400 10 100 118
2
3
3
3
3
3
3
3
3
3
3
3
3
3
3
3
3
3
3
3
3
3
3
3
2
3
4
4
4
4
4
4
4
4
4
4
4
4
4
4
4
4
4
4
4
4
4
4
4
3
3
4
4
4
4
4
4
4
4
4
4
4
4
4
4
4
4
4
4
4
4
4
4
4
3
3
4
4
4
4
4
4
4
4
4
4
4
4
4
4
4
4
4
4
4
4
4
4
4
3
3
4
4
4
4
4
4
4
4
4
4
4
4
4
4
4
4
4
4
4
4
4
4
4
3
3
4
4
4
4
4
4
4
4
4
4
4
4
4
4
4
4
4
4
4
4
4
4
4
3
3
4
4
4
4
4
4
4
4
4
4
4
4
4
4
4
4
4
4
4
4
4
4
4
3
3
4
4
4
4
4
4
4
4
4
4
4
4
4
4
4
4
4
4
4
4
4
4
4
3
3
4
4
4
4
4
4
4
4
4
4
4
4
4
4
4
4
4
4
4
4
4
4
4
3
3
4
4
4
4
4
4
4
4
4
4
4
4
4
4
4
4
4
4
4
4
4
4
4
3
3
4
4
4
4
4
4
4
4
4
4
4
4
4
4
4
4
4
4
4
4
4
4
4
3
3
4
4
4
4
4
4
4
4
4
4
4
4
4
4
4
4
4
4
4
4
4
4
4
3
3
4
4
4
4
4
4
4
4
4
4
4
4
4
4
4
4
4
4
4
4
4
4
4
3
3
4
4
4
4
4
4
4
4
4
4
4
4
4
4
4
4
4
4
4
4
4
4
4
3
3
4
4
4
4
4
4
4
4
4
4
4
4
4
4
4
4
4
4
4
4
4
4
4
3
3
4
4
4
4
4
4
4
4
4
4
4
4
4
4
4
4
4
4
4
4
4
4
4
3
3
4
4
4
4
4
4
4
4
4
4
4
4
4
4
4
4
4
4
4
4
4
4
4
3
3
4
4
4
4
4
4
4
4
4
4
4
4
4
4
4
4
4
4
4
4
4
4
4
3
3
4
4
4
4
4
4
4
4
4
4
4
4
4
4
4
4
4
4
4
4
4
4
4
3
3
4
4
4
4
4
4
4
4
4
4
4
4
4
4
4
4
4
4
4
4
4
4
4
3
3
4
4
4
4
4
4
4
4
4
4
4
4
4
4
4
4
4
4
4
4
4
4
4
3
3
4
4
4
4
4
4
4
4
4
4
4
4
4
4
4
4
4
4
4
4
4
4
4
3
3
4
4
4
4
4
4
4
4
4
4
4
4
4
4
4
4
4
4
4
4
4
4
4
3
3
4
4
4
4
4
4
4
4
4
4
4
4
4
4
4
4
4
4
4
4
4
4
4
3
2
3
3
3
3
3
3
3
3
3
3
3
3
3
3
3
3
3
3
3
3
3
3
3
2
26 39
2 29
27 40
3 19
1 69
28 27
4 32
2 11
29 30
5 32
3 20
30 83
6 72
4 12
31 15
7 95
5 68
32 48
8 91
6 79
33 17
9 57
7 53
34 82
10 74
8 49
35 15
11 65
9 88
36 82
12 59
10 83
37 54
13 97
11 60
38 17
14 42
12 75
39 54
15 23
13 64
40 93
16 46
14 52
41 41
17 62
15 87
42 12
18 54
16 19
43 30
19 96
17 63
44 54
20 89
18 69
45 19
21 10
19 86
46 48
22 37
20 56
47 62
23 60
21 86
48 40
24 69
22 42
49 27
25 79
23 63
50 75
24 98
51 22
1 99
27 50
52 96
2 47
28 21
26 59
53 89
3 86
29 23
27 31
54 88
4 71
30 56
28 79
55 44
5 14
31 51
29 88
56 39
6 70
32 58
30 66
57 29
7 63
33 58
31 37
58 39
8 84
34 46
32 66
59 37
9 19
35 39
33 28
60 58
10 74
36 25
34 88
61 44
11 83
37 63
35 89
62 68
12 48
38 63
36 37
63 88
13 17
39 54
37 30
64 50
14 99
40 74
38 99
65 72
15 68
41 46
39 55
66 91
16 32
42 68
40 38
67 53
17 79
43 91
41 36
68 94
18 25
44 50
42 100
69 34
19 13
45 59
43 99
70 78
20 49
46 82
44 37
71 25
21 39
47 42
45 87
72 90
22 80
48 55
46 40
73 17
23 51
49 79
47 100
74 64
24 78
50 69
48 92
75 33
25 17
49 41
76 84
26 44
52 63
77 32
27 10
53 86
51 67
78 67
28 98
54 77
52 16
79 27
29 13
55 11
53 31
80 69
30 41
56 63
54 12
81 100
31 91
57 78
55 32
82 45
32 73
58 71
56 54
83 63
33 20
59 73
57 52
84 49
34 44
60 38
58 69
85 97
35 19
61 60
59 83
86 48
36 64
62 90
60 92
87 71
37 20
63 90
61 55
88 22
38 98
64 85
62 70
89 59
39 38
65 100
63 24
90 45
40 93
66 72
64 40
91 42
41 93
67 25
65 86
92 28
42 69
68 43
66 85
93 98
43 76
69 67
67 90
94 95
44 39
70 27
68 31
95 96
45 67
71 44
69 12
96 75
46 98
72 56
70 98
97 39
47 49
73 66
71 59
98 67
48 100
74 57
72 45
99 39
49 18
75 55
73 100
100 65
50 23
74 31
101 92
51 27
77 30
102 58
52 13
78 35
76 19
103 22
53 73
79 70
77 85
104 44
54 21
80 36
78 44
105 68
55 84
81 97
79 58
106 87
56 54
82 15
80 68
107 73
57 53
83 42
81 91
108 90
58 29
84 77
82 55
109 22
59 83
85 98
83 80
110 44
60 88
86 89
84 22
111 55
61 10
87 24
85 97
112 79
62 23
88 87
86 17
113 84
63 97
89 18
87 74
114 75
64 35
90 30
88 88
115 14
65 74
91 80
89 45
116 41
66 55
92 81
90 57
117 31
67 85
93 82
91 57
118 79
68 23
94 93
92 18
119 82
69 36
95 55
93 78
120 23
70 79
96 38
94 60
121 11
71 61
97 18
95 22
122 19
72 80
98 71
96 93
123 22
73 23
99 68
97 82
124 99
74 66
100 60
98 16
125 53
75 96
99 38
126 78
76 60
102 31
127 54
77 82
103 58
101 98
128 30
78 32
104 89
102 16
129 66
79 82
105 42
103 62
130 15
80 78
106 25
104 69
131 89
81 50
107 93
105 35
132 57
82 91
108 22
106 24
133 96
83 47
109 12
107 85
134 84
84 20
110 84
108 32
135 83
85 78
111 94
109 26
136 50
86 62
112 54
110 23
137 66
87 71
113 100
111 93
138 90
88 51
114 32
112 15
139 33
89 58
115 16
113 24
140 62
90 48
116 76
114 56
141 72
91 37
117 26
115 26
142 16
92 70
118 20
116 37
143 50
93 74
119 10
117 96
144 73
94 67
120 26
118 10
145 58
95 100
121 73
119 12
146 40
96 27
122 23
120 45
147 60
97 57
123 85
121 46
148 66
98 34
124 62
122 80
149 34
99 48
125 18
123 17
150 57
100 99
124 39
151 96
101 63
127 54
152 76
102 57
128 85
126 12
153 21
103 72
129 67
127 42
154 37
104 30
130 23
128 30
155 83
105 15
131 84
129 53
156 79
106 66
132 16
130 16
157 58
107 58
133 35
131 76
158 35
108 28
134 20
132 80
159 10
109 26
135 12
133 97
160 76
110 19
136 35
134 87
161 30
111 35
137 61
135 25
162 39
112 15
138 93
136 95
163 44
113 58
139 91
137 100
164 10
114 63
140 30
138 16
165 69
115 53
141 75
139 98
166 98
116 74
142 33
140 66
167 61
117 92
143 49
141 70
168 39
118 40
144 33
142 16
169 81
119 88
145 24
143 30
170 81
120 12
146 86
144 23
171 80
121 42
147 38
145 54
172 46
122 24
148 49
146 59
173 74
123 64
149 74
147 41
174 18
124 20
150 48
148 48
175 30
125 44
149 35
176 22
126 44
152 89
177 56
127 81
153 46
151 96
178 64
128 43
154 36
152 91
179 19
129 12
155 47
153 83
180 100
130 87
156 37
154 38
181 20
131 60
157 91
155 10
182 39
132 91
158 32
156 62
183 83
133 99
159 76
157 23
184 18
134 84
160 96
158 31
185 96
135 21
161 49
159 50
186 79
136 88
162 30
160 39
187 54
137 88
163 25
161 93
188 65
138 68
164 24
162 87
189 27
139 67
165 39
163 36
190 95
140 55
166 43
164 47
191 44
141 37
167 34
165 76
192 59
142 55
168 99
166 96
193 30
143 71
169 68
167 21
194 37
144 99
170 19
168 56
195 13
145 49
171 33
169 40
196 38
146 85
172 80
170 83
197 33
147 75
173 11
171 39
198 20
148 97
174 89
172 53
199 90
149 89
175 71
173 85
200 90
150 66
174 85
201 89
151 75
177 27
202 58
152 25
178 46
176 26
203 90
153 44
179 86
177 24
204 18
154 81
180 82
178 16
205 96
155 53
181 51
179 24
206 24
156 88
182 36
180 34
207 89
157 81
183 50
181 41
208 50
158 69
184 50
182 26
209 88
159 31
185 91
183 33
210 93
160 95
186 60
184 89
211 92
161 63
187 39
185 81
212 61
162 89
188 75
186 48
213 39
163 22
189 34
187 40
214 99
164 14
190 95
188 71
215 69
165 80
191 31
189 16
216 56
166 79
192 85
190 83
217 96
167 51
193 13
191 38
218 28
168 58
194 40
192 26
219 38
169 75
195 60
193 78
220 33
170 44
196 44
194 35
221 13
171 13
197 11
195 42
222 34
172 83
198 96
196 71
223 48
173 63
199 44
197 94
224 81
174 85
200 18
198 12
225 80
175 51
199 14
226 25
176 86
202 10
227 69
177 30
203 24
201 88
228 95
178 64
204 41
202 86
229 95
179 77
205 61
203 13
230 42
180 64
206 94
204 17
231 78
181 33
207 86
205 31
232 35
182 80
208 10
206 49
233 14
183 80
209 22
207 24
234 19
184 91
210 24
208 56
235 73
185 99
211 19
209 90
236 91
186 47
212 45
210 41
237 88
187 26
213 99
211 17
238 57
188 25
214 49
212 94
239 65
189 25
215 45
213 89
240 40
190 26
216 50
214 67
241 40
191 52
217 75
215 59
242 76
192 41
218 29
216 63
243 42
193 52
219 41
217 60
244 56
194 21
220 39
218 91
245 72
195 86
221 85
219 27
246 77
196 44
222 70
220 29
247 42
197 54
223 76
221 61
248 12
198 81
224 92
222 32
249 67
199 37
225 21
223 58
250 60
200 66
224 15
251 97
201 95
227 90
252 57
202 74
228 24
226 85
253 17
203 30
229 15
227 78
254 61
204 47
230 31
228 67
255 14
205 45
231 32
229 17
256 79
206 78
232 69
230 66
257 88
207 72
233 92
231 77
258 27
208 37
234 62
232 83
259 91
209 53
235 97
233 67
260 57
210 42
236 20
234 10
261 64
211 13
237 85
235 38
262 17
212 47
238 40
236 75
263 59
213 67
239 81
237 62
264 53
214 69
240 55
238 68
265 10
215 32
241 19
239 54
266 32
216 50
242 16
240 62
267 21
217 91
243 84
241 48
268 36
218 82
244 10
242 49
269 78
219 85
245 58
243 33
270 76
220 19
246 42
244 45
271 81
221 51
247 23
245 88
272 27
222 35
248 37
246 53
273 49
223 84
249 79
247 96
274 29
224 80
250 77
248 89
275 14
225 22
249 47
276 92
226 20
252 40
277 36
227 70
253 26
251 39
278 18
228 62
254 19
252 65
279 49
229 55
255 78
253 62
280 78
230 55
256 21
254 50
281 34
231 89
257 36
255 87
282 52
232 76
258 15
256 59
283 97
233 28
259 60
257 69
284 62
234 17
260 71
258 97
285 75
235 93
261 84
259 31
286 92
236 26
262 18
260 50
287 88
237 38
263 87
261 96
288 83
238 84
264 97
262 92
289 47
239 23
265 60
263 29
290 54
240 25
266 36
264 66
291 37
241 43
267 68
265 54
292 51
242 86
268 42
266 27
293 77
243 79
269 63
267 87
294 86
244 93
270 39
268 57
295 87
245 55
271 29
269 33
296 60
246 57
272 57
270 83
297 66
247 82
273 34
271 31
298 10
248 77
274 81
272 72
299 81
249 14
275 54
273 86
300 31
250 29
274 86
301 16
251 28
277 60
302 59
252 24
278 48
276 22
303 34
253 69
279 46
277 47
304 28
254 80
280 96
278 57
305 43
255 11
281 21
279 19
306 67
256 45
282 68
280 13
307 83
257 57
283 65
281 46
308 17
258 42
284 45
282 18
309 50
259 83
285 52
283 59
310 55
260 18
286 52
284 52
311 84
261 53
287 77
285 57
312 51
262 67
288 99
286 45
313 46
263 57
289 11
287 15
314 58
264 45
290 89
288 51
315 99
265 13
291 25
289 66
316 59
266 83
292 18
290 47
317 42
267 92
293 46
291 22
318 29
268 87
294 76
292 14
319 24
269 35
295 34
293 99
320 17
270 98
296 37
294 68
321 15
271 89
297 84
295 44
322 81
272 81
298 55
296 29
323 85
273 77
299 24
297 96
324 89
274 46
300 30
298 61
325 70
275 40
299 14
326 60
276 50
302 68
327 12
277 78
303 78
301 38
328 73
278 27
304 53
302 26
329 46
279 30
305 63
303 33
330 32
280 95
306 83
304 51
331 50
281 46
307 91
305 27
332 27
282 68
308 42
306 23
333 20
283 61
309 79
307 68
334 74
284 70
310 94
308 66
335 42
285 45
311 47
309 35
336 58
286 38
312 72
310 98
337 74
287 63
313 17
311 15
338 12
288 18
314 32
312 31
339 72
289 83
315 70
313 45
340 37
290 97
316 83
314 57
341 95
291 66
317 98
315 74
342 19
292 74
318 46
316 22
343 63
293 20
319 42
317 91
344 31
294 96
320 58
318 24
345 20
295 41
321 22
319 35
346 78
296 46
322 64
320 34
347 13
297 85
323 13
321 68
348 12
298 55
324 93
322 94
349 64
299 29
325 52
323 47
350 34
300 97
324 64
351 97
301 92
327 42
352 90
302 44
328 50
326 35
353 66
303 11
329 90
327 53
354 40
304 20
330 40
328 97
355 19
305 21
331 21
329 82
356 37
306 65
332 78
330 18
357 18
307 62
333 26
331 58
358 84
308 94
334 69
332 78
359 17
309 32
335 24
333 72
360 53
310 43
336 54
334 79
361 58
311 13
337 60
335 67
362 79
312 66
338 98
336 82
363 84
313 75
339 100
337 41
364 53
314 23
340 85
338 73
365 62
315 61
341 15
339 40
366 75
316 51
342 67
340 92
367 65
317 43
343 46
341 67
368 68
318 37
344 66
342 97
369 71
319 82
345 13
343 56
370 42
320 94
346 51
344 86
371 17
321 28
347 65
345 21
372 53
322 89
348 48
346 78
373 30
323 97
349 92
347 90
374 88
324 98
350 18
348 39
375 69
325 85
349 96
376 68
326 95
352 53
377 81
327 29
353 65
351 11
378 38
328 88
354 19
352 28
379 25
329 51
355 54
353 14
380 64
330 51
356 50
354 85
381 22
331 59
357 80
355 56
382 44
332 31
358 72
356 52
383 45
333 60
359 36
357 77
384 18
334 80
360 38
358 84
385 80
335 55
361 60
359 65
386 69
336 92
362 18
360 54
387 40
337 29
363 14
361 37
388 38
338 52
364 79
362 16
389 26
339 60
365 80
363 100
390 99
340 16
366 58
364 48
391 33
341 76
367 90
365 76
392 28
342 21
368 61
366 37
393 68
343 38
369 10
367 91
394 67
344 64
370 60
368 93
395 21
345 52
371 73
369 79
396 77
346 94
372 70
370 31
397 30
347 23
373 18
371 68
398 30
348 76
374 58
372 99
399 83
349 79
375 23
373 96
400 83
350 97
374 64
401 12
351 69
377 76
402 86
352 37
378 57
376 63
403 99
353 31
379 19
377 89
404 48
354 91
380 94
378 62
405 57
355 78
381 66
379 48
406 55
356 66
382 91
380 88
407 73
357 36
383 22
381 77
408 14
358 24
384 71
382 17
409 94
359 17
385 82
383 78
410 84
360 28
386 78
384 19
411 64
361 69
387 86
385 51
412 36
362 64
388 95
386 76
413 29
363 31
389 71
387 65
414 65
364 15
390 66
388 56
415 64
365 100
391 69
389 98
416 49
366 14
392 12
390 59
417 33
367 36
393 83
391 28
418 62
368 23
394 41
392 59
419 13
369 44
395 68
393 63
420 57
370 85
396 33
394 79
421 34
371 54
397 73
395 49
422 19
372 27
398 54
396 15
423 27
373 44
399 64
397 52
424 87
374 60
400 12
398 92
425 20
375 46
399 58
426 47
376 54
402 18
427 70
377 70
403 48
401 83
428 98
378 12
404 28
402 56
429 15
379 70
405 94
403 29
430 32
380 69
406 39
404 43
431 37
381 63
407 12
405 27
432 79
382 15
408 70
406 49
433 98
383 45
409 62
407 84
434 84
384 94
410 28
408 95
435 36
385 88
411 92
409 83
436 11
386 87
412 19
410 12
437 71
387 75
413 23
411 65
438 60
388 25
414 15
412 92
439 26
389 39
415 28
413 67
440 30
390 24
416 12
414 81
441 85
391 25
417 55
415 70
442 61
392 100
418 13
416 94
443 25
393 90
419 69
417 38
444 52
394 80
420 29
418 67
445 87
395 51
421 12
419 88
446 100
396 77
422 66
420 99
447 65
397 76
423 50
421 52
448 67
398 54
424 70
422 88
449 20
399 83
425 66
423 14
450 44
400 32
424 10
451 22
401 28
427 23
452 86
402 83
428 32
426 59
453 41
403 84
429 80
427 58
454 49
404 82
430 64
428 55
455 56
405 98
431 96
429 21
456 91
406 81
432 70
430 93
457 15
407 10
433 16
431 44
458 55
408 41
434 15
432 17
459 83
409 24
435 26
433 54
460 20
410 72
436 12
434 13
461 23
411 53
437 11
435 27
462 60
412 22
438 20
436 51
463 40
413 80
439 18
437 36
464 52
414 27
440 37
438 34
465 74
415 97
441 63
439 80
466 53
416 82
442 54
440 79
467 65
417 46
443 39
441 78
468 99
418 54
444 60
442 14
469 51
419 56
445 65
443 25
470 76
420 50
446 10
444 37
471 17
421 89
447 57
445 89
472 60
422 27
448 36
446 14
473 40
423 34
449 30
447 32
474 69
424 60
450 63
448 74
475 63
425 20
449 48
476 79
426 87
452 65
477 84
427 80
453 85
451 80
478 52
428 38
454 38
452 28
479 87
429 62
455 67
453 36
480 42
430 79
456 21
454 42
481 76
431 96
457 60
455 55
482 22
432 36
458 71
456 93
483 28
433 43
459 20
457 82
484 30
434 20
460 95
458 86
485 54
435 69
461 27
459 26
486 54
436 92
462 99
460 47
487 43
437 69
463 54
461 83
488 17
438 22
464 42
462 44
489 85
439 59
465 20
463 14
490 91
440 72
466 48
464 19
491 72
441 98
467 28
465 55
492 54
442 85
468 90
466 11
493 71
443 39
469 28
467 77
494 51
444 78
470 92
468 55
495 78
445 80
471 63
469 66
496 100
446 85
472 53
470 44
497 93
447 18
473 74
471 81
498 93
448 14
474 100
472 26
499 40
449 56
475 90
473 40
500 68
450 64
474 38
501 33
451 58
477 25
502 40
452 22
478 68
476 88
503 71
453 59
479 35
477 88
504 85
454 25
480 71
478 40
505 19
455 54
481 90
479 42
506 33
456 11
482 48
480 73
507 74
457 68
483 88
481 75
508 50
458 74
484 40
482 95
509 24
459 56
485 32
483 62
510 23
460 83
486 59
484 97
511 35
461 13
487 51
485 85
512 15
462 84
488 12
486 92
513 38
463 55
489 69
487 46
514 15
464 21
490 29
488 16
515 89
465 25
491 40
489 12
516 58
466 89
492 98
490 55
517 70
467 99
493 69
491 40
518 40
468 14
494 52
492 52
519 98
469 63
495 92
493 60
520 31
470 30
496 51
494 92
521 57
471 51
497 14
495 14
522 93
472 21
498 67
496 23
523 58
473 77
499 46
497 14
524 84
474 81
500 23
498 67
525 97
475 13
499 55
526 82
476 61
502 78
527 53
477 40
503 99
501 78
528 77
478 35
504 35
502 13
529 12
479 29
505 88
503 72
530 47
480 91
506 72
504 78
531 56
481 76
507 54
505 57
532 52
482 97
508 79
506 53
533 43
483 17
509 98
507 26
534 65
484 31
510 55
508 14
535 63
485 41
511 85
509 66
536 12
486 61
512 67
510 43
537 17
487 89
513 68
511 27
538 56
488 47
514 95
512 92
539 44
489 65
515 13
513 50
540 37
490 14
516 36
514 37
541 41
491 68
517 66
515 58
542 30
492 81
518 48
516 98
543 100
493 51
519 49
517 46
544 73
494 36
520 75
518 42
545 33
495 27
521 80
519 97
546 77
496 21
522 57
520 47
547 21
497 53
523 13
521 21
548 44
498 36
524 53
522 58
549 90
499 93
525 12
523 10
550 38
500 10
524 78
551 28
501 100
527 59
552 38
502 99
528 24
526 25
553 65
503 51
529 45
527 25
554 95
504 97
530 15
528 58
555 18
505 10
531 17
529 54
556 63
506 43
532 97
530 49
557 45
507 83
533 93
531 30
558 63
508 76
534 96
532 37
559 70
509 38
535 98
533 17
560 92
510 19
536 27
534 23
561 55
511 20
537 45
535 98
562 38
512 87
538 35
536 64
563 96
513 38
539 75
537 57
564 60
514 89
540 38
538 55
565 86
515 89
541 21
539 91
566 28
516 95
542 28
540 86
567 45
517 85
543 50
541 77
568 39
518 47
544 76
542 10
569 58
519 83
545 94
543 53
570 62
520 98
546 26
544 30
571 85
521 27
547 12
545 41
572 75
522 54
548 54
546 25
573 30
523 84
549 15
547 77
574 86
524 10
550 30
548 35
575 18
525 37
549 64
576 60
526 24
552 70
577 10
527 66
553 77
551 50
578 91
528 50
554 69
552 44
579 63
529 81
555 77
553 36
580 41
530 67
556 66
554 60
581 20
531 52
557 82
555 18
582 88
532 60
558 48
556 86
583 80
533 29
559 18
557 18
584 89
534 85
560 75
558 54
585 34
535 93
561 35
559 50
586 85
536 62
562 10
560 20
587 89
537 85
563 14
561 71
588 98
538 69
564 14
562 66
589 76
539 59
565 66
563 36
590 27
540 14
566 60
564 53
591 57
541 84
567 55
565 31
592 62
542 50
568 10
566 78
593 60
543 35
569 77
567 39
594 98
544 48
570 13
568 21
595 94
545 53
571 15
569 24
596 82
546 50
572 42
570 70
597 95
547 70
573 94
571 31
598 44
548 48
574 52
572 96
599 63
549 90
575 71
573 38
600 20
550 41
574 29
601 45
551 61
577 21
602 84
552 45
578 91
576 20
603 65
553 87
579 88
577 13
604 43
554 95
580 17
578 43
605 52
555 20
581 38
579 42
606 98
556 33
582 59
580 31
607 54
557 18
583 20
581 55
608 27
558 77
584 34
582 65
609 85
559 53
585 82
583 10
610 95
560 29
586 48
584 88
611 16
561 33
587 84
585 95
612 60
562 21
588 58
586 39
613 87
563 16
589 53
587 25
614 69
564 10
590 64
588 84
615 100
565 22
591 82
589 44
616 62
566 90
592 100
590 56
617 57
567 71
593 17
591 63
618 63
568 79
594 92
592 82
619 22
569 27
595 93
593 47
620 14
570 81
596 45
594 67
621 78
571 32
597 59
595 58
622 26
572 12
598 29
596 28
623 21
573 16
599 53
597 87
624 79
574 10
600 35
598 61
625 76
575 10
599 74
576 37
602 45
577 10
603 84
601 62
578 33
604 58
602 84
579 62
605 80
603 99
580 43
606 46
604 67
581 88
607 52
605 35
582 67
608 52
606 43
583 38
609 86
607 61
584 43
610 99
608 63
585 21
611 77
609 21
586 57
612 77
610 47
587 41
613 14
611 14
588 60
614 22
612 25
589 90
615 65
613 75
590 64
616 31
614 12
591 71
617 60
615 14
592 98
618 34
616 97
593 67
619 75
617 93
594 48
620 59
618 21
595 12
621 26
619 53
596 74
622 91
620 30
597 42
623 41
621 31
598 42
624 23
622 90
599 48
625 18
623 23
600 84
624 23
570
230
1 570 
5 175 440 610 130 115 
2 520 497 
2 47 92 
2 301 148 
3 350 113 543 
2 14 126 
2 463 435 
1 504 
1 427 
1 569 
3 519 102 490 
2 229 309 
1 181 
3 133 441 240 
2 228 171 
1 558 
2 612 582 
2 71 163 
2 419 405 
2 36 608 
2 233 256 
1 474 
1 65 
2 379 496 
1 484 
1 410 
1 169 
3 85 93 67 
1 311 
2 108 421 
2 447 336 
2 33 17 
1 335 
3 44 470 505 
2 362 223 
1 176 
1 471 
1 73 
1 284 
3 179 69 534 
3 192 389 376 
1 248 
2 571 243 
3 377 123 483 
1 88 
2 297 554 
1 365 
2 114 149 
1 43 
4 556 568 118 170 
4 564 398 617 198 
3 413 161 521 
1 581 
1 432 
1 20 
2 412 66 
1 624 
2 382 619 
2 475 489 
1 134 
2 516 109 
1 218 
3 380 387 361 
2 189 609 
2 480 436 
1 185 
2 507 271 
1 472 
1 155 
2 407 485 
1 433 
3 95 330 557 
1 239 
3 210 467 547 
3 550 486 468 
3 140 304 120 
1 100 
2 264 26 
2 250 106 
1 129 
3 18 32 536 
1 150 
1 60 
1 544 
2 546 58 
1 139 
1 375 
1 498 
2 538 622 
1 211 
1 183 
1 414 
3 620 368 217 
3 455 482 531 
3 537 188 31 
5 144 156 525 340 42 
1 369 
1 48 
3 325 237 53 
2 580 245 
1 615 
4 567 370 49 464 
1 539 
1 153 
1 424 
1 523 
1 603 
2 46 457 
2 110 131 
2 416 40 
4 128 439 446 332 
1 236 
1 208 
4 98 77 621 270 
2 277 260 
1 356 
3 390 576 230 
