625 2400 10 100 118
2
3
3
3
3
3
3
3
3
3
3
3
3
3
3
3
3
3
3
3
3
3
3
3
2
3
4
4
4
4
4
4
4
4
4
4
4
4
4
4
4
4
4
4
4
4
4
4
4
3
3
4
4
4
4
4
4
4
4
4
4
4
4
4
4
4
4
4
4
4
4
4
4
4
3
3
4
4
4
4
4
4
4
4
4
4
4
4
4
4
4
4
4
4
4
4
4
4
4
3
3
4
4
4
4
4
4
4
4
4
4
4
4
4
4
4
4
4
4
4
4
4
4
4
3
3
4
4
4
4
4
4
4
4
4
4
4
4
4
4
4
4
4
4
4
4
4
4
4
3
3
4
4
4
4
4
4
4
4
4
4
4
4
4
4
4
4
4
4
4
4
4
4
4
3
3
4
4
4
4
4
4
4
4
4
4
4
4
4
4
4
4
4
4
4
4
4
4
4
3
3
4
4
4
4
4
4
4
4
4
4
4
4
4
4
4
4
4
4
4
4
4
4
4
3
3
4
4
4
4
4
4
4
4
4
4
4
4
4
4
4
4
4
4
4
4
4
4
4
3
3
4
4
4
4
4
4
4
4
4
4
4
4
4
4
4
4
4
4
4
4
4
4
4
3
3
4
4
4
4
4
4
4
4
4
4
4
4
4
4
4
4
4
4
4
4
4
4
4
3
3
4
4
4
4
4
4
4
4
4
4
4
4
4
4
4
4
4
4
4
4
4
4
4
3
3
4
4
4
4
4
4
4
4
4
4
4
4
4
4
4
4
4
4
4
4
4
4
4
3
3
4
4
4
4
4
4
4
4
4
4
4
4
4
4
4
4
4
4
4
4
4
4
4
3
3
4
4
4
4
4
4
4
4
4
4
4
4
4
4
4
4
4
4
4
4
4
4
4
3
3
4
4
4
4
4
4
4
4
4
4
4
4
4
4
4
4
4
4
4
4
4
4
4
3
3
4
4
4
4
4
4
4
4
4
4
4
4
4
4
4
4
4
4
4
4
4
4
4
3
3
4
4
4
4
4
4
4
4
4
4
4
4
4
4
4
4
4
4
4
4
4
4
4
3
3
4
4
4
4
4
4
4
4
4
4
4
4
4
4
4
4
4
4
4
4
4
4
4
3
3
4
4
4
4
4
4
4
4
4
4
4
4
4
4
4
4
4
4
4
4
4
4
4
3
3
4
4
4
4
4
4
4
4
4
4
4
4
4
4
4
4
4
4
4
4
4
4
4
3
3
4
4
4
4
4
4
4
4
4
4
4
4
4
4
4
4
4
4
4
4
4
4
4
3
3
4
4
4
4
4
4
4
4
4
4
4
4
4
4
4
4
4
4
4
4
4
4
4
3
2
3
3
3
3
3
3
3
3
3
3
3
3
3
3
3
3
3
3
3
3
3
3
3
2
26 68
2 29
27 27
3 67
1 42
28 60
4 48
2 46
29 68
5 69
3 35
30 19
6 39
4 68
31 24
7 55
5 38
32 94
8 34
6 32
33 37
9 32
7 32
34 41
10 94
8 50
35 67
11 24
9 32
36 23
12 85
10 29
37 61
13 100
11 62
38 99
14 56
12 25
39 67
15 85
13 53
40 20
16 65
14 84
41 85
17 100
15 65
42 96
18 89
16 99
43 62
19 54
17 10
44 74
20 22
18 45
45 50
21 59
19 47
46 26
22 91
20 22
47 83
23 47
21 96
48 31
24 90
22 81
49 15
25 99
23 37
50 44
24 18
51 37
1 26
27 41
52 18
2 11
28 29
26 82
53 82
3 46
29 34
27 64
54 17
4 47
30 86
28 80
55 87
5 53
31 34
29 42
56 24
6 36
32 91
30 46
57 97
7 35
33 71
31 45
58 94
8 14
34 76
32 42
59 26
9 32
35 68
33 53
60 100
10 81
36 77
34 15
61 72
11 48
37 93
35 56
62 33
12 34
38 21
36 15
63 23
13 70
39 66
37 84
64 85
14 25
40 76
38 63
65 93
15 53
41 45
39 27
66 67
16 40
42 54
40 89
67 99
17 63
43 20
41 62
68 46
18 12
44 33
42 44
69 89
19 42
45 84
43 18
70 82
20 13
46 41
44 47
71 64
21 92
47 40
45 86
72 65
22 94
48 45
46 69
73 19
23 53
49 70
47 66
74 70
24 48
50 83
48 17
75 34
25 36
49 54
76 62
26 88
52 65
77 64
27 33
53 61
51 59
78 82
28 58
54 23
52 33
79 54
29 57
55 70
53 19
80 62
30 13
56 49
54 21
81 100
31 81
57 71
55 46
82 29
32 18
58 95
56 25
83 29
33 100
59 48
57 90
84 16
34 88
60 64
58 83
85 82
35 94
61 48
59 30
86 81
36 100
62 12
60 87
87 83
37 99
63 40
61 42
88 65
38 97
64 52
62 38
89 86
39 51
65 23
63 24
90 86
40 82
66 15
64 51
91 93
41 56
67 100
65 13
92 32
42 53
68 64
66 16
93 56
43 78
69 89
67 17
94 67
44 24
70 88
68 54
95 43
45 52
71 15
69 80
96 53
46 33
72 100
70 77
97 24
47 50
73 62
71 15
98 86
48 70
74 66
72 56
99 55
49 27
75 88
73 75
100 72
50 45
74 82
101 60
51 30
77 43
102 79
52 80
78 56
76 97
103 35
53 60
79 57
77 68
104 43
54 25
80 96
78 36
105 75
55 89
81 45
79 59
106 13
56 50
82 41
80 85
107 49
57 39
83 84
81 100
108 58
58 42
84 50
82 75
109 16
59 54
85 65
83 76
110 87
60 22
86 76
84 49
111 28
61 28
87 65
85 39
112 11
62 23
88 65
86 16
113 48
63 71
89 47
87 96
114 42
64 78
90 93
88 81
115 34
65 48
91 53
89 60
116 13
66 69
92 47
90 82
117 68
67 50
93 74
91 23
118 66
68 30
94 88
92 99
119 22
69 30
95 39
93 98
120 87
70 74
96 61
94 66
121 54
71 19
97 39
95 69
122 50
72 19
98 40
96 91
123 31
73 54
99 46
97 24
124 65
74 94
100 63
98 99
125 95
75 98
99 20
126 97
76 16
102 87
127 36
77 58
103 17
101 71
128 73
78 88
104 45
102 69
129 82
79 13
105 79
103 87
130 72
80 46
106 38
104 74
131 46
81 88
107 33
105 18
132 39
82 29
108 59
106 85
133 97
83 100
109 50
107 62
134 92
84 90
110 18
108 54
135 33
85 90
111 40
109 37
136 49
86 68
112 94
110 87
137 75
87 37
113 39
111 22
138 35
88 53
114 17
112 60
139 78
89 11
115 91
113 27
140 95
90 51
116 93
114 54
141 17
91 20
117 83
115 97
142 65
92 50
118 55
116 66
143 53
93 76
119 14
117 91
144 46
94 82
120 42
118 82
145 29
95 89
121 88
119 80
146 80
96 84
122 90
120 81
147 98
97 68
123 82
121 55
148 80
98 75
124 61
122 31
149 54
99 93
125 27
123 85
150 75
100 27
124 61
151 57
101 10
127 50
152 58
102 93
128 70
126 51
153 69
103 70
129 33
127 54
154 13
104 42
130 19
128 10
155 88
105 81
131 98
129 38
156 74
106 94
132 18
130 56
157 73
107 45
133 75
131 80
158 56
108 82
134 45
132 88
159 32
109 23
135 85
133 33
160 93
110 36
136 77
134 61
161 31
111 43
137 75
135 85
162 78
112 22
138 76
136 28
163 96
113 94
139 88
137 25
164 74
114 46
140 21
138 26
165 51
115 32
141 87
139 88
166 61
116 47
142 84
140 50
167 16
117 24
143 39
141 100
168 78
118 40
144 60
142 82
169 49
119 33
145 80
143 75
170 53
120 87
146 44
144 21
171 25
121 93
147 28
145 90
172 64
122 80
148 29
146 21
173 93
123 20
149 24
147 55
174 72
124 68
150 44
148 30
175 13
125 63
149 63
176 36
126 37
152 57
177 34
127 66
153 69
151 98
178 92
128 22
154 71
152 95
179 52
129 11
155 39
153 94
180 74
130 34
156 55
154 54
181 29
131 42
157 45
155 44
182 15
132 37
158 79
156 20
183 54
133 37
159 89
157 59
184 55
134 27
160 85
158 59
185 60
135 58
161 11
159 97
186 43
136 67
162 93
160 62
187 75
137 71
163 15
161 92
188 48
138 80
164 47
162 72
189 51
139 52
165 22
163 35
190 16
140 24
166 70
164 34
191 48
141 27
167 11
165 98
192 75
142 28
168 52
166 85
193 59
143 33
169 40
167 57
194 75
144 91
170 10
168 67
195 13
145 36
171 19
169 36
196 55
146 14
172 27
170 82
197 92
147 100
173 29
171 36
198 68
148 85
174 93
172 42
199 84
149 46
175 95
173 66
200 29
150 90
174 65
201 23
151 76
177 49
202 20
152 31
178 33
176 26
203 77
153 83
179 19
177 19
204 77
154 55
180 10
178 61
205 30
155 45
181 29
179 38
206 85
156 87
182 81
180 51
207 70
157 85
183 86
181 36
208 57
158 59
184 84
182 70
209 65
159 85
185 44
183 99
210 75
160 12
186 89
184 79
211 69
161 76
187 55
185 51
212 94
162 65
188 41
186 96
213 79
163 62
189 61
187 100
214 49
164 100
190 93
188 50
215 38
165 80
191 17
189 88
216 31
166 10
192 48
190 66
217 34
167 49
193 66
191 81
218 57
168 94
194 76
192 30
219 97
169 76
195 30
193 100
220 92
170 84
196 62
194 47
221 83
171 53
197 20
195 47
222 38
172 83
198 69
196 95
223 64
173 40
199 96
197 33
224 36
174 77
200 42
198 56
225 42
175 63
199 55
226 77
176 88
202 76
227 56
177 38
203 49
201 17
228 58
178 39
204 70
202 92
229 69
179 98
205 55
203 19
230 43
180 67
206 27
204 24
231 91
181 77
207 70
205 60
232 90
182 66
208 48
206 89
233 72
183 56
209 11
207 92
234 14
184 33
210 85
208 57
235 83
185 69
211 74
209 87
236 22
186 49
212 88
210 57
237 39
187 85
213 64
211 44
238 98
188 39
214 48
212 91
239 76
189 12
215 89
213 72
240 82
190 66
216 11
214 94
241 31
191 54
217 98
215 20
242 55
192 98
218 84
216 46
243 88
193 64
219 33
217 76
244 66
194 27
220 92
218 13
245 44
195 62
221 23
219 61
246 86
196 88
222 49
220 76
247 19
197 70
223 38
221 30
248 43
198 97
224 44
222 79
249 30
199 13
225 88
223 100
250 59
200 14
224 95
251 78
201 45
227 84
252 92
202 17
228 84
226 24
253 68
203 33
229 75
227 86
254 47
204 43
230 54
228 21
255 13
205 83
231 67
229 15
256 85
206 80
232 36
230 38
257 36
207 82
233 75
231 18
258 30
208 45
234 29
232 15
259 24
209 55
235 89
233 31
260 55
210 21
236 19
234 39
261 70
211 71
237 12
235 76
262 67
212 52
238 58
236 44
263 71
213 39
239 53
237 39
264 54
214 46
240 39
238 87
265 98
215 16
241 62
239 22
266 35
216 25
242 59
240 44
267 92
217 100
243 33
241 29
268 68
218 26
244 51
242 53
269 49
219 55
245 53
243 28
270 62
220 21
246 24
244 17
271 71
221 23
247 51
245 79
272 60
222 26
248 88
246 51
273 62
223 48
249 97
247 99
274 14
224 53
250 90
248 95
275 33
225 78
249 15
276 99
226 85
252 68
277 95
227 29
253 73
251 97
278 62
228 56
254 37
252 74
279 20
229 10
255 45
253 84
280 39
230 23
256 52
254 28
281 50
231 50
257 82
255 16
282 97
232 54
258 40
256 78
283 66
233 14
259 23
257 48
284 45
234 80
260 49
258 84
285 55
235 24
261 56
259 59
286 96
236 46
262 59
260 76
287 82
237 17
263 39
261 91
288 73
238 89
264 34
262 84
289 45
239 88
265 56
263 71
290 38
240 54
266 75
264 79
291 20
241 58
267 10
265 32
292 79
242 89
268 14
266 64
293 54
243 80
269 28
267 57
294 64
244 47
270 64
268 49
295 81
245 91
271 58
269 16
296 49
246 65
272 14
270 59
297 45
247 28
273 67
271 75
298 64
248 14
274 43
272 11
299 98
249 59
275 40
273 71
300 61
250 49
274 66
301 36
251 12
277 36
302 88
252 33
278 91
276 14
303 75
253 14
279 46
277 23
304 50
254 36
280 24
278 51
305 57
255 42
281 74
279 19
306 52
256 25
282 54
280 42
307 81
257 60
283 11
281 61
308 14
258 67
284 38
282 51
309 31
259 78
285 17
283 41
310 26
260 20
286 88
284 24
311 50
261 26
287 29
285 95
312 45
262 67
288 68
286 15
313 63
263 95
289 88
287 78
314 44
264 56
290 79
288 24
315 88
265 32
291 71
289 17
316 80
266 49
292 62
290 66
317 51
267 41
293 67
291 46
318 23
268 48
294 84
292 59
319 99
269 68
295 66
293 79
320 40
270 62
296 28
294 71
321 15
271 19
297 94
295 35
322 52
272 79
298 94
296 34
323 51
273 95
299 65
297 31
324 90
274 24
300 42
298 17
325 78
275 78
299 55
326 53
276 83
302 57
327 51
277 84
303 83
301 89
328 98
278 69
304 15
302 41
329 32
279 87
305 34
303 24
330 88
280 59
306 95
304 99
331 58
281 80
307 54
305 12
332 64
282 92
308 18
306 46
333 64
283 100
309 11
307 59
334 17
284 100
310 86
308 41
335 30
285 41
311 58
309 34
336 26
286 39
312 77
310 57
337 55
287 65
313 99
311 87
338 93
288 38
314 60
312 51
339 57
289 30
315 53
313 56
340 74
290 39
316 97
314 68
341 35
291 20
317 42
315 27
342 70
292 77
318 86
316 45
343 95
293 38
319 13
317 49
344 31
294 86
320 78
318 27
345 48
295 11
321 48
319 67
346 59
296 97
322 86
320 61
347 24
297 55
323 35
321 55
348 65
298 59
324 86
322 89
349 35
299 54
325 22
323 32
350 63
300 30
324 41
351 93
301 25
327 16
352 65
302 46
328 87
326 91
353 29
303 98
329 87
327 68
354 51
304 14
330 26
328 79
355 91
305 80
331 18
329 24
356 57
306 77
332 19
330 71
357 21
307 69
333 60
331 86
358 94
308 74
334 59
332 100
359 100
309 21
335 13
333 33
360 34
310 59
336 42
334 44
361 18
311 88
337 81
335 24
362 74
312 29
338 64
336 44
363 61
313 41
339 20
337 61
364 40
314 76
340 75
338 92
365 32
315 81
341 24
339 33
366 46
316 78
342 32
340 49
367 100
317 60
343 87
341 60
368 89
318 78
344 33
342 19
369 75
319 68
345 46
343 29
370 14
320 83
346 15
344 32
371 99
321 46
347 80
345 78
372 26
322 14
348 69
346 59
373 98
323 92
349 35
347 57
374 90
324 88
350 16
348 55
375 87
325 11
349 32
376 58
326 27
352 88
377 12
327 50
353 23
351 91
378 25
328 21
354 42
352 59
379 30
329 19
355 90
353 94
380 70
330 45
356 57
354 80
381 67
331 30
357 26
355 74
382 40
332 60
358 54
356 48
383 49
333 84
359 25
357 22
384 91
334 15
360 30
358 55
385 28
335 18
361 62
359 18
386 25
336 44
362 89
360 75
387 93
337 65
363 100
361 64
388 67
338 52
364 45
362 25
389 80
339 84
365 77
363 11
390 89
340 40
366 71
364 47
391 73
341 74
367 21
365 82
392 88
342 36
368 64
366 51
393 15
343 18
369 75
367 46
394 51
344 97
370 87
368 58
395 36
345 71
371 40
369 43
396 97
346 61
372 11
370 88
397 21
347 75
373 63
371 49
398 67
348 83
374 15
372 50
399 61
349 53
375 64
373 18
400 64
350 46
374 79
401 23
351 27
377 48
402 48
352 15
378 73
376 97
403 80
353 63
379 33
377 73
404 52
354 33
380 74
378 21
405 83
355 66
381 17
379 33
406 46
356 44
382 22
380 18
407 34
357 35
383 11
381 87
408 30
358 96
384 60
382 43
409 83
359 30
385 68
383 83
410 34
360 11
386 86
384 20
411 39
361 35
387 80
385 94
412 83
362 42
388 73
386 70
413 21
363 62
389 62
387 54
414 85
364 14
390 95
388 33
415 48
365 14
391 52
389 86
416 100
366 34
392 34
390 80
417 95
367 57
393 87
391 95
418 74
368 57
394 62
392 40
419 29
369 64
395 54
393 24
420 54
370 65
396 54
394 13
421 84
371 56
397 97
395 33
422 85
372 69
398 61
396 60
423 70
373 43
399 19
397 61
424 22
374 83
400 26
398 53
425 85
375 96
399 25
426 12
376 73
402 42
427 74
377 58
403 33
401 71
428 15
378 47
404 97
402 77
429 22
379 96
405 79
403 59
430 99
380 76
406 47
404 15
431 99
381 62
407 79
405 35
432 17
382 16
408 95
406 54
433 54
383 56
409 57
407 96
434 10
384 88
410 17
408 59
435 85
385 20
411 99
409 29
436 77
386 85
412 21
410 70
437 23
387 63
413 89
411 84
438 23
388 36
414 64
412 98
439 19
389 77
415 18
413 47
440 64
390 99
416 37
414 78
441 54
391 86
417 73
415 44
442 31
392 31
418 10
416 58
443 98
393 15
419 63
417 96
444 13
394 15
420 60
418 79
445 68
395 31
421 89
419 81
446 98
396 49
422 49
420 45
447 98
397 68
423 89
421 46
448 58
398 25
424 89
422 50
449 77
399 65
425 88
423 98
450 76
400 13
424 70
451 52
401 58
427 14
452 67
402 20
428 17
426 29
453 33
403 34
429 100
427 33
454 24
404 21
430 94
428 39
455 96
405 61
431 24
429 74
456 58
406 69
432 63
430 25
457 16
407 86
433 79
431 81
458 13
408 53
434 86
432 59
459 30
409 60
435 62
433 76
460 77
410 95
436 85
434 79
461 39
411 19
437 81
435 10
462 25
412 29
438 66
436 74
463 58
413 56
439 37
437 42
464 96
414 59
440 65
438 26
465 66
415 20
441 75
439 22
466 74
416 87
442 49
440 91
467 70
417 66
443 45
441 58
468 18
418 40
444 91
442 81
469 29
419 57
445 49
443 69
470 10
420 14
446 90
444 83
471 30
421 60
447 96
445 66
472 53
422 85
448 35
446 76
473 43
423 21
449 10
447 76
474 98
424 86
450 91
448 35
475 47
425 90
449 90
476 74
426 65
452 29
477 11
427 16
453 48
451 89
478 94
428 22
454 53
452 11
479 31
429 58
455 22
453 47
480 94
430 42
456 76
454 51
481 96
431 52
457 87
455 56
482 75
432 37
458 22
456 34
483 37
433 30
459 27
457 70
484 41
434 80
460 49
458 66
485 38
435 81
461 18
459 81
486 28
436 66
462 24
460 100
487 91
437 97
463 18
461 62
488 42
438 65
464 71
462 93
489 52
439 19
465 62
463 87
490 79
440 15
466 93
464 27
491 63
441 10
467 82
465 98
492 98
442 89
468 80
466 99
493 19
443 18
469 51
467 54
494 72
444 76
470 79
468 77
495 34
445 34
471 97
469 70
496 10
446 30
472 41
470 79
497 45
447 65
473 35
471 82
498 17
448 78
474 41
472 31
499 43
449 56
475 25
473 14
500 50
450 77
474 35
501 60
451 52
477 68
502 88
452 14
478 29
476 29
503 96
453 85
479 21
477 40
504 74
454 62
480 11
478 87
505 82
455 94
481 43
479 75
506 35
456 90
482 68
480 15
507 78
457 36
483 47
481 71
508 54
458 80
484 94
482 92
509 34
459 25
485 87
483 20
510 60
460 95
486 76
484 71
511 37
461 18
487 73
485 26
512 42
462 89
488 98
486 63
513 48
463 45
489 43
487 31
514 89
464 81
490 79
488 20
515 18
465 14
491 70
489 82
516 53
466 86
492 45
490 43
517 84
467 91
493 52
491 90
518 98
468 46
494 74
492 47
519 33
469 20
495 59
493 81
520 45
470 84
496 35
494 98
521 31
471 16
497 16
495 70
522 58
472 32
498 40
496 38
523 38
473 14
499 17
497 67
524 12
474 87
500 38
498 12
525 41
475 51
499 61
526 52
476 42
502 49
527 48
477 61
503 93
501 17
528 44
478 34
504 94
502 58
529 42
479 33
505 95
503 34
530 39
480 20
506 72
504 75
531 58
481 93
507 87
505 51
532 74
482 87
508 99
506 24
533 23
483 89
509 17
507 90
534 54
484 40
510 16
508 77
535 85
485 82
511 17
509 35
536 21
486 31
512 51
510 24
537 51
487 42
513 56
511 52
538 74
488 59
514 34
512 46
539 79
489 49
515 87
513 10
540 50
490 66
516 85
514 47
541 94
491 83
517 85
515 57
542 48
492 80
518 56
516 67
543 87
493 31
519 34
517 44
544 82
494 70
520 49
518 72
545 77
495 36
521 62
519 45
546 15
496 40
522 58
520 84
547 45
497 75
523 51
521 60
548 88
498 47
524 73
522 22
549 100
499 24
525 41
523 10
550 56
500 71
524 45
551 38
501 40
527 34
552 80
502 22
528 95
526 97
553 82
503 81
529 42
527 48
554 36
504 78
530 18
528 98
555 98
505 57
531 18
529 45
556 63
506 17
532 12
530 93
557 94
507 58
533 28
531 47
558 29
508 16
534 89
532 96
559 11
509 90
535 90
533 72
560 46
510 42
536 63
534 90
561 15
511 15
537 42
535 12
562 66
512 28
538 87
536 87
563 72
513 57
539 46
537 56
564 39
514 38
540 94
538 34
565 95
515 99
541 83
539 27
566 54
516 86
542 14
540 17
567 90
517 63
543 21
541 81
568 12
518 80
544 87
542 25
569 42
519 63
545 55
543 86
570 71
520 64
546 54
544 21
571 71
521 76
547 68
545 83
572 46
522 25
548 98
546 55
573 85
523 35
549 80
547 80
574 80
524 11
550 62
548 43
575 40
525 32
549 55
576 98
526 52
552 31
577 10
527 39
553 50
551 46
578 36
528 71
554 69
552 66
579 89
529 85
555 83
553 89
580 20
530 49
556 16
554 23
581 26
531 29
557 68
555 87
582 69
532 38
558 53
556 90
583 71
533 62
559 33
557 28
584 36
534 18
560 72
558 29
585 56
535 93
561 71
559 85
586 75
536 50
562 23
560 47
587 47
537 88
563 38
561 76
588 51
538 80
564 27
562 92
589 83
539 85
565 28
563 71
590 64
540 66
566 39
564 91
591 48
541 80
567 53
565 93
592 70
542 17
568 93
566 44
593 91
543 22
569 68
567 40
594 99
544 45
570 50
568 78
595 28
545 23
571 74
569 46
596 38
546 67
572 92
570 89
597 31
547 61
573 30
571 70
598 35
548 37
574 11
572 67
599 59
549 27
575 99
573 74
600 61
550 80
574 64
601 25
551 52
577 67
602 37
552 12
578 19
576 81
603 75
553 97
579 82
577 79
604 63
554 11
580 38
578 66
605 27
555 50
581 100
579 78
606 39
556 79
582 49
580 71
607 67
557 53
583 83
581 67
608 100
558 89
584 71
582 10
609 74
559 47
585 44
583 63
610 32
560 44
586 60
584 36
611 86
561 68
587 30
585 87
612 22
562 72
588 23
586 77
613 90
563 13
589 50
587 58
614 76
564 80
590 98
588 34
615 60
565 49
591 18
589 60
616 40
566 14
592 84
590 65
617 79
567 86
593 73
591 94
618 84
568 90
594 15
592 76
619 86
569 13
595 60
593 32
620 13
570 56
596 12
594 11
621 89
571 72
597 56
595 13
622 71
572 94
598 21
596 19
623 68
573 93
599 58
597 54
624 96
574 78
600 56
598 67
625 75
575 70
599 20
576 27
602 24
577 35
603 40
601 27
578 46
604 10
602 88
579 48
605 90
603 95
580 89
606 100
604 83
581 11
607 67
605 40
582 73
608 32
606 14
583 87
609 83
607 80
584 31
610 41
608 45
585 78
611 71
609 100
586 53
612 80
610 44
587 88
613 91
611 69
588 38
614 75
612 45
589 44
615 68
613 79
590 21
616 37
614 50
591 52
617 92
615 87
592 91
618 65
616 45
593 13
619 41
617 28
594 79
620 70
618 58
595 67
621 33
619 51
596 34
622 14
620 19
597 34
623 21
621 83
598 92
624 48
622 11
599 29
625 47
623 37
600 35
624 29
565
573
1 565 
1 358 
1 318 
1 461 
1 518 
1 233 
1 356 
4 567 417 27 255 
2 585 544 
3 12 29 187 
1 171 
4 206 138 296 545 
2 2 66 
1 17 
1 543 
2 399 405 
1 527 
1 279 
1 167 
2 591 442 
2 259 463 
3 274 529 212 
2 177 19 
2 394 359 
1 576 
2 102 289 
2 83 329 
2 361 389 
1 286 
3 101 61 183 
1 480 
1 35 
2 250 344 
2 239 374 
3 225 462 373 
3 438 549 386 
4 493 14 304 276 
1 602 
5 575 364 159 174 440 
4 60 271 141 122 
1 581 
2 471 265 
3 20 41 108 
1 273 
4 538 248 336 100 
2 415 295 
3 453 484 536 
1 355 
1 498 
1 423 
1 36 
2 37 377 
1 114 
3 414 508 95 
1 387 
2 475 152 
1 315 
2 31 524 
1 407 
4 586 24 166 226 
2 552 422 
1 136 
1 71 
1 175 
2 444 157 
1 262 
1 51 
1 368 
2 220 44 
1 244 
2 125 48 
2 352 22 
1 86 
2 173 503 
1 348 
3 222 121 34 
1 509 
1 491 
1 341 
2 223 306 
4 123 6 494 90 
4 227 468 178 548 
1 328 
2 317 424 
4 135 176 207 506 
2 74 588 
3 546 172 269 
1 103 
1 473 
1 362 
2 619 564 
1 287 
3 558 481 169 
2 487 130 
2 605 603 
2 375 496 
1 3 
3 333 349 91 
1 258 
1 381 
1 382 
2 199 72 
3 437 115 256 
2 325 261 
2 580 129 
2 526 293 
1 434 
2 288 165 
1 161 
4 185 347 305 533 
1 181 
2 197 151 
2 82 120 
1 50 
1 160 
3 67 186 390 
1 266 
2 308 573 
