625 2400 10 100 118
2
3
3
3
3
3
3
3
3
3
3
3
3
3
3
3
3
3
3
3
3
3
3
3
2
3
4
4
4
4
4
4
4
4
4
4
4
4
4
4
4
4
4
4
4
4
4
4
4
3
3
4
4
4
4
4
4
4
4
4
4
4
4
4
4
4
4
4
4
4
4
4
4
4
3
3
4
4
4
4
4
4
4
4
4
4
4
4
4
4
4
4
4
4
4
4
4
4
4
3
3
4
4
4
4
4
4
4
4
4
4
4
4
4
4
4
4
4
4
4
4
4
4
4
3
3
4
4
4
4
4
4
4
4
4
4
4
4
4
4
4
4
4
4
4
4
4
4
4
3
3
4
4
4
4
4
4
4
4
4
4
4
4
4
4
4
4
4
4
4
4
4
4
4
3
3
4
4
4
4
4
4
4
4
4
4
4
4
4
4
4
4
4
4
4
4
4
4
4
3
3
4
4
4
4
4
4
4
4
4
4
4
4
4
4
4
4
4
4
4
4
4
4
4
3
3
4
4
4
4
4
4
4
4
4
4
4
4
4
4
4
4
4
4
4
4
4
4
4
3
3
4
4
4
4
4
4
4
4
4
4
4
4
4
4
4
4
4
4
4
4
4
4
4
3
3
4
4
4
4
4
4
4
4
4
4
4
4
4
4
4
4
4
4
4
4
4
4
4
3
3
4
4
4
4
4
4
4
4
4
4
4
4
4
4
4
4
4
4
4
4
4
4
4
3
3
4
4
4
4
4
4
4
4
4
4
4
4
4
4
4
4
4
4
4
4
4
4
4
3
3
4
4
4
4
4
4
4
4
4
4
4
4
4
4
4
4
4
4
4
4
4
4
4
3
3
4
4
4
4
4
4
4
4
4
4
4
4
4
4
4
4
4
4
4
4
4
4
4
3
3
4
4
4
4
4
4
4
4
4
4
4
4
4
4
4
4
4
4
4
4
4
4
4
3
3
4
4
4
4
4
4
4
4
4
4
4
4
4
4
4
4
4
4
4
4
4
4
4
3
3
4
4
4
4
4
4
4
4
4
4
4
4
4
4
4
4
4
4
4
4
4
4
4
3
3
4
4
4
4
4
4
4
4
4
4
4
4
4
4
4
4
4
4
4
4
4
4
4
3
3
4
4
4
4
4
4
4
4
4
4
4
4
4
4
4
4
4
4
4
4
4
4
4
3
3
4
4
4
4
4
4
4
4
4
4
4
4
4
4
4
4
4
4
4
4
4
4
4
3
3
4
4
4
4
4
4
4
4
4
4
4
4
4
4
4
4
4
4
4
4
4
4
4
3
3
4
4
4
4
4
4
4
4
4
4
4
4
4
4
4
4
4
4
4
4
4
4
4
3
2
3
3
3
3
3
3
3
3
3
3
3
3
3
3
3
3
3
3
3
3
3
3
3
2
26 95
2 29
27 28
3 27
1 71
28 59
4 77
2 100
29 27
5 21
3 53
30 98
6 20
4 49
31 36
7 40
5 69
32 11
8 63
6 50
33 98
9 80
7 63
34 72
10 68
8 77
35 82
11 100
9 39
36 44
12 10
10 90
37 63
13 90
11 50
38 17
14 98
12 52
39 88
15 78
13 77
40 90
16 80
14 42
41 79
17 19
15 66
42 34
18 55
16 64
43 20
19 87
17 54
44 37
20 52
18 71
45 39
21 51
19 99
46 65
22 43
20 82
47 62
23 67
21 80
48 76
24 46
22 38
49 93
25 37
23 12
50 29
24 95
51 20
1 64
27 17
52 18
2 36
28 90
26 25
53 29
3 45
29 69
27 44
54 42
4 96
30 49
28 58
55 99
5 64
31 22
29 11
56 60
6 65
32 100
30 44
57 44
7 12
33 75
31 100
58 17
8 78
34 91
32 46
59 20
9 67
35 56
33 70
60 37
10 71
36 46
34 100
61 52
11 74
37 46
35 47
62 59
12 77
38 22
36 82
63 10
13 100
39 45
37 69
64 47
14 38
40 12
38 76
65 74
15 16
41 82
39 85
66 12
16 48
42 19
40 43
67 11
17 85
43 45
41 35
68 58
18 53
44 47
42 68
69 14
19 66
45 55
43 98
70 68
20 20
46 74
44 74
71 44
21 56
47 39
45 19
72 64
22 22
48 75
46 59
73 44
23 88
49 25
47 72
74 44
24 87
50 75
48 29
75 61
25 24
49 96
76 24
26 54
52 76
77 63
27 32
53 34
51 97
78 33
28 70
54 57
52 47
79 15
29 30
55 59
53 80
80 55
30 11
56 98
54 92
81 100
31 34
57 74
55 21
82 67
32 12
58 35
56 55
83 25
33 71
59 98
57 89
84 16
34 89
60 23
58 36
85 38
35 65
61 71
59 22
86 59
36 25
62 67
60 35
87 35
37 98
63 53
61 53
88 56
38 40
64 44
62 66
89 45
39 41
65 25
63 92
90 93
40 90
66 39
64 64
91 44
41 85
67 44
65 22
92 64
42 46
68 46
66 52
93 28
43 55
69 77
67 33
94 46
44 32
70 43
68 11
95 85
45 72
71 93
69 63
96 18
46 63
72 100
70 66
97 11
47 51
73 50
71 58
98 80
48 21
74 57
72 98
99 77
49 20
75 48
73 34
100 33
50 62
74 35
101 79
51 65
77 28
102 10
52 68
78 94
76 14
103 45
53 20
79 14
77 36
104 15
54 84
80 64
78 26
105 51
55 55
81 68
79 24
106 83
56 49
82 58
80 85
107 34
57 84
83 17
81 35
108 68
58 41
84 70
82 30
109 94
59 93
85 18
83 79
110 61
60 24
86 66
84 27
111 96
61 41
87 90
85 42
112 79
62 31
88 89
86 18
113 41
63 70
89 90
87 43
114 41
64 30
90 30
88 91
115 12
65 69
91 46
89 47
116 54
66 43
92 21
90 47
117 13
67 31
93 31
91 83
118 64
68 70
94 72
92 40
119 44
69 60
95 84
93 57
120 79
70 23
96 69
94 23
121 14
71 21
97 86
95 98
122 11
72 70
98 21
96 14
123 66
73 67
99 91
97 32
124 40
74 16
100 37
98 63
125 51
75 43
99 26
126 29
76 56
102 87
127 97
77 32
103 68
101 87
128 37
78 19
104 92
102 34
129 51
79 41
105 24
103 25
130 58
80 14
106 28
104 97
131 59
81 75
107 21
105 20
132 59
82 46
108 15
106 44
133 18
83 32
109 84
107 53
134 81
84 57
110 21
108 67
135 93
85 28
111 19
109 49
136 28
86 32
112 39
110 66
137 73
87 46
113 11
111 49
138 12
88 98
114 18
112 74
139 99
89 36
115 38
113 33
140 23
90 14
116 80
114 71
141 81
91 36
117 50
115 29
142 17
92 12
118 67
116 35
143 92
93 29
119 76
117 80
144 11
94 33
120 41
118 65
145 93
95 57
121 57
119 96
146 48
96 60
122 39
120 72
147 63
97 31
123 37
121 91
148 47
98 60
124 76
122 21
149 75
99 91
125 41
123 36
150 62
100 84
124 74
151 69
101 55
127 34
152 33
102 77
128 41
126 87
153 82
103 98
129 92
127 60
154 88
104 41
130 18
128 21
155 62
105 43
131 34
129 86
156 13
106 69
132 19
130 71
157 84
107 30
133 51
131 81
158 82
108 53
134 63
132 22
159 37
109 42
135 69
133 49
160 52
110 40
136 82
134 43
161 71
111 23
137 83
135 27
162 18
112 84
138 71
136 55
163 25
113 19
139 55
137 99
164 79
114 16
140 34
138 53
165 74
115 27
141 70
139 10
166 64
116 88
142 41
140 40
167 75
117 71
143 29
141 52
168 64
118 24
144 53
142 54
169 68
119 37
145 59
143 60
170 78
120 10
146 65
144 97
171 11
121 10
147 23
145 73
172 94
122 44
148 22
146 31
173 26
123 61
149 64
147 39
174 100
124 96
150 77
148 48
175 72
125 50
149 61
176 72
126 80
152 58
177 43
127 54
153 95
151 77
178 58
128 56
154 60
152 57
179 33
129 56
155 70
153 55
180 76
130 82
156 72
154 56
181 61
131 16
157 41
155 75
182 56
132 19
158 75
156 15
183 43
133 98
159 61
157 16
184 90
134 28
160 46
158 90
185 83
135 49
161 35
159 95
186 18
136 22
162 93
160 79
187 92
137 16
163 72
161 17
188 93
138 88
164 96
162 96
189 38
139 76
165 49
163 24
190 54
140 17
166 18
164 37
191 35
141 11
167 89
165 63
192 77
142 35
168 64
166 48
193 93
143 85
169 76
167 18
194 59
144 41
170 42
168 81
195 88
145 86
171 29
169 62
196 28
146 64
172 44
170 71
197 53
147 66
173 83
171 64
198 25
148 93
174 86
172 15
199 24
149 16
175 74
173 17
200 85
150 76
174 54
201 23
151 16
177 30
202 12
152 80
178 97
176 97
203 13
153 12
179 84
177 68
204 44
154 92
180 23
178 39
205 14
155 80
181 48
179 64
206 88
156 67
182 45
180 91
207 69
157 77
183 15
181 73
208 84
158 16
184 99
182 34
209 14
159 47
185 46
183 64
210 34
160 13
186 76
184 84
211 46
161 77
187 28
185 97
212 67
162 24
188 79
186 45
213 96
163 30
189 88
187 30
214 21
164 24
190 70
188 63
215 64
165 45
191 59
189 36
216 28
166 28
192 18
190 82
217 21
167 99
193 18
191 54
218 31
168 42
194 70
192 70
219 54
169 30
195 46
193 60
220 67
170 40
196 27
194 67
221 55
171 14
197 27
195 53
222 27
172 85
198 53
196 38
223 14
173 94
199 88
197 80
224 46
174 76
200 23
198 52
225 56
175 40
199 13
226 61
176 39
202 50
227 59
177 98
203 45
201 20
228 29
178 77
204 37
202 74
229 78
179 100
205 40
203 22
230 18
180 34
206 60
204 67
231 97
181 14
207 56
205 66
232 53
182 58
208 18
206 15
233 92
183 34
209 92
207 41
234 20
184 61
210 73
208 71
235 12
185 59
211 37
209 21
236 93
186 18
212 32
210 65
237 11
187 23
213 78
211 26
238 92
188 16
214 35
212 66
239 33
189 96
215 97
213 82
240 31
190 63
216 30
214 97
241 44
191 99
217 26
215 89
242 61
192 77
218 57
216 96
243 36
193 71
219 54
217 40
244 56
194 12
220 47
218 11
245 24
195 57
221 75
219 40
246 15
196 88
222 91
220 94
247 67
197 23
223 25
221 76
248 10
198 88
224 40
222 19
249 41
199 78
225 71
223 80
250 79
200 89
224 33
251 28
201 55
227 46
252 52
202 16
228 32
226 12
253 51
203 35
229 35
227 87
254 55
204 88
230 34
228 48
255 51
205 49
231 45
229 96
256 76
206 22
232 18
230 73
257 20
207 24
233 16
231 51
258 72
208 94
234 96
232 35
259 74
209 26
235 45
233 20
260 70
210 39
236 26
234 52
261 28
211 18
237 60
235 100
262 36
212 95
238 19
236 93
263 85
213 92
239 29
237 74
264 81
214 52
240 86
238 50
265 71
215 18
241 74
239 44
266 34
216 81
242 100
240 42
267 30
217 78
243 28
241 85
268 12
218 27
244 18
242 100
269 43
219 13
245 68
243 87
270 16
220 23
246 36
244 25
271 72
221 90
247 57
245 31
272 61
222 35
248 88
246 29
273 18
223 44
249 82
247 37
274 20
224 55
250 68
248 83
275 60
225 87
249 48
276 23
226 61
252 89
277 82
227 14
253 100
251 73
278 29
228 48
254 32
252 56
279 72
229 64
255 76
253 56
280 32
230 22
256 15
254 73
281 17
231 60
257 81
255 79
282 82
232 42
258 14
256 32
283 83
233 74
259 75
257 31
284 33
234 52
260 77
258 26
285 17
235 80
261 22
259 79
286 23
236 54
262 74
260 33
287 45
237 10
263 61
261 65
288 71
238 42
264 82
262 24
289 33
239 64
265 96
263 40
290 45
240 35
266 27
264 43
291 61
241 51
267 33
265 89
292 56
242 13
268 91
266 18
293 37
243 37
269 41
267 77
294 31
244 40
270 58
268 65
295 74
245 36
271 55
269 36
296 29
246 49
272 51
270 17
297 30
247 98
273 42
271 92
298 84
248 53
274 82
272 71
299 14
249 59
275 11
273 51
300 56
250 33
274 93
301 36
251 78
277 78
302 71
252 10
278 96
276 53
303 69
253 73
279 21
277 88
304 40
254 78
280 83
278 87
305 21
255 34
281 47
279 69
306 17
256 72
282 78
280 64
307 74
257 15
283 27
281 25
308 44
258 81
284 76
282 56
309 13
259 34
285 39
283 12
310 75
260 31
286 100
284 49
311 29
261 40
287 94
285 74
312 83
262 39
288 10
286 68
313 35
263 96
289 78
287 77
314 31
264 62
290 84
288 56
315 89
265 72
291 16
289 74
316 72
266 77
292 64
290 25
317 98
267 12
293 52
291 82
318 11
268 54
294 59
292 79
319 98
269 96
295 71
293 70
320 95
270 68
296 30
294 86
321 15
271 97
297 66
295 60
322 45
272 18
298 43
296 91
323 32
273 79
299 32
297 42
324 40
274 99
300 25
298 93
325 61
275 81
299 19
326 37
276 50
302 87
327 39
277 82
303 76
301 85
328 31
278 43
304 75
302 44
329 15
279 78
305 57
303 83
330 76
280 10
306 62
304 87
331 54
281 95
307 50
305 43
332 73
282 63
308 83
306 88
333 57
283 97
309 69
307 65
334 65
284 88
310 79
308 84
335 92
285 62
311 81
309 43
336 34
286 27
312 10
310 88
337 53
287 91
313 10
311 23
338 55
288 35
314 10
312 80
339 74
289 48
315 11
313 93
340 40
290 19
316 62
314 38
341 100
291 32
317 69
315 44
342 48
292 72
318 90
316 63
343 21
293 14
319 13
317 39
344 74
294 21
320 73
318 33
345 74
295 69
321 59
319 32
346 41
296 59
322 86
320 41
347 42
297 21
323 67
321 85
348 58
298 30
324 51
322 61
349 57
299 11
325 62
323 12
350 93
300 12
324 72
351 29
301 30
327 38
352 64
302 100
328 45
326 29
353 71
303 20
329 17
327 60
354 89
304 63
330 55
328 15
355 85
305 23
331 45
329 58
356 96
306 53
332 99
330 74
357 43
307 90
333 15
331 56
358 14
308 29
334 70
332 70
359 98
309 97
335 11
333 77
360 45
310 35
336 13
334 80
361 26
311 94
337 72
335 53
362 71
312 61
338 10
336 58
363 49
313 16
339 74
337 36
364 40
314 29
340 94
338 43
365 48
315 78
341 61
339 83
366 62
316 52
342 41
340 88
367 62
317 18
343 13
341 57
368 82
318 20
344 89
342 39
369 45
319 15
345 61
343 81
370 50
320 58
346 48
344 99
371 31
321 28
347 10
345 76
372 22
322 94
348 42
346 52
373 33
323 71
349 96
347 99
374 46
324 35
350 35
348 92
375 50
325 52
349 52
376 62
326 68
352 70
377 95
327 29
353 84
351 79
378 98
328 47
354 34
352 83
379 45
329 45
355 12
353 60
380 57
330 10
356 48
354 60
381 81
331 80
357 53
355 97
382 36
332 32
358 60
356 76
383 67
333 38
359 43
357 50
384 55
334 31
360 52
358 57
385 46
335 21
361 54
359 36
386 95
336 100
362 68
360 40
387 48
337 69
363 75
361 40
388 97
338 74
364 44
362 54
389 88
339 52
365 75
363 72
390 14
340 55
366 81
364 92
391 17
341 97
367 17
365 53
392 34
342 50
368 54
366 25
393 40
343 21
369 31
367 84
394 78
344 86
370 25
368 60
395 14
345 75
371 87
369 72
396 68
346 88
372 30
370 17
397 78
347 55
373 13
371 81
398 53
348 25
374 91
372 57
399 96
349 35
375 62
373 65
400 35
350 88
374 89
401 11
351 26
377 80
402 62
352 82
378 85
376 72
403 78
353 65
379 78
377 61
404 64
354 63
380 81
378 19
405 41
355 28
381 90
379 21
406 92
356 81
382 54
380 28
407 100
357 49
383 16
381 66
408 67
358 41
384 63
382 25
409 84
359 47
385 12
383 19
410 35
360 75
386 99
384 52
411 41
361 68
387 65
385 92
412 42
362 63
388 56
386 89
413 93
363 24
389 87
387 73
414 21
364 37
390 44
388 60
415 29
365 25
391 99
389 86
416 80
366 36
392 39
390 36
417 84
367 89
393 64
391 37
418 94
368 95
394 43
392 94
419 70
369 93
395 61
393 72
420 25
370 14
396 69
394 34
421 20
371 37
397 39
395 35
422 31
372 22
398 30
396 67
423 41
373 16
399 57
397 61
424 90
374 27
400 23
398 94
425 94
375 54
399 77
426 63
376 53
402 77
427 52
377 61
403 84
401 99
428 82
378 20
404 83
402 53
429 72
379 80
405 92
403 61
430 28
380 14
406 15
404 82
431 50
381 85
407 49
405 27
432 31
382 48
408 60
406 59
433 50
383 90
409 18
407 59
434 17
384 18
410 79
408 13
435 27
385 82
411 84
409 11
436 11
386 29
412 33
410 92
437 60
387 52
413 97
411 40
438 53
388 86
414 77
412 62
439 80
389 45
415 36
413 45
440 53
390 18
416 100
414 79
441 65
391 41
417 48
415 17
442 71
392 37
418 13
416 87
443 48
393 98
419 28
417 25
444 57
394 42
420 32
418 58
445 91
395 41
421 80
419 69
446 87
396 32
422 72
420 56
447 15
397 27
423 16
421 82
448 66
398 32
424 43
422 31
449 44
399 36
425 32
423 80
450 70
400 44
424 61
451 46
401 26
427 53
452 22
402 84
428 89
426 46
453 72
403 37
429 18
427 99
454 13
404 83
430 57
428 20
455 55
405 59
431 80
429 65
456 80
406 28
432 60
430 41
457 44
407 55
433 45
431 58
458 89
408 43
434 66
432 71
459 47
409 23
435 94
433 48
460 21
410 60
436 65
434 76
461 52
411 31
437 93
435 89
462 27
412 34
438 51
436 54
463 72
413 23
439 56
437 31
464 31
414 37
440 13
438 96
465 80
415 46
441 83
439 93
466 12
416 97
442 40
440 35
467 80
417 43
443 72
441 36
468 29
418 26
444 99
442 64
469 98
419 80
445 12
443 34
470 52
420 55
446 25
444 78
471 57
421 90
447 95
445 42
472 43
422 46
448 81
446 61
473 31
423 30
449 47
447 76
474 52
424 52
450 91
448 65
475 47
425 30
449 41
476 28
426 40
452 39
477 33
427 59
453 23
451 71
478 68
428 40
454 88
452 18
479 85
429 88
455 53
453 13
480 83
430 73
456 12
454 49
481 57
431 90
457 32
455 52
482 96
432 91
458 58
456 12
483 78
433 71
459 57
457 57
484 63
434 88
460 33
458 37
485 56
435 71
461 45
459 81
486 96
436 36
462 88
460 54
487 33
437 27
463 16
461 58
488 69
438 77
464 25
462 96
489 63
439 56
465 56
463 14
490 84
440 45
466 10
464 95
491 15
441 55
467 26
465 79
492 33
442 95
468 30
466 51
493 89
443 37
469 30
467 53
494 28
444 80
470 70
468 38
495 66
445 18
471 91
469 10
496 89
446 16
472 33
470 29
497 94
447 68
473 85
471 52
498 20
448 79
474 81
472 44
499 16
449 47
475 30
473 16
500 60
450 58
474 54
501 97
451 83
477 52
502 78
452 39
478 69
476 44
503 90
453 30
479 13
477 99
504 65
454 39
480 33
478 26
505 80
455 91
481 87
479 16
506 18
456 18
482 47
480 67
507 43
457 83
483 97
481 31
508 21
458 25
484 13
482 61
509 100
459 76
485 52
483 15
510 34
460 24
486 91
484 61
511 74
461 87
487 86
485 44
512 33
462 88
488 45
486 80
513 86
463 29
489 11
487 60
514 74
464 79
490 34
488 87
515 65
465 29
491 72
489 58
516 28
466 19
492 73
490 13
517 14
467 10
493 88
491 20
518 33
468 65
494 57
492 41
519 52
469 33
495 90
493 42
520 10
470 27
496 98
494 88
521 20
471 43
497 41
495 36
522 44
472 47
498 45
496 79
523 75
473 18
499 58
497 22
524 43
474 73
500 82
498 99
525 25
475 66
499 29
526 84
476 22
502 77
527 36
477 40
503 61
501 21
528 85
478 38
504 77
502 89
529 48
479 76
505 79
503 88
530 50
480 77
506 91
504 92
531 67
481 85
507 57
505 46
532 93
482 25
508 80
506 45
533 16
483 44
509 100
507 17
534 95
484 94
510 48
508 19
535 81
485 96
511 45
509 89
536 56
486 97
512 96
510 63
537 37
487 29
513 23
511 84
538 58
488 93
514 97
512 67
539 43
489 43
515 12
513 48
540 47
490 15
516 41
514 26
541 80
491 99
517 100
515 72
542 18
492 62
518 22
516 100
543 13
493 87
519 58
517 74
544 34
494 96
520 66
518 14
545 71
495 23
521 29
519 72
546 29
496 87
522 96
520 32
547 54
497 57
523 75
521 57
548 68
498 99
524 61
522 64
549 100
499 46
525 98
523 98
550 48
500 56
524 78
551 68
501 11
527 36
552 10
502 100
528 39
526 27
553 67
503 54
529 34
527 23
554 42
504 70
530 79
528 72
555 32
505 80
531 18
529 59
556 88
506 33
532 38
530 71
557 81
507 98
533 96
531 96
558 68
508 91
534 45
532 34
559 51
509 85
535 64
533 31
560 21
510 24
536 41
534 54
561 66
511 62
537 83
535 67
562 38
512 22
538 35
536 68
563 97
513 96
539 38
537 35
564 42
514 78
540 87
538 31
565 100
515 72
541 22
539 22
566 69
516 42
542 94
540 100
567 21
517 53
543 17
541 53
568 15
518 99
544 77
542 56
569 41
519 29
545 38
543 89
570 28
520 95
546 97
544 87
571 79
521 72
547 26
545 32
572 95
522 32
548 32
546 34
573 68
523 56
549 41
547 45
574 67
524 65
550 69
548 59
575 45
525 28
549 39
576 99
526 67
552 77
577 84
527 78
553 88
551 10
578 18
528 83
554 12
552 42
579 24
529 68
555 14
553 24
580 50
530 88
556 67
554 25
581 13
531 21
557 92
555 92
582 51
532 12
558 56
556 16
583 26
533 88
559 12
557 91
584 75
534 16
560 64
558 16
585 78
535 89
561 19
559 22
586 79
536 51
562 49
560 69
587 36
537 19
563 39
561 29
588 79
538 53
564 48
562 45
589 73
539 71
565 17
563 76
590 42
540 74
566 20
564 55
591 23
541 29
567 23
565 19
592 31
542 72
568 49
566 27
593 100
543 28
569 60
567 92
594 76
544 23
570 72
568 50
595 69
545 85
571 78
569 20
596 19
546 26
572 73
570 77
597 63
547 24
573 64
571 17
598 53
548 14
574 43
572 67
599 38
549 41
575 52
573 67
600 17
550 77
574 48
601 76
551 91
577 35
602 35
552 54
578 50
576 53
603 15
553 64
579 81
577 55
604 60
554 11
580 59
578 21
605 83
555 54
581 32
579 45
606 15
556 74
582 62
580 46
607 43
557 35
583 22
581 98
608 82
558 34
584 77
582 37
609 13
559 44
585 28
583 33
610 63
560 64
586 21
584 29
611 72
561 80
587 14
585 99
612 50
562 53
588 31
586 59
613 77
563 93
589 18
587 84
614 88
564 76
590 76
588 49
615 29
565 16
591 26
589 20
616 47
566 83
592 96
590 63
617 26
567 30
593 71
591 86
618 77
568 75
594 58
592 93
619 69
569 44
595 56
593 45
620 34
570 94
596 54
594 61
621 44
571 31
597 70
595 88
622 30
572 49
598 37
596 47
623 93
573 75
599 45
597 67
624 71
574 52
600 83
598 61
625 82
575 55
599 49
576 24
602 95
577 56
603 79
601 54
578 65
604 66
602 35
579 79
605 72
603 51
580 17
606 79
604 57
581 64
607 61
605 80
582 45
608 71
606 30
583 76
609 40
607 21
584 81
610 24
608 90
585 79
611 95
609 27
586 50
612 41
610 85
587 36
613 47
611 47
588 54
614 34
612 56
589 72
615 75
613 92
590 62
616 13
614 74
591 53
617 58
615 26
592 79
618 68
616 69
593 23
619 14
617 73
594 94
620 37
618 21
595 29
621 30
619 82
596 19
622 88
620 96
597 29
623 69
621 41
598 55
624 56
622 30
599 31
625 89
623 77
600 93
624 84
49
468
2 200 49 
1 39 
2 135 175 
2 572 167 
1 115 
1 275 
2 327 74 
2 452 384 
1 286 
1 45 
2 9 611 
2 534 496 
1 304 
2 455 22 
3 20 245 16 
2 131 345 
2 431 464 
1 614 
3 186 238 296 
2 208 307 
1 426 
2 521 293 
1 590 
1 198 
3 410 257 173 
4 195 213 191 524 
2 391 342 
3 24 155 399 
3 209 161 223 
1 299 
1 246 
3 537 341 492 
1 437 
2 459 159 
2 281 81 
2 259 26 
2 76 344 
2 568 172 
2 261 575 
2 448 121 
6 197 346 270 92 169 174 
2 294 340 
3 450 378 467 
1 509 
2 258 556 
2 126 216 
1 19 
2 517 136 
2 31 411 
1 526 
1 267 
1 527 
2 180 493 
1 386 
3 436 499 573 
2 144 551 
1 110 
1 616 
2 99 33 
1 96 
2 137 171 
2 27 292 
1 290 
1 413 
2 229 38 
1 360 
1 300 
1 94 
1 291 
1 7 
2 488 221 
1 163 
4 558 375 609 143 
3 435 328 236 
2 624 377 
1 465 
3 29 151 523 
2 68 237 
2 72 456 
1 520 
2 462 539 
1 388 
1 107 
1 587 
1 497 
1 170 
2 214 242 
2 36 601 
2 51 514 
1 15 
2 102 326 
3 67 153 140 
4 405 586 233 297 
2 56 303 
1 359 
2 158 62 
2 253 215 
3 479 315 323 
1 408 
2 88 453 
3 120 598 613 
2 454 280 
4 381 145 477 207 
2 602 250 
2 533 385 
1 34 
2 562 594 
2 335 48 
2 285 103 
2 127 203 
1 37 
4 325 530 389 380 
2 445 55 
1 109 
1 202 
1 412 
2 113 473 
2 372 468 
