400 1500 10 100 76
2
3
3
3
3
3
3
3
3
3
3
3
3
3
3
3
3
3
3
3
3
3
3
3
3
3
3
3
3
3
3
3
3
3
3
3
3
3
3
2
3
4
4
4
4
4
4
4
4
4
4
4
4
4
4
4
4
4
4
4
4
4
4
4
4
4
4
4
4
4
4
4
4
4
4
4
4
4
4
3
3
4
4
4
4
4
4
4
4
4
4
4
4
4
4
4
4
4
4
4
4
4
4
4
4
4
4
4
4
4
4
4
4
4
4
4
4
4
4
3
3
4
4
4
4
4
4
4
4
4
4
4
4
4
4
4
4
4
4
4
4
4
4
4
4
4
4
4
4
4
4
4
4
4
4
4
4
4
4
3
3
4
4
4
4
4
4
4
4
4
4
4
4
4
4
4
4
4
4
4
4
4
4
4
4
4
4
4
4
4
4
4
4
4
4
4
4
4
4
3
3
4
4
4
4
4
4
4
4
4
4
4
4
4
4
4
4
4
4
4
4
4
4
4
4
4
4
4
4
4
4
4
4
4
4
4
4
4
4
3
3
4
4
4
4
4
4
4
4
4
4
4
4
4
4
4
4
4
4
4
4
4
4
4
4
4
4
4
4
4
4
4
4
4
4
4
4
4
4
3
3
4
4
4
4
4
4
4
4
4
4
4
4
4
4
4
4
4
4
4
4
4
4
4
4
4
4
4
4
4
4
4
4
4
4
4
4
4
4
3
3
4
4
4
4
4
4
4
4
4
4
4
4
4
4
4
4
4
4
4
4
4
4
4
4
4
4
4
4
4
4
4
4
4
4
4
4
4
4
3
2
3
3
3
3
3
3
3
3
3
3
3
3
3
3
3
3
3
3
3
3
3
3
3
3
3
3
3
3
3
3
3
3
3
3
3
3
3
3
2
41 80
2 29
42 64
3 86
1 18
43 94
4 64
2 93
44 82
5 41
3 25
45 98
6 81
4 17
46 98
7 37
5 97
47 93
8 27
6 96
48 28
9 25
7 54
49 11
10 18
8 57
50 37
11 97
9 58
51 93
12 88
10 66
52 65
13 28
11 37
53 87
14 98
12 70
54 90
15 23
13 50
55 42
16 63
14 42
56 100
17 80
15 87
57 86
18 39
16 48
58 13
19 99
17 75
59 82
20 93
18 28
60 76
21 30
19 68
61 60
22 81
20 36
62 89
23 48
21 39
63 97
24 40
22 92
64 15
25 75
23 93
65 12
26 25
24 96
66 51
27 83
25 56
67 50
28 85
26 82
68 50
29 80
27 71
69 87
30 81
28 41
70 46
31 67
29 74
71 71
32 32
30 61
72 79
33 38
31 56
73 31
34 24
32 97
74 55
35 39
33 86
75 12
36 13
34 80
76 65
37 23
35 75
77 43
38 63
36 68
78 39
39 82
37 54
79 92
40 34
38 92
80 55
39 71
81 71
1 73
42 91
82 73
2 93
43 93
41 37
83 26
3 93
44 85
42 91
84 49
4 94
45 17
43 89
85 15
5 34
46 87
44 16
86 23
6 22
47 38
45 97
87 46
7 76
48 81
46 68
88 15
8 27
49 37
47 68
89 99
9 58
50 17
48 60
90 80
10 70
51 50
49 96
91 28
11 78
52 34
50 86
92 60
12 77
53 54
51 29
93 36
13 93
54 10
52 96
94 30
14 66
55 97
53 59
95 32
15 31
56 61
54 99
96 22
16 38
57 26
55 42
97 33
17 71
58 83
56 85
98 82
18 54
59 61
57 78
99 100
19 18
60 93
58 37
100 13
20 89
61 81
59 25
101 81
21 98
62 15
60 11
102 94
22 95
63 77
61 11
103 86
23 26
64 33
62 13
104 13
24 17
65 12
63 44
105 58
25 83
66 79
64 63
106 43
26 48
67 19
65 74
107 45
27 13
68 83
66 56
108 65
28 57
69 35
67 97
109 64
29 37
70 96
68 37
110 55
30 20
71 99
69 74
111 20
31 96
72 74
70 44
112 28
32 40
73 88
71 96
113 66
33 52
74 90
72 20
114 41
34 70
75 79
73 21
115 14
35 38
76 65
74 71
116 73
36 73
77 64
75 98
117 30
37 46
78 69
76 90
118 35
38 34
79 93
77 23
119 20
39 23
80 86
78 12
120 61
40 75
79 68
121 96
41 88
82 44
122 39
42 23
83 84
81 24
123 72
43 79
84 58
82 68
124 31
44 74
85 77
83 63
125 26
45 17
86 67
84 68
126 61
46 63
87 97
85 58
127 70
47 62
88 57
86 15
128 95
48 100
89 67
87 60
129 19
49 78
90 82
88 50
130 32
50 89
91 98
89 67
131 23
51 45
92 84
90 37
132 88
52 42
93 14
91 86
133 87
53 47
94 92
92 43
134 36
54 48
95 72
93 92
135 88
55 42
96 81
94 27
136 72
56 70
97 82
95 68
137 11
57 32
98 46
96 89
138 41
58 33
99 60
97 98
139 21
59 33
100 52
98 40
140 44
60 65
101 36
99 19
141 13
61 73
102 68
100 36
142 48
62 99
103 62
101 66
143 61
63 83
104 20
102 46
144 91
64 61
105 82
103 44
145 18
65 76
106 27
104 27
146 83
66 49
107 81
105 100
147 24
67 83
108 84
106 10
148 29
68 87
109 19
107 28
149 91
69 88
110 79
108 47
150 50
70 61
111 66
109 46
151 48
71 59
112 93
110 39
152 100
72 35
113 64
111 67
153 66
73 90
114 83
112 25
154 28
74 76
115 54
113 88
155 96
75 16
116 26
114 98
156 21
76 75
117 18
115 54
157 51
77 53
118 59
116 41
158 20
78 62
119 12
117 80
159 18
79 60
120 52
118 85
160 70
80 51
119 56
161 90
81 78
122 11
162 57
82 19
123 40
121 87
163 31
83 97
124 60
122 90
164 40
84 69
125 26
123 18
165 24
85 27
126 55
124 36
166 81
86 40
127 46
125 58
167 73
87 38
128 16
126 66
168 69
88 50
129 70
127 86
169 10
89 53
130 20
128 73
170 64
90 71
131 60
129 83
171 44
91 86
132 90
130 14
172 68
92 59
133 46
131 37
173 86
93 99
134 22
132 15
174 63
94 46
135 31
133 95
175 97
95 51
136 22
134 13
176 59
96 99
137 43
135 19
177 67
97 82
138 85
136 86
178 85
98 89
139 80
137 60
179 14
99 13
140 19
138 50
180 59
100 37
141 42
139 19
181 63
101 76
142 53
140 54
182 54
102 13
143 77
141 95
183 72
103 94
144 63
142 40
184 64
104 43
145 27
143 13
185 100
105 77
146 21
144 58
186 32
106 77
147 95
145 91
187 80
107 42
148 36
146 77
188 48
108 99
149 24
147 93
189 43
109 88
150 53
148 40
190 60
110 62
151 31
149 66
191 10
111 13
152 76
150 26
192 98
112 12
153 45
151 23
193 45
113 16
154 50
152 30
194 52
114 54
155 85
153 75
195 61
115 46
156 98
154 69
196 24
116 65
157 88
155 41
197 55
117 40
158 26
156 54
198 35
118 60
159 20
157 15
199 79
119 33
160 56
158 21
200 98
120 80
159 67
201 14
121 20
162 41
202 59
122 53
163 10
161 50
203 24
123 72
164 83
162 62
204 38
124 27
165 54
163 82
205 78
125 93
166 77
164 82
206 75
126 88
167 95
165 61
207 37
127 61
168 89
166 10
208 21
128 63
169 36
167 38
209 100
129 96
170 87
168 98
210 55
130 35
171 58
169 83
211 76
131 83
172 15
170 72
212 84
132 23
173 16
171 74
213 46
133 94
174 54
172 62
214 68
134 64
175 62
173 100
215 96
135 70
176 36
174 32
216 73
136 44
177 56
175 92
217 81
137 27
178 24
176 59
218 93
138 71
179 43
177 52
219 85
139 97
180 48
178 22
220 99
140 34
181 49
179 31
221 80
141 56
182 87
180 82
222 53
142 29
183 44
181 61
223 32
143 13
184 66
182 89
224 79
144 23
185 86
183 40
225 83
145 35
186 48
184 84
226 82
146 21
187 82
185 99
227 78
147 78
188 78
186 11
228 73
148 88
189 11
187 69
229 13
149 15
190 56
188 74
230 81
150 51
191 74
189 65
231 95
151 53
192 68
190 46
232 45
152 90
193 43
191 28
233 45
153 83
194 64
192 88
234 54
154 36
195 66
193 70
235 53
155 100
196 68
194 39
236 29
156 86
197 47
195 60
237 50
157 61
198 91
196 67
238 97
158 82
199 35
197 30
239 54
159 98
200 59
198 81
240 59
160 84
199 66
241 78
161 30
202 72
242 40
162 79
203 91
201 14
243 93
163 92
204 75
202 81
244 91
164 46
205 85
203 59
245 41
165 67
206 14
204 54
246 43
166 71
207 75
205 36
247 98
167 56
208 49
206 48
248 66
168 32
209 33
207 15
249 59
169 51
210 98
208 52
250 14
170 26
211 21
209 36
251 56
171 85
212 28
210 87
252 13
172 60
213 79
211 70
253 94
173 50
214 93
212 14
254 30
174 97
215 42
213 45
255 66
175 51
216 38
214 55
256 13
176 44
217 75
215 76
257 84
177 76
218 64
216 79
258 57
178 47
219 56
217 50
259 45
179 45
220 65
218 68
260 49
180 43
221 48
219 81
261 24
181 63
222 44
220 82
262 66
182 83
223 91
221 88
263 76
183 12
224 41
222 72
264 50
184 46
225 59
223 91
265 71
185 82
226 17
224 26
266 47
186 14
227 43
225 72
267 91
187 87
228 78
226 93
268 20
188 80
229 100
227 45
269 13
189 65
230 33
228 52
270 99
190 45
231 57
229 11
271 37
191 76
232 99
230 49
272 43
192 53
233 94
231 34
273 46
193 50
234 44
232 75
274 23
194 97
235 59
233 55
275 82
195 17
236 44
234 26
276 31
196 26
237 86
235 47
277 75
197 64
238 41
236 73
278 19
198 48
239 34
237 64
279 90
199 18
240 96
238 77
280 21
200 99
239 24
281 45
201 69
242 71
282 16
202 94
243 32
241 66
283 36
203 29
244 71
242 51
284 23
204 15
245 50
243 81
285 55
205 91
246 95
244 58
286 37
206 76
247 46
245 72
287 51
207 60
248 18
246 24
288 67
208 41
249 79
247 10
289 40
209 36
250 18
248 64
290 97
210 45
251 11
249 57
291 34
211 34
252 47
250 28
292 93
212 28
253 81
251 79
293 71
213 98
254 57
252 76
294 74
214 41
255 45
253 97
295 15
215 75
256 76
254 21
296 44
216 49
257 79
255 57
297 43
217 42
258 77
256 30
298 74
218 28
259 47
257 34
299 69
219 85
260 80
258 31
300 40
220 10
261 36
259 68
301 51
221 66
262 49
260 57
302 98
222 45
263 56
261 17
303 34
223 32
264 53
262 79
304 95
224 69
265 19
263 90
305 19
225 48
266 97
264 17
306 100
226 34
267 47
265 15
307 92
227 14
268 95
266 53
308 90
228 30
269 48
267 47
309 73
229 36
270 37
268 43
310 87
230 56
271 26
269 88
311 55
231 16
272 41
270 52
312 75
232 34
273 35
271 83
313 31
233 50
274 84
272 39
314 84
234 97
275 91
273 35
315 73
235 29
276 31
274 36
316 81
236 93
277 49
275 84
317 36
237 12
278 69
276 40
318 10
238 46
279 65
277 32
319 26
239 51
280 41
278 65
320 65
240 79
279 95
321 37
241 95
282 59
322 30
242 16
283 64
281 74
323 66
243 87
284 79
282 42
324 81
244 38
285 88
283 95
325 93
245 78
286 61
284 85
326 92
246 67
287 19
285 21
327 67
247 42
288 13
286 10
328 34
248 91
289 66
287 14
329 86
249 34
290 85
288 75
330 26
250 58
291 46
289 27
331 63
251 67
292 17
290 52
332 48
252 47
293 10
291 34
333 57
253 68
294 74
292 42
334 77
254 89
295 19
293 88
335 31
255 52
296 35
294 89
336 35
256 13
297 91
295 14
337 21
257 51
298 55
296 56
338 22
258 22
299 67
297 51
339 56
259 93
300 62
298 18
340 43
260 88
301 67
299 74
341 15
261 27
302 22
300 87
342 52
262 73
303 33
301 51
343 57
263 62
304 38
302 43
344 65
264 75
305 43
303 87
345 74
265 56
306 33
304 66
346 20
266 47
307 91
305 60
347 93
267 92
308 88
306 75
348 32
268 57
309 27
307 28
349 67
269 12
310 100
308 100
350 65
270 46
311 26
309 33
351 35
271 74
312 83
310 90
352 18
272 13
313 28
311 39
353 34
273 48
314 30
312 67
354 98
274 13
315 61
313 66
355 58
275 35
316 13
314 15
356 75
276 31
317 15
315 26
357 37
277 90
318 98
316 89
358 33
278 67
319 86
317 80
359 71
279 26
320 22
318 49
360 30
280 54
319 62
361 81
281 64
322 94
362 86
282 19
323 98
321 12
363 60
283 65
324 52
322 95
364 45
284 12
325 58
323 67
365 54
285 46
326 63
324 53
366 47
286 49
327 69
325 28
367 94
287 74
328 25
326 69
368 45
288 21
329 79
327 30
369 27
289 40
330 96
328 64
370 41
290 61
331 28
329 47
371 76
291 98
332 69
330 74
372 99
292 34
333 18
331 77
373 53
293 74
334 86
332 26
374 41
294 27
335 36
333 95
375 66
295 12
336 67
334 87
376 46
296 84
337 28
335 82
377 77
297 33
338 58
336 12
378 98
298 33
339 52
337 92
379 12
299 64
340 10
338 15
380 87
300 63
341 64
339 57
381 71
301 24
342 64
340 91
382 24
302 41
343 83
341 51
383 40
303 55
344 71
342 98
384 48
304 33
345 30
343 61
385 35
305 82
346 59
344 30
386 65
306 87
347 25
345 100
387 26
307 44
348 31
346 54
388 25
308 93
349 62
347 43
389 38
309 50
350 78
348 61
390 44
310 51
351 69
349 12
391 18
311 27
352 74
350 93
392 64
312 17
353 34
351 15
393 47
313 25
354 35
352 24
394 81
314 56
355 32
353 81
395 33
315 20
356 11
354 58
396 83
316 23
357 85
355 34
397 81
317 99
358 59
356 37
398 32
318 88
359 32
357 12
399 83
319 37
360 70
358 25
400 44
320 49
359 87
321 80
362 96
322 27
363 82
361 12
323 60
364 24
362 36
324 29
365 26
363 66
325 66
366 27
364 56
326 49
367 60
365 69
327 67
368 47
366 72
328 19
369 87
367 37
329 64
370 19
368 96
330 48
371 18
369 79
331 86
372 25
370 78
332 98
373 70
371 29
333 96
374 44
372 30
334 76
375 42
373 80
335 55
376 43
374 71
336 10
377 84
375 83
337 24
378 89
376 50
338 88
379 48
377 92
339 80
380 76
378 63
340 45
381 98
379 49
341 61
382 31
380 82
342 100
383 61
381 14
343 20
384 20
382 59
344 13
385 57
383 30
345 63
386 50
384 30
346 68
387 79
385 67
347 92
388 66
386 32
348 35
389 77
387 50
349 47
390 54
388 52
350 51
391 71
389 59
351 41
392 23
390 49
352 35
393 100
391 24
353 55
394 89
392 90
354 21
395 59
393 50
355 87
396 33
394 62
356 49
397 48
395 44
357 87
398 90
396 85
358 60
399 59
397 22
359 48
400 100
398 99
360 42
399 52
297
161
1 297 
1 4 
2 315 94 
2 145 239 
3 272 59 350 
2 226 166 
3 97 311 243 
1 100 
3 231 83 292 
2 170 135 
1 140 
2 14 196 
2 184 57 
1 146 
1 277 
3 204 199 188 
3 27 101 293 
2 336 368 
1 247 
2 30 257 
1 328 
3 320 26 399 
1 400 
1 187 
2 295 28 
1 327 
1 167 
1 251 
2 115 118 
2 62 25 
3 16 389 250 
3 133 13 158 
1 285 
2 20 126 
1 42 
2 63 202 
2 48 78 
2 398 211 
2 359 142 
3 185 248 180 
4 111 265 12 330 
1 291 
2 318 259 
1 122 
2 386 309 
4 9 193 219 123 
3 294 163 150 
2 160 367 
2 373 24 
1 113 
1 70 
2 282 41 
1 334 
2 321 232 
4 218 344 154 225 
1 136 
1 87 
1 110 
1 18 
2 357 305 
2 240 1 
2 301 360 
2 332 335 
2 366 151 
2 349 323 
1 340 
1 121 
2 203 212 
2 119 91 
1 7 
2 347 306 
4 214 260 287 5 
1 230 
2 392 64 
1 268 
1 161 
