196 728 10 100 37
2
3
3
3
3
3
3
3
3
3
3
3
3
2
3
4
4
4
4
4
4
4
4
4
4
4
4
3
3
4
4
4
4
4
4
4
4
4
4
4
4
3
3
4
4
4
4
4
4
4
4
4
4
4
4
3
3
4
4
4
4
4
4
4
4
4
4
4
4
3
3
4
4
4
4
4
4
4
4
4
4
4
4
3
3
4
4
4
4
4
4
4
4
4
4
4
4
3
3
4
4
4
4
4
4
4
4
4
4
4
4
3
3
4
4
4
4
4
4
4
4
4
4
4
4
3
3
4
4
4
4
4
4
4
4
4
4
4
4
3
3
4
4
4
4
4
4
4
4
4
4
4
4
3
3
4
4
4
4
4
4
4
4
4
4
4
4
3
3
4
4
4
4
4
4
4
4
4
4
4
4
3
2
3
3
3
3
3
3
3
3
3
3
3
3
2
15 77
2 29
16 18
3 57
1 69
17 82
4 77
2 89
18 17
5 85
3 78
19 69
6 38
4 66
20 64
7 17
5 71
21 83
8 14
6 31
22 29
9 62
7 19
23 77
10 74
8 72
24 40
11 77
9 50
25 11
12 34
10 90
26 85
13 75
11 77
27 77
14 70
12 49
28 16
13 69
29 18
1 61
16 22
30 35
2 13
17 11
15 24
31 18
3 39
18 78
16 22
32 78
4 45
19 50
17 13
33 53
5 97
20 90
18 27
34 27
6 17
21 96
19 64
35 40
7 88
22 39
20 39
36 100
8 14
23 16
21 35
37 62
9 92
24 53
22 56
38 19
10 41
25 25
23 66
39 13
11 26
26 80
24 20
40 54
12 92
27 25
25 29
41 62
13 72
28 44
26 74
42 41
14 85
27 59
43 25
15 74
30 29
44 62
16 86
31 84
29 69
45 64
17 55
32 49
30 56
46 52
18 93
33 67
31 86
47 80
19 57
34 36
32 91
48 91
20 33
35 68
33 97
49 33
21 44
36 38
34 51
50 44
22 28
37 45
35 47
51 21
23 50
38 65
36 80
52 94
24 57
39 68
37 92
53 13
25 56
40 59
38 47
54 35
26 81
41 98
39 49
55 65
27 77
42 93
40 82
56 60
28 52
41 21
57 69
29 56
44 57
58 36
30 76
45 83
43 85
59 87
31 99
46 69
44 57
60 51
32 65
47 58
45 37
61 85
33 50
48 78
46 23
62 65
34 30
49 39
47 99
63 91
35 85
50 29
48 89
64 70
36 89
51 50
49 35
65 67
37 88
52 63
50 92
66 14
38 37
53 92
51 68
67 45
39 81
54 37
52 63
68 100
40 55
55 62
53 68
69 65
41 20
56 87
54 82
70 87
42 95
55 62
71 12
43 71
58 35
72 34
44 90
59 77
57 73
73 76
45 30
60 37
58 100
74 49
46 35
61 37
59 41
75 70
47 39
62 52
60 57
76 77
48 77
63 14
61 55
77 51
49 84
64 12
62 92
78 36
50 31
65 28
63 71
79 21
51 80
66 77
64 62
80 16
52 86
67 30
65 12
81 27
53 38
68 76
66 84
82 62
54 49
69 50
67 81
83 97
55 87
70 20
68 15
84 95
56 81
69 11
85 64
57 21
72 14
86 20
58 97
73 66
71 82
87 92
59 36
74 74
72 83
88 22
60 75
75 54
73 49
89 24
61 15
76 32
74 78
90 14
62 51
77 43
75 69
91 49
63 37
78 79
76 65
92 96
64 54
79 96
77 55
93 17
65 52
80 14
78 25
94 94
66 76
81 85
79 79
95 49
67 17
82 60
80 56
96 12
68 13
83 58
81 62
97 50
69 26
84 39
82 85
98 12
70 70
83 75
99 75
71 84
86 99
100 35
72 79
87 99
85 100
101 52
73 82
88 83
86 83
102 69
74 39
89 51
87 41
103 97
75 14
90 38
88 47
104 42
76 90
91 34
89 65
105 72
77 20
92 19
90 55
106 73
78 90
93 27
91 14
107 10
79 73
94 81
92 73
108 60
80 69
95 27
93 87
109 63
81 19
96 13
94 35
110 91
82 87
97 49
95 42
111 25
83 67
98 15
96 42
112 66
84 49
97 94
113 74
85 95
100 82
114 67
86 54
101 66
99 96
115 32
87 51
102 39
100 35
116 33
88 62
103 69
101 89
117 69
89 18
104 43
102 55
118 12
90 60
105 88
103 79
119 28
91 40
106 98
104 20
120 45
92 42
107 26
105 28
121 40
93 11
108 77
106 70
122 18
94 32
109 58
107 40
123 74
95 58
110 95
108 69
124 91
96 22
111 85
109 73
125 12
97 100
112 89
110 84
126 44
98 47
111 41
127 43
99 17
114 71
128 65
100 10
115 78
113 69
129 24
101 17
116 94
114 80
130 25
102 52
117 14
115 44
131 91
103 87
118 19
116 50
132 13
104 12
119 50
117 88
133 72
105 69
120 15
118 97
134 38
106 100
121 45
119 17
135 55
107 79
122 40
120 33
136 63
108 48
123 77
121 20
137 96
109 80
124 41
122 86
138 58
110 69
125 55
123 73
139 21
111 44
126 54
124 13
140 29
112 14
125 99
141 87
113 73
128 15
142 26
114 12
129 97
127 98
143 43
115 11
130 17
128 98
144 32
116 44
131 54
129 49
145 25
117 18
132 42
130 50
146 72
118 33
133 45
131 70
147 48
119 59
134 17
132 37
148 99
120 84
135 76
133 23
149 87
121 25
136 20
134 93
150 82
122 91
137 14
135 82
151 84
123 69
138 43
136 14
152 40
124 87
139 91
137 74
153 98
125 26
140 89
138 62
154 15
126 11
139 77
155 14
127 38
142 50
156 22
128 65
143 18
141 94
157 18
129 72
144 97
142 29
158 32
130 28
145 53
143 93
159 26
131 72
146 90
144 28
160 100
132 49
147 67
145 25
161 84
133 10
148 15
146 71
162 36
134 62
149 88
147 58
163 39
135 79
150 27
148 84
164 54
136 11
151 95
149 75
165 41
137 72
152 15
150 95
166 48
138 98
153 11
151 47
167 95
139 43
154 33
152 16
168 18
140 51
153 75
169 43
141 79
156 81
170 39
142 90
157 60
155 58
171 67
143 59
158 42
156 45
172 76
144 22
159 43
157 90
173 34
145 11
160 25
158 42
174 48
146 97
161 99
159 13
175 22
147 70
162 81
160 32
176 24
148 67
163 25
161 99
177 39
149 19
164 65
162 43
178 87
150 29
165 32
163 44
179 35
151 41
166 72
164 92
180 84
152 25
167 47
165 59
181 88
153 11
168 21
166 86
182 26
154 82
167 86
183 95
155 59
170 33
184 56
156 28
171 44
169 98
185 39
157 99
172 31
170 86
186 55
158 74
173 23
171 11
187 22
159 86
174 82
172 40
188 66
160 26
175 83
173 50
189 12
161 93
176 45
174 58
190 75
162 59
177 89
175 55
191 68
163 17
178 23
176 55
192 58
164 78
179 72
177 15
193 83
165 96
180 77
178 66
194 57
166 51
181 86
179 81
195 56
167 73
182 48
180 37
196 91
168 22
181 22
169 55
184 55
170 77
185 91
183 51
171 49
186 87
184 52
172 18
187 30
185 58
173 24
188 37
186 16
174 93
189 90
187 82
175 37
190 77
188 26
176 21
191 49
189 57
177 90
192 58
190 92
178 13
193 33
191 29
179 34
194 90
192 59
180 88
195 36
193 15
181 60
196 80
194 84
182 48
195 95
168
98
2 172 168 
1 45 
3 181 71 165 
3 109 77 124 
1 171 
1 184 
2 72 176 
1 1 
1 157 
2 180 27 
3 174 9 125 
3 50 195 64 
1 52 
1 193 
1 47 
3 130 74 194 
1 90 
3 134 84 129 
1 48 
1 183 
1 116 
2 190 128 
4 150 10 177 51 
1 36 
3 2 92 87 
3 78 159 6 
1 161 
2 44 173 
1 18 
1 35 
1 25 
2 12 146 
1 59 
2 83 185 
4 119 3 33 164 
2 17 175 
2 79 98 
