625 2400 10 100 118
2
3
3
3
3
3
3
3
3
3
3
3
3
3
3
3
3
3
3
3
3
3
3
3
2
3
4
4
4
4
4
4
4
4
4
4
4
4
4
4
4
4
4
4
4
4
4
4
4
3
3
4
4
4
4
4
4
4
4
4
4
4
4
4
4
4
4
4
4
4
4
4
4
4
3
3
4
4
4
4
4
4
4
4
4
4
4
4
4
4
4
4
4
4
4
4
4
4
4
3
3
4
4
4
4
4
4
4
4
4
4
4
4
4
4
4
4
4
4
4
4
4
4
4
3
3
4
4
4
4
4
4
4
4
4
4
4
4
4
4
4
4
4
4
4
4
4
4
4
3
3
4
4
4
4
4
4
4
4
4
4
4
4
4
4
4
4
4
4
4
4
4
4
4
3
3
4
4
4
4
4
4
4
4
4
4
4
4
4
4
4
4
4
4
4
4
4
4
4
3
3
4
4
4
4
4
4
4
4
4
4
4
4
4
4
4
4
4
4
4
4
4
4
4
3
3
4
4
4
4
4
4
4
4
4
4
4
4
4
4
4
4
4
4
4
4
4
4
4
3
3
4
4
4
4
4
4
4
4
4
4
4
4
4
4
4
4
4
4
4
4
4
4
4
3
3
4
4
4
4
4
4
4
4
4
4
4
4
4
4
4
4
4
4
4
4
4
4
4
3
3
4
4
4
4
4
4
4
4
4
4
4
4
4
4
4
4
4
4
4
4
4
4
4
3
3
4
4
4
4
4
4
4
4
4
4
4
4
4
4
4
4
4
4
4
4
4
4
4
3
3
4
4
4
4
4
4
4
4
4
4
4
4
4
4
4
4
4
4
4
4
4
4
4
3
3
4
4
4
4
4
4
4
4
4
4
4
4
4
4
4
4
4
4
4
4
4
4
4
3
3
4
4
4
4
4
4
4
4
4
4
4
4
4
4
4
4
4
4
4
4
4
4
4
3
3
4
4
4
4
4
4
4
4
4
4
4
4
4
4
4
4
4
4
4
4
4
4
4
3
3
4
4
4
4
4
4
4
4
4
4
4
4
4
4
4
4
4
4
4
4
4
4
4
3
3
4
4
4
4
4
4
4
4
4
4
4
4
4
4
4
4
4
4
4
4
4
4
4
3
3
4
4
4
4
4
4
4
4
4
4
4
4
4
4
4
4
4
4
4
4
4
4
4
3
3
4
4
4
4
4
4
4
4
4
4
4
4
4
4
4
4
4
4
4
4
4
4
4
3
3
4
4
4
4
4
4
4
4
4
4
4
4
4
4
4
4
4
4
4
4
4
4
4
3
3
4
4
4
4
4
4
4
4
4
4
4
4
4
4
4
4
4
4
4
4
4
4
4
3
2
3
3
3
3
3
3
3
3
3
3
3
3
3
3
3
3
3
3
3
3
3
3
3
2
26 45
2 29
27 30
3 57
1 69
28 58
4 77
2 89
29 12
5 85
3 78
30 79
6 38
4 66
31 54
7 17
5 71
32 67
8 14
6 31
33 99
9 62
7 19
34 28
10 74
8 72
35 60
11 77
9 50
36 74
12 34
10 90
37 65
13 75
11 77
38 30
14 70
12 49
39 27
15 22
13 69
40 58
16 11
14 24
41 71
17 78
15 22
42 32
18 50
16 13
43 93
19 90
17 27
44 26
20 96
18 64
45 21
21 39
19 39
46 31
22 16
20 35
47 30
23 53
21 56
48 52
24 25
22 66
49 74
25 80
23 20
50 52
24 29
51 40
1 74
27 25
52 65
2 74
28 44
26 74
53 86
3 44
29 29
27 59
54 81
4 79
30 84
28 69
55 26
5 81
31 49
29 56
56 23
6 18
32 67
30 86
57 11
7 68
33 36
31 91
58 38
8 84
34 68
32 97
59 11
9 28
35 38
33 51
60 33
10 57
36 45
34 47
61 23
11 20
37 65
35 80
62 96
12 51
38 68
36 92
63 81
13 99
39 59
37 47
64 36
14 10
40 98
38 49
65 91
15 98
41 93
39 82
66 21
16 61
42 57
40 21
67 62
17 26
43 83
41 85
68 76
18 22
44 69
42 57
69 84
19 10
45 58
43 37
70 48
20 30
46 78
44 23
71 12
21 92
47 39
45 99
72 62
22 95
48 29
46 89
73 82
23 94
49 50
47 35
74 51
24 99
50 63
48 92
75 56
25 51
49 68
76 12
26 94
52 92
77 62
27 77
53 37
51 63
78 97
28 42
54 62
52 68
79 93
29 81
55 87
53 82
80 90
30 99
56 35
54 62
81 100
31 100
57 77
55 73
82 78
32 49
58 37
56 100
83 21
33 73
59 37
57 41
84 17
34 91
60 52
58 57
85 17
35 65
61 14
59 55
86 25
36 94
62 12
60 92
87 55
37 51
63 28
61 71
88 42
38 45
64 77
62 62
89 74
39 72
65 30
63 12
90 57
40 12
66 76
64 84
91 17
41 36
67 50
65 81
92 65
42 36
68 20
66 15
93 31
43 66
69 14
67 11
94 59
44 44
70 66
68 82
95 10
45 57
71 74
69 83
96 12
46 17
72 54
70 49
97 81
47 51
73 32
71 78
98 27
48 39
74 43
72 69
99 66
49 55
75 79
73 65
100 19
50 42
74 55
101 17
51 71
77 96
102 43
52 50
78 14
76 25
103 60
53 97
79 85
77 79
104 63
54 37
80 60
78 56
105 16
55 94
81 58
79 62
106 51
56 48
82 39
80 85
107 11
57 15
83 99
81 75
108 38
58 40
84 99
82 100
109 28
59 15
85 83
83 83
110 68
60 26
86 51
84 41
111 61
61 14
87 38
85 47
112 91
62 42
88 34
86 65
113 30
63 68
89 19
87 55
114 84
64 48
90 27
88 14
115 23
65 56
91 81
89 73
116 25
66 95
92 27
90 87
117 67
67 47
93 13
91 35
118 60
68 40
94 49
92 42
119 32
69 58
95 15
93 42
120 65
70 38
96 82
94 94
121 91
71 25
97 66
95 96
122 90
72 100
98 39
96 35
123 74
73 87
99 69
97 89
124 94
74 35
100 43
98 55
125 31
75 97
99 79
126 19
76 69
102 88
127 97
77 84
103 98
101 20
128 28
78 51
104 26
102 28
129 50
79 37
105 77
103 70
130 37
80 59
106 58
104 40
131 79
81 12
107 95
105 69
132 43
82 71
108 85
106 73
133 83
83 21
109 89
107 84
134 20
84 99
110 71
108 41
135 46
85 26
111 78
109 69
136 86
86 23
112 94
110 80
137 70
87 14
113 14
111 44
138 22
88 29
114 19
112 50
139 86
89 28
115 50
113 88
140 97
90 95
116 15
114 97
141 86
91 15
117 45
115 17
142 37
92 92
118 40
116 33
143 12
93 51
119 77
117 20
144 94
94 96
120 41
118 86
145 53
95 54
121 55
119 73
146 92
96 23
122 54
120 13
147 10
97 67
123 15
121 99
148 89
98 82
124 97
122 98
149 17
99 88
125 17
123 98
150 89
100 79
124 49
151 42
101 77
127 54
152 86
102 98
128 42
126 50
153 11
103 49
129 45
127 70
154 65
104 39
130 17
128 37
155 69
105 79
131 76
129 23
156 11
106 78
132 20
130 93
157 57
107 52
133 14
131 82
158 30
108 10
134 43
132 14
159 43
109 25
135 91
133 74
160 35
110 45
136 89
134 62
161 39
111 84
137 50
135 77
162 19
112 86
138 18
136 94
163 57
113 88
139 97
137 29
164 87
114 16
140 53
138 93
165 64
115 63
141 90
139 28
166 69
116 59
142 67
140 25
167 72
117 51
143 15
141 71
168 44
118 46
144 88
142 58
169 96
119 42
145 27
143 84
170 70
120 32
146 95
144 75
171 81
121 68
147 15
145 95
172 94
122 82
148 11
146 47
173 15
123 32
149 33
147 16
174 52
124 46
150 81
148 75
175 25
125 77
149 58
176 82
126 99
152 60
177 10
127 82
153 42
151 45
178 98
128 60
154 43
152 90
179 96
129 77
155 25
153 42
180 80
130 19
156 99
154 13
181 63
131 70
157 81
155 32
182 70
132 83
158 25
156 99
183 72
133 53
159 65
157 43
184 53
134 76
160 32
158 44
185 73
135 82
161 72
159 92
186 72
136 91
162 47
160 59
187 72
137 70
163 21
161 86
188 24
138 54
164 33
162 86
189 18
139 67
165 44
163 98
190 20
140 51
166 31
164 86
191 15
141 77
167 23
165 11
192 33
142 91
168 82
166 40
193 53
143 25
169 83
167 50
194 81
144 12
170 45
168 58
195 18
145 23
171 89
169 55
196 34
146 49
172 23
170 55
197 87
147 15
173 72
171 15
198 98
148 14
174 77
172 66
199 70
149 63
175 86
173 81
200 77
150 57
174 37
201 68
151 16
177 48
202 92
152 18
178 55
176 22
203 52
153 88
179 91
177 51
204 40
154 58
180 87
178 52
205 80
155 40
181 30
179 58
206 47
156 83
182 37
180 16
207 21
157 20
183 90
181 82
208 33
158 88
184 77
182 26
209 29
159 36
185 49
183 57
210 17
160 15
186 58
184 92
211 13
161 32
187 33
185 29
212 71
162 54
188 90
186 59
213 76
163 74
189 36
187 15
214 71
164 92
190 80
188 84
215 12
165 82
191 77
189 95
216 69
166 56
192 18
190 61
217 45
167 82
193 82
191 13
218 82
168 10
194 17
192 39
219 33
169 51
195 69
193 45
220 73
170 19
196 64
194 97
221 60
171 47
197 83
195 17
222 55
172 42
198 29
196 88
223 29
173 39
199 77
197 14
224 17
174 73
200 40
198 92
225 77
175 97
199 41
226 81
176 55
202 11
227 18
177 52
203 85
201 26
228 77
178 43
204 77
202 92
229 92
179 58
205 16
203 72
230 72
180 29
206 18
204 85
231 15
181 11
207 35
205 74
232 43
182 92
208 18
206 86
233 77
183 91
209 78
207 55
234 30
184 12
210 53
208 93
235 42
185 45
211 27
209 57
236 62
186 61
212 40
210 33
237 61
187 68
213 100
211 44
238 83
188 74
214 62
212 28
239 15
189 87
215 19
213 50
240 91
190 59
216 13
214 57
241 63
191 30
217 54
215 56
242 71
192 46
218 62
216 81
243 49
193 37
219 41
217 77
244 85
194 35
220 25
218 52
245 85
195 50
221 62
219 56
246 44
196 42
222 64
220 76
247 50
197 43
223 52
221 99
248 51
198 28
224 80
222 65
249 56
199 38
225 91
223 50
250 63
200 20
224 30
251 44
201 24
227 33
252 84
202 15
228 44
226 85
253 71
203 84
229 21
227 89
254 66
204 17
230 94
228 88
255 61
205 44
231 13
229 37
256 62
206 71
232 35
230 81
257 42
207 27
233 65
231 55
258 89
208 75
234 60
232 20
259 11
209 26
235 69
233 95
260 48
210 65
236 36
234 71
261 57
211 29
237 87
235 90
262 35
212 21
238 51
236 30
263 13
213 36
239 85
237 35
264 76
214 61
240 65
238 39
265 75
215 66
241 91
239 77
266 78
216 73
242 70
240 84
267 30
217 92
243 67
241 31
268 64
218 74
244 14
242 80
269 35
219 42
245 45
243 86
270 39
220 72
246 100
244 38
271 74
221 55
247 65
245 49
272 18
222 49
248 87
246 87
273 44
223 39
249 12
247 81
274 75
224 57
250 34
248 21
275 55
225 55
249 97
276 47
226 70
252 76
277 62
227 83
253 49
251 36
278 26
228 36
254 70
252 75
279 58
229 99
255 77
253 15
280 69
230 66
256 51
254 51
281 59
231 75
257 36
255 37
282 15
232 25
258 21
256 54
283 64
233 27
259 16
257 52
284 60
234 54
260 27
258 76
285 97
235 27
261 62
259 17
286 51
236 65
262 97
260 13
287 81
237 89
263 95
261 26
288 68
238 16
264 64
262 70
289 17
239 72
265 20
263 84
290 57
240 98
266 92
264 79
291 78
241 88
267 22
265 82
292 21
242 35
268 24
266 39
293 57
243 64
269 14
267 14
294 73
244 75
270 49
268 90
295 19
245 89
271 96
269 20
296 90
246 25
272 17
270 90
297 99
247 66
273 94
271 73
298 68
248 66
274 49
272 69
299 25
249 13
275 12
273 19
300 49
250 54
274 87
301 37
251 41
277 50
302 90
252 67
278 12
276 67
303 59
253 25
279 75
277 49
304 26
254 49
280 35
278 95
305 57
255 22
281 52
279 54
306 55
256 50
282 69
280 51
307 63
257 37
283 97
281 62
308 43
258 57
284 42
282 18
309 77
259 60
285 72
283 60
310 13
260 48
286 73
284 40
311 89
261 16
287 10
285 42
312 49
262 87
288 60
286 11
313 83
263 97
289 63
287 32
314 11
264 71
290 91
288 58
315 92
265 40
291 25
289 22
316 14
266 72
292 66
290 100
317 31
267 61
293 74
291 47
318 84
268 64
294 67
292 17
319 51
269 47
295 32
293 10
320 86
270 31
296 33
294 17
321 15
271 76
297 69
295 52
322 79
272 17
298 12
296 87
323 49
273 10
299 28
297 12
324 56
274 28
300 45
298 69
325 37
275 87
299 100
326 14
276 92
302 40
327 66
277 78
303 18
301 79
328 22
278 50
304 74
302 48
329 81
279 20
305 91
303 80
330 12
280 75
306 12
304 69
331 94
281 73
307 44
305 44
332 41
282 65
308 43
306 14
333 91
283 93
309 65
307 73
334 91
284 70
310 24
308 12
335 94
285 93
311 25
309 11
336 46
286 54
312 91
310 44
337 95
287 38
313 13
311 18
338 90
288 31
314 72
312 33
339 53
289 76
315 38
313 59
340 35
290 34
316 55
314 84
341 61
291 51
317 63
315 25
342 15
292 20
318 96
316 91
343 47
293 25
319 58
317 69
344 48
294 61
320 21
318 87
345 24
295 66
321 29
319 26
346 14
296 47
322 87
320 11
347 24
297 61
323 26
321 38
348 47
298 31
324 43
322 65
349 91
299 82
325 32
323 72
350 48
300 29
324 28
351 71
301 37
327 25
352 62
302 90
328 72
326 72
353 44
303 40
329 48
327 49
354 55
304 45
330 99
328 10
355 32
305 30
331 87
329 62
356 65
306 62
332 82
330 79
357 76
307 76
333 84
331 11
358 75
308 98
334 40
332 72
359 96
309 29
335 98
333 98
360 61
310 45
336 15
334 43
361 84
311 57
337 14
335 51
362 21
312 18
338 22
336 79
363 31
313 71
339 18
337 90
364 84
314 50
340 32
338 59
365 71
315 73
341 26
339 22
366 86
316 11
342 100
340 11
367 51
317 92
343 84
341 97
368 72
318 70
344 36
342 70
369 46
319 27
345 39
343 67
370 58
320 65
346 54
344 19
371 66
321 92
347 41
345 29
372 62
322 77
348 48
346 41
373 26
323 85
349 95
347 25
374 25
324 91
350 18
348 11
375 39
325 67
349 82
376 22
326 86
352 43
377 37
327 89
353 39
351 59
378 24
328 86
354 67
352 28
379 68
329 85
355 76
353 99
380 37
330 94
356 34
354 74
381 57
331 18
357 48
355 86
382 29
332 35
358 22
356 26
383 95
333 61
359 24
357 93
384 92
334 55
360 39
358 59
385 74
335 26
361 87
359 17
386 18
336 48
362 35
360 78
387 26
337 74
363 84
361 96
388 52
338 15
364 88
362 51
389 56
339 97
365 26
363 73
390 38
340 78
366 95
364 22
391 24
341 85
367 56
365 55
392 89
342 71
368 39
366 77
393 78
343 25
369 55
367 49
394 74
344 68
370 22
368 18
395 72
345 81
371 66
369 24
396 26
346 84
372 12
370 93
397 27
347 70
373 75
371 37
398 32
348 76
374 68
372 21
399 58
349 55
375 58
373 90
400 83
350 14
374 13
401 84
351 24
377 83
402 83
352 92
378 57
376 34
403 30
353 69
379 56
377 88
404 82
354 62
380 91
378 60
405 70
355 62
381 17
379 48
406 25
356 91
382 55
380 87
407 62
357 70
383 24
381 80
408 78
358 94
384 22
382 43
409 86
359 73
385 19
383 16
410 37
360 80
386 26
384 100
411 44
361 26
387 42
385 88
412 72
362 94
388 76
386 71
413 63
363 11
389 79
387 11
414 16
364 26
390 58
388 11
415 45
365 43
391 78
389 40
416 95
366 84
392 45
390 15
417 22
367 47
393 76
391 40
418 34
368 62
394 59
392 83
419 85
369 46
395 24
393 98
420 73
370 30
396 92
394 20
421 62
371 54
397 89
395 84
422 88
372 88
398 75
396 32
423 44
373 21
399 22
397 15
424 55
374 34
400 65
398 18
425 17
375 36
399 19
426 96
376 70
402 85
427 63
377 20
403 69
401 95
428 47
378 26
404 18
402 16
429 10
379 55
405 67
403 64
430 58
380 10
406 12
404 47
431 68
381 75
407 96
405 62
432 99
382 96
408 100
406 65
433 91
383 51
409 97
407 95
434 28
384 48
410 81
408 35
435 31
385 84
411 16
409 76
436 94
386 81
412 49
410 33
437 24
387 81
413 63
411 19
438 52
388 25
414 96
412 53
439 35
389 89
415 17
413 87
440 36
390 77
416 59
414 35
441 34
391 64
417 10
415 69
442 41
392 92
418 17
416 39
443 64
393 87
419 22
417 10
444 78
394 82
420 36
418 73
445 81
395 56
421 65
419 52
446 70
396 99
422 62
420 72
447 73
397 57
423 43
421 91
448 31
398 87
424 64
422 95
449 39
399 84
425 39
423 100
450 16
400 92
424 47
451 81
401 24
427 66
452 91
402 44
428 15
426 26
453 86
403 86
429 77
427 16
454 44
404 38
430 93
428 37
455 40
405 10
431 26
429 96
456 23
406 57
432 100
430 64
457 87
407 98
433 85
431 69
458 66
408 74
434 82
432 89
459 26
409 12
435 51
433 97
460 27
410 99
436 81
434 26
461 24
411 48
437 65
435 25
462 75
412 42
438 27
436 23
463 93
413 64
439 41
437 59
464 71
414 95
440 27
438 19
465 56
415 39
441 49
439 17
466 56
416 66
442 28
440 87
467 49
417 54
443 20
441 94
468 91
418 97
444 65
442 84
469 64
419 70
445 93
443 74
470 70
420 71
446 64
444 70
471 99
421 44
447 48
445 51
472 73
422 80
448 59
446 85
473 58
423 42
449 57
447 30
474 29
424 92
450 46
448 64
475 48
425 78
449 59
476 96
426 92
452 98
477 65
427 78
453 77
451 90
478 75
428 67
454 49
452 30
479 74
429 87
455 98
453 54
480 66
430 30
456 98
454 47
481 89
431 55
457 39
455 47
482 36
432 81
458 22
456 70
483 48
433 40
459 11
457 38
484 51
434 100
460 100
458 84
485 84
435 10
461 85
459 82
486 62
436 82
462 93
460 75
487 37
437 14
463 59
461 52
488 18
438 96
464 92
462 99
489 80
439 66
465 47
463 40
490 91
440 44
466 23
464 60
491 34
441 78
467 80
465 97
492 73
442 59
468 91
466 23
493 57
443 20
469 90
467 52
494 98
444 42
470 55
468 71
495 70
445 84
471 37
469 12
496 25
446 86
472 67
470 45
497 31
447 28
473 68
471 52
498 24
448 33
474 96
472 19
499 65
449 80
475 38
473 19
500 77
450 30
474 37
501 62
451 38
477 27
502 17
452 31
478 84
476 21
503 81
453 38
479 46
477 95
504 51
454 50
480 21
478 72
505 77
455 86
481 62
479 63
506 83
456 46
482 15
480 56
507 82
457 63
483 37
481 61
508 18
458 32
484 29
482 60
509 17
459 61
485 90
483 99
510 39
460 54
486 21
484 91
511 37
461 99
487 61
485 27
512 19
462 42
488 12
486 61
513 51
463 96
489 100
487 12
514 95
464 75
490 11
488 50
515 44
465 53
491 75
489 68
516 38
466 56
492 25
490 57
517 45
467 72
493 51
491 51
518 72
468 47
494 31
492 77
519 81
469 52
495 91
493 75
520 94
470 32
496 56
494 74
521 50
471 38
497 79
495 31
522 23
472 23
498 53
496 94
523 85
473 69
499 28
497 91
524 43
474 96
500 11
498 93
525 46
475 88
499 25
526 86
476 38
502 74
527 18
477 100
503 59
501 73
528 11
478 43
504 51
502 43
529 57
479 51
505 54
503 77
530 21
480 72
506 75
504 27
531 35
481 74
507 13
505 39
532 30
482 22
508 96
506 31
533 96
483 22
509 87
507 90
534 65
484 38
510 95
508 70
535 28
485 70
511 41
509 80
536 64
486 13
512 28
510 31
537 14
487 10
513 20
511 86
538 80
488 54
514 10
512 54
539 80
489 33
515 82
513 15
540 88
490 30
516 66
514 39
541 58
491 77
517 31
515 50
542 18
492 35
518 62
516 59
543 84
493 81
519 48
517 73
544 53
494 90
520 91
518 18
545 63
495 95
521 24
519 67
546 97
496 66
522 16
520 91
547 66
497 32
523 65
521 53
548 37
498 86
524 88
522 37
549 55
499 79
525 47
523 92
550 80
500 80
524 36
551 23
501 58
527 39
552 87
502 35
528 92
526 59
553 45
503 57
529 23
527 29
554 52
504 59
530 80
528 78
555 23
505 24
531 18
529 35
556 34
506 57
532 78
530 84
557 15
507 21
533 61
531 80
558 37
508 68
534 69
532 78
559 65
509 31
535 24
533 16
560 29
510 41
536 100
534 47
561 97
511 87
537 98
535 58
562 41
512 58
538 93
536 86
563 90
513 64
539 72
537 94
564 46
514 47
540 77
538 73
565 17
515 32
541 68
539 14
566 93
516 66
542 31
540 42
567 99
517 84
543 57
541 11
568 66
518 81
544 15
542 12
569 84
519 23
545 59
543 93
570 10
520 96
546 25
544 95
571 92
521 65
547 53
545 93
572 33
522 88
548 23
546 48
573 90
523 42
549 28
547 83
574 92
524 55
550 78
548 83
575 100
525 21
549 15
576 99
526 43
552 55
577 57
527 92
553 54
551 46
578 83
528 99
554 17
552 97
579 64
529 43
555 48
553 18
580 49
530 56
556 52
554 73
581 84
531 10
557 83
555 53
582 23
532 65
558 15
556 86
583 50
533 82
559 27
557 94
584 43
534 12
560 52
558 89
585 20
535 83
561 77
559 65
586 38
536 53
562 42
560 55
587 67
537 52
563 41
561 95
588 76
538 13
564 79
562 21
589 59
539 95
565 92
563 38
590 10
540 41
566 83
564 93
591 31
541 44
567 22
565 91
592 17
542 62
568 73
566 92
593 23
543 83
569 95
567 34
594 86
544 81
570 13
568 99
595 39
545 87
571 84
569 26
596 81
546 100
572 45
570 13
597 66
547 58
573 24
571 29
598 34
548 70
574 89
572 21
599 53
549 17
575 28
573 56
600 88
550 73
574 70
601 17
551 14
577 32
602 32
552 71
578 50
576 12
603 61
553 13
579 79
577 64
604 56
554 56
580 43
578 44
605 75
555 15
581 66
579 88
606 25
556 66
582 80
580 10
607 52
557 99
583 67
581 53
608 56
558 43
584 39
582 31
609 58
559 86
585 49
583 32
610 18
560 47
586 100
584 20
611 98
561 52
587 36
585 27
612 93
562 25
588 42
586 33
613 56
563 76
589 60
587 77
614 14
564 69
590 43
588 71
615 28
565 14
591 82
589 51
616 56
566 50
592 70
590 60
617 38
567 83
593 23
591 74
618 67
568 51
594 78
592 27
619 87
569 45
595 94
593 20
620 66
570 59
596 71
594 44
621 69
571 16
597 90
595 64
622 59
572 74
598 61
596 44
623 86
573 92
599 25
597 41
624 33
574 13
600 79
598 52
625 92
575 78
599 92
576 64
602 19
577 42
603 93
601 49
578 47
604 15
602 47
579 80
605 91
603 77
580 47
606 46
604 19
581 52
607 97
605 50
582 95
608 38
606 54
583 58
609 66
607 69
584 18
610 44
608 21
585 80
611 40
609 98
586 92
612 74
610 100
587 50
613 27
611 15
588 32
614 18
612 72
589 70
615 87
613 67
590 33
616 68
614 64
591 53
617 51
615 26
592 61
618 72
616 59
593 39
619 20
617 97
594 71
620 77
618 10
595 19
621 27
619 39
596 87
622 17
620 28
597 22
623 95
621 24
598 91
624 68
622 12
599 79
625 60
623 92
600 90
624 75
525
312
2 51 525 
2 478 184 
1 268 
1 349 
1 445 
3 242 387 329 
2 101 583 
2 611 253 
1 515 
1 452 
2 217 17 
4 29 532 362 105 
1 340 
1 342 
1 475 
1 559 
1 50 
3 132 397 489 
1 480 
1 93 
2 174 52 
2 465 96 
4 520 417 443 198 
2 386 577 
3 508 360 193 
1 243 
1 353 
2 594 92 
3 273 554 433 
2 471 150 
2 412 521 
1 549 
2 564 570 
2 205 464 
1 260 
1 111 
1 115 
2 444 463 
1 460 
1 109 
4 326 309 203 185 
3 208 226 123 
1 55 
2 376 223 
1 296 
2 438 89 
1 495 
1 424 
1 587 
1 43 
2 321 301 
2 497 426 
1 119 
1 502 
2 234 228 
1 518 
1 113 
1 436 
2 557 406 
2 493 204 
2 15 107 
2 514 524 
1 616 
2 49 139 
2 435 164 
3 44 136 490 
1 34 
1 307 
2 600 350 
2 539 589 
1 166 
3 330 286 371 
1 225 
2 227 454 
1 87 
3 158 145 479 
3 411 534 232 
2 382 167 
1 622 
1 211 
2 346 270 
2 53 457 
4 367 385 122 81 
1 215 
3 372 542 485 
2 272 177 
4 176 128 156 504 
3 486 190 404 
1 581 
2 565 126 
1 282 
3 394 580 544 
2 377 476 
4 250 496 80 239 
4 155 375 238 302 
1 344 
1 537 
2 357 345 
2 547 614 
2 161 254 
1 26 
1 601 
2 297 434 
1 538 
3 33 625 441 
1 579 
4 97 468 284 528 
1 170 
2 466 10 
2 22 23 
1 432 
1 388 
4 560 58 624 568 
2 383 499 
1 573 
2 311 428 
1 143 
6 224 501 298 300 384 312 
