600 2276 10 100 114
2
3
3
3
3
3
3
3
3
3
3
3
3
3
3
3
3
3
3
3
3
3
3
3
3
3
3
3
3
3
3
3
3
3
3
3
3
3
3
3
3
3
3
3
3
3
3
3
3
2
3
4
4
4
4
4
4
4
4
4
4
4
4
4
4
4
4
4
4
4
4
4
4
4
4
4
4
4
4
4
4
4
4
4
4
4
4
4
4
4
4
4
4
4
4
4
4
4
4
3
3
4
4
4
4
4
4
4
4
4
4
4
4
4
4
4
4
4
4
4
4
4
4
4
4
4
4
4
4
4
4
4
4
4
4
4
4
4
4
4
4
4
4
4
4
4
4
4
4
3
3
4
4
4
4
4
4
4
4
4
4
4
4
4
4
4
4
4
4
4
4
4
4
4
4
4
4
4
4
4
4
4
4
4
4
4
4
4
4
4
4
4
4
4
4
4
4
4
4
3
3
4
4
4
4
4
4
4
4
4
4
4
4
4
4
4
4
4
4
4
4
4
4
4
4
4
4
4
4
4
4
4
4
4
4
4
4
4
4
4
4
4
4
4
4
4
4
4
4
3
3
4
4
4
4
4
4
4
4
4
4
4
4
4
4
4
4
4
4
4
4
4
4
4
4
4
4
4
4
4
4
4
4
4
4
4
4
4
4
4
4
4
4
4
4
4
4
4
4
3
3
4
4
4
4
4
4
4
4
4
4
4
4
4
4
4
4
4
4
4
4
4
4
4
4
4
4
4
4
4
4
4
4
4
4
4
4
4
4
4
4
4
4
4
4
4
4
4
4
3
3
4
4
4
4
4
4
4
4
4
4
4
4
4
4
4
4
4
4
4
4
4
4
4
4
4
4
4
4
4
4
4
4
4
4
4
4
4
4
4
4
4
4
4
4
4
4
4
4
3
3
4
4
4
4
4
4
4
4
4
4
4
4
4
4
4
4
4
4
4
4
4
4
4
4
4
4
4
4
4
4
4
4
4
4
4
4
4
4
4
4
4
4
4
4
4
4
4
4
3
3
4
4
4
4
4
4
4
4
4
4
4
4
4
4
4
4
4
4
4
4
4
4
4
4
4
4
4
4
4
4
4
4
4
4
4
4
4
4
4
4
4
4
4
4
4
4
4
4
3
3
4
4
4
4
4
4
4
4
4
4
4
4
4
4
4
4
4
4
4
4
4
4
4
4
4
4
4
4
4
4
4
4
4
4
4
4
4
4
4
4
4
4
4
4
4
4
4
4
3
2
3
3
3
3
3
3
3
3
3
3
3
3
3
3
3
3
3
3
3
3
3
3
3
3
3
3
3
3
3
3
3
3
3
3
3
3
3
3
3
3
3
3
3
3
3
3
3
3
2
51 47
2 29
52 69
3 89
1 38
53 19
4 92
2 37
54 88
5 54
3 29
55 35
6 17
4 48
56 17
7 87
5 38
57 42
8 14
6 42
58 25
9 81
7 69
59 37
10 15
8 17
60 19
11 57
9 91
61 28
12 66
10 22
62 39
13 92
11 99
63 53
14 63
12 43
64 40
15 64
13 31
65 27
16 53
14 76
66 55
17 21
15 42
67 76
18 83
16 93
68 21
19 67
17 85
69 97
20 13
18 36
70 48
21 96
19 66
71 97
22 58
20 40
72 68
23 25
21 78
73 92
24 92
22 21
74 55
25 94
23 96
75 22
26 83
24 46
76 64
27 97
25 76
77 82
28 40
26 66
78 38
29 38
27 22
79 72
30 90
28 73
80 55
31 16
29 19
81 81
32 15
30 64
82 14
33 99
31 23
83 67
34 33
32 83
84 52
35 55
33 40
85 62
36 39
34 40
86 20
37 18
35 70
87 22
38 89
36 22
88 59
39 42
37 60
89 51
40 19
38 84
90 17
41 51
39 61
91 100
42 13
40 23
92 50
43 57
41 66
93 57
44 90
42 48
94 48
45 53
43 50
95 46
46 42
44 53
96 34
47 70
45 81
97 26
48 57
46 57
98 34
49 65
47 52
99 81
50 69
48 62
100 82
49 86
101 76
1 36
52 26
102 17
2 69
53 49
51 23
103 64
3 75
54 51
52 62
104 100
4 63
55 42
53 93
105 100
5 71
56 79
54 19
106 87
6 48
57 42
55 69
107 72
7 69
58 53
56 96
108 15
8 68
59 18
57 45
109 90
9 56
60 71
58 33
110 30
10 54
61 72
59 21
111 97
11 88
62 51
60 61
112 92
12 50
63 35
61 38
113 20
13 72
64 10
62 58
114 31
14 60
65 84
63 46
115 88
15 86
66 87
64 45
116 53
16 96
67 35
65 12
117 20
17 20
68 16
66 53
118 100
18 85
69 96
67 55
119 18
19 51
70 38
68 49
120 61
20 25
71 10
69 92
121 49
21 36
72 61
70 35
122 29
22 69
73 53
71 66
123 37
23 96
74 35
72 80
124 47
24 70
75 22
73 99
125 17
25 77
76 99
74 23
126 39
26 60
77 94
75 69
127 93
27 95
78 65
76 84
128 63
28 37
79 63
77 40
129 89
29 90
80 69
78 68
130 38
30 45
81 99
79 13
131 39
31 24
82 87
80 79
132 72
32 53
83 29
81 81
133 12
33 21
84 84
82 57
134 32
34 44
85 37
83 99
135 19
35 23
86 100
84 64
136 96
36 52
87 85
85 48
137 91
37 56
88 89
86 93
138 10
38 27
89 31
87 84
139 69
39 55
90 22
88 40
140 27
40 58
91 16
89 41
141 30
41 91
92 85
90 79
142 57
42 40
93 32
91 12
143 76
43 22
94 42
92 84
144 65
44 25
95 42
93 82
145 50
45 51
96 16
94 100
146 60
46 45
97 91
95 41
147 77
47 50
98 92
96 44
148 43
48 26
99 31
97 86
149 23
49 65
100 38
98 15
150 81
50 70
99 45
151 29
51 79
102 67
152 48
52 98
103 60
101 77
153 61
53 16
104 66
102 80
154 49
54 66
105 87
103 82
155 78
55 19
106 45
104 94
156 48
56 43
107 75
105 34
157 19
57 32
108 40
106 84
158 37
58 22
109 83
107 33
159 45
59 49
110 72
108 58
160 85
60 76
111 40
109 61
161 87
61 60
112 33
110 67
162 76
62 77
113 80
111 73
163 44
63 90
114 24
112 65
164 85
64 98
115 54
113 83
165 57
65 98
116 72
114 66
166 96
66 96
117 41
115 46
167 99
67 67
118 25
116 48
168 96
68 53
119 12
117 65
169 21
69 30
120 88
118 86
170 56
70 28
121 17
119 19
171 33
71 57
122 69
120 75
172 67
72 88
123 70
121 38
173 39
73 62
124 91
122 91
174 65
74 26
125 24
123 30
175 33
75 96
126 51
124 45
176 89
76 10
127 23
125 35
177 26
77 39
128 97
126 32
178 13
78 42
129 16
127 24
179 83
79 30
130 23
128 77
180 23
80 43
131 74
129 47
181 10
81 96
132 49
130 14
182 44
82 53
133 37
131 33
183 24
83 62
134 20
132 42
184 43
84 60
135 45
133 17
185 50
85 30
136 75
134 46
186 45
86 72
137 36
135 29
187 96
87 23
138 21
136 14
188 56
88 34
139 12
137 60
189 63
89 69
140 45
138 46
190 27
90 43
141 75
139 47
191 29
91 50
142 13
140 69
192 24
92 62
143 96
141 15
193 48
93 89
144 35
142 92
194 18
94 99
145 45
143 65
195 48
95 13
146 94
144 34
196 12
96 95
147 19
145 57
197 10
97 47
148 89
146 34
198 49
98 89
149 59
147 85
199 100
99 30
150 30
148 72
200 54
100 28
149 18
201 13
101 25
152 62
202 35
102 75
153 46
151 84
203 100
103 90
154 43
152 26
204 91
104 96
155 76
153 60
205 32
105 51
156 16
154 92
206 90
106 88
157 31
155 47
207 48
107 38
158 61
156 49
208 72
108 14
159 76
157 93
209 16
109 38
160 99
158 55
210 40
110 72
161 94
159 54
211 32
111 47
162 98
160 30
212 14
112 37
163 17
161 94
213 86
113 40
164 72
162 58
214 14
114 95
165 14
163 33
215 47
115 86
166 41
164 92
216 10
116 29
167 81
165 18
217 10
117 88
168 84
166 98
218 82
118 99
169 43
167 77
219 13
119 96
170 37
168 53
220 32
120 13
171 85
169 40
221 36
121 81
172 14
170 15
222 62
122 20
173 63
171 80
223 67
123 25
174 32
172 62
224 17
124 46
175 28
173 48
225 42
125 21
176 43
174 51
226 20
126 93
177 15
175 82
227 23
127 95
178 63
176 100
228 37
128 95
179 14
177 14
229 15
129 24
180 12
178 54
230 47
130 78
181 91
179 61
231 75
131 90
182 54
180 92
232 51
132 20
183 71
181 58
233 70
133 91
184 48
182 22
234 13
134 97
185 48
183 96
235 44
135 84
186 38
184 78
236 14
136 34
187 97
185 36
237 27
137 84
188 24
186 45
238 44
138 20
189 35
187 24
239 54
139 29
190 83
188 46
240 12
140 15
191 68
189 12
241 47
141 80
192 26
190 45
242 88
142 65
193 60
191 91
243 71
143 48
194 88
192 88
244 42
144 82
195 41
193 72
245 63
145 84
196 54
194 56
246 63
146 39
197 88
195 84
247 27
147 62
198 67
196 90
248 81
148 20
199 25
197 31
249 93
149 15
200 53
198 60
250 93
150 26
199 84
251 85
151 33
202 20
252 82
152 96
203 79
201 33
253 100
153 29
204 41
202 12
254 44
154 13
205 17
203 89
255 14
155 51
206 18
204 64
256 62
156 29
207 45
205 11
257 65
157 28
208 17
206 91
258 45
158 20
209 15
207 53
259 73
159 58
210 88
208 82
260 23
160 10
211 49
209 48
261 41
161 74
212 14
210 23
262 87
162 60
213 84
211 48
263 62
163 45
214 61
212 88
264 24
164 95
215 97
213 42
265 81
165 100
216 62
214 44
266 100
166 100
217 20
215 63
267 29
167 70
218 91
216 83
268 81
168 32
219 24
217 38
269 62
169 31
220 44
218 48
270 70
170 93
221 58
219 48
271 22
171 58
222 26
220 74
272 83
172 96
223 89
221 79
273 81
173 18
224 40
222 79
274 75
174 69
225 21
223 80
275 53
175 97
226 21
224 58
276 90
176 67
227 14
225 39
277 61
177 62
228 17
226 48
278 46
178 88
229 50
227 48
279 80
179 75
230 74
228 62
280 16
180 78
231 24
229 16
281 96
181 52
232 64
230 95
282 62
182 68
233 20
231 54
283 86
183 85
234 69
232 80
284 67
184 38
235 78
233 95
285 87
185 45
236 25
234 65
286 73
186 84
237 36
235 16
287 24
187 40
238 36
236 30
288 72
188 62
239 39
237 73
289 37
189 15
240 20
238 63
290 54
190 83
241 94
239 50
291 65
191 33
242 26
240 64
292 78
192 93
243 37
241 42
293 74
193 93
244 25
242 20
294 35
194 31
245 66
243 38
295 93
195 68
246 96
244 64
296 70
196 14
247 40
245 27
297 19
197 94
248 61
246 11
298 43
198 31
249 48
247 48
299 47
199 41
250 93
248 73
300 66
200 14
249 73
301 21
201 22
252 82
302 42
202 24
253 48
251 36
303 77
203 29
254 40
252 16
304 82
204 31
255 85
253 23
305 53
205 10
256 67
254 41
306 75
206 59
257 26
255 74
307 53
207 84
258 99
256 83
308 82
208 89
259 31
257 16
309 73
209 31
260 35
258 13
310 27
210 31
261 58
259 47
311 78
211 24
262 33
260 82
312 73
212 13
263 80
261 95
313 100
213 54
264 24
262 97
314 30
214 74
265 36
263 65
315 47
215 77
266 73
264 88
316 75
216 23
267 76
265 16
317 30
217 73
268 21
266 86
318 18
218 94
269 100
267 11
319 91
219 43
270 84
268 76
320 60
220 61
271 81
269 54
321 11
221 84
272 50
270 87
322 11
222 50
273 34
271 34
323 10
223 78
274 80
272 30
324 70
224 22
275 53
273 44
325 82
225 48
276 35
274 70
326 42
226 72
277 28
275 28
327 58
227 79
278 64
276 66
328 12
228 78
279 63
277 45
329 39
229 35
280 13
278 19
330 23
230 38
281 19
279 47
331 70
231 64
282 24
280 26
332 38
232 66
283 97
281 60
333 50
233 39
284 92
282 22
334 59
234 39
285 88
283 49
335 65
235 83
286 19
284 72
336 84
236 81
287 83
285 40
337 28
237 72
288 18
286 23
338 16
238 53
289 82
287 49
339 96
239 62
290 38
288 75
340 31
240 58
291 24
289 11
341 23
241 36
292 75
290 58
342 24
242 100
293 53
291 56
343 50
243 94
294 67
292 53
344 79
244 70
295 83
293 42
345 78
245 12
296 29
294 36
346 41
246 48
297 84
295 27
347 35
247 75
298 74
296 63
348 73
248 29
299 66
297 45
349 70
249 34
300 89
298 88
350 32
250 15
299 90
351 51
251 56
302 29
352 99
252 15
303 17
301 71
353 10
253 86
304 45
302 42
354 20
254 94
305 59
303 85
355 23
255 58
306 39
304 23
356 69
256 44
307 18
305 73
357 44
257 73
308 52
306 46
358 15
258 49
309 48
307 64
359 32
259 71
310 20
308 42
360 30
260 51
311 66
309 37
361 64
261 59
312 48
310 32
362 62
262 67
313 87
311 40
363 52
263 16
314 10
312 73
364 51
264 12
315 73
313 63
365 40
265 53
316 65
314 24
366 37
266 10
317 29
315 82
367 72
267 98
318 30
316 35
368 93
268 68
319 72
317 37
369 77
269 34
320 99
318 79
370 62
270 94
321 29
319 49
371 52
271 61
322 100
320 49
372 73
272 24
323 55
321 65
373 62
273 15
324 35
322 53
374 28
274 53
325 72
323 20
375 84
275 57
326 49
324 42
376 34
276 48
327 29
325 18
377 65
277 33
328 23
326 49
378 82
278 51
329 85
327 97
379 99
279 78
330 10
328 36
380 72
280 90
331 72
329 89
381 53
281 49
332 81
330 29
382 33
282 55
333 95
331 49
383 69
283 83
334 34
332 19
384 67
284 50
335 26
333 66
385 99
285 23
336 100
334 20
386 76
286 83
337 49
335 16
387 50
287 42
338 66
336 82
388 20
288 34
339 23
337 29
389 89
289 77
340 75
338 66
390 88
290 59
341 81
339 74
391 59
291 71
342 31
340 65
392 61
292 26
343 73
341 12
393 57
293 99
344 44
342 14
394 29
294 98
345 50
343 95
395 44
295 60
346 61
344 39
396 16
296 64
347 15
345 88
397 58
297 55
348 45
346 30
398 17
298 78
349 48
347 22
399 32
299 75
350 29
348 66
400 78
300 16
349 91
401 98
301 92
352 91
402 70
302 42
353 94
351 85
403 82
303 72
354 10
352 28
404 92
304 26
355 98
353 36
405 65
305 54
356 48
354 25
406 11
306 18
357 33
355 76
407 15
307 71
358 33
356 40
408 29
308 73
359 62
357 25
409 97
309 68
360 42
358 16
410 89
310 86
361 56
359 24
411 20
311 53
362 79
360 19
412 96
312 42
363 29
361 49
413 24
313 94
364 97
362 93
414 31
314 71
365 34
363 86
415 74
315 18
366 38
364 84
416 33
316 44
367 50
365 57
417 57
317 84
368 22
366 74
418 75
318 99
369 46
367 69
419 42
319 27
370 18
368 50
420 54
320 26
371 41
369 38
421 91
321 70
372 97
370 16
422 89
322 77
373 11
371 88
423 13
323 61
374 61
372 47
424 63
324 82
375 24
373 21
425 53
325 62
376 27
374 53
426 76
326 91
377 54
375 46
427 16
327 60
378 85
376 36
428 96
328 38
379 79
377 50
429 47
329 68
380 41
378 40
430 80
330 54
381 38
379 75
431 35
331 56
382 40
380 70
432 10
332 36
383 92
381 52
433 63
333 19
384 14
382 82
434 13
334 84
385 26
383 90
435 23
335 41
386 77
384 85
436 100
336 25
387 26
385 41
437 69
337 60
388 40
386 44
438 97
338 71
389 90
387 95
439 93
339 18
390 38
388 64
440 52
340 10
391 83
389 98
441 53
341 64
392 56
390 67
442 37
342 79
393 81
391 38
443 32
343 38
394 73
392 51
444 61
344 62
395 67
393 44
445 78
345 38
396 55
394 30
446 95
346 88
397 68
395 31
447 85
347 57
398 88
396 69
448 65
348 75
399 53
397 52
449 16
349 30
400 88
398 65
450 20
350 63
399 72
451 33
351 45
402 59
452 100
352 24
403 39
401 74
453 85
353 42
404 25
402 23
454 73
354 28
405 72
403 88
455 72
355 40
406 21
404 28
456 79
356 59
407 82
405 21
457 42
357 53
408 89
406 36
458 48
358 62
409 43
407 57
459 38
359 59
410 14
408 18
460 58
360 92
411 97
409 94
461 75
361 24
412 60
410 11
462 25
362 72
413 98
411 82
463 28
363 68
414 32
412 14
464 13
364 70
415 59
413 25
465 86
365 32
416 47
414 79
466 86
366 60
417 38
415 51
467 42
367 59
418 88
416 96
468 13
368 39
419 68
417 22
469 41
369 43
420 39
418 92
470 51
370 42
421 46
419 91
471 87
371 25
422 78
420 62
472 97
372 60
423 23
421 10
473 69
373 86
424 90
422 78
474 89
374 74
425 50
423 23
475 30
375 57
426 42
424 40
476 11
376 72
427 48
425 57
477 24
377 14
428 63
426 67
478 44
378 61
429 12
427 41
479 81
379 52
430 73
428 76
480 91
380 43
431 11
429 69
481 28
381 58
432 21
430 25
482 53
382 60
433 50
431 96
483 94
383 90
434 52
432 67
484 24
384 49
435 18
433 51
485 25
385 76
436 92
434 99
486 49
386 32
437 23
435 34
487 86
387 71
438 11
436 31
488 64
388 90
439 59
437 52
489 18
389 26
440 94
438 77
490 15
390 44
441 17
439 43
491 89
391 62
442 24
440 24
492 82
392 38
443 73
441 26
493 11
393 29
444 56
442 31
494 30
394 31
445 82
443 19
495 47
395 62
446 80
444 41
496 46
396 13
447 32
445 53
497 83
397 27
448 90
446 82
498 75
398 14
449 35
447 76
499 15
399 24
450 87
448 72
500 47
400 96
449 26
501 65
401 23
452 41
502 35
402 74
453 40
451 23
503 67
403 94
454 99
452 81
504 25
404 57
455 65
453 45
505 59
405 86
456 17
454 23
506 40
406 93
457 52
455 99
507 52
407 56
458 46
456 91
508 31
408 69
459 20
457 32
509 100
409 56
460 18
458 76
510 80
410 12
461 87
459 35
511 91
411 69
462 15
460 36
512 63
412 48
463 95
461 19
513 11
413 58
464 99
462 21
514 95
414 70
465 74
463 78
515 85
415 40
466 93
464 41
516 22
416 67
467 16
465 93
517 36
417 52
468 43
466 50
518 56
418 60
469 77
467 27
519 33
419 85
470 36
468 55
520 49
420 81
471 21
469 58
521 87
421 51
472 38
470 99
522 63
422 55
473 68
471 55
523 42
423 58
474 45
472 34
524 14
424 24
475 14
473 60
525 30
425 64
476 66
474 46
526 91
426 15
477 12
475 49
527 93
427 64
478 31
476 56
528 48
428 42
479 99
477 61
529 67
429 80
480 52
478 95
530 60
430 47
481 41
479 46
531 74
431 22
482 22
480 39
532 49
432 25
483 87
481 51
533 48
433 13
484 43
482 94
534 72
434 99
485 62
483 40
535 95
435 38
486 37
484 87
536 26
436 43
487 26
485 43
537 73
437 36
488 70
486 89
538 52
438 75
489 66
487 37
539 81
439 56
490 90
488 65
540 68
440 47
491 47
489 84
541 81
441 31
492 38
490 34
542 18
442 95
493 26
491 28
543 24
443 24
494 79
492 98
544 57
444 63
495 36
493 86
545 79
445 63
496 40
494 55
546 57
446 24
497 24
495 18
547 56
447 19
498 94
496 80
548 53
448 77
499 71
497 31
549 10
449 34
500 54
498 94
550 57
450 28
499 62
551 53
451 31
502 44
552 22
452 41
503 97
501 88
553 91
453 75
504 36
502 57
554 80
454 42
505 66
503 69
555 53
455 94
506 14
504 72
556 17
456 35
507 73
505 21
557 59
457 72
508 31
506 24
558 97
458 77
509 15
507 15
559 86
459 65
510 83
508 13
560 31
460 59
511 18
509 65
561 54
461 97
512 31
510 67
562 43
462 55
513 70
511 19
563 52
463 73
514 92
512 80
564 47
464 80
515 86
513 99
565 53
465 32
516 60
514 95
566 15
466 59
517 42
515 36
567 98
467 53
518 41
516 58
568 15
468 20
519 46
517 91
569 62
469 92
520 17
518 16
570 39
470 46
521 19
519 84
571 86
471 81
522 81
520 55
572 15
472 93
523 74
521 52
573 76
473 47
524 85
522 42
574 10
474 38
525 16
523 51
575 93
475 47
526 20
524 34
576 26
476 19
527 55
525 100
577 81
477 33
528 25
526 46
578 33
478 10
529 35
527 100
579 60
479 59
530 36
528 88
580 63
480 69
531 68
529 37
581 48
481 69
532 94
530 63
582 30
482 93
533 25
531 26
583 38
483 19
534 40
532 54
584 25
484 73
535 93
533 63
585 34
485 33
536 82
534 61
586 45
486 28
537 21
535 60
587 79
487 20
538 41
536 59
588 44
488 97
539 33
537 43
589 94
489 30
540 93
538 56
590 58
490 37
541 96
539 31
591 98
491 51
542 41
540 32
592 76
492 29
543 89
541 94
593 76
493 72
544 92
542 15
594 84
494 65
545 48
543 66
595 83
495 40
546 95
544 49
596 44
496 12
547 54
545 49
597 34
497 93
548 71
546 48
598 35
498 94
549 54
547 64
599 69
499 83
550 68
548 77
600 63
500 64
549 93
501 61
552 15
502 80
553 24
551 88
503 30
554 60
552 84
504 72
555 51
553 36
505 80
556 85
554 85
506 95
557 79
555 69
507 21
558 28
556 19
508 44
559 24
557 98
509 44
560 17
558 57
510 62
561 33
559 18
511 13
562 20
560 95
512 48
563 68
561 51
513 85
564 94
562 35
514 47
565 51
563 66
515 83
566 61
564 97
516 93
567 87
565 46
517 22
568 73
566 20
518 51
569 49
567 26
519 57
570 65
568 19
520 68
571 35
569 70
521 81
572 82
570 33
522 56
573 28
571 41
523 89
574 74
572 84
524 38
575 31
573 10
525 58
576 62
574 30
526 18
577 37
575 84
527 76
578 53
576 92
528 73
579 40
577 24
529 35
580 61
578 55
530 11
581 62
579 59
531 20
582 69
580 91
532 68
583 45
581 99
533 24
584 20
582 92
534 12
585 66
583 50
535 49
586 37
584 88
536 37
587 46
585 48
537 35
588 94
586 58
538 77
589 80
587 88
539 40
590 58
588 30
540 56
591 41
589 58
541 73
592 25
590 77
542 86
593 35
591 55
543 48
594 95
592 55
544 48
595 72
593 51
545 87
596 64
594 77
546 84
597 45
595 40
547 91
598 89
596 75
548 62
599 58
597 21
549 96
600 37
598 95
550 56
599 31
576
525
1 576 
1 241 
1 425 
1 274 
3 92 474 598 
4 313 517 273 155 
2 219 91 
2 483 109 
2 114 582 
2 437 415 
1 97 
1 107 
2 430 77 
1 172 
1 305 
2 149 329 
2 417 217 
2 389 426 
1 441 
3 308 41 323 
1 224 
1 400 
1 266 
1 433 
1 53 
2 98 530 
1 121 
1 198 
1 159 
2 261 338 
1 596 
2 547 214 
2 306 571 
2 60 465 
2 231 140 
3 292 460 2 
1 287 
3 251 574 337 
1 544 
1 24 
2 431 369 
2 346 110 
2 555 394 
1 103 
1 408 
3 181 515 585 
1 225 
1 597 
1 190 
3 147 222 9 
2 464 551 
3 243 88 327 
1 66 
2 270 145 
2 183 85 
2 111 75 
1 238 
2 49 199 
2 461 395 
3 27 584 79 
4 588 46 536 507 
2 129 7 
1 187 
3 211 330 290 
1 239 
1 136 
5 493 468 328 340 15 
2 546 321 
2 101 17 
3 444 132 86 
1 380 
6 105 564 122 459 502 351 
2 117 500 
1 138 
1 119 
2 435 234 
2 469 143 
1 83 
3 586 131 398 
2 301 456 
3 42 367 141 
1 320 
2 315 403 
2 100 508 
2 347 87 
1 319 
2 125 542 
3 39 407 457 
2 580 8 
2 89 519 
1 538 
1 523 
3 173 345 303 
4 94 151 556 595 
1 180 
2 374 559 
4 476 74 583 135 
1 516 
2 279 175 
1 281 
1 412 
1 104 
3 402 537 242 
1 205 
1 463 
1 54 
3 386 209 276 
2 16 194 
1 282 
5 289 376 35 229 594 
1 498 
1 411 
1 300 
1 525 
