600 2276 10 100 114
2
3
3
3
3
3
3
3
3
3
3
3
3
3
3
3
3
3
3
3
3
3
3
3
3
3
3
3
3
3
3
3
3
3
3
3
3
3
3
3
3
3
3
3
3
3
3
3
3
2
3
4
4
4
4
4
4
4
4
4
4
4
4
4
4
4
4
4
4
4
4
4
4
4
4
4
4
4
4
4
4
4
4
4
4
4
4
4
4
4
4
4
4
4
4
4
4
4
4
3
3
4
4
4
4
4
4
4
4
4
4
4
4
4
4
4
4
4
4
4
4
4
4
4
4
4
4
4
4
4
4
4
4
4
4
4
4
4
4
4
4
4
4
4
4
4
4
4
4
3
3
4
4
4
4
4
4
4
4
4
4
4
4
4
4
4
4
4
4
4
4
4
4
4
4
4
4
4
4
4
4
4
4
4
4
4
4
4
4
4
4
4
4
4
4
4
4
4
4
3
3
4
4
4
4
4
4
4
4
4
4
4
4
4
4
4
4
4
4
4
4
4
4
4
4
4
4
4
4
4
4
4
4
4
4
4
4
4
4
4
4
4
4
4
4
4
4
4
4
3
3
4
4
4
4
4
4
4
4
4
4
4
4
4
4
4
4
4
4
4
4
4
4
4
4
4
4
4
4
4
4
4
4
4
4
4
4
4
4
4
4
4
4
4
4
4
4
4
4
3
3
4
4
4
4
4
4
4
4
4
4
4
4
4
4
4
4
4
4
4
4
4
4
4
4
4
4
4
4
4
4
4
4
4
4
4
4
4
4
4
4
4
4
4
4
4
4
4
4
3
3
4
4
4
4
4
4
4
4
4
4
4
4
4
4
4
4
4
4
4
4
4
4
4
4
4
4
4
4
4
4
4
4
4
4
4
4
4
4
4
4
4
4
4
4
4
4
4
4
3
3
4
4
4
4
4
4
4
4
4
4
4
4
4
4
4
4
4
4
4
4
4
4
4
4
4
4
4
4
4
4
4
4
4
4
4
4
4
4
4
4
4
4
4
4
4
4
4
4
3
3
4
4
4
4
4
4
4
4
4
4
4
4
4
4
4
4
4
4
4
4
4
4
4
4
4
4
4
4
4
4
4
4
4
4
4
4
4
4
4
4
4
4
4
4
4
4
4
4
3
3
4
4
4
4
4
4
4
4
4
4
4
4
4
4
4
4
4
4
4
4
4
4
4
4
4
4
4
4
4
4
4
4
4
4
4
4
4
4
4
4
4
4
4
4
4
4
4
4
3
2
3
3
3
3
3
3
3
3
3
3
3
3
3
3
3
3
3
3
3
3
3
3
3
3
3
3
3
3
3
3
3
3
3
3
3
3
3
3
3
3
3
3
3
3
3
3
3
3
2
51 29
2 29
52 13
3 55
1 28
53 40
4 67
2 46
54 66
5 57
3 12
55 77
6 12
4 42
56 68
7 36
5 90
57 59
8 40
6 81
58 56
9 97
7 47
59 18
10 85
8 77
60 52
11 97
9 16
61 100
12 83
10 65
62 39
13 88
11 18
63 76
14 28
12 86
64 97
15 67
13 85
65 98
16 67
14 21
66 93
17 23
15 80
67 49
18 62
16 72
68 30
19 84
17 89
69 40
20 96
18 56
70 55
21 79
19 33
71 39
22 97
20 43
72 48
23 15
21 43
73 83
24 32
22 73
74 58
25 84
23 60
75 23
26 83
24 88
76 18
27 84
25 39
77 17
28 61
26 22
78 80
29 29
27 26
79 100
30 63
28 42
80 90
31 16
29 87
81 54
32 97
30 94
82 79
33 40
31 32
83 79
34 97
32 84
84 78
35 42
33 28
85 51
36 25
34 39
86 10
37 20
35 36
87 80
38 97
36 64
88 41
39 11
37 69
89 70
40 83
38 13
90 64
41 28
39 70
91 29
42 32
40 18
92 40
43 89
41 44
93 10
44 99
42 61
94 59
45 71
43 37
95 41
46 41
44 49
96 58
47 81
45 40
97 70
48 31
46 34
98 64
49 66
47 79
99 82
50 75
48 27
100 53
49 41
101 84
1 29
52 19
102 30
2 48
53 32
51 35
103 89
3 69
54 80
52 89
104 72
4 43
55 77
53 86
105 90
5 26
56 48
54 72
106 68
6 57
57 20
55 44
107 96
7 84
58 54
56 93
108 78
8 73
59 36
57 87
109 50
9 37
60 48
58 87
110 13
10 22
61 27
59 68
111 40
11 68
62 26
60 32
112 61
12 80
63 36
61 27
113 99
13 82
64 16
62 61
114 11
14 60
65 47
63 57
115 53
15 11
66 54
64 10
116 57
16 21
67 33
65 38
117 60
17 99
68 63
66 51
118 100
18 58
69 33
67 86
119 47
19 91
70 82
68 48
120 18
20 95
71 10
69 50
121 69
21 58
72 53
70 57
122 78
22 67
73 51
71 29
123 98
23 97
74 57
72 81
124 88
24 57
75 80
73 31
125 88
25 34
76 19
74 23
126 58
26 87
77 52
75 17
127 35
27 87
78 84
76 61
128 10
28 74
79 42
77 53
129 30
29 65
80 71
78 13
130 86
30 61
81 80
79 90
131 64
31 76
82 57
80 17
132 90
32 14
83 70
81 51
133 63
33 51
84 44
82 100
134 20
34 12
85 94
83 50
135 99
35 26
86 43
84 49
136 37
36 46
87 71
85 59
137 58
37 11
88 79
86 95
138 70
38 24
89 34
87 37
139 26
39 17
90 74
88 92
140 66
40 66
91 67
89 44
141 76
41 31
92 15
90 76
142 77
42 91
93 95
91 14
143 11
43 11
94 24
92 79
144 49
44 49
95 72
93 36
145 89
45 79
96 12
94 76
146 67
46 30
97 45
95 41
147 93
47 75
98 35
96 39
148 83
48 62
99 50
97 98
149 64
49 46
100 95
98 14
150 65
50 71
99 60
151 63
51 93
102 60
152 89
52 98
103 30
101 70
153 42
53 79
104 80
102 93
154 18
54 87
105 61
103 31
155 73
55 23
106 20
104 94
156 24
56 42
107 59
105 68
157 36
57 22
108 65
106 22
158 76
58 15
109 55
107 42
159 51
59 50
110 43
108 84
160 91
60 41
111 51
109 66
161 33
61 44
112 89
110 44
162 53
62 78
113 18
111 31
163 77
63 93
114 69
112 12
164 18
64 54
115 72
113 42
165 69
65 29
116 44
114 15
166 10
66 82
117 12
115 24
167 51
67 81
118 61
116 48
168 88
68 52
119 16
117 81
169 10
69 94
120 85
118 48
170 48
70 63
121 100
119 24
171 46
71 51
122 46
120 54
172 35
72 37
123 66
121 21
173 28
73 89
124 36
122 29
174 97
74 61
125 50
123 92
175 18
75 56
126 54
124 22
176 99
76 31
127 21
125 95
177 31
77 87
128 86
126 66
178 27
78 94
129 17
127 75
179 15
79 24
130 24
128 78
180 89
80 96
131 76
129 47
181 59
81 33
132 51
130 31
182 21
82 87
133 84
131 30
183 83
83 49
134 74
132 78
184 38
84 80
135 52
133 38
185 68
85 77
136 57
134 28
186 93
86 27
137 100
135 16
187 50
87 11
138 92
136 77
188 65
88 85
139 98
137 20
189 45
89 48
140 97
138 32
190 20
90 72
141 95
139 40
191 13
91 56
142 21
140 91
192 59
92 66
143 32
141 38
193 76
93 81
144 60
142 19
194 44
94 26
145 65
143 87
195 68
95 27
146 37
144 91
196 22
96 41
147 19
145 60
197 10
97 20
148 19
146 12
198 100
98 28
149 80
147 75
199 22
99 69
150 97
148 24
200 82
100 36
149 78
201 97
101 97
152 75
202 86
102 12
153 31
151 15
203 89
103 17
154 72
152 23
204 75
104 86
155 14
153 13
205 38
105 59
156 83
154 53
206 59
106 53
157 53
155 41
207 66
107 94
158 61
156 64
208 78
108 52
159 21
157 94
209 82
109 84
160 79
158 17
210 73
110 93
161 20
159 15
211 95
111 61
162 30
160 24
212 53
112 72
163 30
161 46
213 93
113 30
164 43
162 18
214 87
114 23
165 96
163 26
215 100
115 39
166 64
164 24
216 42
116 63
167 79
165 14
217 33
117 61
168 69
166 64
218 25
118 81
169 79
167 72
219 10
119 99
170 10
168 96
220 63
120 78
171 53
169 53
221 96
121 14
172 57
170 91
222 77
122 28
173 76
171 37
223 12
123 18
174 45
172 37
224 17
124 19
175 99
173 11
225 14
125 56
176 71
174 40
226 82
126 27
177 93
175 85
227 16
127 10
178 76
176 80
228 62
128 76
179 21
177 76
229 36
129 56
180 46
178 65
230 13
130 24
181 77
179 20
231 95
131 43
182 27
180 30
232 88
132 52
183 48
181 86
233 47
133 37
184 41
182 73
234 75
134 37
185 70
183 50
235 24
135 30
186 40
184 17
236 28
136 94
187 99
185 49
237 95
137 38
188 12
186 63
238 97
138 24
189 74
187 55
239 38
139 94
190 16
188 97
240 51
140 70
191 65
189 14
241 65
141 86
192 75
190 89
242 88
142 27
193 21
191 50
243 78
143 29
194 71
192 52
244 20
144 25
195 24
193 30
245 48
145 18
196 68
194 84
246 60
146 97
197 66
195 46
247 46
147 24
198 58
196 98
248 32
148 66
199 78
197 100
249 14
149 58
200 74
198 48
250 39
150 80
199 32
251 24
151 86
202 74
252 84
152 98
203 67
201 46
253 75
153 48
204 84
202 49
254 31
154 83
205 70
203 86
255 11
155 19
206 62
204 41
256 75
156 47
207 91
205 83
257 27
157 64
208 95
206 55
258 39
158 21
209 11
207 69
259 84
159 19
210 96
208 98
260 94
160 10
211 68
209 32
261 46
161 45
212 56
210 49
262 81
162 31
213 71
211 54
263 26
163 76
214 20
212 16
264 67
164 76
215 90
213 90
265 54
165 17
216 72
214 93
266 65
166 19
217 25
215 18
267 47
167 54
218 75
216 32
268 58
168 98
219 51
217 66
269 16
169 14
220 72
218 79
270 23
170 53
221 56
219 21
271 54
171 11
222 50
220 100
272 36
172 99
223 82
221 53
273 17
173 38
224 25
222 82
274 14
174 71
225 49
223 48
275 95
175 64
226 83
224 37
276 87
176 27
227 100
225 62
277 94
177 75
228 88
226 29
278 19
178 74
229 87
227 20
279 76
179 39
230 50
228 75
280 66
180 18
231 57
229 63
281 19
181 59
232 78
230 74
282 73
182 44
233 98
231 53
283 39
183 18
234 18
232 29
284 83
184 24
235 36
233 67
285 50
185 19
236 15
234 96
286 96
186 81
237 71
235 85
287 49
187 63
238 62
236 97
288 71
188 98
239 21
237 67
289 59
189 93
240 72
238 30
290 17
190 93
241 48
239 14
291 64
191 56
242 38
240 67
292 51
192 93
243 53
241 31
293 71
193 45
244 99
242 66
294 55
194 68
245 90
243 49
295 40
195 19
246 71
244 100
296 88
196 39
247 99
245 64
297 72
197 19
248 50
246 81
298 24
198 16
249 98
247 42
299 33
199 14
250 85
248 27
300 76
200 38
249 65
301 80
201 45
252 82
302 73
202 37
253 28
251 80
303 93
203 37
254 99
252 15
304 75
204 39
255 91
253 95
305 21
205 63
256 10
254 30
306 62
206 99
257 77
255 15
307 25
207 73
258 94
256 98
308 49
208 89
259 64
257 29
309 39
209 73
260 69
258 72
310 40
210 47
261 62
259 94
311 91
211 94
262 11
260 42
312 77
212 33
263 49
261 84
313 80
213 58
264 34
262 66
314 73
214 55
265 42
263 10
315 30
215 64
266 66
264 77
316 61
216 29
267 50
265 32
317 89
217 54
268 19
266 33
318 37
218 20
269 77
267 50
319 22
219 77
270 20
268 30
320 43
220 57
271 63
269 76
321 74
221 55
272 97
270 28
322 91
222 52
273 52
271 13
323 51
223 70
274 100
272 91
324 80
224 61
275 11
273 100
325 78
225 20
276 88
274 45
326 35
226 67
277 63
275 76
327 56
227 29
278 20
276 95
328 12
228 37
279 92
277 55
329 98
229 42
280 76
278 37
330 22
230 95
281 36
279 18
331 15
231 63
282 61
280 88
332 78
232 52
283 57
281 96
333 97
233 79
284 30
282 74
334 44
234 41
285 76
283 46
335 17
235 38
286 95
284 73
336 63
236 12
287 68
285 66
337 36
237 20
288 54
286 48
338 53
238 17
289 19
287 83
339 21
239 11
290 97
288 54
340 72
240 22
291 89
289 66
341 56
241 63
292 17
290 58
342 72
242 43
293 35
291 24
343 27
243 26
294 47
292 91
344 45
244 27
295 94
293 52
345 16
245 53
296 11
294 81
346 56
246 40
297 70
295 34
347 34
247 35
298 15
296 29
348 82
248 10
299 84
297 55
349 26
249 54
300 45
298 83
350 23
250 38
299 73
351 40
251 20
302 99
352 66
252 46
303 54
301 10
353 28
253 72
304 85
302 10
354 31
254 72
305 74
303 13
355 15
255 37
306 37
304 55
356 48
256 10
307 76
305 96
357 19
257 42
308 52
306 37
358 15
258 13
309 82
307 56
359 33
259 43
310 53
308 31
360 24
260 65
311 15
309 76
361 100
261 59
312 94
310 18
362 26
262 50
313 32
311 36
363 72
263 89
314 90
312 31
364 43
264 34
315 41
313 41
365 76
265 19
316 11
314 53
366 55
266 46
317 83
315 93
367 99
267 43
318 25
316 65
368 49
268 24
319 52
317 82
369 79
269 43
320 55
318 57
370 27
270 34
321 81
319 22
371 12
271 38
322 18
320 50
372 100
272 30
323 65
321 88
373 25
273 28
324 78
322 36
374 96
274 99
325 47
323 100
375 92
275 40
326 22
324 67
376 53
276 24
327 15
325 25
377 46
277 29
328 18
326 73
378 79
278 38
329 21
327 13
379 14
279 17
330 28
328 81
380 91
280 50
331 64
329 84
381 74
281 74
332 36
330 84
382 56
282 31
333 10
331 30
383 84
283 52
334 25
332 57
384 35
284 80
335 65
333 26
385 83
285 97
336 46
334 31
386 16
286 82
337 81
335 61
387 44
287 87
338 100
336 68
388 63
288 89
339 43
337 14
389 50
289 17
340 30
338 99
390 36
290 76
341 59
339 95
391 51
291 70
342 73
340 30
392 68
292 65
343 97
341 21
393 53
293 42
344 77
342 94
394 41
294 16
345 21
343 85
395 68
295 71
346 79
344 92
396 13
296 38
347 78
345 67
397 27
297 64
348 43
346 93
398 53
298 87
349 89
347 55
399 44
299 59
350 41
348 18
400 34
300 82
349 26
401 78
301 23
352 20
402 68
302 88
353 87
351 15
403 81
303 63
354 82
352 67
404 100
304 70
355 51
353 86
405 68
305 94
356 49
354 83
406 73
306 58
357 67
355 47
407 38
307 90
358 47
356 10
408 98
308 25
359 11
357 32
409 71
309 10
360 32
358 80
410 18
310 57
361 52
359 76
411 14
311 85
362 18
360 84
412 68
312 56
363 37
361 53
413 68
313 14
364 18
362 65
414 50
314 99
365 39
363 40
415 15
315 84
366 74
364 63
416 12
316 97
367 89
365 89
417 83
317 14
368 34
366 86
418 51
318 45
369 98
367 18
419 69
319 55
370 44
368 49
420 95
320 73
371 69
369 11
421 67
321 74
372 94
370 46
422 20
322 25
373 61
371 61
423 94
323 74
374 39
372 14
424 74
324 25
375 54
373 29
425 48
325 100
376 70
374 68
426 23
326 24
377 21
375 16
427 51
327 34
378 93
376 52
428 81
328 33
379 99
377 63
429 55
329 68
380 41
378 62
430 45
330 54
381 93
379 81
431 59
331 85
382 55
380 76
432 35
332 35
383 49
381 33
433 55
333 16
384 24
382 22
434 84
334 23
385 32
383 53
435 28
335 14
386 90
384 76
436 50
336 71
387 40
385 37
437 78
337 40
388 55
386 17
438 34
338 54
389 54
387 46
439 88
339 45
390 25
388 97
440 30
340 31
391 56
389 25
441 61
341 66
392 14
390 29
442 55
342 74
393 31
391 99
443 98
343 38
394 94
392 77
444 95
344 73
395 38
393 99
445 87
345 83
396 11
394 72
446 61
346 14
397 70
395 71
447 68
347 46
398 96
396 52
448 88
348 72
399 14
397 25
449 72
349 75
400 22
398 21
450 68
350 74
399 97
451 38
351 67
402 86
452 39
352 40
403 80
401 17
453 76
353 38
404 31
402 53
454 12
354 40
405 53
403 27
455 26
355 65
406 14
404 58
456 59
356 33
407 12
405 89
457 87
357 62
408 84
406 20
458 17
358 50
409 97
407 35
459 48
359 51
410 75
408 81
460 12
360 21
411 93
409 47
461 42
361 22
412 72
410 20
462 81
362 91
413 58
411 74
463 87
363 84
414 84
412 92
464 19
364 36
415 81
413 87
465 16
365 74
416 91
414 57
466 67
366 71
417 78
415 85
467 14
367 67
418 29
416 20
468 70
368 65
419 99
417 96
469 73
369 19
420 96
418 55
470 80
370 84
421 37
419 30
471 66
371 99
422 36
420 60
472 24
372 56
423 34
421 25
473 89
373 30
424 34
422 64
474 61
374 47
425 79
423 12
475 78
375 63
426 40
424 34
476 55
376 68
427 77
425 32
477 91
377 22
428 16
426 40
478 85
378 84
429 50
427 69
479 61
379 15
430 44
428 87
480 91
380 73
431 25
429 40
481 53
381 49
432 75
430 71
482 13
382 58
433 14
431 26
483 88
383 66
434 37
432 19
484 24
384 55
435 18
433 50
485 41
385 17
436 83
434 96
486 67
386 72
437 63
435 77
487 18
387 51
438 99
436 87
488 86
388 11
439 51
437 20
489 65
389 69
440 30
438 77
490 47
390 58
441 72
439 91
491 30
391 62
442 62
440 44
492 29
392 100
443 17
441 95
493 42
393 25
444 78
442 30
494 74
394 48
445 22
443 36
495 86
395 83
446 67
444 74
496 82
396 22
447 74
445 82
497 13
397 36
448 61
446 51
498 10
398 91
449 83
447 65
499 20
399 90
450 33
448 81
500 60
400 79
449 45
501 32
401 81
452 81
502 85
402 58
453 16
451 48
503 59
403 31
454 40
452 72
504 46
404 53
455 36
453 33
505 83
405 88
456 58
454 26
506 82
406 24
457 72
455 29
507 36
407 24
458 51
456 51
508 19
408 51
459 37
457 52
509 77
409 93
460 46
458 38
510 90
410 81
461 48
459 23
511 63
411 79
462 38
460 68
512 27
412 27
463 41
461 36
513 92
413 97
464 81
462 82
514 51
414 66
465 90
463 72
515 10
415 100
466 13
464 64
516 31
416 93
467 53
465 26
517 48
417 84
468 95
466 83
518 43
418 96
469 22
467 100
519 61
419 34
470 12
468 86
520 11
420 96
471 27
469 54
521 25
421 59
472 64
470 15
522 67
422 15
473 34
471 94
523 83
423 83
474 69
472 94
524 31
424 90
475 45
473 13
525 52
425 100
476 79
474 78
526 25
426 76
477 41
475 53
527 31
427 67
478 79
476 39
528 51
428 63
479 29
477 70
529 34
429 30
480 61
478 24
530 32
430 36
481 82
479 12
531 14
431 19
482 48
480 81
532 65
432 79
483 39
481 78
533 58
433 79
484 42
482 44
534 35
434 69
485 21
483 28
535 10
435 38
486 48
484 84
536 74
436 95
487 100
485 60
537 42
437 14
488 63
486 69
538 79
438 54
489 47
487 48
539 76
439 41
490 41
488 75
540 73
440 50
491 36
489 85
541 42
441 60
492 96
490 61
542 68
442 38
493 98
491 58
543 77
443 89
494 43
492 52
544 71
444 91
495 61
493 33
545 79
445 79
496 66
494 81
546 94
446 78
497 36
495 64
547 70
447 33
498 93
496 65
548 42
448 83
499 13
497 68
549 45
449 100
500 60
498 50
550 49
450 18
499 76
551 54
451 22
502 16
552 52
452 52
503 62
501 67
553 92
453 84
504 47
502 67
554 35
454 93
505 84
503 45
555 55
455 81
506 99
504 80
556 96
456 82
507 87
505 74
557 92
457 18
508 47
506 60
558 37
458 82
509 68
507 45
559 37
459 37
510 83
508 85
560 58
460 96
511 71
509 16
561 30
461 78
512 95
510 99
562 62
462 49
513 49
511 31
563 13
463 87
514 48
512 28
564 39
464 44
515 49
513 37
565 17
465 73
516 83
514 39
566 28
466 45
517 83
515 10
567 86
467 65
518 97
516 38
568 36
468 26
519 17
517 15
569 48
469 14
520 17
518 65
570 59
470 51
521 95
519 72
571 11
471 66
522 48
520 55
572 96
472 46
523 49
521 26
573 81
473 53
524 99
522 25
574 14
474 54
525 78
523 10
575 76
475 66
526 54
524 64
576 19
476 69
527 31
525 23
577 38
477 67
528 27
526 35
578 74
478 82
529 20
527 76
579 66
479 46
530 11
528 94
580 82
480 74
531 42
529 55
581 88
481 62
532 67
530 20
582 72
482 21
533 39
531 77
583 71
483 97
534 95
532 97
584 98
484 69
535 78
533 63
585 99
485 60
536 80
534 96
586 64
486 68
537 94
535 14
587 96
487 71
538 28
536 73
588 92
488 35
539 47
537 23
589 12
489 57
540 12
538 75
590 26
490 99
541 15
539 42
591 21
491 74
542 42
540 88
592 39
492 64
543 11
541 80
593 58
493 74
544 40
542 19
594 18
494 92
545 10
543 76
595 61
495 87
546 83
544 13
596 60
496 57
547 63
545 23
597 52
497 68
548 36
546 94
598 93
498 56
549 86
547 90
599 80
499 91
550 70
548 51
600 83
500 85
549 26
501 83
552 54
502 41
553 69
551 58
503 28
554 73
552 22
504 32
555 65
553 30
505 40
556 54
554 69
506 43
557 54
555 49
507 48
558 67
556 61
508 74
559 16
557 72
509 43
560 100
558 36
510 31
561 10
559 64
511 62
562 76
560 52
512 16
563 100
561 86
513 20
564 64
562 73
514 90
565 35
563 85
515 94
566 37
564 74
516 23
567 85
565 10
517 19
568 44
566 66
518 50
569 82
567 82
519 54
570 38
568 20
520 71
571 11
569 29
521 50
572 22
570 73
522 69
573 83
571 28
523 66
574 43
572 34
524 61
575 50
573 75
525 53
576 24
574 64
526 51
577 20
575 32
527 35
578 23
576 52
528 47
579 38
577 100
529 68
580 16
578 87
530 16
581 95
579 96
531 73
582 19
580 36
532 27
583 17
581 55
533 69
584 76
582 37
534 82
585 41
583 88
535 58
586 73
584 23
536 64
587 72
585 59
537 61
588 100
586 27
538 18
589 18
587 24
539 36
590 17
588 17
540 99
591 38
589 33
541 35
592 96
590 54
542 100
593 42
591 17
543 67
594 81
592 16
544 27
595 84
593 49
545 36
596 42
594 39
546 60
597 63
595 11
547 29
598 69
596 95
548 29
599 100
597 56
549 17
600 87
598 11
550 16
599 73
488
361
1 488 
1 1 
2 174 318 
1 54 
1 527 
2 142 449 
2 55 42 
2 135 20 
3 406 26 125 
1 498 
3 71 440 119 
1 172 
3 296 15 83 
1 171 
1 307 
6 487 476 2 252 369 272 
1 451 
2 306 526 
3 559 146 397 
1 115 
2 553 258 
2 191 328 
1 383 
2 582 223 
4 104 522 312 314 
1 166 
2 447 502 
3 277 137 89 
1 16 
2 207 225 
1 46 
4 387 579 420 38 
1 408 
1 185 
2 131 47 
1 389 
1 456 
2 165 292 
2 32 337 
1 550 
1 50 
3 414 61 316 
3 411 462 107 
1 291 
1 438 
1 140 
1 538 
1 41 
4 385 429 62 212 
1 74 
1 151 
3 77 382 79 
3 388 121 75 
1 584 
1 302 
1 533 
2 90 344 
4 428 340 263 426 
3 570 324 373 
2 370 116 
3 256 479 521 
1 541 
1 349 
2 156 31 
3 505 563 372 
4 143 127 234 301 
1 478 
3 427 39 114 
3 268 392 198 
3 452 168 224 
2 395 534 
2 531 566 
1 474 
1 69 
1 25 
1 407 
1 416 
1 294 
2 424 560 
2 274 482 
4 309 313 222 409 
3 261 552 155 
2 57 506 
2 220 106 
2 11 437 
1 593 
2 543 442 
2 177 381 
3 421 594 535 
1 278 
1 577 
2 483 394 
2 161 491 
1 515 
1 360 
1 230 
1 572 
1 413 
2 384 120 
1 586 
2 237 496 
1 460 
3 396 179 254 
1 433 
3 266 289 379 
2 81 111 
1 242 
1 265 
3 520 470 285 
1 375 
1 431 
3 419 557 112 
2 65 214 
1 361 
