600 2276 10 100 114
2
3
3
3
3
3
3
3
3
3
3
3
3
3
3
3
3
3
3
3
3
3
3
3
3
3
3
3
3
3
3
3
3
3
3
3
3
3
3
3
3
3
3
3
3
3
3
3
3
2
3
4
4
4
4
4
4
4
4
4
4
4
4
4
4
4
4
4
4
4
4
4
4
4
4
4
4
4
4
4
4
4
4
4
4
4
4
4
4
4
4
4
4
4
4
4
4
4
4
3
3
4
4
4
4
4
4
4
4
4
4
4
4
4
4
4
4
4
4
4
4
4
4
4
4
4
4
4
4
4
4
4
4
4
4
4
4
4
4
4
4
4
4
4
4
4
4
4
4
3
3
4
4
4
4
4
4
4
4
4
4
4
4
4
4
4
4
4
4
4
4
4
4
4
4
4
4
4
4
4
4
4
4
4
4
4
4
4
4
4
4
4
4
4
4
4
4
4
4
3
3
4
4
4
4
4
4
4
4
4
4
4
4
4
4
4
4
4
4
4
4
4
4
4
4
4
4
4
4
4
4
4
4
4
4
4
4
4
4
4
4
4
4
4
4
4
4
4
4
3
3
4
4
4
4
4
4
4
4
4
4
4
4
4
4
4
4
4
4
4
4
4
4
4
4
4
4
4
4
4
4
4
4
4
4
4
4
4
4
4
4
4
4
4
4
4
4
4
4
3
3
4
4
4
4
4
4
4
4
4
4
4
4
4
4
4
4
4
4
4
4
4
4
4
4
4
4
4
4
4
4
4
4
4
4
4
4
4
4
4
4
4
4
4
4
4
4
4
4
3
3
4
4
4
4
4
4
4
4
4
4
4
4
4
4
4
4
4
4
4
4
4
4
4
4
4
4
4
4
4
4
4
4
4
4
4
4
4
4
4
4
4
4
4
4
4
4
4
4
3
3
4
4
4
4
4
4
4
4
4
4
4
4
4
4
4
4
4
4
4
4
4
4
4
4
4
4
4
4
4
4
4
4
4
4
4
4
4
4
4
4
4
4
4
4
4
4
4
4
3
3
4
4
4
4
4
4
4
4
4
4
4
4
4
4
4
4
4
4
4
4
4
4
4
4
4
4
4
4
4
4
4
4
4
4
4
4
4
4
4
4
4
4
4
4
4
4
4
4
3
3
4
4
4
4
4
4
4
4
4
4
4
4
4
4
4
4
4
4
4
4
4
4
4
4
4
4
4
4
4
4
4
4
4
4
4
4
4
4
4
4
4
4
4
4
4
4
4
4
3
2
3
3
3
3
3
3
3
3
3
3
3
3
3
3
3
3
3
3
3
3
3
3
3
3
3
3
3
3
3
3
3
3
3
3
3
3
3
3
3
3
3
3
3
3
3
3
3
3
2
51 84
2 29
52 83
3 78
1 100
53 80
4 16
2 62
54 23
5 63
3 70
55 70
6 93
4 30
56 79
7 25
5 10
57 94
8 91
6 68
58 28
9 38
7 95
59 71
10 42
8 13
60 25
11 85
9 46
61 64
12 26
10 60
62 39
13 80
11 38
63 31
14 49
12 80
64 29
15 71
13 11
65 58
16 95
14 91
66 78
17 28
15 67
67 85
18 21
16 30
68 48
19 28
17 97
69 18
20 82
18 97
70 69
21 43
19 59
71 13
22 86
20 50
72 97
23 88
21 64
73 64
24 92
22 87
74 64
25 65
23 78
75 26
26 83
24 82
76 17
27 59
25 58
77 68
28 12
26 24
78 74
29 11
27 35
79 63
30 100
28 72
80 69
31 17
29 41
81 91
32 79
30 64
82 27
33 15
31 50
83 12
34 44
32 88
84 41
35 15
33 95
85 29
36 89
34 39
86 81
37 22
35 58
87 14
38 24
36 55
88 94
39 39
37 88
89 19
40 29
38 53
90 67
41 74
39 89
91 68
42 70
40 98
92 20
43 61
41 91
93 96
44 26
42 88
94 82
45 16
43 100
95 31
46 39
44 42
96 14
47 14
45 48
97 65
48 72
46 77
98 32
49 67
47 41
99 84
50 87
48 47
100 88
49 44
101 100
1 14
52 97
102 55
2 97
53 91
51 61
103 49
3 57
54 47
52 51
104 15
4 92
55 56
53 72
105 70
5 28
56 76
54 86
106 30
6 74
57 66
55 85
107 55
7 23
58 57
56 87
108 23
8 81
59 73
57 80
109 63
9 90
60 93
58 14
110 70
10 48
61 30
59 73
111 19
11 26
62 67
60 65
112 88
12 48
63 36
61 94
113 76
13 10
64 28
62 69
114 63
14 61
65 64
63 77
115 76
15 44
66 78
64 31
116 67
16 54
67 29
65 88
117 48
17 76
68 65
66 49
118 100
18 94
69 89
67 58
119 13
19 80
70 80
68 46
120 22
20 52
71 100
69 55
121 17
21 11
72 38
70 11
122 85
22 62
73 48
71 48
123 36
23 99
74 99
72 85
124 78
24 30
75 13
73 79
125 46
25 39
76 41
74 22
126 95
26 50
77 61
75 95
127 99
27 70
78 31
76 15
128 86
28 57
79 92
77 79
129 95
29 16
80 76
78 85
130 91
30 93
81 41
79 62
131 24
31 90
82 89
80 77
132 35
32 27
83 62
81 82
133 75
33 19
84 56
82 97
134 88
34 40
85 25
83 45
135 75
35 31
86 22
84 19
136 100
36 35
87 42
85 82
137 84
37 12
88 58
86 100
138 98
38 20
89 39
87 34
139 32
39 32
90 85
88 13
140 55
40 82
91 79
89 51
141 77
41 94
92 57
90 71
142 28
42 100
93 38
91 17
143 61
43 78
94 78
92 70
144 18
44 98
95 42
93 36
145 78
45 42
96 94
94 28
146 80
46 91
97 46
95 40
147 35
47 35
98 11
96 27
148 73
48 41
99 88
97 31
149 57
49 97
100 27
98 12
150 34
50 73
99 91
151 39
51 32
102 48
152 80
52 99
103 60
101 55
153 95
53 22
104 18
102 28
154 49
54 40
105 10
103 22
155 61
55 32
106 62
104 93
156 66
56 40
107 27
105 43
157 70
57 93
108 24
106 80
158 65
58 93
109 89
107 62
159 63
59 51
110 76
108 45
160 11
60 63
111 74
109 76
161 16
61 13
112 19
110 89
162 99
62 79
113 76
111 39
163 52
63 100
114 67
112 89
164 66
64 56
115 16
113 51
165 92
65 71
116 79
114 94
166 20
66 53
117 47
115 70
167 44
67 20
118 41
116 49
168 72
68 48
119 25
117 20
169 78
69 38
120 79
118 63
170 31
70 40
121 83
119 36
171 71
71 41
122 90
120 11
172 62
72 25
123 56
121 77
173 97
73 54
124 17
122 88
174 71
74 38
125 11
123 32
175 79
75 68
126 60
124 67
176 29
76 72
127 17
125 31
177 42
77 91
128 62
126 44
178 54
78 17
129 19
127 86
179 61
79 11
130 26
128 82
180 39
80 20
131 80
129 47
181 66
81 89
132 54
130 66
182 66
82 63
133 87
131 25
183 17
83 24
134 91
132 60
184 28
84 29
135 66
133 81
185 14
85 81
136 22
134 82
186 97
86 28
137 46
135 79
187 49
87 79
138 53
136 22
188 81
88 95
139 88
137 30
189 99
89 97
140 20
138 95
190 96
90 41
141 46
139 26
191 73
91 69
142 38
140 46
192 37
92 74
143 85
141 82
193 42
93 63
144 17
142 57
194 96
94 62
145 14
143 42
195 17
95 55
146 13
144 24
196 41
96 24
147 19
145 66
197 10
97 57
148 59
146 59
198 20
98 87
149 29
147 55
199 49
99 55
150 49
148 18
200 46
100 52
149 16
201 84
101 61
152 100
202 98
102 68
153 90
151 57
203 68
103 53
154 38
152 16
204 43
104 65
155 72
153 10
205 51
105 74
156 33
154 64
206 87
106 75
157 97
155 29
207 12
107 24
158 60
156 93
208 88
108 35
159 93
157 96
209 33
109 85
160 38
158 32
210 49
110 44
161 54
159 29
211 37
111 89
162 76
160 13
212 40
112 51
163 57
161 39
213 18
113 100
164 75
162 29
214 51
114 61
165 76
163 12
215 24
115 35
166 20
164 69
216 14
116 39
167 74
165 96
217 78
117 97
168 39
166 88
218 92
118 45
169 60
167 61
219 96
119 14
170 45
168 92
220 32
120 24
171 80
169 79
221 35
121 61
172 52
170 60
222 16
122 43
173 11
171 43
223 85
123 94
174 69
172 77
224 18
124 55
175 59
173 26
225 47
125 35
176 35
174 17
226 24
126 77
177 67
175 90
227 92
127 21
178 100
176 41
228 21
128 38
179 35
177 18
229 78
129 27
180 24
178 89
230 36
130 99
181 48
179 29
231 43
131 40
182 64
180 89
232 72
132 25
183 92
181 52
233 93
133 19
184 26
182 85
234 15
134 100
185 23
183 50
235 74
135 12
186 46
184 77
236 55
136 32
187 10
185 75
237 50
137 38
188 78
186 98
238 23
138 32
189 60
187 26
239 96
139 42
190 65
188 19
240 39
140 89
191 61
189 19
241 11
141 100
192 82
190 87
242 88
142 40
193 34
191 59
243 91
143 82
194 37
192 71
244 67
144 92
195 81
193 36
245 19
145 68
196 95
194 48
246 54
146 29
197 24
195 62
247 83
147 41
198 41
196 24
248 24
148 68
199 94
197 56
249 39
149 52
200 24
198 25
250 22
150 95
199 18
251 85
151 100
202 93
252 90
152 100
203 42
201 72
253 25
153 85
204 78
202 32
254 98
154 42
205 83
203 81
255 96
155 45
206 60
204 86
256 10
156 83
207 91
205 45
257 41
157 44
208 68
206 74
258 28
158 23
209 93
207 99
259 15
159 32
210 23
208 40
260 55
160 10
211 15
209 91
261 57
161 78
212 49
210 10
262 70
162 63
213 45
211 67
263 44
163 46
214 30
212 56
264 62
164 39
215 76
213 95
265 91
165 32
216 93
214 99
266 87
166 39
217 36
215 20
267 84
167 23
218 43
216 21
268 12
168 47
219 12
217 31
269 16
169 69
220 36
218 50
270 21
170 64
221 54
219 60
271 27
171 100
222 98
220 61
272 32
172 15
223 70
221 91
273 72
173 77
224 87
222 89
274 75
174 75
225 14
223 74
275 86
175 90
226 24
224 87
276 82
176 39
227 90
225 18
277 71
177 100
228 49
226 84
278 56
178 47
229 72
227 56
279 67
179 57
230 91
228 10
280 75
180 81
231 33
229 65
281 45
181 74
232 17
230 33
282 95
182 87
233 71
231 51
283 34
183 67
234 97
232 17
284 25
184 87
235 42
233 12
285 68
185 58
236 86
234 66
286 51
186 74
237 49
235 40
287 98
187 17
238 23
236 49
288 69
188 80
239 76
237 57
289 12
189 67
240 83
238 56
290 34
190 24
241 48
239 34
291 63
191 11
242 62
240 73
292 88
192 91
243 87
241 98
293 66
193 42
244 66
242 66
294 95
194 50
245 45
243 72
295 23
195 12
246 20
244 81
296 32
196 89
247 36
245 48
297 86
197 50
248 27
246 38
298 78
198 77
249 16
247 28
299 96
199 53
250 69
248 28
300 98
200 85
249 51
301 17
201 90
252 81
302 43
202 61
253 80
251 77
303 33
203 53
254 35
252 15
304 60
204 56
255 13
253 59
305 47
205 79
256 79
254 98
306 37
206 88
257 89
255 81
307 62
207 52
258 84
256 39
308 74
208 88
259 40
257 55
309 63
209 67
260 45
258 100
310 66
210 78
261 71
259 97
311 26
211 52
262 56
260 54
312 87
212 74
263 76
261 62
313 39
213 65
264 54
262 96
314 68
214 15
265 52
263 82
315 88
215 37
266 52
264 56
316 32
216 41
267 89
265 65
317 26
217 16
268 16
266 19
318 76
218 54
269 30
267 39
319 68
219 56
270 73
268 30
320 10
220 51
271 29
269 28
321 20
221 87
272 100
270 93
322 71
222 56
273 87
271 62
323 42
223 56
274 51
272 32
324 100
224 46
275 20
273 29
325 69
225 55
276 11
274 85
326 22
226 58
277 43
275 80
327 53
227 20
278 23
276 61
328 12
228 45
279 61
277 74
329 33
229 57
280 22
278 74
330 20
230 28
281 69
279 53
331 89
231 62
282 44
280 30
332 68
232 25
283 68
281 77
333 100
233 67
284 89
282 88
334 16
234 44
285 52
283 39
335 12
235 41
286 65
284 75
336 21
236 57
287 36
285 28
337 51
237 96
288 34
286 98
338 36
238 36
289 75
287 60
339 53
239 90
290 32
288 10
340 62
240 40
291 37
289 85
341 31
241 27
292 83
290 58
342 75
242 21
293 90
291 53
343 73
243 70
294 99
292 77
344 66
244 31
295 25
293 73
345 74
245 43
296 68
294 81
346 86
246 23
297 44
295 47
347 33
247 45
298 80
296 51
348 99
248 61
299 29
297 75
349 30
249 93
300 46
298 74
350 97
250 85
299 39
351 17
251 39
302 56
352 91
252 16
303 36
301 70
353 64
253 45
304 73
302 36
354 53
254 28
305 14
303 52
355 90
255 86
306 34
304 29
356 97
256 33
307 12
305 50
357 58
257 71
308 52
306 18
358 15
258 33
309 59
307 40
359 37
259 77
310 27
308 99
360 13
260 92
311 95
309 62
361 81
261 58
312 94
310 82
362 45
262 17
313 13
311 29
363 22
263 53
314 68
312 39
364 27
264 78
315 69
313 88
365 55
265 41
316 87
314 21
366 89
266 28
317 100
315 23
367 64
267 26
318 16
316 33
368 50
268 27
319 12
317 82
369 82
269 60
320 59
318 12
370 49
270 95
321 93
319 57
371 21
271 82
322 37
320 53
372 63
272 42
323 84
321 42
373 42
273 54
324 73
322 91
374 51
274 10
325 87
323 77
375 18
275 96
326 61
324 26
376 91
276 68
327 80
325 41
377 97
277 20
328 100
326 30
378 74
278 13
329 75
327 25
379 26
279 75
330 64
328 82
380 38
280 61
331 48
329 72
381 26
281 33
332 37
330 11
382 10
282 73
333 23
331 84
383 23
283 83
334 98
332 43
384 60
284 47
335 50
333 37
385 51
285 63
336 30
334 54
386 80
286 82
337 54
335 59
387 33
287 85
338 76
336 41
388 57
288 18
339 82
337 76
389 63
289 80
340 30
338 75
390 23
290 18
341 16
339 44
391 36
291 70
342 65
340 50
392 80
292 53
343 54
341 38
393 45
293 20
344 52
342 72
394 65
294 34
345 54
343 66
395 25
295 94
346 25
344 16
396 97
296 76
347 24
345 25
397 55
297 83
348 38
346 39
398 34
298 14
349 80
347 29
399 68
299 25
350 65
348 13
400 37
300 32
349 79
401 39
301 67
352 61
402 63
302 90
353 73
351 58
403 78
303 44
354 46
352 53
404 25
304 68
355 46
353 96
405 76
305 82
356 51
354 17
406 16
306 48
357 43
355 82
407 86
307 37
358 73
356 42
408 54
308 21
359 91
357 45
409 18
309 78
360 13
358 24
410 59
310 91
361 44
359 90
411 93
311 58
362 77
360 31
412 12
312 84
363 53
361 62
413 65
313 35
364 43
362 10
414 86
314 63
365 48
363 37
415 79
315 33
366 54
364 21
416 60
316 20
367 75
365 63
417 44
317 58
368 59
366 21
418 95
318 28
369 21
367 99
419 32
319 20
370 96
368 46
420 86
320 75
371 33
369 49
421 19
321 82
372 88
370 16
422 65
322 11
373 72
371 100
423 74
323 100
374 85
372 37
424 94
324 93
375 21
373 45
425 37
325 83
376 66
374 98
426 97
326 74
377 47
375 47
427 30
327 75
378 20
376 84
428 52
328 25
379 49
377 89
429 71
329 68
380 39
378 16
430 65
330 53
381 21
379 93
431 15
331 53
382 84
380 88
432 83
332 32
383 55
381 86
433 40
333 10
384 43
382 82
434 44
334 83
385 42
383 69
435 39
335 50
386 24
384 56
436 40
336 72
387 67
385 29
437 97
337 92
388 84
386 55
438 90
338 19
389 72
387 37
439 76
339 99
390 90
388 74
440 76
340 73
391 94
389 61
441 76
341 72
392 21
390 44
442 91
342 66
393 21
391 39
443 47
343 39
394 43
392 36
444 74
344 95
395 70
393 28
445 14
345 84
396 15
394 63
446 86
346 47
397 74
395 59
447 36
347 24
398 20
396 20
448 43
348 65
399 26
397 63
449 92
349 72
400 71
398 23
450 73
350 95
399 58
451 48
351 21
402 50
452 100
352 71
403 69
401 85
453 59
353 28
404 44
402 23
454 73
354 64
405 13
403 87
455 24
355 24
406 90
404 26
456 20
356 74
407 54
405 43
457 87
357 79
408 73
406 80
458 48
358 25
409 23
407 82
459 69
359 35
410 16
408 24
460 13
360 59
411 85
409 45
461 66
361 18
412 95
410 38
462 12
362 39
413 70
411 57
463 24
363 25
414 95
412 67
464 29
364 58
415 34
413 28
465 59
365 68
416 87
414 13
466 30
366 92
417 67
415 63
467 48
367 81
418 92
416 51
468 92
368 27
419 70
417 63
469 46
369 63
420 27
418 74
470 47
370 77
421 20
419 92
471 24
371 64
422 44
420 55
472 60
372 48
423 56
421 56
473 36
373 10
424 11
422 35
474 97
374 84
425 47
423 83
475 83
375 76
426 35
424 20
476 50
376 60
427 45
425 73
477 42
377 37
428 14
426 76
478 75
378 38
429 35
427 33
479 21
379 31
430 76
428 19
480 89
380 43
431 53
429 75
481 10
381 31
432 91
430 72
482 24
382 55
433 32
431 70
483 76
383 18
434 98
432 14
484 23
384 66
435 16
433 47
485 73
385 80
436 66
434 91
486 10
386 62
437 51
435 72
487 64
387 12
438 94
436 18
488 39
388 34
439 36
437 46
489 68
389 64
440 84
438 75
490 21
390 85
441 91
439 95
491 94
391 63
442 48
440 83
492 15
392 42
443 89
441 53
493 12
393 17
444 32
442 26
494 73
394 80
445 83
443 71
495 74
395 34
446 39
444 48
496 63
396 38
447 67
445 49
497 55
397 53
448 95
446 81
498 64
398 64
449 87
447 44
499 29
399 41
450 17
448 99
500 86
400 46
449 81
501 58
401 14
452 72
502 95
402 27
453 61
451 98
503 41
403 87
454 14
452 54
504 90
404 43
455 70
453 98
505 40
405 91
456 50
454 31
506 76
406 69
457 19
455 71
507 94
407 51
458 62
456 61
508 85
408 16
459 71
457 93
509 32
409 77
460 100
458 52
510 19
410 39
461 60
459 91
511 97
411 99
462 85
460 42
512 48
412 76
463 25
461 70
513 73
413 85
464 43
462 22
514 54
414 57
465 30
463 58
515 43
415 39
466 35
464 18
516 47
416 53
467 35
465 73
517 71
417 57
468 19
466 59
518 18
418 77
469 96
467 66
519 26
419 23
470 55
468 57
520 28
420 33
471 40
469 47
521 85
421 76
472 26
470 29
522 75
422 26
473 57
471 81
523 74
423 42
474 24
472 30
524 66
424 39
475 16
473 11
525 95
425 81
476 14
474 51
526 74
426 15
477 99
475 63
527 89
427 72
478 83
476 98
528 58
428 16
479 71
477 89
529 60
429 20
480 79
478 63
530 68
430 13
481 74
479 35
531 75
431 13
482 11
480 73
532 99
432 96
483 33
481 41
533 77
433 29
484 40
482 34
534 52
434 99
485 30
483 95
535 23
435 38
486 70
484 78
536 79
436 18
487 66
485 94
537 71
437 62
488 50
486 28
538 43
438 14
489 99
487 68
539 67
439 11
490 35
488 95
540 84
440 58
491 15
489 87
541 55
441 27
492 30
490 25
542 78
442 14
493 60
491 28
543 91
443 36
494 62
492 50
544 99
444 54
495 20
493 18
545 80
445 20
496 28
494 41
546 75
446 96
497 60
495 66
547 98
447 61
498 91
496 35
548 19
448 97
499 79
497 53
549 24
449 49
500 73
498 53
550 32
450 90
499 11
551 58
451 93
502 51
552 21
452 75
503 82
501 25
553 95
453 100
504 69
502 88
554 35
454 11
505 29
503 87
555 59
455 56
506 88
504 95
556 72
456 85
507 23
505 88
557 66
457 92
508 79
506 42
558 10
458 93
509 81
507 13
559 30
459 72
510 82
508 47
560 21
460 79
511 86
509 99
561 73
461 39
512 43
510 72
562 100
462 39
513 99
511 54
563 25
463 23
514 49
512 16
564 24
464 64
515 64
513 94
565 36
465 65
516 38
514 20
566 54
466 16
517 74
515 48
567 61
467 88
518 27
516 88
568 76
468 37
519 50
517 46
569 21
469 40
520 18
518 73
570 99
470 60
521 65
519 49
571 45
471 36
522 73
520 55
572 76
472 44
523 91
521 64
573 92
473 64
524 37
522 82
574 22
474 88
525 20
523 19
575 42
475 13
526 32
524 31
576 98
476 76
527 74
525 50
577 44
477 45
528 31
526 13
578 66
478 44
529 80
527 29
579 79
479 21
530 53
528 16
580 30
480 83
531 82
529 91
581 77
481 46
532 13
530 25
582 66
482 60
533 66
531 88
583 44
483 70
534 21
532 92
584 62
484 61
535 49
533 62
585 48
485 22
536 74
534 73
586 10
486 58
537 56
535 13
587 39
487 81
538 93
536 100
588 98
488 93
539 75
537 75
589 31
489 19
540 32
538 23
590 52
490 41
541 35
539 64
591 48
491 29
542 45
540 18
592 56
492 43
543 36
541 50
593 22
493 78
544 27
542 26
594 67
494 53
545 25
543 97
595 17
495 90
546 59
544 32
596 91
496 56
547 83
545 62
597 87
497 18
548 56
546 95
598 26
498 71
549 58
547 51
599 100
499 16
550 75
548 90
600 32
500 37
549 73
501 36
552 40
502 55
553 68
551 90
503 23
554 97
552 81
504 44
555 93
553 20
505 53
556 83
554 37
506 32
557 95
555 10
507 11
558 53
556 53
508 42
559 93
557 22
509 40
560 82
558 85
510 60
561 55
559 65
511 68
562 98
560 56
512 42
563 74
561 67
513 73
564 97
562 59
514 87
565 93
563 32
515 26
566 80
564 26
516 63
567 80
565 30
517 13
568 79
566 67
518 49
569 55
567 13
519 47
570 74
568 22
520 76
571 52
569 37
521 79
572 82
570 63
522 96
573 12
571 93
523 18
574 73
572 23
524 16
575 89
573 21
525 44
576 38
574 41
526 27
577 76
575 19
527 45
578 54
576 64
528 88
579 33
577 71
529 43
580 18
578 61
530 26
581 69
579 78
531 86
582 11
580 18
532 35
583 51
581 59
533 67
584 96
582 20
534 39
585 83
583 72
535 77
586 53
584 76
536 28
587 32
585 80
537 23
588 20
586 55
538 81
589 74
587 78
539 27
590 28
588 81
540 94
591 32
589 74
541 51
592 55
590 99
542 37
593 57
591 31
543 14
594 55
592 30
544 78
595 19
593 46
545 24
596 87
594 53
546 13
597 98
595 44
547 85
598 28
596 44
548 52
599 94
597 34
549 41
600 94
598 26
550 27
599 67
312
32
2 399 312 
1 120 
1 103 
2 575 210 
1 385 
1 435 
2 39 542 
1 441 
1 402 
1 56 
3 338 581 158 
2 590 295 
2 462 86 
2 391 168 
3 523 566 313 
2 434 155 
6 256 431 17 363 429 322 
2 311 127 
2 314 315 
1 298 
2 483 329 
3 219 433 177 
2 506 10 
3 257 597 408 
1 232 
3 129 270 34 
1 61 
1 472 
2 332 334 
1 594 
3 213 36 142 
1 281 
1 69 
1 216 
4 336 96 164 455 
2 8 552 
3 237 507 188 
2 317 201 
3 591 303 511 
2 558 393 
1 3 
4 22 282 269 119 
4 571 380 30 124 
2 104 59 
3 100 160 495 
2 546 439 
1 556 
1 130 
1 247 
3 430 97 198 
2 123 530 
1 172 
1 77 
2 480 265 
1 121 
1 241 
3 420 520 544 
1 280 
1 326 
1 174 
1 541 
1 401 
2 80 65 
2 569 125 
1 37 
1 29 
2 456 206 
2 230 304 
1 548 
2 353 492 
3 154 42 246 
2 453 407 
1 425 
2 509 533 
1 452 
1 157 
2 373 369 
1 113 
3 107 290 291 
2 390 543 
1 358 
1 424 
3 357 465 122 
1 499 
2 582 539 
3 477 392 550 
1 240 
2 38 249 
2 136 386 
3 382 44 411 
2 131 46 
1 144 
1 276 
4 561 454 24 356 
1 149 
1 171 
1 254 
1 212 
3 286 361 7 
2 457 599 
2 417 79 
1 584 
2 66 321 
2 180 327 
1 245 
3 162 413 225 
2 525 202 
1 446 
2 342 340 
1 553 
3 262 488 307 
2 397 114 
2 221 62 
2 348 32 
