600 2276 10 100 114
2
3
3
3
3
3
3
3
3
3
3
3
3
3
3
3
3
3
3
3
3
3
3
3
3
3
3
3
3
3
3
3
3
3
3
3
3
3
3
3
3
3
3
3
3
3
3
3
3
2
3
4
4
4
4
4
4
4
4
4
4
4
4
4
4
4
4
4
4
4
4
4
4
4
4
4
4
4
4
4
4
4
4
4
4
4
4
4
4
4
4
4
4
4
4
4
4
4
4
3
3
4
4
4
4
4
4
4
4
4
4
4
4
4
4
4
4
4
4
4
4
4
4
4
4
4
4
4
4
4
4
4
4
4
4
4
4
4
4
4
4
4
4
4
4
4
4
4
4
3
3
4
4
4
4
4
4
4
4
4
4
4
4
4
4
4
4
4
4
4
4
4
4
4
4
4
4
4
4
4
4
4
4
4
4
4
4
4
4
4
4
4
4
4
4
4
4
4
4
3
3
4
4
4
4
4
4
4
4
4
4
4
4
4
4
4
4
4
4
4
4
4
4
4
4
4
4
4
4
4
4
4
4
4
4
4
4
4
4
4
4
4
4
4
4
4
4
4
4
3
3
4
4
4
4
4
4
4
4
4
4
4
4
4
4
4
4
4
4
4
4
4
4
4
4
4
4
4
4
4
4
4
4
4
4
4
4
4
4
4
4
4
4
4
4
4
4
4
4
3
3
4
4
4
4
4
4
4
4
4
4
4
4
4
4
4
4
4
4
4
4
4
4
4
4
4
4
4
4
4
4
4
4
4
4
4
4
4
4
4
4
4
4
4
4
4
4
4
4
3
3
4
4
4
4
4
4
4
4
4
4
4
4
4
4
4
4
4
4
4
4
4
4
4
4
4
4
4
4
4
4
4
4
4
4
4
4
4
4
4
4
4
4
4
4
4
4
4
4
3
3
4
4
4
4
4
4
4
4
4
4
4
4
4
4
4
4
4
4
4
4
4
4
4
4
4
4
4
4
4
4
4
4
4
4
4
4
4
4
4
4
4
4
4
4
4
4
4
4
3
3
4
4
4
4
4
4
4
4
4
4
4
4
4
4
4
4
4
4
4
4
4
4
4
4
4
4
4
4
4
4
4
4
4
4
4
4
4
4
4
4
4
4
4
4
4
4
4
4
3
3
4
4
4
4
4
4
4
4
4
4
4
4
4
4
4
4
4
4
4
4
4
4
4
4
4
4
4
4
4
4
4
4
4
4
4
4
4
4
4
4
4
4
4
4
4
4
4
4
3
2
3
3
3
3
3
3
3
3
3
3
3
3
3
3
3
3
3
3
3
3
3
3
3
3
3
3
3
3
3
3
3
3
3
3
3
3
3
3
3
3
3
3
3
3
3
3
3
3
2
51 66
2 29
52 27
3 43
1 90
53 100
4 82
2 70
54 92
5 67
3 53
55 22
6 87
4 24
56 39
7 65
5 61
57 21
8 25
6 16
58 60
9 54
7 73
59 51
10 21
8 73
60 58
11 33
9 62
61 46
12 43
10 12
62 39
13 76
11 48
63 54
14 14
12 32
64 86
15 73
13 65
65 39
16 17
14 35
66 24
17 31
15 15
67 58
18 92
16 100
68 57
19 46
17 10
69 52
20 74
18 26
70 76
21 25
19 26
71 45
22 34
20 54
72 77
23 79
21 29
73 55
24 32
22 48
74 67
25 56
23 41
75 27
26 83
24 33
76 62
27 47
25 21
77 94
28 33
26 70
78 25
29 94
27 39
79 90
30 73
28 41
80 13
31 17
29 19
81 63
32 71
30 94
82 92
33 47
31 59
83 24
34 17
32 89
84 67
35 93
33 83
85 19
36 75
34 38
86 70
37 24
35 24
87 73
38 33
36 96
88 76
39 98
37 98
89 39
40 92
38 73
90 23
41 52
39 98
91 87
42 90
40 93
92 10
43 93
41 69
93 48
44 36
42 10
94 94
45 34
43 87
95 26
46 38
44 38
96 38
47 26
45 98
97 17
48 47
46 54
98 62
49 67
47 68
99 85
50 93
48 12
100 59
49 90
101 17
1 98
52 90
102 68
2 76
53 74
51 73
103 74
3 51
54 76
52 78
104 77
4 72
55 90
53 65
105 60
5 75
56 44
54 47
106 11
6 83
57 44
55 60
107 79
7 38
58 59
56 84
108 86
8 85
59 91
57 31
109 24
9 72
60 70
58 68
110 52
10 16
61 77
59 30
111 53
11 96
62 42
60 36
112 57
12 78
63 36
61 82
113 65
13 20
64 34
62 72
114 43
14 62
65 26
63 88
115 41
15 61
66 45
64 87
116 71
16 71
67 27
65 23
117 87
17 64
68 21
66 47
118 100
18 67
69 26
67 89
119 42
19 29
70 33
68 45
120 70
20 30
71 99
69 12
121 37
21 33
72 31
70 33
122 43
22 59
73 46
71 12
123 97
23 100
74 30
72 87
124 28
24 16
75 70
73 11
125 25
25 87
76 52
74 21
126 23
26 77
77 20
75 43
127 40
27 62
78 50
76 84
128 34
28 94
79 71
77 92
129 36
29 82
80 78
78 30
130 48
30 18
81 22
79 48
131 49
31 51
82 60
80 16
132 53
32 79
83 12
81 51
133 35
33 49
84 17
82 50
134 76
34 100
85 82
83 88
135 63
35 34
86 57
84 95
136 40
36 29
87 28
85 93
137 51
37 58
88 48
86 11
138 67
38 18
89 42
87 78
139 80
39 85
90 46
88 65
140 94
40 90
91 40
89 55
141 32
41 35
92 78
90 69
142 48
42 60
93 10
91 18
143 87
43 67
94 59
92 66
144 94
44 31
95 73
93 81
145 27
45 70
96 89
94 95
146 87
46 75
97 92
95 39
147 52
47 60
98 44
96 22
148 22
48 76
99 16
97 43
149 98
49 78
100 85
98 10
150 18
50 75
99 15
151 73
51 46
102 41
152 30
52 99
103 29
101 48
153 77
53 85
104 32
102 41
154 19
54 61
105 75
103 63
155 56
55 36
106 37
104 93
156 42
56 39
107 11
105 76
157 87
57 83
108 49
106 18
158 14
58 86
109 61
107 72
159 70
59 51
110 47
108 71
160 17
60 29
111 85
109 81
161 53
61 88
112 75
110 65
162 76
62 80
113 14
111 89
163 86
63 12
114 21
112 36
164 91
64 11
115 34
113 10
165 12
65 93
116 52
114 43
166 25
66 38
117 18
115 48
167 86
67 35
118 77
116 49
168 64
68 46
119 30
117 35
169 67
69 10
120 76
118 25
170 23
70 75
121 74
119 41
171 83
71 36
122 66
120 81
172 30
72 65
123 51
121 60
173 86
73 81
124 53
122 26
174 13
74 72
125 37
123 94
175 65
75 29
126 63
124 43
176 40
76 93
127 16
125 91
177 47
77 47
128 50
126 79
178 67
78 70
129 21
127 46
179 83
79 96
130 28
128 84
180 14
80 73
131 82
129 47
181 24
81 26
132 55
130 83
182 43
82 97
133 43
131 23
183 75
83 11
134 55
132 97
184 23
84 49
135 74
133 11
185 33
85 37
136 96
134 64
186 54
86 75
137 20
135 66
187 94
87 67
138 33
136 86
188 89
88 55
139 84
137 80
189 80
89 76
140 73
138 81
190 88
90 70
141 66
139 19
191 57
91 75
142 46
140 68
192 71
92 78
143 21
141 13
193 70
93 55
144 42
142 76
194 31
94 81
145 35
143 64
195 37
95 70
146 46
144 81
196 51
96 61
147 20
145 69
197 10
97 30
148 79
146 37
198 70
98 26
149 50
147 46
199 62
99 93
150 25
148 61
200 74
100 60
149 76
201 78
101 43
152 22
202 58
102 96
153 74
151 79
203 57
103 70
154 66
152 13
204 27
104 55
155 10
153 54
205 57
105 82
156 100
154 25
206 55
106 40
157 28
155 23
207 30
107 80
158 59
156 17
208 93
108 73
159 38
157 98
209 99
109 40
160 18
158 86
210 82
110 66
161 71
159 81
211 100
111 12
162 99
160 98
212 80
112 85
163 70
161 82
213 26
113 90
164 46
162 79
214 33
114 80
165 66
163 96
215 77
115 78
166 44
164 92
216 46
116 73
167 72
165 92
217 10
117 70
168 24
166 54
218 35
118 26
169 97
167 55
219 93
119 18
170 17
168 45
220 63
120 89
171 48
169 92
221 96
121 85
172 94
170 45
222 30
122 51
173 25
171 91
223 30
123 86
174 81
172 52
224 18
124 28
175 39
173 80
225 18
125 70
176 63
174 97
226 86
126 11
177 53
175 93
227 85
127 26
178 22
176 22
228 47
128 19
179 41
177 80
229 99
129 59
180 58
178 10
230 93
130 46
181 33
179 79
231 63
131 85
182 37
180 28
232 18
132 57
183 68
181 80
233 70
133 55
184 18
182 45
234 76
134 40
185 45
183 96
235 53
135 48
186 49
184 16
236 68
136 92
187 12
185 89
237 27
137 84
188 66
186 25
238 76
138 36
189 99
187 58
239 80
139 16
190 89
188 70
240 78
140 53
191 59
189 22
241 30
141 16
192 40
190 40
242 88
142 92
193 86
191 19
243 98
143 64
194 20
192 35
244 45
144 35
195 64
193 85
245 96
145 93
196 18
194 76
246 52
146 87
197 93
195 24
247 11
147 94
198 33
196 33
248 65
148 23
199 57
197 34
249 52
149 95
200 45
198 13
250 59
150 58
199 57
251 24
151 62
202 57
252 92
152 10
203 30
201 84
253 91
153 13
204 30
202 69
254 85
154 21
205 44
203 78
255 92
155 13
206 13
204 63
256 23
156 100
207 45
205 26
257 93
157 80
208 54
206 38
258 22
158 25
209 88
207 23
259 26
159 84
210 31
208 57
260 35
160 10
211 33
209 75
261 62
161 49
212 91
210 35
262 64
162 34
213 32
211 73
263 99
163 77
214 81
212 75
264 14
164 20
215 69
213 52
265 64
165 40
216 12
214 57
266 53
166 49
217 41
215 67
267 11
167 99
218 27
216 61
268 80
168 22
219 39
217 59
269 61
169 51
220 64
218 81
270 65
170 24
221 52
219 33
271 59
171 54
222 31
220 87
272 75
172 18
223 64
221 65
273 99
173 97
224 72
222 92
274 14
174 77
225 41
223 42
275 36
175 57
226 85
224 66
276 79
176 90
227 85
225 41
277 14
177 22
228 29
226 65
278 30
178 33
229 18
227 28
279 63
179 21
230 67
228 23
280 34
180 22
231 66
229 20
281 58
181 82
232 32
230 12
282 15
182 63
233 57
231 50
283 78
183 91
234 45
232 57
284 42
184 72
235 90
233 76
285 31
185 31
236 75
234 97
286 74
186 71
237 84
235 18
287 32
187 40
238 50
236 25
288 68
188 26
239 57
237 51
289 35
189 54
240 44
238 23
290 88
190 34
241 94
239 90
291 62
191 34
242 75
240 76
292 61
192 91
243 13
241 87
293 64
193 86
244 49
242 21
294 24
194 87
245 69
243 83
295 60
195 53
246 85
244 26
296 50
196 23
247 95
245 86
297 48
197 66
248 15
246 17
298 59
198 62
249 66
247 22
299 82
199 27
250 61
248 74
300 17
200 18
249 44
301 76
201 22
252 81
302 74
202 73
253 60
251 30
303 49
203 61
254 94
252 14
304 53
204 65
255 20
253 41
305 14
205 41
256 22
254 87
306 25
206 37
257 50
255 22
307 34
207 41
258 79
256 54
308 41
208 87
259 73
257 68
309 29
209 18
260 79
258 68
310 79
210 94
261 75
259 53
311 39
211 30
262 33
260 14
312 92
212 94
263 45
261 52
313 18
213 68
264 63
262 65
314 21
214 87
265 57
263 27
315 71
215 24
266 45
264 45
316 18
216 46
267 64
265 82
317 86
217 88
268 14
266 57
318 95
218 72
269 97
267 79
319 91
219 91
270 99
268 75
320 84
220 47
271 12
269 50
321 84
221 57
272 57
270 34
322 60
222 59
273 14
271 42
323 83
223 48
274 71
272 93
324 19
224 84
275 70
273 84
325 65
225 27
276 64
274 60
326 16
226 53
277 79
275 36
327 51
227 61
278 70
276 89
328 12
228 95
279 90
277 84
329 91
229 64
280 85
278 92
330 19
230 86
281 85
279 25
331 35
231 62
282 81
280 92
332 17
232 11
283 27
281 22
333 56
233 15
284 27
282 49
334 92
234 46
285 40
283 36
335 56
235 87
286 50
284 76
336 91
236 79
287 21
285 54
337 59
237 43
288 70
286 32
338 74
238 92
289 13
287 94
339 70
239 39
290 91
288 79
340 12
240 95
291 11
289 49
341 64
241 54
292 25
290 58
342 32
242 56
293 72
291 21
343 50
243 93
294 79
292 25
344 32
244 78
295 37
293 83
345 12
245 83
296 50
294 35
346 10
246 15
297 31
295 53
347 33
247 95
298 21
296 17
348 17
248 41
299 47
297 85
349 78
249 22
300 93
298 69
350 88
250 18
299 21
351 97
251 94
302 35
352 58
252 47
303 73
301 100
353 81
253 32
304 21
302 95
354 64
254 96
305 29
303 71
355 82
255 64
306 32
304 61
356 76
256 90
307 71
305 73
357 33
257 41
308 51
306 100
358 15
258 88
309 93
307 32
359 39
259 48
310 60
308 88
360 98
260 15
311 44
309 10
361 26
261 58
312 48
310 68
362 100
262 91
313 48
311 25
363 42
263 36
314 58
312 88
364 19
264 100
315 38
313 67
365 91
265 98
316 33
314 51
366 15
266 64
317 63
315 34
367 92
267 63
318 11
316 63
368 97
268 74
319 83
317 36
369 84
269 69
320 16
318 81
370 15
270 35
321 54
319 30
371 72
271 58
322 47
320 54
372 91
272 49
323 94
321 65
373 96
273 67
324 25
322 73
374 28
274 56
325 62
323 66
375 26
275 79
326 35
324 50
376 18
276 44
327 67
325 49
377 78
277 16
328 95
326 54
378 72
278 92
329 11
327 32
379 32
279 14
330 82
328 37
380 57
280 21
331 40
329 67
381 48
281 58
332 82
330 66
382 33
282 49
333 29
331 65
383 38
283 53
334 90
332 81
384 27
284 77
335 88
333 88
385 34
285 46
336 68
334 65
386 21
286 82
337 86
335 13
387 27
287 39
338 19
336 28
388 100
288 73
339 11
337 62
389 23
289 20
340 76
338 17
390 62
290 34
341 85
339 65
391 28
291 69
342 16
340 14
392 86
292 93
343 78
341 47
393 41
293 54
344 85
342 60
394 77
294 42
345 25
343 56
395 48
295 15
346 44
344 68
396 93
296 49
347 88
345 96
397 24
297 92
348 36
346 12
398 70
298 24
349 31
347 62
399 80
299 99
350 77
348 55
400 84
300 99
349 14
401 19
301 89
352 81
402 61
302 45
353 66
351 80
403 77
303 35
354 27
352 92
404 33
304 21
355 89
353 55
405 79
305 30
356 52
354 75
406 78
306 88
357 76
355 54
407 18
307 56
358 86
356 13
408 32
308 64
359 39
357 51
409 83
309 21
360 94
358 87
410 79
310 63
361 40
359 51
411 86
311 91
362 16
360 95
412 75
312 98
363 61
361 67
413 18
313 45
364 55
362 73
414 14
314 90
365 53
363 81
415 20
315 99
366 90
364 92
416 39
316 73
367 23
365 96
417 69
317 80
368 72
366 34
418 71
318 66
369 74
367 49
419 58
319 48
370 32
368 45
420 36
320 31
371 61
369 22
421 86
321 86
372 85
370 46
422 87
322 50
373 31
371 73
423 64
323 22
374 62
372 94
424 13
324 35
375 51
373 53
425 32
325 29
376 18
374 21
426 43
326 98
377 14
375 17
427 65
327 50
378 29
376 10
428 37
328 21
379 70
377 11
429 79
329 68
380 39
378 38
430 30
330 53
381 76
379 99
431 38
331 83
382 99
380 94
432 17
332 31
383 12
381 66
433 32
333 99
384 53
382 22
434 24
334 22
385 47
383 32
435 45
335 23
386 36
384 46
436 81
336 27
387 80
385 24
437 16
337 73
388 99
386 28
438 27
338 93
389 36
387 79
439 70
339 36
390 77
388 16
440 54
340 94
391 68
389 79
441 83
341 74
392 69
390 96
442 18
342 61
393 62
391 99
443 22
343 39
394 64
392 61
444 18
344 15
395 40
393 84
445 23
345 38
396 62
394 14
446 52
346 64
397 76
395 99
447 20
347 14
398 27
396 94
448 66
348 62
399 78
397 36
449 57
349 25
400 95
398 69
450 30
350 15
399 84
451 54
351 44
402 77
452 40
352 86
403 18
401 28
453 51
353 24
404 50
402 53
454 12
354 76
405 85
403 26
455 68
355 49
406 82
404 55
456 91
356 49
407 75
405 20
457 41
357 87
408 68
406 64
458 18
358 13
409 77
407 60
459 80
359 27
410 77
408 87
460 58
360 78
411 81
409 90
461 33
361 16
412 16
410 47
462 69
362 58
413 30
411 49
463 84
363 40
414 56
412 54
464 34
364 24
415 56
413 89
465 80
365 19
416 40
414 82
466 12
366 12
417 16
415 97
467 20
367 89
418 33
416 67
468 58
368 53
419 10
417 46
469 78
369 39
420 84
418 38
470 76
370 28
421 12
419 32
471 94
371 47
422 94
420 53
472 77
372 44
423 67
421 71
473 56
373 45
424 46
422 21
474 69
374 57
425 76
423 72
475 40
375 83
426 33
424 13
476 93
376 56
427 75
425 48
477 18
377 44
428 58
426 49
478 24
378 61
429 73
427 61
479 92
379 84
430 47
428 31
480 88
380 73
431 66
429 47
481 35
381 22
432 53
430 28
482 75
382 53
433 87
431 91
483 69
383 85
434 83
432 56
484 23
384 72
435 15
433 46
485 89
385 21
436 57
434 89
486 28
386 12
437 91
435 25
487 87
387 83
438 91
436 74
488 61
388 46
439 28
437 14
489 24
389 16
440 20
438 75
490 53
390 98
441 55
439 51
491 35
391 63
442 86
440 12
492 53
392 13
443 34
441 32
493 42
393 14
444 54
442 24
494 27
394 96
445 23
443 88
495 22
395 55
446 25
444 80
496 99
396 46
447 18
445 78
497 76
397 62
448 66
446 51
498 90
398 50
449 44
447 34
499 34
399 16
450 54
448 17
500 99
400 29
449 100
501 25
401 71
452 22
502 54
402 11
453 38
451 32
503 33
403 24
454 47
452 44
504 20
404 38
455 41
453 85
505 65
405 92
456 91
454 34
506 27
406 91
457 38
455 93
507 78
407 19
458 67
456 21
508 73
408 90
459 88
457 22
509 10
409 24
460 37
458 14
510 29
410 17
461 21
459 79
511 69
411 18
462 18
460 74
512 12
412 55
463 63
461 87
513 64
413 34
464 25
462 83
514 10
414 53
465 46
463 51
515 59
415 100
466 47
464 41
516 56
416 78
467 72
465 96
517 83
417 89
468 71
466 92
518 96
418 23
469 41
467 49
519 54
419 63
470 32
468 88
520 81
420 48
471 47
469 44
521 24
421 85
472 52
470 36
522 79
422 77
473 23
471 30
523 23
423 67
474 47
472 89
524 83
424 14
475 47
473 55
525 26
425 26
476 27
474 83
526 99
426 75
477 38
475 68
527 27
427 74
478 40
476 82
528 62
428 37
479 91
477 98
529 27
429 60
480 88
478 82
530 40
430 93
481 24
479 91
531 14
431 100
482 38
480 23
532 25
432 59
483 76
481 67
533 86
433 95
484 38
482 75
534 15
434 68
485 81
483 82
535 29
435 38
486 81
484 75
536 36
436 71
487 49
485 20
537 40
437 40
488 44
486 99
538 71
438 85
489 79
487 78
539 63
439 87
490 77
488 14
540 90
440 62
491 95
489 88
541 17
441 56
492 88
490 53
542 37
442 48
493 40
491 59
543 53
443 10
494 26
492 94
544 22
444 81
495 45
493 56
545 80
445 36
496 54
494 67
546 21
446 59
497 72
495 21
547 22
447 75
498 90
496 20
548 98
448 13
499 21
497 91
549 59
449 24
500 79
498 100
550 24
450 80
499 25
551 59
451 83
502 22
552 51
452 86
503 46
501 95
553 97
453 18
504 80
502 99
554 80
454 61
505 46
503 62
555 61
455 43
506 83
504 12
556 59
456 41
507 37
505 50
557 99
457 38
508 95
506 78
558 41
458 98
509 43
507 42
559 72
459 44
510 82
508 28
560 47
460 25
511 48
509 50
561 49
461 19
512 16
510 13
562 28
462 34
513 78
511 66
563 76
463 36
514 95
512 55
564 16
464 29
515 26
513 32
565 91
465 16
516 61
514 55
566 67
466 92
517 24
515 22
567 48
467 100
518 82
516 67
568 96
468 42
519 21
517 61
569 98
469 52
520 18
518 32
570 29
470 64
521 49
519 38
571 61
471 21
522 39
520 55
572 66
472 89
523 67
521 37
573 97
473 70
524 52
522 64
574 26
474 13
525 82
523 70
575 25
475 32
526 66
524 60
576 92
476 35
527 50
525 63
577 92
477 80
528 33
526 94
578 16
478 25
529 65
527 96
579 85
479 100
530 28
528 23
580 49
480 88
531 57
529 19
581 25
481 38
532 78
530 73
582 17
482 80
533 80
531 48
583 76
483 57
534 76
532 43
584 44
484 57
535 34
533 61
585 22
485 48
536 72
534 16
586 28
486 98
537 38
535 58
587 56
487 40
538 80
536 23
588 56
488 32
539 89
537 55
589 40
489 46
540 42
538 43
590 20
490 13
541 45
539 76
591 62
491 52
542 47
540 74
592 19
492 79
543 49
541 36
593 95
493 80
544 66
542 30
594 92
494 79
545 78
543 16
595 86
495 46
546 47
544 87
596 15
496 10
547 93
545 37
597 14
497 84
548 21
546 51
598 84
498 33
549 89
547 76
599 20
499 24
550 77
548 64
600 52
500 58
549 96
501 58
552 79
502 17
553 23
551 60
503 21
554 19
552 19
504 95
555 15
553 14
505 13
556 52
554 20
506 71
557 70
555 81
507 38
558 92
556 95
508 72
559 86
557 87
509 39
560 74
558 64
510 29
561 31
559 20
511 26
562 63
560 12
512 100
563 15
561 11
513 99
564 68
562 98
514 39
565 77
563 51
515 37
566 57
564 93
516 83
567 77
565 86
517 10
568 50
566 21
518 49
569 87
567 70
519 43
570 46
568 23
520 78
571 27
569 87
521 48
572 21
570 13
522 19
573 67
571 80
523 85
574 43
572 63
524 38
575 18
573 85
525 39
576 91
574 75
526 61
577 59
575 58
527 96
578 23
576 24
528 63
579 30
577 57
529 76
580 65
578 93
530 32
581 11
579 24
531 47
582 52
580 55
532 85
583 23
581 15
533 21
584 60
582 56
534 18
585 59
583 18
535 86
586 89
584 11
536 56
587 57
585 91
537 50
588 25
586 24
538 22
589 12
587 13
539 22
590 78
588 67
540 46
591 29
589 49
541 14
592 34
590 76
542 50
593 64
591 84
543 33
594 41
592 82
544 57
595 32
593 44
545 63
596 65
594 15
546 81
597 25
595 15
547 22
598 98
596 64
548 18
599 45
597 69
549 54
600 53
598 33
550 78
599 18
224
468
3 1 345 224 
4 514 461 96 479 
1 595 
1 585 
1 311 
1 124 
1 490 
1 348 
1 541 
2 277 135 
2 458 176 
3 265 319 356 
1 87 
1 164 
3 286 220 312 
1 95 
3 304 25 552 
1 227 
3 550 392 269 
4 437 218 278 86 
1 359 
3 156 562 99 
1 125 
2 316 195 
3 549 417 488 
2 558 268 
2 187 439 
2 40 358 
3 114 438 184 
2 58 480 
1 188 
2 328 101 
1 501 
3 434 117 529 
1 351 
2 360 332 
1 350 
4 89 531 102 150 
2 424 295 
1 309 
1 281 
1 322 
2 388 431 
1 242 
1 519 
3 221 289 583 
1 260 
1 166 
2 512 255 
1 252 
1 113 
1 515 
3 249 397 72 
2 31 92 
1 333 
4 331 200 402 80 
1 39 
2 276 502 
1 292 
1 199 
1 551 
1 329 
1 222 
2 357 465 
2 443 169 
1 194 
1 53 
2 568 82 
2 9 119 
2 448 21 
2 419 398 
1 17 
1 399 
1 464 
2 284 366 
2 257 334 
2 325 37 
2 13 326 
2 542 452 
3 33 477 571 
2 149 22 
1 256 
3 420 584 230 
1 91 
3 318 202 291 
1 223 
3 303 373 136 
4 179 137 238 174 
1 314 
1 167 
2 342 77 
2 511 10 
1 467 
3 473 386 274 
1 346 
1 440 
4 19 510 290 83 
1 103 
1 557 
1 313 
1 171 
2 146 355 
3 216 173 352 
1 560 
2 321 165 
4 344 553 283 280 
1 175 
2 15 526 
3 73 535 362 
2 234 339 
1 236 
4 67 592 264 427 
4 469 44 371 587 
2 544 468 
