100 342 10 100 19
2
3
3
2
3
4
4
3
3
4
4
3
3
4
4
3
3
4
4
3
3
4
4
3
3
4
4
3
3
4
4
3
3
4
4
3
3
4
4
3
3
4
4
3
3
4
4
3
3
4
4
3
3
4
4
3
3
4
4
3
3
4
4
3
3
4
4
3
3
4
4
3
3
4
4
3
3
4
4
3
3
4
4
3
3
4
4
3
3
4
4
3
3
4
4
3
2
3
3
2
5 90
2 29
6 68
3 23
1 66
7 99
4 54
2 39
8 16
3 75
9 72
1 52
6 77
10 20
2 31
7 72
5 10
11 56
3 32
8 34
6 26
12 70
4 11
7 36
13 51
5 40
10 95
14 37
6 45
11 41
9 38
15 25
7 76
12 35
10 56
16 70
8 89
11 34
17 60
9 31
14 94
18 29
10 65
15 70
13 41
19 48
11 40
16 25
14 96
20 12
12 20
15 12
21 27
13 90
18 28
22 67
14 32
19 11
17 58
23 72
15 90
20 50
18 21
24 91
16 58
19 10
25 58
17 57
22 84
26 14
18 40
23 46
21 56
27 63
19 98
24 97
22 19
28 36
20 73
23 14
29 68
21 21
26 46
30 72
22 38
27 57
25 94
31 31
23 62
28 45
26 89
32 32
24 20
27 93
33 56
25 43
30 87
34 37
26 55
31 26
29 36
35 54
27 77
32 32
30 50
36 83
28 24
31 88
37 15
29 56
34 91
38 72
30 21
35 78
33 71
39 44
31 65
36 78
34 60
40 72
32 64
35 39
41 76
33 99
38 60
42 94
34 65
39 31
37 72
43 45
35 57
40 75
38 27
44 78
36 10
39 56
45 63
37 78
42 54
46 98
38 89
43 79
41 42
47 73
39 24
44 66
42 20
48 10
40 65
43 14
49 85
41 61
46 34
50 29
42 81
47 84
45 72
51 65
43 29
48 21
46 28
52 99
44 75
47 62
53 19
45 64
50 25
54 30
46 40
51 81
49 47
55 18
47 19
52 34
50 20
56 34
48 49
51 98
57 12
49 66
54 10
58 28
50 77
55 80
53 20
59 24
51 81
56 35
54 67
60 22
52 39
55 52
61 94
53 18
58 60
62 45
54 94
59 84
57 70
63 60
55 55
60 40
58 36
64 11
56 88
59 49
65 76
57 39
62 87
66 19
58 49
63 43
61 31
67 95
59 36
64 99
62 19
68 39
60 30
63 26
69 30
61 90
66 49
70 64
62 40
67 19
65 30
71 64
63 35
68 30
66 17
72 68
64 72
67 13
73 69
65 50
70 32
74 76
66 23
71 77
69 53
75 38
67 51
72 35
70 59
76 68
68 89
71 31
77 82
69 44
74 10
78 95
70 39
75 40
73 90
79 81
71 33
76 74
74 38
80 23
72 50
75 11
81 29
73 73
78 71
82 96
74 68
79 41
77 59
83 52
75 73
80 79
78 80
84 39
76 14
79 62
85 63
77 83
82 69
86 57
78 23
83 23
81 74
87 82
79 29
84 20
82 36
88 96
80 22
83 51
89 99
81 77
86 89
90 18
82 51
87 97
85 59
91 84
83 71
88 68
86 75
92 35
84 37
87 82
93 76
85 59
90 24
94 31
86 67
91 85
89 22
95 76
87 33
92 100
90 57
96 73
88 41
91 42
97 91
89 98
94 77
98 100
90 24
95 82
93 28
99 10
91 19
96 98
94 67
100 50
92 56
95 18
93 45
98 40
94 40
99 82
97 80
95 65
100 12
98 79
96 93
99 34
78
66
2 11 78 
3 59 94 65 
2 52 29 
1 84 
1 50 
1 40 
1 15 
1 70 
3 13 85 82 
1 3 
2 96 16 
1 25 
2 95 17 
2 5 37 
2 21 58 
3 46 10 97 
1 79 
5 1 7 91 90 53 
1 66 
