144 528 10 100 27
2
3
3
3
3
3
3
3
3
3
3
2
3
4
4
4
4
4
4
4
4
4
4
3
3
4
4
4
4
4
4
4
4
4
4
3
3
4
4
4
4
4
4
4
4
4
4
3
3
4
4
4
4
4
4
4
4
4
4
3
3
4
4
4
4
4
4
4
4
4
4
3
3
4
4
4
4
4
4
4
4
4
4
3
3
4
4
4
4
4
4
4
4
4
4
3
3
4
4
4
4
4
4
4
4
4
4
3
3
4
4
4
4
4
4
4
4
4
4
3
3
4
4
4
4
4
4
4
4
4
4
3
2
3
3
3
3
3
3
3
3
3
3
2
13 98
2 29
14 86
3 71
1 47
15 55
4 72
2 16
16 50
5 12
3 13
17 49
6 79
4 17
18 18
7 61
5 81
19 100
8 93
6 47
20 79
9 71
7 57
21 79
10 37
8 72
22 78
11 30
9 38
23 19
12 25
10 78
24 52
11 16
25 40
1 29
14 74
26 35
2 62
15 35
13 65
27 62
3 60
16 61
14 73
28 27
4 61
17 95
15 14
29 32
5 96
18 35
16 29
30 97
6 99
19 98
17 17
31 40
7 45
20 44
18 45
32 30
8 22
21 28
19 11
33 35
9 29
22 52
20 52
34 85
10 42
23 89
21 15
35 57
11 81
24 27
22 83
36 24
12 79
23 83
37 86
13 44
26 18
38 80
14 28
27 13
25 90
39 83
15 99
28 58
26 25
40 91
16 37
29 41
27 36
41 98
17 51
30 26
28 48
42 32
18 52
31 74
29 99
43 18
19 61
32 24
30 72
44 64
20 65
33 25
31 62
45 41
21 77
34 93
32 89
46 35
22 21
35 88
33 45
47 15
23 86
36 58
34 12
48 78
24 91
35 10
49 70
25 99
38 89
50 29
26 91
39 55
37 31
51 53
27 34
40 22
38 69
52 20
28 74
41 85
39 90
53 98
29 98
42 97
40 91
54 52
30 24
43 93
41 92
55 47
31 56
44 62
42 34
56 96
32 55
45 76
43 76
57 64
33 77
46 44
44 45
58 79
34 39
47 79
45 64
59 88
35 27
48 31
46 50
60 71
36 74
47 69
61 28
37 83
50 40
62 20
38 22
51 33
49 79
63 51
39 98
52 53
50 16
64 60
40 22
53 58
51 26
65 64
41 11
54 92
52 33
66 35
42 84
55 76
53 35
67 79
43 41
56 50
54 62
68 88
44 35
57 97
55 86
69 80
45 65
58 70
56 59
70 38
46 69
59 19
57 99
71 90
47 73
60 29
58 49
72 63
48 26
59 89
73 19
49 61
62 15
74 46
50 10
63 13
61 82
75 98
51 97
64 48
62 42
76 79
52 59
65 38
63 63
77 71
53 98
66 14
64 15
78 41
54 68
67 28
65 42
79 96
55 63
68 25
66 42
80 22
56 15
69 34
67 80
81 93
57 49
70 55
68 75
82 99
58 35
71 13
69 99
83 25
59 17
72 98
70 66
84 21
60 57
71 74
85 92
61 20
74 16
86 95
62 60
75 23
73 30
87 26
63 40
76 100
74 87
88 77
64 22
77 34
75 32
89 44
65 65
78 40
76 35
90 14
66 12
79 38
77 43
91 37
67 33
80 31
78 99
92 82
68 32
81 68
79 30
93 10
69 89
82 59
80 24
94 64
70 27
83 70
81 28
95 96
71 66
84 45
82 31
96 38
72 89
83 49
97 35
73 25
86 91
98 24
74 78
87 85
85 12
99 62
75 39
88 47
86 94
100 56
76 86
89 64
87 24
101 31
77 11
90 86
88 32
102 76
78 48
91 85
89 96
103 10
79 45
92 11
90 35
104 10
80 90
93 100
91 18
105 72
81 49
94 97
92 16
106 97
82 49
95 29
93 68
107 50
83 66
96 99
94 18
108 45
84 64
95 16
109 34
85 14
98 76
110 40
86 87
99 21
97 15
111 17
87 42
100 21
98 65
112 55
88 98
101 13
99 32
113 84
89 30
102 59
100 19
114 61
90 44
103 80
101 66
115 47
91 13
104 46
102 48
116 15
92 77
105 42
103 88
117 56
93 31
106 69
104 25
118 70
94 77
107 21
105 29
119 67
95 11
108 10
106 41
120 91
96 12
107 92
121 67
97 94
110 35
122 94
98 58
111 84
109 38
123 33
99 60
112 24
110 74
124 88
100 37
113 42
111 52
125 41
101 18
114 77
112 91
126 82
102 57
115 93
113 64
127 74
103 78
116 96
114 65
128 28
104 22
117 50
115 89
129 35
105 88
118 35
116 98
130 11
106 49
119 54
117 35
131 53
107 49
120 85
118 87
132 20
108 78
119 68
133 54
109 78
122 10
134 51
110 42
123 56
121 24
135 19
111 98
124 28
122 23
136 10
112 28
125 45
123 82
137 94
113 30
126 96
124 32
138 56
114 78
127 81
125 20
139 41
115 89
128 31
126 92
140 56
116 19
129 46
127 66
141 62
117 38
130 36
128 23
142 83
118 96
131 75
129 45
143 92
119 88
132 55
130 72
144 17
120 72
131 98
121 100
134 47
122 13
135 26
133 96
123 59
136 18
134 73
124 27
137 11
135 58
125 55
138 19
136 50
126 62
139 92
137 81
127 87
140 96
138 72
128 98
141 36
139 64
129 89
142 45
140 10
130 59
143 45
141 57
131 55
144 54
142 86
132 33
143 84
144
78
1 144 
1 68 
3 51 57 89 
2 70 5 
4 142 40 108 19 
2 128 123 
3 88 1 105 
1 94 
2 31 43 
2 120 23 
3 80 37 122 
2 77 101 
3 47 119 137 
4 86 65 53 102 
1 73 
1 32 
1 60 
1 63 
1 117 
1 126 
1 93 
1 91 
2 12 4 
1 50 
2 103 54 
2 17 3 
2 21 78 
