400 1520 10 100 76
2
3
3
3
3
3
3
3
3
3
3
3
3
3
3
3
3
3
3
2
3
4
4
4
4
4
4
4
4
4
4
4
4
4
4
4
4
4
4
3
3
4
4
4
4
4
4
4
4
4
4
4
4
4
4
4
4
4
4
3
3
4
4
4
4
4
4
4
4
4
4
4
4
4
4
4
4
4
4
3
3
4
4
4
4
4
4
4
4
4
4
4
4
4
4
4
4
4
4
3
3
4
4
4
4
4
4
4
4
4
4
4
4
4
4
4
4
4
4
3
3
4
4
4
4
4
4
4
4
4
4
4
4
4
4
4
4
4
4
3
3
4
4
4
4
4
4
4
4
4
4
4
4
4
4
4
4
4
4
3
3
4
4
4
4
4
4
4
4
4
4
4
4
4
4
4
4
4
4
3
3
4
4
4
4
4
4
4
4
4
4
4
4
4
4
4
4
4
4
3
3
4
4
4
4
4
4
4
4
4
4
4
4
4
4
4
4
4
4
3
3
4
4
4
4
4
4
4
4
4
4
4
4
4
4
4
4
4
4
3
3
4
4
4
4
4
4
4
4
4
4
4
4
4
4
4
4
4
4
3
3
4
4
4
4
4
4
4
4
4
4
4
4
4
4
4
4
4
4
3
3
4
4
4
4
4
4
4
4
4
4
4
4
4
4
4
4
4
4
3
3
4
4
4
4
4
4
4
4
4
4
4
4
4
4
4
4
4
4
3
3
4
4
4
4
4
4
4
4
4
4
4
4
4
4
4
4
4
4
3
3
4
4
4
4
4
4
4
4
4
4
4
4
4
4
4
4
4
4
3
3
4
4
4
4
4
4
4
4
4
4
4
4
4
4
4
4
4
4
3
2
3
3
3
3
3
3
3
3
3
3
3
3
3
3
3
3
3
3
2
21 95
2 29
22 84
3 75
1 52
23 25
4 95
2 77
24 94
5 46
3 81
25 80
6 27
4 56
26 23
7 67
5 34
27 75
8 61
6 61
28 64
9 19
7 82
29 32
10 71
8 94
30 68
11 36
9 44
31 58
12 56
10 35
32 50
13 48
11 61
33 61
14 14
12 15
34 20
15 37
13 92
35 76
16 34
14 35
36 83
17 61
15 85
37 66
18 17
16 26
38 83
19 34
17 80
39 66
20 33
18 68
40 88
19 57
41 87
1 34
22 46
42 44
2 24
23 87
21 99
43 52
3 100
24 98
22 71
44 19
4 36
25 37
23 86
45 86
5 98
26 18
24 51
46 63
6 93
27 74
25 32
47 88
7 81
28 53
26 81
48 35
8 68
29 17
27 32
49 95
9 23
30 63
28 26
50 23
10 43
31 14
29 11
51 42
11 56
32 50
30 79
52 72
12 95
33 23
31 42
53 77
13 37
34 100
32 48
54 21
14 50
35 49
33 63
55 80
15 32
36 100
34 97
56 91
16 95
37 17
35 97
57 77
17 80
38 22
36 31
58 90
18 25
39 14
37 97
59 64
19 20
40 28
38 29
60 78
20 13
39 66
61 32
21 37
42 50
62 91
22 28
43 70
41 71
63 15
23 26
44 42
42 91
64 72
24 44
45 56
43 45
65 51
25 50
46 74
44 19
66 49
26 75
47 21
45 53
67 26
27 15
48 39
46 51
68 77
28 73
49 20
47 89
69 94
29 74
50 35
48 57
70 54
30 48
51 33
49 36
71 88
31 45
52 28
50 12
72 73
32 23
53 90
51 10
73 99
33 86
54 77
52 92
74 99
34 63
55 34
53 63
75 36
35 60
56 91
54 98
76 53
36 13
57 57
55 60
77 83
37 20
58 54
56 73
78 35
38 81
59 74
57 88
79 26
39 78
60 53
58 81
80 21
40 42
59 53
81 60
41 47
62 48
82 98
42 81
63 63
61 39
83 90
43 74
64 80
62 78
84 33
44 22
65 94
63 46
85 33
45 72
66 27
64 60
86 34
46 50
67 54
65 18
87 16
47 56
68 10
66 46
88 11
48 82
69 54
67 92
89 18
49 52
70 15
68 24
90 54
50 75
71 34
69 94
91 100
51 28
72 31
70 71
92 15
52 30
73 100
71 96
93 10
53 24
74 98
72 48
94 96
54 59
75 15
73 13
95 68
55 84
76 79
74 10
96 33
56 67
77 19
75 25
97 78
57 69
78 80
76 55
98 75
58 54
79 60
77 71
99 81
59 13
80 44
78 20
100 10
60 56
79 94
101 22
61 45
82 46
102 71
62 44
83 50
81 12
103 55
63 55
84 86
82 15
104 20
64 43
85 45
83 22
105 85
65 97
86 62
84 62
106 44
66 26
87 96
85 15
107 94
67 68
88 15
86 62
108 50
68 40
89 49
87 55
109 83
69 34
90 62
88 30
110 61
70 51
91 11
89 42
111 91
71 11
92 96
90 76
112 72
72 17
93 59
91 45
113 91
73 52
94 78
92 100
114 65
74 34
95 45
93 22
115 54
75 72
96 93
94 33
116 27
76 11
97 56
95 88
117 20
77 53
98 78
96 61
118 84
78 61
99 28
97 41
119 28
79 27
100 46
98 73
120 35
80 89
99 78
121 58
81 45
102 21
122 60
82 25
103 51
101 29
123 30
83 61
104 25
102 78
124 69
84 85
105 65
103 14
125 48
85 37
106 82
104 98
126 40
86 37
107 40
105 92
127 50
87 18
108 14
106 39
128 58
88 95
109 25
107 19
129 49
89 18
110 13
108 29
130 80
90 99
111 78
109 75
131 14
91 49
112 61
110 93
132 22
92 69
113 97
111 90
133 26
93 19
114 31
112 83
134 59
94 55
115 91
113 10
135 15
95 46
116 79
114 55
136 54
96 16
117 18
115 82
137 92
97 48
118 29
116 42
138 72
98 49
119 93
117 70
139 58
99 60
120 77
118 74
140 27
100 45
119 74
141 64
101 78
122 59
142 53
102 89
123 74
121 50
143 90
103 83
124 63
122 12
144 96
104 11
125 10
123 76
145 92
105 61
126 11
124 15
146 42
106 57
127 32
125 97
147 66
107 46
128 60
126 83
148 80
108 21
129 23
127 54
149 18
109 86
130 18
128 46
150 18
110 50
131 18
129 45
151 46
111 12
132 15
130 79
152 54
112 62
133 19
131 43
153 84
113 17
134 18
132 82
154 83
114 86
135 55
133 55
155 34
115 45
136 78
134 96
156 95
116 11
137 12
135 51
157 88
117 74
138 15
136 29
158 83
118 34
139 32
137 52
159 40
119 34
140 17
138 53
160 87
120 74
139 32
161 51
121 19
142 60
162 89
122 17
143 23
141 35
163 28
123 23
144 15
142 70
164 68
124 79
145 60
143 23
165 91
125 94
146 67
144 19
166 10
126 25
147 28
145 33
167 54
127 92
148 22
146 70
168 72
128 31
149 38
147 45
169 14
129 76
150 36
148 37
170 74
130 72
151 15
149 30
171 86
131 52
152 61
150 41
172 100
132 43
153 22
151 96
173 61
133 52
154 92
152 82
174 16
134 100
155 53
153 52
175 94
135 39
156 15
154 13
176 73
136 40
157 10
155 20
177 96
137 66
158 57
156 58
178 60
138 73
159 91
157 85
179 82
139 22
160 63
158 63
180 58
140 91
159 71
181 60
141 21
162 76
182 29
142 18
163 68
161 58
183 82
143 53
164 20
162 71
184 22
144 75
165 34
163 81
185 59
145 21
166 34
164 19
186 38
146 23
167 47
165 72
187 12
147 87
168 96
166 57
188 26
148 12
169 81
167 61
189 26
149 79
170 53
168 63
190 30
150 82
171 24
169 49
191 43
151 95
172 25
170 72
192 61
152 26
173 17
171 77
193 88
153 95
174 54
172 28
194 68
154 80
175 42
173 27
195 80
155 92
176 28
174 35
196 34
156 46
177 60
175 79
197 82
157 21
178 92
176 84
198 87
158 45
179 26
177 48
199 40
159 19
180 87
178 25
200 44
160 54
179 44
201 18
161 43
182 30
202 71
162 70
183 77
181 98
203 78
163 48
184 24
182 61
204 53
164 71
185 99
183 40
205 71
165 87
186 18
184 12
206 26
166 51
187 83
185 61
207 66
167 22
188 69
186 51
208 68
168 15
189 30
187 88
209 88
169 22
190 10
188 51
210 12
170 85
191 85
189 42
211 89
171 44
192 38
190 72
212 61
172 20
193 85
191 23
213 96
173 55
194 72
192 37
214 47
174 95
195 62
193 37
215 19
175 66
196 85
194 76
216 27
176 44
197 37
195 35
217 28
177 13
198 23
196 79
218 85
178 62
199 50
197 75
219 82
179 89
200 98
198 94
220 25
180 87
199 36
221 47
181 98
202 84
222 57
182 34
203 84
201 68
223 58
183 85
204 52
202 60
224 50
184 45
205 43
203 23
225 87
185 21
206 35
204 27
226 73
186 32
207 12
205 60
227 36
187 80
208 25
206 20
228 94
188 63
209 11
207 69
229 46
189 12
210 54
208 25
230 44
190 17
211 32
209 65
231 35
191 54
212 10
210 98
232 19
192 24
213 33
211 90
233 88
193 46
214 54
212 89
234 53
194 20
215 69
213 88
235 17
195 94
216 46
214 87
236 47
196 48
217 11
215 69
237 41
197 34
218 41
216 63
238 61
198 95
219 56
217 58
239 43
199 62
220 95
218 36
240 23
200 96
219 36
241 93
201 86
222 86
242 10
202 21
223 74
221 82
243 95
203 77
224 51
222 28
244 21
204 99
225 62
223 14
245 90
205 73
226 90
224 67
246 80
206 36
227 56
225 19
247 70
207 16
228 79
226 31
248 26
208 26
229 77
227 32
249 73
209 82
230 55
228 96
250 18
210 51
231 48
229 88
251 74
211 99
232 58
230 64
252 64
212 47
233 87
231 91
253 59
213 28
234 24
232 22
254 100
214 89
235 36
233 70
255 22
215 28
236 81
234 11
256 58
216 14
237 55
235 32
257 33
217 53
238 85
236 23
258 13
218 95
239 89
237 78
259 87
219 46
240 32
238 68
260 31
220 26
239 76
261 51
221 50
242 15
262 85
222 69
243 41
241 100
263 48
223 99
244 63
242 94
264 49
224 35
245 51
243 77
265 20
225 53
246 43
244 45
266 65
226 82
247 71
245 74
267 73
227 89
248 41
246 87
268 34
228 81
249 98
247 49
269 40
229 15
250 60
248 56
270 88
230 29
251 51
249 34
271 64
231 16
252 36
250 91
272 31
232 49
253 91
251 95
273 98
233 63
254 66
252 49
274 35
234 45
255 25
253 58
275 90
235 31
256 29
254 100
276 77
236 17
257 40
255 21
277 92
237 61
258 29
256 28
278 93
238 41
259 81
257 44
279 24
239 80
260 17
258 77
280 45
240 42
259 39
281 52
241 89
262 33
282 86
242 87
263 20
261 46
283 47
243 72
264 56
262 18
284 42
244 19
265 47
263 25
285 42
245 53
266 93
264 85
286 86
246 70
267 75
265 61
287 45
247 14
268 47
266 39
288 23
248 23
269 53
267 39
289 29
249 14
270 10
268 86
290 77
250 83
271 82
269 81
291 37
251 97
272 85
270 52
292 99
252 27
273 18
271 75
293 40
253 54
274 53
272 66
294 82
254 35
275 20
273 46
295 32
255 47
276 99
274 12
296 100
256 35
277 50
275 15
297 17
257 43
278 84
276 38
298 96
258 24
279 49
277 91
299 71
259 54
280 26
278 95
300 84
260 41
279 91
301 100
261 11
282 43
302 79
262 61
283 64
281 54
303 50
263 23
284 85
282 27
304 75
264 73
285 93
283 40
305 60
265 12
286 37
284 21
306 88
266 44
287 81
285 23
307 64
267 51
288 88
286 31
308 66
268 28
289 35
287 45
309 69
269 16
290 24
288 25
310 73
270 54
291 12
289 27
311 16
271 49
292 17
290 96
312 57
272 97
293 50
291 20
313 77
273 51
294 38
292 90
314 36
274 47
295 10
293 91
315 82
275 34
296 97
294 32
316 54
276 48
297 44
295 36
317 23
277 93
298 37
296 46
318 14
278 59
299 13
297 22
319 52
279 25
300 67
298 75
320 74
280 43
299 17
321 15
281 49
302 85
322 79
282 90
303 85
301 67
323 38
283 51
304 69
302 29
324 13
284 19
305 32
303 88
325 82
285 82
306 71
304 65
326 82
286 82
307 38
305 46
327 66
287 37
308 16
306 82
328 36
288 76
309 42
307 98
329 58
289 59
310 30
308 25
330 89
290 65
311 85
309 58
331 24
291 59
312 13
310 32
332 71
292 100
313 57
311 92
333 62
293 39
314 77
312 49
334 21
294 78
315 42
313 89
335 91
295 65
316 84
314 21
336 99
296 61
317 35
315 61
337 79
297 35
318 94
316 25
338 51
298 68
319 95
317 93
339 26
299 76
320 30
318 55
340 61
300 32
319 93
341 79
301 32
322 19
342 79
302 92
323 31
321 87
343 15
303 28
324 70
322 54
344 69
304 92
325 83
323 84
345 86
305 45
326 14
324 66
346 49
306 65
327 33
325 30
347 89
307 15
328 66
326 45
348 99
308 34
329 32
327 90
349 93
309 15
330 51
328 91
350 93
310 46
331 92
329 46
351 33
311 82
332 11
330 19
352 90
312 26
333 90
331 13
353 16
313 56
334 99
332 77
354 94
314 40
335 92
333 22
355 16
315 56
336 24
334 38
356 10
316 45
337 58
335 89
357 98
317 27
338 100
336 67
358 60
318 32
339 87
337 66
359 99
319 53
340 85
338 16
360 95
320 28
339 49
361 48
321 28
342 33
362 78
322 49
343 70
341 76
363 28
323 60
344 88
342 13
364 88
324 58
345 83
343 77
365 91
325 94
346 10
344 94
366 22
326 73
347 24
345 18
367 36
327 39
348 31
346 51
368 72
328 54
349 70
347 93
369 43
329 90
350 87
348 13
370 47
330 42
351 22
349 94
371 12
331 29
352 44
350 66
372 91
332 85
353 41
351 15
373 79
333 28
354 83
352 78
374 39
334 89
355 95
353 82
375 27
335 78
356 84
354 35
376 77
336 58
357 47
355 97
377 55
337 63
358 37
356 21
378 74
338 51
359 97
357 11
379 28
339 57
360 15
358 56
380 88
340 19
359 38
381 12
341 70
362 63
382 37
342 78
363 90
361 49
383 74
343 13
364 83
362 21
384 43
344 21
365 49
363 46
385 75
345 79
366 55
364 37
386 21
346 15
367 42
365 81
387 21
347 47
368 62
366 71
388 76
348 21
369 37
367 72
389 26
349 82
370 50
368 27
390 17
350 39
371 14
369 54
391 58
351 20
372 11
370 64
392 29
352 44
373 22
371 52
393 56
353 80
374 60
372 62
394 58
354 11
375 24
373 90
395 41
355 81
376 23
374 29
396 61
356 67
377 56
375 100
397 80
357 20
378 27
376 24
398 19
358 19
379 24
377 93
399 57
359 91
380 45
378 59
400 79
360 67
379 38
361 74
382 92
362 21
383 69
381 54
363 43
384 31
382 35
364 30
385 79
383 13
365 79
386 72
384 52
366 40
387 74
385 35
367 64
388 83
386 87
368 43
389 70
387 36
369 17
390 52
388 90
370 69
391 37
389 54
371 16
392 64
390 45
372 92
393 11
391 67
373 97
394 32
392 95
374 79
395 54
393 31
375 100
396 41
394 27
376 18
397 33
395 93
377 72
398 13
396 16
378 63
399 64
397 46
379 43
400 24
398 10
380 14
399 55
138
328
2 98 138 
2 119 43 
4 229 363 333 394 
1 311 
1 310 
1 59 
1 104 
2 18 339 
2 77 4 
2 250 190 
1 261 
3 64 259 198 
3 125 327 183 
4 44 116 305 74 
2 176 303 
1 195 
2 217 341 
1 223 
2 243 307 
1 240 
3 108 266 389 
1 301 
2 361 280 
2 338 203 
2 344 172 
3 227 99 112 
3 256 233 241 
1 161 
3 267 371 22 
1 81 
2 90 8 
3 224 340 170 
2 184 156 
1 163 
3 93 174 337 
1 153 
2 199 348 
3 31 386 221 
2 324 47 
1 144 
1 385 
1 286 
1 160 
1 354 
1 272 
1 179 
2 315 158 
1 121 
2 400 297 
2 263 123 
4 102 279 234 60 
1 262 
1 377 
2 38 268 
1 21 
1 357 
1 14 
3 141 16 331 
1 166 
1 285 
2 395 142 
4 298 148 398 237 
3 120 92 54 
2 260 30 
1 82 
2 177 269 
2 391 379 
2 265 206 
1 353 
1 56 
2 182 274 
1 140 
3 87 105 109 
2 302 1 
2 215 50 
2 100 328 
