400 1500 10 100 76
2
3
3
3
3
3
3
3
3
3
3
3
3
3
3
3
3
3
3
3
3
3
3
3
3
3
3
3
3
3
3
3
3
3
3
3
3
3
3
2
3
4
4
4
4
4
4
4
4
4
4
4
4
4
4
4
4
4
4
4
4
4
4
4
4
4
4
4
4
4
4
4
4
4
4
4
4
4
4
3
3
4
4
4
4
4
4
4
4
4
4
4
4
4
4
4
4
4
4
4
4
4
4
4
4
4
4
4
4
4
4
4
4
4
4
4
4
4
4
3
3
4
4
4
4
4
4
4
4
4
4
4
4
4
4
4
4
4
4
4
4
4
4
4
4
4
4
4
4
4
4
4
4
4
4
4
4
4
4
3
3
4
4
4
4
4
4
4
4
4
4
4
4
4
4
4
4
4
4
4
4
4
4
4
4
4
4
4
4
4
4
4
4
4
4
4
4
4
4
3
3
4
4
4
4
4
4
4
4
4
4
4
4
4
4
4
4
4
4
4
4
4
4
4
4
4
4
4
4
4
4
4
4
4
4
4
4
4
4
3
3
4
4
4
4
4
4
4
4
4
4
4
4
4
4
4
4
4
4
4
4
4
4
4
4
4
4
4
4
4
4
4
4
4
4
4
4
4
4
3
3
4
4
4
4
4
4
4
4
4
4
4
4
4
4
4
4
4
4
4
4
4
4
4
4
4
4
4
4
4
4
4
4
4
4
4
4
4
4
3
3
4
4
4
4
4
4
4
4
4
4
4
4
4
4
4
4
4
4
4
4
4
4
4
4
4
4
4
4
4
4
4
4
4
4
4
4
4
4
3
2
3
3
3
3
3
3
3
3
3
3
3
3
3
3
3
3
3
3
3
3
3
3
3
3
3
3
3
3
3
3
3
3
3
3
3
3
3
3
2
41 75
2 29
42 24
3 96
1 83
43 30
4 35
2 50
44 73
5 25
3 73
45 70
6 82
4 20
46 34
7 75
5 64
47 60
8 47
6 97
48 29
9 85
7 66
49 79
10 38
8 35
50 100
11 44
9 40
51 86
12 48
10 96
52 16
13 53
11 21
53 20
14 84
12 46
54 24
15 86
13 34
55 29
16 27
14 10
56 54
17 11
15 39
57 20
18 79
16 43
58 63
19 63
17 58
59 29
20 18
18 10
60 78
21 50
19 77
61 83
22 65
20 24
62 90
23 42
21 79
63 94
24 14
22 16
64 68
25 94
23 18
65 97
26 41
24 85
66 55
27 68
25 64
67 61
28 90
26 87
68 54
29 81
27 83
69 12
30 66
28 26
70 85
31 91
29 34
71 68
32 67
30 14
72 26
33 47
31 92
73 56
34 55
32 99
74 76
35 70
33 54
75 38
36 41
34 55
76 91
37 67
35 89
77 90
38 70
36 13
78 64
39 60
37 68
79 49
40 77
38 37
80 31
39 48
81 24
1 74
42 88
82 27
2 27
43 29
41 14
83 49
3 46
44 48
42 79
84 21
4 39
45 43
43 70
85 19
5 99
46 50
44 40
86 38
6 67
47 39
45 85
87 24
7 36
48 96
46 49
88 62
8 70
49 57
47 99
89 98
9 33
50 37
48 76
90 97
10 90
51 22
49 82
91 68
11 73
52 58
50 83
92 84
12 84
53 15
51 85
93 58
13 32
54 85
52 32
94 80
14 39
55 21
53 17
95 11
15 77
56 56
54 73
96 37
16 84
57 84
55 58
97 11
17 70
58 94
56 43
98 85
18 78
59 73
57 14
99 89
19 20
60 36
58 12
100 64
20 15
61 81
59 20
101 14
21 100
62 27
60 73
102 63
22 73
63 52
61 78
103 60
23 79
64 26
62 26
104 72
24 29
65 42
63 11
105 94
25 54
66 38
64 87
106 31
26 27
67 63
65 74
107 87
27 67
68 67
66 62
108 10
28 42
69 57
67 70
109 39
29 88
70 37
68 34
110 45
30 93
71 54
69 10
111 91
31 12
72 12
70 72
112 81
32 45
73 19
71 84
113 75
33 57
74 99
72 30
114 14
34 33
75 26
73 48
115 12
35 35
76 16
74 51
116 37
36 67
77 37
75 87
117 42
37 59
78 15
76 70
118 31
38 48
79 80
77 20
119 54
39 14
80 87
78 12
120 38
40 30
79 92
121 90
41 59
82 29
122 58
42 54
83 35
81 90
123 74
43 78
84 41
82 61
124 73
44 56
85 10
83 71
125 84
45 10
86 93
84 61
126 41
46 67
87 37
85 100
127 98
47 70
88 85
86 56
128 82
48 65
89 42
87 37
129 99
49 20
90 55
88 37
130 59
50 70
91 27
89 62
131 89
51 45
92 54
90 25
132 31
52 67
93 53
91 52
133 38
53 57
94 25
92 99
134 77
54 41
95 52
93 64
135 84
55 88
96 55
94 92
136 54
56 38
97 83
95 34
137 14
57 32
98 23
96 23
138 62
58 19
99 80
97 50
139 33
59 35
100 51
98 72
140 20
60 71
101 45
99 70
141 37
61 41
102 88
100 76
142 84
62 42
103 64
101 83
143 85
63 22
104 91
102 81
144 96
64 73
105 20
103 84
145 37
65 71
106 92
104 40
146 47
66 47
107 42
105 79
147 18
67 91
108 31
106 23
148 15
68 32
109 72
107 87
149 49
69 11
110 79
108 55
150 89
70 74
111 90
109 24
151 91
71 18
112 91
110 48
152 87
72 45
113 15
111 98
153 51
73 31
114 70
112 73
154 22
74 88
115 92
113 76
155 91
75 87
116 41
114 41
156 24
76 74
117 46
115 34
157 70
77 55
118 60
116 36
158 49
78 81
119 44
117 88
159 18
79 30
120 89
118 62
160 96
80 65
119 13
161 57
81 64
122 78
162 77
82 58
123 95
121 20
163 98
83 67
124 70
122 76
164 94
84 75
125 23
123 30
165 59
85 51
126 83
124 36
166 75
86 78
127 34
125 43
167 47
87 74
128 18
126 40
168 87
88 26
129 92
127 100
169 25
89 62
130 19
128 36
170 47
90 16
131 30
129 81
171 99
91 31
132 92
130 88
172 48
92 74
133 41
131 87
173 82
93 57
134 10
132 14
174 92
94 94
135 57
133 12
175 22
95 64
136 80
134 39
176 43
96 92
137 33
135 15
177 28
97 83
138 53
136 19
178 69
98 96
139 78
137 29
179 82
99 58
140 37
138 75
180 56
100 31
141 65
139 47
181 24
101 42
142 25
140 79
182 89
102 96
143 39
141 86
183 36
103 88
144 12
142 77
184 49
104 51
145 41
143 99
185 47
105 83
146 39
144 32
186 38
106 85
147 86
145 38
187 99
107 13
148 90
146 32
188 41
108 63
149 22
147 97
189 24
109 66
150 79
148 93
190 57
110 54
151 59
149 71
191 50
111 20
152 91
150 78
192 34
112 87
153 92
151 65
193 91
113 24
154 14
152 42
194 83
114 63
155 48
153 87
195 81
115 84
156 31
154 85
196 87
116 84
157 51
155 56
197 92
117 60
158 56
156 58
198 24
118 70
159 66
157 17
199 35
119 42
160 51
158 27
200 13
120 47
159 53
201 27
121 37
162 55
202 39
122 18
163 79
161 77
203 59
123 24
164 31
162 10
204 98
124 72
165 42
163 78
205 81
125 94
166 47
164 36
206 70
126 51
167 52
165 68
207 71
127 22
168 55
166 19
208 81
128 76
169 57
167 19
209 25
129 72
170 91
168 34
210 86
130 14
171 15
169 13
211 72
131 96
172 31
170 49
212 45
132 16
173 26
171 58
213 40
133 21
174 56
172 89
214 50
134 55
175 39
173 13
215 87
135 77
176 54
174 91
216 37
136 41
177 70
175 100
217 17
137 79
178 22
176 39
218 16
138 19
179 87
177 86
219 43
139 97
180 44
178 67
220 35
140 94
181 55
179 76
221 46
141 36
182 83
180 34
222 86
142 70
183 75
181 48
223 89
143 47
184 89
182 19
224 38
144 26
185 37
183 76
225 25
145 61
186 72
184 77
226 59
146 52
187 95
185 65
227 83
147 98
188 18
186 95
228 19
148 80
189 42
187 74
229 99
149 88
190 40
188 51
230 80
150 32
191 42
189 55
231 58
151 86
192 29
190 10
232 15
152 88
193 41
191 69
233 38
153 85
194 92
192 26
234 72
154 80
195 15
193 77
235 50
155 16
196 88
194 58
236 61
156 65
197 48
195 25
237 56
157 81
198 65
196 81
238 70
158 67
199 90
197 21
239 21
159 49
200 52
198 81
240 40
160 40
199 13
241 47
161 48
202 20
242 81
162 74
203 99
201 44
243 86
163 69
204 18
202 66
244 21
164 61
205 24
203 62
245 33
165 89
206 37
204 90
246 48
166 60
207 17
205 91
247 95
167 26
208 97
206 78
248 83
168 46
209 81
207 39
249 38
169 30
210 62
208 51
250 93
170 57
211 98
209 100
251 80
171 11
212 98
210 19
252 10
172 28
213 77
211 15
253 95
173 94
214 46
212 69
254 87
174 77
215 63
213 10
255 97
175 14
216 29
214 54
256 74
176 52
217 51
215 38
257 21
177 81
218 25
216 84
258 86
178 67
219 41
217 50
259 57
179 94
220 51
218 90
260 56
180 56
221 13
219 95
261 64
181 29
222 42
220 42
262 63
182 32
223 51
221 63
263 54
183 77
224 81
222 11
264 90
184 59
225 22
223 87
265 33
185 97
226 68
224 50
266 61
186 34
227 98
225 50
267 64
187 66
228 79
226 50
268 79
188 30
229 20
227 99
269 60
189 83
230 94
228 46
270 37
190 18
231 77
229 38
271 32
191 66
232 81
230 17
272 96
192 13
233 19
231 20
273 26
193 61
234 51
232 89
274 56
194 31
235 27
233 59
275 73
195 19
236 18
234 73
276 28
196 61
237 57
235 82
277 27
197 27
238 31
236 33
278 15
198 20
239 91
237 63
279 27
199 30
240 42
238 50
280 82
200 85
239 57
281 45
201 39
242 79
282 12
202 80
243 46
241 45
283 91
203 51
244 57
242 80
284 38
204 63
245 51
243 45
285 31
205 13
246 89
244 76
286 86
206 67
247 11
245 55
287 79
207 28
248 100
246 33
288 99
208 41
249 11
247 70
289 89
209 72
250 77
248 64
290 100
210 90
251 70
249 35
291 80
211 77
252 48
250 96
292 39
212 57
253 36
251 58
293 41
213 100
254 75
252 100
294 79
214 10
255 52
253 93
295 49
215 47
256 97
254 29
296 96
216 68
257 73
255 99
297 46
217 10
258 39
256 92
298 10
218 48
259 82
257 98
299 87
219 89
260 51
258 45
300 18
220 34
261 73
259 55
301 11
221 94
262 32
260 57
302 100
222 27
263 44
261 58
303 19
223 94
264 44
262 13
304 57
224 84
265 33
263 42
305 81
225 95
266 21
264 67
306 100
226 13
267 100
265 11
307 43
227 50
268 92
266 21
308 98
228 20
269 21
267 49
309 71
229 68
270 31
268 77
310 61
230 39
271 54
269 48
311 20
231 16
272 28
270 32
312 12
232 33
273 23
271 30
313 55
233 100
274 55
272 13
314 96
234 45
275 80
273 81
315 12
235 14
276 53
274 93
316 67
236 87
277 35
275 75
317 94
237 60
278 74
276 40
318 34
238 62
279 62
277 66
319 34
239 28
280 78
278 46
320 98
240 84
279 79
321 78
241 75
282 74
322 64
242 75
283 83
281 35
323 34
243 23
284 87
282 46
324 70
244 35
285 22
283 50
325 56
245 16
286 48
284 50
326 45
246 72
287 65
285 16
327 12
247 89
288 100
286 66
328 10
248 52
289 59
287 13
329 66
249 13
290 11
288 26
330 85
250 37
291 80
289 96
331 26
251 87
292 12
290 15
332 87
252 64
293 35
291 17
333 78
253 80
294 65
292 79
334 65
254 69
295 56
293 16
335 49
255 47
296 32
294 37
336 93
256 29
297 17
295 60
337 31
257 51
298 29
296 67
338 40
258 52
299 99
297 44
339 13
259 65
300 96
298 53
340 55
260 91
301 59
299 13
341 95
261 78
302 31
300 55
342 53
262 12
303 98
301 83
343 64
263 25
304 75
302 29
344 56
264 63
305 15
303 25
345 96
265 51
306 65
304 90
346 74
266 49
307 76
305 73
347 53
267 25
308 83
306 53
348 79
268 60
309 15
307 47
349 38
269 51
310 25
308 97
350 38
270 42
311 67
309 17
351 22
271 88
312 62
310 92
352 48
272 86
313 17
311 83
353 79
273 51
314 77
312 47
354 39
274 43
315 27
313 97
355 93
275 26
316 33
314 56
356 42
276 95
317 13
315 75
357 33
277 93
318 16
316 15
358 47
278 56
319 38
317 13
359 53
279 90
320 12
318 10
360 17
280 91
319 75
361 44
281 58
322 85
362 91
282 29
323 22
321 31
363 73
283 32
324 91
322 23
364 38
284 72
325 76
323 45
365 52
285 47
326 85
324 15
366 69
286 87
327 98
325 20
367 31
287 48
328 92
326 53
368 86
288 57
329 98
327 58
369 71
289 16
330 10
328 90
370 18
290 48
331 56
329 48
371 63
291 83
332 44
330 47
372 96
292 84
333 60
331 42
373 44
293 62
334 88
332 88
374 78
294 17
335 78
333 38
375 52
295 76
336 65
334 97
376 61
296 38
337 51
335 29
377 48
297 56
338 61
336 65
378 66
298 57
339 49
337 41
379 50
299 48
340 17
338 68
380 14
300 19
341 24
339 70
381 43
301 29
342 12
340 49
382 40
302 90
343 12
341 69
383 66
303 79
344 11
342 39
384 37
304 19
345 28
343 14
385 93
305 26
346 13
344 72
386 57
306 57
347 99
345 41
387 85
307 46
348 96
346 85
388 64
308 85
349 77
347 38
389 25
309 54
350 10
348 67
390 31
310 90
351 47
349 90
391 10
311 51
352 15
350 24
392 99
312 12
353 36
351 35
393 81
313 46
354 26
352 20
394 34
314 59
355 99
353 83
395 17
315 22
356 66
354 54
396 28
316 40
357 100
355 93
397 51
317 92
358 17
356 11
398 19
318 68
359 84
357 42
399 12
319 35
360 45
358 50
400 33
320 40
359 23
321 39
362 62
322 54
363 17
361 77
323 66
364 44
362 33
324 58
365 91
363 15
325 35
366 92
364 75
326 38
367 59
365 64
327 39
368 36
366 84
328 14
369 35
367 66
329 55
370 25
368 24
330 12
371 74
369 54
331 20
372 40
370 51
332 95
373 47
371 14
333 84
374 27
372 82
334 99
375 43
373 65
335 40
376 11
374 92
336 39
377 71
375 91
337 98
378 36
376 50
338 50
379 98
377 68
339 15
380 45
378 74
340 60
381 45
379 55
341 32
382 27
380 81
342 53
383 44
381 57
343 95
384 57
382 81
344 56
385 31
383 77
345 39
386 39
384 95
346 45
387 90
385 31
347 93
388 68
386 81
348 61
389 16
387 68
349 33
390 16
388 45
350 25
391 79
389 99
351 82
392 99
390 76
352 63
393 97
391 70
353 62
394 50
392 34
354 100
395 17
393 55
355 100
396 89
394 38
356 15
397 36
395 14
357 81
398 12
396 80
358 39
399 94
397 80
359 32
400 83
398 72
360 75
399 41
161
270
2 185 161 
2 139 347 
1 121 
3 55 334 259 
1 144 
1 180 
2 382 266 
2 321 75 
1 41 
1 117 
3 129 248 381 
1 307 
1 136 
3 25 116 274 
2 194 269 
2 177 372 
1 345 
1 384 
3 320 228 371 
2 291 63 
1 309 
2 386 353 
2 342 290 
2 400 238 
4 60 26 170 280 
1 289 
2 329 184 
4 264 134 16 254 
3 132 202 375 
1 223 
3 166 335 61 
1 304 
4 308 94 193 251 
1 154 
1 66 
3 297 229 90 
3 247 44 100 
2 101 325 
1 45 
1 153 
2 236 303 
1 106 
3 283 22 391 
1 122 
2 77 237 
1 107 
1 363 
2 148 112 
2 389 215 
2 173 373 
1 392 
2 361 99 
2 49 209 
3 120 30 242 
2 126 56 
2 245 359 
1 306 
2 15 343 
3 113 187 246 
2 102 8 
1 176 
1 64 
2 337 214 
1 298 
1 158 
1 233 
3 227 250 267 
1 98 
2 70 241 
1 51 
1 195 
3 220 3 326 
1 204 
3 217 324 211 
1 360 
3 138 36 270 
