625 2400 10 100 118
2
3
3
3
3
3
3
3
3
3
3
3
3
3
3
3
3
3
3
3
3
3
3
3
2
3
4
4
4
4
4
4
4
4
4
4
4
4
4
4
4
4
4
4
4
4
4
4
4
3
3
4
4
4
4
4
4
4
4
4
4
4
4
4
4
4
4
4
4
4
4
4
4
4
3
3
4
4
4
4
4
4
4
4
4
4
4
4
4
4
4
4
4
4
4
4
4
4
4
3
3
4
4
4
4
4
4
4
4
4
4
4
4
4
4
4
4
4
4
4
4
4
4
4
3
3
4
4
4
4
4
4
4
4
4
4
4
4
4
4
4
4
4
4
4
4
4
4
4
3
3
4
4
4
4
4
4
4
4
4
4
4
4
4
4
4
4
4
4
4
4
4
4
4
3
3
4
4
4
4
4
4
4
4
4
4
4
4
4
4
4
4
4
4
4
4
4
4
4
3
3
4
4
4
4
4
4
4
4
4
4
4
4
4
4
4
4
4
4
4
4
4
4
4
3
3
4
4
4
4
4
4
4
4
4
4
4
4
4
4
4
4
4
4
4
4
4
4
4
3
3
4
4
4
4
4
4
4
4
4
4
4
4
4
4
4
4
4
4
4
4
4
4
4
3
3
4
4
4
4
4
4
4
4
4
4
4
4
4
4
4
4
4
4
4
4
4
4
4
3
3
4
4
4
4
4
4
4
4
4
4
4
4
4
4
4
4
4
4
4
4
4
4
4
3
3
4
4
4
4
4
4
4
4
4
4
4
4
4
4
4
4
4
4
4
4
4
4
4
3
3
4
4
4
4
4
4
4
4
4
4
4
4
4
4
4
4
4
4
4
4
4
4
4
3
3
4
4
4
4
4
4
4
4
4
4
4
4
4
4
4
4
4
4
4
4
4
4
4
3
3
4
4
4
4
4
4
4
4
4
4
4
4
4
4
4
4
4
4
4
4
4
4
4
3
3
4
4
4
4
4
4
4
4
4
4
4
4
4
4
4
4
4
4
4
4
4
4
4
3
3
4
4
4
4
4
4
4
4
4
4
4
4
4
4
4
4
4
4
4
4
4
4
4
3
3
4
4
4
4
4
4
4
4
4
4
4
4
4
4
4
4
4
4
4
4
4
4
4
3
3
4
4
4
4
4
4
4
4
4
4
4
4
4
4
4
4
4
4
4
4
4
4
4
3
3
4
4
4
4
4
4
4
4
4
4
4
4
4
4
4
4
4
4
4
4
4
4
4
3
3
4
4
4
4
4
4
4
4
4
4
4
4
4
4
4
4
4
4
4
4
4
4
4
3
3
4
4
4
4
4
4
4
4
4
4
4
4
4
4
4
4
4
4
4
4
4
4
4
3
2
3
3
3
3
3
3
3
3
3
3
3
3
3
3
3
3
3
3
3
3
3
3
3
2
26 80
2 29
27 41
3 49
1 66
28 26
4 31
2 91
29 15
5 97
3 46
30 64
6 89
4 29
31 34
7 72
5 70
32 13
8 42
6 60
33 18
9 39
7 10
34 38
10 80
8 44
35 84
11 42
9 98
36 22
12 82
10 83
37 56
13 82
11 87
38 31
14 14
12 71
39 85
15 57
13 56
40 61
16 68
14 34
41 32
17 30
15 43
42 10
18 49
16 59
43 13
19 99
17 37
44 44
20 43
18 62
45 93
21 88
19 26
46 15
22 10
20 100
47 31
23 45
21 62
48 16
24 48
22 70
49 98
25 32
23 72
50 98
24 32
51 43
1 19
27 58
52 51
2 85
28 66
26 18
53 55
3 85
29 74
27 46
54 35
4 53
30 92
28 90
55 62
5 31
31 78
29 42
56 94
6 23
32 25
30 17
57 86
7 28
33 19
31 28
58 60
8 90
34 23
32 27
59 28
9 71
35 21
33 100
60 54
10 60
36 24
34 34
61 15
11 30
37 82
35 31
62 15
12 22
38 19
36 46
63 69
13 16
39 68
37 99
64 39
14 72
40 69
38 72
65 89
15 58
41 56
39 52
66 100
16 45
42 16
40 16
67 13
17 21
43 38
41 86
68 21
18 85
44 72
42 89
69 12
19 48
45 61
43 38
70 58
20 60
46 86
44 77
71 85
21 76
47 42
45 76
72 88
22 62
48 100
46 70
73 55
23 57
49 12
47 63
74 71
24 91
50 57
48 64
75 28
25 44
49 13
76 72
26 83
52 80
77 31
27 54
53 89
51 32
78 39
28 70
54 83
52 37
79 13
29 64
55 39
53 33
80 13
30 38
56 91
54 73
81 100
31 67
57 82
55 85
82 56
32 19
58 73
56 99
83 58
33 22
59 12
57 95
84 50
34 46
60 67
58 89
85 76
35 20
61 94
59 24
86 15
36 42
62 35
60 59
87 90
37 65
63 65
61 73
88 99
38 12
64 27
62 66
89 89
39 69
65 13
63 34
90 100
40 15
66 18
64 59
91 14
41 45
67 31
65 54
92 29
42 59
68 17
66 49
93 10
43 87
69 95
67 68
94 18
44 51
70 51
68 11
95 22
45 52
71 25
69 32
96 69
46 52
72 10
70 81
97 19
47 49
73 49
71 78
98 14
48 27
74 44
72 16
99 28
49 53
75 86
73 39
100 51
50 94
74 52
101 29
51 33
77 98
102 91
52 86
78 46
76 31
103 36
53 58
79 50
77 37
104 92
54 65
80 32
78 74
105 33
55 32
81 87
79 96
106 55
56 53
82 87
80 68
107 50
57 76
83 33
81 40
108 59
58 27
84 15
82 34
109 47
59 96
85 73
83 84
110 51
60 90
86 74
84 35
111 20
61 74
87 63
85 11
112 91
62 34
88 33
86 65
113 73
63 95
89 37
87 86
114 28
64 53
90 27
88 11
115 25
65 61
91 24
89 71
116 11
66 16
92 87
90 97
117 85
67 11
93 64
91 100
118 76
68 83
94 70
92 20
119 70
69 35
95 77
93 62
120 10
70 93
96 50
94 41
121 88
71 64
97 89
95 20
122 97
72 20
98 88
96 23
123 30
73 43
99 45
97 49
124 63
74 85
100 66
98 100
125 33
75 59
99 92
126 67
76 74
102 31
127 54
77 43
103 89
101 31
128 21
78 65
104 23
102 10
129 65
79 78
105 96
103 16
130 85
80 31
106 56
104 12
131 18
81 77
107 75
105 84
132 41
82 24
108 92
106 53
133 69
83 36
109 18
107 25
134 22
84 62
110 43
108 97
135 36
85 76
111 62
109 45
136 18
86 53
112 17
110 37
137 63
87 40
113 12
111 88
138 100
88 73
114 33
112 82
139 19
89 49
115 27
113 79
140 45
90 38
116 11
114 82
141 77
91 16
117 21
115 15
142 35
92 58
118 84
116 35
143 61
93 96
119 11
117 36
144 65
94 39
120 25
118 31
145 17
95 97
121 72
119 81
146 84
96 81
122 37
120 77
147 98
97 92
123 63
121 54
148 17
98 57
124 83
122 66
149 66
99 45
125 85
123 79
150 83
100 94
124 13
151 68
101 85
127 75
152 38
102 79
128 86
126 66
153 40
103 23
129 20
127 51
154 14
104 28
130 22
128 46
155 90
105 50
131 34
129 80
156 78
106 74
132 16
130 39
157 30
107 81
133 89
131 77
158 73
108 76
134 92
132 72
159 17
109 100
135 34
133 30
160 60
110 24
136 42
134 15
161 89
111 96
137 28
135 75
162 40
112 17
138 40
136 44
163 75
113 37
139 42
137 30
164 18
114 63
140 49
138 56
165 58
115 90
141 95
139 26
166 12
116 45
142 59
140 50
167 58
117 72
143 35
141 89
168 18
118 62
144 67
142 19
169 18
119 93
145 83
143 54
170 73
120 34
146 25
144 92
171 58
121 100
147 30
145 75
172 46
122 62
148 38
146 75
173 63
123 35
149 43
147 18
174 60
124 61
150 52
148 75
175 73
125 71
149 32
176 31
126 63
152 90
177 23
127 17
153 85
151 64
178 13
128 48
154 19
152 34
179 82
129 33
155 93
153 70
180 12
130 23
156 64
154 86
181 23
131 23
157 40
155 57
182 53
132 64
158 73
156 55
183 21
133 54
159 80
157 49
184 71
134 41
160 82
158 77
185 85
135 53
161 86
159 48
186 42
136 66
162 76
160 19
187 33
137 51
163 65
161 71
188 87
138 34
164 52
162 77
189 98
139 57
165 34
163 19
190 61
140 89
166 56
164 97
191 24
141 13
167 59
165 24
192 16
142 20
168 26
166 88
193 81
143 11
169 76
167 53
194 59
144 70
170 22
168 33
195 34
145 77
171 93
169 33
196 43
146 70
172 59
170 66
197 66
147 23
173 91
171 81
198 93
148 19
174 79
172 13
199 45
149 44
175 83
173 58
200 83
150 46
174 68
201 43
151 75
177 44
202 47
152 53
178 96
176 42
203 38
153 29
179 93
177 97
204 14
154 47
180 55
178 29
205 71
155 13
181 33
179 17
206 74
156 12
182 28
180 50
207 41
157 23
183 34
181 50
208 89
158 50
184 28
182 18
209 12
159 20
185 93
183 26
210 77
160 97
186 42
184 97
211 59
161 18
187 44
185 13
212 65
162 28
188 86
186 62
213 19
163 66
189 74
187 25
214 57
164 82
190 14
188 92
215 17
165 26
191 48
189 75
216 97
166 16
192 85
190 62
217 30
167 34
193 77
191 88
218 79
168 26
194 77
192 86
219 18
169 96
195 83
193 63
220 40
170 24
196 82
194 65
221 17
171 46
197 67
195 97
222 62
172 40
198 72
196 30
223 64
173 99
199 33
197 28
224 52
174 83
200 36
198 52
225 10
175 17
199 42
226 46
176 12
202 61
227 27
177 75
203 63
201 94
228 52
178 30
204 82
202 13
229 18
179 35
205 38
203 63
230 95
180 60
206 53
204 35
231 87
181 30
207 65
205 39
232 25
182 23
208 11
206 29
233 90
183 46
209 99
207 38
234 28
184 42
210 96
208 78
235 12
185 85
211 99
209 36
236 60
186 90
212 53
210 99
237 47
187 70
213 30
211 35
238 47
188 83
214 75
212 56
239 47
189 16
215 58
213 57
240 10
190 22
216 33
214 27
241 59
191 74
217 12
215 26
242 86
192 10
218 34
216 47
243 56
193 18
219 28
217 97
244 86
194 44
220 17
218 41
245 42
195 79
221 72
219 42
246 15
196 89
222 42
220 10
247 24
197 75
223 11
221 84
248 54
198 22
224 40
222 78
249 83
199 89
225 40
223 27
250 44
200 88
224 12
251 22
201 64
227 78
252 88
202 73
228 36
226 67
253 38
203 79
229 91
227 80
254 73
204 67
230 92
228 16
255 25
205 40
231 90
229 49
256 64
206 36
232 86
230 74
257 19
207 75
233 49
231 81
258 44
208 18
234 26
232 68
259 28
209 54
235 30
233 51
260 35
210 68
236 31
234 29
261 92
211 25
237 21
235 28
262 16
212 65
238 72
236 13
263 79
213 10
239 46
237 24
264 48
214 78
240 34
238 57
265 15
215 81
241 37
239 88
266 76
216 43
242 77
240 14
267 21
217 13
243 31
241 86
268 88
218 39
244 97
242 29
269 69
219 22
245 35
243 31
270 98
220 68
246 15
244 58
271 84
221 16
247 31
245 16
272 75
222 48
248 36
246 20
273 74
223 79
249 100
247 49
274 84
224 83
250 44
248 27
275 100
225 81
249 97
276 25
226 28
252 27
277 16
227 47
253 67
251 93
278 15
228 50
254 56
252 84
279 35
229 90
255 79
253 20
280 24
230 99
256 56
254 27
281 76
231 13
257 82
255 45
282 76
232 59
258 23
256 81
283 77
233 72
259 92
257 90
284 89
234 19
260 21
258 56
285 64
235 40
261 33
259 61
286 29
236 37
262 41
260 31
287 33
237 26
263 30
261 57
288 80
238 58
264 79
262 47
289 30
239 32
265 75
263 73
290 66
240 87
266 10
264 11
291 53
241 80
267 56
265 47
292 16
242 18
268 66
266 49
293 97
243 15
269 37
267 25
294 37
244 37
270 30
268 81
295 31
245 18
271 70
269 17
296 30
246 33
272 23
270 65
297 44
247 50
273 86
271 12
298 85
248 90
274 48
272 70
299 91
249 59
275 55
273 55
300 23
250 51
274 80
301 16
251 82
277 31
302 78
252 80
278 55
276 36
303 25
253 21
279 100
277 99
304 13
254 51
280 48
278 66
305 79
255 89
281 26
279 94
306 15
256 23
282 59
280 91
307 72
257 79
283 44
281 83
308 16
258 17
284 11
282 71
309 23
259 17
285 85
283 16
310 84
260 35
286 25
284 44
311 53
261 29
287 85
285 26
312 17
262 24
288 57
286 79
313 94
263 57
289 87
287 60
314 38
264 54
290 97
288 54
315 10
265 72
291 33
289 14
316 92
266 78
292 20
290 31
317 66
267 50
293 68
291 77
318 11
268 97
294 84
292 43
319 67
269 77
295 87
293 40
320 99
270 61
296 40
294 90
321 15
271 69
297 87
295 36
322 24
272 80
298 24
296 25
323 11
273 98
299 20
297 66
324 14
274 66
300 50
298 37
325 46
275 46
299 96
326 37
276 92
302 22
327 39
277 74
303 21
301 32
328 64
278 34
304 53
302 30
329 20
279 62
305 97
303 31
330 59
280 68
306 33
304 33
331 90
281 24
307 86
305 28
332 86
282 69
308 94
306 40
333 55
283 57
309 75
307 76
334 100
284 52
310 38
308 85
335 44
285 76
311 82
309 94
336 70
286 65
312 63
310 54
337 26
287 10
313 20
311 100
338 46
288 13
314 94
312 75
339 51
289 19
315 97
313 11
340 32
290 21
316 76
314 12
341 56
291 84
317 92
315 55
342 77
292 21
318 52
316 50
343 89
293 31
319 87
317 30
344 95
294 45
320 96
318 78
345 60
295 38
321 83
319 28
346 51
296 34
322 65
320 95
347 86
297 33
323 62
321 21
348 92
298 56
324 86
322 98
349 98
299 100
325 21
323 16
350 80
300 24
324 20
351 48
301 99
327 29
352 88
302 34
328 77
326 78
353 39
303 31
329 30
327 41
354 97
304 93
330 84
328 92
355 56
305 27
331 63
329 87
356 96
306 74
332 61
330 23
357 51
307 48
333 95
331 12
358 55
308 72
334 39
332 79
359 15
309 55
335 21
333 93
360 69
310 53
336 56
334 42
361 25
311 67
337 93
335 65
362 29
312 23
338 19
336 12
363 67
313 38
339 44
337 95
364 97
314 44
340 23
338 90
365 86
315 56
341 71
339 70
366 98
316 11
342 35
340 15
367 54
317 27
343 26
341 17
368 58
318 87
344 14
342 36
369 72
319 94
345 81
343 43
370 50
320 10
346 57
344 97
371 52
321 92
347 96
345 64
372 93
322 73
348 54
346 67
373 24
323 21
349 91
347 16
374 67
324 63
350 92
348 49
375 58
325 10
349 34
376 28
326 22
352 26
377 23
327 88
353 21
351 83
378 55
328 36
354 52
352 63
379 48
329 90
355 27
353 53
380 44
330 44
356 36
354 100
381 89
331 88
357 75
355 45
382 38
332 34
358 35
356 94
383 73
333 83
359 17
357 29
384 55
334 13
360 25
358 86
385 16
335 60
361 93
359 46
386 83
336 40
362 77
360 92
387 18
337 34
363 23
361 93
388 84
338 84
364 32
362 13
389 85
339 13
365 31
363 10
390 32
340 39
366 72
364 70
391 39
341 65
367 37
365 78
392 84
342 42
368 46
366 89
393 15
343 43
369 35
367 57
394 63
344 47
370 57
368 51
395 79
345 57
371 53
369 31
396 35
346 90
372 52
370 16
397 70
347 39
373 79
371 25
398 100
348 35
374 35
372 63
399 44
349 98
375 19
373 30
400 40
350 23
374 79
401 85
351 67
377 78
402 16
352 47
378 29
376 25
403 50
353 35
379 87
377 26
404 65
354 90
380 13
378 13
405 86
355 21
381 84
379 76
406 79
356 75
382 92
380 57
407 35
357 57
383 29
381 91
408 24
358 77
384 30
382 35
409 96
359 42
385 89
383 74
410 86
360 34
386 97
384 68
411 68
361 27
387 63
385 48
412 66
362 95
388 24
386 58
413 91
363 19
389 63
387 94
414 60
364 95
390 80
388 98
415 81
365 26
391 48
389 52
416 64
366 63
392 18
390 38
417 62
367 85
393 95
391 32
418 93
368 81
394 58
392 48
419 29
369 87
395 32
393 89
420 13
370 10
396 55
394 65
421 75
371 71
397 32
395 97
422 76
372 93
398 99
396 71
423 29
373 49
399 30
397 98
424 52
374 67
400 54
398 17
425 34
375 29
399 91
426 80
376 70
402 25
427 82
377 29
403 33
401 79
428 63
378 17
404 54
402 19
429 44
379 46
405 68
403 33
430 62
380 66
406 36
404 99
431 55
381 52
407 59
405 61
432 55
382 64
408 18
406 56
433 47
383 96
409 50
407 28
434 94
384 34
410 30
408 25
435 39
385 89
411 25
409 56
436 95
386 49
412 36
410 45
437 35
387 12
413 80
411 44
438 60
388 55
414 35
412 83
439 72
389 83
415 100
413 18
440 13
390 83
416 62
414 37
441 54
391 48
417 18
415 31
442 31
392 63
418 17
416 46
443 41
393 78
419 62
417 23
444 73
394 29
420 32
418 81
445 76
395 66
421 88
419 70
446 83
396 53
422 56
420 25
447 32
397 15
423 78
421 61
448 32
398 18
424 92
422 61
449 16
399 40
425 73
423 33
450 80
400 80
424 86
451 58
401 26
427 36
452 65
402 43
428 49
426 39
453 54
403 43
429 49
427 67
454 79
404 38
430 100
428 72
455 41
405 50
431 43
429 52
456 33
406 18
432 20
430 25
457 58
407 54
433 56
431 55
458 32
408 71
434 30
432 34
459 62
409 13
435 74
433 12
460 26
410 20
436 28
434 54
461 87
411 70
437 75
435 54
462 17
412 29
438 87
436 21
463 61
413 31
439 93
437 65
464 91
414 84
440 50
438 47
465 50
415 90
441 29
439 95
466 97
416 52
442 42
440 40
467 35
417 57
443 79
441 46
468 70
418 34
444 26
442 34
469 18
419 46
445 55
443 64
470 94
420 66
446 50
444 29
471 59
421 43
447 10
445 98
472 90
422 60
448 14
446 38
473 68
423 46
449 40
447 77
474 45
424 100
450 18
448 73
475 63
425 67
449 66
476 56
426 49
452 33
477 25
427 99
453 48
451 99
478 59
428 65
454 91
452 39
479 76
429 61
455 22
453 76
480 25
430 36
456 16
454 39
481 17
431 62
457 68
455 50
482 54
432 26
458 35
456 59
483 90
433 13
459 65
457 63
484 17
434 32
460 71
458 43
485 81
435 100
461 67
459 26
486 19
436 47
462 13
460 68
487 46
437 56
463 97
461 77
488 56
438 40
464 19
462 48
489 11
439 68
465 11
463 41
490 98
440 71
466 61
464 75
491 91
441 29
467 81
465 73
492 94
442 49
468 61
466 75
493 39
443 22
469 88
467 75
494 30
444 40
470 77
468 88
495 81
445 56
471 100
469 67
496 36
446 63
472 87
470 60
497 31
447 69
473 58
471 81
498 98
448 59
474 23
472 92
499 89
449 88
475 98
473 43
500 84
450 36
474 21
501 89
451 13
477 91
502 70
452 14
478 83
476 65
503 62
453 67
479 69
477 85
504 71
454 36
480 59
478 86
505 16
455 50
481 65
479 89
506 98
456 39
482 16
480 61
507 22
457 48
483 27
481 15
508 46
458 81
484 56
482 94
509 32
459 41
485 70
483 55
510 29
460 22
486 80
484 36
511 89
461 25
487 25
485 67
512 92
462 37
488 69
486 73
513 95
463 31
489 67
487 90
514 37
464 17
490 97
488 71
515 68
465 48
491 43
489 22
516 67
466 34
492 50
490 100
517 10
467 69
493 32
491 71
518 78
468 87
494 26
492 88
519 36
469 82
495 93
493 93
520 24
470 35
496 100
494 78
521 86
471 46
497 52
495 100
522 72
472 88
498 75
496 38
523 68
473 37
499 16
497 83
524 84
474 13
500 43
498 61
525 27
475 35
499 51
526 84
476 77
502 75
527 35
477 100
503 97
501 38
528 94
478 40
504 100
502 58
529 21
479 94
505 63
503 61
530 18
480 86
506 56
504 13
531 25
481 65
507 10
505 50
532 80
482 94
508 96
506 39
533 31
483 86
509 85
507 98
534 35
484 66
510 12
508 64
535 11
485 16
511 81
509 57
536 20
486 68
512 89
510 10
537 86
487 70
513 64
511 29
538 77
488 98
514 99
512 78
539 81
489 55
515 83
513 16
540 78
490 29
516 61
514 51
541 19
491 46
517 87
515 37
542 30
492 54
518 87
516 57
543 80
493 45
519 39
517 45
544 91
494 30
520 99
518 46
545 24
495 99
521 75
519 92
546 53
496 90
522 68
520 15
547 34
497 27
523 94
521 16
548 14
498 23
524 80
522 31
549 45
499 35
525 53
523 95
550 70
500 34
524 36
551 74
501 55
527 62
552 24
502 33
528 77
526 57
553 43
503 55
529 33
527 32
554 13
504 86
530 16
528 64
555 10
505 45
531 17
529 30
556 10
506 67
532 46
530 62
557 70
507 97
533 58
531 14
558 32
508 53
534 30
532 81
559 84
509 75
535 59
533 92
560 100
510 37
536 85
534 16
561 86
511 45
537 60
535 89
562 41
512 32
538 93
536 81
563 89
513 97
539 18
537 24
564 65
514 58
540 28
538 97
565 94
515 49
541 66
539 83
566 52
516 28
542 56
540 28
567 31
517 25
543 90
541 36
568 90
518 30
544 15
542 58
569 11
519 77
545 24
543 57
570 43
520 99
546 45
544 38
571 97
521 20
547 40
545 11
572 13
522 19
548 46
546 39
573 52
523 69
549 93
547 24
574 20
524 91
550 39
548 59
575 73
525 30
549 40
576 61
526 91
552 48
577 74
527 79
553 42
551 86
578 64
528 67
554 75
552 99
579 12
529 56
555 20
553 30
580 40
530 35
556 52
554 17
581 91
531 40
557 72
555 71
582 61
532 22
558 98
556 66
583 13
533 23
559 33
557 21
584 57
534 81
560 63
558 36
585 67
535 88
561 94
559 92
586 44
536 64
562 94
560 98
587 29
537 27
563 16
561 46
588 95
538 29
564 44
562 42
589 62
539 83
565 49
563 89
590 86
540 72
566 32
564 91
591 65
541 99
567 54
565 12
592 48
542 40
568 35
566 52
593 75
543 90
569 21
567 71
594 18
544 15
570 45
568 70
595 64
545 55
571 22
569 31
596 53
546 34
572 14
570 97
597 97
547 14
573 54
571 42
598 25
548 13
574 99
572 50
599 78
549 66
575 47
573 28
600 91
550 37
574 50
601 76
551 74
577 19
602 81
552 62
578 92
576 70
603 20
553 37
579 86
577 21
604 38
554 49
580 93
578 66
605 45
555 72
581 72
579 84
606 17
556 25
582 78
580 86
607 63
557 82
583 65
581 10
608 91
558 86
584 88
582 59
609 39
559 94
585 12
583 10
610 49
560 12
586 35
584 78
611 42
561 97
587 15
585 23
612 11
562 84
588 70
586 13
613 67
563 90
589 95
587 19
614 87
564 95
590 31
588 16
615 99
565 19
591 47
589 75
616 72
566 57
592 74
590 53
617 69
567 33
593 60
591 51
618 53
568 55
594 21
592 16
619 41
569 29
595 40
593 21
620 46
570 47
596 62
594 51
621 11
571 17
597 79
595 34
622 55
572 36
598 53
596 25
623 13
573 34
599 33
597 61
624 41
574 62
600 31
598 52
625 86
575 33
599 26
576 77
602 60
577 87
603 97
601 57
578 16
604 97
602 96
579 63
605 99
603 34
580 72
606 14
604 29
581 76
607 89
605 96
582 25
608 19
606 67
583 20
609 21
607 18
584 71
610 28
608 85
585 22
611 22
609 92
586 98
612 19
610 62
587 55
613 84
611 73
588 37
614 97
612 42
589 87
615 76
613 49
590 35
616 87
614 93
591 71
617 53
615 14
592 80
618 38
616 87
593 83
619 81
617 26
594 25
620 99
618 11
595 92
621 23
619 10
596 52
622 20
620 54
597 34
623 67
621 14
598 78
624 36
622 73
599 96
625 80
623 38
600 80
624 14
422
74
4 151 234 502 422 
2 518 261 
1 592 
4 44 150 511 275 
1 477 
1 600 
2 270 10 
3 586 201 310 
1 112 
1 211 
2 560 599 
5 353 516 238 363 103 
1 350 
3 385 164 500 
2 42 71 
4 325 466 504 388 
2 416 146 
1 455 
1 349 
2 373 197 
1 235 
1 59 
3 160 619 86 
2 453 448 
3 77 620 522 
3 441 452 210 
1 428 
1 494 
3 591 83 282 
2 617 165 
3 64 293 73 
2 573 397 
1 152 
2 566 17 
1 61 
3 419 537 313 
1 575 
1 145 
1 587 
2 515 278 
2 474 547 
1 167 
1 467 
2 214 584 
1 228 
2 563 593 
2 572 402 
1 34 
2 94 329 
2 181 194 
1 206 
3 568 311 105 
1 144 
1 69 
2 226 92 
3 461 29 613 
3 482 427 67 
4 202 330 305 449 
1 375 
1 602 
2 3 76 
1 342 
1 541 
2 624 93 
1 115 
2 162 569 
2 545 548 
1 483 
1 531 
3 185 75 116 
4 539 519 87 431 
1 21 
1 14 
2 347 463 
4 405 97 127 272 
3 107 583 493 
1 456 
2 163 33 
2 20 200 
2 609 421 
1 486 
3 265 9 614 
4 85 169 38 134 
2 412 317 
2 188 532 
2 143 70 
1 395 
2 468 191 
2 439 562 
1 109 
2 125 172 
2 251 577 
1 607 
1 159 
2 35 476 
3 496 18 318 
1 362 
2 381 398 
1 262 
2 542 479 
1 280 
1 308 
2 120 81 
1 208 
1 223 
1 355 
1 459 
2 216 113 
1 377 
2 217 576 
3 361 174 447 
1 354 
1 129 
2 332 601 
2 24 11 
1 291 
1 39 
3 471 248 74 
