100 342 10 100 19
2
3
3
2
3
4
4
3
3
4
4
3
3
4
4
3
3
4
4
3
3
4
4
3
3
4
4
3
3
4
4
3
3
4
4
3
3
4
4
3
3
4
4
3
3
4
4
3
3
4
4
3
3
4
4
3
3
4
4
3
3
4
4
3
3
4
4
3
3
4
4
3
3
4
4
3
3
4
4
3
3
4
4
3
3
4
4
3
3
4
4
3
3
4
4
3
2
3
3
2
5 50
2 29
6 23
3 29
1 28
7 83
4 89
2 85
8 63
3 41
9 23
1 10
6 38
10 17
2 67
7 86
5 23
11 26
3 82
8 88
6 46
12 10
4 85
7 57
13 62
5 98
10 92
14 71
6 19
11 100
9 76
15 78
7 25
12 39
10 88
16 80
8 73
11 42
17 46
9 95
14 58
18 32
10 58
15 71
13 23
19 84
11 97
16 32
14 27
20 30
12 16
15 27
21 91
13 34
18 42
22 51
14 89
19 21
17 87
23 87
15 41
20 49
18 98
24 91
16 97
19 48
25 26
17 73
22 77
26 33
18 93
23 60
21 69
27 70
19 90
24 82
22 71
28 74
20 12
23 99
29 93
21 28
26 100
30 97
22 20
27 48
25 10
31 17
23 21
28 42
26 33
32 52
24 74
27 74
33 97
25 33
30 57
34 59
26 94
31 10
29 39
35 47
27 27
32 85
30 38
36 17
28 67
31 53
37 54
29 72
34 25
38 36
30 18
35 96
33 92
39 35
31 21
36 64
34 36
40 38
32 41
35 67
41 36
33 62
38 88
42 54
34 18
39 17
37 72
43 46
35 78
40 67
38 97
44 23
36 38
39 31
45 99
37 58
42 40
46 55
38 76
43 97
41 47
47 19
39 41
44 51
42 96
48 63
40 65
43 98
49 65
41 32
46 52
50 81
42 51
47 27
45 80
51 29
43 17
48 22
46 18
52 43
44 16
47 27
53 18
45 80
50 55
54 82
46 65
51 23
49 44
55 19
47 81
52 61
50 72
56 59
48 98
51 62
57 88
49 51
54 23
58 45
50 22
55 73
53 42
59 66
51 81
56 53
54 22
60 68
52 14
55 76
61 15
53 20
58 98
62 60
54 18
59 69
57 30
63 21
55 59
60 39
58 10
64 100
56 83
59 18
65 23
57 38
62 69
66 80
58 100
63 62
61 92
67 32
59 88
64 17
62 34
68 69
60 90
63 40
69 37
61 33
66 44
70 94
62 61
67 41
65 39
71 92
63 73
68 70
66 16
72 62
64 18
67 69
73 36
65 85
70 72
74 95
66 35
71 63
69 66
75 32
67 33
72 93
70 47
76 55
68 74
71 67
77 64
69 24
74 48
78 61
70 50
75 82
73 88
79 22
71 23
76 43
74 36
80 56
72 57
75 73
81 32
73 93
78 25
82 66
74 33
79 34
77 68
83 27
75 31
80 40
78 40
84 75
76 17
79 23
85 77
77 47
82 77
86 24
78 40
83 27
81 10
87 78
79 13
84 49
82 33
88 70
80 59
83 98
89 83
81 14
86 21
90 87
82 56
87 21
85 48
91 72
83 20
88 36
86 57
92 92
84 31
87 66
93 51
85 89
90 98
94 50
86 38
91 51
89 38
95 86
87 14
92 100
90 25
96 47
88 72
91 21
97 65
89 12
94 82
98 41
90 39
95 90
93 41
99 49
91 59
96 69
94 18
100 56
92 89
95 89
93 13
98 22
94 34
99 54
97 71
95 70
100 14
98 59
96 12
99 22
52
31
4 61 72 92 52 
2 98 33 
2 86 78 
1 56 
2 16 67 
2 15 90 
2 85 95 
2 54 75 
2 26 100 
1 74 
1 29 
2 53 42 
2 69 11 
2 34 22 
3 4 17 7 
1 68 
2 23 83 
1 35 
1 31 
