144 528 10 100 27
2
3
3
3
3
3
3
3
3
3
3
2
3
4
4
4
4
4
4
4
4
4
4
3
3
4
4
4
4
4
4
4
4
4
4
3
3
4
4
4
4
4
4
4
4
4
4
3
3
4
4
4
4
4
4
4
4
4
4
3
3
4
4
4
4
4
4
4
4
4
4
3
3
4
4
4
4
4
4
4
4
4
4
3
3
4
4
4
4
4
4
4
4
4
4
3
3
4
4
4
4
4
4
4
4
4
4
3
3
4
4
4
4
4
4
4
4
4
4
3
3
4
4
4
4
4
4
4
4
4
4
3
2
3
3
3
3
3
3
3
3
3
3
2
13 15
2 29
14 81
3 25
1 30
15 73
4 68
2 56
16 72
5 84
3 77
17 20
6 85
4 25
18 61
7 59
5 88
19 53
8 88
6 100
20 92
9 24
7 91
21 68
10 79
8 82
22 77
11 28
9 96
23 68
12 59
10 65
24 15
11 82
25 17
1 66
14 12
26 41
2 59
15 56
13 90
27 22
3 35
16 32
14 94
28 29
4 13
17 45
15 38
29 95
5 37
18 55
16 33
30 32
6 68
19 68
17 33
31 65
7 60
20 80
18 24
32 79
8 89
21 52
19 63
33 67
9 72
22 91
20 93
34 24
10 23
23 33
21 91
35 67
11 33
24 30
22 67
36 39
12 15
23 46
37 83
13 16
26 52
38 35
14 82
27 41
25 52
39 17
15 91
28 75
26 64
40 18
16 58
29 39
27 81
41 77
17 66
30 10
28 98
42 56
18 20
31 85
29 15
43 76
19 26
32 36
30 88
44 99
20 86
33 49
31 45
45 100
21 66
34 45
32 12
46 20
22 23
35 64
33 71
47 63
23 39
36 24
34 13
48 45
24 25
35 82
49 59
25 41
38 42
50 86
26 87
39 96
37 98
51 92
27 70
40 64
38 26
52 97
28 35
41 83
39 85
53 19
29 83
42 16
40 96
54 84
30 37
43 72
41 16
55 37
31 71
44 81
42 93
56 68
32 88
45 85
43 58
57 74
33 54
46 67
44 55
58 46
34 93
47 97
45 32
59 43
35 27
48 67
46 87
60 29
36 54
47 60
61 30
37 21
50 42
62 30
38 28
51 36
49 10
63 81
39 27
52 98
50 71
64 12
40 91
53 78
51 15
65 10
41 65
54 58
52 55
66 70
42 66
55 16
53 76
67 42
43 74
56 27
54 14
68 38
44 27
57 52
55 87
69 56
45 23
58 49
56 25
70 95
46 63
59 45
57 20
71 35
47 59
60 18
58 90
72 51
48 65
59 50
73 15
49 88
62 24
74 19
50 81
63 98
61 67
75 38
51 84
64 14
62 54
76 97
52 96
65 82
63 11
77 25
53 37
66 51
64 15
78 87
54 29
67 93
65 31
79 83
55 59
68 12
66 50
80 84
56 86
69 10
67 37
81 81
57 93
70 48
68 42
82 10
58 95
71 59
69 74
83 88
59 44
72 35
70 73
84 80
60 18
71 15
85 70
61 92
74 10
86 55
62 82
75 11
73 28
87 73
63 89
76 55
74 66
88 43
64 13
77 71
75 38
89 15
65 38
78 64
76 58
90 12
66 69
79 25
77 51
91 94
67 72
80 11
78 11
92 38
68 19
81 98
79 11
93 12
69 46
82 72
80 65
94 24
70 87
83 87
81 32
95 33
71 50
84 52
82 15
96 36
72 46
83 13
97 62
73 64
86 91
98 70
74 89
87 89
85 50
99 40
75 87
88 28
86 38
100 79
76 32
89 96
87 47
101 24
77 53
90 59
88 87
102 82
78 51
91 55
89 46
103 40
79 94
92 98
90 92
104 33
80 50
93 51
91 47
105 25
81 43
94 82
92 81
106 47
82 33
95 90
93 11
107 52
83 52
96 68
94 52
108 65
84 12
95 92
109 53
85 70
98 86
110 56
86 80
99 38
97 74
111 88
87 99
100 73
98 29
112 10
88 97
101 11
99 99
113 24
89 54
102 93
100 39
114 25
90 25
103 85
101 55
115 94
91 35
104 68
102 74
116 75
92 91
105 29
103 47
117 30
93 43
106 49
104 45
118 54
94 84
107 64
105 81
119 78
95 25
108 36
106 66
120 32
96 68
107 25
121 84
97 78
110 67
122 58
98 63
111 50
109 60
123 12
99 42
112 79
110 74
124 97
100 60
113 41
111 65
125 49
101 88
114 53
112 37
126 36
102 32
115 15
113 48
127 21
103 92
116 87
114 23
128 67
104 49
117 79
115 70
129 49
105 63
118 48
116 71
130 61
106 22
119 88
117 68
131 55
107 21
120 98
118 68
132 60
108 50
119 77
133 83
109 10
122 42
134 54
110 62
123 77
121 54
135 88
111 83
124 71
122 17
136 22
112 50
125 11
123 84
137 25
113 17
126 62
124 27
138 60
114 58
127 18
125 12
139 50
115 86
128 71
126 16
140 25
116 46
129 31
127 16
141 84
117 91
130 25
128 69
142 57
118 35
131 90
129 49
143 18
119 46
132 16
130 55
144 18
120 74
131 37
121 28
134 49
122 58
135 11
133 13
123 49
136 22
134 79
124 62
137 44
135 38
125 37
138 16
136 52
126 76
139 60
137 77
127 93
140 95
138 55
128 50
141 29
139 98
129 52
142 77
140 11
130 52
143 16
141 29
131 61
144 14
142 90
132 82
143 99
9
128
3 93 16 9 
1 77 
2 91 19 
1 30 
2 103 69 
2 51 121 
3 45 66 5 
1 70 
1 6 
1 99 
2 85 28 
1 94 
2 89 75 
3 83 86 7 
1 65 
3 118 26 90 
1 140 
1 82 
2 44 115 
2 13 73 
1 142 
3 67 98 80 
2 40 46 
3 84 53 47 
3 32 88 125 
1 8 
2 106 128 
