144 528 10 100 27
2
3
3
3
3
3
3
3
3
3
3
2
3
4
4
4
4
4
4
4
4
4
4
3
3
4
4
4
4
4
4
4
4
4
4
3
3
4
4
4
4
4
4
4
4
4
4
3
3
4
4
4
4
4
4
4
4
4
4
3
3
4
4
4
4
4
4
4
4
4
4
3
3
4
4
4
4
4
4
4
4
4
4
3
3
4
4
4
4
4
4
4
4
4
4
3
3
4
4
4
4
4
4
4
4
4
4
3
3
4
4
4
4
4
4
4
4
4
4
3
3
4
4
4
4
4
4
4
4
4
4
3
2
3
3
3
3
3
3
3
3
3
3
2
13 69
2 29
14 52
3 19
1 54
15 11
4 27
2 36
16 97
5 54
3 84
17 57
6 84
4 21
18 60
7 51
5 79
19 16
8 72
6 56
20 88
9 39
7 63
21 80
10 19
8 19
22 73
11 20
9 60
23 71
12 20
10 84
24 73
11 42
25 97
1 76
14 97
26 97
2 27
15 56
13 51
27 28
3 65
16 48
14 12
28 49
4 95
17 86
15 38
29 14
5 36
18 55
16 96
30 58
6 82
19 20
17 74
31 93
7 72
20 27
18 88
32 99
8 90
21 83
19 27
33 13
9 61
22 27
20 93
34 88
10 86
23 58
21 45
35 29
11 28
24 63
22 34
36 83
12 20
23 24
37 11
13 88
26 36
38 100
14 18
27 66
25 22
39 31
15 97
28 99
26 64
40 95
16 51
29 20
27 84
41 26
17 21
30 59
28 31
42 24
18 19
31 87
29 55
43 35
19 92
32 32
30 87
44 30
20 32
33 42
31 46
45 46
21 36
34 97
32 78
46 38
22 11
35 88
33 12
47 31
23 54
36 21
34 93
48 55
24 28
35 39
49 39
25 28
38 20
50 71
26 72
39 90
37 14
51 37
27 35
40 69
38 95
52 14
28 44
41 48
39 82
53 39
29 31
42 45
40 30
54 78
30 96
43 18
41 37
55 44
31 92
44 26
42 85
56 99
32 76
45 46
43 65
57 15
33 18
46 89
44 34
58 41
34 82
47 72
45 95
59 67
35 14
48 15
46 97
60 52
36 76
47 22
61 92
37 30
50 38
62 66
38 10
51 53
49 38
63 45
39 95
52 42
50 61
64 84
40 76
53 88
51 18
65 32
41 37
54 71
52 54
66 82
42 97
55 16
53 43
67 18
43 66
56 19
54 51
68 87
44 81
57 89
55 41
69 75
45 45
58 48
56 16
70 43
46 39
59 98
57 73
71 66
47 42
60 81
58 51
72 32
48 44
59 39
73 47
49 12
62 71
74 79
50 95
63 31
61 100
75 12
51 47
64 82
62 98
76 13
52 66
65 33
63 73
77 28
53 22
66 28
64 69
78 52
54 79
67 11
65 46
79 12
55 34
68 33
66 88
80 29
56 99
69 19
67 66
81 90
57 98
70 62
68 75
82 47
58 62
71 69
69 48
83 89
59 68
72 52
70 52
84 48
60 91
71 93
85 26
61 32
74 76
86 31
62 12
75 19
73 41
87 39
63 40
76 54
74 88
88 62
64 35
77 53
75 84
89 61
65 83
78 67
76 54
90 53
66 19
79 60
77 99
91 89
67 20
80 75
78 62
92 98
68 95
81 13
79 91
93 87
69 37
82 42
80 70
94 52
70 26
83 14
81 41
95 56
71 37
84 37
82 12
96 48
72 46
83 66
97 15
73 81
86 82
98 98
74 98
87 79
85 58
99 20
75 44
88 72
86 20
100 29
76 60
89 35
87 14
101 19
77 99
90 92
88 11
102 81
78 66
91 74
89 33
103 19
79 27
92 31
90 31
104 26
80 10
93 43
91 54
105 62
81 18
94 12
92 81
106 83
82 35
95 16
93 19
107 63
83 58
96 26
94 21
108 51
84 88
95 46
109 52
85 68
98 62
110 22
86 91
99 46
97 32
111 35
87 34
100 97
98 76
112 17
88 24
101 20
99 34
113 42
89 21
102 77
100 100
114 76
90 10
103 86
101 36
115 12
91 85
104 23
102 64
116 63
92 62
105 98
103 60
117 73
93 34
106 34
104 87
118 32
94 68
107 60
105 60
119 26
95 63
108 55
106 71
120 57
96 11
107 57
121 51
97 96
110 91
122 87
98 72
111 26
109 89
123 62
99 45
112 79
110 53
124 84
100 90
113 77
111 14
125 54
101 19
114 46
112 88
126 36
102 24
115 21
113 60
127 58
103 32
116 85
114 50
128 70
104 18
117 17
115 13
129 48
105 38
118 30
116 64
130 51
106 85
119 38
117 52
131 63
107 77
120 85
118 78
132 18
108 71
119 31
133 77
109 93
122 52
134 58
110 86
123 89
121 49
135 62
111 85
124 39
122 25
136 90
112 97
125 18
123 97
137 94
113 16
126 22
124 45
138 87
114 98
127 67
125 58
139 77
115 10
128 19
126 55
140 92
116 31
129 42
127 94
141 34
117 27
130 98
128 84
142 77
118 26
131 56
129 30
143 67
119 44
132 85
130 68
144 62
120 95
131 65
121 23
134 92
122 100
135 55
133 96
123 16
136 16
134 33
124 66
137 60
135 37
125 78
138 20
136 59
126 22
139 90
137 83
127 30
140 86
138 31
128 67
141 51
139 60
129 97
142 78
140 19
130 61
143 43
141 51
131 81
144 48
142 57
132 51
143 42
5
130
2 15 5 
3 37 106 25 
3 102 82 11 
3 96 40 129 
3 108 34 33 
1 137 
2 70 80 
3 69 22 116 
1 142 
2 39 29 
1 112 
2 68 63 
2 3 123 
1 42 
1 56 
1 13 
1 47 
1 83 
1 111 
2 133 54 
2 105 103 
1 139 
1 140 
2 73 53 
3 74 58 88 
2 143 110 
3 78 18 130 
