600 2276 10 100 114
2
3
3
3
3
3
3
3
3
3
3
3
3
3
3
3
3
3
3
3
3
3
3
3
3
3
3
3
3
3
3
3
3
3
3
3
3
3
3
3
3
3
3
3
3
3
3
3
3
2
3
4
4
4
4
4
4
4
4
4
4
4
4
4
4
4
4
4
4
4
4
4
4
4
4
4
4
4
4
4
4
4
4
4
4
4
4
4
4
4
4
4
4
4
4
4
4
4
4
3
3
4
4
4
4
4
4
4
4
4
4
4
4
4
4
4
4
4
4
4
4
4
4
4
4
4
4
4
4
4
4
4
4
4
4
4
4
4
4
4
4
4
4
4
4
4
4
4
4
3
3
4
4
4
4
4
4
4
4
4
4
4
4
4
4
4
4
4
4
4
4
4
4
4
4
4
4
4
4
4
4
4
4
4
4
4
4
4
4
4
4
4
4
4
4
4
4
4
4
3
3
4
4
4
4
4
4
4
4
4
4
4
4
4
4
4
4
4
4
4
4
4
4
4
4
4
4
4
4
4
4
4
4
4
4
4
4
4
4
4
4
4
4
4
4
4
4
4
4
3
3
4
4
4
4
4
4
4
4
4
4
4
4
4
4
4
4
4
4
4
4
4
4
4
4
4
4
4
4
4
4
4
4
4
4
4
4
4
4
4
4
4
4
4
4
4
4
4
4
3
3
4
4
4
4
4
4
4
4
4
4
4
4
4
4
4
4
4
4
4
4
4
4
4
4
4
4
4
4
4
4
4
4
4
4
4
4
4
4
4
4
4
4
4
4
4
4
4
4
3
3
4
4
4
4
4
4
4
4
4
4
4
4
4
4
4
4
4
4
4
4
4
4
4
4
4
4
4
4
4
4
4
4
4
4
4
4
4
4
4
4
4
4
4
4
4
4
4
4
3
3
4
4
4
4
4
4
4
4
4
4
4
4
4
4
4
4
4
4
4
4
4
4
4
4
4
4
4
4
4
4
4
4
4
4
4
4
4
4
4
4
4
4
4
4
4
4
4
4
3
3
4
4
4
4
4
4
4
4
4
4
4
4
4
4
4
4
4
4
4
4
4
4
4
4
4
4
4
4
4
4
4
4
4
4
4
4
4
4
4
4
4
4
4
4
4
4
4
4
3
3
4
4
4
4
4
4
4
4
4
4
4
4
4
4
4
4
4
4
4
4
4
4
4
4
4
4
4
4
4
4
4
4
4
4
4
4
4
4
4
4
4
4
4
4
4
4
4
4
3
2
3
3
3
3
3
3
3
3
3
3
3
3
3
3
3
3
3
3
3
3
3
3
3
3
3
3
3
3
3
3
3
3
3
3
3
3
3
3
3
3
3
3
3
3
3
3
3
3
2
51 26
2 29
52 60
3 17
1 14
53 61
4 18
2 84
54 36
5 26
3 18
55 63
6 58
4 88
56 67
7 70
5 97
57 12
8 97
6 15
58 35
9 74
7 91
59 31
10 30
8 23
60 64
11 39
9 25
61 39
12 69
10 59
62 97
13 19
11 74
63 41
14 14
12 88
64 26
15 93
13 28
65 60
16 51
14 35
66 18
17 91
15 64
67 32
18 33
16 42
68 11
19 21
17 58
69 87
20 83
18 20
70 67
21 67
19 87
71 10
22 48
20 54
72 51
23 26
21 21
73 94
24 43
22 32
74 60
25 70
23 62
75 90
26 66
24 32
76 47
27 60
25 49
77 41
28 91
26 84
78 91
29 32
27 12
79 67
30 46
28 72
80 13
31 83
29 48
81 20
32 67
30 81
82 62
33 61
31 38
83 79
34 80
32 36
84 13
35 17
33 20
85 77
36 50
34 64
86 28
37 21
35 39
87 59
38 86
36 98
88 54
39 49
37 51
89 17
40 99
38 59
90 44
41 89
39 43
91 83
42 86
40 89
92 75
43 18
41 21
93 79
44 22
42 28
94 58
45 99
43 20
95 79
46 40
44 63
96 32
47 15
45 80
97 72
48 24
46 60
98 91
49 91
47 96
99 99
50 54
48 13
100 35
49 21
101 31
1 66
52 89
102 21
2 27
53 80
51 19
103 31
3 57
54 82
52 48
104 95
4 21
55 91
53 40
105 34
5 73
56 69
54 72
106 72
6 96
57 63
55 86
107 95
7 19
58 88
56 91
108 85
8 34
59 15
57 40
109 67
9 33
60 25
58 39
110 85
10 84
61 49
59 49
111 95
11 87
62 27
60 30
112 98
12 65
63 61
61 11
113 100
13 80
64 20
62 47
114 65
14 77
65 81
63 38
115 40
15 47
66 66
64 95
116 93
16 90
67 81
65 70
117 68
17 42
68 10
66 92
118 100
18 98
69 42
67 98
119 82
19 58
70 28
68 97
120 32
20 40
71 100
69 89
121 15
21 89
72 73
70 63
122 35
22 90
73 75
71 15
123 12
23 23
74 37
72 25
124 39
24 81
75 58
73 38
125 75
25 40
76 18
74 89
126 36
26 13
77 10
75 100
127 80
27 90
78 38
76 47
128 51
28 31
79 21
77 95
129 92
29 41
80 23
78 85
130 83
30 63
81 60
79 73
131 89
31 19
82 30
80 28
132 93
32 97
83 22
81 73
133 88
33 37
84 85
82 70
134 38
34 75
85 39
83 36
135 91
35 19
86 41
84 14
136 32
36 100
87 95
85 58
137 21
37 49
88 64
86 72
138 42
38 31
89 60
87 73
139 57
39 34
90 73
88 25
140 25
40 46
91 26
89 55
141 72
41 84
92 12
90 67
142 99
42 15
93 85
91 48
143 35
43 36
94 53
92 19
144 64
44 23
95 83
93 40
145 49
45 38
96 58
94 77
146 30
46 86
97 91
95 15
147 21
47 33
98 89
96 43
148 51
48 84
99 87
97 15
149 33
49 99
100 57
98 55
150 55
50 63
99 12
151 43
51 61
102 89
152 57
52 73
103 43
101 57
153 63
53 28
104 48
102 52
154 32
54 60
105 45
103 16
155 69
55 100
106 13
104 36
156 91
56 17
107 16
105 72
157 96
57 32
108 15
106 41
158 93
58 94
109 61
107 24
159 88
59 50
110 57
108 18
160 86
60 27
111 67
109 86
161 90
61 34
112 17
110 46
162 47
62 29
113 53
111 22
163 73
63 87
114 14
112 37
164 66
64 91
115 25
113 74
165 18
65 100
116 43
114 98
166 21
66 56
117 44
115 10
167 86
67 33
118 42
116 98
168 33
68 50
119 28
117 65
169 19
69 84
120 50
118 90
170 84
70 43
121 36
119 20
171 12
71 15
122 47
120 41
172 64
72 21
123 13
121 43
173 71
73 16
124 67
122 48
174 76
74 16
125 100
123 15
175 58
75 73
126 64
124 48
176 57
76 36
127 20
125 91
177 76
77 26
128 70
126 80
178 44
78 95
129 18
127 41
179 21
79 70
130 99
128 80
180 15
80 80
131 28
129 63
181 82
81 92
132 10
130 17
182 56
82 34
133 72
131 78
183 20
83 16
134 67
132 52
184 43
84 60
135 81
133 93
185 22
85 41
136 29
134 41
186 32
86 81
137 100
135 90
187 87
87 62
138 14
136 76
188 45
88 67
139 37
137 60
189 83
89 84
140 48
138 56
190 56
90 66
141 67
139 19
191 28
91 77
142 10
140 89
192 23
92 77
143 24
141 35
193 45
93 100
144 34
142 15
194 61
94 13
145 37
143 11
195 31
95 77
146 75
144 70
196 28
96 32
147 11
145 13
197 43
97 61
148 56
146 64
198 83
98 14
149 43
147 28
199 47
99 27
150 82
148 43
200 75
100 99
149 42
201 68
101 78
152 100
202 28
102 88
153 37
151 53
203 58
103 95
154 49
152 12
204 48
104 88
155 82
153 25
205 92
105 31
156 26
154 11
206 30
106 40
157 34
155 29
207 28
107 31
158 77
156 98
208 39
108 18
159 93
157 45
209 33
109 14
160 49
158 76
210 70
110 90
161 89
159 48
211 43
111 95
162 86
160 46
212 45
112 61
163 30
161 31
213 90
113 56
164 24
162 42
214 26
114 18
165 40
163 30
215 35
115 42
166 96
164 96
216 70
116 43
167 69
165 52
217 72
117 27
168 10
166 10
218 88
118 28
169 11
167 93
219 66
119 60
170 66
168 99
220 65
120 19
171 99
169 69
221 19
121 95
172 26
170 23
222 37
122 33
173 68
171 76
223 68
123 62
174 61
172 45
224 59
124 51
175 45
173 61
225 95
125 78
176 88
174 82
226 64
126 76
177 10
175 12
227 69
127 38
178 26
176 10
228 62
128 97
179 67
177 91
229 74
129 67
180 68
178 15
230 25
130 56
181 43
179 44
231 91
131 30
182 10
180 74
232 29
132 72
183 82
181 96
233 82
133 85
184 94
182 56
234 39
134 24
185 34
183 79
235 19
135 69
186 26
184 36
236 53
136 41
187 66
185 49
237 64
137 75
188 78
186 49
238 24
138 85
189 24
187 17
239 27
139 78
190 81
188 81
240 51
140 80
191 14
189 49
241 19
141 58
192 98
190 27
242 47
142 76
193 13
191 40
243 82
143 67
194 85
192 62
244 72
144 54
195 13
193 77
245 31
145 67
196 60
194 60
246 25
146 26
197 11
195 97
247 25
147 67
198 53
196 13
248 91
148 21
199 13
197 20
249 30
149 35
200 70
198 16
250 62
150 72
199 73
251 76
151 28
202 84
252 12
152 32
203 84
201 54
253 34
153 43
204 78
202 73
254 48
154 21
205 20
203 52
255 84
155 73
206 98
204 43
256 50
156 50
207 20
205 63
257 27
157 78
208 53
206 48
258 19
158 55
209 49
207 62
259 50
159 44
210 60
208 26
260 24
160 76
211 80
209 63
261 25
161 76
212 82
210 90
262 28
162 12
213 79
211 42
263 94
163 46
214 19
212 87
264 53
164 73
215 11
213 21
265 86
165 63
216 45
214 16
266 60
166 17
217 62
215 81
267 67
167 11
218 98
216 58
268 85
168 15
219 51
217 75
269 37
169 93
220 48
218 49
270 52
170 11
221 14
219 29
271 99
171 31
222 32
220 67
272 63
172 10
223 45
221 36
273 43
173 75
224 24
222 84
274 66
174 14
225 75
223 85
275 13
175 93
226 89
224 24
276 27
176 85
227 55
225 93
277 42
177 25
228 42
226 76
278 19
178 82
229 53
227 85
279 48
179 90
230 42
228 42
280 49
180 55
231 12
229 26
281 77
181 31
232 55
230 53
282 64
182 37
233 97
231 86
283 66
183 91
234 76
232 95
284 61
184 81
235 83
233 33
285 77
185 77
236 50
234 91
286 19
186 79
237 19
235 46
287 40
187 86
238 37
236 65
288 37
188 47
239 84
237 97
289 40
189 68
240 38
238 59
290 85
190 92
241 11
239 99
291 39
191 95
242 46
240 36
292 67
192 10
243 89
241 73
293 95
193 48
244 22
242 70
294 51
194 75
245 22
243 15
295 80
195 79
246 46
244 73
296 66
196 96
247 46
245 30
297 39
197 78
248 43
246 92
298 21
198 81
249 14
247 21
299 99
199 56
250 88
248 73
300 58
200 61
249 44
301 27
201 18
252 82
302 34
202 69
253 65
251 33
303 37
203 100
254 62
252 65
304 62
204 28
255 21
253 51
305 33
205 56
256 90
254 39
306 54
206 42
257 44
255 28
307 16
207 67
258 16
256 26
308 69
208 88
259 77
257 54
309 59
209 25
260 16
258 11
310 15
210 16
261 32
259 25
311 99
211 39
262 79
260 67
312 97
212 30
263 28
261 19
313 83
213 35
264 15
262 38
314 18
214 17
265 70
263 33
315 94
215 31
266 61
264 87
316 60
216 90
267 67
265 10
317 45
217 25
268 93
266 57
318 82
218 48
269 95
267 43
319 20
219 50
270 70
268 92
320 49
220 88
271 86
269 40
321 57
221 85
272 86
270 65
322 93
222 95
273 71
271 50
323 77
223 33
274 56
272 14
324 28
224 10
275 10
273 60
325 75
225 77
276 30
274 20
326 56
226 39
277 86
275 98
327 30
227 14
278 91
276 47
328 70
228 60
279 87
277 69
329 11
229 30
280 76
278 90
330 71
230 24
281 54
279 25
331 97
231 96
282 35
280 53
332 87
232 19
283 97
281 78
333 69
233 46
284 74
282 83
334 60
234 17
285 35
283 52
335 45
235 51
286 60
284 16
336 91
236 51
287 83
285 100
337 66
237 69
288 18
286 40
338 35
238 19
289 62
287 88
339 15
239 44
290 27
288 56
340 81
240 65
291 31
289 10
341 60
241 48
292 55
290 67
342 94
242 24
293 98
291 21
343 87
243 40
294 60
292 33
344 89
244 65
295 27
293 92
345 75
245 45
296 91
294 94
346 49
246 18
297 45
295 38
347 67
247 59
298 11
296 56
348 71
248 38
299 37
297 20
349 98
249 25
300 58
298 72
350 92
250 45
299 95
351 58
251 22
302 44
352 86
252 74
303 44
301 54
353 89
253 64
304 93
302 89
354 96
254 74
305 34
303 26
355 35
255 31
306 53
304 26
356 10
256 55
307 97
305 61
357 77
257 56
308 19
306 22
358 15
258 82
309 96
307 18
359 59
259 50
310 40
308 98
360 70
260 65
311 16
309 100
361 49
261 59
312 81
310 26
362 94
262 64
313 13
311 59
363 69
263 36
314 83
312 21
364 63
264 56
315 38
313 11
365 73
265 46
316 85
314 80
366 49
266 86
317 93
315 25
367 100
267 50
318 30
316 26
368 62
268 70
319 72
317 53
369 55
269 15
320 86
318 10
370 72
270 54
321 39
319 62
371 60
271 31
322 66
320 76
372 59
272 100
323 87
321 52
373 18
273 11
324 81
322 82
374 57
274 96
325 31
323 68
375 40
275 95
326 14
324 25
376 40
276 51
327 48
325 39
377 17
277 84
328 15
326 80
378 61
278 22
329 71
327 100
379 92
279 69
330 89
328 86
380 78
280 41
331 26
329 30
381 80
281 40
332 57
330 85
382 21
282 57
333 56
331 51
383 77
283 33
334 77
332 73
384 96
284 49
335 23
333 100
385 73
285 20
336 70
334 63
386 12
286 41
337 68
335 89
387 32
287 74
338 30
336 68
388 65
288 25
339 72
337 55
389 66
289 87
340 59
338 79
390 77
290 95
341 95
339 66
391 13
291 95
342 66
340 15
392 96
292 16
343 88
341 18
393 17
293 64
344 15
342 13
394 90
294 30
345 53
343 13
395 83
295 12
346 50
344 35
396 11
296 21
347 78
345 37
397 24
297 21
348 66
346 10
398 10
298 51
349 90
347 51
399 76
299 40
350 49
348 20
400 72
300 42
349 85
401 41
301 12
352 99
402 17
302 60
353 99
351 54
403 30
303 98
354 71
352 92
404 47
304 82
355 20
353 19
405 96
305 61
356 33
354 87
406 13
306 59
357 47
355 87
407 70
307 44
358 80
356 41
408 76
308 44
359 61
357 94
409 29
309 90
360 26
358 21
410 72
310 89
361 74
359 77
411 43
311 97
362 28
360 100
412 34
312 49
363 59
361 56
413 55
313 20
364 84
362 15
414 20
314 83
365 83
363 68
415 44
315 84
366 22
364 17
416 15
316 56
367 31
365 44
417 83
317 45
368 67
366 61
418 53
318 11
369 16
367 69
419 45
319 48
370 61
368 32
420 30
320 28
371 78
369 85
421 35
321 35
372 67
370 24
422 100
322 82
373 36
371 44
423 46
323 82
374 82
372 100
424 47
324 88
375 97
373 17
425 36
325 65
376 57
374 61
426 71
326 32
377 34
375 55
427 73
327 85
378 74
376 79
428 39
328 14
379 96
377 96
429 52
329 10
380 90
378 52
430 81
330 45
381 37
379 35
431 24
331 30
382 56
380 96
432 58
332 17
383 97
381 87
433 34
333 64
384 30
382 33
434 55
334 25
385 18
383 62
435 81
335 21
386 81
384 78
436 26
336 51
387 48
385 68
437 93
337 61
388 39
386 83
438 35
338 76
389 64
387 31
439 34
339 71
390 91
388 53
440 82
340 86
391 73
389 61
441 41
341 84
392 29
390 13
442 33
342 80
393 98
391 63
443 90
343 71
394 73
392 43
444 60
344 88
395 19
393 11
445 84
345 38
396 66
394 57
446 81
346 91
397 80
395 38
447 33
347 14
398 18
396 42
448 37
348 78
399 38
397 50
449 33
349 61
400 95
398 42
450 41
350 31
399 15
451 58
351 24
402 46
452 67
352 25
403 22
401 47
453 30
353 51
404 10
402 48
454 15
354 23
405 82
403 38
455 54
355 14
406 50
404 43
456 80
356 17
407 92
405 49
457 83
357 67
408 64
406 76
458 56
358 34
409 98
407 71
459 47
359 95
410 98
408 30
460 99
360 49
411 98
409 76
461 45
361 70
412 88
410 100
462 76
362 95
413 99
411 93
463 51
363 28
414 25
412 35
464 96
364 39
415 70
413 10
465 38
365 60
416 44
414 68
466 64
366 94
417 54
415 24
467 78
367 13
418 65
416 80
468 56
368 98
419 36
417 11
469 93
369 21
420 91
418 57
470 57
370 61
421 40
419 58
471 94
371 13
422 60
420 83
472 52
372 37
423 66
421 10
473 51
373 94
424 22
422 13
474 77
374 22
425 15
423 47
475 83
375 10
426 30
424 13
476 49
376 82
427 13
425 82
477 75
377 93
428 69
426 22
478 44
378 32
429 82
427 95
479 81
379 24
430 17
428 53
480 57
380 18
431 25
429 47
481 60
381 35
432 67
430 42
482 45
382 24
433 57
431 57
483 18
383 75
434 19
432 79
484 90
384 25
435 83
433 99
485 51
385 70
436 86
434 12
486 20
386 48
437 63
435 88
487 83
387 47
438 98
436 90
488 59
388 92
439 80
437 90
489 21
389 55
440 64
438 76
490 84
390 74
441 91
439 96
491 34
391 21
442 20
440 48
492 45
392 48
443 73
441 16
493 36
393 39
444 18
442 95
494 78
394 74
445 83
443 80
495 29
395 22
446 50
444 53
496 14
396 68
447 51
445 59
497 43
397 50
448 76
446 57
498 27
398 49
449 88
447 83
499 23
399 74
450 65
448 95
500 43
400 77
449 81
501 69
401 18
452 83
502 51
402 90
453 51
451 56
503 45
403 40
454 20
452 66
504 60
404 25
455 26
453 91
505 98
405 22
456 68
454 69
506 51
406 80
457 84
455 51
507 59
407 20
458 46
456 25
508 94
408 65
459 39
457 57
509 63
409 18
460 71
458 55
510 55
410 18
461 89
459 24
511 53
411 93
462 12
460 39
512 46
412 72
463 49
461 38
513 28
413 89
464 77
462 21
514 81
414 46
465 91
463 17
515 29
415 31
466 20
464 12
516 69
416 51
467 85
465 16
517 14
417 63
468 79
466 14
518 43
418 20
469 29
467 73
519 54
419 26
470 80
468 56
520 87
420 63
471 89
469 44
521 20
421 98
472 89
470 53
522 20
422 39
473 87
471 20
523 51
423 99
474 83
472 32
524 59
424 24
475 32
473 25
525 16
425 90
476 62
474 82
526 40
426 81
477 60
475 98
527 74
427 85
478 60
476 46
528 20
428 77
479 75
477 93
529 71
429 88
480 34
478 44
530 40
430 53
481 67
479 15
531 25
431 34
482 16
480 74
532 93
432 64
483 16
481 70
533 22
433 30
484 91
482 53
534 86
434 33
485 28
483 29
535 14
435 13
486 63
484 16
536 71
436 29
487 81
485 13
537 39
437 58
488 34
486 89
538 22
438 91
489 67
487 21
539 98
439 64
490 85
488 15
540 11
440 94
491 21
489 94
541 83
441 29
492 33
490 13
542 83
442 10
493 20
491 28
543 52
443 14
494 20
492 72
544 22
444 75
495 52
493 57
545 87
445 81
496 25
494 56
546 59
446 71
497 27
495 94
547 87
447 91
498 26
496 72
548 92
448 96
499 76
497 43
549 51
449 75
500 81
498 71
550 10
450 53
499 76
551 14
451 73
502 97
552 63
452 76
503 89
501 21
553 77
453 56
504 62
502 24
554 64
454 83
505 71
503 62
555 73
455 90
506 38
504 68
556 14
456 71
507 71
505 41
557 80
457 50
508 90
506 34
558 41
458 44
509 10
507 14
559 72
459 61
510 33
508 40
560 92
460 78
511 96
509 18
561 73
461 65
512 21
510 45
562 57
462 96
513 28
511 63
563 21
463 21
514 85
512 70
564 59
464 80
515 74
513 14
565 93
465 50
516 31
514 12
566 36
466 85
517 59
515 76
567 28
467 97
518 50
516 74
568 48
468 71
519 48
517 33
569 56
469 80
520 17
518 31
570 30
470 45
521 77
519 24
571 14
471 65
522 52
520 88
572 90
472 75
523 42
521 67
573 76
473 40
524 26
522 22
574 66
474 90
525 84
523 34
575 90
475 62
526 93
524 49
576 24
476 84
527 49
525 15
577 53
477 89
528 53
526 78
578 18
478 62
529 10
527 36
579 78
479 80
530 53
528 32
580 70
480 27
531 26
529 25
581 39
481 98
532 25
530 18
582 83
482 50
533 97
531 85
583 91
483 80
534 71
532 83
584 37
484 17
535 11
533 46
585 17
485 10
536 20
534 43
586 100
486 11
537 73
535 76
587 65
487 37
538 28
536 24
588 98
488 62
539 56
537 27
589 60
489 82
540 76
538 71
590 96
490 31
541 13
539 83
591 29
491 80
542 35
540 90
592 74
492 53
543 60
541 62
593 38
493 100
544 56
542 21
594 17
494 59
545 44
543 83
595 80
495 42
546 51
544 73
596 61
496 78
547 53
545 56
597 71
497 69
548 79
546 41
598 55
498 57
549 32
547 57
599 94
499 55
550 88
548 26
600 46
500 24
549 32
501 56
552 37
502 25
553 98
551 48
503 68
554 39
552 66
504 98
555 57
553 35
505 65
556 84
554 75
506 44
557 47
555 62
507 48
558 75
556 79
508 84
559 28
557 15
509 92
560 69
558 72
510 86
561 20
559 11
511 93
562 87
560 32
512 86
563 71
561 68
513 70
564 54
562 81
514 35
565 99
563 81
515 18
566 80
564 17
516 85
567 83
565 13
517 33
568 18
566 21
518 91
569 77
567 19
519 19
570 37
568 95
520 31
571 53
569 36
521 96
572 66
570 74
522 61
573 61
571 94
523 59
574 98
572 43
524 34
575 46
573 74
525 17
576 16
574 94
526 89
577 83
575 32
527 34
578 28
576 19
528 40
579 11
577 99
529 73
580 71
578 66
530 61
581 74
579 11
531 98
582 62
580 59
532 33
583 65
581 19
533 81
584 62
582 52
534 19
585 42
583 29
535 14
586 95
584 81
536 49
587 71
585 41
537 37
588 29
586 73
538 38
589 44
587 83
539 91
590 91
588 91
540 60
591 44
589 50
541 11
592 17
590 48
542 10
593 31
591 17
543 37
594 73
592 91
544 64
595 84
593 90
545 36
596 36
594 48
546 21
597 58
595 92
547 96
598 47
596 83
548 49
599 28
597 95
549 66
600 44
598 90
550 15
599 34
596
529
2 102 596 
1 283 
1 412 
1 401 
1 207 
3 273 447 307 
2 547 9 
2 42 562 
1 373 
2 162 219 
1 511 
1 317 
1 244 
4 139 74 213 549 
2 339 88 
2 80 16 
2 176 599 
3 78 369 260 
1 43 
1 580 
2 245 441 
2 553 114 
4 34 271 461 19 
1 578 
2 223 475 
2 414 257 
2 589 303 
2 594 397 
1 248 
2 51 585 
2 567 129 
2 410 357 
2 14 405 
1 108 
2 170 91 
4 216 310 361 189 
3 224 20 500 
1 314 
2 292 87 
1 333 
2 427 442 
2 402 494 
2 485 187 
1 295 
3 330 201 286 
1 66 
2 467 512 
2 225 502 
3 132 321 54 
2 364 110 
2 491 103 
2 68 134 
1 180 
1 425 
3 218 142 539 
2 58 327 
2 457 131 
3 353 384 564 
1 459 
2 127 182 
1 145 
2 535 544 
2 138 280 
2 46 521 
2 92 70 
2 522 350 
2 255 548 
2 198 519 
1 141 
2 157 575 
1 570 
3 12 115 100 
1 235 
4 275 118 473 454 
2 558 399 
1 566 
1 365 
2 418 474 
2 267 221 
2 525 550 
4 71 552 130 247 
2 263 204 
3 37 79 240 
1 335 
1 56 
1 4 
2 415 479 
2 15 11 
2 287 372 
1 181 
1 50 
2 464 152 
2 595 13 
1 299 
2 151 105 
1 345 
3 298 352 574 
3 36 75 505 
1 242 
1 557 
1 64 
2 135 200 
2 336 434 
1 316 
1 391 
5 421 351 556 540 582 
1 67 
2 227 49 
2 480 573 
1 239 
3 349 190 121 
1 572 
1 383 
1 529 
