625 2400 10 100 118
2
3
3
3
3
3
3
3
3
3
3
3
3
3
3
3
3
3
3
3
3
3
3
3
2
3
4
4
4
4
4
4
4
4
4
4
4
4
4
4
4
4
4
4
4
4
4
4
4
3
3
4
4
4
4
4
4
4
4
4
4
4
4
4
4
4
4
4
4
4
4
4
4
4
3
3
4
4
4
4
4
4
4
4
4
4
4
4
4
4
4
4
4
4
4
4
4
4
4
3
3
4
4
4
4
4
4
4
4
4
4
4
4
4
4
4
4
4
4
4
4
4
4
4
3
3
4
4
4
4
4
4
4
4
4
4
4
4
4
4
4
4
4
4
4
4
4
4
4
3
3
4
4
4
4
4
4
4
4
4
4
4
4
4
4
4
4
4
4
4
4
4
4
4
3
3
4
4
4
4
4
4
4
4
4
4
4
4
4
4
4
4
4
4
4
4
4
4
4
3
3
4
4
4
4
4
4
4
4
4
4
4
4
4
4
4
4
4
4
4
4
4
4
4
3
3
4
4
4
4
4
4
4
4
4
4
4
4
4
4
4
4
4
4
4
4
4
4
4
3
3
4
4
4
4
4
4
4
4
4
4
4
4
4
4
4
4
4
4
4
4
4
4
4
3
3
4
4
4
4
4
4
4
4
4
4
4
4
4
4
4
4
4
4
4
4
4
4
4
3
3
4
4
4
4
4
4
4
4
4
4
4
4
4
4
4
4
4
4
4
4
4
4
4
3
3
4
4
4
4
4
4
4
4
4
4
4
4
4
4
4
4
4
4
4
4
4
4
4
3
3
4
4
4
4
4
4
4
4
4
4
4
4
4
4
4
4
4
4
4
4
4
4
4
3
3
4
4
4
4
4
4
4
4
4
4
4
4
4
4
4
4
4
4
4
4
4
4
4
3
3
4
4
4
4
4
4
4
4
4
4
4
4
4
4
4
4
4
4
4
4
4
4
4
3
3
4
4
4
4
4
4
4
4
4
4
4
4
4
4
4
4
4
4
4
4
4
4
4
3
3
4
4
4
4
4
4
4
4
4
4
4
4
4
4
4
4
4
4
4
4
4
4
4
3
3
4
4
4
4
4
4
4
4
4
4
4
4
4
4
4
4
4
4
4
4
4
4
4
3
3
4
4
4
4
4
4
4
4
4
4
4
4
4
4
4
4
4
4
4
4
4
4
4
3
3
4
4
4
4
4
4
4
4
4
4
4
4
4
4
4
4
4
4
4
4
4
4
4
3
3
4
4
4
4
4
4
4
4
4
4
4
4
4
4
4
4
4
4
4
4
4
4
4
3
3
4
4
4
4
4
4
4
4
4
4
4
4
4
4
4
4
4
4
4
4
4
4
4
3
2
3
3
3
3
3
3
3
3
3
3
3
3
3
3
3
3
3
3
3
3
3
3
3
2
26 49
2 29
27 65
3 51
1 16
28 77
4 41
2 43
29 24
5 33
3 21
30 94
6 24
4 53
31 58
7 54
5 52
32 40
8 17
6 10
33 62
9 95
7 73
34 27
10 69
8 40
35 96
11 23
9 41
36 13
12 33
10 17
37 63
13 69
11 55
38 38
14 56
12 33
39 94
15 12
13 39
40 11
16 12
14 38
41 23
17 85
15 75
42 34
18 36
16 90
43 16
19 15
17 67
44 16
20 43
18 69
45 35
21 48
19 32
46 58
22 19
20 91
47 74
23 83
21 75
48 16
24 41
22 62
49 71
25 27
23 32
50 70
24 64
51 42
1 11
27 91
52 46
2 98
28 26
26 53
53 77
3 27
29 43
27 83
54 87
4 20
30 56
28 42
55 48
5 13
31 63
29 57
56 16
6 74
32 75
30 16
57 37
7 96
33 49
31 25
58 58
8 79
34 50
32 93
59 73
9 41
35 52
33 67
60 18
10 50
36 28
34 53
61 64
11 45
37 31
35 72
62 30
12 17
38 68
36 11
63 97
13 82
39 29
37 83
64 81
14 87
40 65
38 52
65 59
15 69
41 66
39 30
66 32
16 33
42 44
40 57
67 94
17 73
43 89
41 63
68 98
18 47
44 51
42 11
69 28
19 73
45 19
43 13
70 10
20 76
46 93
44 63
71 19
21 27
47 39
45 35
72 100
22 55
48 48
46 28
73 34
23 34
49 30
47 64
74 82
24 53
50 54
48 78
75 24
25 84
49 54
76 76
26 62
52 97
77 81
27 23
53 16
51 54
78 82
28 46
54 22
52 69
79 49
29 22
55 46
53 26
80 44
30 47
56 49
54 49
81 100
31 65
57 20
55 86
82 87
32 19
58 90
56 64
83 61
33 17
59 86
57 43
84 89
34 17
60 83
58 59
85 16
35 10
61 59
59 83
86 34
36 75
62 19
60 82
87 57
37 70
63 66
61 20
88 53
38 77
64 69
62 11
89 15
39 48
65 26
63 76
90 31
40 20
66 47
64 87
91 21
41 93
67 27
65 34
92 64
42 99
68 96
66 26
93 47
43 39
69 46
67 28
94 12
44 53
70 84
68 98
95 33
45 88
71 16
69 67
96 17
46 53
72 54
70 81
97 79
47 51
73 28
71 99
98 33
48 24
74 36
72 55
99 57
49 63
75 18
73 22
100 12
50 58
74 75
101 67
51 12
77 23
102 16
52 82
78 42
76 34
103 30
53 36
79 82
77 99
104 79
54 20
80 99
78 68
105 62
55 44
81 12
79 13
106 95
56 49
82 54
80 49
107 11
57 88
83 52
81 25
108 99
58 96
84 57
82 26
109 99
59 59
85 86
83 25
110 26
60 79
86 81
84 67
111 89
61 90
87 98
85 98
112 27
62 15
88 23
86 82
113 39
63 15
89 76
87 82
114 49
64 70
90 66
88 21
115 50
65 30
91 71
89 16
116 85
66 17
92 40
90 92
117 42
67 34
93 100
91 91
118 63
68 28
94 13
92 76
119 78
69 59
95 89
93 91
120 40
70 44
96 17
94 55
121 11
71 40
97 82
95 79
122 45
72 39
98 25
96 73
123 13
73 53
99 69
97 98
124 33
74 92
100 75
98 25
125 11
75 54
99 73
126 100
76 58
102 69
127 42
77 79
103 92
101 37
128 71
78 44
104 79
102 70
129 14
79 58
105 53
103 16
130 72
80 23
106 34
104 49
131 99
81 99
107 18
105 30
132 74
82 69
108 65
106 31
133 13
83 30
109 48
107 41
134 87
84 29
110 49
108 25
135 47
85 82
111 86
109 71
136 76
86 49
112 68
110 32
137 36
87 76
113 66
111 66
138 14
88 66
114 55
112 88
139 96
89 71
115 59
113 44
140 19
90 30
116 49
114 76
141 45
91 14
117 85
115 81
142 57
92 65
118 80
116 52
143 76
93 88
119 76
117 32
144 100
94 82
120 96
118 70
145 49
95 56
121 20
119 73
146 94
96 53
122 97
120 42
147 71
97 75
123 69
121 38
148 38
98 46
124 43
122 18
149 82
99 72
125 37
123 66
150 31
100 10
124 33
151 45
101 41
127 92
152 80
102 63
128 78
126 25
153 32
103 33
129 10
127 99
154 65
104 95
130 18
128 79
155 100
105 69
131 25
129 37
156 12
106 71
132 19
130 57
157 42
107 34
133 80
131 81
158 35
108 99
134 59
132 39
159 38
109 21
135 74
133 73
160 85
110 41
136 47
134 47
161 28
111 71
137 95
135 74
162 37
112 85
138 97
136 99
163 50
113 69
139 82
137 30
164 99
114 52
140 92
138 42
165 36
115 52
141 92
139 68
166 83
116 28
142 28
140 55
167 56
117 67
143 45
141 37
168 24
118 83
144 60
142 37
169 55
119 93
145 89
143 47
170 76
120 15
146 89
144 38
171 61
121 40
147 76
145 59
172 57
122 16
148 74
146 34
173 96
123 37
149 39
147 35
174 18
124 13
150 23
148 90
175 44
125 19
149 79
176 20
126 47
152 40
177 36
127 96
153 48
151 34
178 11
128 38
154 56
152 100
179 46
129 24
155 42
153 34
180 59
130 15
156 41
154 84
181 61
131 64
157 49
155 67
182 22
132 32
158 83
156 50
183 31
133 89
159 62
157 40
184 28
134 19
160 61
158 81
185 81
135 20
161 97
159 76
186 11
136 90
162 11
160 75
187 88
137 63
163 98
161 49
188 98
138 99
164 65
162 57
189 34
139 38
165 48
163 93
190 66
140 42
166 57
164 47
191 67
141 42
167 39
165 17
192 13
142 28
168 13
166 10
193 30
143 18
169 95
167 79
194 45
144 35
170 79
168 77
195 56
145 37
171 23
169 24
196 29
146 97
172 94
170 50
197 78
147 20
173 62
171 91
198 76
148 23
174 11
172 25
199 88
149 62
175 21
173 48
200 65
150 73
174 69
201 14
151 16
177 16
202 10
152 86
178 16
176 27
203 39
153 100
179 86
177 46
204 80
154 85
180 72
178 42
205 63
155 90
181 62
179 81
206 43
156 88
182 80
180 76
207 41
157 29
183 12
181 56
208 74
158 85
184 58
182 69
209 72
159 45
185 65
183 63
210 49
160 14
186 73
184 68
211 40
161 13
187 29
185 47
212 31
162 12
188 45
186 48
213 55
163 75
189 41
187 81
214 13
164 55
190 54
188 67
215 35
165 34
191 27
189 30
216 91
166 88
192 90
190 59
217 44
167 77
193 85
191 46
218 59
168 17
194 78
192 27
219 68
169 88
195 87
193 93
220 86
170 90
196 70
194 73
221 38
171 75
197 39
195 64
222 33
172 58
198 30
196 66
223 90
173 29
199 86
197 13
224 22
174 75
200 99
198 60
225 97
175 51
199 36
226 10
176 60
202 97
227 69
177 34
203 89
201 22
228 75
178 70
204 81
202 96
229 45
179 37
205 71
203 87
230 29
180 88
206 88
204 89
231 44
181 86
207 34
205 68
232 51
182 47
208 36
206 66
233 52
183 27
209 17
207 98
234 95
184 15
210 87
208 39
235 18
185 20
211 35
209 10
236 14
186 45
212 88
210 77
237 94
187 32
213 28
211 11
238 36
188 28
214 41
212 76
239 66
189 58
215 100
213 75
240 98
190 44
216 81
214 34
241 11
191 67
217 86
215 28
242 81
192 16
218 76
216 20
243 39
193 83
219 70
217 84
244 61
194 71
220 60
218 92
245 54
195 55
221 17
219 80
246 21
196 42
222 31
220 54
247 82
197 45
223 12
221 26
248 55
198 94
224 48
222 65
249 44
199 34
225 75
223 56
250 57
200 76
224 32
251 86
201 31
227 61
252 22
202 34
228 89
226 99
253 91
203 100
229 87
227 88
254 75
204 55
230 46
228 56
255 35
205 30
231 21
229 48
256 55
206 86
232 21
230 93
257 97
207 24
233 26
231 15
258 94
208 35
234 89
232 69
259 43
209 26
235 50
233 72
260 11
210 81
236 10
234 37
261 34
211 75
237 29
235 43
262 18
212 25
238 25
236 81
263 16
213 27
239 22
237 30
264 43
214 72
240 64
238 29
265 17
215 28
241 23
239 69
266 61
216 79
242 76
240 14
267 67
217 63
243 36
241 19
268 40
218 18
244 90
242 42
269 41
219 91
245 100
243 87
270 21
220 87
246 67
244 83
271 18
221 83
247 58
245 89
272 53
222 56
248 70
246 77
273 78
223 80
249 13
247 64
274 67
224 37
250 79
248 89
275 77
225 26
249 94
276 82
226 81
252 32
277 96
227 28
253 17
251 65
278 10
228 64
254 76
252 78
279 33
229 35
255 58
253 84
280 94
230 31
256 22
254 51
281 99
231 63
257 36
255 16
282 69
232 57
258 16
256 55
283 98
233 46
259 99
257 35
284 74
234 34
260 48
258 36
285 70
235 33
261 85
259 48
286 29
236 92
262 61
260 29
287 34
237 62
263 32
261 75
288 71
238 36
264 79
262 88
289 12
239 84
265 26
263 85
290 66
240 48
266 40
264 86
291 28
241 95
267 67
265 87
292 31
242 72
268 41
266 95
293 41
243 43
269 17
267 64
294 94
244 11
270 38
268 70
295 63
245 65
271 100
269 51
296 23
246 44
272 81
270 31
297 99
247 73
273 70
271 52
298 44
248 92
274 20
272 88
299 53
249 13
275 48
273 44
300 36
250 55
274 92
301 91
251 34
277 18
302 57
252 22
278 61
276 74
303 12
253 27
279 32
277 44
304 74
254 54
280 73
278 70
305 65
255 68
281 66
279 48
306 43
256 49
282 40
280 98
307 90
257 74
283 77
281 69
308 44
258 40
284 33
282 85
309 44
259 39
285 64
283 22
310 63
260 53
286 22
284 47
311 59
261 17
287 59
285 49
312 40
262 12
288 57
286 93
313 62
263 23
289 93
287 87
314 100
264 100
290 67
288 38
315 35
265 84
291 73
289 82
316 78
266 21
292 82
290 58
317 66
267 95
293 75
291 57
318 80
268 20
294 97
292 12
319 70
269 50
295 100
293 58
320 75
270 60
296 67
294 54
321 15
271 93
297 66
295 22
322 70
272 17
298 19
296 54
323 36
273 11
299 13
297 54
324 61
274 12
300 47
298 15
325 57
275 46
299 53
326 69
276 95
302 59
327 63
277 45
303 28
301 29
328 11
278 99
304 56
302 45
329 46
279 12
305 82
303 83
330 63
280 78
306 52
304 47
331 44
281 54
307 85
305 80
332 49
282 27
308 38
306 73
333 27
283 78
309 86
307 48
334 88
284 84
310 68
308 88
335 38
285 14
311 34
309 91
336 91
286 32
312 26
310 43
337 25
287 80
313 47
311 22
338 44
288 53
314 23
312 71
339 52
289 72
315 53
313 14
340 21
290 59
316 79
314 65
341 38
291 72
317 49
315 95
342 77
292 62
318 55
316 33
343 44
293 53
319 22
317 63
344 69
294 48
320 26
318 44
345 28
295 14
321 71
319 13
346 72
296 57
322 50
320 53
347 75
297 84
323 95
321 57
348 56
298 30
324 13
322 98
349 82
299 98
325 93
323 96
350 84
300 88
324 81
351 56
301 31
327 90
352 100
302 25
328 68
326 37
353 48
303 78
329 59
327 40
354 100
304 41
330 27
328 14
355 20
305 43
331 72
329 22
356 17
306 91
332 95
330 93
357 86
307 69
333 65
331 47
358 62
308 98
334 64
332 34
359 98
309 11
335 10
333 26
360 12
310 73
336 50
334 73
361 56
311 50
337 79
335 34
362 97
312 16
338 67
336 99
363 64
313 100
339 26
337 10
364 12
314 70
340 46
338 28
365 89
315 95
341 72
339 35
366 12
316 80
342 71
340 91
367 96
317 51
343 64
341 83
368 62
318 12
344 60
342 45
369 45
319 36
345 20
343 42
370 70
320 41
346 68
344 11
371 20
321 77
347 16
345 85
372 85
322 36
348 43
346 13
373 32
323 92
349 23
347 11
374 78
324 82
350 14
348 39
375 29
325 36
349 22
376 72
326 54
352 82
377 10
327 41
353 39
351 57
378 65
328 91
354 40
352 90
379 13
329 17
355 24
353 86
380 89
330 63
356 27
354 81
381 94
331 67
357 34
355 77
382 89
332 87
358 16
356 11
383 73
333 61
359 21
357 95
384 81
334 54
360 67
358 39
385 70
335 40
361 97
359 86
386 98
336 17
362 61
360 84
387 62
337 33
363 59
361 15
388 88
338 26
364 53
362 17
389 27
339 43
365 11
363 72
390 19
340 78
366 65
364 59
391 73
341 22
367 61
365 54
392 27
342 73
368 33
366 90
393 48
343 94
369 72
367 22
394 78
344 82
370 42
368 15
395 26
345 76
371 10
369 81
396 96
346 33
372 26
370 68
397 13
347 58
373 80
371 90
398 13
348 90
374 13
372 86
399 52
349 39
375 43
373 33
400 45
350 37
374 74
401 44
351 98
377 62
402 12
352 11
378 43
376 100
403 50
353 30
379 74
377 12
404 86
354 81
380 10
378 27
405 11
355 17
381 39
379 62
406 97
356 10
382 17
380 40
407 92
357 17
383 91
381 50
408 15
358 88
384 73
382 10
409 30
359 16
385 86
383 73
410 54
360 58
386 30
384 25
411 23
361 23
387 97
385 73
412 66
362 51
388 60
386 67
413 87
363 58
389 49
387 24
414 38
364 53
390 83
388 32
415 86
365 47
391 77
389 59
416 83
366 64
392 40
390 31
417 71
367 26
393 49
391 19
418 100
368 71
394 28
392 55
419 55
369 84
395 17
393 59
420 89
370 72
396 92
394 67
421 29
371 59
397 67
395 45
422 25
372 35
398 57
396 96
423 60
373 54
399 86
397 88
424 64
374 29
400 13
398 97
425 60
375 14
399 11
426 88
376 39
402 79
427 36
377 71
403 99
401 98
428 93
378 76
404 34
402 27
429 78
379 38
405 33
403 25
430 16
380 67
406 69
404 75
431 54
381 10
407 59
405 70
432 81
382 21
408 14
406 96
433 59
383 64
409 34
407 12
434 56
384 60
410 25
408 54
435 46
385 46
411 52
409 24
436 100
386 39
412 54
410 25
437 89
387 94
413 90
411 36
438 34
388 92
414 26
412 78
439 53
389 91
415 14
413 17
440 50
390 11
416 37
414 52
441 95
391 82
417 22
415 64
442 11
392 11
418 50
416 95
443 14
393 78
419 82
417 77
444 98
394 87
420 87
418 43
445 53
395 99
421 95
419 48
446 65
396 100
422 34
420 96
447 81
397 69
423 40
421 66
448 22
398 25
424 65
422 99
449 79
399 46
425 33
423 48
450 78
400 54
424 22
451 53
401 44
427 74
452 91
402 21
428 56
426 60
453 93
403 28
429 30
427 28
454 92
404 74
430 64
428 78
455 52
405 67
431 33
429 89
456 14
406 70
432 86
430 64
457 71
407 27
433 17
431 61
458 12
408 49
434 33
432 20
459 97
409 57
435 85
433 76
460 40
410 14
436 32
434 48
461 10
411 34
437 33
435 39
462 73
412 72
438 64
436 66
463 94
413 86
439 90
437 36
464 39
414 12
440 52
438 26
465 21
415 63
441 94
439 41
466 94
416 54
442 56
440 100
467 37
417 81
443 61
441 29
468 78
418 95
444 74
442 68
469 91
419 96
445 64
443 42
470 38
420 58
446 51
444 21
471 48
421 99
447 49
445 62
472 85
422 71
448 22
446 11
473 36
423 50
449 67
447 30
474 11
424 97
450 82
448 47
475 84
425 40
449 81
476 60
426 87
452 69
477 39
427 44
453 16
451 93
478 33
428 82
454 62
452 39
479 28
429 88
455 98
453 94
480 43
430 28
456 48
454 13
481 63
431 28
457 33
455 15
482 29
432 16
458 87
456 78
483 35
433 65
459 84
457 35
484 43
434 54
460 47
458 46
485 98
435 77
461 71
459 63
486 90
436 45
462 89
460 94
487 52
437 61
463 25
461 57
488 22
438 26
464 75
462 24
489 66
439 22
465 90
463 55
490 67
440 63
466 13
464 15
491 74
441 23
467 19
465 28
492 41
442 15
468 24
466 45
493 64
443 52
469 42
467 89
494 24
444 91
470 85
468 45
495 85
445 31
471 98
469 11
496 94
446 66
472 22
470 69
497 27
447 60
473 45
471 52
498 21
448 88
474 29
472 39
499 80
449 90
475 32
473 90
500 27
450 16
474 32
501 72
451 56
477 65
502 11
452 92
478 72
476 94
503 70
453 31
479 92
477 80
504 80
454 41
480 67
478 72
505 24
455 72
481 100
479 98
506 13
456 60
482 59
480 11
507 33
457 98
483 31
481 73
508 75
458 62
484 16
482 61
509 47
459 36
485 23
483 50
510 90
460 30
486 22
484 49
511 84
461 71
487 45
485 41
512 67
462 24
488 93
486 95
513 97
463 61
489 47
487 32
514 78
464 23
490 47
488 98
515 61
465 34
491 36
489 79
516 12
466 99
492 27
490 76
517 20
467 96
493 44
491 44
518 95
468 61
494 15
492 30
519 22
469 73
495 72
493 49
520 27
470 46
496 17
494 67
521 99
471 78
497 30
495 72
522 58
472 42
498 65
496 64
523 95
473 46
499 89
497 35
524 97
474 41
500 13
498 80
525 11
475 52
499 83
526 66
476 80
502 22
527 14
477 52
503 61
501 50
528 89
478 75
504 53
502 43
529 50
479 71
505 74
503 85
530 44
480 94
506 70
504 97
531 24
481 65
507 48
505 99
532 62
482 24
508 65
506 97
533 68
483 21
509 79
507 32
534 89
484 46
510 94
508 66
535 34
485 18
511 62
509 88
536 94
486 25
512 10
510 57
537 87
487 80
513 23
511 48
538 81
488 67
514 62
512 64
539 50
489 95
515 81
513 78
540 37
490 18
516 28
514 10
541 94
491 94
517 31
515 13
542 72
492 56
518 11
516 55
543 81
493 86
519 19
517 74
544 56
494 77
520 16
518 69
545 15
495 56
521 28
519 53
546 79
496 82
522 80
520 99
547 92
497 16
523 19
521 38
548 43
498 78
524 30
522 41
549 37
499 53
525 51
523 60
550 54
500 97
524 33
551 95
501 93
527 18
552 98
502 69
528 86
526 15
553 63
503 18
529 50
527 24
554 44
504 31
530 80
528 37
555 85
505 51
531 18
529 91
556 77
506 74
532 28
530 74
557 68
507 65
533 71
531 39
558 98
508 50
534 50
532 43
559 90
509 56
535 74
533 83
560 77
510 100
536 17
534 53
561 91
511 67
537 13
535 83
562 93
512 29
538 65
536 54
563 96
513 17
539 63
537 83
564 24
514 54
540 85
538 94
565 47
515 46
541 31
539 93
566 92
516 47
542 45
540 15
567 18
517 41
543 80
541 26
568 62
518 95
544 83
542 84
569 13
519 28
545 79
543 53
570 61
520 77
546 82
544 70
571 100
521 16
547 13
545 99
572 83
522 25
548 66
546 73
573 18
523 53
549 93
547 34
574 72
524 81
550 70
548 27
575 20
525 81
549 71
576 26
526 25
552 91
577 78
527 45
553 81
551 90
578 31
528 68
554 49
552 16
579 69
529 63
555 57
553 59
580 86
530 82
556 64
554 71
581 45
531 74
557 54
555 48
582 82
532 59
558 30
556 48
583 31
533 69
559 88
557 91
584 50
534 33
560 80
558 31
585 85
535 51
561 85
559 67
586 89
536 88
562 66
560 11
587 61
537 62
563 94
561 24
588 61
538 27
564 54
562 95
589 52
539 94
565 68
563 14
590 17
540 13
566 51
564 63
591 97
541 50
567 23
565 34
592 10
542 70
568 54
566 95
593 48
543 75
569 49
567 44
594 60
544 71
570 42
568 96
595 81
545 67
571 97
569 21
596 86
546 59
572 50
570 46
597 27
547 12
573 92
571 20
598 31
548 61
574 88
572 76
599 60
549 91
575 11
573 10
600 68
550 58
574 34
601 65
551 21
577 16
602 16
552 57
578 14
576 100
603 42
553 53
579 81
577 75
604 78
554 38
580 92
578 44
605 81
555 83
581 57
579 90
606 17
556 17
582 29
580 75
607 81
557 48
583 31
581 34
608 23
558 73
584 15
582 17
609 76
559 71
585 69
583 14
610 54
560 97
586 91
584 64
611 23
561 92
587 92
585 67
612 59
562 30
588 88
586 72
613 18
563 71
589 44
587 64
614 18
564 74
590 51
588 35
615 10
565 34
591 91
589 26
616 67
566 95
592 37
590 26
617 65
567 95
593 80
591 29
618 57
568 70
594 81
592 98
619 72
569 81
595 27
593 77
620 77
570 87
596 58
594 58
621 13
571 28
597 37
595 10
622 54
572 54
598 42
596 47
623 37
573 42
599 77
597 44
624 45
574 99
600 10
598 78
625 66
575 96
599 94
576 50
602 61
577 90
603 82
601 89
578 98
604 74
602 20
579 24
605 94
603 57
580 41
606 17
604 31
581 43
607 13
605 38
582 19
608 64
606 71
583 36
609 45
607 49
584 32
610 10
608 94
585 61
611 84
609 95
586 77
612 84
610 15
587 39
613 25
611 77
588 31
614 85
612 41
589 54
615 59
613 87
590 38
616 24
614 17
591 89
617 38
615 63
592 57
618 32
616 12
593 63
619 34
617 96
594 53
620 27
618 55
595 27
621 84
619 55
596 32
622 19
620 100
597 82
623 19
621 92
598 26
624 95
622 62
599 40
625 10
623 62
600 74
624 10
269
562
1 269 
2 183 568 
3 85 553 567 
2 158 77 
3 501 535 429 
1 34 
3 278 384 50 
2 25 480 
1 580 
3 438 92 251 
1 366 
3 328 608 166 
1 433 
3 4 570 87 
2 242 109 
1 137 
1 132 
2 572 339 
1 331 
1 12 
1 601 
1 254 
3 509 163 11 
1 398 
2 230 179 
2 403 219 
2 412 592 
4 78 141 187 337 
2 72 16 
3 495 264 146 
3 519 1 180 
1 256 
2 532 90 
2 65 351 
3 292 346 370 
1 296 
2 143 423 
2 529 107 
1 306 
1 373 
1 177 
1 295 
3 147 442 388 
1 326 
3 31 585 129 
1 194 
1 241 
1 322 
1 323 
2 453 181 
1 151 
1 130 
1 542 
3 162 563 286 
2 9 127 
1 44 
3 615 58 239 
4 290 338 356 210 
4 99 96 383 609 
1 117 
1 418 
2 154 589 
2 371 363 
1 104 
1 560 
2 422 393 
2 611 620 
3 270 221 139 
2 258 309 
2 565 122 
3 73 277 80 
3 45 473 578 
1 416 
2 436 27 
1 64 
2 464 223 
2 202 218 
2 67 228 
2 407 375 
1 465 
3 327 536 607 
3 353 325 280 
3 26 343 234 
4 549 404 294 399 
1 498 
2 573 434 
3 330 155 541 
1 446 
1 410 
2 178 37 
2 368 564 
2 431 224 
1 207 
2 320 36 
2 188 476 
4 55 484 469 496 
1 29 
2 134 456 
1 199 
3 539 103 293 
4 520 174 97 622 
1 477 
1 385 
1 312 
1 274 
2 471 400 
1 336 
1 571 
2 575 83 
1 43 
1 116 
1 260 
1 157 
2 48 60 
1 526 
1 421 
2 164 283 
2 527 562 
