400 1520 10 100 76
2
3
3
3
3
3
3
3
3
3
3
3
3
3
3
3
3
3
3
2
3
4
4
4
4
4
4
4
4
4
4
4
4
4
4
4
4
4
4
3
3
4
4
4
4
4
4
4
4
4
4
4
4
4
4
4
4
4
4
3
3
4
4
4
4
4
4
4
4
4
4
4
4
4
4
4
4
4
4
3
3
4
4
4
4
4
4
4
4
4
4
4
4
4
4
4
4
4
4
3
3
4
4
4
4
4
4
4
4
4
4
4
4
4
4
4
4
4
4
3
3
4
4
4
4
4
4
4
4
4
4
4
4
4
4
4
4
4
4
3
3
4
4
4
4
4
4
4
4
4
4
4
4
4
4
4
4
4
4
3
3
4
4
4
4
4
4
4
4
4
4
4
4
4
4
4
4
4
4
3
3
4
4
4
4
4
4
4
4
4
4
4
4
4
4
4
4
4
4
3
3
4
4
4
4
4
4
4
4
4
4
4
4
4
4
4
4
4
4
3
3
4
4
4
4
4
4
4
4
4
4
4
4
4
4
4
4
4
4
3
3
4
4
4
4
4
4
4
4
4
4
4
4
4
4
4
4
4
4
3
3
4
4
4
4
4
4
4
4
4
4
4
4
4
4
4
4
4
4
3
3
4
4
4
4
4
4
4
4
4
4
4
4
4
4
4
4
4
4
3
3
4
4
4
4
4
4
4
4
4
4
4
4
4
4
4
4
4
4
3
3
4
4
4
4
4
4
4
4
4
4
4
4
4
4
4
4
4
4
3
3
4
4
4
4
4
4
4
4
4
4
4
4
4
4
4
4
4
4
3
3
4
4
4
4
4
4
4
4
4
4
4
4
4
4
4
4
4
4
3
2
3
3
3
3
3
3
3
3
3
3
3
3
3
3
3
3
3
3
2
21 51
2 29
22 72
3 71
1 47
23 67
4 72
2 16
24 60
5 12
3 13
25 16
6 79
4 17
26 74
7 61
5 81
27 86
8 93
6 47
28 72
9 71
7 57
29 40
10 37
8 72
30 74
11 30
9 38
31 31
12 25
10 78
32 99
13 74
11 16
33 85
14 35
12 65
34 14
15 61
13 73
35 49
16 95
14 14
36 41
17 35
15 29
37 19
18 98
16 17
38 51
19 44
17 45
39 51
20 28
18 11
40 35
19 52
41 48
1 47
22 52
42 54
2 43
23 89
21 15
43 56
3 31
24 27
22 83
44 100
4 30
25 18
23 83
45 67
5 39
26 13
24 90
46 30
6 40
27 58
25 25
47 88
7 24
28 41
26 36
48 62
8 87
29 26
27 48
49 100
9 29
30 74
28 99
50 20
10 94
31 24
29 72
51 71
11 30
32 25
30 62
52 83
12 77
33 93
31 89
53 50
13 33
34 88
32 45
54 42
14 14
35 58
33 12
55 34
15 12
36 89
34 10
56 89
16 51
37 55
35 31
57 69
17 64
38 22
36 69
58 87
18 97
39 85
37 90
59 72
19 77
40 97
38 91
60 72
20 81
39 92
61 34
21 21
42 93
62 78
22 99
43 62
41 34
63 45
23 54
44 76
42 76
64 60
24 90
45 44
43 45
65 48
25 93
46 79
44 64
66 25
26 17
47 31
45 50
67 37
27 11
48 40
46 69
68 38
28 26
49 33
47 79
69 95
29 97
50 53
48 16
70 90
30 86
51 58
49 26
71 94
31 42
52 92
50 33
72 36
32 48
53 76
51 35
73 19
33 56
54 50
52 62
74 28
34 27
55 97
53 86
75 45
35 14
56 70
54 59
76 83
36 90
57 19
55 99
77 80
37 95
58 29
56 49
78 61
38 91
59 15
57 89
79 69
39 76
60 13
58 82
80 69
40 88
59 42
81 55
41 82
62 48
82 58
42 97
63 38
61 63
83 57
43 83
64 14
62 15
84 71
44 40
65 28
63 42
85 52
45 31
66 25
64 42
86 93
46 59
67 34
65 80
87 100
47 24
68 55
66 75
88 92
48 28
69 13
67 99
89 95
49 64
70 98
68 66
90 52
50 76
71 16
69 74
91 90
51 77
72 23
70 30
92 56
52 14
73 100
71 87
93 71
53 56
74 34
72 32
94 20
54 35
75 40
73 35
95 55
55 20
76 38
74 43
96 29
56 13
77 31
75 99
97 73
57 17
78 68
76 30
98 97
58 89
79 59
77 24
99 51
59 42
80 70
78 28
100 11
60 61
79 31
101 78
61 63
82 45
102 69
62 27
83 91
81 49
103 51
63 59
84 85
82 12
104 11
64 22
85 47
83 94
105 41
65 46
86 64
84 24
106 15
66 27
87 86
85 32
107 84
67 83
88 85
86 96
108 74
68 24
89 11
87 35
109 18
69 90
90 100
88 18
110 25
70 64
91 97
89 16
111 35
71 41
92 29
90 68
112 13
72 94
93 99
91 18
113 26
73 22
94 76
92 16
114 24
74 78
95 21
93 15
115 11
75 89
96 21
94 65
116 31
76 68
97 13
95 32
117 18
77 41
98 59
96 19
118 62
78 51
99 80
97 66
119 68
79 57
100 46
98 48
120 37
80 82
99 88
121 54
81 75
102 42
122 31
82 93
103 69
101 25
123 62
83 31
104 21
102 29
124 82
84 53
105 10
103 41
125 15
85 100
106 35
104 92
126 63
86 77
107 84
105 38
127 29
87 41
108 24
106 74
128 83
88 18
109 42
107 52
129 78
89 19
110 77
108 91
130 94
90 45
111 93
109 64
131 33
91 92
112 96
110 65
132 85
92 34
113 50
111 89
133 30
93 78
114 35
112 98
134 27
94 68
115 54
113 35
135 50
95 72
116 85
114 87
136 24
96 43
117 10
115 68
137 28
97 89
118 56
116 24
138 53
98 13
119 28
117 23
139 99
99 81
120 45
118 82
140 90
100 53
119 32
141 16
101 93
122 96
142 52
102 28
123 81
121 20
143 82
103 59
124 31
122 92
144 68
104 88
125 46
123 66
145 17
105 10
126 36
124 23
146 68
106 41
127 75
125 45
147 54
107 68
128 55
126 72
148 49
108 49
129 47
127 98
149 18
109 60
130 26
128 96
150 15
110 37
131 18
129 73
151 82
111 78
132 11
130 58
152 72
112 99
133 19
131 50
153 87
113 59
134 92
132 81
154 27
114 66
135 96
133 72
155 38
115 51
136 36
134 64
156 46
116 39
137 45
135 10
157 21
117 13
138 45
136 57
158 89
118 99
139 54
137 86
159 16
119 85
140 98
138 84
160 96
120 79
139 29
161 36
121 39
142 86
162 42
122 19
143 55
141 62
163 41
123 62
144 50
142 60
164 15
124 17
145 49
143 61
165 34
125 96
146 18
144 96
166 100
126 82
147 100
145 99
167 67
127 95
148 79
146 45
168 67
128 38
149 79
147 22
169 68
129 39
150 78
148 29
170 62
130 14
151 19
149 42
171 78
131 29
152 52
150 81
172 46
132 58
153 40
151 79
173 39
133 25
154 35
152 44
174 87
134 56
155 62
153 28
175 74
135 17
156 27
154 99
176 53
136 94
157 32
155 37
177 84
137 50
158 97
156 51
178 66
138 96
159 40
157 52
179 98
139 65
160 30
158 61
180 94
140 40
159 65
181 44
141 68
162 35
182 74
142 52
163 85
161 77
183 60
143 37
164 57
162 21
184 83
144 79
165 24
163 86
185 76
145 38
166 86
164 91
186 98
146 52
167 80
165 99
187 31
147 20
168 83
166 91
188 95
148 79
169 91
167 34
189 59
149 17
170 98
168 74
190 76
150 29
171 32
169 98
191 73
151 92
172 18
170 24
192 80
152 24
173 64
171 56
193 77
153 91
174 41
172 55
194 44
154 85
175 35
173 77
195 81
155 60
176 15
174 39
196 36
156 37
177 78
175 27
197 45
157 53
178 70
176 74
198 23
158 46
179 29
177 83
199 16
159 93
180 53
178 22
200 57
160 73
179 98
201 31
161 57
182 20
202 65
162 80
183 98
181 22
203 54
163 70
184 52
182 11
204 84
164 12
185 47
183 84
205 60
165 64
186 96
184 41
206 62
166 19
187 64
185 35
207 42
167 80
188 79
186 65
208 76
168 98
189 88
187 69
209 35
169 46
190 71
188 73
210 13
170 31
191 28
189 26
211 75
171 14
192 20
190 61
212 82
172 88
193 51
191 10
213 30
173 23
194 60
192 97
214 34
174 41
195 64
193 59
215 84
175 66
196 35
194 98
216 42
176 15
197 79
195 68
217 26
177 88
198 88
196 63
218 17
178 19
199 80
197 15
219 92
179 49
200 38
198 49
220 58
180 75
199 35
221 28
181 67
202 90
222 62
182 61
203 63
201 17
223 45
183 81
204 19
202 57
224 67
184 97
205 46
203 20
225 64
185 27
206 98
204 60
226 72
186 46
207 79
205 40
227 13
187 27
208 71
206 22
228 92
188 33
209 41
207 65
229 60
189 89
210 96
208 12
230 56
190 24
211 22
209 33
231 36
191 33
212 93
210 32
232 10
192 18
213 99
211 89
233 31
193 78
214 25
212 27
234 92
194 82
215 21
213 66
235 43
195 81
216 92
214 89
236 86
196 80
217 95
215 25
237 73
197 30
218 26
216 78
238 41
198 46
219 77
217 39
239 91
199 78
220 44
218 86
240 81
200 44
219 11
241 35
201 18
222 14
242 64
202 63
223 37
221 48
243 77
203 33
224 82
222 45
244 90
204 27
225 10
223 90
245 100
205 41
226 64
224 49
246 52
206 40
227 96
225 49
247 82
207 88
228 38
226 66
248 32
208 35
229 35
227 64
249 12
209 35
230 24
228 14
250 43
210 51
231 62
229 87
251 94
211 93
232 56
230 42
252 62
212 46
233 31
231 98
253 33
213 28
234 76
232 30
254 83
214 28
235 10
233 44
255 21
215 39
236 10
234 13
256 26
216 62
237 72
235 77
257 65
217 68
238 97
236 31
258 83
218 99
239 50
237 77
259 81
219 87
240 45
238 11
260 41
220 73
239 12
261 39
221 38
242 34
262 84
222 86
243 40
241 94
263 85
223 27
244 17
242 58
264 78
224 87
245 55
243 60
265 32
225 99
246 84
244 37
266 96
226 59
247 61
245 18
267 91
227 17
248 47
246 57
268 58
228 47
249 15
247 78
269 74
229 24
250 56
248 22
270 42
230 55
251 70
249 88
271 89
231 32
252 67
250 49
272 18
232 87
253 91
251 49
273 50
233 21
254 67
252 78
274 76
234 35
255 94
253 78
275 50
235 42
256 33
254 42
276 74
236 29
257 88
255 98
277 17
237 62
258 41
256 28
278 12
238 27
259 82
257 30
279 54
239 61
260 74
258 78
280 23
240 73
259 89
281 60
241 45
262 28
282 47
242 91
263 35
261 19
283 92
243 63
264 11
262 38
284 65
244 79
265 53
263 96
285 16
245 45
266 20
264 88
286 30
246 79
267 54
265 72
287 10
247 69
268 51
266 100
288 21
248 86
269 19
267 13
289 49
249 36
270 10
268 59
290 56
250 48
271 94
269 27
291 49
251 43
272 56
270 55
292 82
252 68
273 41
271 62
293 61
253 77
274 56
272 87
294 23
254 16
275 62
273 98
295 93
255 71
276 83
274 89
296 100
256 22
277 92
275 59
297 23
257 25
278 17
276 55
298 62
258 15
279 88
277 33
299 89
259 98
280 58
278 100
300 83
260 16
279 57
301 45
261 79
282 45
302 81
262 11
283 89
281 98
303 58
263 96
284 34
282 23
304 35
264 49
285 73
283 41
305 73
265 32
286 24
284 87
306 91
266 38
287 14
285 37
307 94
267 51
288 53
286 36
308 15
268 49
289 61
287 80
309 68
269 22
290 27
288 60
310 58
270 95
291 40
289 21
311 80
271 40
292 98
290 41
312 86
272 88
293 65
291 68
313 81
273 10
294 100
292 99
314 91
274 36
295 81
293 33
315 77
275 62
296 37
294 39
316 57
276 49
297 64
295 93
317 96
277 20
298 52
296 17
318 25
278 96
299 66
297 47
319 93
279 85
300 35
298 55
320 74
280 78
299 25
321 14
281 39
302 90
322 19
282 11
303 75
301 94
323 48
283 16
304 10
302 23
324 60
284 94
305 44
303 26
325 84
285 65
306 77
304 31
326 100
286 30
307 26
305 43
327 84
287 89
308 71
306 53
328 42
288 98
309 69
307 53
329 95
289 90
310 87
308 19
330 16
290 69
311 51
309 97
331 64
291 39
312 57
310 45
332 24
292 60
313 26
311 21
333 64
293 47
314 22
312 41
334 22
294 86
315 60
313 28
335 44
295 36
316 46
314 54
336 76
296 84
317 93
315 56
337 19
297 92
318 74
316 86
338 41
298 33
319 51
317 80
339 45
299 90
320 82
318 41
340 78
300 39
319 23
341 43
301 60
322 53
342 12
302 61
323 68
321 22
343 44
303 64
324 74
322 86
344 75
304 45
325 20
323 76
345 79
305 22
326 50
324 63
346 93
306 21
327 79
325 42
347 18
307 26
328 76
326 67
348 52
308 89
329 72
327 16
349 47
309 13
330 33
328 66
350 63
310 94
331 90
329 23
351 86
311 51
332 49
330 44
352 37
312 38
333 13
331 46
353 71
313 21
334 58
332 51
354 40
314 61
335 10
333 92
355 55
315 27
336 42
334 62
356 13
316 65
337 13
335 95
357 81
317 93
338 11
336 50
358 11
318 99
339 19
337 55
359 72
319 73
340 37
338 65
360 62
320 73
339 92
361 18
321 64
342 94
362 88
322 26
343 45
341 23
363 54
323 19
344 36
342 52
364 71
324 95
345 53
343 55
365 83
325 87
346 21
344 26
366 85
326 38
347 10
345 39
367 92
327 87
348 78
346 35
368 25
328 22
349 58
347 16
369 73
329 57
350 96
348 68
370 67
330 39
351 96
349 40
371 43
331 81
352 11
350 17
372 82
332 54
353 84
351 36
373 22
333 16
354 49
352 66
374 36
334 22
355 91
353 12
375 60
335 100
356 54
354 63
376 99
336 98
357 90
355 78
377 67
337 43
358 64
356 12
378 39
338 46
359 31
357 46
379 96
339 91
360 66
358 20
380 70
340 99
359 89
381 82
341 81
362 58
382 27
342 33
363 58
361 81
383 31
343 17
364 11
362 38
384 46
344 90
365 56
363 32
385 18
345 71
366 72
364 10
386 68
346 71
367 25
365 27
387 88
347 57
368 99
366 48
388 39
348 67
369 57
367 42
389 94
349 47
370 61
368 83
390 60
350 36
371 18
369 23
391 47
351 76
372 38
370 12
392 77
352 41
373 94
371 95
393 28
353 13
374 74
372 60
394 55
354 64
375 78
373 66
395 58
355 69
376 62
374 13
396 91
356 67
377 60
375 74
397 48
357 45
378 21
376 37
398 82
358 50
379 44
377 55
399 11
359 71
380 92
378 69
400 24
360 91
379 22
361 50
382 82
362 70
383 51
381 63
363 38
384 98
382 74
364 15
385 94
383 23
365 58
386 47
384 80
366 72
387 88
385 16
367 37
388 26
386 65
368 18
389 24
387 14
369 77
390 23
388 100
370 79
391 13
389 74
371 46
392 23
390 12
372 16
393 82
391 15
373 45
394 18
392 19
374 67
395 53
393 13
375 73
396 38
394 99
376 53
397 14
395 48
377 79
398 83
396 28
378 61
399 59
397 81
379 18
400 85
398 11
380 13
399 89
215
109
1 215 
3 256 269 301 
1 313 
1 41 
1 265 
2 194 31 
3 254 398 237 
3 188 334 213 
3 250 151 118 
2 164 94 
2 132 187 
4 117 158 129 212 
2 138 385 
1 52 
2 166 8 
1 353 
1 363 
2 338 148 
1 55 
1 25 
1 15 
2 93 392 
1 217 
1 239 
3 88 231 127 
2 210 111 
4 241 38 99 281 
2 252 168 
4 170 12 181 182 
2 160 70 
1 381 
1 228 
1 331 
2 30 221 
1 222 
2 309 86 
2 200 130 
2 293 185 
2 232 59 
1 328 
2 26 61 
3 190 104 18 
1 178 
2 204 277 
1 14 
4 171 354 282 40 
2 322 341 
1 335 
1 224 
1 177 
1 48 
4 339 145 219 367 
2 308 37 
1 274 
2 370 325 
3 233 380 173 
2 143 347 
3 56 225 246 
1 242 
1 49 
1 20 
1 326 
1 126 
1 298 
1 253 
2 207 299 
3 295 244 205 
1 189 
2 395 16 
2 290 63 
1 80 
1 144 
2 125 340 
4 267 223 218 209 
2 69 167 
3 74 155 109 
