625 2400 10 100 118
2
3
3
3
3
3
3
3
3
3
3
3
3
3
3
3
3
3
3
3
3
3
3
3
2
3
4
4
4
4
4
4
4
4
4
4
4
4
4
4
4
4
4
4
4
4
4
4
4
3
3
4
4
4
4
4
4
4
4
4
4
4
4
4
4
4
4
4
4
4
4
4
4
4
3
3
4
4
4
4
4
4
4
4
4
4
4
4
4
4
4
4
4
4
4
4
4
4
4
3
3
4
4
4
4
4
4
4
4
4
4
4
4
4
4
4
4
4
4
4
4
4
4
4
3
3
4
4
4
4
4
4
4
4
4
4
4
4
4
4
4
4
4
4
4
4
4
4
4
3
3
4
4
4
4
4
4
4
4
4
4
4
4
4
4
4
4
4
4
4
4
4
4
4
3
3
4
4
4
4
4
4
4
4
4
4
4
4
4
4
4
4
4
4
4
4
4
4
4
3
3
4
4
4
4
4
4
4
4
4
4
4
4
4
4
4
4
4
4
4
4
4
4
4
3
3
4
4
4
4
4
4
4
4
4
4
4
4
4
4
4
4
4
4
4
4
4
4
4
3
3
4
4
4
4
4
4
4
4
4
4
4
4
4
4
4
4
4
4
4
4
4
4
4
3
3
4
4
4
4
4
4
4
4
4
4
4
4
4
4
4
4
4
4
4
4
4
4
4
3
3
4
4
4
4
4
4
4
4
4
4
4
4
4
4
4
4
4
4
4
4
4
4
4
3
3
4
4
4
4
4
4
4
4
4
4
4
4
4
4
4
4
4
4
4
4
4
4
4
3
3
4
4
4
4
4
4
4
4
4
4
4
4
4
4
4
4
4
4
4
4
4
4
4
3
3
4
4
4
4
4
4
4
4
4
4
4
4
4
4
4
4
4
4
4
4
4
4
4
3
3
4
4
4
4
4
4
4
4
4
4
4
4
4
4
4
4
4
4
4
4
4
4
4
3
3
4
4
4
4
4
4
4
4
4
4
4
4
4
4
4
4
4
4
4
4
4
4
4
3
3
4
4
4
4
4
4
4
4
4
4
4
4
4
4
4
4
4
4
4
4
4
4
4
3
3
4
4
4
4
4
4
4
4
4
4
4
4
4
4
4
4
4
4
4
4
4
4
4
3
3
4
4
4
4
4
4
4
4
4
4
4
4
4
4
4
4
4
4
4
4
4
4
4
3
3
4
4
4
4
4
4
4
4
4
4
4
4
4
4
4
4
4
4
4
4
4
4
4
3
3
4
4
4
4
4
4
4
4
4
4
4
4
4
4
4
4
4
4
4
4
4
4
4
3
3
4
4
4
4
4
4
4
4
4
4
4
4
4
4
4
4
4
4
4
4
4
4
4
3
2
3
3
3
3
3
3
3
3
3
3
3
3
3
3
3
3
3
3
3
3
3
3
3
2
26 55
2 29
27 26
3 88
1 73
28 60
4 78
2 20
29 43
5 47
3 27
30 25
6 94
4 33
31 17
7 62
5 68
32 45
8 20
6 69
33 98
9 98
7 16
34 25
10 62
8 82
35 13
11 32
9 29
36 13
12 77
10 90
37 61
13 14
11 22
38 95
14 35
12 56
39 57
15 44
13 86
40 31
16 58
14 59
41 88
17 50
15 19
42 36
18 61
16 25
43 37
19 83
17 80
44 47
20 98
18 78
45 56
21 63
19 67
46 98
22 70
20 38
47 93
23 82
21 13
48 100
24 66
22 11
49 22
25 85
23 95
50 97
24 71
51 91
1 53
27 99
52 63
2 90
28 44
26 66
53 63
3 46
29 17
27 29
54 95
4 23
30 13
28 46
55 81
5 48
31 86
29 57
56 97
6 22
32 41
30 92
57 78
7 47
33 23
31 17
58 86
8 72
34 23
32 85
59 29
9 15
35 74
33 90
60 41
10 85
36 47
34 63
61 81
11 36
37 26
35 14
62 21
12 12
38 66
36 72
63 29
13 100
39 31
37 91
64 58
14 65
40 17
38 11
65 57
15 26
41 72
39 88
66 94
16 36
42 71
40 66
67 51
17 52
43 98
41 75
68 40
18 83
44 25
42 78
69 35
19 30
45 53
43 69
70 89
20 100
46 70
44 33
71 75
21 19
47 40
45 29
72 66
22 39
48 30
46 29
73 97
23 82
49 92
47 17
74 37
24 74
50 87
48 56
75 66
25 88
49 33
76 35
26 14
52 59
77 65
27 79
53 30
51 40
78 61
28 98
54 51
52 26
79 28
29 71
55 31
53 79
80 19
30 14
56 70
54 30
81 100
31 58
57 70
55 59
82 55
32 66
58 34
56 10
83 30
33 69
59 68
57 45
84 15
34 87
60 85
58 16
85 58
35 64
61 37
59 80
86 92
36 46
62 31
60 68
87 15
37 53
63 79
61 36
88 70
38 35
64 11
62 70
89 16
39 11
65 21
63 81
90 38
40 78
66 93
64 45
91 72
41 42
67 38
65 54
92 62
42 56
68 72
66 88
93 24
43 43
69 49
67 54
94 33
44 20
70 20
68 31
95 68
45 87
71 21
69 43
96 25
46 18
72 55
70 83
97 31
47 50
73 67
71 39
98 43
48 94
74 70
72 35
99 89
49 76
75 17
73 95
100 47
50 83
74 15
101 51
51 59
77 51
102 68
52 86
78 82
76 93
103 30
53 35
79 33
77 84
104 58
54 40
80 67
78 87
105 87
55 16
81 78
79 77
106 24
56 50
82 77
80 85
107 57
57 61
83 26
81 86
108 99
58 43
84 40
82 51
109 69
59 80
85 44
83 75
110 54
60 22
86 81
84 14
111 39
61 68
87 52
85 38
112 67
62 20
88 53
86 61
113 51
63 72
89 71
87 32
114 88
64 12
90 33
88 77
115 91
65 82
91 11
89 21
116 84
66 82
92 15
90 99
117 50
67 14
93 50
91 39
118 68
68 100
94 95
92 37
119 57
69 61
95 62
93 73
120 92
70 99
96 57
94 43
121 28
71 18
97 16
95 100
122 23
72 40
98 95
96 84
123 58
73 48
99 23
97 65
124 77
74 88
100 31
98 71
125 71
75 80
99 63
126 40
76 42
102 87
127 97
77 71
103 37
101 63
128 46
78 77
104 67
102 40
129 52
79 45
105 61
103 72
130 79
80 61
106 88
104 63
131 40
81 48
107 39
105 63
132 75
82 21
108 36
106 15
133 45
83 43
109 78
107 22
134 52
84 15
110 62
108 93
135 49
85 30
111 51
109 30
136 60
86 41
112 76
110 53
137 76
87 77
113 98
111 54
138 92
88 76
114 17
112 99
139 22
89 44
115 27
113 70
140 40
90 24
116 54
114 45
141 76
91 57
117 54
115 40
142 88
92 23
118 94
116 37
143 80
93 99
119 75
117 50
144 18
94 61
120 42
118 44
145 43
95 60
121 58
119 27
146 96
96 96
122 25
120 40
147 25
97 87
123 59
121 83
148 97
98 37
124 54
122 36
149 43
99 94
125 65
123 64
150 35
100 89
124 100
151 97
101 33
127 13
152 70
102 56
128 40
126 33
153 63
103 56
129 49
127 51
154 20
104 42
130 19
128 96
155 55
105 99
131 84
129 59
156 14
106 61
132 18
130 48
157 21
107 98
133 87
131 80
158 44
108 96
134 82
132 30
159 30
109 59
135 48
133 25
160 68
110 35
136 75
134 24
161 12
111 53
137 25
135 69
162 17
112 82
138 33
136 15
163 85
113 41
139 13
137 78
164 71
114 16
140 15
138 12
165 85
115 81
141 51
139 82
166 59
116 26
142 15
140 55
167 77
117 91
143 43
141 32
168 85
118 94
144 18
142 51
169 40
119 32
145 90
143 36
170 86
120 79
146 34
144 28
171 32
121 43
147 31
145 52
172 94
122 97
148 33
146 16
173 36
123 90
149 95
147 62
174 57
124 55
150 73
148 21
175 29
125 24
149 63
176 63
126 61
152 57
177 76
127 26
153 56
151 17
178 18
128 51
154 76
152 24
179 61
129 34
155 24
153 68
180 73
130 55
156 46
154 99
181 58
131 54
157 92
155 28
182 41
132 45
158 35
156 22
183 14
133 52
159 57
157 80
184 37
134 72
160 60
158 44
185 94
135 17
161 89
159 97
186 56
136 44
162 48
160 99
187 22
137 53
163 32
161 38
188 71
138 30
164 68
162 15
189 57
139 86
165 54
163 40
190 88
140 74
166 96
164 78
191 55
141 35
167 63
165 25
192 29
142 70
168 46
166 57
193 42
143 53
169 68
167 77
194 37
144 70
170 40
168 14
195 66
145 57
171 60
169 68
196 23
146 80
172 65
170 88
197 20
147 27
173 93
171 22
198 43
148 81
174 96
172 56
199 68
149 61
175 61
173 44
200 92
150 96
174 71
201 69
151 15
177 13
202 24
152 52
178 47
176 81
203 64
153 28
179 77
177 86
204 48
154 36
180 49
178 26
205 38
155 28
181 65
179 71
206 38
156 51
182 53
180 76
207 26
157 44
183 31
181 63
208 44
158 35
184 30
182 43
209 91
159 58
185 44
183 72
210 50
160 11
186 95
184 77
211 80
161 30
187 23
185 74
212 62
162 85
188 67
186 31
213 25
163 77
189 48
187 44
214 63
164 47
190 60
188 43
215 25
165 98
191 42
189 69
216 78
166 91
192 18
190 12
217 87
167 24
193 45
191 95
218 70
168 74
194 33
192 10
219 74
169 99
195 22
193 74
220 60
170 60
196 80
194 37
221 51
171 72
197 62
195 89
222 90
172 36
198 77
196 79
223 90
173 58
199 100
197 55
224 76
174 78
200 96
198 13
225 35
175 74
199 76
226 40
176 22
202 89
227 100
177 53
203 97
201 15
228 72
178 20
204 87
202 56
229 65
179 51
205 63
203 63
230 55
180 38
206 10
204 49
231 88
181 17
207 77
205 57
232 64
182 25
208 17
206 36
233 16
183 68
209 15
207 26
234 11
184 19
210 92
208 50
235 73
185 74
211 47
209 75
236 32
186 65
212 25
210 98
237 53
187 70
213 57
211 98
238 10
188 50
214 100
212 13
239 52
189 15
215 84
213 22
240 62
190 68
216 47
214 46
241 25
191 77
217 89
215 31
242 51
192 17
218 51
216 21
243 23
193 14
219 68
217 94
244 26
194 80
220 69
218 60
245 54
195 64
221 88
219 25
246 76
196 43
222 28
220 21
247 85
197 93
223 90
221 53
248 60
198 56
224 92
222 64
249 25
199 26
225 51
223 19
250 95
200 67
224 36
251 12
201 86
227 58
252 20
202 17
228 19
226 30
253 31
203 77
229 50
227 85
254 43
204 67
230 65
228 98
255 40
205 54
231 78
229 65
256 90
206 64
232 91
230 66
257 89
207 21
233 59
231 47
258 55
208 21
234 41
232 50
259 45
209 25
235 20
233 36
260 93
210 13
236 16
234 33
261 91
211 97
237 33
235 19
262 38
212 77
238 78
236 65
263 65
213 58
239 64
237 22
264 86
214 42
240 16
238 60
265 66
215 60
241 56
239 11
266 81
216 88
242 39
240 90
267 31
217 65
243 81
241 47
268 51
218 70
244 22
242 30
269 52
219 75
245 91
243 89
270 84
220 65
246 63
244 12
271 70
221 34
247 49
245 12
272 14
222 22
248 89
246 62
273 84
223 50
249 60
247 84
274 57
224 52
250 11
248 55
275 65
225 28
249 89
276 91
226 52
252 11
277 11
227 37
253 59
251 18
278 32
228 61
254 85
252 38
279 86
229 29
255 75
253 98
280 87
230 69
256 70
254 96
281 66
231 45
257 36
255 30
282 59
232 59
258 98
256 10
283 12
233 30
259 43
257 11
284 97
234 49
260 35
258 67
285 29
235 41
261 73
259 49
286 86
236 42
262 52
260 52
287 10
237 21
263 28
261 13
288 74
238 67
264 10
262 69
289 50
239 55
265 81
263 86
290 34
240 64
266 53
264 97
291 45
241 15
267 45
265 95
292 90
242 82
268 67
266 87
293 17
243 10
269 67
267 48
294 80
244 97
270 67
268 41
295 39
245 73
271 14
269 52
296 59
246 74
272 86
270 34
297 53
247 39
273 80
271 21
298 100
248 39
274 23
272 72
299 95
249 13
275 10
273 82
300 63
250 11
274 99
301 35
251 24
277 15
302 52
252 45
278 88
276 40
303 78
253 30
279 59
277 37
304 55
254 16
280 40
278 78
305 75
255 46
281 42
279 85
306 70
256 93
282 88
280 77
307 85
257 83
283 48
281 80
308 45
258 15
284 19
282 95
309 40
259 100
285 97
283 55
310 46
260 15
286 36
284 57
311 61
261 64
287 87
285 15
312 26
262 81
288 52
286 34
313 78
263 95
289 92
287 32
314 51
264 53
290 76
288 53
315 87
265 13
291 99
289 35
316 39
266 81
292 61
290 41
317 74
267 55
293 29
291 27
318 29
268 45
294 51
292 49
319 55
269 54
295 19
293 38
320 13
270 14
296 28
294 64
321 15
271 26
297 63
295 68
322 10
272 18
298 75
296 96
323 15
273 58
299 36
297 72
324 24
274 78
300 97
298 25
325 86
275 76
299 28
326 61
276 100
302 42
327 11
277 85
303 42
301 92
328 40
278 36
304 75
302 39
329 41
279 45
305 23
303 86
330 49
280 37
306 21
304 14
331 14
281 26
307 56
305 42
332 14
282 61
308 31
306 70
333 22
283 11
309 73
307 57
334 39
284 15
310 44
308 65
335 90
285 31
311 46
309 76
336 22
286 91
312 19
310 42
337 10
287 52
313 98
311 29
338 21
288 40
314 40
312 37
339 94
289 21
315 74
313 37
340 45
290 95
316 69
314 83
341 48
291 13
317 75
315 64
342 81
292 34
318 84
316 35
343 87
293 95
319 59
317 99
344 10
294 72
320 35
318 69
345 34
295 73
321 89
319 39
346 68
296 71
322 85
320 71
347 60
297 73
323 18
321 40
348 69
298 28
324 58
322 57
349 23
299 30
325 92
323 43
350 47
300 85
324 25
351 79
301 23
327 51
352 66
302 19
328 18
326 76
353 98
303 91
329 76
327 72
354 32
304 80
330 11
328 20
355 48
305 17
331 95
329 53
356 37
306 44
332 25
330 69
357 10
307 13
333 37
331 10
358 43
308 51
334 99
332 69
359 10
309 73
335 14
333 56
360 29
310 25
336 11
334 26
361 59
311 40
337 39
335 55
362 29
312 13
338 90
336 37
363 66
313 53
339 38
337 73
364 86
314 99
340 65
338 26
365 25
315 83
341 96
339 53
366 38
316 92
342 73
340 74
367 73
317 35
343 33
341 16
368 92
318 62
344 50
342 100
369 44
319 94
345 84
343 94
370 42
320 50
346 43
344 89
371 87
321 55
347 70
345 33
372 73
322 20
348 36
346 63
373 40
323 56
349 96
347 82
374 67
324 70
350 52
348 82
375 60
325 36
349 22
376 11
326 51
352 97
377 61
327 60
353 38
351 98
378 80
328 99
354 91
352 47
379 22
329 97
355 38
353 20
380 76
330 17
356 62
354 45
381 14
331 51
357 58
355 17
382 42
332 29
358 97
356 34
383 40
333 15
359 62
357 99
384 17
334 99
360 65
358 54
385 19
335 16
361 21
359 55
386 81
336 61
362 100
360 92
387 70
337 63
363 66
361 75
388 52
338 42
364 92
362 56
389 30
339 99
365 33
363 72
390 81
340 32
366 66
364 70
391 11
341 17
367 69
365 51
392 70
342 30
368 69
366 64
393 93
343 16
369 97
367 28
394 83
344 12
370 27
368 12
395 47
345 69
371 17
369 29
396 20
346 93
372 47
370 32
397 38
347 40
373 43
371 33
398 74
348 66
374 23
372 92
399 44
349 16
375 66
373 40
400 78
350 71
374 74
401 29
351 27
377 78
402 41
352 72
378 21
376 19
403 35
353 61
379 10
377 34
404 47
354 64
380 71
378 68
405 12
355 85
381 72
379 84
406 68
356 71
382 52
380 59
407 47
357 28
383 100
381 52
408 57
358 79
384 13
382 97
409 82
359 22
385 97
383 23
410 34
360 69
386 80
384 95
411 38
361 19
387 88
385 95
412 12
362 32
388 36
386 15
413 31
363 36
389 95
387 44
414 26
364 48
390 30
388 19
415 12
365 99
391 29
389 41
416 65
366 78
392 32
390 56
417 55
367 40
393 53
391 33
418 64
368 37
394 26
392 13
419 55
369 50
395 97
393 46
420 69
370 90
396 47
394 48
421 70
371 20
397 80
395 77
422 66
372 47
398 76
396 11
423 39
373 11
399 91
397 15
424 34
374 20
400 73
398 79
425 80
375 71
399 44
426 31
376 37
402 70
427 40
377 11
403 99
401 11
428 26
378 15
404 58
402 89
429 43
379 13
405 27
403 58
430 88
380 17
406 18
404 26
431 32
381 96
407 94
405 84
432 55
382 90
408 21
406 52
433 10
383 39
409 31
407 24
434 98
384 78
410 77
408 83
435 23
385 81
411 60
409 38
436 18
386 67
412 16
410 59
437 95
387 23
413 40
411 61
438 53
388 56
414 57
412 71
439 34
389 93
415 55
413 94
440 70
390 49
416 50
414 32
441 95
391 18
417 86
415 57
442 10
392 73
418 99
416 44
443 32
393 19
419 35
417 40
444 36
394 93
420 28
418 44
445 11
395 25
421 94
419 87
446 12
396 57
422 83
420 40
447 48
397 88
423 80
421 74
448 100
398 67
424 21
422 59
449 48
399 79
425 26
423 61
450 34
400 88
424 75
451 10
401 28
427 39
452 44
402 33
428 72
426 65
453 59
403 78
429 50
427 90
454 74
404 36
430 22
428 94
455 71
405 16
431 42
429 33
456 47
406 90
432 19
430 18
457 92
407 11
433 96
431 47
458 21
408 13
434 51
432 53
459 68
409 34
435 46
433 90
460 15
410 22
436 49
434 35
461 79
411 14
437 30
435 62
462 69
412 27
438 74
436 85
463 50
413 73
439 72
437 93
464 83
414 70
440 91
438 82
465 13
415 52
441 26
439 78
466 60
416 37
442 53
440 74
467 20
417 32
443 32
441 68
468 58
418 47
444 42
442 45
469 40
419 91
445 22
443 86
470 34
420 39
446 76
444 85
471 16
421 45
447 51
445 32
472 12
422 13
448 12
446 38
473 94
423 17
449 37
447 31
474 76
424 12
450 45
448 66
475 46
425 74
449 23
476 51
426 78
452 70
477 92
427 40
453 61
451 52
478 61
428 12
454 35
452 98
479 96
429 89
455 98
453 64
480 99
430 26
456 17
454 52
481 24
431 33
457 24
455 57
482 64
432 11
458 94
456 45
483 16
433 10
459 12
457 77
484 76
434 75
460 57
458 80
485 29
435 41
461 96
459 81
486 40
436 81
462 83
460 33
487 29
437 41
463 64
461 64
488 29
438 59
464 49
462 92
489 46
439 46
465 65
463 78
490 77
440 45
466 88
464 39
491 87
441 33
467 64
465 62
492 85
442 41
468 60
466 78
493 29
443 54
469 61
467 54
494 48
444 28
470 84
468 96
495 63
445 42
471 54
469 100
496 62
446 37
472 90
470 13
497 65
447 17
473 11
471 52
498 16
448 33
474 66
472 70
499 57
449 15
475 23
473 13
500 44
450 86
474 71
501 41
451 36
477 76
502 48
452 47
478 54
476 67
503 99
453 22
479 71
477 11
504 79
454 28
480 45
478 72
505 83
455 95
481 20
479 60
506 44
456 80
482 78
480 79
507 95
457 13
483 67
481 91
508 25
458 17
484 89
482 62
509 92
459 90
485 14
483 22
510 28
460 85
486 69
484 31
511 19
461 74
487 21
485 62
512 46
462 44
488 79
486 100
513 29
463 53
489 14
487 16
514 52
464 82
490 56
488 32
515 86
465 97
491 68
489 49
516 19
466 74
492 30
490 59
517 74
467 40
493 34
491 80
518 85
468 82
494 83
492 96
519 23
469 13
495 89
493 100
520 17
470 21
496 49
494 12
521 81
471 48
497 94
495 41
522 65
472 70
498 37
496 64
523 65
473 58
499 88
497 44
524 43
474 49
500 61
498 13
525 95
475 44
499 32
526 82
476 98
502 81
527 53
477 71
503 63
501 60
528 68
478 33
504 11
502 43
529 39
479 11
505 12
503 99
530 79
480 82
506 17
504 66
531 99
481 96
507 10
505 53
532 65
482 27
508 63
506 59
533 27
483 65
509 22
507 36
534 34
484 59
510 91
508 60
535 42
485 30
511 49
509 99
536 49
486 89
512 74
510 95
537 59
487 48
513 27
511 82
538 37
488 41
514 94
512 81
539 97
489 53
515 33
513 81
540 97
490 91
516 16
514 12
541 11
491 30
517 78
515 94
542 18
492 89
518 73
516 50
543 33
493 93
519 67
517 74
544 15
494 11
520 41
518 10
545 80
495 42
521 34
519 77
546 53
496 17
522 85
520 64
547 41
497 83
523 85
521 61
548 98
498 21
524 34
522 91
549 55
499 13
525 57
523 12
550 15
500 33
524 29
551 23
501 55
527 32
552 24
502 74
528 77
526 86
553 89
503 50
529 46
527 16
554 33
504 81
530 78
528 65
555 40
505 45
531 18
529 83
556 50
506 99
532 90
530 58
557 56
507 84
533 40
531 22
558 100
508 23
534 20
532 81
559 36
509 48
535 13
533 47
560 13
510 97
536 74
534 62
561 35
511 37
537 67
535 76
562 35
512 77
538 68
536 51
563 13
513 37
539 95
537 67
564 37
514 18
540 98
538 80
565 92
515 21
541 68
539 30
566 46
516 17
542 66
540 67
567 34
517 22
543 69
541 95
568 55
518 25
544 47
542 100
569 89
519 35
545 18
543 84
570 47
520 94
546 78
544 79
571 67
521 78
547 90
545 63
572 66
522 67
548 40
546 20
573 47
523 70
549 54
547 97
574 42
524 75
550 59
548 35
575 82
525 35
549 63
576 98
526 90
552 99
577 19
527 65
553 32
551 64
578 45
528 66
554 97
552 78
579 76
529 94
555 71
553 30
580 50
530 29
556 82
554 68
581 32
531 33
557 11
555 40
582 78
532 51
558 97
556 36
583 93
533 95
559 88
557 88
584 16
534 19
560 75
558 35
585 45
535 94
561 51
559 71
586 28
536 49
562 56
560 82
587 97
537 77
563 37
561 54
588 82
538 93
564 17
562 70
589 88
539 47
565 34
563 23
590 74
540 16
566 48
564 17
591 15
541 14
567 23
565 38
592 44
542 81
568 24
566 53
593 86
543 64
569 26
567 60
594 65
544 56
570 39
568 92
595 99
545 83
571 71
569 14
596 48
546 42
572 11
570 50
597 60
547 80
573 13
571 97
598 72
548 49
574 87
572 22
599 24
549 65
575 77
573 78
600 37
550 82
574 27
601 45
551 78
577 37
602 38
552 37
578 50
576 94
603 60
553 23
579 83
577 46
604 65
554 57
580 74
578 89
605 90
555 94
581 89
579 94
606 97
556 81
582 43
580 83
607 34
557 62
583 68
581 51
608 18
558 26
584 23
582 42
609 59
559 94
585 98
583 33
610 17
560 80
586 34
584 39
611 47
561 16
587 84
585 80
612 99
562 81
588 20
586 85
613 97
563 18
589 67
587 90
614 70
564 82
590 18
588 26
615 30
565 19
591 60
589 80
616 37
566 25
592 32
590 66
617 14
567 69
593 28
591 98
618 87
568 98
594 38
592 68
619 50
569 43
595 17
593 71
620 93
570 37
596 37
594 77
621 20
571 47
597 49
595 21
622 92
572 25
598 13
596 50
623 10
573 57
599 65
597 93
624 17
574 91
600 88
598 70
625 71
575 32
599 97
576 74
602 79
577 70
603 65
601 59
578 82
604 27
602 24
579 78
605 53
603 26
580 79
606 20
604 95
581 76
607 24
605 20
582 86
608 13
606 97
583 93
609 14
607 64
584 52
610 95
608 69
585 78
611 59
609 46
586 99
612 99
610 69
587 22
613 67
611 79
588 76
614 50
612 39
589 75
615 64
613 27
590 91
616 49
614 84
591 52
617 64
615 26
592 97
618 64
616 79
593 98
619 99
617 50
594 26
620 87
618 31
595 40
621 34
619 35
596 41
622 68
620 72
597 37
623 42
621 58
598 19
624 43
622 48
599 74
625 27
623 62
600 97
624 93
198
625
1 198 
1 518 
1 79 
1 609 
2 608 408 
2 278 216 
2 394 187 
3 368 592 506 
2 104 50 
2 154 263 
2 100 579 
3 139 91 258 
2 68 264 
1 328 
3 415 185 182 
1 125 
2 438 251 
1 113 
1 107 
1 513 
1 172 
1 487 
1 359 
3 286 454 441 
6 81 292 531 390 241 149 
2 440 176 
1 330 
2 621 72 
2 560 10 
3 5 272 446 
1 597 
1 432 
1 304 
1 481 
1 524 
2 74 566 
2 527 564 
1 499 
1 61 
1 129 
2 260 158 
1 551 
2 511 247 
2 207 164 
2 3 192 
1 340 
2 327 171 
3 541 520 467 
2 200 234 
3 77 587 376 
3 582 465 235 
2 66 617 
1 244 
2 404 273 
1 296 
1 584 
1 105 
1 163 
1 283 
1 612 
3 601 384 236 
1 59 
2 366 588 
3 471 30 57 
1 534 
1 224 
2 526 553 
2 357 502 
3 261 128 237 
2 238 51 
2 86 281 
4 147 215 115 576 
3 623 329 55 
4 63 345 409 8 
1 24 
3 427 573 444 
1 189 
1 312 
1 295 
1 204 
2 221 179 
1 318 
1 126 
3 388 231 344 
1 507 
2 20 161 
2 510 603 
1 165 
2 174 449 
2 288 532 
2 552 372 
1 369 
1 106 
2 494 364 
2 254 411 
3 605 596 403 
4 27 342 503 521 
1 294 
3 90 282 195 
4 124 509 529 26 
1 571 
1 590 
1 600 
1 585 
2 250 319 
4 311 271 95 103 
3 622 314 32 
1 537 
3 485 21 194 
3 211 389 383 
2 73 255 
3 183 80 358 
2 381 150 
1 339 
2 611 451 
3 396 202 371 
1 157 
1 625 
