196 728 10 100 37
2
3
3
3
3
3
3
3
3
3
3
3
3
2
3
4
4
4
4
4
4
4
4
4
4
4
4
3
3
4
4
4
4
4
4
4
4
4
4
4
4
3
3
4
4
4
4
4
4
4
4
4
4
4
4
3
3
4
4
4
4
4
4
4
4
4
4
4
4
3
3
4
4
4
4
4
4
4
4
4
4
4
4
3
3
4
4
4
4
4
4
4
4
4
4
4
4
3
3
4
4
4
4
4
4
4
4
4
4
4
4
3
3
4
4
4
4
4
4
4
4
4
4
4
4
3
3
4
4
4
4
4
4
4
4
4
4
4
4
3
3
4
4
4
4
4
4
4
4
4
4
4
4
3
3
4
4
4
4
4
4
4
4
4
4
4
4
3
3
4
4
4
4
4
4
4
4
4
4
4
4
3
2
3
3
3
3
3
3
3
3
3
3
3
3
2
15 92
2 29
16 36
3 94
1 35
17 42
4 23
2 65
18 63
5 99
3 84
19 95
6 17
4 46
20 74
7 26
5 87
21 16
8 18
6 90
22 76
9 66
7 54
23 91
10 67
8 24
24 38
11 86
9 37
25 94
12 78
10 72
26 92
13 20
11 44
27 83
14 49
12 71
28 99
13 25
29 32
1 13
16 53
30 78
2 62
17 57
15 45
31 90
3 21
18 43
16 56
32 77
4 26
19 75
17 38
33 58
5 61
20 68
18 41
34 39
6 42
21 61
19 72
35 67
7 100
22 53
20 74
36 38
8 57
23 66
21 73
37 30
9 44
24 52
22 85
38 95
10 80
25 50
23 15
39 69
11 19
26 46
24 83
40 57
12 52
27 33
25 36
41 38
13 48
28 62
26 87
42 39
14 45
27 95
43 33
15 64
30 95
44 41
16 56
31 41
29 74
45 61
17 74
32 71
30 57
46 38
18 12
33 33
31 72
47 32
19 32
34 10
32 83
48 67
20 54
35 41
33 90
49 30
21 40
36 59
34 74
50 66
22 55
37 64
35 56
51 75
23 88
38 60
36 22
52 22
24 69
39 67
37 62
53 70
25 59
40 60
38 55
54 14
26 81
41 49
39 99
55 98
27 87
42 98
40 50
56 12
28 21
41 30
57 40
29 92
44 84
58 42
30 43
45 92
43 97
59 91
31 35
46 43
44 33
60 13
32 65
47 91
45 92
61 36
33 13
48 55
46 84
62 17
34 33
49 40
47 94
63 34
35 16
50 11
48 89
64 33
36 87
51 21
49 79
65 20
37 40
52 95
50 71
66 37
38 54
53 54
51 47
67 36
39 54
54 51
52 49
68 96
40 86
55 92
53 24
69 55
41 93
56 71
54 44
70 15
42 60
55 43
71 59
43 66
58 56
72 56
44 66
59 36
57 47
73 55
45 15
60 71
58 46
74 92
46 27
61 19
59 43
75 79
47 70
62 54
60 14
76 94
48 19
63 82
61 52
77 99
49 70
64 23
62 78
78 36
50 59
65 40
63 86
79 13
51 68
66 19
64 31
80 50
52 88
67 25
65 17
81 14
53 59
68 32
66 42
82 50
54 63
69 61
67 10
83 88
55 72
70 88
68 77
84 91
56 10
69 37
85 86
57 78
72 17
86 75
58 93
73 93
71 15
87 14
59 80
74 79
72 59
88 90
60 34
75 54
73 51
89 49
61 28
76 72
74 18
90 64
62 96
77 78
75 49
91 78
63 51
78 79
76 47
92 11
64 100
79 32
77 85
93 22
65 27
80 55
78 84
94 13
66 16
81 36
79 63
95 52
67 18
82 28
80 75
96 65
68 36
83 34
81 34
97 47
69 54
84 62
82 30
98 40
70 51
83 45
99 11
71 85
86 74
100 92
72 90
87 82
85 35
101 28
73 90
88 41
86 42
102 25
74 32
89 51
87 79
103 68
75 89
90 83
88 78
104 28
76 61
91 64
89 44
105 14
77 21
92 14
90 96
106 87
78 93
93 85
91 70
107 38
79 42
94 21
92 79
108 55
80 53
95 92
93 94
109 62
81 57
96 53
94 74
110 100
82 94
97 41
95 94
111 51
83 32
98 80
96 24
112 45
84 42
97 81
113 29
85 12
100 31
114 21
86 91
101 91
99 26
115 42
87 30
102 18
100 46
116 84
88 72
103 23
101 57
117 65
89 27
104 90
102 10
118 68
90 93
105 14
103 70
119 51
91 50
106 43
104 46
120 94
92 98
107 14
105 90
121 23
93 43
108 86
106 35
122 32
94 68
109 22
107 54
123 93
95 73
110 25
108 10
124 32
96 66
111 56
109 56
125 72
97 83
112 28
110 65
126 15
98 17
111 17
127 36
99 55
114 84
128 52
100 81
115 44
113 27
129 91
101 27
116 10
114 100
130 38
102 98
117 47
115 32
131 85
103 38
118 72
116 61
132 64
104 30
119 18
117 23
133 89
105 79
120 20
118 66
134 60
106 75
121 14
119 67
135 45
107 50
122 55
120 17
136 88
108 43
123 76
121 38
137 34
109 84
124 78
122 61
138 95
110 36
125 93
123 27
139 29
111 97
126 73
124 11
140 47
112 11
125 53
141 31
113 81
128 96
142 39
114 80
129 17
127 24
143 89
115 86
130 46
128 96
144 32
116 43
131 66
129 25
145 77
117 24
132 95
130 58
146 21
118 90
133 83
131 22
147 65
119 82
134 18
132 54
148 82
120 11
135 44
133 44
149 19
121 85
136 19
134 85
150 11
122 94
137 22
135 81
151 56
123 14
138 66
136 97
152 75
124 22
139 65
137 26
153 11
125 52
140 26
138 39
154 67
126 29
139 72
155 66
127 21
142 72
156 45
128 24
143 46
141 10
157 30
129 18
144 28
142 77
158 52
130 63
145 66
143 63
159 50
131 20
146 48
144 43
160 11
132 81
147 54
145 25
161 54
133 16
148 14
146 66
162 27
134 93
149 46
147 72
163 11
135 55
150 29
148 74
164 29
136 65
151 40
149 65
165 94
137 16
152 61
150 87
166 41
138 36
153 61
151 28
167 78
139 88
154 88
152 44
168 57
140 71
153 98
169 57
141 18
156 40
170 38
142 62
157 76
155 43
171 27
143 57
158 50
156 28
172 90
144 41
159 63
157 14
173 69
145 85
160 97
158 76
174 72
146 30
161 12
159 28
175 12
147 33
162 33
160 84
176 65
148 29
163 67
161 71
177 36
149 97
164 60
162 84
178 11
150 68
165 30
163 99
179 74
151 90
166 64
164 23
180 92
152 95
167 84
165 83
181 35
153 54
168 46
166 76
182 48
154 82
167 43
183 96
155 10
170 36
184 64
156 76
171 50
169 45
185 75
157 33
172 70
170 27
186 80
158 39
173 47
171 19
187 98
159 27
174 24
172 87
188 73
160 49
175 56
173 48
189 33
161 96
176 96
174 86
190 37
162 74
177 35
175 99
191 77
163 76
178 84
176 93
192 81
164 87
179 12
177 38
193 98
165 65
180 70
178 96
194 35
166 91
181 35
179 77
195 83
167 72
182 45
180 39
196 61
168 33
181 75
169 53
184 87
170 51
185 83
183 90
171 54
186 64
184 36
172 14
187 33
185 47
173 64
188 10
186 16
174 56
189 18
187 89
175 71
190 49
188 90
176 27
191 27
189 66
177 96
192 80
190 10
178 13
193 27
191 56
179 43
194 22
192 42
180 19
195 43
193 69
181 10
196 86
194 59
182 70
195 43
14
173
1 14 
1 42 
4 75 83 183 146 
2 131 132 
2 125 103 
2 172 94 
1 155 
1 47 
2 143 52 
1 176 
1 144 
1 175 
2 101 104 
1 149 
3 189 193 141 
1 25 
1 10 
3 5 140 168 
2 35 151 
2 138 127 
1 133 
3 59 13 96 
2 70 43 
2 165 124 
1 88 
2 130 33 
3 71 99 190 
3 56 68 20 
2 147 113 
1 163 
1 194 
1 134 
3 119 80 15 
2 66 142 
1 158 
2 120 21 
4 148 174 54 173 
