100 342 10 100 19
2
3
3
2
3
4
4
3
3
4
4
3
3
4
4
3
3
4
4
3
3
4
4
3
3
4
4
3
3
4
4
3
3
4
4
3
3
4
4
3
3
4
4
3
3
4
4
3
3
4
4
3
3
4
4
3
3
4
4
3
3
4
4
3
3
4
4
3
3
4
4
3
3
4
4
3
3
4
4
3
3
4
4
3
3
4
4
3
3
4
4
3
3
4
4
3
2
3
3
2
5 76
2 29
6 71
3 39
1 85
7 27
4 58
2 100
8 21
3 76
9 62
1 30
6 32
10 13
2 66
7 48
5 76
11 97
3 44
8 58
6 18
12 61
4 88
7 92
13 19
5 13
10 57
14 67
6 67
11 15
9 48
15 43
7 31
12 78
10 51
16 65
8 76
11 56
17 85
9 81
14 27
18 38
10 77
15 12
13 54
19 54
11 71
16 11
14 94
20 29
12 38
15 83
21 16
13 62
18 35
22 54
14 62
19 97
17 45
23 49
15 51
20 79
18 14
24 92
16 10
19 50
25 65
17 40
22 96
26 34
18 29
23 82
21 91
27 80
19 15
24 56
22 66
28 77
20 32
23 60
29 73
21 39
26 68
30 77
22 52
27 31
25 22
31 84
23 43
28 36
26 61
32 54
24 42
27 42
33 74
25 78
30 99
34 65
26 98
31 12
29 46
35 96
27 35
32 51
30 80
36 90
28 48
31 26
37 89
29 98
34 66
38 38
30 44
35 35
33 68
39 20
31 69
36 42
34 86
40 13
32 96
35 21
41 60
33 90
38 14
42 78
34 30
39 83
37 11
43 78
35 22
40 83
38 93
44 22
36 83
39 50
45 37
37 86
42 49
46 44
38 56
43 35
41 56
47 20
39 99
44 27
42 39
48 91
40 96
43 87
49 94
41 14
46 81
50 48
42 31
47 22
45 63
51 61
43 89
48 23
46 61
52 71
44 100
47 89
53 16
45 16
50 13
54 46
46 46
51 77
49 69
55 20
47 93
52 44
50 99
56 11
48 28
51 62
57 32
49 58
54 44
58 13
50 52
55 33
53 79
59 75
51 83
56 82
54 68
60 84
52 64
55 55
61 96
53 52
58 41
62 86
54 73
59 44
57 83
63 46
55 34
60 38
58 56
64 65
56 44
59 88
65 27
57 95
62 38
66 62
58 63
63 64
61 13
67 18
59 21
64 92
62 58
68 27
60 70
63 33
69 77
61 28
66 66
70 83
62 96
67 76
65 24
71 77
63 43
68 47
66 44
72 51
64 80
67 10
73 11
65 53
70 49
74 97
66 56
71 69
69 26
75 84
67 94
72 97
70 86
76 33
68 19
71 36
77 34
69 20
74 19
78 97
70 99
75 92
73 85
79 14
71 37
76 51
74 33
80 49
72 70
75 56
81 67
73 96
78 70
82 78
74 97
79 52
77 54
83 76
75 22
80 67
78 63
84 75
76 23
79 78
85 100
77 17
82 61
86 32
78 36
83 32
81 55
87 41
79 48
84 98
82 59
88 57
80 91
83 25
89 57
81 62
86 90
90 20
82 34
87 77
85 30
91 52
83 25
88 12
86 89
92 65
84 53
87 70
93 71
85 16
90 98
94 83
86 51
91 26
89 95
95 11
87 44
92 99
90 94
96 35
88 33
91 17
97 21
89 82
94 58
98 94
90 95
95 72
93 33
99 85
91 96
96 80
94 28
100 96
92 83
95 85
93 82
98 82
94 86
99 40
97 87
95 77
100 18
98 86
96 60
99 92
9
72
1 9 
1 43 
2 13 56 
3 31 100 76 
2 44 23 
1 68 
1 60 
1 52 
2 94 96 
2 69 64 
2 88 58 
2 73 40 
1 74 
2 80 33 
4 97 83 51 22 
4 81 50 35 21 
1 24 
2 99 5 
1 72 
