400 1520 10 100 76
2
3
3
3
3
3
3
3
3
3
3
3
3
3
3
3
3
3
3
2
3
4
4
4
4
4
4
4
4
4
4
4
4
4
4
4
4
4
4
3
3
4
4
4
4
4
4
4
4
4
4
4
4
4
4
4
4
4
4
3
3
4
4
4
4
4
4
4
4
4
4
4
4
4
4
4
4
4
4
3
3
4
4
4
4
4
4
4
4
4
4
4
4
4
4
4
4
4
4
3
3
4
4
4
4
4
4
4
4
4
4
4
4
4
4
4
4
4
4
3
3
4
4
4
4
4
4
4
4
4
4
4
4
4
4
4
4
4
4
3
3
4
4
4
4
4
4
4
4
4
4
4
4
4
4
4
4
4
4
3
3
4
4
4
4
4
4
4
4
4
4
4
4
4
4
4
4
4
4
3
3
4
4
4
4
4
4
4
4
4
4
4
4
4
4
4
4
4
4
3
3
4
4
4
4
4
4
4
4
4
4
4
4
4
4
4
4
4
4
3
3
4
4
4
4
4
4
4
4
4
4
4
4
4
4
4
4
4
4
3
3
4
4
4
4
4
4
4
4
4
4
4
4
4
4
4
4
4
4
3
3
4
4
4
4
4
4
4
4
4
4
4
4
4
4
4
4
4
4
3
3
4
4
4
4
4
4
4
4
4
4
4
4
4
4
4
4
4
4
3
3
4
4
4
4
4
4
4
4
4
4
4
4
4
4
4
4
4
4
3
3
4
4
4
4
4
4
4
4
4
4
4
4
4
4
4
4
4
4
3
3
4
4
4
4
4
4
4
4
4
4
4
4
4
4
4
4
4
4
3
3
4
4
4
4
4
4
4
4
4
4
4
4
4
4
4
4
4
4
3
2
3
3
3
3
3
3
3
3
3
3
3
3
3
3
3
3
3
3
2
21 49
2 29
22 96
3 80
1 57
23 73
4 28
2 47
24 38
5 80
3 59
25 54
6 67
4 95
26 63
7 73
5 77
27 65
8 29
6 75
28 56
9 57
7 16
29 25
10 13
8 24
30 63
11 42
9 49
31 85
12 87
10 84
32 92
13 21
11 15
33 38
14 84
12 55
34 27
15 13
13 21
35 12
16 64
14 56
36 35
17 87
15 49
37 22
18 26
16 34
38 24
19 23
17 23
39 80
20 39
18 34
40 49
19 61
41 35
1 22
22 39
42 34
2 97
23 85
21 92
43 48
3 78
24 78
22 58
44 29
4 41
25 57
23 88
45 14
5 65
26 22
24 13
46 96
6 55
27 91
25 40
47 87
7 46
28 65
26 35
48 99
8 50
29 99
27 15
49 90
9 17
30 51
28 44
50 26
10 83
31 95
29 41
51 13
11 81
32 75
30 95
52 60
12 21
33 45
31 86
53 12
13 41
34 21
32 52
54 91
14 86
35 39
33 22
55 34
15 51
36 21
34 93
56 93
16 47
37 70
35 72
57 84
17 97
38 23
36 85
58 92
18 44
39 34
37 12
59 55
19 53
40 50
38 57
60 83
20 36
39 40
61 30
21 54
42 98
62 14
22 47
43 79
41 16
63 76
23 89
44 99
42 15
64 83
24 90
45 67
43 45
65 54
25 97
46 69
44 66
66 74
26 42
47 11
45 57
67 14
27 19
48 39
46 33
68 25
28 29
49 99
47 99
69 93
29 52
50 18
48 98
70 18
30 10
51 100
49 46
71 81
31 48
52 55
50 82
72 18
32 88
53 13
51 77
73 88
33 26
54 13
52 30
74 79
34 99
55 61
53 40
75 28
35 15
56 21
54 46
76 23
36 27
57 95
55 21
77 86
37 35
58 79
56 97
78 100
38 71
59 41
57 87
79 73
39 80
60 93
58 80
80 63
40 88
59 65
81 65
41 12
62 48
82 46
42 64
63 88
61 15
83 32
43 65
64 54
62 51
84 87
44 96
65 69
63 50
85 15
45 22
66 29
64 78
86 66
46 41
67 73
65 46
87 23
47 89
68 56
66 16
88 22
48 44
69 95
67 85
89 33
49 41
70 24
68 73
90 56
50 75
71 52
69 22
91 20
51 70
72 39
70 21
92 65
52 45
73 99
71 14
93 41
53 82
74 70
72 64
94 81
54 83
75 81
73 83
95 82
55 57
76 29
74 69
96 37
56 29
77 98
75 42
97 83
57 30
78 93
76 79
98 53
58 18
79 62
77 27
99 20
59 75
80 18
78 11
100 10
60 51
79 65
101 58
61 27
82 47
102 72
62 61
83 10
81 66
103 59
63 52
84 88
82 18
104 28
64 63
85 43
83 41
105 39
65 57
86 61
84 10
106 74
66 26
87 16
85 88
107 14
67 54
88 36
86 28
108 26
68 55
89 86
87 74
109 58
69 70
90 23
88 42
110 97
70 39
91 15
89 67
111 57
71 72
92 73
90 84
112 41
72 32
93 20
91 72
113 66
73 82
94 81
92 93
114 15
74 81
95 69
93 30
115 97
75 55
96 75
94 91
116 22
76 44
97 99
95 53
117 22
77 65
98 98
96 11
118 16
78 71
99 68
97 15
119 79
79 88
100 46
98 98
120 34
80 96
99 68
121 62
81 14
102 91
122 90
82 47
103 33
101 33
123 89
83 91
104 29
102 36
124 56
84 27
105 30
103 77
125 82
85 65
106 38
104 13
126 16
86 89
107 87
105 56
127 71
87 87
108 96
106 96
128 33
88 82
109 98
107 77
129 19
89 16
110 40
108 57
130 66
90 62
111 62
109 85
131 87
91 97
112 26
110 31
132 51
92 12
113 54
111 91
133 22
93 50
114 26
112 68
134 90
94 43
115 37
113 76
135 71
95 20
116 73
114 24
136 84
96 80
117 26
115 96
137 65
97 99
118 94
116 60
138 91
98 86
119 66
117 27
139 16
99 39
120 17
118 66
140 54
100 38
119 24
141 21
101 63
122 23
142 54
102 58
123 68
121 80
143 99
103 17
124 95
122 23
144 32
104 25
125 65
123 86
145 75
105 21
126 77
124 99
146 15
106 74
127 80
125 58
147 78
107 24
128 65
126 93
148 20
108 85
129 91
127 10
149 18
109 20
130 11
128 87
150 20
110 63
131 17
129 17
151 100
111 38
132 19
130 100
152 37
112 24
133 20
131 37
153 81
113 66
134 35
132 82
154 48
114 14
135 14
133 39
155 30
115 40
136 29
134 36
156 53
116 73
137 71
135 91
157 64
117 43
138 76
136 92
158 78
118 60
139 10
137 18
159 65
119 74
140 27
138 21
160 78
120 69
139 36
161 66
121 89
142 33
162 44
122 15
143 82
141 100
163 15
123 75
144 71
142 80
164 29
124 51
145 71
143 76
165 57
125 93
146 25
144 33
166 12
126 59
147 48
145 58
167 41
127 90
148 57
146 95
168 77
128 24
149 88
147 69
169 50
129 23
150 84
148 46
170 86
130 39
151 11
149 18
171 95
131 76
152 69
150 92
172 64
132 29
153 96
151 22
173 84
133 78
154 58
152 29
174 35
134 52
155 44
153 76
175 24
135 60
156 94
154 18
176 93
136 78
157 79
155 94
177 17
137 82
158 18
156 65
178 55
138 51
159 52
157 27
179 67
139 70
160 95
158 65
180 22
140 50
159 78
181 77
141 64
162 27
182 75
142 75
163 51
161 38
183 12
143 70
164 75
162 30
184 53
144 71
165 43
163 75
185 41
145 95
166 74
164 38
186 69
146 86
167 14
165 45
187 84
147 63
168 18
166 22
188 48
148 35
169 70
167 87
189 83
149 50
170 99
168 52
190 75
150 44
171 16
169 90
191 13
151 97
172 33
170 29
192 42
152 27
173 61
171 98
193 99
153 98
174 67
172 93
194 93
154 75
175 48
173 67
195 79
155 33
176 41
174 32
196 32
156 54
177 43
175 41
197 27
157 80
178 22
176 93
198 61
158 44
179 22
177 14
199 64
159 36
180 30
178 28
200 30
160 35
179 81
201 96
161 28
182 41
202 76
162 60
183 56
181 82
203 10
163 25
184 86
182 21
204 23
164 39
185 61
183 87
205 81
165 19
186 30
184 75
206 81
166 83
187 12
185 88
207 90
167 56
188 59
186 37
208 60
168 24
189 63
187 15
209 50
169 89
190 41
188 28
210 10
170 48
191 52
189 59
211 13
171 75
192 55
190 82
212 40
172 44
193 27
191 36
213 71
173 88
194 84
192 68
214 60
174 57
195 59
193 16
215 44
175 67
196 45
194 53
216 12
176 73
197 86
195 94
217 30
177 30
198 49
196 95
218 62
178 13
199 19
197 44
219 73
179 38
200 67
198 48
220 84
180 99
199 37
221 67
181 38
202 78
222 52
182 99
203 15
201 28
223 71
183 89
204 86
202 63
224 34
184 84
205 40
203 26
225 19
185 15
206 63
204 85
226 74
186 19
207 36
205 81
227 60
187 42
208 70
206 17
228 95
188 93
209 73
207 74
229 31
189 25
210 12
208 39
230 32
190 100
211 43
209 97
231 34
191 76
212 18
210 73
232 27
192 29
213 58
211 91
233 53
193 14
214 82
212 59
234 14
194 49
215 26
213 19
235 81
195 17
216 90
214 85
236 100
196 16
217 18
215 22
237 100
197 37
218 56
216 47
238 81
198 53
219 34
217 76
239 86
199 45
220 56
218 76
240 56
200 58
219 62
241 60
201 64
222 67
242 48
202 70
223 20
221 25
243 22
203 30
224 20
222 12
244 43
204 80
225 23
223 28
245 80
205 15
226 26
224 85
246 17
206 32
227 17
225 80
247 57
207 35
228 29
226 88
248 20
208 16
229 28
227 91
249 43
209 38
230 86
228 86
250 85
210 52
231 34
229 89
251 54
211 14
232 60
230 85
252 65
212 47
233 51
231 83
253 84
213 29
234 64
232 14
254 25
214 59
235 62
233 97
255 23
215 17
236 62
234 100
256 90
216 57
237 37
235 78
257 93
217 37
238 72
236 15
258 34
218 92
239 36
237 78
259 94
219 97
240 19
238 35
260 22
220 70
239 50
261 64
221 62
242 87
262 87
222 53
243 42
241 16
263 11
223 80
244 18
242 38
264 21
224 74
245 47
243 94
265 99
225 98
246 94
244 53
266 33
226 15
247 81
245 39
267 56
227 70
248 35
246 25
268 10
228 23
249 90
247 19
269 96
229 98
250 65
248 91
270 43
230 95
251 32
249 71
271 38
231 91
252 96
250 41
272 43
232 11
253 91
251 49
273 55
233 15
254 65
252 21
274 85
234 55
255 46
253 39
275 40
235 19
256 25
254 68
276 79
236 97
257 83
255 36
277 76
237 61
258 18
256 28
278 83
238 55
259 81
257 58
279 85
239 99
260 51
258 77
280 66
240 11
259 81
281 45
241 41
262 38
282 35
242 84
263 97
261 72
283 93
243 81
264 11
262 88
284 18
244 50
265 41
263 45
285 67
245 62
266 75
264 83
286 51
246 61
267 95
265 49
287 81
247 50
268 43
266 69
288 25
248 50
269 88
267 64
289 99
249 83
270 10
268 22
290 99
250 27
271 70
269 44
291 25
251 60
272 22
270 49
292 26
252 77
273 86
271 88
293 20
253 31
274 51
272 46
294 51
254 55
275 68
273 85
295 63
255 23
276 24
274 26
296 100
256 47
277 100
275 63
297 10
257 61
278 61
276 21
298 39
258 32
279 100
277 57
299 54
259 100
280 84
278 90
300 86
260 66
279 34
301 64
261 33
282 41
302 78
262 19
283 38
281 10
303 42
263 41
284 46
282 30
304 24
264 98
285 21
283 39
305 47
265 83
286 50
284 47
306 85
266 50
287 56
285 99
307 35
267 51
288 33
286 27
308 25
268 98
289 99
287 11
309 70
269 10
290 22
288 81
310 88
270 13
291 75
289 33
311 42
271 59
292 27
290 59
312 28
272 15
293 36
291 64
313 73
273 92
294 67
292 80
314 72
274 58
295 29
293 59
315 86
275 97
296 67
294 25
316 51
276 48
297 24
295 70
317 40
277 75
298 23
296 75
318 95
278 22
299 51
297 89
319 11
279 57
300 99
298 95
320 73
280 99
299 100
321 16
281 59
302 81
322 49
282 77
303 95
301 39
323 27
283 86
304 37
302 35
324 57
284 35
305 19
303 58
325 80
285 100
306 65
304 98
326 63
286 43
307 50
305 48
327 48
287 77
308 53
306 20
328 31
288 54
309 15
307 52
329 21
289 28
310 63
308 32
330 71
290 61
311 28
309 19
331 75
291 80
312 59
310 18
332 27
292 49
313 88
311 72
333 60
293 31
314 41
312 56
334 21
294 70
315 25
313 59
335 48
295 93
316 31
314 79
336 31
296 38
317 68
315 66
337 48
297 69
318 24
316 55
338 62
298 13
319 49
317 14
339 97
299 61
320 70
318 69
340 45
300 25
319 71
341 25
301 95
322 77
342 54
302 33
323 85
321 61
343 77
303 83
324 67
322 23
344 62
304 48
325 55
323 93
345 93
305 68
326 69
324 68
346 96
306 18
327 77
325 17
347 68
307 95
328 56
326 22
348 54
308 70
329 82
327 74
349 48
309 16
330 68
328 25
350 31
310 90
331 94
329 69
351 70
311 23
332 64
330 86
352 52
312 14
333 77
331 71
353 52
313 92
334 48
332 13
354 56
314 19
335 83
333 42
355 68
315 84
336 97
334 14
356 98
316 26
337 12
335 84
357 23
317 52
338 99
336 84
358 18
318 57
339 63
337 76
359 34
319 34
340 42
338 57
360 37
320 73
339 96
361 77
321 82
342 63
362 68
322 73
343 95
341 38
363 92
323 10
344 49
342 64
364 15
324 21
345 22
343 99
365 99
325 10
346 90
344 71
366 49
326 16
347 37
345 89
367 71
327 81
348 76
346 68
368 28
328 86
349 83
347 80
369 12
329 33
350 78
348 49
370 26
330 45
351 39
349 56
371 72
331 68
352 78
350 23
372 10
332 26
353 89
351 84
373 45
333 41
354 26
352 89
374 43
334 65
355 99
353 61
375 85
335 55
356 24
354 97
376 54
336 18
357 95
355 25
377 43
337 83
358 11
356 30
378 18
338 56
359 71
357 67
379 50
339 24
360 55
358 93
380 16
340 31
359 78
381 33
341 58
362 67
382 48
342 31
363 31
361 17
383 27
343 10
364 64
362 95
384 40
344 43
365 42
363 60
385 40
345 88
366 37
364 63
386 64
346 49
367 59
365 44
387 45
347 38
368 24
366 94
388 22
348 66
369 17
367 12
389 49
349 27
370 40
368 63
390 64
350 41
371 11
369 85
391 69
351 54
372 76
370 25
392 72
352 48
373 41
371 100
393 84
353 56
374 47
372 63
394 62
354 48
375 62
373 22
395 25
355 92
376 74
374 45
396 32
356 68
377 53
375 34
397 21
357 85
378 33
376 11
398 46
358 80
379 95
377 40
399 13
359 19
380 89
378 49
400 43
360 42
379 54
361 97
382 10
362 63
383 88
381 44
363 48
384 54
382 87
364 44
385 64
383 95
365 100
386 97
384 23
366 98
387 60
385 54
367 91
388 49
386 18
368 68
389 25
387 58
369 48
390 80
388 79
370 58
391 61
389 34
371 77
392 14
390 78
372 77
393 31
391 27
373 59
394 45
392 81
374 90
395 55
393 49
375 37
396 45
394 47
376 75
397 51
395 46
377 66
398 34
396 96
378 65
399 69
397 11
379 67
400 54
398 99
380 15
399 20
61
146
1 61 
3 76 251 186 
1 77 
2 245 184 
2 398 359 
2 114 87 
2 262 370 
2 151 64 
2 321 292 
2 89 284 
2 240 337 
1 183 
3 375 387 385 
1 97 
5 333 243 237 83 201 
3 213 238 35 
3 39 54 315 
1 297 
1 162 
4 160 170 353 55 
2 386 364 
2 305 220 
2 394 351 
4 314 193 62 173 
1 229 
2 200 119 
1 208 
2 88 164 
2 25 264 
3 196 301 96 
1 31 
1 121 
1 388 
2 396 111 
1 48 
2 152 233 
1 163 
1 260 
2 195 34 
1 368 
1 311 
1 154 
1 149 
2 135 27 
2 265 133 
2 129 323 
3 192 295 389 
3 126 234 319 
1 377 
3 282 340 79 
3 174 24 78 
2 399 159 
2 29 316 
2 230 268 
1 118 
1 137 
1 82 
2 328 17 
2 189 101 
3 325 330 131 
1 278 
1 156 
3 339 381 390 
2 250 169 
1 317 
1 244 
2 93 150 
1 226 
1 289 
3 302 231 53 
2 343 72 
1 153 
1 293 
2 65 199 
2 26 334 
1 146 
