400 1500 10 100 76
2
3
3
3
3
3
3
3
3
3
3
3
3
3
3
3
3
3
3
3
3
3
3
3
3
3
3
3
3
3
3
3
3
3
3
3
3
3
3
2
3
4
4
4
4
4
4
4
4
4
4
4
4
4
4
4
4
4
4
4
4
4
4
4
4
4
4
4
4
4
4
4
4
4
4
4
4
4
4
3
3
4
4
4
4
4
4
4
4
4
4
4
4
4
4
4
4
4
4
4
4
4
4
4
4
4
4
4
4
4
4
4
4
4
4
4
4
4
4
3
3
4
4
4
4
4
4
4
4
4
4
4
4
4
4
4
4
4
4
4
4
4
4
4
4
4
4
4
4
4
4
4
4
4
4
4
4
4
4
3
3
4
4
4
4
4
4
4
4
4
4
4
4
4
4
4
4
4
4
4
4
4
4
4
4
4
4
4
4
4
4
4
4
4
4
4
4
4
4
3
3
4
4
4
4
4
4
4
4
4
4
4
4
4
4
4
4
4
4
4
4
4
4
4
4
4
4
4
4
4
4
4
4
4
4
4
4
4
4
3
3
4
4
4
4
4
4
4
4
4
4
4
4
4
4
4
4
4
4
4
4
4
4
4
4
4
4
4
4
4
4
4
4
4
4
4
4
4
4
3
3
4
4
4
4
4
4
4
4
4
4
4
4
4
4
4
4
4
4
4
4
4
4
4
4
4
4
4
4
4
4
4
4
4
4
4
4
4
4
3
3
4
4
4
4
4
4
4
4
4
4
4
4
4
4
4
4
4
4
4
4
4
4
4
4
4
4
4
4
4
4
4
4
4
4
4
4
4
4
3
2
3
3
3
3
3
3
3
3
3
3
3
3
3
3
3
3
3
3
3
3
3
3
3
3
3
3
3
3
3
3
3
3
3
3
3
3
3
3
2
41 43
2 29
42 45
3 98
1 40
43 19
4 47
2 35
44 31
5 42
3 61
45 38
6 56
4 85
46 55
7 32
5 40
47 83
8 77
6 13
48 90
9 14
7 79
49 87
10 10
8 45
50 35
11 92
9 43
51 14
12 18
10 29
52 57
13 85
11 89
53 64
14 28
12 21
54 75
15 29
13 44
55 38
16 87
14 66
56 25
17 69
15 21
57 19
18 84
16 47
58 95
19 58
17 75
59 27
20 67
18 38
60 34
21 47
19 79
61 68
22 64
20 66
62 39
23 32
21 72
63 62
24 69
22 17
64 12
25 51
23 45
65 28
26 50
24 43
66 11
27 74
25 41
67 19
28 86
26 79
68 10
29 30
27 92
69 53
30 61
28 87
70 43
31 58
29 88
71 21
32 32
30 36
72 78
33 53
31 93
73 41
34 50
32 34
74 36
35 76
33 52
75 85
36 22
34 88
76 58
37 68
35 25
77 39
38 80
36 62
78 38
39 71
37 36
79 49
40 55
38 24
80 13
39 66
81 20
1 41
42 92
82 45
2 81
43 58
41 21
83 89
3 94
44 54
42 34
84 11
4 12
45 86
43 48
85 14
5 63
46 45
44 87
86 68
6 89
47 39
45 76
87 71
7 90
48 90
46 99
88 95
8 34
49 94
47 29
89 76
9 95
50 71
48 80
90 72
10 10
51 81
49 26
91 25
11 81
52 65
50 25
92 59
12 93
53 28
51 54
93 29
13 63
54 98
52 20
94 61
14 62
55 77
53 82
95 47
15 55
56 75
54 99
96 53
16 22
57 96
55 70
97 15
17 26
58 78
56 42
98 44
18 56
59 93
57 13
99 51
19 100
60 82
58 63
100 20
20 41
61 48
59 54
101 65
21 56
62 14
60 59
102 43
22 14
63 86
61 34
103 75
23 48
64 27
62 35
104 19
24 92
65 51
63 71
105 55
25 77
66 16
64 72
106 33
26 34
67 38
65 70
107 44
27 29
68 26
66 86
108 44
28 37
69 20
67 34
109 54
29 44
70 87
68 100
110 90
30 71
71 54
69 61
111 18
31 40
72 44
70 35
112 36
32 37
73 52
71 27
113 77
33 52
74 28
72 14
114 18
34 25
75 20
73 11
115 34
35 10
76 67
74 18
116 98
36 17
77 37
75 20
117 47
37 75
78 93
76 66
118 64
38 75
79 35
77 97
119 41
39 99
80 21
78 85
120 56
40 30
79 48
121 73
41 34
82 75
122 88
42 17
83 79
81 54
123 15
43 16
84 40
82 80
124 48
44 22
85 61
83 62
125 60
45 87
86 12
84 44
126 84
46 49
87 10
85 64
127 54
47 51
88 66
86 17
128 48
48 92
89 90
87 95
129 78
49 51
90 88
88 86
130 58
50 22
91 53
89 30
131 46
51 81
92 55
90 67
132 91
52 30
93 65
91 10
133 68
53 56
94 61
92 83
134 71
54 97
95 73
93 47
135 56
55 22
96 19
94 67
136 43
56 83
97 57
95 21
137 24
57 25
98 23
96 81
138 95
58 72
99 69
97 91
139 64
59 53
100 88
98 74
140 13
60 19
101 47
99 95
141 73
61 71
102 70
100 63
142 53
62 95
103 42
101 40
143 38
63 82
104 68
102 17
144 66
64 96
105 16
103 67
145 19
65 17
106 38
104 23
146 16
66 18
107 55
105 93
147 96
67 97
108 68
106 28
148 24
68 37
109 100
107 56
149 74
69 42
110 57
108 10
150 57
70 32
111 42
109 17
151 69
71 94
112 18
110 36
152 42
72 11
113 12
111 82
153 10
73 91
114 28
112 80
154 81
74 13
115 78
113 85
155 37
75 10
116 28
114 64
156 56
76 99
117 16
115 30
157 30
77 44
118 41
116 12
158 19
78 74
119 87
117 58
159 18
79 75
120 14
118 22
160 52
80 92
119 63
161 84
81 88
122 60
162 23
82 30
123 83
121 16
163 51
83 83
124 94
122 56
164 31
84 23
125 71
123 36
165 57
85 83
126 72
124 14
166 55
86 65
127 76
125 63
167 80
87 54
128 18
126 26
168 84
88 45
129 48
127 65
169 37
89 97
130 19
128 78
170 43
90 58
131 39
129 82
171 61
91 69
132 26
130 80
172 26
92 13
133 16
131 58
173 75
93 23
134 84
132 80
174 73
94 100
135 42
133 44
175 96
95 43
136 23
134 68
176 90
96 10
137 39
135 45
177 67
97 72
138 40
136 66
178 72
98 36
139 16
137 16
179 100
99 26
140 19
138 35
180 16
100 83
141 25
139 28
181 74
101 54
142 95
140 86
182 25
102 32
143 48
141 98
183 93
103 68
144 75
142 90
184 59
104 61
145 20
143 20
185 12
105 35
146 18
144 36
186 48
106 25
147 84
145 32
187 60
107 43
148 48
146 57
188 38
108 76
149 59
147 60
189 16
109 40
150 17
148 66
190 40
110 52
151 54
149 38
191 58
111 56
152 85
150 81
192 12
112 86
153 81
151 11
193 11
113 96
154 85
152 91
194 53
114 94
155 28
153 13
195 27
115 38
156 93
154 86
196 11
116 55
157 71
155 14
197 82
117 13
158 48
156 94
198 80
118 21
159 48
157 42
199 64
119 15
160 55
158 70
200 81
120 30
159 62
201 58
121 49
162 75
202 75
122 57
163 17
161 18
203 64
123 82
164 83
162 84
204 20
124 94
165 36
163 46
205 80
125 13
166 70
164 76
206 23
126 24
167 48
165 89
207 43
127 75
168 13
166 43
208 68
128 19
169 79
167 29
209 37
129 50
170 98
168 66
210 34
130 39
171 18
169 78
211 65
131 72
172 83
170 93
212 47
132 90
173 17
171 39
213 52
133 29
174 66
172 48
214 34
134 53
175 83
173 41
215 92
135 69
176 26
174 93
216 65
136 27
177 75
175 74
217 75
137 67
178 12
176 32
218 57
138 31
179 73
177 66
219 25
139 83
180 70
178 45
220 35
140 30
181 62
179 62
221 99
141 83
182 47
180 92
222 29
142 71
183 70
181 87
223 76
143 49
184 60
182 74
224 45
144 69
185 52
183 19
225 38
145 31
186 10
184 86
226 52
146 10
187 13
185 70
227 39
147 36
188 35
186 56
228 53
148 34
189 48
187 44
229 49
149 51
190 39
188 40
230 18
150 67
191 22
189 90
231 68
151 33
192 53
190 85
232 12
152 37
193 100
191 77
233 90
153 73
194 76
192 11
234 18
154 18
195 45
193 54
235 61
155 73
196 85
194 58
236 16
156 36
197 59
195 96
237 22
157 52
198 37
196 83
238 71
158 25
199 89
197 22
239 59
159 82
200 20
198 20
240 79
160 21
199 69
241 92
161 63
202 32
242 86
162 86
203 76
201 43
243 69
163 40
204 49
202 69
244 47
164 88
205 48
203 69
245 20
165 89
206 88
204 15
246 29
166 29
207 66
205 79
247 34
167 34
208 64
206 33
248 47
168 22
209 96
207 24
249 60
169 95
210 86
208 62
250 18
170 63
211 74
209 53
251 18
171 26
212 10
210 41
252 29
172 15
213 85
211 53
253 59
173 50
214 35
212 78
254 52
174 51
215 89
213 31
255 92
175 56
216 20
214 22
256 42
176 91
217 70
215 55
257 60
177 62
218 10
216 76
258 38
178 82
219 22
217 58
259 88
179 10
220 64
218 53
260 44
180 97
221 84
219 34
261 54
181 86
222 17
220 70
262 63
182 80
223 72
221 93
263 21
183 16
224 96
222 97
264 98
184 28
225 61
223 88
265 79
185 58
226 24
224 61
266 77
186 63
227 34
225 46
267 94
187 22
228 54
226 46
268 44
188 100
229 32
227 22
269 64
189 30
230 84
228 91
270 33
190 44
231 23
229 15
271 84
191 100
232 29
230 58
272 51
192 38
233 39
231 66
273 98
193 37
234 90
232 72
274 87
194 67
235 18
233 91
275 67
195 81
236 18
234 77
276 57
196 59
237 80
235 55
277 64
197 37
238 29
236 86
278 48
198 61
239 71
237 67
279 55
199 53
240 47
238 33
280 14
200 40
239 26
281 78
201 87
242 30
282 63
202 35
243 88
241 30
283 24
203 51
244 60
242 98
284 17
204 48
245 88
243 18
285 97
205 98
246 28
244 51
286 42
206 43
247 57
245 32
287 71
207 66
248 54
246 64
288 94
208 84
249 22
247 61
289 74
209 52
250 75
248 93
290 19
210 21
251 46
249 42
291 76
211 37
252 88
250 96
292 59
212 49
253 36
251 65
293 64
213 45
254 47
252 100
294 67
214 30
255 55
253 68
295 62
215 70
256 90
254 42
296 33
216 80
257 96
255 89
297 64
217 91
258 82
256 57
298 57
218 20
259 73
257 52
299 77
219 85
260 15
258 39
300 29
220 67
261 70
259 24
301 50
221 86
262 49
260 24
302 63
222 99
263 90
261 26
303 54
223 69
264 38
262 86
304 41
224 89
265 93
263 86
305 97
225 43
266 55
264 74
306 100
226 53
267 99
265 91
307 40
227 96
268 70
266 41
308 24
228 73
269 29
267 56
309 17
229 78
270 10
268 100
310 61
230 23
271 42
269 40
311 47
231 38
272 99
270 61
312 11
232 76
273 98
271 27
313 51
233 59
274 100
272 75
314 24
234 61
275 67
273 59
315 50
235 64
276 79
274 94
316 65
236 37
277 45
275 29
317 34
237 78
278 81
276 98
318 59
238 30
279 95
277 13
319 80
239 17
280 50
278 89
320 60
240 10
279 16
321 46
241 56
282 61
322 95
242 55
283 36
281 63
323 32
243 11
284 27
282 49
324 43
244 90
285 73
283 32
325 58
245 95
286 86
284 26
326 89
246 78
287 80
285 57
327 21
247 52
288 64
286 50
328 50
248 11
289 90
287 10
329 91
249 82
290 92
288 89
330 39
250 95
291 28
289 19
331 72
251 99
292 31
290 94
332 26
252 43
293 97
291 27
333 28
253 89
294 63
292 29
334 42
254 36
295 61
293 93
335 94
255 37
296 62
294 85
336 84
256 78
297 10
295 46
337 22
257 51
298 26
296 83
338 37
258 88
299 14
297 45
339 86
259 62
300 68
298 22
340 46
260 25
301 45
299 81
341 75
261 37
302 48
300 13
342 31
262 62
303 69
301 63
343 63
263 46
304 98
302 67
344 10
264 69
305 31
303 60
345 74
265 37
306 93
304 93
346 40
266 48
307 67
305 13
347 37
267 61
308 11
306 82
348 39
268 41
309 31
307 95
349 28
269 67
310 80
308 21
350 75
270 25
311 90
309 23
351 86
271 93
312 37
310 99
352 36
272 34
313 92
311 73
353 64
273 69
314 58
312 79
354 81
274 97
315 25
313 81
355 51
275 35
316 19
314 60
356 66
276 30
317 86
315 31
357 23
277 67
318 84
316 100
358 70
278 90
319 79
317 93
359 31
279 29
320 82
318 92
360 78
280 88
319 88
361 17
281 23
322 94
362 72
282 49
323 24
321 43
363 46
283 74
324 27
322 57
364 64
284 22
325 69
323 74
365 78
285 61
326 59
324 29
366 22
286 30
327 93
325 76
367 84
287 19
328 38
326 41
368 65
288 30
329 29
327 10
369 38
289 100
330 10
328 53
370 80
290 90
331 44
329 98
371 33
291 24
332 22
330 22
372 45
292 54
333 75
331 65
373 31
293 89
334 55
332 24
374 86
294 41
335 13
333 18
375 10
295 88
336 80
334 63
376 30
296 60
337 91
335 63
377 20
297 96
338 67
336 10
378 89
298 75
339 71
337 49
379 81
299 94
340 23
338 15
380 95
300 41
341 20
339 42
381 73
301 90
342 20
340 30
382 45
302 39
343 74
341 48
383 95
303 97
344 35
342 74
384 39
304 54
345 90
343 65
385 77
305 86
346 61
344 62
386 91
306 48
347 69
345 72
387 79
307 13
348 75
346 95
388 36
308 97
349 63
347 42
389 82
309 90
350 43
348 95
390 40
310 22
351 21
349 63
391 66
311 32
352 17
350 90
392 13
312 23
353 97
351 65
393 58
313 21
354 17
352 57
394 77
314 40
355 95
353 90
395 45
315 25
356 57
354 22
396 95
316 12
357 17
355 29
397 63
317 68
358 89
356 22
398 83
318 39
359 28
357 12
399 23
319 97
360 86
358 68
400 56
320 42
359 84
321 13
362 60
322 24
363 49
361 12
323 72
364 99
362 12
324 46
365 85
363 16
325 69
366 19
364 87
326 18
367 85
365 72
327 95
368 34
366 96
328 62
369 83
367 15
329 39
370 60
368 43
330 18
371 51
369 94
331 60
372 45
370 59
332 27
373 10
371 100
333 82
374 84
372 63
334 19
375 35
373 60
335 90
376 24
374 78
336 56
377 19
375 10
337 94
378 19
376 61
338 27
379 75
377 79
339 32
380 14
378 68
340 61
381 57
379 90
341 95
382 93
380 52
342 10
383 54
381 83
343 83
384 19
382 74
344 74
385 32
383 40
345 91
386 41
384 59
346 45
387 99
385 99
347 34
388 79
386 29
348 46
389 18
387 50
349 43
390 77
388 90
350 58
391 56
389 82
351 93
392 14
390 25
352 84
393 76
391 15
353 65
394 67
392 69
354 62
395 49
393 58
355 65
396 18
394 67
356 89
397 31
395 41
357 49
398 54
396 62
358 97
399 45
397 71
359 93
400 35
398 69
360 70
399 61
295
364
2 348 295 
2 25 179 
1 260 
2 75 143 
3 374 383 338 
2 264 353 
2 152 100 
1 16 
1 305 
1 393 
2 198 309 
2 328 319 
3 241 140 74 
1 265 
1 366 
2 389 117 
2 360 221 
2 135 381 
2 33 15 
2 78 299 
1 197 
1 26 
1 132 
1 378 
1 302 
2 377 104 
1 119 
1 322 
2 201 315 
1 272 
2 253 296 
2 288 292 
2 168 358 
2 162 167 
2 205 18 
1 13 
2 190 284 
1 160 
1 173 
2 68 63 
5 52 157 247 123 285 
2 108 257 
1 219 
1 106 
2 158 263 
2 369 111 
1 346 
3 194 252 314 
1 139 
2 330 382 
1 4 
2 149 77 
2 171 329 
2 213 24 
2 155 120 
1 195 
3 313 40 21 
1 165 
4 336 271 51 242 
1 118 
2 231 344 
2 83 3 
3 82 266 19 
1 342 
2 206 90 
4 60 14 81 112 
2 136 185 
1 202 
4 37 23 95 281 
1 38 
2 240 10 
1 269 
3 124 161 183 
3 282 275 27 
3 174 223 11 
2 98 364 
