400 1520 10 100 76
2
3
3
3
3
3
3
3
3
3
3
3
3
3
3
3
3
3
3
2
3
4
4
4
4
4
4
4
4
4
4
4
4
4
4
4
4
4
4
3
3
4
4
4
4
4
4
4
4
4
4
4
4
4
4
4
4
4
4
3
3
4
4
4
4
4
4
4
4
4
4
4
4
4
4
4
4
4
4
3
3
4
4
4
4
4
4
4
4
4
4
4
4
4
4
4
4
4
4
3
3
4
4
4
4
4
4
4
4
4
4
4
4
4
4
4
4
4
4
3
3
4
4
4
4
4
4
4
4
4
4
4
4
4
4
4
4
4
4
3
3
4
4
4
4
4
4
4
4
4
4
4
4
4
4
4
4
4
4
3
3
4
4
4
4
4
4
4
4
4
4
4
4
4
4
4
4
4
4
3
3
4
4
4
4
4
4
4
4
4
4
4
4
4
4
4
4
4
4
3
3
4
4
4
4
4
4
4
4
4
4
4
4
4
4
4
4
4
4
3
3
4
4
4
4
4
4
4
4
4
4
4
4
4
4
4
4
4
4
3
3
4
4
4
4
4
4
4
4
4
4
4
4
4
4
4
4
4
4
3
3
4
4
4
4
4
4
4
4
4
4
4
4
4
4
4
4
4
4
3
3
4
4
4
4
4
4
4
4
4
4
4
4
4
4
4
4
4
4
3
3
4
4
4
4
4
4
4
4
4
4
4
4
4
4
4
4
4
4
3
3
4
4
4
4
4
4
4
4
4
4
4
4
4
4
4
4
4
4
3
3
4
4
4
4
4
4
4
4
4
4
4
4
4
4
4
4
4
4
3
3
4
4
4
4
4
4
4
4
4
4
4
4
4
4
4
4
4
4
3
2
3
3
3
3
3
3
3
3
3
3
3
3
3
3
3
3
3
3
2
21 72
2 29
22 90
3 78
1 100
23 94
4 16
2 62
24 21
5 63
3 70
25 21
6 93
4 30
26 43
7 25
5 10
27 70
8 91
6 68
28 15
9 38
7 95
29 74
10 42
8 13
30 20
11 85
9 46
31 26
12 26
10 60
32 71
13 80
11 38
33 50
14 49
12 80
34 69
15 71
13 11
35 44
16 95
14 91
36 13
17 28
15 67
37 90
18 21
16 30
38 54
19 28
17 97
39 73
20 82
18 97
40 23
19 59
41 16
1 74
22 43
42 85
2 61
23 86
21 50
43 95
3 44
24 88
22 64
44 70
4 39
25 92
23 87
45 95
5 36
26 65
24 78
46 34
6 28
27 83
25 82
47 87
7 63
28 59
26 58
48 67
8 59
29 12
27 24
49 92
9 20
30 11
28 35
50 70
10 63
31 100
29 72
51 27
11 23
32 17
30 41
52 20
12 58
33 79
31 64
53 44
13 85
34 15
32 50
54 56
14 23
35 44
33 88
55 11
15 87
36 15
34 95
56 47
16 26
37 89
35 39
57 35
17 43
38 22
36 58
58 45
18 80
39 24
37 55
59 14
19 82
40 39
38 88
60 35
20 24
39 53
61 76
21 45
42 29
62 53
22 38
43 74
41 89
63 91
23 57
44 70
42 98
64 32
24 67
45 61
43 91
65 98
25 28
46 26
44 88
66 16
26 13
47 16
45 100
67 66
27 63
48 39
46 42
68 51
28 51
49 14
47 48
69 94
29 63
50 72
48 77
70 36
30 74
51 67
49 41
71 84
31 92
52 87
50 47
72 91
32 55
53 97
51 44
73 48
33 56
54 91
52 61
74 89
34 35
55 47
53 51
75 32
35 83
56 56
54 72
76 83
36 20
57 76
55 86
77 39
37 73
58 66
56 85
78 67
38 76
59 57
57 87
79 95
39 33
60 73
58 80
80 87
40 19
59 14
81 17
41 75
62 93
82 72
42 72
63 30
61 73
83 61
43 70
64 67
62 65
84 14
44 14
65 36
63 94
85 70
45 47
66 28
64 69
86 50
46 91
67 64
65 77
87 19
47 72
68 78
66 31
88 62
48 18
69 29
67 88
89 71
49 46
70 65
68 49
90 100
50 75
71 89
69 58
91 60
51 95
72 80
70 46
92 85
52 83
73 100
71 55
93 25
53 53
74 38
72 11
94 43
54 26
75 48
73 48
95 30
55 71
76 99
74 85
96 35
56 48
77 13
75 79
97 35
57 49
78 41
76 22
98 19
58 81
79 61
77 95
99 96
59 44
80 31
78 15
100 55
60 99
79 79
101 40
61 81
82 92
102 26
62 98
83 76
81 85
103 57
63 54
84 41
82 62
104 24
64 98
85 89
83 77
105 16
65 31
86 62
84 82
106 14
66 71
87 56
85 97
107 99
67 61
88 25
86 45
108 83
68 93
89 22
87 19
109 71
69 52
90 42
88 82
110 79
70 91
91 58
89 100
111 74
71 42
92 39
90 34
112 11
72 70
93 85
91 13
113 33
73 22
94 79
92 51
114 40
74 58
95 57
93 71
115 30
75 18
96 38
94 17
116 70
76 73
97 78
95 70
117 66
77 59
98 42
96 36
118 50
78 66
99 94
97 28
119 99
79 57
100 46
98 40
120 35
80 47
99 27
121 15
81 29
102 11
122 30
82 81
103 88
101 31
123 60
83 30
104 27
102 12
124 62
84 11
105 48
103 91
125 20
85 51
106 60
104 55
126 28
86 63
107 18
105 28
127 60
87 98
108 10
106 22
128 91
88 89
109 62
107 93
129 79
89 63
110 27
108 43
130 73
90 35
111 24
109 80
131 51
91 73
112 89
110 62
132 82
92 41
113 76
111 45
133 69
93 34
114 74
112 76
134 29
94 95
115 19
113 89
135 88
95 78
116 76
114 39
136 23
96 94
117 67
115 89
137 79
97 28
118 16
116 51
138 81
98 68
119 79
117 94
139 82
99 95
120 47
118 70
140 86
100 87
119 49
141 43
101 25
122 41
142 99
102 28
123 25
121 20
143 49
103 50
124 79
122 63
144 64
104 18
125 83
123 36
145 38
105 41
126 90
124 11
146 74
106 66
127 56
125 77
147 27
107 35
128 17
126 88
148 50
108 53
129 11
127 32
149 18
109 53
130 60
128 67
150 65
110 11
131 17
129 31
151 73
111 25
132 62
130 44
152 91
112 88
133 19
131 86
153 37
113 87
134 26
132 82
154 20
114 95
135 80
133 47
155 32
115 88
136 54
134 66
156 74
116 42
137 87
135 25
157 31
117 13
138 91
136 60
158 80
118 47
139 66
137 81
159 53
119 99
140 22
138 82
160 82
120 72
139 79
161 13
121 54
142 46
162 66
122 16
143 53
141 22
163 21
123 94
144 88
142 30
164 49
124 20
145 20
143 95
165 74
125 48
146 46
144 26
166 56
126 88
147 38
145 46
167 93
127 46
148 85
146 82
168 75
128 73
149 17
147 57
169 32
129 49
150 14
148 42
170 35
130 55
151 13
149 24
171 45
131 64
152 19
150 66
172 36
132 82
153 59
151 59
173 27
133 19
154 29
152 55
174 25
134 31
155 49
153 18
175 59
135 50
156 100
154 16
176 83
136 13
157 90
155 57
177 56
137 29
158 38
156 16
178 58
138 16
159 72
157 10
179 75
139 91
160 33
158 64
180 40
140 25
159 29
181 68
141 88
162 97
182 97
142 92
163 60
161 93
183 93
143 62
164 93
162 96
184 83
144 73
165 38
163 32
185 95
145 13
166 54
164 29
186 53
146 100
167 76
165 13
187 93
147 75
168 57
166 39
188 82
148 23
169 75
167 29
189 55
149 64
170 76
168 12
190 98
150 18
171 20
169 69
191 74
151 50
172 74
170 96
192 97
152 26
173 39
171 88
193 93
153 97
174 60
172 61
194 80
154 32
175 45
173 92
195 80
155 62
176 80
174 79
196 79
156 95
177 52
175 60
197 55
157 51
178 11
176 43
198 74
158 90
179 69
177 77
199 52
159 73
180 59
178 26
200 82
160 90
179 17
201 12
161 81
182 35
202 73
162 20
183 67
181 90
203 89
163 37
184 100
182 41
204 38
164 10
185 35
183 18
205 76
165 53
186 24
184 89
206 54
166 22
187 48
185 29
207 33
167 85
188 64
186 89
208 18
168 65
189 92
187 52
209 69
169 56
190 26
188 85
210 11
170 67
191 23
189 50
211 51
171 59
192 46
190 77
212 96
172 32
193 10
191 75
213 83
173 26
194 78
192 98
214 53
174 30
195 60
193 26
215 32
175 67
196 65
194 19
216 20
176 13
197 61
195 19
217 74
177 22
198 82
196 87
218 28
178 37
199 34
197 59
219 32
179 63
200 37
198 71
220 55
180 93
199 36
221 57
181 23
202 81
222 55
182 21
203 95
201 48
223 19
183 41
204 24
202 62
224 87
184 19
205 41
203 24
225 98
185 64
206 94
204 56
226 28
186 71
207 24
205 25
227 94
187 61
208 93
206 18
228 94
188 78
209 42
207 72
229 84
189 18
210 78
208 32
230 83
190 59
211 83
209 81
231 80
191 20
212 60
210 86
232 23
192 72
213 91
211 45
233 70
193 76
214 68
212 74
234 79
194 80
215 93
213 99
235 94
195 55
216 23
214 40
236 28
196 78
217 15
215 91
237 71
197 81
218 49
216 10
238 25
198 74
219 45
217 67
239 64
199 99
220 30
218 56
240 39
200 31
219 95
241 31
201 30
222 76
242 29
202 46
223 93
221 99
243 58
203 53
224 36
222 20
244 78
204 44
225 43
223 21
245 85
205 44
226 12
224 31
246 48
206 34
227 36
225 50
247 18
207 26
228 54
226 60
248 69
208 67
229 98
227 61
249 13
209 14
230 70
228 91
250 97
210 97
231 87
229 89
251 64
211 57
232 14
230 74
252 64
212 92
233 24
231 87
253 26
213 28
234 90
232 18
254 17
214 74
235 49
233 84
255 68
215 23
236 72
234 56
256 74
216 81
237 91
235 10
257 63
217 90
238 33
236 65
258 69
218 48
239 17
237 33
259 91
219 26
240 71
238 51
260 27
220 48
239 17
261 12
221 10
242 97
262 41
222 61
243 42
241 12
263 29
223 44
244 86
242 66
264 81
224 54
245 49
243 40
265 14
225 76
246 23
244 49
266 94
226 94
247 76
245 57
267 19
227 80
248 83
246 56
268 67
228 52
249 48
247 34
269 68
229 11
250 62
248 73
270 20
230 62
251 87
249 98
271 96
231 99
252 66
250 66
272 82
232 30
253 45
251 72
273 31
233 39
254 20
252 81
274 14
234 50
255 36
253 48
275 65
235 70
256 27
254 38
276 32
236 57
257 16
255 28
277 84
237 16
258 69
256 28
278 88
238 93
259 81
257 51
279 100
239 90
260 80
258 77
280 55
240 27
259 15
281 49
241 19
262 35
282 15
242 40
263 13
261 59
283 70
243 31
264 79
262 98
284 30
244 35
265 89
263 81
285 55
245 12
266 84
264 39
286 23
246 20
267 40
265 55
287 63
247 32
268 45
266 100
288 70
248 82
269 71
267 97
289 19
249 94
270 56
268 54
290 88
250 100
271 76
269 62
291 76
251 78
272 54
270 96
292 63
252 98
273 52
271 82
293 76
253 42
274 52
272 56
294 67
254 91
275 89
273 65
295 48
255 35
276 16
274 19
296 100
256 41
277 30
275 39
297 13
257 97
278 73
276 30
298 22
258 73
279 29
277 28
299 17
259 32
280 100
278 93
300 85
260 99
279 62
301 36
261 22
282 87
302 78
262 40
283 51
281 32
303 46
263 32
284 20
282 29
304 95
264 40
285 11
283 85
305 99
265 93
286 43
284 80
306 86
266 93
287 23
285 61
307 95
267 51
288 61
286 74
308 91
268 63
289 22
287 74
309 24
269 13
290 69
288 53
310 35
270 79
291 44
289 30
311 75
271 100
292 68
290 77
312 88
272 56
293 89
291 88
313 75
273 71
294 52
292 39
314 100
274 53
295 65
293 75
315 84
275 20
296 36
294 28
316 98
276 48
297 34
295 98
317 32
277 38
298 75
296 60
318 55
278 40
299 32
297 10
319 77
279 41
300 37
298 85
320 28
280 25
299 58
321 61
281 54
302 83
322 18
282 38
303 90
301 53
323 78
283 68
304 99
302 77
324 80
284 72
305 25
303 73
325 35
285 91
306 68
304 81
326 73
286 17
307 44
305 47
327 57
287 11
308 80
306 51
328 34
288 20
309 29
307 75
329 39
289 89
310 46
308 74
330 80
290 63
311 56
309 39
331 95
291 24
312 36
310 70
332 49
292 29
313 73
311 36
333 61
293 81
314 14
312 52
334 66
294 28
315 34
313 29
335 70
295 79
316 12
314 50
336 65
296 95
317 52
315 18
337 63
297 97
318 59
316 40
338 11
298 41
319 27
317 99
339 16
299 69
320 95
318 62
340 99
300 74
319 82
341 52
301 63
322 94
342 66
302 62
323 13
321 29
343 92
303 55
324 68
322 39
344 20
304 24
325 69
323 88
345 44
305 57
326 87
324 21
346 72
306 87
327 100
325 23
347 78
307 55
328 16
326 33
348 31
308 52
329 12
327 82
349 71
309 61
330 59
328 12
350 62
310 68
331 93
329 57
351 97
311 53
332 37
330 53
352 71
312 65
333 84
331 42
353 79
313 74
334 73
332 91
354 29
314 75
335 87
333 77
355 42
315 24
336 61
334 26
356 54
316 35
337 80
335 41
357 61
317 85
338 100
336 30
358 39
318 44
339 75
337 25
359 66
319 89
340 64
338 82
360 66
320 51
339 72
361 17
321 100
342 48
362 28
322 61
343 37
341 11
363 14
323 35
344 23
342 84
364 97
324 39
345 98
343 43
365 49
325 97
346 50
344 37
366 81
326 45
347 30
345 54
367 99
327 14
348 54
346 59
368 96
328 24
349 76
347 41
369 73
329 61
350 82
348 76
370 37
330 43
351 30
349 75
371 42
331 94
352 16
350 44
372 96
332 55
353 65
351 50
373 17
333 35
354 54
352 38
374 41
334 77
355 52
353 72
375 10
335 21
356 54
354 66
376 20
336 38
357 25
355 16
377 49
337 27
358 24
356 25
378 46
338 99
359 38
357 39
379 84
339 40
360 80
358 29
380 98
340 25
359 13
381 68
341 19
362 65
382 43
342 100
363 61
361 79
383 51
343 12
364 73
362 58
384 87
344 32
365 46
363 53
385 12
345 38
366 46
364 96
386 88
346 32
367 51
365 17
387 33
347 42
368 43
366 82
388 49
348 89
369 73
367 42
389 37
349 100
370 91
368 45
390 40
350 40
371 13
369 24
391 18
351 82
372 44
370 90
392 51
352 92
373 77
371 31
393 24
353 68
374 53
372 62
394 14
354 29
375 43
373 10
395 78
355 41
376 48
374 37
396 92
356 68
377 54
375 21
397 96
357 52
378 75
376 63
398 32
358 95
379 59
377 21
399 35
359 100
380 21
378 99
400 16
360 100
379 46
361 85
382 96
362 42
383 33
381 49
363 45
384 88
382 16
364 83
385 72
383 100
365 44
386 85
384 37
366 23
387 21
385 45
367 32
388 66
386 98
368 10
389 47
387 47
369 78
390 20
388 84
370 63
391 49
389 89
371 46
392 39
390 16
372 39
393 21
391 93
373 32
394 84
392 88
374 39
395 55
393 86
375 23
396 43
394 82
376 47
397 42
395 69
377 69
398 24
396 56
378 64
399 67
397 29
379 100
400 84
398 55
380 15
399 37
299
37
2 170 299 
1 115 
3 291 372 236 
1 48 
1 336 
2 207 273 
2 70 36 
1 2 
1 349 
3 19 196 237 
2 310 101 
1 191 
1 285 
3 32 147 86 
3 321 228 252 
1 118 
1 130 
1 61 
4 265 259 66 35 
2 373 153 
3 43 332 378 
1 65 
1 122 
2 69 193 
2 369 206 
1 120 
2 258 227 
1 367 
3 279 126 344 
2 319 91 
1 20 
2 322 151 
1 276 
1 340 
2 271 394 
1 393 
1 55 
1 41 
1 44 
2 355 260 
1 154 
1 223 
2 245 357 
3 301 164 390 
3 302 277 204 
1 54 
2 102 79 
2 352 225 
4 326 255 251 335 
4 398 210 18 107 
2 222 272 
3 85 185 212 
2 194 347 
2 127 71 
3 188 200 74 
2 328 46 
1 50 
2 247 179 
1 331 
1 211 
2 203 12 
1 198 
2 269 22 
3 343 249 103 
2 178 399 
4 97 325 283 60 
1 267 
1 219 
2 375 320 
1 63 
1 374 
3 134 167 156 
2 169 205 
2 29 104 
2 189 195 
2 201 37 
