100 342 10 100 19
2
3
3
2
3
4
4
3
3
4
4
3
3
4
4
3
3
4
4
3
3
4
4
3
3
4
4
3
3
4
4
3
3
4
4
3
3
4
4
3
3
4
4
3
3
4
4
3
3
4
4
3
3
4
4
3
3
4
4
3
3
4
4
3
3
4
4
3
3
4
4
3
3
4
4
3
3
4
4
3
3
4
4
3
3
4
4
3
3
4
4
3
3
4
4
3
2
3
3
2
5 58
2 29
6 86
3 45
1 62
7 36
4 98
2 30
8 32
3 69
9 18
1 33
6 62
10 74
2 13
7 49
5 80
11 64
3 37
8 66
6 26
12 42
4 15
7 46
13 86
5 45
10 74
14 75
6 52
11 91
9 75
15 22
7 45
12 46
10 22
16 48
8 46
11 93
17 35
9 74
14 36
18 62
10 76
15 51
13 35
19 46
11 63
16 17
14 42
20 96
12 69
15 30
21 98
13 16
18 35
22 69
14 13
19 81
17 36
23 49
15 95
20 38
18 13
24 45
16 75
19 78
25 87
17 70
22 95
26 49
18 48
23 40
21 50
27 84
19 24
24 19
22 93
28 58
20 19
23 96
29 49
21 87
26 37
30 100
22 73
27 95
25 22
31 85
23 38
28 12
26 16
32 18
24 10
27 75
33 82
25 48
30 65
34 59
26 27
31 29
29 67
35 97
27 86
32 27
30 19
36 61
28 87
31 25
37 16
29 87
34 41
38 87
30 17
35 54
33 64
39 33
31 36
36 83
34 62
40 94
32 12
35 72
41 48
33 16
38 12
42 20
34 20
39 88
37 12
43 71
35 68
40 91
38 91
44 62
36 88
39 75
45 79
37 78
42 89
46 96
38 44
43 11
41 24
47 99
39 81
44 30
42 50
48 17
40 50
43 39
49 37
41 66
46 12
50 70
42 44
47 29
45 56
51 18
43 73
48 18
46 84
52 27
44 28
47 92
53 22
45 93
50 48
54 30
46 19
51 48
49 44
55 16
47 10
52 99
50 78
56 72
48 74
51 70
57 41
49 60
54 98
58 83
50 45
55 72
53 72
59 74
51 77
56 60
54 88
60 58
52 88
55 82
61 62
53 90
58 66
62 32
54 66
59 96
57 74
63 75
55 12
60 42
58 94
64 36
56 77
59 60
65 94
57 61
62 21
66 25
58 53
63 30
61 22
67 19
59 52
64 82
62 55
68 63
60 40
63 34
69 82
61 37
66 53
70 71
62 96
67 75
65 57
71 80
63 29
68 56
66 98
72 47
64 67
67 56
73 44
65 52
70 12
74 17
66 67
71 70
69 34
75 28
67 31
72 44
70 33
76 28
68 24
71 75
77 14
69 15
74 48
78 86
70 26
75 44
73 96
79 79
71 10
76 28
74 90
80 21
72 65
75 13
81 47
73 12
78 94
82 41
74 50
79 10
77 83
83 12
75 23
80 90
78 100
84 21
76 47
79 62
85 56
77 71
82 52
86 13
78 67
83 11
81 16
87 67
79 60
84 89
82 31
88 43
80 77
83 83
89 70
81 58
86 76
90 71
82 46
87 67
85 56
91 84
83 40
88 86
86 19
92 14
84 88
87 82
93 49
85 98
90 32
94 46
86 11
91 17
89 82
95 85
87 76
92 10
90 72
96 66
88 12
91 61
97 10
89 93
94 77
98 23
90 40
95 69
93 37
99 100
91 16
96 45
94 72
100 59
92 96
95 35
93 59
98 19
94 76
99 34
97 98
95 94
100 49
98 81
96 83
99 82
26
50
1 26 
3 28 36 12 
1 51 
2 97 8 
2 94 32 
4 3 91 54 62 
3 53 93 95 
2 40 13 
2 74 33 
1 89 
2 16 56 
1 18 
1 99 
2 4 20 
1 52 
1 1 
2 78 92 
3 69 81 24 
1 50 
