400 1500 10 100 76
2
3
3
3
3
3
3
3
3
3
3
3
3
3
3
3
3
3
3
3
3
3
3
3
3
3
3
3
3
3
3
3
3
3
3
3
3
3
3
2
3
4
4
4
4
4
4
4
4
4
4
4
4
4
4
4
4
4
4
4
4
4
4
4
4
4
4
4
4
4
4
4
4
4
4
4
4
4
4
3
3
4
4
4
4
4
4
4
4
4
4
4
4
4
4
4
4
4
4
4
4
4
4
4
4
4
4
4
4
4
4
4
4
4
4
4
4
4
4
3
3
4
4
4
4
4
4
4
4
4
4
4
4
4
4
4
4
4
4
4
4
4
4
4
4
4
4
4
4
4
4
4
4
4
4
4
4
4
4
3
3
4
4
4
4
4
4
4
4
4
4
4
4
4
4
4
4
4
4
4
4
4
4
4
4
4
4
4
4
4
4
4
4
4
4
4
4
4
4
3
3
4
4
4
4
4
4
4
4
4
4
4
4
4
4
4
4
4
4
4
4
4
4
4
4
4
4
4
4
4
4
4
4
4
4
4
4
4
4
3
3
4
4
4
4
4
4
4
4
4
4
4
4
4
4
4
4
4
4
4
4
4
4
4
4
4
4
4
4
4
4
4
4
4
4
4
4
4
4
3
3
4
4
4
4
4
4
4
4
4
4
4
4
4
4
4
4
4
4
4
4
4
4
4
4
4
4
4
4
4
4
4
4
4
4
4
4
4
4
3
3
4
4
4
4
4
4
4
4
4
4
4
4
4
4
4
4
4
4
4
4
4
4
4
4
4
4
4
4
4
4
4
4
4
4
4
4
4
4
3
2
3
3
3
3
3
3
3
3
3
3
3
3
3
3
3
3
3
3
3
3
3
3
3
3
3
3
3
3
3
3
3
3
3
3
3
3
3
3
2
41 36
2 29
42 48
3 61
1 73
43 57
4 10
2 59
44 22
5 28
3 56
45 76
6 77
4 14
46 14
7 23
5 24
47 52
8 73
6 45
48 49
9 10
7 45
49 74
10 17
8 94
50 63
11 83
9 55
51 56
12 65
10 48
52 12
13 49
11 31
53 32
14 49
12 89
54 75
15 89
13 88
55 80
16 41
14 45
56 76
17 13
15 77
57 64
18 59
16 22
58 12
19 80
17 62
59 61
20 11
18 30
60 18
21 32
19 44
61 48
22 14
20 28
62 82
23 33
21 44
63 53
24 44
22 68
64 79
25 85
23 73
65 40
26 41
24 36
66 85
27 56
25 28
67 58
28 20
26 43
68 84
29 72
27 87
69 57
30 39
28 87
70 32
31 92
29 11
71 38
32 58
30 45
72 40
33 79
31 10
73 19
34 28
32 10
74 40
35 57
33 42
75 23
36 27
34 55
76 90
37 69
35 54
77 81
38 79
36 54
78 13
39 28
37 77
79 47
40 50
38 56
80 23
39 57
81 51
1 29
42 65
82 82
2 53
43 49
41 100
83 87
3 80
44 80
42 57
84 57
4 69
45 53
43 83
85 41
5 38
46 68
44 26
86 68
6 97
47 38
45 81
87 10
7 13
48 17
46 99
88 13
8 54
49 32
47 76
89 70
9 11
50 38
48 11
90 53
10 61
51 28
49 47
91 14
11 26
52 51
50 38
92 34
12 93
53 89
51 97
93 35
13 24
54 23
52 59
94 21
14 26
55 56
53 10
95 73
15 48
56 24
54 34
96 78
16 62
57 62
55 33
97 30
17 13
58 96
56 40
98 90
18 94
59 92
57 56
99 15
19 94
60 13
58 66
100 92
20 69
61 37
59 68
101 66
21 40
62 93
60 44
102 87
22 71
63 53
61 66
103 97
23 94
64 32
62 30
104 53
24 15
65 95
63 22
105 18
25 43
66 96
64 52
106 42
26 20
67 61
65 99
107 32
27 42
68 22
66 60
108 62
28 15
69 85
67 10
109 76
29 25
70 82
68 33
110 21
30 14
71 54
69 59
111 98
31 75
72 96
70 94
112 16
32 91
73 18
71 47
113 41
33 78
74 29
72 32
114 37
34 76
75 84
73 72
115 43
35 34
76 27
74 50
116 50
36 65
77 86
75 35
117 71
37 11
78 34
76 47
118 79
38 14
79 59
77 33
119 75
39 73
80 89
78 48
120 47
40 29
79 78
121 40
41 15
82 100
122 85
42 74
83 97
81 28
123 25
43 57
84 82
82 31
124 72
44 54
85 62
83 24
125 43
45 27
86 59
84 13
126 51
46 100
87 72
85 85
127 81
47 99
88 71
86 68
128 75
48 34
89 31
87 39
129 79
49 100
90 57
88 81
130 10
50 80
91 78
89 23
131 79
51 63
92 15
90 28
132 89
52 92
93 74
91 49
133 19
53 48
94 88
92 100
134 41
54 29
95 34
93 60
135 18
55 91
96 85
94 46
136 81
56 59
97 79
95 10
137 26
57 83
98 69
96 23
138 61
58 39
99 22
97 45
139 66
59 87
100 70
98 84
140 27
60 59
101 12
99 69
141 100
61 73
102 81
100 92
142 49
62 59
103 33
101 76
143 97
63 83
104 14
102 94
144 23
64 66
105 86
103 34
145 31
65 94
106 68
104 39
146 60
66 70
107 26
105 21
147 34
67 33
108 56
106 52
148 67
68 14
109 43
107 97
149 49
69 42
110 50
108 81
150 51
70 70
111 10
109 29
151 64
71 25
112 56
110 25
152 66
72 84
113 44
111 56
153 97
73 90
114 23
112 20
154 75
74 41
115 18
113 35
155 23
75 28
116 13
114 80
156 65
76 78
117 17
115 12
157 35
77 39
118 95
116 37
158 20
78 90
119 49
117 12
159 18
79 49
120 86
118 24
160 80
80 31
119 18
161 24
81 15
122 70
162 52
82 85
123 72
121 90
163 21
83 17
124 65
122 59
164 65
84 63
125 59
123 60
165 94
85 48
126 18
124 97
166 52
86 96
127 37
125 20
167 48
87 54
128 16
126 100
168 72
88 36
129 80
127 44
169 92
89 72
130 20
128 87
170 22
90 17
131 31
129 83
171 72
91 58
132 94
130 89
172 62
92 13
133 42
131 14
173 45
93 10
134 57
132 11
174 77
94 40
135 20
133 49
175 19
95 89
136 87
134 60
176 25
96 47
137 16
135 88
177 15
97 68
138 26
136 96
178 83
98 42
139 58
137 93
179 92
99 14
140 32
138 35
180 66
100 44
141 26
139 33
181 25
101 21
142 46
140 71
182 11
102 16
143 47
141 18
183 75
103 64
144 39
142 100
184 11
104 59
145 65
143 27
185 35
105 45
146 59
144 55
186 47
106 30
147 29
145 95
187 64
107 43
148 90
146 35
188 72
108 44
149 42
147 75
189 26
109 16
150 99
148 83
190 96
110 86
151 34
149 23
191 95
111 32
152 13
150 47
192 47
112 35
153 77
151 87
193 14
113 53
154 42
152 39
194 52
114 99
155 77
153 40
195 56
115 57
156 97
154 45
196 35
116 63
157 73
155 50
197 85
117 75
158 55
156 73
198 15
118 28
159 11
157 18
199 12
119 30
160 30
158 80
200 69
120 47
159 14
201 60
121 11
162 72
202 10
122 92
163 11
161 71
203 43
123 74
164 44
162 52
204 75
124 11
165 12
163 38
205 78
125 16
166 37
164 29
206 41
126 40
167 75
165 91
207 12
127 89
168 53
166 15
208 54
128 82
169 42
167 76
209 91
129 90
170 36
168 28
210 26
130 61
171 78
169 56
211 36
131 56
172 90
170 62
212 14
132 59
173 69
171 43
213 60
133 20
174 69
172 47
214 11
134 89
175 52
173 79
215 70
135 31
176 34
174 54
216 98
136 55
177 97
175 89
217 15
137 59
178 100
176 42
218 62
138 39
179 99
177 67
219 76
139 17
180 51
178 38
220 77
140 59
181 90
179 88
221 18
141 21
182 68
180 84
222 50
142 74
183 48
181 78
223 65
143 57
184 65
182 48
224 74
144 81
185 30
183 37
225 51
145 35
186 94
184 32
226 64
146 98
187 98
185 95
227 21
147 33
188 19
186 17
228 70
148 54
189 30
187 92
229 96
149 20
190 79
188 82
230 59
150 93
191 67
189 16
231 66
151 24
192 27
190 12
232 92
152 83
193 90
191 22
233 51
153 68
194 53
192 77
234 49
154 60
195 89
193 42
235 67
155 57
196 71
194 16
236 40
156 40
197 62
195 52
237 98
157 60
198 44
196 43
238 28
158 22
199 82
197 29
239 94
159 96
200 14
198 59
240 75
160 75
199 93
241 67
161 86
202 40
242 60
162 93
203 63
201 83
243 37
163 45
204 97
202 79
244 72
164 26
205 66
203 99
245 51
165 44
206 89
204 87
246 80
166 26
207 61
205 68
247 76
167 27
208 51
206 59
248 24
168 96
209 68
207 94
249 20
169 71
210 57
208 66
250 93
170 44
211 15
209 25
251 12
171 51
212 26
210 94
252 67
172 92
213 28
211 41
253 76
173 37
214 33
212 75
254 34
174 25
215 23
213 30
255 69
175 65
216 22
214 11
256 83
176 38
217 61
215 86
257 55
177 22
218 30
216 40
258 93
178 13
219 25
217 90
259 90
179 40
220 78
218 27
260 36
180 12
221 40
219 35
261 54
181 66
222 40
220 15
262 66
182 69
223 75
221 89
263 55
183 12
224 75
222 76
264 44
184 70
225 98
223 91
265 59
185 66
226 96
224 18
266 12
186 60
227 68
225 29
267 92
187 52
228 74
226 73
268 23
188 96
229 91
227 81
269 33
189 60
230 40
228 19
270 11
190 71
231 52
229 50
271 44
191 27
232 24
230 63
272 32
192 12
233 34
231 91
273 15
193 22
234 38
232 88
274 46
194 93
235 66
233 99
275 40
195 39
236 66
234 46
276 100
196 96
237 46
235 22
277 47
197 34
238 66
236 10
278 62
198 63
239 26
237 39
279 46
199 23
240 24
238 45
280 72
200 64
239 24
281 89
201 32
242 39
282 23
202 59
243 92
241 100
283 86
203 97
244 70
242 84
284 61
204 71
245 68
243 33
285 74
205 27
246 72
244 31
286 25
206 71
247 34
245 66
287 80
207 100
248 75
246 69
288 71
208 99
249 71
247 17
289 97
209 51
250 66
248 43
290 21
210 28
251 29
249 29
291 14
211 86
252 40
250 51
292 10
212 57
253 36
251 51
293 31
213 25
254 56
252 53
294 60
214 27
255 20
253 93
295 73
215 36
256 13
254 11
296 68
216 41
257 16
255 88
297 98
217 49
258 91
256 34
298 84
218 27
259 77
257 23
299 31
219 20
260 84
258 58
300 78
220 31
261 15
259 23
301 90
221 95
262 36
260 13
302 80
222 13
263 22
261 18
303 76
223 51
264 12
262 93
304 61
224 20
265 43
263 11
305 30
225 86
266 26
264 12
306 100
226 50
267 94
265 91
307 72
227 26
268 66
266 38
308 55
228 37
269 19
267 87
309 91
229 29
270 98
268 25
310 19
230 90
271 80
269 94
311 80
231 45
272 10
270 54
312 53
232 92
273 70
271 62
313 34
233 12
274 73
272 83
314 23
234 40
275 100
273 52
315 44
235 60
276 12
274 57
316 14
236 85
277 88
275 50
317 36
237 22
278 19
276 87
318 82
238 70
279 17
277 94
319 60
239 59
280 16
278 56
320 25
240 43
279 97
321 39
241 63
282 47
322 52
242 99
283 99
281 98
323 23
243 50
284 32
282 17
324 11
244 20
285 73
283 86
325 23
245 41
286 77
284 11
326 14
246 16
287 54
285 13
327 60
247 69
288 85
286 67
328 49
248 53
289 44
287 40
329 21
249 28
290 47
288 51
330 15
250 37
291 18
289 39
331 51
251 59
292 71
290 84
332 71
252 86
293 100
291 72
333 27
253 84
294 98
292 79
334 72
254 68
295 38
293 75
335 66
255 37
296 13
294 75
336 42
256 22
297 28
295 71
337 73
257 51
298 12
296 21
338 24
258 18
299 86
297 51
339 47
259 49
300 37
298 18
340 96
260 92
301 76
299 23
341 76
261 81
302 78
300 50
342 23
262 58
303 77
301 66
343 58
263 47
304 21
302 59
344 31
264 48
305 55
303 83
345 22
265 66
306 81
304 18
346 22
266 47
307 74
305 15
347 59
267 88
308 51
306 76
348 85
268 94
309 14
307 38
349 75
269 46
310 59
308 89
350 15
270 82
311 100
309 96
351 55
271 24
312 12
310 39
352 72
272 29
313 63
311 70
353 90
273 12
314 21
312 43
354 44
274 64
315 17
313 55
355 44
275 74
316 92
314 34
356 34
276 56
317 51
315 14
357 22
277 86
318 70
316 26
358 39
278 18
319 33
317 43
359 66
279 27
320 83
318 55
360 76
280 33
319 53
361 33
281 45
322 42
362 32
282 49
323 74
321 95
363 58
283 80
324 10
322 25
364 48
284 27
325 86
323 68
365 57
285 35
326 37
324 89
366 83
286 47
327 72
325 100
367 53
287 27
328 66
326 78
368 61
288 87
329 85
327 66
369 29
289 23
330 97
328 24
370 86
290 52
331 83
329 54
371 31
291 75
332 62
330 92
372 91
292 11
333 52
331 36
373 63
293 76
334 43
332 52
374 34
294 55
335 84
333 19
375 97
295 49
336 56
334 45
376 69
296 67
337 89
335 79
377 30
297 94
338 98
336 77
378 58
298 65
339 81
337 86
379 35
299 29
340 51
338 54
380 49
300 47
341 44
339 55
381 71
301 47
342 57
340 82
382 66
302 80
343 82
341 90
383 86
303 87
344 52
342 95
384 47
304 75
345 52
343 23
385 93
305 82
346 46
344 61
386 17
306 95
347 70
345 31
387 98
307 92
348 24
346 47
388 92
308 16
349 49
347 17
389 19
309 68
350 99
348 39
390 82
310 34
351 88
349 32
391 90
311 40
352 27
350 67
392 83
312 31
353 56
351 61
393 88
313 90
354 20
352 42
394 93
314 92
355 80
353 31
395 35
315 85
356 18
354 14
396 33
316 21
357 10
355 59
397 27
317 95
358 50
356 74
398 52
318 42
359 97
357 12
399 74
319 59
360 85
358 57
400 72
320 48
359 86
321 32
362 52
322 27
363 12
361 38
323 10
364 74
362 98
324 83
365 99
363 20
325 41
366 13
364 48
326 19
367 64
365 18
327 71
368 71
366 63
328 51
369 73
367 99
329 100
370 38
368 37
330 44
371 36
369 94
331 57
372 67
370 50
332 36
373 74
371 79
333 29
374 24
372 21
334 68
375 93
373 39
335 86
376 80
374 59
336 42
377 10
375 99
337 73
378 79
376 65
338 14
379 65
377 38
339 22
380 54
378 90
340 21
381 66
379 68
341 13
382 27
380 13
342 87
383 99
381 63
343 29
384 72
382 87
344 22
385 79
383 58
345 93
386 49
384 34
346 91
387 95
385 85
347 44
388 81
386 71
348 23
389 29
387 63
349 86
390 31
388 18
350 26
391 43
389 49
351 10
392 86
390 19
352 42
393 70
391 88
353 30
394 99
392 87
354 27
395 58
393 25
355 45
396 18
394 63
356 16
397 98
395 69
357 42
398 59
396 30
358 39
399 96
397 29
359 94
400 90
398 56
360 46
399 14
297
190
1 297 
1 29 
1 289 
1 224 
2 8 5 
3 272 154 136 
2 306 165 
2 217 145 
2 398 295 
3 246 64 230 
2 341 393 
2 361 384 
1 3 
1 50 
2 356 4 
1 177 
1 281 
2 231 368 
1 212 
1 376 
4 312 128 266 309 
3 85 323 344 
3 148 313 21 
1 387 
2 181 13 
3 388 352 70 
1 218 
4 240 204 144 203 
2 112 263 
1 290 
2 372 371 
1 68 
1 11 
1 26 
2 113 381 
1 63 
2 299 337 
2 392 37 
1 149 
2 205 55 
3 60 195 41 
2 1 173 
2 44 87 
1 241 
3 338 385 187 
1 127 
2 124 73 
2 84 19 
2 179 386 
3 107 253 215 
2 213 71 
2 15 164 
2 259 49 
2 247 206 
2 226 379 
1 262 
2 252 311 
1 349 
4 96 115 260 227 
1 219 
2 317 278 
1 307 
2 274 284 
2 301 120 
3 80 248 174 
1 132 
2 291 191 
1 42 
2 237 75 
2 56 126 
2 7 150 
1 46 
2 269 58 
3 304 159 119 
1 236 
2 264 190 
