196 728 10 100 37
2
3
3
3
3
3
3
3
3
3
3
3
3
2
3
4
4
4
4
4
4
4
4
4
4
4
4
3
3
4
4
4
4
4
4
4
4
4
4
4
4
3
3
4
4
4
4
4
4
4
4
4
4
4
4
3
3
4
4
4
4
4
4
4
4
4
4
4
4
3
3
4
4
4
4
4
4
4
4
4
4
4
4
3
3
4
4
4
4
4
4
4
4
4
4
4
4
3
3
4
4
4
4
4
4
4
4
4
4
4
4
3
3
4
4
4
4
4
4
4
4
4
4
4
4
3
3
4
4
4
4
4
4
4
4
4
4
4
4
3
3
4
4
4
4
4
4
4
4
4
4
4
4
3
3
4
4
4
4
4
4
4
4
4
4
4
4
3
3
4
4
4
4
4
4
4
4
4
4
4
4
3
2
3
3
3
3
3
3
3
3
3
3
3
3
2
15 53
2 29
16 42
3 65
1 78
17 77
4 33
2 28
18 26
5 62
3 33
19 76
6 26
4 53
20 25
7 30
5 67
21 22
8 41
6 59
22 58
9 49
7 70
23 65
10 50
8 25
24 83
11 90
9 61
25 78
12 96
10 97
26 79
13 23
11 76
27 42
14 28
12 38
28 64
13 17
29 17
1 32
16 65
30 68
2 60
17 71
15 67
31 24
3 85
18 39
16 42
32 100
4 71
19 68
17 31
33 69
5 38
20 70
18 97
34 76
6 45
21 16
19 87
35 96
7 86
22 26
20 49
36 14
8 17
23 12
21 20
37 60
9 13
24 13
22 31
38 32
10 46
25 63
23 70
39 43
11 32
26 90
24 35
40 12
12 27
27 58
25 43
41 74
13 22
28 68
26 73
42 94
14 80
27 26
43 98
15 84
30 12
44 90
16 22
31 61
29 14
45 77
17 28
32 29
30 26
46 13
18 43
33 25
31 28
47 92
19 60
34 79
32 89
48 81
20 64
35 91
33 13
49 26
21 88
36 18
34 60
50 15
22 23
37 69
35 38
51 85
23 47
38 80
36 30
52 98
24 26
39 69
37 17
53 33
25 94
40 98
38 61
54 23
26 70
41 50
39 15
55 26
27 37
42 98
40 30
56 21
28 30
41 94
57 35
29 23
44 74
58 11
30 14
45 14
43 23
59 73
31 45
46 92
44 57
60 25
32 96
47 48
45 39
61 48
33 72
48 58
46 30
62 67
34 57
49 38
47 63
63 92
35 66
50 96
48 17
64 62
36 92
51 15
49 26
65 77
37 39
52 13
50 21
66 33
38 22
53 55
51 26
67 33
39 65
54 65
52 14
68 84
40 16
55 26
53 36
69 74
41 17
56 50
54 35
70 50
42 97
55 49
71 41
43 55
58 76
72 35
44 91
59 62
57 86
73 74
45 54
60 87
58 57
74 92
46 72
61 63
59 39
75 61
47 52
62 40
60 54
76 72
48 58
63 13
61 78
77 29
49 27
64 62
62 44
78 36
50 46
65 67
63 16
79 90
51 10
66 28
64 70
80 25
52 54
67 34
65 47
81 90
53 71
68 24
66 50
82 62
54 27
69 51
67 22
83 85
55 71
70 11
68 92
84 59
56 72
69 18
85 13
57 20
72 31
86 11
58 41
73 12
71 30
87 71
59 89
74 89
72 74
88 22
60 10
75 54
73 68
89 92
61 43
76 68
74 20
90 71
62 51
77 83
75 26
91 94
63 65
78 70
76 91
92 91
64 53
79 72
77 89
93 23
65 43
80 39
78 75
94 35
66 38
81 88
79 82
95 57
67 67
82 99
80 39
96 57
68 54
83 60
81 96
97 62
69 21
84 49
82 11
98 38
70 46
83 81
99 71
71 53
86 11
100 75
72 38
87 94
85 48
101 63
73 45
88 80
86 69
102 16
74 56
89 72
87 97
103 31
75 100
90 79
88 70
104 84
76 25
91 18
89 13
105 52
77 70
92 33
90 80
106 20
78 77
93 36
91 65
107 97
79 10
94 33
92 89
108 96
80 73
95 39
93 50
109 83
81 77
96 17
94 21
110 63
82 20
97 98
95 57
111 82
83 57
98 69
96 68
112 14
84 26
97 25
113 13
85 99
100 76
114 27
86 61
101 14
99 87
115 94
87 49
102 27
100 75
116 18
88 22
103 69
101 48
117 41
89 80
104 92
102 35
118 94
90 51
105 52
103 88
119 48
91 62
106 16
104 27
120 72
92 63
107 46
105 64
121 15
93 23
108 80
106 81
122 97
94 50
109 60
107 57
123 97
95 55
110 76
108 90
124 73
96 94
111 50
109 97
125 50
97 35
112 53
110 50
126 20
98 33
111 62
127 19
99 85
114 40
128 67
100 68
115 99
113 34
129 86
101 60
116 98
114 82
130 45
102 92
117 97
115 14
131 57
103 71
118 93
116 91
132 89
104 47
119 38
117 25
133 47
105 81
120 31
118 34
134 79
106 42
121 83
119 54
135 54
107 54
122 78
120 37
136 51
108 53
123 49
121 95
137 30
109 47
124 58
122 78
138 76
110 68
125 42
123 42
139 13
111 57
126 27
124 35
140 64
112 26
125 29
141 15
113 45
128 33
142 24
114 63
129 47
127 82
143 23
115 25
130 22
128 20
144 42
116 76
131 63
129 70
145 59
117 43
132 86
130 54
146 77
118 42
133 30
131 61
147 63
119 28
134 16
132 72
148 72
120 18
135 84
133 65
149 77
121 53
136 21
134 81
150 63
122 48
137 48
135 84
151 48
123 17
138 53
136 72
152 39
124 24
139 84
137 45
153 95
125 43
140 24
138 52
154 59
126 16
139 21
155 19
127 13
142 81
156 82
128 21
143 65
141 26
157 68
129 38
144 26
142 57
158 45
130 78
145 91
143 100
159 86
131 27
146 26
144 66
160 78
132 91
147 88
145 45
161 21
133 35
148 37
146 86
162 35
134 24
149 95
147 85
163 63
135 30
150 66
148 42
164 35
136 53
151 74
149 33
165 74
137 61
152 24
150 50
166 24
138 41
153 17
151 63
167 10
139 65
154 24
152 83
168 86
140 43
153 86
169 50
141 84
156 98
170 10
142 14
157 25
155 92
171 72
143 70
158 65
156 30
172 23
144 67
159 26
157 47
173 74
145 57
160 92
158 52
174 37
146 56
161 54
159 70
175 31
147 11
162 94
160 46
176 88
148 41
163 37
161 73
177 92
149 91
164 39
162 47
178 74
150 45
165 23
163 56
179 91
151 47
166 39
164 53
180 27
152 73
167 65
165 69
181 13
153 34
168 39
166 75
182 77
154 40
167 33
183 75
155 94
170 20
184 49
156 66
171 69
169 44
185 77
157 26
172 57
170 18
186 93
158 96
173 93
171 65
187 86
159 69
174 83
172 18
188 51
160 16
175 67
173 42
189 24
161 29
176 60
174 63
190 68
162 25
177 87
175 97
191 79
163 45
178 49
176 92
192 17
164 40
179 85
177 97
193 79
165 23
180 12
178 59
194 76
166 97
181 51
179 95
195 92
167 43
182 90
180 56
196 48
168 93
181 45
169 27
184 48
170 90
185 68
183 56
171 55
186 17
184 36
172 21
187 79
185 26
173 71
188 71
186 27
174 34
189 12
187 86
175 88
190 11
188 59
176 86
191 88
189 19
177 75
192 38
190 64
178 84
193 98
191 66
179 66
194 60
192 14
180 69
195 61
193 49
181 74
196 24
194 15
182 29
195 30
44
9
2 108 44 
2 156 158 
1 31 
2 87 30 
2 17 121 
1 89 
1 175 
2 180 49 
5 173 3 149 127 41 
3 54 93 115 
1 23 
1 120 
1 74 
3 177 14 167 
3 71 27 157 
1 62 
5 97 61 98 25 34 
1 57 
3 83 37 47 
2 191 104 
1 107 
1 138 
1 171 
1 92 
2 21 195 
4 102 40 45 155 
1 143 
1 182 
1 85 
1 186 
3 165 145 26 
3 160 28 6 
1 5 
1 70 
2 4 159 
1 79 
1 9 
