600 2276 10 100 114
2
3
3
3
3
3
3
3
3
3
3
3
3
3
3
3
3
3
3
3
3
3
3
3
3
3
3
3
3
3
3
3
3
3
3
3
3
3
3
3
3
3
3
3
3
3
3
3
3
2
3
4
4
4
4
4
4
4
4
4
4
4
4
4
4
4
4
4
4
4
4
4
4
4
4
4
4
4
4
4
4
4
4
4
4
4
4
4
4
4
4
4
4
4
4
4
4
4
4
3
3
4
4
4
4
4
4
4
4
4
4
4
4
4
4
4
4
4
4
4
4
4
4
4
4
4
4
4
4
4
4
4
4
4
4
4
4
4
4
4
4
4
4
4
4
4
4
4
4
3
3
4
4
4
4
4
4
4
4
4
4
4
4
4
4
4
4
4
4
4
4
4
4
4
4
4
4
4
4
4
4
4
4
4
4
4
4
4
4
4
4
4
4
4
4
4
4
4
4
3
3
4
4
4
4
4
4
4
4
4
4
4
4
4
4
4
4
4
4
4
4
4
4
4
4
4
4
4
4
4
4
4
4
4
4
4
4
4
4
4
4
4
4
4
4
4
4
4
4
3
3
4
4
4
4
4
4
4
4
4
4
4
4
4
4
4
4
4
4
4
4
4
4
4
4
4
4
4
4
4
4
4
4
4
4
4
4
4
4
4
4
4
4
4
4
4
4
4
4
3
3
4
4
4
4
4
4
4
4
4
4
4
4
4
4
4
4
4
4
4
4
4
4
4
4
4
4
4
4
4
4
4
4
4
4
4
4
4
4
4
4
4
4
4
4
4
4
4
4
3
3
4
4
4
4
4
4
4
4
4
4
4
4
4
4
4
4
4
4
4
4
4
4
4
4
4
4
4
4
4
4
4
4
4
4
4
4
4
4
4
4
4
4
4
4
4
4
4
4
3
3
4
4
4
4
4
4
4
4
4
4
4
4
4
4
4
4
4
4
4
4
4
4
4
4
4
4
4
4
4
4
4
4
4
4
4
4
4
4
4
4
4
4
4
4
4
4
4
4
3
3
4
4
4
4
4
4
4
4
4
4
4
4
4
4
4
4
4
4
4
4
4
4
4
4
4
4
4
4
4
4
4
4
4
4
4
4
4
4
4
4
4
4
4
4
4
4
4
4
3
3
4
4
4
4
4
4
4
4
4
4
4
4
4
4
4
4
4
4
4
4
4
4
4
4
4
4
4
4
4
4
4
4
4
4
4
4
4
4
4
4
4
4
4
4
4
4
4
4
3
2
3
3
3
3
3
3
3
3
3
3
3
3
3
3
3
3
3
3
3
3
3
3
3
3
3
3
3
3
3
3
3
3
3
3
3
3
3
3
3
3
3
3
3
3
3
3
3
3
2
51 95
2 29
52 100
3 75
1 59
53 52
4 98
2 19
54 38
5 36
3 95
55 76
6 67
4 97
56 35
7 44
5 28
57 76
8 26
6 27
58 57
9 73
7 32
59 72
10 52
8 18
60 73
11 13
9 12
61 96
12 75
10 35
62 18
13 93
11 69
63 63
14 98
12 26
64 97
15 25
13 27
65 98
16 60
14 87
66 68
17 64
15 34
67 55
18 34
16 89
68 24
19 22
17 67
69 82
20 82
18 89
70 24
21 83
19 53
71 23
22 76
20 59
72 86
23 51
21 51
73 73
24 99
22 95
74 57
25 70
23 27
75 19
26 50
24 50
76 99
27 99
25 23
77 28
28 44
26 77
78 83
29 47
27 83
79 40
30 24
28 57
80 65
31 58
29 43
81 27
32 50
30 67
82 85
33 78
31 75
83 60
34 12
32 30
84 89
35 12
33 76
85 29
36 49
34 89
86 16
37 65
35 93
87 42
38 62
36 71
88 95
39 43
37 18
89 25
40 19
38 75
90 45
41 46
39 48
91 16
42 19
40 31
92 34
43 82
41 78
93 83
44 68
42 21
94 40
45 100
43 23
95 34
46 41
44 83
96 61
47 66
45 90
97 10
48 54
46 76
98 74
49 70
47 27
99 69
50 69
48 97
100 60
49 22
101 58
1 68
52 79
102 85
2 82
53 61
51 28
103 25
3 99
54 40
52 58
104 25
4 76
55 98
53 96
105 84
5 49
56 47
54 85
106 14
6 30
57 49
55 29
107 12
7 68
58 74
56 48
108 89
8 34
59 57
57 20
109 51
9 12
60 37
58 46
110 91
10 58
61 46
59 49
111 99
11 93
62 65
60 26
112 93
12 52
63 85
61 58
113 73
13 18
64 15
62 27
114 12
14 48
65 35
63 50
115 32
15 12
66 82
64 51
116 31
16 88
67 41
65 19
117 18
17 94
68 23
66 89
118 100
18 43
69 55
67 62
119 74
19 12
70 89
68 11
120 19
20 63
71 55
69 55
121 68
21 41
72 59
70 81
122 55
22 71
73 55
71 100
123 18
23 84
74 77
72 11
124 20
24 35
75 87
73 55
125 92
25 65
76 46
74 19
126 78
26 35
77 29
75 33
127 77
27 60
78 55
76 21
128 80
28 69
79 76
77 71
129 60
29 54
80 17
78 13
130 54
30 41
81 22
79 77
131 30
31 65
82 47
80 85
132 24
32 10
83 48
81 50
133 35
33 69
84 49
82 66
134 27
34 48
85 81
83 49
135 56
35 54
86 31
84 93
136 71
36 72
87 95
85 85
137 33
37 63
88 19
86 90
138 60
38 41
89 83
87 89
139 15
39 63
90 41
88 18
140 62
40 15
91 43
89 60
141 90
41 45
92 23
90 15
142 89
42 92
93 27
91 79
143 22
43 79
94 19
92 56
144 57
44 97
95 49
93 67
145 39
45 48
96 66
94 69
146 28
46 29
97 23
95 82
147 61
47 44
98 93
96 11
148 95
48 99
99 50
97 50
149 30
49 91
100 24
98 97
150 69
50 100
99 32
151 18
51 53
102 83
152 55
52 94
103 12
101 55
153 22
53 65
104 40
102 82
154 92
54 91
105 67
103 76
155 74
55 80
106 88
104 24
156 58
56 38
107 87
105 27
157 40
57 57
108 18
106 61
158 51
58 91
109 65
107 36
159 25
59 50
110 24
108 49
160 28
60 65
111 20
109 98
161 45
61 93
112 88
110 83
162 30
62 24
113 45
111 74
163 20
63 30
114 29
112 94
164 79
64 59
115 43
113 76
165 41
65 94
116 83
114 76
166 71
66 97
117 72
115 74
167 57
67 99
118 61
116 11
168 81
68 52
119 78
117 27
169 46
69 26
120 20
118 98
170 87
70 63
121 77
119 52
171 97
71 77
122 39
120 59
172 51
72 36
123 13
121 91
173 39
73 38
124 90
122 68
174 98
74 57
125 20
123 74
175 75
75 57
126 70
124 19
176 43
76 55
127 21
125 89
177 67
77 30
128 72
126 87
178 86
78 16
129 17
127 67
179 39
79 79
130 36
128 78
180 25
80 76
131 22
129 80
181 31
81 64
132 13
130 23
182 35
82 21
133 82
131 85
183 98
83 48
134 24
132 62
184 55
84 100
135 100
133 25
185 85
85 71
136 73
134 82
186 82
86 21
137 94
135 93
187 11
87 84
138 56
136 71
188 13
88 20
139 29
137 25
189 57
89 61
140 11
138 56
190 13
90 62
141 53
139 100
191 21
91 88
142 32
140 53
192 26
92 82
143 21
141 45
193 16
93 41
144 63
142 73
194 84
94 18
145 69
143 82
195 55
95 61
146 17
144 99
196 20
96 58
147 48
145 51
197 77
97 51
148 18
146 13
198 80
98 91
149 67
147 86
199 53
99 19
150 11
148 43
200 71
100 59
149 52
201 95
101 40
152 60
202 29
102 76
153 22
151 59
203 88
103 54
154 28
152 98
204 45
104 59
155 61
153 15
205 45
105 82
156 51
154 74
206 49
106 32
157 27
155 26
207 99
107 65
158 49
156 65
208 85
108 64
159 66
157 40
209 22
109 12
160 96
158 55
210 16
110 55
161 41
159 49
211 80
111 62
162 62
160 30
212 69
112 43
163 56
161 90
213 30
113 53
164 95
162 36
214 38
114 76
165 90
163 89
215 26
115 25
166 92
164 43
216 51
116 64
167 17
165 52
217 32
117 79
168 18
166 97
218 54
118 48
169 25
167 77
219 36
119 61
170 74
168 82
220 23
120 92
171 56
169 66
221 78
121 50
172 23
170 69
222 20
122 26
173 40
171 43
223 24
123 27
174 58
172 92
224 54
124 78
175 66
173 77
225 37
125 93
176 19
174 96
226 89
126 88
177 38
175 26
227 88
127 58
178 48
176 15
228 69
128 55
179 57
177 12
229 80
129 32
180 84
178 38
230 87
130 78
181 76
179 83
231 57
131 41
182 33
180 28
232 50
132 44
183 16
181 18
233 15
133 78
184 67
182 99
234 94
134 55
185 57
183 85
235 91
135 100
186 98
184 10
236 12
136 80
187 32
185 29
237 67
137 90
188 72
186 100
238 52
138 48
189 52
187 69
239 41
139 55
190 64
188 77
240 38
140 98
191 58
189 80
241 36
141 19
192 93
190 79
242 96
142 48
193 63
191 92
243 31
143 41
194 79
192 35
244 67
144 34
195 27
193 52
245 35
145 33
196 32
194 40
246 85
146 50
197 79
195 67
247 21
147 74
198 15
196 96
248 43
148 43
199 95
197 64
249 73
149 40
200 82
198 92
250 76
150 30
199 56
251 38
151 28
202 58
252 71
152 56
203 74
201 43
253 31
153 56
204 53
202 86
254 84
154 34
205 74
203 21
255 24
155 38
206 68
204 33
256 51
156 26
207 64
205 71
257 85
157 84
208 32
206 96
258 98
158 87
209 95
207 32
259 45
159 36
210 57
208 20
260 28
160 97
211 64
209 73
261 86
161 60
212 92
210 93
262 74
162 37
213 62
211 65
263 79
163 15
214 79
212 82
264 20
164 97
215 34
213 17
265 68
165 52
216 49
214 48
266 61
166 91
217 90
215 74
267 60
167 37
218 54
216 69
268 55
168 62
219 11
217 89
269 81
169 63
220 29
218 63
270 59
170 29
221 19
219 31
271 51
171 76
222 24
220 41
272 26
172 98
223 18
221 59
273 27
173 83
224 91
222 81
274 28
174 91
225 59
223 34
275 98
175 80
226 93
224 88
276 63
176 65
227 64
225 90
277 74
177 92
228 72
226 58
278 13
178 65
229 100
227 55
279 72
179 14
230 72
228 80
280 92
180 90
231 54
229 56
281 69
181 82
232 100
230 17
282 83
182 20
233 26
231 74
283 29
183 37
234 30
232 11
284 59
184 69
235 12
233 40
285 67
185 37
236 100
234 85
286 90
186 82
237 51
235 40
287 85
187 74
238 19
236 24
288 96
188 32
239 83
237 44
289 79
189 17
240 19
238 91
290 71
190 74
241 88
239 10
291 60
191 100
242 35
240 91
292 78
192 64
243 54
241 42
293 76
193 77
244 62
242 51
294 17
194 26
245 10
243 10
295 64
195 30
246 14
244 83
296 17
196 25
247 85
245 76
297 19
197 23
248 98
246 44
298 45
198 32
249 37
247 56
299 94
199 91
250 13
248 96
300 70
200 49
249 79
301 21
201 48
252 36
302 41
202 38
253 87
251 12
303 48
203 60
254 28
252 69
304 14
204 50
255 77
253 79
305 94
205 14
256 27
254 20
306 65
206 61
257 70
255 82
307 48
207 76
258 83
256 20
308 48
208 43
259 40
257 14
309 84
209 96
260 94
258 88
310 62
210 97
261 40
259 22
311 42
211 16
262 45
260 14
312 18
212 87
263 10
261 16
313 72
213 98
264 73
262 56
314 80
214 55
265 44
263 93
315 92
215 17
266 22
264 22
316 35
216 52
267 31
265 99
317 47
217 25
268 32
266 70
318 53
218 95
269 57
267 21
319 75
219 16
270 80
268 41
320 80
220 33
271 43
269 17
321 35
221 24
272 95
270 54
322 65
222 44
273 64
271 26
323 42
223 97
274 25
272 28
324 98
224 85
275 70
273 75
325 79
225 39
276 30
274 79
326 41
226 64
277 10
275 94
327 53
227 73
278 92
276 47
328 36
228 100
279 82
277 69
329 18
229 98
280 25
278 70
330 76
230 49
281 94
279 29
331 32
231 84
282 44
280 16
332 36
232 97
283 62
281 51
333 16
233 91
284 27
282 13
334 52
234 36
285 13
283 63
335 53
235 40
286 94
284 48
336 60
236 11
287 30
285 48
337 38
237 60
288 21
286 39
338 53
238 75
289 62
287 42
339 75
239 19
290 96
288 46
340 75
240 26
291 58
289 99
341 61
241 82
292 88
290 29
342 90
242 89
293 97
291 65
343 45
243 21
294 11
292 99
344 48
244 32
295 79
293 25
345 46
245 68
296 61
294 84
346 65
246 99
297 40
295 32
347 55
247 52
298 95
296 90
348 92
248 97
299 10
297 61
349 98
249 57
300 47
298 22
350 38
250 16
299 97
351 47
251 78
302 21
352 65
252 55
303 25
301 98
353 77
253 30
304 43
302 34
354 53
254 64
305 62
303 54
355 21
255 58
306 71
304 39
356 94
256 59
307 76
305 37
357 82
257 24
308 32
306 22
358 15
258 21
309 13
307 37
359 83
259 54
310 25
308 46
360 79
260 90
311 47
309 21
361 34
261 14
312 92
310 100
362 34
262 13
313 78
311 87
363 80
263 10
314 47
312 73
364 95
264 46
315 81
313 13
365 18
265 35
316 11
314 63
366 63
266 26
317 67
315 78
367 60
267 47
318 88
316 33
368 96
268 92
319 32
317 92
369 29
269 66
320 90
318 41
370 77
270 73
321 11
319 98
371 33
271 60
322 99
320 54
372 69
272 24
323 50
321 29
373 21
273 66
324 64
322 64
374 52
274 22
325 53
323 98
375 20
275 39
326 90
324 82
376 90
276 21
327 56
325 86
377 17
277 100
328 19
326 96
378 92
278 70
329 81
327 86
379 25
279 31
330 78
328 21
380 82
280 47
331 91
329 77
381 53
281 60
332 55
330 96
382 42
282 74
333 91
331 55
383 93
283 59
334 97
332 78
384 71
284 19
335 15
333 52
385 87
285 60
336 83
334 78
386 96
286 45
337 98
335 51
387 29
287 85
338 47
336 43
388 49
288 15
339 71
337 72
389 51
289 18
340 20
338 54
390 14
290 43
341 27
339 98
391 32
291 29
342 42
340 54
392 25
292 44
343 42
341 48
393 33
293 80
344 86
342 84
394 30
294 76
345 36
343 92
395 17
295 73
346 38
344 80
396 13
296 44
347 27
345 84
397 22
297 54
348 48
346 58
398 94
298 48
349 30
347 89
399 91
299 46
350 84
348 95
400 40
300 84
349 12
401 33
301 14
352 57
402 60
302 53
353 31
351 14
403 73
303 57
354 41
352 13
404 73
304 27
355 61
353 13
405 72
305 60
356 15
354 95
406 42
306 45
357 22
355 79
407 66
307 60
358 93
356 71
408 86
308 90
359 97
357 55
409 27
309 28
360 80
358 49
410 51
310 26
361 57
359 89
411 82
311 61
362 40
360 65
412 41
312 20
363 68
361 98
413 21
313 11
364 86
362 51
414 99
314 72
365 75
363 75
415 70
315 77
366 53
364 47
416 95
316 72
367 97
365 40
417 89
317 43
368 35
366 17
418 90
318 12
369 37
367 13
419 71
319 90
370 83
368 62
420 86
320 50
371 46
369 63
421 85
321 36
372 91
370 93
422 11
322 82
373 25
371 22
423 59
323 26
374 69
372 54
424 51
324 100
375 51
373 85
425 33
325 21
376 23
374 32
426 64
326 48
377 49
375 48
427 43
327 36
378 87
376 36
428 18
328 47
379 16
377 64
429 36
329 43
380 95
378 99
430 32
330 37
381 35
379 71
431 91
331 21
382 80
380 62
432 46
332 93
383 26
381 79
433 70
333 25
384 22
382 89
434 10
334 28
385 88
383 82
435 35
335 70
386 54
384 49
436 33
336 53
387 82
385 59
437 93
337 65
388 47
386 52
438 40
338 78
389 37
387 90
439 81
339 56
390 41
388 48
440 76
340 18
391 38
389 70
441 55
341 53
392 61
390 54
442 75
342 46
393 59
391 27
443 29
343 59
394 68
392 17
444 17
344 42
395 90
393 21
445 23
345 15
396 50
394 70
446 61
346 97
397 41
395 83
447 68
347 44
398 20
396 11
448 87
348 89
399 31
397 23
449 92
349 73
400 87
398 39
450 78
350 63
399 30
451 70
351 83
402 55
452 94
352 32
403 41
401 26
453 41
353 72
404 26
402 42
454 63
354 33
405 94
403 94
455 16
355 63
406 98
404 30
456 85
356 39
407 49
405 44
457 11
357 60
408 97
406 65
458 95
358 81
409 18
407 48
459 29
359 15
410 74
408 66
460 72
360 95
411 65
409 83
461 53
361 76
412 40
410 76
462 77
362 25
413 63
411 80
463 16
363 85
414 27
412 87
464 75
364 93
415 72
413 23
465 28
365 73
416 23
414 66
466 88
366 11
417 15
415 48
467 94
367 86
418 54
416 25
468 94
368 92
419 63
417 42
469 20
369 12
420 46
418 22
470 36
370 66
421 56
419 85
471 63
371 90
422 54
420 19
472 53
372 24
423 81
421 18
473 30
373 14
424 51
422 30
474 43
374 37
425 44
423 97
475 17
375 37
426 24
424 48
476 70
376 11
427 42
425 79
477 96
377 16
428 56
426 91
478 34
378 37
429 58
427 79
479 41
379 90
430 79
428 47
480 25
380 54
431 51
429 96
481 76
381 35
432 25
430 36
482 47
382 84
433 18
431 100
483 94
383 30
434 24
432 30
484 65
384 33
435 59
433 13
485 83
385 76
436 56
434 22
486 38
386 100
437 50
435 80
487 67
387 27
438 54
436 54
488 44
388 66
439 28
437 73
489 42
389 22
440 57
438 31
490 73
390 26
441 27
439 30
491 81
391 71
442 12
440 68
492 95
392 40
443 30
441 59
493 31
393 59
444 61
442 26
494 60
394 31
445 98
443 53
495 94
395 66
446 99
444 74
496 28
396 11
447 11
445 84
497 41
397 96
448 43
446 62
498 50
398 74
449 68
447 72
499 64
399 50
450 41
448 95
500 53
400 100
449 45
501 19
401 97
452 68
502 33
402 99
453 75
451 72
503 44
403 53
454 87
452 74
504 87
404 95
455 14
453 31
505 32
405 91
456 61
454 17
506 93
406 11
457 67
455 41
507 60
407 19
458 33
456 15
508 96
408 60
459 16
457 31
509 37
409 23
460 56
458 38
510 50
410 32
461 52
459 43
511 40
411 93
462 87
460 98
512 27
412 11
463 90
461 61
513 70
413 68
464 56
462 51
514 40
414 79
465 24
463 19
515 68
415 54
466 10
464 63
516 95
416 17
467 61
465 62
517 54
417 39
468 30
466 30
518 63
418 26
469 72
467 71
519 50
419 50
470 47
468 71
520 82
420 55
471 96
469 39
521 60
421 33
472 74
470 80
522 58
422 32
473 54
471 23
523 94
423 78
474 63
472 64
524 60
424 87
475 63
473 15
525 39
425 25
476 72
474 38
526 19
426 87
477 80
475 90
527 29
427 99
478 60
476 76
528 75
428 13
479 90
477 56
529 21
429 87
480 38
478 36
530 43
430 43
481 81
479 69
531 81
431 53
482 34
480 96
532 95
432 13
483 21
481 67
533 18
433 64
484 51
482 93
534 56
434 88
485 51
483 47
535 100
435 34
486 62
484 89
536 88
436 21
487 88
485 31
537 37
437 89
488 61
486 94
538 61
438 67
489 26
487 25
539 36
439 65
490 65
488 77
540 76
440 41
491 67
489 56
541 46
441 91
492 66
490 14
542 69
442 22
493 16
491 43
543 85
443 70
494 52
492 25
544 88
444 64
495 97
493 25
545 50
445 59
496 81
494 83
546 60
446 74
497 91
495 99
547 38
447 83
498 97
496 11
548 24
448 98
499 89
497 52
549 50
449 43
500 92
498 22
550 30
450 12
499 56
551 17
451 49
502 39
552 28
452 83
503 32
501 97
553 59
453 15
504 16
502 11
554 24
454 44
505 30
503 25
555 42
455 26
506 30
504 45
556 86
456 34
507 79
505 20
557 64
457 26
508 64
506 44
558 88
458 90
509 10
507 75
559 44
459 81
510 75
508 23
560 85
460 50
511 42
509 48
561 60
461 37
512 31
510 79
562 24
462 59
513 83
511 32
563 42
463 71
514 99
512 98
564 45
464 77
515 66
513 38
565 42
465 10
516 82
514 23
566 25
466 11
517 65
515 90
567 35
467 66
518 10
516 96
568 77
468 16
519 77
517 73
569 39
469 81
520 17
518 13
570 63
470 78
521 82
519 38
571 82
471 41
522 60
520 30
572 53
472 36
523 72
521 11
573 18
473 19
524 22
522 91
574 21
474 100
525 89
523 73
575 39
475 74
526 79
524 36
576 37
476 70
527 11
525 77
577 85
477 59
528 76
526 46
578 82
478 70
529 23
527 32
579 36
479 86
530 87
528 97
580 28
480 19
531 94
529 14
581 21
481 55
532 23
530 34
582 75
482 50
533 90
531 61
583 18
483 38
534 57
532 96
584 94
484 17
535 11
533 30
585 18
485 12
536 10
534 75
586 18
486 30
537 36
535 70
587 55
487 63
538 93
536 90
588 77
488 90
539 44
537 15
589 47
489 67
540 80
538 83
590 33
490 97
541 87
539 61
591 17
491 52
542 71
540 100
592 72
492 35
543 90
541 21
593 45
493 78
544 14
542 64
594 70
494 32
545 44
543 29
595 41
495 64
546 36
544 50
596 85
496 76
547 28
545 83
597 19
497 16
548 39
546 100
598 22
498 23
549 66
547 76
599 48
499 97
550 12
548 86
600 25
500 68
549 95
501 87
552 53
502 67
553 59
551 36
503 66
554 78
552 65
504 41
555 74
553 48
505 12
556 24
554 15
506 76
557 76
555 58
507 54
558 25
556 81
508 50
559 97
557 87
509 52
560 97
558 94
510 96
561 19
559 25
511 51
562 59
560 78
512 69
563 85
561 41
513 35
564 42
562 77
514 51
565 96
563 48
515 62
566 67
564 87
516 26
567 85
565 68
517 98
568 80
566 88
518 42
569 70
567 98
519 79
570 32
568 32
520 79
571 87
569 14
521 98
572 64
570 14
522 33
573 46
571 88
523 88
574 17
572 37
524 19
575 13
573 68
525 34
576 20
574 73
526 31
577 36
575 64
527 49
578 34
576 44
528 70
579 80
577 29
529 27
580 55
578 88
530 52
581 50
579 100
531 44
582 43
580 28
532 57
583 64
581 94
533 71
584 10
582 13
534 33
585 34
583 96
535 93
586 65
584 54
536 37
587 78
585 98
537 64
588 41
586 30
538 56
589 73
587 10
539 61
590 43
588 49
540 93
591 55
589 59
541 44
592 59
590 76
542 81
593 53
591 29
543 71
594 39
592 87
544 40
595 65
593 41
545 68
596 64
594 23
546 62
597 26
595 34
547 31
598 57
596 41
548 28
599 28
597 81
549 97
600 63
598 22
550 29
599 67
236
343
1 236 
1 329 
2 178 371 
2 490 486 
1 296 
2 400 28 
2 457 354 
2 133 339 
1 420 
3 315 80 426 
1 274 
3 159 87 375 
1 107 
3 12 302 330 
1 167 
2 541 145 
2 422 95 
5 301 229 186 60 451 
1 52 
3 591 405 465 
2 214 578 
2 105 313 
1 385 
2 263 51 
1 252 
2 579 2 
4 333 326 366 444 
1 577 
3 10 16 103 
1 523 
1 445 
3 233 380 349 
1 361 
1 162 
3 537 432 585 
2 303 321 
2 368 300 
2 544 109 
3 558 350 467 
3 551 515 232 
2 202 119 
2 413 75 
2 415 416 
1 29 
2 68 101 
1 73 
4 120 401 250 325 
1 4 
2 259 179 
3 493 85 57 
1 77 
1 268 
2 94 288 
1 514 
2 248 474 
2 234 45 
2 528 373 
2 359 377 
1 593 
1 516 
1 54 
2 524 64 
1 279 
2 265 200 
1 177 
1 156 
3 418 357 235 
1 352 
1 430 
1 137 
1 88 
3 163 76 215 
1 347 
2 412 362 
1 18 
2 437 176 
1 519 
1 58 
2 275 550 
4 370 402 342 283 
2 124 590 
2 332 217 
1 129 
1 278 
1 59 
2 533 506 
1 392 
2 168 346 
2 588 31 
4 82 17 518 149 
1 81 
2 310 407 
3 480 564 154 
3 381 86 212 
3 100 241 466 
1 63 
3 221 453 531 
1 173 
3 182 3 161 
1 389 
2 435 102 
2 194 599 
2 32 285 
1 447 
3 20 34 219 
2 318 74 
2 226 230 
2 397 311 
2 477 539 
2 565 135 
2 344 509 
1 293 
1 78 
1 343 
