144 528 10 100 27
2
3
3
3
3
3
3
3
3
3
3
2
3
4
4
4
4
4
4
4
4
4
4
3
3
4
4
4
4
4
4
4
4
4
4
3
3
4
4
4
4
4
4
4
4
4
4
3
3
4
4
4
4
4
4
4
4
4
4
3
3
4
4
4
4
4
4
4
4
4
4
3
3
4
4
4
4
4
4
4
4
4
4
3
3
4
4
4
4
4
4
4
4
4
4
3
3
4
4
4
4
4
4
4
4
4
4
3
3
4
4
4
4
4
4
4
4
4
4
3
3
4
4
4
4
4
4
4
4
4
4
3
2
3
3
3
3
3
3
3
3
3
3
2
13 29
2 29
14 100
3 17
1 14
15 14
4 18
2 84
16 37
5 26
3 18
17 48
6 58
4 88
18 67
7 70
5 97
19 10
8 97
6 15
20 24
9 74
7 91
21 34
10 30
8 23
22 37
11 39
9 25
23 75
12 69
10 59
24 11
11 74
25 56
1 90
14 19
26 43
2 76
15 14
13 88
27 82
3 60
16 93
14 28
28 100
4 56
17 51
15 35
29 37
5 19
18 91
16 64
30 49
6 89
19 33
17 42
31 82
7 35
20 21
18 58
32 26
8 15
21 83
19 20
33 34
9 11
22 67
20 87
34 77
10 70
23 48
21 54
35 93
11 13
24 26
22 21
36 49
12 64
23 32
37 89
13 28
26 43
38 86
14 43
27 70
25 62
39 30
15 42
28 66
26 32
40 24
16 53
29 60
27 49
41 40
17 12
30 91
28 84
42 96
18 25
31 32
29 12
43 69
19 11
32 46
30 72
44 10
20 29
33 83
31 48
45 11
21 98
34 67
32 81
46 66
22 45
35 61
33 38
47 99
23 76
36 80
34 36
48 26
24 48
35 20
49 68
25 46
38 17
50 61
26 31
39 50
37 64
51 45
27 42
40 21
38 39
52 88
28 30
41 86
39 98
53 10
29 96
42 49
40 51
54 26
30 52
43 99
41 59
55 67
31 10
44 89
42 43
56 68
32 93
45 86
43 89
57 43
33 99
46 18
44 21
58 10
34 69
47 22
45 28
59 82
35 23
48 99
46 20
60 94
36 76
47 63
61 34
37 45
50 40
62 26
38 61
51 15
49 80
63 66
39 82
52 24
50 60
64 78
40 12
53 91
51 96
65 24
41 10
54 54
52 13
66 81
42 91
55 89
53 21
67 14
43 15
56 80
54 19
68 98
44 44
57 82
55 48
69 13
45 74
58 91
56 40
70 85
46 96
59 69
57 72
71 13
47 56
60 63
58 86
72 60
48 79
59 91
73 11
49 36
62 88
74 53
50 49
63 15
61 40
75 13
51 49
64 25
62 39
76 70
52 17
65 49
63 49
77 84
53 81
66 27
64 30
78 84
54 49
67 61
65 11
79 78
55 27
68 20
66 47
80 20
56 40
69 81
67 38
81 98
57 62
70 66
68 95
82 20
58 77
71 81
69 70
83 53
59 60
72 10
70 92
84 49
60 97
71 98
85 60
61 13
74 42
86 80
62 20
75 28
73 97
87 82
63 16
76 100
74 89
88 79
64 73
77 73
75 63
89 19
65 54
78 75
76 15
90 11
66 73
79 37
77 25
91 45
67 52
80 58
78 38
92 62
68 43
81 18
79 89
93 98
69 63
82 10
80 100
94 51
70 48
83 38
81 47
95 48
71 62
84 21
82 95
96 14
72 26
83 85
97 32
73 63
86 23
98 45
74 90
87 60
85 73
99 24
75 42
88 30
86 28
100 75
76 87
89 22
87 73
101 89
77 21
90 85
88 70
102 55
78 16
91 39
89 36
103 42
79 81
92 41
90 14
104 53
80 58
93 95
91 58
105 42
81 75
94 64
92 72
106 12
82 49
95 60
93 73
107 55
83 29
96 73
94 25
108 97
84 67
95 55
109 76
85 36
98 26
110 83
86 84
99 12
97 67
111 50
87 85
100 85
98 48
112 19
88 24
101 53
99 19
113 37
89 93
102 83
100 40
114 84
90 76
103 58
101 77
115 38
91 85
104 91
102 15
116 11
92 42
105 89
103 43
117 46
93 26
106 87
104 15
118 89
94 53
107 57
105 55
119 22
95 86
108 89
106 12
120 22
96 95
107 57
121 46
97 33
110 43
122 46
98 91
111 48
109 52
123 43
99 46
112 45
110 16
124 14
100 65
113 13
111 36
125 88
101 97
114 16
112 72
126 82
102 59
115 15
113 41
127 65
103 99
116 61
114 24
128 62
104 36
117 57
115 18
129 21
105 73
118 67
116 86
130 90
106 70
119 17
117 46
131 44
107 15
120 53
118 22
132 16
108 73
119 37
133 77
109 30
122 14
134 16
110 92
123 25
121 74
135 32
111 21
124 43
122 98
136 79
112 73
125 44
123 10
137 28
113 44
126 42
124 98
138 15
114 33
127 28
125 65
139 70
115 65
128 50
126 90
140 61
116 51
129 36
127 20
141 67
117 39
130 47
128 41
142 93
118 28
131 13
129 43
143 95
119 26
132 67
130 48
144 70
120 54
131 15
121 11
134 100
122 25
135 64
133 48
123 67
136 20
134 91
124 19
137 70
135 80
125 38
138 18
136 41
126 33
139 99
137 80
127 87
140 28
138 63
128 10
141 10
139 17
129 57
142 72
140 78
130 43
143 67
141 52
131 92
144 81
142 93
132 40
143 41
89
121
2 117 89 
2 105 80 
2 132 46 
4 7 142 73 137 
3 107 11 70 
1 62 
2 3 144 
1 126 
3 14 29 110 
1 5 
1 23 
1 85 
1 15 
4 92 91 61 49 
1 22 
2 75 17 
2 111 40 
1 119 
2 100 74 
1 76 
1 104 
1 36 
1 6 
3 93 131 30 
3 118 66 45 
2 68 81 
2 65 121 
