400 1520 10 100 76
2
3
3
3
3
3
3
3
3
3
3
3
3
3
3
3
3
3
3
2
3
4
4
4
4
4
4
4
4
4
4
4
4
4
4
4
4
4
4
3
3
4
4
4
4
4
4
4
4
4
4
4
4
4
4
4
4
4
4
3
3
4
4
4
4
4
4
4
4
4
4
4
4
4
4
4
4
4
4
3
3
4
4
4
4
4
4
4
4
4
4
4
4
4
4
4
4
4
4
3
3
4
4
4
4
4
4
4
4
4
4
4
4
4
4
4
4
4
4
3
3
4
4
4
4
4
4
4
4
4
4
4
4
4
4
4
4
4
4
3
3
4
4
4
4
4
4
4
4
4
4
4
4
4
4
4
4
4
4
3
3
4
4
4
4
4
4
4
4
4
4
4
4
4
4
4
4
4
4
3
3
4
4
4
4
4
4
4
4
4
4
4
4
4
4
4
4
4
4
3
3
4
4
4
4
4
4
4
4
4
4
4
4
4
4
4
4
4
4
3
3
4
4
4
4
4
4
4
4
4
4
4
4
4
4
4
4
4
4
3
3
4
4
4
4
4
4
4
4
4
4
4
4
4
4
4
4
4
4
3
3
4
4
4
4
4
4
4
4
4
4
4
4
4
4
4
4
4
4
3
3
4
4
4
4
4
4
4
4
4
4
4
4
4
4
4
4
4
4
3
3
4
4
4
4
4
4
4
4
4
4
4
4
4
4
4
4
4
4
3
3
4
4
4
4
4
4
4
4
4
4
4
4
4
4
4
4
4
4
3
3
4
4
4
4
4
4
4
4
4
4
4
4
4
4
4
4
4
4
3
3
4
4
4
4
4
4
4
4
4
4
4
4
4
4
4
4
4
4
3
2
3
3
3
3
3
3
3
3
3
3
3
3
3
3
3
3
3
3
2
21 64
2 29
22 13
3 68
1 35
23 97
4 45
2 13
24 59
5 79
3 22
25 64
6 91
4 27
26 79
7 78
5 43
27 82
8 70
6 66
28 93
9 69
7 82
29 39
10 22
8 36
30 37
11 47
9 64
31 31
12 66
10 30
32 20
13 55
11 53
33 23
14 63
12 13
34 77
15 98
13 27
35 72
16 40
14 32
36 78
17 97
15 24
37 32
18 72
16 35
38 53
19 65
17 23
39 96
20 65
18 24
40 51
19 51
41 23
1 46
22 22
42 43
2 15
23 11
21 62
43 71
3 100
24 94
22 25
44 45
4 33
25 28
23 72
45 17
5 60
26 46
24 61
46 80
6 58
27 66
25 92
47 63
7 69
28 74
26 50
48 17
8 92
29 98
27 18
49 54
9 47
30 10
28 23
50 68
10 74
31 24
29 86
51 96
11 22
32 83
30 82
52 19
12 34
33 45
31 20
53 47
13 41
34 97
32 15
54 94
14 77
35 13
33 86
55 17
15 21
36 75
34 36
56 43
16 71
37 61
35 63
57 24
17 83
38 70
36 44
58 42
18 37
39 17
37 19
59 89
19 15
40 61
38 74
60 86
20 96
39 18
61 80
21 50
42 76
62 15
22 31
43 78
41 21
63 65
23 28
44 43
42 31
64 12
24 94
45 98
43 12
65 72
25 73
46 91
44 16
66 81
26 58
47 53
45 77
67 18
27 65
48 38
46 54
68 26
28 28
49 90
47 68
69 45
29 60
50 51
48 46
70 61
30 58
51 46
49 26
71 41
31 90
52 23
50 61
72 46
32 78
53 72
51 47
73 25
33 94
54 39
52 96
74 27
34 23
55 64
53 24
75 28
35 21
56 41
54 23
76 68
36 41
57 81
55 21
77 61
37 20
58 99
56 69
78 20
38 91
59 47
57 38
79 95
39 73
60 60
58 54
80 71
40 37
59 38
81 68
41 68
62 59
82 48
42 67
63 30
61 78
83 39
43 65
64 55
62 94
84 56
44 50
65 61
63 27
85 91
45 50
66 35
64 56
86 35
46 97
67 34
65 19
87 41
47 59
68 28
66 99
88 60
48 94
69 77
67 88
89 82
49 55
70 81
68 43
90 49
50 29
71 67
69 85
91 36
51 33
72 48
70 49
92 25
52 52
73 53
71 27
93 52
53 54
74 100
72 73
94 76
54 44
75 25
73 61
95 85
55 78
76 91
74 74
96 48
56 43
77 66
75 52
97 85
57 41
78 91
76 41
98 74
58 26
79 89
77 15
99 30
59 12
80 86
78 35
100 65
60 27
79 82
101 60
61 82
82 15
102 64
62 73
83 74
81 84
103 48
63 43
84 57
82 37
104 50
64 13
85 47
83 12
105 18
65 76
86 79
84 89
106 49
66 13
87 32
85 89
107 87
67 61
88 90
86 53
108 88
68 17
89 82
87 68
109 36
69 50
90 14
88 41
110 11
70 85
91 84
89 32
111 80
71 74
92 67
90 47
112 83
72 36
93 65
91 18
113 32
73 83
94 18
92 63
114 88
74 46
95 19
93 15
115 63
75 23
96 15
94 51
116 90
76 75
97 98
95 98
117 38
77 51
98 69
96 62
118 63
78 30
99 93
97 63
119 19
79 43
100 69
98 15
120 99
80 35
99 75
121 40
81 70
102 82
122 87
82 72
103 89
101 90
123 17
83 89
104 18
102 52
124 22
84 90
105 28
103 51
125 23
85 70
106 58
104 39
126 45
86 65
107 38
105 85
127 58
87 96
108 72
106 73
128 69
88 70
109 87
107 81
129 67
89 93
110 66
108 64
130 96
90 21
111 78
109 67
131 27
91 87
112 36
110 94
132 46
92 92
113 76
111 37
133 45
93 64
114 49
112 98
134 24
94 89
115 20
113 79
135 69
95 54
116 35
114 100
136 60
96 55
117 81
115 41
137 84
97 84
118 69
116 63
138 96
98 91
119 65
117 60
139 33
99 86
120 19
118 91
140 47
100 51
119 54
141 91
101 81
122 40
142 22
102 13
123 84
121 12
143 64
103 92
124 43
122 86
144 71
104 61
125 15
123 79
145 43
105 29
126 34
124 78
146 71
106 73
127 46
125 91
147 98
107 35
128 20
126 76
148 21
108 47
129 74
127 32
149 18
109 98
130 72
128 82
150 39
110 18
131 15
129 58
151 14
111 59
132 40
130 30
152 72
112 96
133 21
131 32
153 62
113 92
134 57
132 84
154 57
114 88
135 78
133 64
155 88
115 82
136 59
134 15
156 80
116 34
137 99
135 27
157 58
117 42
138 66
136 52
158 63
118 83
139 99
137 55
159 37
119 31
140 31
138 86
160 99
120 79
139 56
161 49
121 47
142 78
162 86
122 32
143 55
141 53
163 25
123 85
144 71
142 95
164 19
124 11
145 88
143 67
165 59
125 10
146 73
144 92
166 73
126 69
147 76
145 55
167 41
127 26
148 45
146 45
168 91
128 63
149 95
147 62
169 56
129 40
150 87
148 67
170 38
130 88
151 22
149 77
171 84
131 46
152 57
150 20
172 92
132 25
153 61
151 55
173 63
133 68
154 94
152 94
174 40
134 76
155 21
153 13
175 20
135 48
156 86
154 55
176 77
136 51
157 43
155 16
177 37
137 68
158 74
156 95
178 65
138 94
159 18
157 89
179 93
139 25
160 10
158 48
180 43
140 46
159 14
181 29
141 75
162 43
182 70
142 99
163 30
161 89
183 46
143 44
164 47
162 94
184 52
144 83
165 44
163 27
185 75
145 97
166 40
164 42
186 81
146 13
167 98
165 76
187 56
147 24
168 18
166 92
188 93
148 74
169 87
167 32
189 99
149 65
170 15
168 58
190 92
150 48
171 63
169 62
191 61
151 71
172 18
170 87
192 27
152 76
173 18
171 16
193 59
153 63
174 56
172 34
194 20
154 29
175 88
173 72
195 77
155 37
176 64
174 11
196 84
156 65
177 42
175 76
197 21
157 30
178 10
176 15
198 14
158 98
179 91
177 73
199 36
159 91
180 40
178 58
200 50
160 18
179 100
201 16
161 48
182 22
202 22
162 22
183 68
181 19
203 95
163 35
184 56
182 98
204 57
164 57
185 38
183 64
205 85
165 47
186 17
184 45
206 90
166 42
187 52
185 78
207 96
167 65
188 33
186 11
208 96
168 80
189 69
187 30
209 20
169 14
190 75
188 48
210 75
170 20
191 90
189 57
211 85
171 41
192 33
190 20
212 64
172 37
193 70
191 82
213 27
173 49
194 48
192 93
214 94
174 15
195 76
193 49
215 90
175 44
196 97
194 28
216 42
176 24
197 100
195 55
217 69
177 52
198 84
196 46
218 81
178 24
199 98
197 30
219 37
179 84
200 88
198 63
220 56
180 62
199 18
221 94
181 97
202 61
222 85
182 53
203 94
201 84
223 25
183 88
204 49
202 48
224 70
184 38
205 77
203 34
225 11
185 10
206 10
204 56
226 87
186 63
207 76
205 78
227 88
187 56
208 85
206 79
228 31
188 58
209 99
207 86
229 26
189 60
210 48
208 29
230 11
190 46
211 60
209 44
231 20
191 53
212 27
210 31
232 73
192 32
213 43
211 15
233 77
193 10
214 19
212 50
234 58
194 67
215 38
213 99
235 11
195 40
216 36
214 67
236 23
196 58
217 36
215 68
237 74
197 12
218 51
216 64
238 100
198 33
219 92
217 12
239 85
199 81
220 100
218 90
240 52
200 58
219 95
241 99
201 39
222 85
242 32
202 85
223 26
221 47
243 57
203 43
224 75
222 15
244 21
204 19
225 58
223 21
245 54
205 42
226 26
224 100
246 79
206 90
227 72
225 35
247 82
207 63
228 56
226 100
248 39
208 94
229 47
227 87
249 91
209 93
230 30
228 61
250 90
210 20
231 32
229 92
251 24
211 87
232 53
230 50
252 68
212 15
233 60
231 18
253 48
213 98
234 88
232 61
254 68
214 26
235 39
233 30
255 15
215 11
236 11
234 61
256 60
216 90
237 72
235 74
257 90
217 32
238 50
236 97
258 100
218 48
239 92
237 46
259 43
219 81
240 64
238 38
260 88
220 94
239 13
261 17
221 58
242 38
262 79
222 33
243 68
241 56
263 50
223 42
244 24
242 30
264 48
224 85
245 60
243 81
265 23
225 13
246 57
244 50
266 98
226 75
247 38
245 83
267 66
227 22
248 76
246 23
268 71
228 32
249 34
247 56
269 40
229 98
250 76
248 44
270 50
230 38
251 86
249 44
271 96
231 71
252 71
250 48
272 87
232 47
253 80
251 89
273 67
233 69
254 28
252 72
274 91
234 35
255 12
253 79
275 89
235 24
256 59
254 39
276 74
236 79
257 48
255 50
277 56
237 70
258 68
256 51
278 56
238 12
259 36
257 72
279 51
239 58
260 61
258 52
280 53
240 44
259 18
281 94
241 20
262 28
282 69
242 42
263 83
261 51
283 100
243 71
264 85
262 57
284 25
244 86
265 36
263 18
285 21
245 27
266 49
264 65
286 62
246 26
267 69
265 40
287 60
247 75
268 100
266 22
288 42
248 66
269 88
267 96
289 91
249 27
270 67
268 13
290 19
250 96
271 86
269 38
291 26
251 98
272 40
270 53
292 61
252 38
273 37
271 32
293 90
253 16
274 90
272 60
294 14
254 94
275 93
273 97
295 76
255 97
276 43
274 17
296 100
256 35
277 36
275 97
297 63
257 50
278 45
276 69
298 15
258 21
279 42
277 49
299 19
259 52
280 22
278 54
300 21
260 29
279 88
301 72
261 93
282 25
302 50
262 23
283 62
281 77
303 23
263 20
284 89
282 63
304 83
264 60
285 26
283 94
305 70
265 98
286 38
284 80
306 10
266 77
287 26
285 27
307 37
267 51
288 24
286 94
308 67
268 32
289 98
287 90
309 16
269 41
290 50
288 91
310 93
270 76
291 36
289 26
311 33
271 49
292 43
290 31
312 54
272 26
293 11
291 31
313 16
273 17
294 97
292 44
314 20
274 65
295 69
293 18
315 30
275 24
296 43
294 29
316 54
276 46
297 17
295 57
317 87
277 15
298 41
296 82
318 79
278 38
299 37
297 47
319 96
279 93
300 12
298 11
320 59
280 29
299 21
321 98
281 39
302 92
322 71
282 56
303 53
301 33
323 57
283 65
304 10
302 38
324 92
284 42
305 100
303 27
325 17
285 99
306 94
304 70
326 15
286 44
307 12
305 54
327 46
287 100
308 46
306 16
328 16
288 30
309 37
307 45
329 82
289 25
310 37
308 15
330 68
290 27
311 82
309 98
331 16
291 30
312 90
310 84
332 48
292 19
313 10
311 99
333 55
293 23
314 72
312 29
334 76
294 60
315 49
313 16
335 48
295 78
316 17
314 71
336 11
296 58
317 64
315 90
337 12
297 32
318 44
316 43
338 55
298 95
319 76
317 24
339 45
299 92
320 25
318 60
340 35
300 87
319 38
341 65
301 78
322 13
342 36
302 13
323 57
321 49
343 47
303 67
324 11
322 99
344 79
304 33
325 50
323 47
345 100
305 84
326 88
324 63
346 13
306 42
327 91
325 98
347 82
307 32
328 64
326 10
348 18
308 28
329 22
327 30
349 89
309 77
330 68
328 90
350 75
310 21
331 78
329 38
351 43
311 48
332 89
330 34
352 67
312 17
333 66
331 64
353 67
313 50
334 52
332 37
354 37
314 89
335 59
333 86
355 44
315 80
336 85
334 41
356 32
316 65
337 61
335 13
357 33
317 84
338 94
336 95
358 89
318 52
339 48
337 24
359 23
319 84
340 88
338 18
360 90
320 12
339 17
361 29
321 76
342 97
362 31
322 66
343 35
341 40
363 23
323 14
344 71
342 50
364 60
324 36
345 10
343 32
365 63
325 96
346 27
344 91
366 66
326 28
347 28
345 91
367 36
327 22
348 57
346 19
368 37
328 44
349 69
347 80
369 34
329 64
350 30
348 64
370 18
330 52
351 82
349 26
371 70
331 44
352 86
350 26
372 80
332 29
353 34
351 17
373 81
333 29
354 57
352 85
374 52
334 47
355 97
353 30
375 44
335 52
356 71
354 34
376 28
336 50
357 51
355 76
377 81
337 55
358 10
356 31
378 99
338 14
359 15
357 33
379 98
339 49
360 11
358 42
380 19
340 62
359 82
381 76
341 85
362 33
382 99
342 12
363 59
361 59
383 17
343 24
364 82
362 62
384 43
344 10
365 70
363 52
385 28
345 52
366 83
364 99
386 52
346 94
367 35
365 50
387 63
347 58
368 85
366 17
388 62
348 36
369 21
367 13
389 17
349 75
370 24
368 19
390 52
350 25
371 47
369 88
391 64
351 20
372 19
370 25
392 26
352 47
373 57
371 34
393 31
353 84
374 79
372 22
394 59
354 78
375 69
373 82
395 84
355 65
376 50
374 42
396 36
356 91
377 66
375 10
397 59
357 51
378 37
376 34
398 50
358 69
379 53
377 93
399 34
359 23
380 56
378 33
400 28
360 35
379 74
361 45
382 81
362 14
383 56
381 64
363 37
384 14
382 54
364 95
385 71
383 24
365 31
386 26
384 15
366 58
387 34
385 37
367 38
388 28
386 98
368 31
389 89
387 71
369 94
390 51
388 74
370 30
391 11
389 84
371 77
392 43
390 17
372 26
393 38
391 50
373 37
394 47
392 66
374 42
395 81
393 39
375 18
396 54
394 18
376 43
397 31
395 15
377 94
398 21
396 99
378 93
399 37
397 11
379 52
400 31
398 61
380 18
399 88
108
21
2 23 108 
2 173 160 
1 343 
2 98 394 
1 81 
1 308 
1 17 
2 387 391 
6 72 196 2 51 379 96 
3 336 208 34 
3 165 378 284 
3 133 246 47 
1 309 
2 38 57 
2 137 226 
1 223 
1 107 
1 344 
1 134 
1 175 
1 399 
4 67 74 121 243 
2 225 382 
2 210 193 
3 177 386 262 
2 117 135 
1 11 
4 159 157 88 215 
1 150 
3 328 221 236 
1 102 
2 334 84 
2 86 385 
1 321 
1 156 
2 348 171 
1 238 
1 207 
1 209 
3 267 6 147 
1 366 
2 239 110 
1 64 
1 241 
1 361 
4 307 87 100 144 
2 230 327 
1 326 
1 185 
1 50 
2 218 370 
2 375 286 
1 360 
1 312 
1 373 
3 181 148 113 
5 219 337 136 300 162 
1 204 
2 56 168 
2 118 310 
4 36 352 187 362 
3 106 32 25 
1 305 
2 14 211 
2 205 276 
3 130 128 18 
2 109 345 
1 265 
1 22 
1 257 
1 297 
2 347 261 
2 376 353 
2 279 400 
2 251 270 
1 21 
