600 2276 10 100 114
2
3
3
3
3
3
3
3
3
3
3
3
3
3
3
3
3
3
3
3
3
3
3
3
3
3
3
3
3
3
3
3
3
3
3
3
3
3
3
3
3
3
3
3
3
3
3
3
3
2
3
4
4
4
4
4
4
4
4
4
4
4
4
4
4
4
4
4
4
4
4
4
4
4
4
4
4
4
4
4
4
4
4
4
4
4
4
4
4
4
4
4
4
4
4
4
4
4
4
3
3
4
4
4
4
4
4
4
4
4
4
4
4
4
4
4
4
4
4
4
4
4
4
4
4
4
4
4
4
4
4
4
4
4
4
4
4
4
4
4
4
4
4
4
4
4
4
4
4
3
3
4
4
4
4
4
4
4
4
4
4
4
4
4
4
4
4
4
4
4
4
4
4
4
4
4
4
4
4
4
4
4
4
4
4
4
4
4
4
4
4
4
4
4
4
4
4
4
4
3
3
4
4
4
4
4
4
4
4
4
4
4
4
4
4
4
4
4
4
4
4
4
4
4
4
4
4
4
4
4
4
4
4
4
4
4
4
4
4
4
4
4
4
4
4
4
4
4
4
3
3
4
4
4
4
4
4
4
4
4
4
4
4
4
4
4
4
4
4
4
4
4
4
4
4
4
4
4
4
4
4
4
4
4
4
4
4
4
4
4
4
4
4
4
4
4
4
4
4
3
3
4
4
4
4
4
4
4
4
4
4
4
4
4
4
4
4
4
4
4
4
4
4
4
4
4
4
4
4
4
4
4
4
4
4
4
4
4
4
4
4
4
4
4
4
4
4
4
4
3
3
4
4
4
4
4
4
4
4
4
4
4
4
4
4
4
4
4
4
4
4
4
4
4
4
4
4
4
4
4
4
4
4
4
4
4
4
4
4
4
4
4
4
4
4
4
4
4
4
3
3
4
4
4
4
4
4
4
4
4
4
4
4
4
4
4
4
4
4
4
4
4
4
4
4
4
4
4
4
4
4
4
4
4
4
4
4
4
4
4
4
4
4
4
4
4
4
4
4
3
3
4
4
4
4
4
4
4
4
4
4
4
4
4
4
4
4
4
4
4
4
4
4
4
4
4
4
4
4
4
4
4
4
4
4
4
4
4
4
4
4
4
4
4
4
4
4
4
4
3
3
4
4
4
4
4
4
4
4
4
4
4
4
4
4
4
4
4
4
4
4
4
4
4
4
4
4
4
4
4
4
4
4
4
4
4
4
4
4
4
4
4
4
4
4
4
4
4
4
3
2
3
3
3
3
3
3
3
3
3
3
3
3
3
3
3
3
3
3
3
3
3
3
3
3
3
3
3
3
3
3
3
3
3
3
3
3
3
3
3
3
3
3
3
3
3
3
3
3
2
51 94
2 29
52 75
3 61
1 73
53 67
4 10
2 59
54 60
5 28
3 56
55 37
6 77
4 14
56 72
7 23
5 24
57 51
8 73
6 45
58 80
9 10
7 45
59 76
10 17
8 94
60 24
11 83
9 55
61 20
12 65
10 48
62 93
13 49
11 31
63 12
14 49
12 89
64 67
15 89
13 88
65 76
16 41
14 45
66 34
17 13
15 77
67 69
18 59
16 22
68 83
19 80
17 62
69 55
20 11
18 30
70 93
21 32
19 44
71 90
22 14
20 28
72 36
23 33
21 44
73 54
24 44
22 68
74 66
25 85
23 73
75 55
26 41
24 36
76 44
27 56
25 28
77 59
28 20
26 43
78 12
29 72
27 87
79 92
30 39
28 87
80 23
31 92
29 11
81 33
32 58
30 45
82 11
33 79
31 10
83 44
34 28
32 10
84 32
35 57
33 42
85 15
36 27
34 55
86 46
37 69
35 54
87 40
38 79
36 54
88 100
39 28
37 77
89 47
40 50
38 56
90 62
41 65
39 57
91 46
42 49
40 100
92 72
43 80
41 57
93 89
44 53
42 83
94 23
45 68
43 26
95 86
46 38
44 81
96 61
47 17
45 99
97 74
48 32
46 76
98 25
49 38
47 11
99 80
50 28
48 47
100 71
49 38
101 97
1 23
52 51
102 21
2 64
53 89
51 97
103 14
3 32
54 23
52 59
104 10
4 59
55 56
53 10
105 31
5 97
56 24
54 34
106 60
6 71
57 62
55 33
107 73
7 27
58 96
56 40
108 68
8 71
59 92
57 56
109 98
9 100
60 13
58 66
110 84
10 99
61 37
59 68
111 31
11 51
62 93
60 44
112 78
12 28
63 53
61 66
113 90
13 86
64 32
62 30
114 80
14 57
65 95
63 22
115 76
15 25
66 96
64 52
116 61
16 27
67 61
65 99
117 30
17 36
68 22
66 60
118 100
18 41
69 85
67 10
119 72
19 49
70 82
68 33
120 55
20 27
71 54
69 59
121 91
21 20
72 96
70 94
122 19
22 31
73 18
71 47
123 80
23 95
74 29
72 32
124 53
24 13
75 84
73 72
125 34
25 51
76 27
74 50
126 23
26 20
77 86
75 35
127 44
27 86
78 34
76 47
128 14
28 50
79 59
77 33
129 36
29 26
80 89
78 48
130 82
30 37
81 100
79 78
131 60
31 29
82 97
80 28
132 25
32 90
83 82
81 31
133 39
33 45
84 62
82 24
134 52
34 92
85 59
83 13
135 23
35 12
86 72
84 85
136 11
36 40
87 71
85 68
137 23
37 60
88 31
86 39
138 14
38 85
89 57
87 81
139 60
39 22
90 78
88 23
140 49
40 70
91 15
89 28
141 21
41 59
92 74
90 49
142 15
42 43
93 88
91 100
143 51
43 63
94 34
92 60
144 71
44 99
95 85
93 46
145 27
45 50
96 79
94 10
146 72
46 20
97 69
95 23
147 66
47 41
98 22
96 45
148 42
48 16
99 70
97 84
149 73
49 69
100 12
98 69
150 24
50 53
99 92
151 47
51 28
102 81
152 96
52 37
103 33
101 76
153 76
53 59
104 14
102 94
154 23
54 86
105 86
103 34
155 58
55 84
106 68
104 39
156 31
56 68
107 26
105 21
157 22
57 37
108 56
106 52
158 22
58 22
109 43
107 97
159 59
59 51
110 50
108 81
160 85
60 18
111 10
109 29
161 75
61 49
112 56
110 25
162 15
62 92
113 44
111 56
163 55
63 81
114 23
112 20
164 72
64 58
115 18
113 35
165 90
65 47
116 13
114 80
166 44
66 48
117 17
115 12
167 44
67 66
118 95
116 37
168 34
68 47
119 49
117 12
169 22
69 88
120 86
118 24
170 39
70 94
121 70
119 18
171 66
71 46
122 72
120 90
172 76
72 82
123 65
121 59
173 33
73 24
124 59
122 60
174 32
74 29
125 18
123 97
175 58
75 12
126 37
124 20
176 48
76 64
127 16
125 100
177 57
77 74
128 80
126 44
178 83
78 56
129 20
127 87
179 53
79 86
130 31
128 83
180 61
80 18
131 94
129 89
181 29
81 27
132 42
130 14
182 86
82 33
133 57
131 11
183 31
83 45
134 20
132 49
184 91
84 49
135 87
133 60
185 63
85 80
136 16
134 88
186 34
86 27
137 26
135 96
187 97
87 35
138 58
136 93
188 69
88 47
139 32
137 35
189 30
89 27
140 26
138 33
190 58
90 87
141 46
139 71
191 35
91 23
142 47
140 18
192 49
92 52
143 39
141 100
193 71
93 75
144 65
142 27
194 66
94 11
145 59
143 55
195 86
95 76
146 29
144 95
196 47
96 55
147 90
145 35
197 93
97 49
148 42
146 75
198 17
98 67
149 99
147 83
199 98
99 94
150 34
148 23
200 92
100 65
149 47
201 19
101 29
152 13
202 82
102 47
153 77
151 87
203 90
103 47
154 42
152 39
204 83
104 80
155 77
153 40
205 88
105 87
156 97
154 45
206 93
106 75
157 73
155 50
207 35
107 82
158 55
156 73
208 33
108 95
159 11
157 18
209 27
109 92
160 30
158 80
210 52
110 16
161 72
159 14
211 74
111 68
162 11
160 71
212 72
112 34
163 44
161 52
213 93
113 40
164 12
162 38
214 53
114 31
165 37
163 29
215 35
115 90
166 75
164 91
216 100
116 92
167 53
165 15
217 63
117 85
168 42
166 76
218 34
118 21
169 36
167 28
219 11
119 95
170 78
168 56
220 100
120 42
171 90
169 62
221 100
121 59
172 69
170 43
222 37
122 48
173 69
171 47
223 52
123 32
174 52
172 79
224 30
124 27
175 34
173 54
225 96
125 10
176 97
174 89
226 98
126 83
177 100
175 42
227 51
127 41
178 99
176 67
228 40
128 19
179 51
177 38
229 16
129 71
180 90
178 88
230 99
130 51
181 68
179 84
231 14
131 100
182 48
180 78
232 23
132 44
183 65
181 48
233 67
133 57
184 30
182 37
234 92
134 36
185 94
183 32
235 82
135 29
186 98
184 95
236 58
136 68
187 19
185 17
237 86
137 86
188 30
186 92
238 13
138 42
189 79
187 82
239 86
139 73
190 67
188 16
240 91
140 14
191 27
189 12
241 14
141 22
192 90
190 22
242 30
142 21
193 53
191 77
243 50
143 13
194 89
192 42
244 37
144 87
195 71
193 16
245 36
145 29
196 62
194 52
246 61
146 22
197 44
195 43
247 57
147 93
198 82
196 29
248 86
148 91
199 14
197 59
249 67
149 44
200 40
198 93
250 89
150 23
199 83
251 49
151 86
202 63
252 87
152 26
203 97
201 79
253 84
153 10
204 66
202 99
254 16
154 42
205 89
203 87
255 98
155 30
206 61
204 68
256 71
156 27
207 51
205 59
257 34
157 45
208 68
206 94
258 74
158 16
209 57
207 66
259 100
159 42
210 15
208 25
260 80
160 39
211 26
209 94
261 44
161 94
212 28
210 41
262 34
162 46
213 33
211 75
263 68
163 77
214 23
212 30
264 75
164 94
215 22
213 11
265 17
165 50
216 61
214 86
266 63
166 70
217 30
215 40
267 70
167 68
218 25
216 90
268 56
168 48
219 78
217 27
269 67
169 13
220 40
218 35
270 93
170 90
221 40
219 15
271 17
171 60
222 75
220 89
272 58
172 17
223 75
221 76
273 63
173 15
224 98
222 91
274 39
174 22
225 96
223 18
275 23
175 12
226 68
224 29
276 72
176 85
227 74
225 73
277 87
177 54
228 91
226 81
278 36
178 34
229 40
227 19
279 94
179 85
230 52
228 50
280 26
180 96
231 24
229 63
281 40
181 87
232 34
230 91
282 15
182 93
233 38
231 88
283 60
183 89
234 66
232 99
284 89
184 62
235 66
233 46
285 80
185 46
236 46
234 22
286 65
186 72
237 66
235 10
287 97
187 97
238 26
236 39
288 77
188 52
239 24
237 45
289 34
189 64
240 39
238 24
290 57
190 55
241 92
239 100
291 91
191 41
242 70
240 84
292 19
192 21
243 68
241 33
293 36
193 51
244 72
242 31
294 66
194 31
245 34
243 66
295 86
195 73
246 75
244 69
296 51
196 71
247 71
245 17
297 43
197 92
248 66
246 43
298 42
198 72
249 29
247 29
299 46
199 91
250 40
248 51
300 42
200 74
249 51
301 97
201 46
252 36
302 53
202 39
253 56
251 53
303 59
203 66
254 20
252 93
304 35
204 65
255 13
253 11
305 19
205 98
256 16
254 88
306 30
206 41
257 91
255 34
307 21
207 46
258 77
256 23
308 21
208 42
259 84
257 58
309 55
209 42
260 15
258 23
310 82
210 75
261 36
259 13
311 79
211 72
262 22
260 18
312 40
212 44
263 12
261 93
313 23
213 50
264 43
262 11
314 69
214 33
265 26
263 12
315 37
215 13
266 94
264 91
316 44
216 52
267 66
265 38
317 82
217 54
268 19
266 87
318 33
218 60
269 98
267 25
319 40
219 89
270 80
268 94
320 41
220 40
271 10
269 54
321 50
221 57
272 70
270 62
322 85
222 25
273 73
271 83
323 66
223 60
274 100
272 52
324 52
224 19
275 12
273 57
325 67
225 42
276 88
274 50
326 80
226 84
277 19
275 87
327 81
227 32
278 17
276 94
328 20
228 99
279 16
277 56
329 76
229 20
280 47
278 97
330 98
230 21
281 99
279 98
331 28
231 99
282 32
280 17
332 50
232 92
283 73
281 86
333 74
233 36
284 77
282 11
334 69
234 74
285 54
283 13
335 83
235 72
286 85
284 67
336 67
236 41
287 44
285 40
337 27
237 44
288 47
286 51
338 91
238 32
289 18
287 39
339 22
239 89
290 71
288 84
340 90
240 47
291 100
289 72
341 54
241 51
292 98
290 79
342 83
242 29
293 38
291 75
343 64
243 83
294 13
292 75
344 75
244 34
295 28
293 71
345 12
245 75
296 12
294 21
346 99
246 68
297 86
295 51
347 70
247 54
298 37
296 18
348 18
248 16
299 76
297 23
349 25
249 47
300 78
298 50
350 96
250 33
299 66
351 73
251 34
302 77
352 38
252 100
303 21
301 59
353 62
253 83
304 55
302 83
354 68
254 10
305 81
303 18
355 57
255 48
306 74
304 15
356 68
256 88
307 51
305 76
357 93
257 45
308 14
306 38
358 15
258 12
309 59
307 89
359 55
259 31
310 100
308 96
360 88
260 80
311 12
309 39
361 53
261 13
312 63
310 70
362 24
262 24
313 21
311 43
363 38
263 76
314 17
312 55
364 39
264 66
315 92
313 34
365 60
265 54
316 51
314 14
366 12
266 45
317 70
315 26
367 39
267 52
318 33
316 43
368 36
268 50
319 83
317 55
369 67
269 74
320 42
318 53
370 12
270 68
321 74
319 95
371 92
271 43
322 10
320 25
372 71
272 75
323 86
321 68
373 16
273 45
324 37
322 89
374 21
274 46
325 72
323 100
375 60
275 24
326 66
324 78
376 85
276 21
327 85
325 66
377 44
277 72
328 97
326 24
378 77
278 76
329 83
327 54
379 33
279 39
330 62
328 92
380 78
280 33
331 52
329 36
381 64
281 15
332 43
330 52
382 81
282 71
333 84
331 19
383 36
283 65
334 56
332 45
384 20
284 77
335 89
333 79
385 41
285 70
336 98
334 77
386 37
286 69
337 81
335 86
387 54
287 54
338 51
336 54
388 20
288 30
339 44
337 55
389 97
289 40
340 57
338 82
390 42
290 48
341 82
339 90
391 85
291 86
342 52
340 95
392 100
292 72
343 52
341 23
393 96
293 85
344 46
342 61
394 39
294 59
345 70
343 31
395 84
295 72
346 24
344 47
396 95
296 60
347 49
345 17
397 33
297 55
348 99
346 39
398 72
298 98
349 88
347 32
399 91
299 40
350 27
348 67
400 40
300 47
349 61
401 11
301 18
352 56
402 29
302 18
353 20
351 42
403 44
303 97
354 80
352 31
404 21
304 52
355 18
353 14
405 49
305 97
356 10
354 59
406 77
306 10
357 50
355 74
407 50
307 39
358 97
356 12
408 66
308 71
359 85
357 57
409 78
309 15
360 52
358 86
410 83
310 62
361 12
359 38
411 81
311 11
362 74
360 98
412 45
312 51
363 99
361 20
413 79
313 41
364 13
362 48
414 85
314 42
365 64
363 18
415 28
315 14
366 71
364 63
416 44
316 48
367 73
365 99
417 63
317 21
368 38
366 37
418 31
318 42
369 36
367 94
419 80
319 20
370 67
368 50
420 19
320 99
371 74
369 79
421 100
321 72
372 24
370 21
422 16
322 26
373 93
371 39
423 56
323 62
374 80
372 59
424 62
324 80
375 10
373 99
425 59
325 51
376 79
374 65
426 45
326 68
377 65
375 38
427 51
327 89
378 54
376 90
428 52
328 27
379 66
377 68
429 100
329 59
380 27
378 13
430 98
330 78
381 99
379 63
431 41
331 21
382 72
380 87
432 73
332 81
383 79
381 58
433 39
333 42
384 49
382 34
434 36
334 14
385 95
383 85
435 76
335 51
386 81
384 71
436 31
336 66
387 29
385 63
437 78
337 27
388 31
386 18
438 20
338 46
389 43
387 49
439 40
339 91
390 86
388 19
440 46
340 52
391 70
389 88
441 18
341 69
392 99
390 87
442 19
342 84
393 58
391 25
443 99
343 76
394 18
392 63
444 41
344 31
395 98
393 69
445 89
345 61
396 59
394 30
446 33
346 86
397 96
395 29
447 55
347 47
398 90
396 56
448 28
348 39
399 36
397 14
449 75
349 40
400 48
398 29
450 48
350 69
399 53
451 93
351 72
402 57
452 48
352 18
403 22
401 80
453 42
353 67
404 76
402 69
454 49
354 100
405 14
403 38
455 50
355 100
406 52
404 97
456 45
356 59
407 49
405 13
457 31
357 84
408 74
406 54
458 84
358 88
409 63
407 11
459 100
359 18
410 56
408 61
460 93
360 66
411 12
409 26
461 18
361 95
412 32
410 93
462 79
362 29
413 75
411 24
463 10
363 96
414 80
412 26
464 82
364 54
415 76
413 48
465 46
365 35
416 64
414 62
466 86
366 49
417 12
415 13
467 56
367 32
418 61
416 94
468 47
368 84
419 18
417 94
469 19
369 45
420 48
418 69
470 52
370 68
421 82
419 40
471 70
371 50
422 53
420 71
472 21
372 95
423 79
421 94
473 60
373 88
424 40
422 15
474 72
374 93
425 85
423 43
475 95
375 72
426 58
424 20
476 84
376 99
427 84
425 42
477 28
377 70
428 57
426 15
478 24
378 68
429 32
427 25
479 91
379 91
430 38
428 14
480 96
380 57
431 40
429 75
481 95
381 51
432 19
430 91
482 99
382 62
433 40
431 78
483 43
383 20
434 23
432 76
484 97
384 32
435 90
433 34
485 37
385 91
436 81
434 65
486 12
386 99
437 13
435 11
487 65
387 21
438 47
436 14
488 40
388 90
439 23
437 73
489 92
389 77
440 51
438 29
490 81
390 22
441 82
439 15
491 72
391 96
442 87
440 74
492 62
392 33
443 57
441 57
493 58
393 57
444 41
442 54
494 37
394 85
445 68
443 27
495 72
395 42
446 10
444 100
496 39
396 10
447 13
445 99
497 18
397 79
448 70
446 34
498 34
398 19
449 53
447 100
499 77
399 72
450 14
448 80
500 32
400 11
449 63
501 92
401 27
452 34
502 50
402 30
453 35
451 92
503 61
403 83
454 21
452 48
504 57
404 24
455 73
453 29
505 100
405 63
456 78
454 91
506 47
406 49
457 30
455 59
507 31
407 28
458 90
456 83
508 11
408 68
459 15
457 39
509 65
409 79
460 92
458 87
510 12
410 38
461 66
459 59
511 10
411 80
462 87
460 73
512 85
412 27
463 97
461 59
513 60
413 72
464 53
462 83
514 82
414 59
465 18
463 66
515 73
415 33
466 42
464 94
516 44
416 14
467 32
465 70
517 20
417 63
468 62
466 33
518 76
418 78
469 76
467 14
519 71
419 55
470 21
468 42
520 26
420 29
471 98
469 70
521 86
421 73
472 16
470 25
522 44
422 35
473 41
471 84
523 44
423 57
474 37
472 90
524 26
424 82
475 43
473 41
525 75
425 20
476 50
474 28
526 89
426 59
477 71
475 78
527 77
427 23
478 79
476 39
528 69
428 74
479 75
477 90
529 94
429 35
480 47
478 49
530 23
430 68
481 40
479 31
531 27
431 52
482 85
480 15
532 59
432 49
483 25
481 85
533 70
433 68
484 72
482 17
534 35
434 85
485 43
483 63
535 27
435 67
486 51
484 48
536 24
436 28
487 81
485 96
537 49
437 12
488 75
486 54
538 55
438 35
489 79
487 36
539 81
439 39
490 10
488 72
540 59
440 27
491 79
489 17
541 62
441 56
492 89
490 58
542 20
442 92
493 19
491 13
543 69
443 12
494 41
492 10
544 54
444 33
495 18
493 40
545 100
445 54
496 81
494 89
546 89
446 70
497 26
495 47
547 36
447 57
498 61
496 68
548 66
448 76
499 66
497 42
549 49
449 13
500 27
498 14
550 81
450 51
499 44
551 46
451 96
502 100
552 64
452 32
503 49
501 21
553 55
453 23
504 97
502 16
554 62
454 28
505 23
503 64
555 56
455 90
506 31
504 59
556 60
456 10
507 60
505 45
557 48
457 89
508 34
506 30
558 78
458 38
509 67
507 43
559 30
459 68
510 49
508 44
560 78
460 88
511 51
509 16
561 67
461 73
512 64
510 86
562 69
462 69
513 66
511 32
563 39
463 27
514 97
512 35
564 81
464 51
515 75
513 53
565 81
465 11
516 23
514 99
566 62
466 86
517 65
515 57
567 66
467 66
518 35
516 63
568 42
468 98
519 20
517 75
569 99
469 10
520 18
518 28
570 53
470 42
521 80
519 30
571 79
471 47
522 24
520 47
572 24
472 71
523 52
521 11
573 75
473 26
524 21
522 92
574 57
474 23
525 65
523 74
575 48
475 28
526 94
524 11
576 69
476 19
527 52
525 16
577 31
477 65
528 48
526 40
578 65
478 57
529 72
527 89
579 12
479 26
530 92
528 82
580 25
480 99
531 22
529 90
581 50
481 99
532 72
530 61
582 95
482 22
533 62
531 56
583 18
483 42
534 45
532 59
584 18
484 71
535 77
533 20
585 94
485 54
536 19
534 89
586 37
486 11
537 25
535 31
587 36
487 81
538 15
536 55
588 65
488 40
539 83
537 59
589 49
489 10
540 92
538 39
590 33
490 82
541 66
539 17
591 57
491 67
542 25
540 59
592 43
492 27
543 11
541 21
593 36
493 50
544 75
542 74
594 41
494 81
545 11
543 57
595 87
495 22
546 35
544 81
596 79
496 62
547 47
545 35
597 27
497 45
548 64
546 98
598 11
498 65
549 72
547 33
599 36
499 54
550 26
548 54
600 56
500 45
549 20
501 82
552 96
502 99
553 95
551 93
503 34
554 47
552 24
504 20
555 14
553 83
505 17
556 52
554 68
506 39
557 56
555 60
507 31
558 35
556 57
508 85
559 85
557 40
509 73
560 15
558 60
510 91
561 12
559 22
511 97
562 69
560 96
512 68
563 60
561 75
513 34
564 10
562 86
514 42
565 43
563 93
515 53
566 75
564 45
516 17
567 78
565 26
517 98
568 41
566 44
518 16
569 12
567 26
519 53
570 54
568 27
520 19
571 91
569 96
521 44
572 26
570 71
522 63
573 36
571 44
523 70
574 14
572 51
524 17
575 60
573 92
525 95
576 11
574 37
526 43
577 70
575 25
527 83
578 98
576 65
528 49
579 15
577 38
529 22
580 62
578 22
530 42
581 76
579 13
531 51
582 77
580 40
532 48
583 18
581 12
533 98
584 50
582 66
534 39
585 65
583 69
535 95
586 74
584 12
536 98
587 51
585 70
537 72
588 64
586 66
538 54
589 21
587 60
539 32
590 70
588 52
540 90
591 96
589 96
541 29
592 59
590 60
542 70
593 66
591 71
543 58
594 92
592 27
544 99
595 51
593 12
545 30
596 49
594 22
546 29
597 67
595 93
547 44
598 40
596 39
548 90
599 98
597 96
549 16
600 28
598 34
550 65
599 63
369
317
3 63 7 369 
2 563 469 
2 351 448 
5 156 347 329 48 404 
1 257 
1 87 
2 299 210 
3 534 308 85 
2 357 594 
1 486 
2 480 222 
1 4 
1 498 
1 219 
2 49 66 
1 475 
3 454 187 157 
2 391 568 
1 367 
4 471 216 334 473 
1 451 
2 326 319 
4 583 58 212 488 
1 8 
2 166 380 
2 364 333 
3 541 5 94 
4 261 204 86 155 
2 426 460 
3 274 410 416 
1 301 
5 14 230 528 24 64 
3 117 195 542 
2 591 18 
1 361 
2 379 585 
2 252 442 
2 62 302 
1 407 
3 560 145 231 
2 527 412 
2 484 371 
1 32 
2 125 499 
1 394 
1 114 
1 493 
1 337 
1 439 
1 226 
1 228 
1 260 
1 345 
2 341 322 
2 123 520 
1 170 
1 213 
3 129 552 405 
2 344 575 
3 378 88 315 
1 185 
1 186 
1 346 
3 56 533 406 
3 254 127 59 
2 521 285 
2 44 217 
1 36 
2 237 543 
2 103 348 
3 98 432 188 
2 82 225 
2 580 151 
1 383 
1 586 
1 392 
1 581 
1 370 
1 183 
2 26 91 
1 595 
1 126 
1 263 
2 197 279 
2 251 446 
2 578 293 
3 571 256 142 
3 120 368 582 
1 360 
3 290 483 400 
1 508 
1 248 
2 266 79 
2 168 182 
2 109 507 
3 100 373 490 
1 118 
3 574 177 246 
1 382 
1 535 
1 402 
1 467 
1 130 
3 447 96 71 
3 501 388 325 
2 39 443 
3 536 408 366 
3 500 479 101 
1 422 
1 112 
1 481 
2 65 374 
2 122 562 
1 317 
