400 1500 10 100 76
2
3
3
3
3
3
3
3
3
3
3
3
3
3
3
3
3
3
3
3
3
3
3
3
3
3
3
3
3
3
3
3
3
3
3
3
3
3
3
2
3
4
4
4
4
4
4
4
4
4
4
4
4
4
4
4
4
4
4
4
4
4
4
4
4
4
4
4
4
4
4
4
4
4
4
4
4
4
4
3
3
4
4
4
4
4
4
4
4
4
4
4
4
4
4
4
4
4
4
4
4
4
4
4
4
4
4
4
4
4
4
4
4
4
4
4
4
4
4
3
3
4
4
4
4
4
4
4
4
4
4
4
4
4
4
4
4
4
4
4
4
4
4
4
4
4
4
4
4
4
4
4
4
4
4
4
4
4
4
3
3
4
4
4
4
4
4
4
4
4
4
4
4
4
4
4
4
4
4
4
4
4
4
4
4
4
4
4
4
4
4
4
4
4
4
4
4
4
4
3
3
4
4
4
4
4
4
4
4
4
4
4
4
4
4
4
4
4
4
4
4
4
4
4
4
4
4
4
4
4
4
4
4
4
4
4
4
4
4
3
3
4
4
4
4
4
4
4
4
4
4
4
4
4
4
4
4
4
4
4
4
4
4
4
4
4
4
4
4
4
4
4
4
4
4
4
4
4
4
3
3
4
4
4
4
4
4
4
4
4
4
4
4
4
4
4
4
4
4
4
4
4
4
4
4
4
4
4
4
4
4
4
4
4
4
4
4
4
4
3
3
4
4
4
4
4
4
4
4
4
4
4
4
4
4
4
4
4
4
4
4
4
4
4
4
4
4
4
4
4
4
4
4
4
4
4
4
4
4
3
2
3
3
3
3
3
3
3
3
3
3
3
3
3
3
3
3
3
3
3
3
3
3
3
3
3
3
3
3
3
3
3
3
3
3
3
3
3
3
2
41 63
2 29
42 78
3 69
1 90
43 96
4 60
2 31
44 56
5 86
3 24
45 81
6 13
4 43
46 19
7 12
5 14
47 87
8 64
6 39
48 80
9 51
7 44
49 44
10 66
8 61
50 99
11 73
9 35
51 29
12 55
10 54
52 13
13 42
11 39
53 12
14 91
12 90
54 49
15 28
13 63
55 58
16 35
14 49
56 60
17 68
15 47
57 89
18 94
16 12
58 29
19 49
17 28
59 11
20 70
18 74
60 64
21 56
19 50
61 85
22 90
20 64
62 43
23 37
21 90
63 83
24 54
22 82
64 98
25 56
23 63
65 11
26 50
24 67
66 42
27 35
25 59
67 20
28 30
26 56
68 41
29 34
27 90
69 31
30 29
28 11
70 24
31 58
29 99
71 81
32 36
30 67
72 26
33 82
31 43
73 60
34 63
32 78
74 100
35 83
33 13
75 92
36 74
34 89
76 58
37 21
35 42
77 89
38 75
36 41
78 64
39 86
37 32
79 96
40 23
38 14
80 17
39 16
81 98
1 63
42 58
82 18
2 23
43 48
41 69
83 70
3 77
44 38
42 90
84 38
4 42
45 36
43 87
85 49
5 48
46 36
44 94
86 53
6 29
47 40
45 77
87 32
7 10
48 39
46 29
88 28
8 42
49 16
47 86
89 91
9 15
50 25
48 22
90 94
10 70
51 33
49 89
91 97
11 13
52 68
50 92
92 84
12 89
53 36
51 93
93 86
13 22
54 84
52 98
94 90
14 68
55 14
53 85
95 16
15 24
56 90
54 73
96 78
16 79
57 16
55 37
97 96
17 54
58 31
56 89
98 41
18 48
59 84
57 83
99 42
19 17
60 93
58 82
100 97
20 59
61 70
59 30
101 39
21 86
62 27
60 28
102 76
22 15
63 85
61 86
103 56
23 86
64 24
62 33
104 73
24 54
65 25
63 20
105 93
25 82
66 78
64 89
106 27
26 83
67 39
65 12
107 25
27 42
68 48
66 41
108 63
28 96
69 52
67 19
109 36
29 30
70 64
68 55
110 56
30 19
71 100
69 37
111 60
31 54
72 93
70 69
112 23
32 14
73 99
71 91
113 49
33 87
74 18
72 59
114 98
34 49
75 37
73 45
115 19
35 56
76 16
74 63
116 46
36 18
77 58
75 91
117 78
37 99
78 83
76 32
118 40
38 93
79 90
77 45
119 30
39 70
80 66
78 67
120 97
40 76
79 56
121 52
41 11
82 39
122 74
42 52
83 94
81 39
123 85
43 27
84 65
82 95
124 49
44 69
85 35
83 40
125 35
45 33
86 75
84 22
126 79
46 32
87 38
85 71
127 62
47 36
88 28
86 57
128 96
48 62
89 49
87 49
129 88
49 11
90 87
88 19
130 37
50 18
91 73
89 50
131 97
51 27
92 75
90 65
132 62
52 63
93 100
91 57
133 32
53 60
94 75
92 82
134 89
54 58
95 83
93 49
135 43
55 21
96 95
94 44
136 75
56 72
97 14
95 79
137 18
57 90
98 46
96 81
138 50
58 62
99 53
97 48
139 47
59 72
100 33
98 22
140 10
60 25
101 19
99 95
141 88
61 10
102 27
100 55
142 25
62 41
103 57
101 44
143 78
63 52
104 16
102 11
144 57
64 54
105 28
103 92
145 67
65 51
106 96
104 69
146 55
66 97
107 63
105 77
147 42
67 35
108 56
106 59
148 43
68 45
109 68
107 96
149 74
69 26
110 72
108 42
150 31
70 33
111 82
109 14
151 37
71 90
112 36
110 48
152 97
72 37
113 88
111 12
153 32
73 61
114 51
112 61
154 100
74 36
115 70
113 15
155 71
75 85
116 42
114 90
156 36
76 51
117 75
115 86
157 93
77 52
118 23
116 57
158 79
78 24
119 39
117 50
159 18
79 65
120 15
118 41
160 59
80 18
119 15
161 55
81 67
122 64
162 35
82 62
123 49
121 27
163 43
83 63
124 51
122 65
164 91
84 29
125 98
123 66
165 40
85 39
126 59
124 29
166 67
86 57
127 75
125 75
167 79
87 18
128 19
126 87
168 92
88 85
129 54
127 93
169 95
89 46
130 19
128 98
170 10
90 12
131 83
129 81
171 74
91 55
132 70
130 80
172 65
92 89
133 61
131 94
173 48
93 92
134 61
132 35
174 35
94 82
135 60
133 26
175 51
95 31
136 20
134 57
176 53
96 32
137 93
135 54
177 28
97 79
138 99
136 73
178 65
98 17
139 26
137 75
179 50
99 93
140 67
138 10
180 11
100 76
141 89
139 80
181 28
101 65
142 39
140 89
182 19
102 72
143 90
141 87
183 73
103 80
144 16
142 33
184 78
104 57
145 99
143 10
185 18
105 99
146 99
144 25
186 43
106 98
147 21
145 48
187 32
107 74
148 94
146 56
188 68
108 85
149 94
147 25
189 15
109 19
150 97
148 71
190 20
110 81
151 66
149 62
191 36
111 95
152 33
150 96
192 97
112 20
153 44
151 91
193 49
113 81
154 25
152 93
194 23
114 76
155 59
153 36
195 39
115 51
156 60
154 60
196 83
116 20
157 15
155 17
197 40
117 51
158 93
156 41
198 39
118 87
159 75
157 87
199 30
119 66
160 20
158 44
200 98
120 30
159 82
201 42
121 17
162 66
202 44
122 20
163 51
161 67
203 72
123 57
164 31
162 17
204 32
124 34
165 97
163 66
205 82
125 98
166 75
164 34
206 83
126 30
167 36
165 78
207 73
127 87
168 59
166 91
208 36
128 61
169 41
167 46
209 95
129 86
170 34
168 23
210 19
130 15
171 32
169 11
211 38
131 92
172 54
170 86
212 62
132 69
173 87
171 46
213 42
133 29
174 60
172 24
214 99
134 81
175 77
173 54
215 55
135 46
176 82
174 21
216 34
136 66
177 15
175 34
217 76
137 31
178 18
176 30
218 34
138 67
179 67
177 31
219 54
139 32
180 21
178 14
220 14
140 93
181 90
179 56
221 22
141 45
182 100
180 67
222 47
142 24
183 84
181 27
223 43
143 89
184 26
182 15
224 27
144 42
185 56
183 39
225 71
145 90
186 90
184 17
226 49
146 78
187 11
185 55
227 70
147 23
188 34
186 49
228 74
148 92
189 54
187 36
229 51
149 39
190 65
188 70
230 28
150 37
191 55
189 64
231 19
151 18
192 54
190 84
232 64
152 40
193 30
191 55
233 84
153 81
194 96
192 31
234 30
154 74
195 99
193 72
235 52
155 97
196 93
194 34
236 26
156 48
197 52
195 36
237 46
157 17
198 47
196 56
238 92
158 48
199 48
197 18
239 22
159 13
200 39
198 31
240 16
160 49
199 75
241 82
161 89
202 67
242 97
162 76
203 94
201 23
243 48
163 52
204 10
202 62
244 67
164 15
205 72
203 96
245 57
165 66
206 62
204 17
246 14
166 46
207 44
205 45
247 43
167 79
208 41
206 42
248 76
168 43
209 11
207 42
249 69
169 75
210 88
208 55
250 64
170 69
211 25
209 45
251 97
171 52
212 92
210 94
252 46
172 74
213 18
211 40
253 23
173 33
214 88
212 29
254 34
174 32
215 18
213 66
255 14
175 76
216 23
214 43
256 83
176 98
217 19
215 30
257 43
177 46
218 98
216 53
258 80
178 18
219 30
217 83
259 72
179 83
220 51
218 85
260 55
180 74
221 25
219 19
261 13
181 67
222 63
220 37
262 62
182 61
223 14
221 34
263 66
183 48
224 100
222 19
264 75
184 23
225 23
223 86
265 66
185 28
226 10
224 32
266 10
186 50
227 95
225 11
267 35
187 74
228 11
226 34
268 27
188 67
229 88
227 31
269 77
189 41
230 20
228 59
270 46
190 18
231 35
229 100
271 78
191 74
232 58
230 80
272 38
192 39
233 31
231 31
273 13
193 56
234 97
232 27
274 47
194 82
235 43
233 71
275 38
195 71
236 40
234 90
276 67
196 42
237 85
235 85
277 54
197 78
238 57
236 98
278 25
198 85
239 13
237 33
279 45
199 11
240 56
238 36
280 19
200 96
239 88
281 56
201 45
242 96
282 58
202 91
243 65
241 93
283 26
203 28
244 53
242 96
284 96
204 43
245 34
243 24
285 75
205 45
246 37
244 74
286 27
206 86
247 45
245 72
287 25
207 30
248 22
246 46
288 17
208 55
249 83
247 87
289 70
209 16
250 35
248 13
290 13
210 51
251 21
249 91
291 63
211 78
252 92
250 28
292 27
212 94
253 82
251 23
293 69
213 82
254 11
252 78
294 77
214 67
255 25
253 23
295 95
215 76
256 42
254 97
296 92
216 48
257 79
255 49
297 83
217 26
258 11
256 40
298 65
218 76
259 30
257 44
299 60
219 28
260 90
258 78
300 45
220 22
261 54
259 40
301 10
221 40
262 92
260 46
302 27
222 15
263 56
261 91
303 26
223 45
264 99
262 46
304 38
224 30
265 88
263 10
305 77
225 93
266 98
264 56
306 100
226 80
267 57
265 97
307 26
227 17
268 83
266 78
308 45
228 65
269 75
267 82
309 52
229 52
270 22
268 35
310 82
230 88
271 29
269 63
311 17
231 23
272 17
270 95
312 82
232 47
273 75
271 11
313 61
233 12
274 91
272 86
314 15
234 64
275 11
273 29
315 34
235 86
276 100
274 21
316 92
236 38
277 64
275 87
317 63
237 51
278 17
276 29
318 81
238 27
279 72
277 90
319 22
239 46
280 81
278 84
320 96
240 31
279 52
321 21
241 62
282 75
322 55
242 88
283 73
281 32
323 84
243 89
284 100
282 18
324 27
244 52
285 47
283 59
325 75
245 82
286 26
284 91
326 13
246 15
287 86
285 58
327 87
247 62
288 26
286 49
328 76
248 56
289 98
287 42
329 68
249 29
290 74
288 31
330 29
250 49
291 14
289 93
331 59
251 67
292 47
290 59
332 79
252 32
293 64
291 45
333 99
253 87
294 92
292 75
334 84
254 82
295 70
293 17
335 40
255 42
296 72
294 66
336 19
256 81
297 50
295 41
337 93
257 50
298 80
296 15
338 45
258 14
299 20
297 42
339 23
259 24
300 98
298 84
340 25
260 70
301 82
299 76
341 84
261 81
302 71
300 61
342 46
262 38
303 80
301 26
343 65
263 81
304 34
302 98
344 67
264 30
305 11
303 76
345 66
265 75
306 85
304 38
346 20
266 49
307 68
305 88
347 34
267 75
308 27
306 25
348 81
268 24
309 77
307 99
349 55
269 70
310 18
308 71
350 41
270 96
311 28
309 74
351 70
271 34
312 16
310 34
352 24
272 63
313 69
311 34
353 59
273 89
314 86
312 81
354 33
274 41
315 76
313 11
355 30
275 56
316 34
314 71
356 70
276 95
317 68
315 16
357 29
277 24
318 11
316 49
358 29
278 64
319 36
317 78
359 70
279 60
320 92
318 24
360 94
280 72
319 53
361 22
281 75
322 25
362 56
282 39
323 89
321 11
363 98
283 96
324 22
322 10
364 14
284 45
325 19
323 17
365 30
285 21
326 83
324 38
366 60
286 50
327 15
325 36
367 27
287 30
328 96
326 74
368 32
288 60
329 81
327 52
369 14
289 97
330 12
328 87
370 91
290 88
331 30
329 95
371 49
291 28
332 59
330 90
372 48
292 91
333 79
331 68
373 67
293 37
334 78
332 87
374 62
294 22
335 10
333 72
375 33
295 10
336 39
334 89
376 25
296 90
337 72
335 83
377 30
297 77
338 94
336 95
378 93
298 71
339 55
337 27
379 43
299 58
340 52
338 68
380 78
300 73
341 10
339 95
381 13
301 81
342 88
340 59
382 77
302 89
343 40
341 38
383 85
303 94
344 60
342 92
384 34
304 26
345 78
343 15
385 77
305 58
346 44
344 22
386 65
306 75
347 84
345 32
387 72
307 35
348 20
346 68
388 68
308 87
349 77
347 98
389 40
309 37
350 90
348 17
390 60
310 50
351 92
349 47
391 26
311 83
352 56
350 23
392 21
312 14
353 87
351 52
393 54
313 45
354 20
352 92
394 93
314 23
355 59
353 25
395 81
315 84
356 81
354 43
396 92
316 66
357 17
355 91
397 76
317 21
358 27
356 37
398 66
318 52
359 22
357 72
399 83
319 86
360 20
358 65
400 37
320 38
359 53
321 16
362 20
322 83
363 96
361 77
323 100
364 39
362 25
324 34
365 80
363 59
325 66
366 59
364 55
326 27
367 37
365 96
327 79
368 61
366 61
328 89
369 64
367 89
329 17
370 100
368 37
330 93
371 24
369 28
331 42
372 77
370 14
332 11
373 87
371 68
333 18
374 41
372 93
334 79
375 10
373 28
335 22
376 35
374 95
336 54
377 50
375 97
337 61
378 43
376 54
338 90
379 46
377 94
339 29
380 55
378 15
340 35
381 92
379 38
341 13
382 48
380 41
342 84
383 72
381 80
343 25
384 57
382 26
344 46
385 53
383 50
345 18
386 36
384 44
346 67
387 96
385 72
347 13
388 72
386 80
348 65
389 57
387 98
349 62
390 24
388 58
350 58
391 74
389 15
351 39
392 66
390 99
352 49
393 89
391 97
353 35
394 43
392 88
354 53
395 75
393 27
355 93
396 53
394 100
356 89
397 91
395 13
357 69
398 30
396 42
358 52
399 89
397 96
359 16
400 31
398 32
360 84
399 74
27
204
1 27 
1 139 
2 74 179 
2 368 362 
1 8 
3 155 55 376 
2 88 351 
2 48 182 
1 180 
4 348 79 58 335 
1 302 
2 221 81 
1 142 
3 189 229 181 
3 20 112 298 
3 67 131 218 
3 387 85 57 
3 43 359 389 
1 294 
1 346 
2 159 2 
1 230 
1 71 
2 384 306 
2 388 242 
2 63 217 
1 304 
1 149 
4 274 254 138 170 
1 47 
3 322 109 349 
2 205 220 
2 198 282 
1 40 
1 61 
1 31 
3 121 320 172 
3 277 53 312 
1 327 
2 118 116 
1 26 
2 263 236 
2 103 381 
1 252 
1 99 
1 106 
4 215 370 125 295 
3 98 115 367 
1 259 
2 243 62 
2 330 369 
2 398 249 
1 212 
2 150 45 
1 158 
1 250 
1 18 
1 366 
4 187 393 343 66 
2 196 214 
1 293 
2 300 86 
2 397 385 
1 233 
4 100 336 174 87 
1 164 
2 143 25 
2 178 237 
2 332 177 
1 199 
3 108 114 239 
2 324 16 
1 68 
3 5 60 75 
1 278 
1 204 
