400 1520 10 100 76
2
3
3
3
3
3
3
3
3
3
3
3
3
3
3
3
3
3
3
2
3
4
4
4
4
4
4
4
4
4
4
4
4
4
4
4
4
4
4
3
3
4
4
4
4
4
4
4
4
4
4
4
4
4
4
4
4
4
4
3
3
4
4
4
4
4
4
4
4
4
4
4
4
4
4
4
4
4
4
3
3
4
4
4
4
4
4
4
4
4
4
4
4
4
4
4
4
4
4
3
3
4
4
4
4
4
4
4
4
4
4
4
4
4
4
4
4
4
4
3
3
4
4
4
4
4
4
4
4
4
4
4
4
4
4
4
4
4
4
3
3
4
4
4
4
4
4
4
4
4
4
4
4
4
4
4
4
4
4
3
3
4
4
4
4
4
4
4
4
4
4
4
4
4
4
4
4
4
4
3
3
4
4
4
4
4
4
4
4
4
4
4
4
4
4
4
4
4
4
3
3
4
4
4
4
4
4
4
4
4
4
4
4
4
4
4
4
4
4
3
3
4
4
4
4
4
4
4
4
4
4
4
4
4
4
4
4
4
4
3
3
4
4
4
4
4
4
4
4
4
4
4
4
4
4
4
4
4
4
3
3
4
4
4
4
4
4
4
4
4
4
4
4
4
4
4
4
4
4
3
3
4
4
4
4
4
4
4
4
4
4
4
4
4
4
4
4
4
4
3
3
4
4
4
4
4
4
4
4
4
4
4
4
4
4
4
4
4
4
3
3
4
4
4
4
4
4
4
4
4
4
4
4
4
4
4
4
4
4
3
3
4
4
4
4
4
4
4
4
4
4
4
4
4
4
4
4
4
4
3
3
4
4
4
4
4
4
4
4
4
4
4
4
4
4
4
4
4
4
3
2
3
3
3
3
3
3
3
3
3
3
3
3
3
3
3
3
3
3
2
21 25
2 29
22 89
3 31
1 83
23 27
4 13
2 11
24 24
5 44
3 43
25 30
6 99
4 39
26 78
7 23
5 16
27 87
8 86
6 30
28 71
9 82
7 38
29 16
10 83
8 23
30 86
11 83
9 13
31 60
12 60
10 47
32 97
13 18
11 12
33 50
14 70
12 14
34 20
15 41
13 32
35 10
16 44
14 24
36 60
17 48
15 71
37 65
18 82
16 46
38 34
19 65
17 76
39 55
20 15
18 58
40 32
19 100
41 38
1 68
22 81
42 39
2 88
23 30
21 35
43 17
3 26
24 91
22 48
44 43
4 74
25 36
23 50
45 31
5 77
26 94
24 40
46 58
6 34
27 99
25 29
47 68
7 16
28 57
26 11
48 77
8 78
29 87
27 73
49 99
9 100
30 22
28 42
50 41
10 78
31 22
29 87
51 84
11 68
32 41
30 24
52 30
12 57
33 32
31 78
53 83
13 95
34 81
32 76
54 99
14 28
35 10
33 88
55 62
15 31
36 60
34 75
56 22
16 41
37 39
35 15
57 48
17 26
38 65
36 16
58 20
18 47
39 22
37 50
59 76
19 79
40 48
38 93
60 36
20 72
39 69
61 11
21 87
42 99
62 77
22 35
43 93
41 57
63 63
23 95
44 79
42 80
64 89
24 53
45 85
43 100
65 48
25 12
46 44
44 55
66 43
26 81
47 52
45 47
67 31
27 27
48 41
46 33
68 37
28 60
49 18
47 70
69 54
29 82
50 27
48 41
70 19
30 36
51 86
49 30
71 10
31 63
52 53
50 69
72 81
32 35
53 37
51 85
73 32
33 93
54 68
52 13
74 25
34 62
55 93
53 52
75 13
35 63
56 35
54 37
76 67
36 97
57 11
55 98
77 31
37 60
58 56
56 35
78 73
38 89
59 66
57 48
79 32
39 57
60 67
58 65
80 56
40 82
59 26
81 20
41 19
62 60
82 55
42 32
63 75
61 20
83 15
43 53
64 13
62 65
84 32
44 26
65 11
63 82
85 77
45 46
66 15
64 77
86 23
46 88
67 40
65 35
87 69
47 42
68 71
66 89
88 59
48 67
69 74
67 63
89 43
49 70
70 93
68 56
90 33
50 31
71 83
69 90
91 32
51 18
72 68
70 44
92 31
52 95
73 55
71 35
93 53
53 73
74 75
72 17
94 29
54 100
75 72
73 72
95 50
55 46
76 87
74 94
96 11
56 20
77 84
75 82
97 40
57 28
78 71
76 93
98 92
58 76
79 75
77 45
99 34
59 87
80 48
78 19
100 69
60 71
79 64
101 14
61 63
82 99
102 52
62 99
83 75
81 49
103 100
63 73
84 46
82 100
104 65
64 14
85 70
83 22
105 74
65 75
86 94
84 14
106 56
66 18
87 29
85 61
107 83
67 11
88 86
86 86
108 31
68 58
89 18
87 76
109 84
69 93
90 85
88 20
110 47
70 17
91 43
89 74
111 27
71 68
92 100
90 68
112 94
72 87
93 54
91 47
113 82
73 82
94 89
92 36
114 84
74 77
95 75
93 40
115 39
75 81
96 90
94 71
116 38
76 48
97 76
95 47
117 20
77 33
98 76
96 55
118 44
78 28
99 99
97 17
119 16
79 41
100 68
98 65
120 19
80 63
99 77
121 91
81 72
102 88
122 96
82 52
103 68
101 51
123 30
83 94
104 71
102 64
124 48
84 69
105 74
103 25
125 83
85 90
106 92
104 79
126 75
86 57
107 74
105 50
127 51
87 25
108 65
106 22
128 22
88 98
109 61
107 15
129 58
89 13
110 94
108 80
130 43
90 83
111 37
109 64
131 12
91 17
112 79
110 20
132 62
92 53
113 14
111 27
133 83
93 55
114 87
112 49
134 16
94 21
115 52
113 31
135 22
95 14
116 89
114 21
136 64
96 24
117 100
115 98
137 57
97 84
118 37
116 81
138 15
98 34
119 31
117 88
139 41
99 94
120 12
118 72
140 72
100 31
119 44
141 20
101 33
122 98
142 15
102 13
123 53
121 12
143 78
103 54
124 28
122 78
144 95
104 28
125 68
123 77
145 100
105 27
126 78
124 57
146 36
106 13
127 70
125 81
147 81
107 51
128 69
126 71
148 16
108 22
129 14
127 63
149 17
109 52
130 46
128 74
150 14
110 82
131 21
129 37
151 73
111 12
132 96
130 24
152 44
112 70
133 17
131 89
153 89
113 15
134 86
132 78
154 12
114 95
135 80
133 30
155 33
115 42
136 47
134 99
156 92
116 14
137 28
135 27
157 93
117 45
138 62
136 32
158 22
118 30
139 26
137 85
159 93
119 35
140 31
138 97
160 91
120 32
139 26
161 95
121 50
142 42
162 33
122 52
143 70
141 19
163 54
123 74
144 20
142 96
164 93
124 84
145 82
143 46
165 92
125 21
146 88
144 58
166 59
126 36
147 82
145 14
167 67
127 50
148 98
146 97
168 45
128 34
149 98
147 33
169 89
129 70
150 13
148 84
170 22
130 22
151 61
149 96
171 96
131 17
152 73
150 18
172 58
132 64
153 37
151 85
173 43
133 11
154 36
152 27
174 49
134 47
155 100
153 72
175 19
135 37
156 11
154 99
176 79
136 78
157 62
155 78
177 20
137 13
158 64
156 31
178 20
138 23
159 97
157 69
179 54
139 48
160 82
158 29
180 90
140 47
159 50
181 63
141 49
162 38
182 21
142 42
163 90
161 83
183 34
143 79
164 12
162 98
184 54
144 29
165 53
163 76
185 49
145 66
166 51
164 53
186 78
146 83
167 31
165 46
187 46
147 55
168 82
166 36
188 80
148 44
169 93
167 65
189 34
149 53
170 56
168 64
190 48
150 22
171 44
169 54
191 54
151 45
172 42
170 18
192 15
152 64
173 75
171 11
193 54
153 29
174 29
172 93
194 74
154 72
175 30
173 70
195 85
155 23
176 37
174 43
196 11
156 79
177 18
175 60
197 56
157 45
178 91
176 22
198 70
158 17
179 35
177 15
199 93
159 31
180 97
178 32
200 84
160 100
179 37
201 43
161 85
182 21
202 64
162 23
183 78
181 68
203 64
163 55
184 41
182 95
204 58
164 73
185 24
183 92
205 84
165 18
186 87
184 31
206 48
166 26
187 58
185 22
207 63
167 34
188 31
186 47
208 76
168 95
189 47
187 45
209 86
169 49
190 75
188 70
210 88
170 77
191 26
189 89
211 45
171 39
192 57
190 13
212 72
172 99
193 41
191 55
213 74
173 27
194 30
192 85
214 68
174 81
195 97
193 63
215 39
175 43
196 100
194 49
216 83
176 37
197 24
195 72
217 51
177 82
198 31
196 83
218 15
178 93
199 10
197 39
219 30
179 93
200 94
198 24
220 74
180 46
199 97
221 12
181 90
202 26
222 38
182 16
203 83
201 76
223 91
183 51
204 20
202 22
224 37
184 51
205 14
203 97
225 77
185 66
206 34
204 78
226 80
186 94
207 42
205 75
227 57
187 33
208 46
206 10
228 18
188 62
209 89
207 44
229 69
189 31
210 65
208 90
230 29
190 24
211 54
209 29
231 29
191 41
212 48
210 73
232 86
192 74
213 93
211 94
233 22
193 24
214 39
212 43
234 48
194 82
215 61
213 83
235 69
195 11
216 91
214 88
236 93
196 70
217 66
215 38
237 87
197 72
218 96
216 21
238 10
198 48
219 11
217 25
239 62
199 49
220 92
218 92
240 27
200 42
219 46
241 32
201 59
222 75
242 60
202 99
223 58
221 12
243 80
203 11
224 82
222 70
244 96
204 98
225 44
223 72
245 53
205 26
226 63
224 25
246 99
206 35
227 64
225 33
247 11
207 72
228 52
226 46
248 91
208 88
229 34
227 10
249 84
209 34
230 25
228 56
250 34
210 14
231 65
229 82
251 22
211 33
232 37
230 40
252 57
212 99
233 16
231 86
253 93
213 94
234 96
232 42
254 12
214 23
235 78
233 65
255 96
215 20
236 95
234 78
256 45
216 68
237 45
235 23
257 100
217 77
238 73
236 77
258 93
218 80
239 19
237 40
259 74
219 83
240 91
238 66
260 82
220 63
239 73
261 86
221 43
242 25
262 67
222 89
243 58
241 88
263 20
223 30
244 66
242 71
264 32
224 97
245 95
243 22
265 39
225 59
246 55
244 72
266 18
226 49
247 40
245 35
267 43
227 98
248 40
246 31
268 16
228 94
249 17
247 48
269 76
229 84
250 36
248 100
270 91
230 88
251 72
249 74
271 53
231 35
252 77
250 39
272 66
232 25
253 78
251 44
273 91
233 52
254 37
252 53
274 96
234 38
255 91
253 71
275 89
235 34
256 97
254 59
276 52
236 89
257 25
255 14
277 20
237 77
258 78
256 50
278 57
238 67
259 36
257 37
279 50
239 69
260 27
258 57
280 45
240 48
259 11
281 69
241 80
262 74
282 80
242 70
263 28
261 85
283 50
243 79
264 39
262 60
284 54
244 80
265 91
263 19
285 64
245 42
266 32
264 88
286 12
246 16
267 68
265 56
287 14
247 26
268 47
266 27
288 23
248 90
269 49
267 51
289 93
249 39
270 67
268 44
290 98
250 55
271 98
269 98
291 47
251 70
272 57
270 79
292 85
252 42
273 61
271 96
293 95
253 42
274 21
272 62
294 24
254 11
275 21
273 18
295 71
255 38
276 81
274 73
296 100
256 11
277 47
275 33
297 27
257 73
278 74
276 36
298 73
258 33
279 33
277 77
299 87
259 87
280 41
278 99
300 100
260 77
279 57
301 31
261 70
282 41
302 65
262 35
283 19
281 17
303 91
263 39
284 83
282 30
304 88
264 21
285 35
283 11
305 97
265 97
286 13
284 32
306 34
266 25
287 63
285 66
307 30
267 50
288 68
286 45
308 67
268 37
289 64
287 39
309 98
269 92
290 71
288 43
310 50
270 82
291 15
289 63
311 65
271 55
292 42
290 87
312 43
272 39
293 47
291 92
313 55
273 13
294 20
292 38
314 57
274 55
295 76
293 40
315 79
275 92
296 45
294 92
316 82
276 52
297 16
295 24
317 19
277 89
298 81
296 95
318 82
278 99
299 60
297 86
319 12
279 85
300 89
298 13
320 66
280 73
299 96
321 90
281 40
302 42
322 72
282 77
303 54
301 12
323 59
283 20
304 25
302 78
324 62
284 82
305 30
303 18
325 37
285 35
306 59
304 46
326 90
286 29
307 89
305 33
327 26
287 21
308 81
306 29
328 67
288 47
309 94
307 95
329 54
289 34
310 100
308 47
330 50
290 66
311 52
309 87
331 12
291 30
312 36
310 26
332 80
292 20
313 96
311 97
333 73
293 91
314 31
312 56
334 81
294 42
315 21
313 100
335 75
295 91
316 40
314 97
336 79
296 82
317 40
315 46
337 17
297 92
318 41
316 45
338 53
298 48
319 36
317 94
339 40
299 39
320 34
318 25
340 94
300 57
319 49
341 98
301 57
322 38
342 72
302 94
323 23
321 12
343 34
303 29
324 46
322 20
344 47
304 69
325 29
323 61
345 36
305 57
326 48
324 41
346 48
306 11
327 55
325 30
347 86
307 39
328 63
326 27
348 53
308 68
329 21
327 88
349 40
309 63
330 94
328 48
350 81
310 87
331 57
329 13
351 71
311 39
332 67
330 71
352 43
312 34
333 92
331 89
353 16
313 91
334 52
332 71
354 11
314 95
335 51
333 80
355 35
315 95
336 63
334 76
356 62
316 59
337 21
335 62
357 66
317 41
338 19
336 32
358 14
318 16
339 75
337 20
359 60
319 80
340 21
338 100
360 66
320 55
339 43
361 37
321 44
342 98
362 30
322 37
343 84
341 18
363 78
323 12
344 59
342 45
364 86
324 100
345 14
343 15
365 81
325 35
346 35
344 23
366 88
326 79
347 87
345 96
367 89
327 95
348 18
346 55
368 70
328 32
349 50
347 17
369 36
329 36
350 23
348 12
370 21
330 27
351 24
349 91
371 77
331 60
352 58
350 42
372 86
332 18
353 55
351 26
373 24
333 97
354 28
352 73
374 21
334 82
355 64
353 34
375 68
335 75
356 67
354 16
376 52
336 45
357 73
355 85
377 95
337 60
358 66
356 41
378 57
338 56
359 64
357 72
379 78
339 78
360 17
358 75
380 34
340 47
359 83
381 70
341 98
362 85
382 93
342 66
363 42
361 73
383 79
343 54
364 71
362 33
384 71
344 86
365 39
363 16
385 68
345 69
366 57
364 42
386 27
346 57
367 65
365 17
387 28
347 52
368 58
366 84
388 93
348 87
369 20
367 10
389 86
349 28
370 26
368 64
390 81
350 94
371 79
369 79
391 55
351 73
372 73
370 11
392 94
352 12
373 67
371 54
393 56
353 27
374 19
372 98
394 29
354 14
375 95
373 57
395 50
355 54
376 42
374 79
396 24
356 89
377 98
375 53
397 44
357 10
378 75
376 60
398 75
358 68
379 53
377 27
399 67
359 33
380 25
378 33
400 79
360 73
379 20
361 16
382 86
362 90
383 73
381 60
363 85
384 74
382 38
364 52
385 21
383 19
365 21
386 75
384 93
366 79
387 70
385 44
367 65
388 60
386 83
368 81
389 38
387 53
369 90
390 72
388 79
370 35
391 68
389 82
371 76
392 37
390 84
372 70
393 40
391 38
373 20
394 15
392 13
374 26
395 72
393 60
375 44
396 22
394 26
376 76
397 47
395 70
377 62
398 14
396 23
378 75
399 83
397 50
379 13
400 32
398 75
380 99
399 36
3
52
1 3 
1 79 
3 383 387 2 
2 92 358 
1 65 
1 64 
1 25 
4 89 392 244 72 
2 127 312 
3 320 271 381 
2 385 9 
1 180 
1 115 
1 256 
3 258 98 365 
3 138 238 43 
3 122 206 315 
1 77 
1 242 
3 119 97 234 
1 225 
2 44 220 
3 236 174 164 
1 76 
3 297 322 203 
2 193 91 
2 239 338 
2 113 219 
3 333 19 375 
1 111 
2 11 270 
2 1 156 
2 363 331 
2 343 4 
1 313 
3 172 361 321 
1 275 
3 40 63 273 
2 280 304 
2 86 161 
1 232 
2 254 99 
3 380 278 186 
1 332 
2 110 33 
3 308 187 70 
2 299 306 
1 189 
3 38 54 276 
3 347 62 95 
3 316 341 224 
2 150 20 
1 100 
1 330 
1 300 
2 240 82 
1 349 
2 289 198 
1 390 
1 141 
1 8 
2 388 5 
1 125 
1 215 
1 177 
1 267 
2 55 14 
2 214 120 
1 197 
3 295 31 257 
1 103 
1 223 
3 356 396 366 
1 266 
3 47 287 137 
2 158 52 
