100 342 10 100 19
2
3
3
2
3
4
4
3
3
4
4
3
3
4
4
3
3
4
4
3
3
4
4
3
3
4
4
3
3
4
4
3
3
4
4
3
3
4
4
3
3
4
4
3
3
4
4
3
3
4
4
3
3
4
4
3
3
4
4
3
3
4
4
3
3
4
4
3
3
4
4
3
3
4
4
3
3
4
4
3
3
4
4
3
3
4
4
3
3
4
4
3
3
4
4
3
2
3
3
2
5 48
2 29
6 99
3 31
1 83
7 75
4 13
2 11
8 46
3 43
9 70
1 64
6 44
10 94
2 49
7 99
5 39
11 29
3 100
8 23
6 16
12 86
4 22
7 30
13 18
5 14
10 86
14 85
6 61
11 82
9 38
15 43
7 86
12 83
10 23
16 100
8 76
11 13
17 54
9 20
14 83
18 89
10 74
15 60
13 47
19 75
11 68
16 18
14 12
20 90
12 47
15 14
21 76
13 36
18 70
22 76
14 40
19 41
17 32
23 99
15 71
20 44
18 24
24 68
16 47
19 71
25 88
17 55
22 48
26 68
18 17
23 82
21 46
27 71
19 65
24 65
22 76
28 74
20 77
23 58
29 92
21 51
26 15
30 74
22 64
27 81
25 100
31 65
23 25
28 30
26 35
32 61
24 79
27 48
33 94
25 50
30 91
34 37
26 22
31 36
29 50
35 79
27 15
32 94
30 40
36 14
28 80
31 29
37 87
29 64
34 99
38 52
30 20
35 57
33 11
39 89
31 27
36 87
34 73
40 100
32 49
35 42
41 37
33 31
38 22
42 31
34 21
39 22
37 87
43 12
35 98
40 41
38 24
44 98
36 81
39 78
45 53
37 88
42 32
46 28
38 72
43 81
41 76
47 68
39 44
44 10
42 88
48 78
40 12
43 75
49 70
41 78
46 60
50 69
42 77
47 39
45 15
51 14
43 57
48 65
46 16
52 46
44 81
47 50
53 21
45 71
50 22
54 96
46 63
51 48
49 93
55 17
47 74
52 99
50 69
56 86
48 37
51 57
57 80
49 24
54 93
58 47
50 89
55 79
53 80
59 28
51 78
56 85
54 100
60 62
52 30
55 55
61 26
53 99
58 44
62 31
54 27
59 52
57 47
63 42
55 32
60 41
58 33
64 70
56 85
59 70
65 20
57 97
62 18
66 82
58 26
63 27
61 41
67 88
59 19
64 86
62 30
68 82
60 96
63 69
69 98
61 46
66 53
70 98
62 58
67 37
65 85
71 13
63 14
68 68
66 13
72 61
64 97
67 52
73 73
65 33
70 93
74 37
66 84
71 35
69 37
75 36
67 96
72 11
70 98
76 100
68 18
71 35
77 11
69 85
74 56
78 62
70 27
75 66
73 48
79 64
71 72
76 67
74 65
80 97
72 99
75 26
81 82
73 78
78 60
82 38
74 31
79 75
77 20
83 90
75 69
80 13
78 65
84 12
76 29
79 82
85 53
77 50
82 11
86 51
78 83
83 15
81 77
87 31
79 98
84 40
82 35
88 82
80 76
83 89
89 93
81 53
86 71
90 56
82 46
87 74
85 63
91 44
83 36
88 93
86 56
92 42
84 65
87 90
93 75
85 64
90 83
94 29
86 54
91 68
89 44
95 30
87 18
92 55
90 35
96 37
88 11
91 17
97 18
89 93
94 75
98 91
90 70
95 72
93 72
99 35
91 43
96 87
94 94
100 97
92 60
95 82
93 22
98 84
94 15
99 71
97 93
95 32
100 75
98 45
96 37
99 19
65
76
2 55 65 
1 6 
3 21 100 66 
1 10 
1 85 
1 78 
2 74 16 
2 52 88 
2 3 46 
2 47 57 
1 77 
2 79 59 
1 56 
4 68 82 1 32 
2 95 28 
3 86 64 13 
1 84 
1 97 
3 91 9 76 
