400 1520 10 100 76
2
3
3
3
3
3
3
3
3
3
3
3
3
3
3
3
3
3
3
2
3
4
4
4
4
4
4
4
4
4
4
4
4
4
4
4
4
4
4
3
3
4
4
4
4
4
4
4
4
4
4
4
4
4
4
4
4
4
4
3
3
4
4
4
4
4
4
4
4
4
4
4
4
4
4
4
4
4
4
3
3
4
4
4
4
4
4
4
4
4
4
4
4
4
4
4
4
4
4
3
3
4
4
4
4
4
4
4
4
4
4
4
4
4
4
4
4
4
4
3
3
4
4
4
4
4
4
4
4
4
4
4
4
4
4
4
4
4
4
3
3
4
4
4
4
4
4
4
4
4
4
4
4
4
4
4
4
4
4
3
3
4
4
4
4
4
4
4
4
4
4
4
4
4
4
4
4
4
4
3
3
4
4
4
4
4
4
4
4
4
4
4
4
4
4
4
4
4
4
3
3
4
4
4
4
4
4
4
4
4
4
4
4
4
4
4
4
4
4
3
3
4
4
4
4
4
4
4
4
4
4
4
4
4
4
4
4
4
4
3
3
4
4
4
4
4
4
4
4
4
4
4
4
4
4
4
4
4
4
3
3
4
4
4
4
4
4
4
4
4
4
4
4
4
4
4
4
4
4
3
3
4
4
4
4
4
4
4
4
4
4
4
4
4
4
4
4
4
4
3
3
4
4
4
4
4
4
4
4
4
4
4
4
4
4
4
4
4
4
3
3
4
4
4
4
4
4
4
4
4
4
4
4
4
4
4
4
4
4
3
3
4
4
4
4
4
4
4
4
4
4
4
4
4
4
4
4
4
4
3
3
4
4
4
4
4
4
4
4
4
4
4
4
4
4
4
4
4
4
3
2
3
3
3
3
3
3
3
3
3
3
3
3
3
3
3
3
3
3
2
21 71
2 29
22 23
3 86
1 18
23 100
4 64
2 93
24 89
5 41
3 25
25 59
6 81
4 17
26 33
7 37
5 97
27 48
8 27
6 96
28 90
9 25
7 54
29 59
10 18
8 57
30 100
11 97
9 58
31 80
12 88
10 66
32 64
13 28
11 37
33 94
14 98
12 70
34 82
15 23
13 50
35 98
16 63
14 42
36 98
17 80
15 87
37 93
18 39
16 48
38 28
19 99
17 75
39 11
20 93
18 28
40 37
19 68
41 93
1 49
22 30
42 65
2 24
23 81
21 36
43 87
3 90
24 48
22 39
44 90
4 50
25 40
23 92
45 42
5 62
26 75
24 93
46 100
6 44
27 25
25 96
47 86
7 85
28 83
26 56
48 13
8 22
29 85
27 82
49 82
9 99
30 80
28 71
50 76
10 52
31 81
29 41
51 60
11 73
32 67
30 74
52 89
12 93
33 32
31 61
53 97
13 93
34 38
32 56
54 15
14 94
35 24
33 97
55 12
15 34
36 39
34 86
56 51
16 22
37 13
35 80
57 50
17 76
38 23
36 75
58 50
18 27
39 63
37 68
59 87
19 58
40 82
38 54
60 46
20 70
39 92
61 71
21 78
42 34
62 79
22 77
43 91
41 71
63 31
23 93
44 93
42 37
64 55
24 66
45 85
43 91
65 12
25 31
46 17
44 89
66 65
26 38
47 87
45 16
67 43
27 71
48 38
46 97
68 39
28 54
49 81
47 68
69 92
29 18
50 37
48 68
70 55
30 89
51 17
49 60
71 71
31 98
52 50
50 96
72 73
32 95
53 34
51 86
73 26
33 26
54 54
52 29
74 49
34 17
55 10
53 96
75 15
35 83
56 97
54 59
76 23
36 48
57 61
55 99
77 46
37 13
58 26
56 42
78 15
38 57
59 83
57 85
79 99
39 37
60 61
58 78
80 80
40 20
59 37
81 28
41 96
62 93
82 60
42 40
63 81
61 25
83 36
43 52
64 15
62 11
84 30
44 70
65 77
63 11
85 32
45 38
66 33
64 13
86 22
46 73
67 12
65 44
87 33
47 46
68 79
66 63
88 82
48 34
69 19
67 74
89 100
49 23
70 83
68 56
90 13
50 75
71 35
69 97
91 81
51 88
72 96
70 37
92 94
52 23
73 99
71 74
93 86
53 79
74 74
72 44
94 13
54 74
75 88
73 96
95 58
55 17
76 90
74 20
96 43
56 63
77 79
75 21
97 45
57 62
78 65
76 71
98 65
58 100
79 64
77 98
99 64
59 78
80 69
78 90
100 55
60 89
79 23
101 20
61 45
82 93
102 28
62 42
83 86
81 12
103 66
63 47
84 44
82 68
104 41
64 48
85 84
83 24
105 14
65 42
86 58
84 68
106 73
66 70
87 77
85 63
107 30
67 32
88 67
86 68
108 35
68 33
89 97
87 58
109 20
69 33
90 57
88 15
110 61
70 65
91 67
89 60
111 96
71 73
92 82
90 50
112 39
72 99
93 98
91 67
113 72
73 83
94 84
92 37
114 31
74 61
95 14
93 86
115 26
75 76
96 92
94 43
116 61
76 49
97 72
95 92
117 70
77 83
98 81
96 27
118 95
78 87
99 82
97 68
119 19
79 88
100 46
98 89
120 32
80 61
99 98
121 23
81 59
102 60
122 88
82 35
103 52
101 40
123 87
83 90
104 36
102 19
124 36
84 76
105 68
103 36
125 88
85 16
106 62
104 66
126 72
86 75
107 20
105 46
127 11
87 53
108 82
106 44
128 41
88 62
109 27
107 27
129 21
89 60
110 81
108 100
130 44
90 51
111 84
109 10
131 13
91 78
112 19
110 28
132 48
92 19
113 79
111 47
133 61
93 97
114 66
112 46
134 91
94 69
115 93
113 39
135 18
95 27
116 64
114 67
136 83
96 40
117 83
115 25
137 24
97 38
118 54
116 88
138 29
98 50
119 26
117 98
139 91
99 53
120 18
118 54
140 50
100 71
119 41
141 48
101 86
122 59
142 100
102 59
123 12
121 80
143 66
103 99
124 52
122 85
144 28
104 46
125 11
123 56
145 96
105 51
126 40
124 87
146 21
106 99
127 60
125 90
147 51
107 82
128 26
126 18
148 20
108 89
129 55
127 36
149 18
109 13
130 46
128 58
150 70
110 37
131 16
129 66
151 90
111 76
132 70
130 86
152 57
112 13
133 20
131 73
153 31
113 94
134 60
132 83
154 40
114 43
135 90
133 14
155 24
115 77
136 46
134 37
156 81
116 77
137 22
135 15
157 73
117 42
138 31
136 95
158 69
118 99
139 22
137 13
159 10
119 88
140 43
138 19
160 64
120 62
139 86
161 44
121 13
142 85
162 68
122 12
143 80
141 60
163 86
123 16
144 19
142 50
164 63
124 54
145 42
143 19
165 97
125 46
146 53
144 54
166 59
126 65
147 77
145 95
167 67
127 40
148 63
146 40
168 85
128 60
149 27
147 13
169 14
129 33
150 21
148 58
170 59
130 80
151 95
149 91
171 63
131 20
152 36
150 77
172 54
132 53
153 24
151 93
173 72
133 72
154 53
152 40
174 64
134 27
155 31
153 66
175 100
135 93
156 76
154 26
176 32
136 88
157 45
155 23
177 80
137 61
158 50
156 30
178 48
138 63
159 85
157 75
179 43
139 96
160 98
158 69
180 60
140 35
159 41
181 10
141 83
162 88
182 98
142 23
163 26
161 54
183 45
143 94
164 20
162 15
184 52
144 64
165 56
163 21
185 61
145 70
166 41
164 67
186 24
146 44
167 10
165 50
187 55
147 27
168 83
166 62
188 35
148 71
169 54
167 82
189 79
149 97
170 77
168 82
190 98
150 34
171 95
169 61
191 14
151 56
172 89
170 10
192 59
152 29
173 36
171 38
193 24
153 13
174 87
172 98
194 38
154 23
175 58
173 83
195 78
155 35
176 15
174 72
196 75
156 21
177 16
175 74
197 37
157 78
178 54
176 62
198 21
158 88
179 62
177 100
199 100
159 15
180 36
178 32
200 55
160 51
179 92
201 76
161 53
182 56
202 84
162 90
183 24
181 59
203 46
163 83
184 43
182 52
204 68
164 36
185 48
183 22
205 96
165 100
186 49
184 31
206 73
166 86
187 87
185 82
207 81
167 61
188 44
186 61
208 93
168 82
189 66
187 89
209 85
169 98
190 86
188 40
210 99
170 84
191 48
189 84
211 80
171 30
192 82
190 99
212 53
172 79
193 78
191 11
213 32
173 92
194 11
192 69
214 79
174 46
195 56
193 74
215 83
175 67
196 74
194 65
216 82
176 71
197 68
195 46
217 78
177 56
198 43
196 28
218 73
178 32
199 64
197 88
219 13
179 51
200 66
198 70
220 81
180 26
199 39
221 95
181 85
202 68
222 45
182 60
203 47
201 60
223 45
183 50
204 91
202 67
224 54
184 97
205 35
203 30
225 53
185 51
206 59
204 81
226 29
186 44
207 72
205 66
227 50
187 76
208 91
206 14
228 97
188 47
209 75
207 81
229 54
189 45
210 85
208 59
230 59
190 43
211 14
209 54
231 78
191 63
212 75
210 36
232 40
192 83
213 49
211 48
233 93
193 12
214 33
212 15
234 91
194 46
215 98
213 52
235 41
195 82
216 21
214 36
236 43
196 14
217 28
215 87
237 98
197 87
218 79
216 70
238 66
198 80
219 93
217 14
239 59
199 65
220 42
218 45
240 14
200 45
219 55
241 56
201 76
222 38
242 13
202 53
223 75
221 76
243 94
203 50
224 64
222 79
244 30
204 97
225 56
223 50
245 66
205 17
226 65
224 68
246 13
206 26
227 48
225 81
247 84
207 64
228 44
226 82
248 57
208 48
229 91
227 88
249 45
209 18
230 41
228 72
250 49
210 99
231 59
229 91
251 24
211 69
232 17
230 26
252 66
212 94
233 43
231 72
253 76
213 29
234 78
232 93
254 50
214 15
235 100
233 45
255 71
215 91
236 33
234 52
256 47
216 76
237 57
235 11
257 91
217 60
238 99
236 49
258 20
218 41
239 94
237 34
259 13
219 36
240 44
238 75
260 99
220 45
239 55
261 37
221 34
242 59
262 43
222 28
243 44
241 26
263 46
223 98
244 86
242 47
264 23
224 41
245 41
243 73
265 82
225 75
246 34
244 64
266 31
226 49
247 96
245 77
267 75
227 42
248 71
246 24
268 19
228 28
249 32
247 66
269 90
229 85
250 71
248 51
270 21
230 10
251 50
249 81
271 45
231 66
252 95
250 58
272 16
232 45
253 46
251 72
273 36
233 32
254 18
252 24
274 23
234 69
255 79
253 10
275 55
235 48
256 18
254 64
276 37
236 34
257 11
255 57
277 51
237 14
258 47
256 28
278 67
238 30
259 81
257 79
279 40
239 36
260 57
258 76
280 97
240 56
259 97
281 34
241 16
262 45
282 93
242 34
263 76
261 21
283 71
243 50
264 79
262 57
284 74
244 97
265 77
263 30
285 15
245 29
266 47
264 34
286 44
246 93
267 80
265 31
287 43
247 12
268 36
266 68
288 74
248 46
269 49
267 57
289 69
249 51
270 56
268 17
290 40
250 79
271 53
269 79
291 51
251 95
272 19
270 90
292 98
252 16
273 97
271 17
293 34
253 87
274 47
272 15
294 95
254 38
275 95
273 53
295 19
255 78
276 48
274 47
296 100
256 67
277 37
275 43
297 92
257 42
278 26
276 88
298 90
258 91
279 41
277 52
299 73
259 34
280 35
278 83
300 87
260 58
279 39
301 55
261 67
282 84
302 75
262 47
283 91
281 35
303 31
263 68
284 31
282 36
304 84
264 89
285 49
283 84
305 73
265 52
286 69
284 40
306 81
266 13
287 65
285 32
307 36
267 51
288 41
286 65
308 10
268 22
289 59
287 95
309 26
269 93
290 64
288 74
310 65
270 88
291 79
289 42
311 37
271 27
292 88
290 95
312 30
272 73
293 61
291 85
313 66
273 62
294 19
292 21
314 81
274 75
295 13
293 10
315 93
275 56
296 66
294 14
316 92
276 47
297 85
295 75
317 67
277 92
298 46
296 27
318 34
278 57
299 17
297 52
319 86
279 12
300 10
298 34
320 26
280 46
299 42
321 63
281 74
302 74
322 48
282 13
303 19
301 88
323 57
283 48
304 35
302 89
324 77
284 13
305 91
303 14
325 31
285 35
306 55
304 56
326 35
286 31
307 67
305 51
327 21
287 90
308 62
306 18
328 22
288 67
309 67
307 74
329 56
289 26
310 22
308 87
330 43
290 54
311 33
309 51
331 15
291 64
312 38
310 43
332 52
292 19
313 43
311 87
333 57
293 65
314 33
312 66
334 65
294 12
315 91
313 60
335 74
295 46
316 88
314 75
336 20
296 49
317 27
315 28
337 93
297 74
318 100
316 100
338 32
298 21
319 26
317 33
339 67
299 40
320 83
318 90
340 65
300 61
319 39
341 35
301 98
322 28
342 18
302 34
323 30
321 67
343 34
303 74
324 61
322 66
344 98
304 27
325 13
323 15
345 58
305 12
326 15
324 26
346 75
306 84
327 98
325 89
347 37
307 33
328 86
326 80
348 33
308 33
329 22
327 49
349 71
309 64
330 94
328 62
350 30
310 63
331 98
329 12
351 81
311 24
332 52
330 95
352 86
312 41
333 58
331 67
353 60
313 55
334 63
332 53
354 45
314 33
335 69
333 28
355 54
315 82
336 25
334 69
356 47
316 87
337 79
335 30
357 94
317 44
338 96
336 64
358 45
318 93
339 28
337 47
359 27
319 50
340 69
338 74
360 41
320 51
339 77
361 76
321 27
342 18
362 99
322 17
343 86
341 26
363 53
323 25
344 36
342 95
364 41
324 56
345 67
343 87
365 66
325 20
346 28
344 82
366 46
326 23
347 58
345 12
367 77
327 99
348 52
346 92
368 98
328 88
349 10
347 15
369 12
329 37
350 64
348 57
370 87
330 49
351 64
349 91
371 71
331 80
352 83
350 51
372 24
332 27
353 71
351 98
373 40
333 60
354 30
352 61
374 48
334 29
355 59
353 30
375 35
335 66
356 25
354 100
376 65
336 49
357 31
355 54
377 26
337 67
358 62
356 43
378 25
338 19
359 78
357 61
379 38
339 64
360 69
358 12
380 44
340 48
359 93
381 18
341 86
362 74
382 64
342 98
363 34
361 15
383 47
343 96
364 35
362 24
384 81
344 76
365 32
363 81
385 33
345 55
366 11
364 58
386 83
346 10
367 85
365 34
387 81
347 24
368 59
366 37
388 32
348 88
369 32
367 12
389 83
349 80
370 70
368 25
390 44
350 45
371 96
369 87
391 40
351 61
372 82
370 12
392 46
352 100
373 24
371 36
393 79
353 20
374 26
372 66
394 21
354 13
375 27
373 56
395 45
355 63
376 60
374 69
396 34
356 68
377 47
375 72
397 69
357 92
378 87
376 37
398 88
358 35
379 19
377 96
399 38
359 47
380 18
378 79
400 35
360 51
379 78
361 41
382 25
362 35
383 70
381 29
363 55
384 44
382 30
364 21
385 42
383 80
365 87
386 43
384 71
366 49
387 84
385 83
367 87
388 89
386 50
368 60
389 48
387 92
369 48
390 76
388 63
370 42
391 98
389 49
371 77
392 31
390 82
372 100
393 61
391 14
373 46
394 20
392 59
374 63
395 57
393 30
375 78
396 50
394 30
376 70
397 79
395 67
377 56
398 66
396 32
378 68
399 77
397 50
379 58
400 54
398 52
380 17
399 59
145
75
1 145 
1 399 
2 314 400 
2 144 189 
2 272 28 
2 228 326 
3 99 310 168 
1 251 
2 235 121 
2 169 26 
1 252 
3 67 13 161 
2 183 285 
1 129 
2 321 44 
3 206 199 203 
3 27 102 81 
2 332 212 
1 146 
2 29 182 
1 328 
2 319 291 
1 259 
1 126 
1 307 
1 127 
2 347 153 
1 366 
2 116 25 
2 61 115 
4 231 15 389 71 
3 134 12 42 
1 333 
2 19 234 
1 227 
2 63 138 
3 352 49 90 
1 113 
2 257 18 
2 185 303 
3 111 264 1 
1 359 
2 317 334 
1 154 
2 385 322 
4 8 193 221 339 
2 293 124 
3 364 160 213 
2 371 95 
1 7 
1 304 
3 23 282 4 
1 233 
2 320 66 
4 222 343 151 268 
1 11 
1 191 
1 358 
1 200 
2 355 294 
2 242 273 
2 300 24 
2 330 289 
1 365 
2 348 68 
1 398 
1 207 
2 204 249 
3 327 120 195 
1 59 
2 346 377 
4 217 258 287 163 
2 10 159 
2 392 85 
1 356 
1 75 
