144 528 10 100 27
2
3
3
3
3
3
3
3
3
3
3
2
3
4
4
4
4
4
4
4
4
4
4
3
3
4
4
4
4
4
4
4
4
4
4
3
3
4
4
4
4
4
4
4
4
4
4
3
3
4
4
4
4
4
4
4
4
4
4
3
3
4
4
4
4
4
4
4
4
4
4
3
3
4
4
4
4
4
4
4
4
4
4
3
3
4
4
4
4
4
4
4
4
4
4
3
3
4
4
4
4
4
4
4
4
4
4
3
3
4
4
4
4
4
4
4
4
4
4
3
3
4
4
4
4
4
4
4
4
4
4
3
2
3
3
3
3
3
3
3
3
3
3
2
13 91
2 29
14 30
3 19
1 69
15 75
4 32
2 11
16 33
5 32
3 20
17 49
6 72
4 12
18 33
7 95
5 68
19 24
8 91
6 79
20 86
9 57
7 53
21 38
10 74
8 49
22 49
11 65
9 88
23 74
12 59
10 83
24 48
11 60
25 89
1 16
14 97
26 46
2 98
15 42
13 75
27 36
3 66
16 23
14 64
28 47
4 70
17 46
15 52
29 37
5 16
18 62
16 87
30 91
6 30
19 54
17 19
31 32
7 23
20 96
18 63
32 76
8 54
21 89
19 69
33 96
9 59
22 10
20 86
34 49
10 41
23 37
21 56
35 30
11 48
24 60
22 86
36 25
12 35
23 42
37 24
13 96
26 69
38 39
14 91
27 79
25 63
39 43
15 83
28 50
26 98
40 34
16 38
29 21
27 59
41 99
17 10
30 23
28 31
42 68
18 62
31 56
29 79
43 19
19 23
32 51
30 88
44 33
20 31
33 58
31 66
45 80
21 50
34 58
32 37
46 11
22 39
35 46
33 66
47 89
23 93
36 39
34 28
48 71
24 87
35 88
49 27
25 36
38 25
50 46
26 47
39 63
37 89
51 86
27 76
40 63
38 37
52 82
28 96
41 54
39 30
53 51
29 21
42 74
40 99
54 36
30 56
43 46
41 55
55 50
31 40
44 68
42 38
56 50
32 83
45 91
43 36
57 91
33 39
46 50
44 100
58 60
34 53
47 59
45 99
59 39
35 85
48 82
46 37
60 75
36 85
47 87
61 34
37 26
50 42
62 95
38 24
51 55
49 40
63 31
39 16
52 79
50 100
64 85
40 24
53 69
51 92
65 13
41 34
54 63
52 41
66 40
42 41
55 86
53 67
67 60
43 26
56 77
54 16
68 44
44 33
57 11
55 31
69 11
45 89
58 63
56 12
70 96
46 81
59 78
57 32
71 44
47 48
60 71
58 54
72 18
48 40
59 52
73 10
49 71
62 73
74 24
50 16
63 38
61 69
75 41
51 83
64 60
62 83
76 61
52 38
65 90
63 92
77 94
53 26
66 90
64 55
78 86
54 78
67 85
65 70
79 10
55 35
68 100
66 24
80 22
56 42
69 72
67 40
81 24
57 71
70 25
68 86
82 19
58 94
71 43
69 85
83 45
59 12
72 67
70 90
84 99
60 14
71 31
85 49
61 88
74 27
86 45
62 86
75 44
73 12
87 50
63 13
76 56
74 98
88 75
64 17
77 66
75 59
89 29
65 31
78 57
76 45
90 41
66 49
79 55
77 100
91 39
67 24
80 30
78 31
92 85
68 56
81 35
79 19
93 70
69 90
82 70
80 85
94 76
70 41
83 36
81 44
95 92
71 17
84 97
82 58
96 21
72 94
83 68
97 90
73 89
86 15
98 24
74 67
87 42
85 91
99 15
75 59
88 77
86 55
100 31
76 63
89 98
87 80
101 32
77 60
90 89
88 22
102 69
78 91
91 24
89 97
103 92
79 27
92 87
90 17
104 62
80 29
93 18
91 74
105 97
81 61
94 30
92 88
106 20
82 32
95 80
93 45
107 85
83 58
96 81
94 57
108 40
84 15
95 57
109 81
85 85
98 82
110 55
86 78
99 93
97 18
111 19
87 67
100 55
98 78
112 16
88 17
101 38
99 60
113 84
89 66
102 18
100 22
114 10
90 77
103 71
101 93
115 58
91 83
104 68
102 82
116 42
92 67
105 60
103 16
117 23
93 10
106 31
104 38
118 37
94 38
107 58
105 98
119 79
95 75
108 89
106 16
120 77
96 62
107 62
121 40
97 68
110 42
122 26
98 54
111 25
109 69
123 19
99 62
112 93
110 35
124 78
100 48
113 22
111 24
125 21
101 49
114 12
112 85
126 36
102 33
115 84
113 32
127 15
103 45
116 94
114 26
128 60
104 88
117 54
115 23
129 71
105 53
118 100
116 93
130 84
106 96
119 32
117 15
131 18
107 89
120 16
118 24
132 87
108 47
119 56
133 97
109 39
122 76
134 60
110 65
123 26
121 26
135 36
111 62
124 20
122 37
136 68
112 50
125 10
123 96
137 42
113 87
126 26
124 10
138 63
114 59
127 73
125 12
139 39
115 69
128 23
126 45
140 29
116 97
129 85
127 46
141 57
117 31
130 62
128 80
142 34
118 50
131 18
129 17
143 81
119 96
132 54
130 39
144 54
120 92
131 12
121 29
134 85
122 66
135 67
133 42
123 54
136 23
134 30
124 27
137 84
135 53
125 87
138 16
136 16
126 57
139 35
137 76
127 33
140 20
138 80
128 83
141 12
139 97
129 31
142 35
140 87
130 72
143 61
141 25
131 86
144 93
142 95
132 86
143 100
21
61
1 21 
4 43 111 90 86 
1 87 
2 129 69 
3 13 32 8 
3 26 25 130 
2 134 127 
3 10 72 139 
2 46 50 
1 85 
3 110 101 55 
2 119 131 
2 56 89 
1 64 
1 76 
2 120 75 
2 31 77 
3 96 106 66 
1 34 
1 92 
1 3 
1 136 
1 143 
1 78 
1 17 
2 68 51 
3 88 36 61 
