100 342 10 100 19
2
3
3
2
3
4
4
3
3
4
4
3
3
4
4
3
3
4
4
3
3
4
4
3
3
4
4
3
3
4
4
3
3
4
4
3
3
4
4
3
3
4
4
3
3
4
4
3
3
4
4
3
3
4
4
3
3
4
4
3
3
4
4
3
3
4
4
3
3
4
4
3
3
4
4
3
3
4
4
3
3
4
4
3
3
4
4
3
3
4
4
3
3
4
4
3
2
3
3
2
5 67
2 29
6 78
3 88
1 73
7 77
4 78
2 20
8 26
3 27
9 40
1 77
6 47
10 44
2 85
7 94
5 33
11 81
3 86
8 62
6 68
12 52
4 51
7 69
13 53
5 75
10 20
14 71
6 14
11 98
9 16
15 33
7 38
12 62
10 82
16 11
8 61
11 29
17 15
9 32
14 32
18 50
10 77
15 77
13 90
19 95
11 21
16 14
14 22
20 62
12 99
15 56
21 57
13 39
18 35
22 16
14 37
19 44
17 86
23 95
15 73
20 58
18 59
24 23
16 43
19 19
25 31
17 100
22 50
26 87
18 84
23 61
21 25
27 37
19 65
24 83
22 80
28 67
20 71
23 78
29 61
21 63
26 98
30 88
22 63
27 63
25 67
31 39
23 40
28 70
26 38
32 36
24 72
27 13
33 78
25 63
30 82
34 62
26 63
31 66
29 11
35 51
27 15
32 85
30 95
36 76
28 22
31 71
37 98
29 93
34 99
38 17
30 30
35 44
33 66
39 27
31 53
36 17
34 29
40 54
32 54
35 46
41 54
33 99
38 13
42 94
34 70
39 86
37 57
43 75
35 45
40 41
38 92
44 42
36 40
39 17
45 58
37 37
42 23
46 25
38 50
43 23
41 85
47 59
39 44
44 74
42 90
48 54
40 27
43 63
49 65
41 40
46 47
50 13
42 83
47 26
45 14
51 40
43 36
48 66
46 72
52 49
44 64
47 91
53 19
45 100
50 31
54 84
46 33
51 17
49 11
55 18
47 51
52 72
50 88
56 87
48 96
51 66
57 82
49 59
54 71
58 48
50 48
55 98
53 75
59 75
51 80
56 25
54 78
60 25
52 30
55 69
61 33
53 25
58 53
62 13
54 24
59 70
57 33
63 15
55 69
60 40
58 29
64 51
56 15
59 29
65 15
57 78
62 30
66 43
58 12
63 92
61 17
67 18
59 82
64 87
62 56
68 90
60 55
63 33
69 34
61 32
66 59
70 31
62 51
67 30
65 40
71 33
63 36
68 51
66 26
72 95
64 28
67 79
73 73
65 52
70 31
74 57
66 16
71 70
69 30
75 56
67 62
72 70
70 59
76 76
68 21
71 10
77 24
69 63
74 34
78 46
70 17
75 68
73 45
79 92
71 24
76 85
74 16
80 35
72 68
75 80
81 57
73 99
78 37
82 60
74 28
79 31
77 68
83 89
75 22
80 79
78 36
84 48
76 80
79 70
85 32
77 44
82 11
86 68
78 97
83 21
81 81
87 54
79 99
84 93
82 45
88 96
80 38
83 54
89 63
81 15
86 38
90 46
82 40
87 72
85 88
91 68
83 78
88 49
86 54
92 40
84 25
87 31
93 60
85 57
90 20
94 65
86 77
91 21
89 43
95 93
87 14
92 55
90 83
96 96
88 68
91 39
97 61
89 88
94 67
98 13
90 22
95 70
93 35
99 47
91 56
96 17
94 95
100 77
92 44
95 15
93 71
98 51
94 81
99 82
97 93
95 86
100 33
98 84
96 26
99 87
68
61
4 1 58 67 68 
2 12 27 
1 52 
1 41 
1 78 
2 89 64 
1 79 
1 31 
2 43 62 
4 100 4 21 24 
1 6 
2 15 30 
2 44 87 
3 5 76 77 
2 39 37 
1 63 
2 18 57 
2 93 65 
1 61 
