100 342 10 100 19
2
3
3
2
3
4
4
3
3
4
4
3
3
4
4
3
3
4
4
3
3
4
4
3
3
4
4
3
3
4
4
3
3
4
4
3
3
4
4
3
3
4
4
3
3
4
4
3
3
4
4
3
3
4
4
3
3
4
4
3
3
4
4
3
3
4
4
3
3
4
4
3
3
4
4
3
3
4
4
3
3
4
4
3
3
4
4
3
3
4
4
3
3
4
4
3
2
3
3
2
5 24
2 29
6 24
3 33
1 33
7 43
4 22
2 54
8 65
3 19
9 20
1 72
6 72
10 16
2 30
7 34
5 63
11 36
3 85
8 95
6 89
12 30
4 13
7 71
13 100
5 46
10 60
14 33
6 93
11 48
9 10
15 82
7 82
12 73
10 19
16 56
8 92
11 48
17 98
9 17
14 64
18 35
10 84
15 11
13 72
19 18
11 14
16 96
14 72
20 11
12 43
15 68
21 43
13 27
18 21
22 70
14 96
19 88
17 16
23 35
15 100
20 79
18 28
24 91
16 62
19 13
25 97
17 23
22 12
26 15
18 67
23 69
21 78
27 74
19 23
24 71
22 14
28 39
20 93
23 65
29 49
21 32
26 15
30 52
22 70
27 41
25 15
31 98
23 84
28 40
26 26
32 35
24 79
27 61
33 34
25 87
30 37
34 43
26 59
31 29
29 42
35 12
27 85
32 89
30 91
36 65
28 96
31 61
37 50
29 83
34 41
38 73
30 47
35 17
33 46
39 29
31 22
36 55
34 19
40 46
32 27
35 85
41 100
33 37
38 77
42 27
34 77
39 98
37 11
43 77
35 92
40 91
38 23
44 77
36 56
39 75
45 92
37 15
42 62
46 87
38 68
43 18
41 51
47 74
39 82
44 41
42 55
48 38
40 96
43 94
49 22
41 43
46 64
50 86
42 61
47 80
45 55
51 96
43 10
48 23
46 72
52 36
44 68
47 34
53 17
45 91
50 74
54 86
46 21
51 44
49 73
55 20
47 31
52 18
50 46
56 76
48 70
51 98
57 47
49 72
54 31
58 87
50 16
55 39
53 57
59 33
51 82
56 64
54 22
60 38
52 88
55 31
61 84
53 51
58 93
62 70
54 58
59 59
57 33
63 85
55 31
60 39
58 83
64 68
56 49
59 28
65 80
57 97
62 57
66 91
58 12
63 45
61 42
67 81
59 61
64 83
62 43
68 88
60 10
63 19
69 71
61 85
66 71
70 53
62 75
67 55
65 15
71 49
63 97
68 98
66 45
72 57
64 43
67 45
73 44
65 18
70 99
74 78
66 44
71 84
69 14
75 89
67 21
72 40
70 99
76 46
68 34
71 91
77 52
69 41
74 73
78 39
70 88
75 49
73 87
79 73
71 47
76 83
74 35
80 17
72 63
75 85
81 64
73 76
78 25
82 16
74 40
79 59
77 44
83 10
75 64
80 15
78 13
84 38
76 19
79 27
85 86
77 53
82 52
86 64
78 20
83 29
81 28
87 45
79 63
84 69
82 62
88 83
80 54
83 69
89 73
81 33
86 67
90 42
82 29
87 62
85 41
91 64
83 76
88 45
86 15
92 99
84 58
87 86
93 95
85 78
90 25
94 64
86 80
91 59
89 79
95 92
87 63
92 99
90 35
96 60
88 93
91 38
97 47
89 77
94 54
98 62
90 80
95 64
93 20
99 45
91 56
96 19
94 77
100 90
92 50
95 15
93 22
98 10
94 91
99 67
97 96
95 72
100 16
98 16
96 49
99 13
35
7
3 1 5 35 
2 52 77 
2 71 9 
2 54 3 
1 11 
1 24 
1 83 
1 49 
1 79 
1 92 
2 33 44 
2 30 26 
2 66 75 
2 21 51 
2 96 73 
4 27 55 91 53 
2 81 20 
1 25 
3 74 89 7 
