196 728 10 100 37
2
3
3
3
3
3
3
3
3
3
3
3
3
2
3
4
4
4
4
4
4
4
4
4
4
4
4
3
3
4
4
4
4
4
4
4
4
4
4
4
4
3
3
4
4
4
4
4
4
4
4
4
4
4
4
3
3
4
4
4
4
4
4
4
4
4
4
4
4
3
3
4
4
4
4
4
4
4
4
4
4
4
4
3
3
4
4
4
4
4
4
4
4
4
4
4
4
3
3
4
4
4
4
4
4
4
4
4
4
4
4
3
3
4
4
4
4
4
4
4
4
4
4
4
4
3
3
4
4
4
4
4
4
4
4
4
4
4
4
3
3
4
4
4
4
4
4
4
4
4
4
4
4
3
3
4
4
4
4
4
4
4
4
4
4
4
4
3
3
4
4
4
4
4
4
4
4
4
4
4
4
3
2
3
3
3
3
3
3
3
3
3
3
3
3
2
15 57
2 29
16 36
3 33
1 40
17 96
4 25
2 87
18 79
5 61
3 32
19 49
6 73
4 13
20 90
7 71
5 84
21 86
8 24
6 37
22 33
9 11
7 50
23 23
10 55
8 34
24 93
11 41
9 16
25 82
12 30
10 71
26 13
13 50
11 80
27 93
14 14
12 79
28 54
13 42
29 23
1 56
16 75
30 29
2 53
17 14
15 80
31 90
3 83
18 15
16 53
32 14
4 56
19 86
17 51
33 97
5 91
20 60
18 93
34 60
6 23
21 63
19 86
35 53
7 91
22 78
20 11
36 85
8 98
23 29
21 77
37 68
9 56
24 81
22 42
38 69
10 24
25 91
23 51
39 12
11 99
26 51
24 67
40 91
12 16
27 17
25 78
41 27
13 39
28 63
26 79
42 65
14 100
27 65
43 77
15 47
30 83
44 67
16 96
31 62
29 51
45 25
17 45
32 17
30 57
46 77
18 60
33 99
31 78
47 44
19 49
34 89
32 100
48 27
20 28
35 87
33 78
49 55
21 94
36 96
34 22
50 41
22 41
37 66
35 73
51 12
23 60
38 20
36 48
52 83
24 58
39 65
37 43
53 44
25 34
40 32
38 99
54 70
26 21
41 59
39 62
55 91
27 13
42 77
40 56
56 85
28 29
41 75
57 82
29 62
44 98
58 21
30 79
45 16
43 88
59 38
31 80
46 90
44 55
60 39
32 64
47 87
45 33
61 16
33 74
48 47
46 94
62 59
34 39
49 41
47 24
63 89
35 51
50 12
48 29
64 93
36 82
51 63
49 62
65 34
37 50
52 29
50 35
66 45
38 82
53 21
51 13
67 82
39 38
54 44
52 27
68 59
40 78
55 81
53 73
69 39
41 31
56 15
54 40
70 17
42 92
55 11
71 16
43 28
58 91
72 33
44 86
59 30
57 33
73 82
45 49
60 68
58 47
74 11
46 14
61 50
59 48
75 95
47 91
62 87
60 64
76 92
48 44
63 14
61 77
77 27
49 75
64 42
62 54
78 36
50 75
65 91
63 51
79 89
51 17
66 44
64 38
80 77
52 91
67 16
65 86
81 21
53 33
68 49
66 94
82 61
54 26
69 48
67 74
83 43
55 47
70 49
68 59
84 23
56 14
69 80
85 32
57 21
72 52
86 45
58 85
73 46
71 54
87 66
59 62
74 26
72 19
88 22
60 88
75 55
73 85
89 93
61 21
76 16
74 70
90 26
62 50
77 14
75 15
91 96
63 44
78 16
76 77
92 20
64 57
79 78
77 45
93 90
65 77
80 32
78 60
94 89
66 99
81 75
79 68
95 26
67 50
82 35
80 15
96 62
68 75
83 54
81 50
97 13
69 41
84 100
82 31
98 25
70 50
83 56
99 86
71 87
86 92
100 97
72 18
87 23
85 77
101 18
73 12
88 93
86 33
102 45
74 79
89 80
87 53
103 19
75 32
90 96
88 69
104 97
76 12
91 82
89 40
105 40
77 52
92 66
90 72
106 50
78 37
93 91
91 41
107 24
79 80
94 42
92 27
108 46
80 56
95 80
93 15
109 92
81 28
96 90
94 78
110 85
82 15
97 87
95 89
111 34
83 96
98 36
96 55
112 40
84 29
97 30
113 75
85 86
100 97
114 97
86 32
101 41
99 30
115 29
87 56
102 73
100 96
116 79
88 90
103 68
101 32
117 59
89 13
104 78
102 26
118 39
90 88
105 13
103 53
119 59
91 67
106 73
104 89
120 55
92 71
107 56
105 11
121 24
93 66
108 69
106 36
122 56
94 69
109 52
107 77
123 95
95 68
110 60
108 95
124 54
96 79
111 98
109 90
125 81
97 23
112 17
110 94
126 26
98 88
111 69
127 24
99 87
114 75
128 59
100 18
115 16
113 80
129 20
101 73
116 83
114 73
130 58
102 23
117 39
115 41
131 12
103 46
118 70
116 18
132 58
104 89
119 86
117 96
133 56
105 35
120 58
118 14
134 96
106 94
121 23
119 90
135 58
107 63
122 18
120 21
136 100
108 34
123 73
121 68
137 21
109 89
124 79
122 19
138 96
110 72
125 95
123 73
139 44
111 95
126 44
124 38
140 15
112 68
125 37
141 30
113 65
128 50
142 32
114 42
129 65
127 53
143 13
115 60
130 94
128 61
144 92
116 40
131 25
129 76
145 12
117 35
132 93
130 41
146 58
118 94
133 88
131 95
147 93
119 60
134 21
132 23
148 86
120 10
135 52
133 80
149 26
121 32
136 17
134 40
150 46
122 38
137 94
135 79
151 100
123 44
138 14
136 22
152 44
124 95
139 22
137 69
153 18
125 65
140 12
138 92
154 63
126 88
139 63
155 91
127 23
142 47
156 22
128 16
143 60
141 23
157 51
129 80
144 36
142 36
158 85
130 60
145 29
143 73
159 29
131 25
146 100
144 97
160 75
132 13
147 94
145 55
161 93
133 27
148 42
146 27
162 41
134 84
149 67
147 65
163 56
135 45
150 92
148 26
164 19
136 64
151 70
149 18
165 32
137 13
152 77
150 45
166 29
138 86
153 83
151 88
167 79
139 71
154 59
152 90
168 90
140 75
153 44
169 20
141 67
156 31
170 37
142 45
157 73
155 48
171 51
143 25
158 64
156 91
172 52
144 72
159 96
157 38
173 97
145 57
160 96
158 11
174 82
146 40
161 50
159 24
175 87
147 63
162 44
160 80
176 13
148 55
163 77
161 85
177 62
149 76
164 53
162 30
178 36
150 72
165 58
163 98
179 48
151 21
166 82
164 27
180 74
152 61
167 85
165 32
181 39
153 33
168 57
166 28
182 55
154 23
167 63
183 67
155 48
170 70
184 77
156 95
171 60
169 78
185 14
157 45
172 43
170 19
186 31
158 100
173 87
171 33
187 12
159 48
174 79
172 13
188 23
160 57
175 40
173 75
189 68
161 11
176 91
174 42
190 96
162 70
177 97
175 21
191 33
163 23
178 35
176 34
192 88
164 10
179 33
177 45
193 93
165 44
180 89
178 86
194 91
166 96
181 100
179 40
195 37
167 71
182 11
180 72
196 40
168 82
181 44
169 49
184 78
170 37
185 69
183 34
171 33
186 26
184 10
172 99
187 67
185 60
173 68
188 27
186 75
174 87
189 50
187 70
175 66
190 93
188 16
176 99
191 22
189 80
177 46
192 26
190 86
178 74
193 18
191 100
179 28
194 90
192 14
180 55
195 54
193 98
181 18
196 65
194 19
182 15
195 16
148
168
2 12 148 
1 99 
2 83 179 
2 157 15 
3 67 156 122 
1 77 
1 184 
1 58 
1 130 
1 159 
4 125 89 154 44 
2 181 96 
1 192 
1 76 
2 46 108 
1 8 
2 82 69 
2 131 165 
1 60 
1 40 
2 4 163 
4 111 29 42 115 
1 93 
3 64 171 81 
2 10 164 
1 144 
3 70 19 30 
2 126 153 
2 28 17 
2 129 177 
2 94 16 
2 66 183 
2 41 11 
2 65 140 
2 97 7 
2 92 86 
2 133 168 
