144 528 10 100 27
2
3
3
3
3
3
3
3
3
3
3
2
3
4
4
4
4
4
4
4
4
4
4
3
3
4
4
4
4
4
4
4
4
4
4
3
3
4
4
4
4
4
4
4
4
4
4
3
3
4
4
4
4
4
4
4
4
4
4
3
3
4
4
4
4
4
4
4
4
4
4
3
3
4
4
4
4
4
4
4
4
4
4
3
3
4
4
4
4
4
4
4
4
4
4
3
3
4
4
4
4
4
4
4
4
4
4
3
3
4
4
4
4
4
4
4
4
4
4
3
3
4
4
4
4
4
4
4
4
4
4
3
2
3
3
3
3
3
3
3
3
3
3
2
13 11
2 29
14 40
3 59
1 25
15 28
4 89
2 74
16 49
5 11
3 67
17 66
6 12
4 40
18 67
7 66
5 48
19 37
8 43
6 38
20 67
9 82
7 32
21 85
10 46
8 83
22 81
11 35
9 53
23 31
12 95
10 24
24 40
11 54
25 96
1 49
14 16
26 71
2 15
15 14
13 23
27 39
3 75
16 55
14 78
28 19
4 52
17 71
15 80
29 88
5 65
18 46
16 95
30 62
6 96
19 54
17 17
31 96
7 87
20 85
18 45
32 36
8 15
21 54
19 92
33 52
9 51
22 35
20 42
34 64
10 10
23 15
21 77
35 29
11 10
24 43
22 50
36 26
12 21
23 67
37 53
13 18
26 80
38 73
14 57
27 37
25 46
39 83
15 44
28 33
26 78
40 18
16 50
29 50
27 51
41 14
17 81
30 25
28 51
42 79
18 24
31 33
29 78
43 94
19 44
32 44
30 26
44 20
20 93
33 34
31 49
45 30
21 37
34 92
32 22
46 75
22 84
35 73
33 99
47 38
23 38
36 33
34 76
48 77
24 95
35 44
49 58
25 39
38 51
50 99
26 69
39 46
37 22
51 63
27 70
40 69
38 28
52 92
28 80
41 69
39 96
53 20
29 70
42 18
40 18
54 23
30 82
43 71
41 69
55 25
31 66
44 61
42 39
56 83
32 87
45 20
43 92
57 13
33 81
46 74
44 11
58 53
34 18
47 10
45 15
59 95
35 62
48 73
46 70
60 14
36 88
47 90
61 65
37 50
50 39
62 89
38 52
51 23
49 48
63 94
39 25
52 86
50 55
64 24
40 50
53 96
51 97
65 81
41 87
54 60
52 12
66 87
42 60
55 44
53 96
67 93
43 11
56 76
54 37
68 31
44 25
57 100
55 70
69 68
45 39
58 91
56 36
70 59
46 84
59 96
57 99
71 74
47 94
60 49
58 21
72 51
48 24
59 40
73 73
49 89
62 21
74 83
50 56
63 72
61 56
75 46
51 31
64 59
62 15
76 28
52 93
65 70
63 35
77 86
53 73
66 15
64 57
78 66
54 29
67 19
65 19
79 42
55 14
68 31
66 21
80 38
56 92
69 86
67 53
81 12
57 65
70 27
68 66
82 84
58 15
71 86
69 12
83 54
59 72
72 64
70 36
84 33
60 42
71 46
85 38
61 28
74 30
86 22
62 30
75 32
73 58
87 20
63 37
76 54
74 100
88 44
64 84
77 64
75 41
89 88
65 77
78 76
76 13
90 32
66 93
79 100
77 48
91 43
67 71
80 90
78 18
92 46
68 81
81 66
79 83
93 44
69 12
82 86
80 11
94 65
70 18
83 47
81 52
95 60
71 55
84 13
82 47
96 65
72 72
83 66
97 54
73 72
86 64
98 59
74 95
87 54
85 31
99 60
75 65
88 52
86 64
100 50
76 10
89 83
87 11
101 40
77 44
90 11
88 32
102 100
78 69
91 48
89 30
103 78
79 48
92 98
90 30
104 50
80 83
93 90
91 16
105 15
81 63
94 75
92 72
106 76
82 96
95 24
93 32
107 15
83 78
96 52
94 55
108 90
84 59
95 77
109 76
85 80
98 14
110 66
86 90
99 61
97 91
111 23
87 98
100 52
98 26
112 68
88 33
101 12
99 77
113 47
89 77
102 30
100 71
114 19
90 68
103 13
101 22
115 88
91 65
104 69
102 56
116 51
92 73
105 33
103 96
117 67
93 22
106 33
104 81
118 32
94 45
107 100
105 44
119 42
95 14
108 99
106 15
120 80
96 67
107 27
121 30
97 43
110 55
122 60
98 50
111 36
109 67
123 68
99 47
112 90
110 51
124 53
100 35
113 31
111 56
125 91
101 63
114 12
112 98
126 36
102 55
115 18
113 46
127 84
103 24
116 15
114 37
128 18
104 66
117 72
115 35
129 20
105 60
118 58
116 37
130 85
106 56
119 37
117 38
131 48
107 89
120 47
118 72
132 86
108 38
119 13
133 28
109 27
122 65
134 17
110 13
123 32
121 26
135 19
111 22
124 27
122 56
136 67
112 51
125 47
123 16
137 18
113 44
126 22
124 62
138 74
114 53
127 98
125 42
139 83
115 27
128 70
126 64
140 95
116 89
129 88
127 59
141 87
117 98
130 84
128 94
142 11
118 69
131 41
129 79
143 28
119 70
132 11
130 54
144 92
120 64
131 28
121 54
134 30
122 46
135 86
133 90
123 50
136 17
134 23
124 21
137 33
135 79
125 58
138 20
136 44
126 96
139 23
137 83
127 10
140 68
138 97
128 18
141 66
139 44
129 80
142 73
140 37
130 93
143 35
141 17
131 11
144 53
142 31
132 25
143 58
87
123
1 87 
2 91 127 
1 113 
2 133 42 
2 65 124 
2 104 70 
1 35 
1 7 
2 96 36 
2 108 112 
2 53 141 
5 23 17 26 132 69 
1 40 
1 139 
1 89 
2 75 50 
1 63 
1 47 
1 73 
3 16 72 136 
2 135 13 
2 106 137 
4 59 34 94 121 
2 144 101 
2 15 95 
3 102 44 57 
1 123 
