196 728 10 100 37
2
3
3
3
3
3
3
3
3
3
3
3
3
2
3
4
4
4
4
4
4
4
4
4
4
4
4
3
3
4
4
4
4
4
4
4
4
4
4
4
4
3
3
4
4
4
4
4
4
4
4
4
4
4
4
3
3
4
4
4
4
4
4
4
4
4
4
4
4
3
3
4
4
4
4
4
4
4
4
4
4
4
4
3
3
4
4
4
4
4
4
4
4
4
4
4
4
3
3
4
4
4
4
4
4
4
4
4
4
4
4
3
3
4
4
4
4
4
4
4
4
4
4
4
4
3
3
4
4
4
4
4
4
4
4
4
4
4
4
3
3
4
4
4
4
4
4
4
4
4
4
4
4
3
3
4
4
4
4
4
4
4
4
4
4
4
4
3
3
4
4
4
4
4
4
4
4
4
4
4
4
3
2
3
3
3
3
3
3
3
3
3
3
3
3
2
15 83
2 29
16 91
3 81
1 21
17 49
4 42
2 65
18 94
5 87
3 61
19 40
6 80
4 19
20 87
7 99
5 48
21 17
8 23
6 48
22 78
9 40
7 69
23 18
10 57
8 50
24 64
11 68
9 20
25 84
12 76
10 17
26 10
13 99
11 91
27 91
14 21
12 41
28 27
13 57
29 79
1 11
16 34
30 75
2 36
17 59
15 73
31 35
3 89
18 57
16 72
32 45
4 32
19 47
17 12
33 35
5 12
20 98
18 28
34 56
6 45
21 44
19 83
35 74
7 57
22 73
20 60
36 76
8 53
23 73
21 94
37 78
9 72
24 21
22 32
38 74
10 71
25 83
23 98
39 24
11 10
26 32
24 15
40 30
12 60
27 74
25 15
41 65
13 78
28 26
26 44
42 96
14 52
27 53
43 13
15 50
30 31
44 43
16 15
31 76
29 19
45 86
17 69
32 100
30 57
46 51
18 87
33 50
31 22
47 60
19 27
34 36
32 42
48 35
20 52
35 96
33 80
49 86
21 65
36 89
34 15
50 64
22 62
37 29
35 70
51 25
23 47
38 83
36 97
52 16
24 24
39 66
37 83
53 86
25 94
40 92
38 35
54 77
26 52
41 75
39 14
55 20
27 10
42 45
40 36
56 70
28 100
41 11
57 92
29 50
44 58
58 80
30 90
45 13
43 53
59 67
31 71
46 99
44 33
60 52
32 64
47 15
45 45
61 92
33 25
48 85
46 74
62 14
34 38
49 41
47 56
63 78
35 44
50 48
48 60
64 45
36 83
51 73
49 47
65 50
37 66
52 78
50 42
66 98
38 76
53 64
51 20
67 55
39 78
54 100
52 31
68 30
40 98
55 11
53 27
69 42
41 98
56 81
54 23
70 71
42 13
55 18
71 61
43 90
58 84
72 56
44 64
59 13
57 72
73 58
45 24
60 87
58 65
74 27
46 17
61 26
59 47
75 92
47 50
62 25
60 18
76 56
48 93
63 82
61 17
77 41
49 20
64 38
62 59
78 36
50 36
65 26
63 77
79 92
51 82
66 94
64 19
80 35
52 90
67 18
65 54
81 56
53 57
68 64
66 48
82 96
54 52
69 14
67 98
83 15
55 52
70 57
68 99
84 55
56 68
69 72
85 25
57 32
72 82
86 88
58 86
73 38
71 46
87 92
59 47
74 55
72 27
88 90
60 41
75 55
73 24
89 84
61 77
76 63
74 60
90 70
62 96
77 63
75 22
91 56
63 100
78 47
76 53
92 18
64 11
79 69
77 35
93 58
65 85
80 18
78 10
94 56
66 28
81 31
79 13
95 86
67 80
82 15
80 100
96 45
68 67
83 32
81 28
97 74
69 62
84 93
82 49
98 46
70 87
83 36
99 16
71 87
86 70
100 78
72 14
87 89
85 68
101 56
73 100
88 46
86 17
102 59
74 52
89 19
87 40
103 29
75 98
90 21
88 89
104 10
76 21
91 42
89 77
105 89
77 82
92 37
90 59
106 76
78 67
93 72
91 83
107 45
79 91
94 93
92 55
108 48
80 92
95 28
93 13
109 32
81 16
96 46
94 95
110 52
82 12
97 59
95 72
111 56
83 47
98 45
96 31
112 78
84 31
97 95
113 30
85 53
100 84
114 82
86 80
101 32
99 84
115 86
87 32
102 80
100 31
116 62
88 87
103 23
101 73
117 60
89 71
104 62
102 41
118 81
90 17
105 68
103 57
119 21
91 64
106 30
104 80
120 99
92 22
107 29
105 82
121 60
93 25
108 36
106 18
122 51
94 87
109 64
107 73
123 58
95 33
110 53
108 24
124 13
96 94
111 16
109 65
125 61
97 90
112 37
110 70
126 97
98 38
111 77
127 26
99 44
114 40
128 94
100 86
115 58
113 33
129 89
101 100
116 50
114 96
130 54
102 38
117 59
115 76
131 45
103 62
118 53
116 45
132 41
104 23
119 36
117 26
133 81
105 62
120 87
118 24
134 89
106 72
121 94
119 13
135 92
107 42
122 43
120 56
136 61
108 36
123 74
121 62
137 42
109 88
124 97
122 28
138 23
110 83
125 22
123 27
139 41
111 78
126 68
124 69
140 39
112 38
125 22
141 48
113 32
128 23
142 88
114 49
129 92
127 47
143 28
115 65
130 85
128 32
144 62
116 40
131 52
129 84
145 25
117 33
132 75
130 99
146 14
118 75
133 14
131 81
147 88
119 82
134 20
132 47
148 31
120 64
135 32
133 73
149 79
121 42
136 17
134 12
150 39
122 68
137 62
135 79
151 18
123 93
138 97
136 55
152 32
124 26
139 31
137 24
153 17
125 26
140 33
138 100
154 46
126 21
139 65
155 13
127 59
142 70
156 45
128 91
143 21
141 20
157 47
129 68
144 89
142 80
158 78
130 79
145 54
143 53
159 51
131 42
146 53
144 31
160 44
132 63
147 67
145 86
161 13
133 24
148 72
146 90
162 74
134 13
149 81
147 30
163 65
135 84
150 61
148 90
164 57
136 46
151 28
149 82
165 45
137 32
152 92
150 17
166 32
138 76
153 97
151 95
167 24
139 56
154 10
152 80
168 47
140 38
153 36
169 46
141 57
156 15
170 37
142 85
157 38
155 84
171 64
143 86
158 61
156 97
172 78
144 65
159 89
157 33
173 55
145 63
160 42
158 60
174 44
146 93
161 79
159 79
175 90
147 75
162 60
160 63
176 59
148 68
163 94
161 64
177 93
149 80
164 54
162 77
178 31
150 89
165 89
163 80
179 35
151 35
166 23
164 81
180 41
152 68
167 12
165 24
181 57
153 19
168 19
166 92
182 18
154 53
167 77
183 36
155 95
170 100
184 74
156 18
171 58
169 35
185 63
157 97
172 30
170 39
186 23
158 52
173 79
171 30
187 48
159 98
174 68
172 28
188 51
160 19
175 80
173 15
189 61
161 10
176 74
174 33
190 48
162 34
177 85
175 37
191 60
163 34
178 45
176 82
192 51
164 98
179 84
177 98
193 57
165 85
180 31
178 16
194 98
166 22
181 87
179 11
195 28
167 71
182 72
180 11
196 81
168 17
181 86
169 50
184 98
170 76
185 72
183 81
171 92
186 34
184 15
172 100
187 97
185 94
173 85
188 96
186 45
174 99
189 44
187 38
175 85
190 12
188 86
176 66
191 60
189 77
177 74
192 19
190 52
178 44
193 20
191 91
179 86
194 22
192 19
180 48
195 52
193 19
181 35
196 33
194 27
182 98
195 95
4
12
5 169 6 98 138 4 
3 14 83 167 
2 132 56 
3 120 59 79 
1 82 
2 49 43 
2 36 62 
1 175 
2 163 37 
1 47 
2 172 108 
2 13 192 
1 174 
1 95 
2 18 78 
3 107 113 131 
3 178 9 101 
2 155 90 
2 35 158 
1 60 
1 159 
3 55 147 191 
1 162 
1 51 
1 31 
1 7 
1 24 
3 173 176 11 
1 119 
2 103 136 
2 45 93 
1 58 
1 96 
2 57 27 
1 81 
2 73 75 
3 121 171 12 
