625 2400 10 100 118
2
3
3
3
3
3
3
3
3
3
3
3
3
3
3
3
3
3
3
3
3
3
3
3
2
3
4
4
4
4
4
4
4
4
4
4
4
4
4
4
4
4
4
4
4
4
4
4
4
3
3
4
4
4
4
4
4
4
4
4
4
4
4
4
4
4
4
4
4
4
4
4
4
4
3
3
4
4
4
4
4
4
4
4
4
4
4
4
4
4
4
4
4
4
4
4
4
4
4
3
3
4
4
4
4
4
4
4
4
4
4
4
4
4
4
4
4
4
4
4
4
4
4
4
3
3
4
4
4
4
4
4
4
4
4
4
4
4
4
4
4
4
4
4
4
4
4
4
4
3
3
4
4
4
4
4
4
4
4
4
4
4
4
4
4
4
4
4
4
4
4
4
4
4
3
3
4
4
4
4
4
4
4
4
4
4
4
4
4
4
4
4
4
4
4
4
4
4
4
3
3
4
4
4
4
4
4
4
4
4
4
4
4
4
4
4
4
4
4
4
4
4
4
4
3
3
4
4
4
4
4
4
4
4
4
4
4
4
4
4
4
4
4
4
4
4
4
4
4
3
3
4
4
4
4
4
4
4
4
4
4
4
4
4
4
4
4
4
4
4
4
4
4
4
3
3
4
4
4
4
4
4
4
4
4
4
4
4
4
4
4
4
4
4
4
4
4
4
4
3
3
4
4
4
4
4
4
4
4
4
4
4
4
4
4
4
4
4
4
4
4
4
4
4
3
3
4
4
4
4
4
4
4
4
4
4
4
4
4
4
4
4
4
4
4
4
4
4
4
3
3
4
4
4
4
4
4
4
4
4
4
4
4
4
4
4
4
4
4
4
4
4
4
4
3
3
4
4
4
4
4
4
4
4
4
4
4
4
4
4
4
4
4
4
4
4
4
4
4
3
3
4
4
4
4
4
4
4
4
4
4
4
4
4
4
4
4
4
4
4
4
4
4
4
3
3
4
4
4
4
4
4
4
4
4
4
4
4
4
4
4
4
4
4
4
4
4
4
4
3
3
4
4
4
4
4
4
4
4
4
4
4
4
4
4
4
4
4
4
4
4
4
4
4
3
3
4
4
4
4
4
4
4
4
4
4
4
4
4
4
4
4
4
4
4
4
4
4
4
3
3
4
4
4
4
4
4
4
4
4
4
4
4
4
4
4
4
4
4
4
4
4
4
4
3
3
4
4
4
4
4
4
4
4
4
4
4
4
4
4
4
4
4
4
4
4
4
4
4
3
3
4
4
4
4
4
4
4
4
4
4
4
4
4
4
4
4
4
4
4
4
4
4
4
3
3
4
4
4
4
4
4
4
4
4
4
4
4
4
4
4
4
4
4
4
4
4
4
4
3
2
3
3
3
3
3
3
3
3
3
3
3
3
3
3
3
3
3
3
3
3
3
3
3
2
26 18
2 29
27 29
3 98
1 40
28 59
4 47
2 35
29 52
5 42
3 61
30 92
6 56
4 85
31 42
7 32
5 40
32 60
8 77
6 13
33 38
9 14
7 79
34 88
10 10
8 45
35 44
11 92
9 43
36 54
12 18
10 29
37 63
13 85
11 89
38 21
14 28
12 21
39 98
15 29
13 44
40 79
16 87
14 66
41 77
17 69
15 21
42 94
18 84
16 47
43 44
19 58
17 75
44 64
20 67
18 38
45 33
21 47
19 79
46 84
22 64
20 66
47 51
23 32
21 72
48 98
24 69
22 17
49 87
25 51
23 45
50 67
24 43
51 57
1 37
27 50
52 64
2 49
28 74
26 41
53 48
3 45
29 86
27 79
54 55
4 30
30 30
28 92
55 14
5 70
31 61
29 87
56 78
6 80
32 58
30 88
57 63
7 91
33 32
31 36
58 24
8 20
34 53
32 93
59 17
9 85
35 50
33 34
60 97
10 67
36 76
34 52
61 42
11 86
37 22
35 88
62 71
12 99
38 68
36 25
63 94
13 69
39 80
37 62
64 74
14 89
40 71
38 36
65 19
15 43
41 55
39 24
66 76
16 53
42 92
40 66
67 59
17 96
43 58
41 21
68 64
18 73
44 54
42 34
69 67
19 78
45 86
43 48
70 62
20 23
46 45
44 87
71 33
21 38
47 39
45 76
72 64
22 76
48 90
46 99
73 57
23 59
49 94
47 29
74 77
24 61
50 71
48 80
75 29
25 64
49 26
76 50
26 37
52 81
77 63
27 78
53 65
51 25
78 54
28 30
54 28
52 54
79 41
29 17
55 98
53 20
80 97
30 10
56 77
54 82
81 100
31 56
57 75
55 99
82 40
32 55
58 96
56 70
83 24
33 11
59 78
57 42
84 17
34 90
60 93
58 13
85 61
35 95
61 82
59 63
86 47
36 78
62 48
60 54
87 11
37 52
63 14
61 59
88 51
38 11
64 86
62 34
89 24
39 82
65 27
63 35
90 50
40 95
66 51
64 71
91 65
41 99
67 16
65 72
92 34
42 43
68 38
66 70
93 59
43 89
69 26
67 86
94 80
44 36
70 20
68 34
95 60
45 37
71 87
69 100
96 46
46 78
72 54
70 61
97 95
47 51
73 44
71 35
98 32
48 88
74 52
72 27
99 43
49 62
75 28
73 14
100 58
50 25
74 11
101 89
51 37
77 20
102 21
52 62
78 67
76 18
103 50
53 46
79 37
77 20
104 91
54 69
80 93
78 66
105 39
55 37
81 35
79 97
106 72
56 48
82 21
80 85
107 26
57 61
83 75
81 48
108 28
58 41
84 79
82 54
109 42
59 67
85 40
83 80
110 94
60 25
86 61
84 62
111 84
61 93
87 12
85 44
112 22
62 34
88 10
86 64
113 37
63 69
89 66
87 17
114 86
64 97
90 90
88 95
115 46
65 35
91 88
89 86
116 75
66 30
92 53
90 30
117 31
67 67
93 55
91 67
118 63
68 90
94 65
92 10
119 10
69 29
95 61
93 83
120 74
70 88
96 73
94 47
121 40
71 23
97 19
95 67
122 37
72 49
98 57
96 21
123 39
73 74
99 23
97 81
124 28
74 22
100 69
98 91
125 75
75 61
99 74
126 86
76 30
102 88
127 36
77 19
103 47
101 95
128 64
78 30
104 70
102 63
129 81
79 100
105 42
103 40
130 51
80 90
106 68
104 17
131 66
81 24
107 16
105 67
132 23
82 54
108 38
106 23
133 70
83 89
109 55
107 93
134 31
84 41
110 68
108 28
135 78
85 88
111 100
109 56
136 17
86 60
112 57
110 10
137 72
87 96
113 42
111 17
138 46
88 75
114 18
112 36
139 64
89 94
115 12
113 82
140 78
90 41
116 28
114 80
141 22
91 90
117 78
115 85
142 84
92 39
118 28
116 64
143 65
93 97
119 16
117 30
144 38
94 54
120 41
118 12
145 80
95 86
121 87
119 58
146 33
96 48
122 14
120 22
147 45
97 13
123 60
121 63
148 31
98 97
124 83
122 16
149 86
99 90
125 94
123 56
150 10
100 22
124 36
151 30
101 32
127 71
152 20
102 23
128 72
126 14
153 89
103 21
129 76
127 63
154 81
104 40
130 18
128 26
155 95
105 25
131 48
129 65
156 73
106 12
132 19
130 78
157 45
107 68
133 39
131 82
158 95
108 39
134 26
132 80
159 39
109 97
135 16
133 58
160 77
110 42
136 84
134 80
161 91
111 13
137 42
135 44
162 79
112 24
138 23
136 68
163 36
113 72
139 39
137 45
164 82
114 46
140 40
138 66
165 40
115 69
141 16
139 16
166 66
116 18
142 19
140 35
167 13
117 95
143 25
141 28
168 58
118 62
144 95
142 86
169 77
119 39
145 48
143 98
170 45
120 18
146 75
144 90
171 95
121 60
147 20
145 20
172 63
122 27
148 18
146 36
173 83
123 82
149 84
147 32
174 23
124 19
150 48
148 57
175 56
125 90
149 60
176 45
126 56
152 59
177 92
127 94
153 17
151 66
178 41
128 27
154 54
152 38
179 24
129 32
155 85
153 81
180 77
130 61
156 81
154 11
181 31
131 95
157 85
155 91
182 30
132 10
158 28
156 13
183 83
133 83
159 93
157 86
184 17
134 74
160 71
158 14
185 49
135 91
161 48
159 94
186 97
136 45
162 48
160 42
187 55
137 34
163 55
161 70
188 70
138 46
164 75
162 62
189 31
139 43
165 17
163 18
190 73
140 58
166 83
164 84
191 28
141 93
167 36
165 46
192 32
142 84
168 70
166 76
193 19
143 65
169 48
167 89
194 97
144 62
170 13
168 43
195 34
145 65
171 79
169 29
196 61
146 89
172 98
170 66
197 34
147 49
173 18
171 78
198 50
148 97
174 83
172 93
199 39
149 93
175 17
173 39
200 22
150 70
174 48
201 68
151 76
177 66
202 100
152 60
178 83
176 41
203 26
153 68
179 26
177 93
204 73
154 20
180 75
178 74
205 96
155 97
181 12
179 32
206 44
156 11
182 73
180 66
207 22
157 28
183 70
181 45
208 97
158 40
184 62
182 62
209 80
159 74
185 47
183 92
210 59
160 14
186 70
184 87
211 35
161 32
187 60
185 74
212 98
162 95
188 52
186 19
213 59
163 15
189 10
187 86
214 98
164 77
190 13
188 70
215 77
165 27
191 35
189 56
216 72
166 37
192 48
190 44
217 59
167 32
193 39
191 40
218 18
168 62
194 22
192 90
219 77
169 97
195 53
193 85
220 99
170 63
196 100
194 77
221 87
171 86
197 76
195 11
222 67
172 40
198 45
196 54
223 80
173 76
199 85
197 58
224 97
174 75
200 59
198 96
225 63
175 29
199 83
226 98
176 14
202 37
227 15
177 83
203 89
201 22
228 15
178 96
204 20
202 20
229 83
179 55
205 32
203 69
230 96
180 63
206 76
204 43
231 100
181 73
207 49
205 69
232 80
182 100
208 48
206 69
233 56
183 23
209 88
207 15
234 24
184 75
210 66
208 79
235 22
185 55
211 64
209 33
236 82
186 93
212 96
210 24
237 88
187 38
213 86
211 62
238 89
188 96
214 74
212 53
239 58
189 93
215 10
213 41
240 51
190 62
216 85
214 53
241 50
191 76
217 35
215 78
242 64
192 67
218 89
216 31
243 10
193 29
219 20
217 22
244 96
194 50
220 70
218 55
245 14
195 54
221 10
219 76
246 25
196 42
222 22
220 58
247 92
197 90
223 64
221 53
248 85
198 38
224 84
222 34
249 46
199 65
225 17
223 70
250 43
200 36
224 93
251 94
201 14
227 72
252 32
202 16
228 96
226 97
253 88
203 82
229 61
227 88
254 59
204 64
230 24
228 61
255 24
205 78
231 34
229 46
256 71
206 38
232 54
230 46
257 58
207 85
233 32
231 22
258 47
208 27
234 84
232 91
259 53
209 56
235 23
233 15
260 33
210 48
236 29
234 58
261 99
211 82
237 39
235 66
262 66
212 70
238 90
236 72
263 91
213 74
239 18
237 91
264 49
214 55
240 18
238 77
265 12
215 64
241 80
239 55
266 79
216 17
242 29
240 86
267 91
217 22
243 71
241 67
268 29
218 73
244 47
242 33
269 40
219 83
245 30
243 26
270 84
220 70
246 88
244 30
271 73
221 78
247 60
245 98
272 16
222 40
248 88
246 18
273 87
223 42
249 28
247 51
274 69
224 56
250 57
248 32
275 28
225 46
249 64
276 31
226 94
252 54
277 75
227 98
253 22
251 61
278 59
228 44
254 75
252 93
279 97
229 46
255 46
253 42
280 75
230 67
256 88
254 96
281 92
231 65
257 36
255 65
282 30
232 36
258 47
256 100
283 47
233 58
259 55
257 68
284 72
234 83
260 90
258 42
285 44
235 62
261 96
259 89
286 32
236 57
262 82
260 57
287 27
237 97
263 73
261 52
288 70
238 63
264 15
262 39
289 28
239 97
265 70
263 24
290 49
240 26
266 49
264 24
291 36
241 94
267 90
265 26
292 44
242 20
268 38
266 86
293 74
243 16
269 93
267 86
294 15
244 82
270 55
268 74
295 26
245 54
271 99
269 91
296 19
246 41
272 70
270 41
297 23
247 87
273 29
271 56
298 48
248 27
274 10
272 100
299 18
249 13
275 42
273 40
300 54
250 70
274 61
301 36
251 66
277 99
302 17
252 90
278 98
276 27
303 65
253 57
279 100
277 75
304 36
254 98
280 67
278 59
305 94
255 30
281 79
279 94
306 90
256 95
282 45
280 29
307 70
257 83
283 81
281 98
308 13
258 43
284 95
282 13
309 95
259 12
285 50
283 89
310 54
260 37
286 61
284 16
311 19
261 93
287 36
285 63
312 11
262 24
288 27
286 49
313 20
263 96
289 73
287 32
314 24
264 65
290 86
288 26
315 90
265 92
291 80
289 57
316 22
266 45
292 64
290 50
317 75
267 89
293 90
291 10
318 96
268 58
294 92
292 89
319 52
269 19
295 28
293 19
320 31
270 25
296 31
294 94
321 15
271 90
297 97
295 27
322 86
272 78
298 63
296 29
323 68
273 26
299 61
297 93
324 15
274 45
300 62
298 85
325 53
275 83
299 46
326 29
276 34
302 10
327 78
277 81
303 26
301 83
328 89
278 76
304 14
302 45
329 98
279 29
305 68
303 22
330 24
280 32
306 45
304 81
331 98
281 58
307 48
305 13
332 32
282 94
308 69
306 63
333 98
283 96
309 98
307 67
334 43
284 82
310 31
308 60
335 32
285 72
311 93
309 93
336 38
286 66
312 67
310 13
337 97
287 12
313 11
311 82
338 37
288 34
314 31
312 95
339 37
289 58
315 80
313 21
340 69
290 55
316 90
314 23
341 87
291 38
317 37
315 99
342 37
292 24
318 92
316 73
343 30
293 48
319 58
317 79
344 96
294 35
320 25
318 81
345 88
295 98
321 19
319 60
346 32
296 85
322 86
320 31
347 96
297 95
323 84
321 100
348 54
298 61
324 79
322 93
349 69
299 34
325 82
323 92
350 18
300 48
324 88
351 43
301 32
327 94
352 63
302 36
328 24
326 43
353 92
303 27
329 27
327 57
354 17
304 87
330 69
328 74
355 37
305 86
331 59
329 29
356 25
306 86
332 93
330 76
357 54
307 55
333 38
331 41
358 65
308 52
334 29
332 10
359 98
309 44
335 10
333 53
360 50
310 69
336 44
334 98
361 75
311 51
337 22
335 22
362 24
312 77
338 75
336 65
363 43
313 95
339 55
337 24
364 85
314 97
340 13
338 18
365 56
315 77
341 80
339 63
366 70
316 38
342 91
340 63
367 89
317 43
343 67
341 10
368 79
318 37
344 71
342 49
369 76
319 80
345 23
343 15
370 22
320 90
346 20
344 42
371 43
321 19
347 20
345 30
372 66
322 88
348 74
346 48
373 91
323 15
349 35
347 74
374 69
324 53
350 90
348 65
375 76
325 26
349 62
376 18
326 44
352 61
377 45
327 19
353 69
351 72
378 43
328 60
354 75
352 95
379 53
329 58
355 63
353 42
380 50
330 38
356 43
354 95
381 43
331 59
357 21
355 63
382 34
332 63
358 17
356 90
383 77
333 15
359 97
357 65
384 37
334 39
360 17
358 57
385 55
335 23
361 95
359 90
386 39
336 83
362 57
360 22
387 71
337 70
363 17
361 29
388 22
338 84
364 89
362 22
389 47
339 37
365 28
363 12
390 22
340 63
366 86
364 68
391 80
341 62
367 60
365 84
392 52
342 57
368 49
366 12
393 53
343 22
369 99
367 12
394 47
344 80
370 85
368 16
395 94
345 77
371 19
369 87
396 54
346 57
372 85
370 72
397 61
347 90
373 34
371 96
398 46
348 42
374 83
372 15
399 23
349 72
375 60
373 43
400 21
350 63
374 94
401 96
351 25
377 51
402 69
352 25
378 45
376 59
403 32
353 67
379 10
377 100
404 70
354 32
380 84
378 63
405 20
355 100
381 35
379 60
406 70
356 54
382 24
380 78
407 87
357 56
383 19
381 10
408 41
358 59
384 19
382 61
409 85
359 56
385 75
383 79
410 36
360 16
386 14
384 68
411 42
361 84
387 57
385 90
412 22
362 74
388 93
386 52
413 83
363 50
389 54
387 83
414 80
364 94
390 19
388 74
415 64
365 31
391 32
389 40
416 24
366 82
392 41
390 59
417 33
367 14
393 99
391 99
418 14
368 24
394 79
392 29
419 45
369 17
395 18
393 50
420 11
370 80
396 77
394 90
421 34
371 73
397 56
395 82
422 50
372 44
398 14
396 25
423 73
373 48
399 76
397 15
424 78
374 90
400 67
398 69
425 99
375 78
399 58
426 44
376 89
402 49
427 86
377 17
403 18
401 67
428 70
378 53
404 31
402 41
429 51
379 71
405 54
403 62
430 38
380 73
406 45
404 71
431 26
381 51
407 35
405 69
432 84
382 64
408 43
406 61
433 94
383 17
409 45
407 41
434 21
384 28
410 19
408 81
435 89
385 22
411 31
409 94
436 69
386 46
412 38
410 12
437 78
387 92
413 55
411 63
438 22
388 66
414 83
412 89
439 65
389 30
415 90
413 90
440 48
390 68
416 87
414 34
441 24
391 18
417 35
415 95
442 91
392 85
418 14
416 10
443 23
393 95
419 57
417 81
444 34
394 55
420 64
418 93
445 58
395 46
421 75
419 63
446 81
396 24
422 38
420 62
447 65
397 98
423 25
421 55
448 24
398 81
424 19
422 22
449 72
399 22
425 95
423 26
450 22
400 60
424 56
451 88
401 56
427 27
452 45
402 70
428 34
426 100
453 47
403 83
429 68
427 41
454 54
404 68
430 39
428 56
455 81
405 12
431 62
429 14
456 91
406 98
432 12
430 48
457 59
407 39
433 28
431 92
458 81
408 84
434 11
432 77
459 10
409 50
435 19
433 34
460 83
410 43
436 10
434 29
461 12
411 36
437 53
435 37
462 73
412 37
438 43
436 44
463 79
413 98
439 21
437 71
464 45
414 26
440 78
438 40
465 42
415 13
441 41
439 37
466 27
416 56
442 36
440 52
467 39
417 77
443 85
441 25
468 80
418 20
444 58
442 10
469 87
419 46
445 39
443 17
470 28
420 30
446 38
444 75
471 71
421 14
447 49
445 75
472 83
422 27
448 13
446 99
473 70
423 34
449 20
447 30
474 75
424 35
450 45
448 34
475 47
425 46
449 17
476 51
426 27
452 89
477 43
427 35
453 11
451 16
478 10
428 49
454 14
452 22
479 21
429 57
455 68
453 87
480 77
430 89
456 71
454 49
481 37
431 17
457 95
455 51
482 15
432 27
458 76
456 92
483 98
433 91
459 72
457 51
484 29
434 92
460 25
458 22
485 66
435 21
461 59
459 81
486 85
436 21
462 29
460 30
487 95
437 84
463 61
461 56
488 82
438 84
464 47
462 97
489 69
439 29
465 53
463 22
490 87
440 14
466 15
464 83
491 82
441 32
467 44
465 25
492 47
442 53
468 51
466 72
493 78
443 92
469 20
467 53
494 51
444 37
470 65
468 19
495 37
445 100
471 43
469 71
496 37
446 100
472 75
470 95
497 73
447 25
473 19
471 82
498 22
448 33
474 55
472 96
499 93
449 89
475 33
473 17
500 66
450 49
474 18
501 25
451 98
477 44
502 27
452 97
478 44
476 97
503 87
453 93
479 54
477 37
504 60
454 73
480 90
478 42
505 79
455 89
481 18
479 32
506 100
456 27
482 36
480 94
507 26
457 16
483 77
481 11
508 50
458 88
484 18
482 91
509 42
459 10
485 34
483 13
510 66
460 34
486 98
484 10
511 92
461 30
487 47
485 99
512 28
462 42
488 64
486 44
513 13
463 21
489 41
487 74
514 20
464 78
490 56
488 75
515 89
465 37
491 73
489 92
516 62
466 32
492 88
490 88
517 24
467 61
493 15
491 30
518 46
468 28
494 48
492 83
519 62
469 39
495 60
493 23
520 38
470 89
496 84
494 83
521 60
471 11
497 54
495 65
522 37
472 100
498 48
496 54
523 48
473 65
499 78
497 45
524 13
474 20
500 58
498 97
525 62
475 73
499 58
526 54
476 58
502 46
527 30
477 29
503 91
501 69
528 61
478 40
504 68
502 13
529 51
479 98
505 71
503 23
530 10
480 15
506 56
504 100
531 26
481 82
507 43
505 43
532 11
482 84
508 24
506 10
533 12
483 67
509 95
507 72
534 24
484 75
510 64
508 36
535 33
485 57
511 13
509 26
536 29
486 38
512 73
510 83
537 29
487 23
513 53
511 54
538 96
488 19
514 38
512 32
539 25
489 39
515 66
513 68
540 91
490 81
516 19
514 61
541 73
491 61
517 16
515 35
542 48
492 53
518 96
516 25
543 67
493 24
519 24
517 43
544 10
494 64
520 74
518 76
545 69
495 17
521 57
519 40
546 82
496 19
522 69
520 52
547 58
497 49
523 42
521 56
548 58
498 34
524 10
522 86
549 55
499 57
525 81
523 96
550 89
500 95
524 94
551 83
501 87
527 37
552 66
502 48
528 56
526 38
553 60
503 85
529 30
527 55
554 45
504 66
530 19
528 13
555 90
505 92
531 18
529 21
556 100
506 41
532 52
530 15
557 29
507 72
533 84
531 30
558 88
508 83
534 23
532 49
559 25
509 36
535 51
533 57
560 54
510 60
536 31
534 82
561 46
511 40
537 57
535 94
562 69
512 64
538 55
536 13
563 65
513 24
539 80
537 24
564 43
514 98
540 84
538 75
565 12
515 59
541 37
539 19
566 77
516 19
542 43
540 50
567 77
517 94
543 61
541 39
568 62
518 62
544 26
542 72
569 86
519 58
545 75
543 90
570 53
520 65
546 73
544 29
571 83
521 69
547 96
545 53
572 74
522 81
548 90
546 69
573 15
523 21
549 67
547 27
574 15
524 92
550 72
548 67
575 94
525 25
549 31
576 99
526 28
552 100
577 75
527 53
553 16
551 83
578 10
528 88
554 74
552 30
579 38
529 60
555 25
553 83
580 19
530 17
556 93
554 71
581 97
531 18
557 59
555 49
582 42
532 91
558 12
556 69
583 95
533 56
559 48
557 31
584 95
534 15
560 60
558 10
585 89
535 87
561 38
559 36
586 35
536 52
562 16
560 34
587 77
537 30
563 40
561 51
588 48
538 40
564 58
562 67
589 69
539 18
565 12
563 33
590 31
540 33
566 11
564 37
591 56
541 94
567 53
565 73
592 57
542 99
568 27
566 18
593 14
543 76
569 11
567 73
594 19
544 12
570 82
568 36
595 89
545 25
571 80
569 52
596 100
546 51
572 64
570 25
597 33
547 96
573 81
571 82
598 16
548 93
574 58
572 21
599 74
549 94
575 75
573 63
600 41
550 76
574 86
601 57
551 65
577 64
602 34
552 29
578 20
576 40
603 30
553 47
579 80
577 88
604 59
554 56
580 23
578 89
605 19
555 11
581 43
579 29
606 49
556 71
582 68
580 34
607 77
557 26
583 37
581 22
608 74
558 98
584 34
582 95
609 28
559 88
585 65
583 63
610 78
560 28
586 47
584 26
611 20
561 40
587 52
585 15
612 64
562 44
588 34
586 50
613 70
563 87
589 92
587 51
614 94
564 73
590 65
588 56
615 59
565 46
591 75
589 91
616 50
566 72
592 57
590 62
617 91
567 48
593 25
591 82
618 74
568 67
594 35
592 10
619 14
569 14
595 99
593 97
620 45
570 22
596 29
594 86
621 22
571 57
597 76
595 80
622 100
572 27
598 45
596 16
623 60
573 20
599 38
597 28
624 58
574 39
600 52
598 58
625 85
575 93
599 63
576 67
602 39
577 21
603 53
601 22
578 29
604 49
602 100
579 49
605 18
603 30
580 27
606 68
604 44
581 90
607 12
605 100
582 32
608 90
606 38
583 70
609 18
607 37
584 60
610 61
608 67
585 79
611 16
609 81
586 94
612 22
610 59
587 10
613 71
611 37
588 16
614 59
612 61
589 41
615 79
613 53
590 83
616 92
614 40
591 53
617 86
615 87
592 73
618 69
616 35
593 29
619 47
617 51
594 56
620 20
618 48
595 56
621 29
619 98
596 11
622 34
620 43
597 27
623 47
621 66
598 37
624 60
622 84
599 77
625 18
623 52
600 31
624 21
416
122
1 416 
1 414 
1 19 
2 385 225 
4 527 231 329 292 
2 514 243 
2 166 132 
1 153 
2 214 598 
1 205 
2 228 158 
2 244 105 
1 340 
1 380 
1 623 
2 587 116 
3 510 507 157 
1 359 
3 11 621 237 
1 90 
4 441 285 303 18 
3 215 95 256 
3 330 260 114 
3 599 502 595 
2 307 12 
1 348 
1 86 
1 504 
2 438 41 
1 134 
1 94 
2 192 483 
1 56 
2 254 558 
1 473 
1 58 
2 561 276 
2 294 334 
1 121 
2 278 592 
1 57 
1 333 
3 543 346 619 
2 82 470 
1 181 
3 164 613 391 
2 87 26 
2 110 51 
2 495 571 
1 73 
2 200 290 
2 232 373 
2 89 221 
1 42 
1 131 
1 326 
2 439 356 
2 277 168 
1 347 
3 92 8 368 
2 440 378 
1 408 
2 77 530 
1 293 
1 410 
1 428 
2 566 580 
2 457 106 
3 341 479 207 
1 616 
2 512 239 
4 402 432 332 176 
3 357 50 102 
1 71 
1 53 
3 101 37 224 
1 431 
4 539 111 162 515 
1 622 
3 433 144 453 
1 614 
1 313 
2 481 45 
3 31 590 496 
1 586 
2 211 536 
3 147 234 537 
4 407 411 564 535 
2 588 469 
5 620 451 458 488 517 
1 68 
4 579 468 336 358 
1 74 
1 545 
1 163 
1 322 
1 126 
1 476 
2 103 187 
1 423 
2 611 393 
4 492 34 146 494 
3 466 529 553 
2 47 201 
1 220 
2 485 366 
1 298 
2 4 76 
1 353 
2 415 585 
2 289 180 
2 403 13 
1 449 
2 520 532 
1 419 
2 302 567 
3 212 227 427 
3 43 3 122 
