400 1500 10 100 76
2
3
3
3
3
3
3
3
3
3
3
3
3
3
3
3
3
3
3
3
3
3
3
3
3
3
3
3
3
3
3
3
3
3
3
3
3
3
3
2
3
4
4
4
4
4
4
4
4
4
4
4
4
4
4
4
4
4
4
4
4
4
4
4
4
4
4
4
4
4
4
4
4
4
4
4
4
4
4
3
3
4
4
4
4
4
4
4
4
4
4
4
4
4
4
4
4
4
4
4
4
4
4
4
4
4
4
4
4
4
4
4
4
4
4
4
4
4
4
3
3
4
4
4
4
4
4
4
4
4
4
4
4
4
4
4
4
4
4
4
4
4
4
4
4
4
4
4
4
4
4
4
4
4
4
4
4
4
4
3
3
4
4
4
4
4
4
4
4
4
4
4
4
4
4
4
4
4
4
4
4
4
4
4
4
4
4
4
4
4
4
4
4
4
4
4
4
4
4
3
3
4
4
4
4
4
4
4
4
4
4
4
4
4
4
4
4
4
4
4
4
4
4
4
4
4
4
4
4
4
4
4
4
4
4
4
4
4
4
3
3
4
4
4
4
4
4
4
4
4
4
4
4
4
4
4
4
4
4
4
4
4
4
4
4
4
4
4
4
4
4
4
4
4
4
4
4
4
4
3
3
4
4
4
4
4
4
4
4
4
4
4
4
4
4
4
4
4
4
4
4
4
4
4
4
4
4
4
4
4
4
4
4
4
4
4
4
4
4
3
3
4
4
4
4
4
4
4
4
4
4
4
4
4
4
4
4
4
4
4
4
4
4
4
4
4
4
4
4
4
4
4
4
4
4
4
4
4
4
3
2
3
3
3
3
3
3
3
3
3
3
3
3
3
3
3
3
3
3
3
3
3
3
3
3
3
3
3
3
3
3
3
3
3
3
3
3
3
3
2
41 70
2 29
42 74
3 15
1 57
43 57
4 97
2 99
44 65
5 100
3 29
45 42
6 84
4 23
46 60
7 21
5 30
47 27
8 68
6 99
48 30
9 55
7 79
49 56
10 58
8 13
50 72
11 82
9 23
51 78
12 99
10 35
52 58
13 78
11 97
53 44
14 70
12 22
54 49
15 59
13 19
55 16
16 81
14 70
56 100
17 33
15 82
57 44
18 28
16 38
58 22
19 26
17 41
59 68
20 35
18 82
60 80
21 70
19 85
61 14
22 49
20 12
62 91
23 36
21 27
63 92
24 79
22 31
64 31
25 22
23 35
65 91
26 58
24 74
66 60
27 54
25 72
67 72
28 96
26 92
68 58
29 83
27 94
69 28
30 51
28 11
70 34
31 25
29 85
71 64
32 10
30 58
72 64
33 55
31 36
73 82
34 85
32 11
74 96
35 11
33 22
75 63
36 69
34 31
76 25
37 20
35 12
77 46
38 77
36 49
78 89
39 38
37 82
79 98
40 29
38 72
80 98
39 25
81 67
1 75
42 84
82 72
2 51
43 57
41 81
83 71
3 90
44 12
42 67
84 83
4 75
45 70
43 51
85 22
5 74
46 13
44 64
86 52
6 22
47 41
45 72
87 93
7 87
48 21
46 29
88 19
8 21
49 78
47 39
89 98
9 99
50 58
48 91
90 22
10 18
51 86
49 69
91 17
11 68
52 82
50 79
92 17
12 90
53 66
51 50
93 80
13 62
54 68
52 60
94 39
14 12
55 35
53 66
95 81
15 32
56 50
54 46
96 52
16 39
57 51
55 74
97 80
17 68
58 14
56 92
98 87
18 11
59 86
57 40
99 78
19 23
60 71
58 79
100 25
20 31
61 82
59 16
101 38
21 11
62 39
60 44
102 32
22 50
63 27
61 54
103 33
23 40
64 19
62 38
104 39
24 41
65 71
63 70
105 39
25 24
66 88
64 19
106 18
26 97
67 15
65 74
107 37
27 29
68 51
66 67
108 45
28 27
69 79
67 43
109 14
29 48
70 69
68 31
110 35
30 76
71 100
69 38
111 72
31 19
72 42
70 100
112 43
32 51
73 42
71 71
113 85
33 61
74 17
72 41
114 79
34 88
75 64
73 75
115 10
35 33
76 57
74 31
116 93
36 62
77 100
75 76
117 54
37 72
78 51
76 51
118 26
38 63
79 66
77 18
119 88
39 96
80 89
78 13
120 15
40 76
79 26
121 85
41 30
82 13
122 77
42 86
83 77
81 64
123 75
43 77
84 23
82 54
124 25
44 37
85 35
83 79
125 52
45 94
86 28
84 53
126 20
46 72
87 67
85 50
127 35
47 79
88 23
86 97
128 69
48 29
89 16
87 13
129 88
49 52
90 27
88 24
130 85
50 52
91 47
89 57
131 64
51 45
92 25
90 13
132 64
52 93
93 91
91 17
133 81
53 68
94 49
92 64
134 27
54 35
95 32
93 36
135 81
55 44
96 28
94 65
136 37
56 96
97 84
95 90
137 17
57 33
98 91
96 49
138 84
58 95
99 100
97 94
139 45
59 37
100 50
98 13
140 88
60 76
101 55
99 30
141 61
61 99
102 16
100 26
142 29
62 77
103 65
101 99
143 19
63 51
104 70
102 25
144 10
64 85
105 50
103 33
145 55
65 66
106 67
104 52
146 10
66 45
107 93
105 58
147 12
67 98
108 68
106 35
148 91
68 68
109 34
107 55
149 99
69 26
110 79
108 63
150 37
70 86
111 23
109 93
151 42
71 68
112 89
110 58
152 73
72 54
113 56
111 37
153 35
73 63
114 56
112 30
154 15
74 99
115 39
113 65
155 85
75 68
116 56
114 74
156 27
76 72
117 74
115 14
157 89
77 57
118 61
116 32
158 78
78 99
119 76
117 96
159 17
79 90
120 34
118 39
160 30
80 79
119 60
161 25
81 50
122 54
162 96
82 98
123 60
121 44
163 73
83 38
124 80
122 62
164 56
84 80
125 19
123 42
165 95
85 75
126 21
124 37
166 70
86 26
127 23
125 28
167 20
87 18
128 20
126 14
168 13
88 93
129 22
127 24
169 41
89 71
130 18
128 90
170 31
90 52
131 91
129 79
171 63
91 66
132 94
130 72
172 29
92 89
133 35
131 47
173 78
93 14
134 89
132 13
174 30
94 51
135 82
133 20
175 37
95 76
136 47
134 65
176 27
96 85
137 24
135 11
177 80
97 83
138 22
136 43
178 53
98 11
139 75
137 89
179 58
99 13
140 54
138 10
180 52
100 24
141 88
139 75
181 76
101 99
142 88
140 12
182 33
102 89
143 91
141 77
183 91
103 83
144 52
142 23
184 34
104 58
145 54
143 94
185 86
105 89
146 58
144 98
186 43
106 93
147 77
145 76
187 28
107 75
148 52
146 78
188 34
108 27
149 20
147 10
189 96
109 43
150 14
148 54
190 55
110 47
151 86
149 76
191 90
111 28
152 15
150 39
192 62
112 71
153 48
151 16
193 46
113 33
154 68
152 54
194 23
114 72
155 11
153 99
195 10
115 31
156 55
154 10
196 60
116 12
157 13
155 71
197 38
117 80
158 85
156 62
198 13
118 80
159 21
157 20
199 82
119 51
160 45
158 33
200 19
120 14
159 39
201 40
121 55
162 69
202 18
122 75
163 57
161 14
203 94
123 66
164 69
162 48
204 68
124 27
165 30
163 74
205 84
125 95
166 17
164 81
206 65
126 14
167 100
165 76
207 13
127 74
168 20
166 28
208 50
128 89
169 78
167 90
209 41
129 47
170 95
168 61
210 27
130 83
171 63
169 33
211 67
131 17
172 47
170 26
212 96
132 100
173 35
171 42
213 35
133 38
174 57
172 26
214 31
134 45
175 17
173 17
215 78
135 84
176 73
174 60
216 92
136 38
177 83
175 18
217 45
137 39
178 20
176 20
218 29
138 59
179 40
177 30
219 93
139 97
180 41
178 21
220 63
140 64
181 62
179 29
221 12
141 15
182 78
180 76
222 27
142 21
183 15
181 36
223 55
143 81
184 20
182 41
224 89
144 30
185 79
183 22
225 58
145 86
186 97
184 71
226 36
146 82
187 17
185 31
227 88
147 27
188 50
186 88
228 57
148 72
189 72
187 79
229 94
149 70
190 25
188 28
230 78
150 12
191 11
189 46
231 21
151 27
192 81
190 65
232 75
152 86
193 39
191 19
233 32
153 86
194 28
192 56
234 89
154 32
195 55
193 85
235 46
155 22
196 16
194 77
236 92
156 44
197 49
195 80
237 61
157 10
198 40
196 95
238 43
158 52
199 55
197 11
239 79
159 90
200 45
198 82
240 21
160 86
199 51
241 16
161 66
202 58
242 32
162 69
203 17
201 74
243 80
163 46
204 53
202 52
244 41
164 77
205 54
203 66
245 26
165 20
206 60
204 36
246 54
166 50
207 49
205 55
247 92
167 87
208 54
206 17
248 99
168 60
209 39
207 63
249 18
169 100
210 25
208 51
250 80
170 88
211 84
209 73
251 12
171 27
212 77
210 41
252 98
172 87
213 75
211 52
253 97
173 47
214 90
212 32
254 52
174 58
215 85
213 67
255 37
175 67
216 21
214 54
256 43
176 61
217 27
215 90
257 48
177 85
218 77
216 89
258 25
178 87
219 26
217 50
259 70
179 53
220 38
218 21
260 63
180 68
221 68
219 18
261 13
181 87
222 39
220 92
262 59
182 72
223 11
221 38
263 32
183 52
224 30
222 41
264 39
184 72
225 76
223 84
265 86
185 21
226 28
224 74
266 75
186 53
227 61
225 28
267 37
187 44
228 81
226 97
268 48
188 71
229 30
227 62
269 17
189 11
230 63
228 41
270 67
190 82
231 97
229 64
271 27
191 57
232 64
230 76
272 57
192 65
233 36
231 98
273 96
193 71
234 58
232 12
274 88
194 56
235 85
233 63
275 65
195 21
236 83
234 30
276 24
196 97
237 27
235 27
277 71
197 81
238 21
236 83
278 11
198 84
239 58
237 61
279 54
199 42
240 79
238 23
280 52
200 72
239 90
281 46
201 99
242 87
282 98
202 66
243 61
241 23
283 55
203 72
244 44
242 19
284 52
204 19
245 53
243 100
285 98
205 25
246 83
244 95
286 44
206 58
247 67
245 38
287 16
207 86
248 92
246 42
288 41
208 40
249 35
247 40
289 47
209 17
250 45
248 63
290 11
210 44
251 38
249 14
291 34
211 28
252 48
250 73
292 76
212 85
253 82
251 37
293 11
213 10
254 94
252 34
294 84
214 70
255 60
253 90
295 83
215 19
256 28
254 37
296 57
216 87
257 67
255 50
297 49
217 68
258 93
256 63
298 38
218 69
259 25
257 72
299 15
219 93
260 21
258 60
300 88
220 57
261 18
259 41
301 61
221 31
262 14
260 58
302 11
222 100
263 33
261 99
303 96
223 64
264 34
262 38
304 18
224 99
265 47
263 85
305 53
225 50
266 36
264 26
306 100
226 82
267 63
265 97
307 85
227 87
268 88
266 81
308 15
228 11
269 85
267 50
309 69
229 100
270 25
268 19
310 34
230 21
271 81
269 100
311 75
231 15
272 14
270 11
312 40
232 31
273 11
271 68
313 78
233 60
274 27
272 78
314 16
234 85
275 68
273 36
315 41
235 90
276 75
274 59
316 52
236 81
277 21
275 66
317 61
237 16
278 79
276 39
318 58
238 78
279 58
277 99
319 43
239 95
280 23
278 26
320 40
240 89
279 62
321 29
241 55
282 89
322 98
242 43
283 10
281 88
323 93
243 50
284 94
282 50
324 59
244 31
285 47
283 96
325 19
245 45
286 35
284 15
326 89
246 78
287 21
285 11
327 48
247 45
288 96
286 32
328 76
248 14
289 52
287 12
329 47
249 83
290 29
288 68
330 54
250 16
291 24
289 74
331 80
251 16
292 99
290 69
332 34
252 81
293 61
291 91
333 99
253 91
294 57
292 25
334 54
254 50
295 93
293 35
335 68
255 42
296 30
294 76
336 60
256 45
297 33
295 15
337 42
257 50
298 95
296 77
338 58
258 83
299 40
297 37
339 62
259 37
300 38
298 87
340 66
260 95
301 51
299 43
341 83
261 37
302 41
300 23
342 54
262 42
303 73
301 23
343 70
263 80
304 21
302 15
344 46
264 50
305 78
303 53
345 27
265 47
306 98
304 22
346 37
266 51
307 61
305 86
347 13
267 48
308 78
306 32
348 35
268 62
309 93
307 66
349 99
269 90
310 40
308 94
350 10
270 38
311 18
309 92
351 10
271 11
312 42
310 93
352 79
272 68
313 98
311 37
353 33
273 55
314 32
312 26
354 70
274 73
315 85
313 37
355 37
275 17
316 52
314 98
356 10
276 69
317 12
315 34
357 30
277 96
318 25
316 32
358 61
278 45
319 81
317 37
359 35
279 62
320 92
318 61
360 95
280 36
319 88
361 97
281 52
322 77
362 95
282 40
323 38
321 50
363 86
283 90
324 39
322 42
364 30
284 40
325 94
323 23
365 50
285 47
326 15
324 69
366 91
286 33
327 36
325 12
367 58
287 22
328 68
326 37
368 36
288 94
329 26
327 87
369 23
289 84
330 16
328 26
370 85
290 35
331 83
329 49
371 51
291 68
332 20
330 20
372 93
292 43
333 11
331 98
373 35
293 50
334 90
332 59
374 23
294 99
335 30
333 71
375 38
295 49
336 62
334 17
376 77
296 83
337 74
335 66
377 20
297 78
338 63
336 28
378 33
298 81
339 46
337 81
379 89
299 31
340 24
338 29
380 33
300 66
341 76
339 82
381 15
301 33
342 51
340 98
382 56
302 48
343 33
341 87
383 93
303 13
344 42
342 71
384 26
304 95
345 25
343 58
385 60
305 62
346 58
344 23
386 49
306 27
347 83
345 73
387 53
307 47
348 71
346 25
388 12
308 78
349 91
347 33
389 12
309 59
350 34
348 73
390 18
310 38
351 25
349 78
391 93
311 75
352 46
350 46
392 43
312 98
353 37
351 55
393 24
313 67
354 18
352 17
394 78
314 62
355 74
353 84
395 91
315 23
356 29
354 51
396 63
316 56
357 24
355 60
397 21
317 84
358 66
356 76
398 97
318 49
359 44
357 71
399 32
319 33
360 21
358 76
400 21
320 32
359 50
321 89
362 28
322 81
363 42
361 50
323 72
364 64
362 30
324 88
365 65
363 55
325 95
366 65
364 94
326 26
367 57
365 60
327 12
368 24
366 95
328 99
369 73
367 96
329 47
370 32
368 43
330 66
371 40
369 28
331 45
372 56
370 24
332 93
373 24
371 90
333 71
374 10
372 43
334 30
375 43
373 49
335 26
376 70
374 23
336 67
377 59
375 99
337 82
378 74
376 50
338 12
379 56
377 44
339 40
380 15
378 84
340 75
381 84
379 61
341 95
382 24
380 81
342 98
383 27
381 100
343 79
384 94
382 13
344 98
385 96
383 32
345 16
386 28
384 69
346 21
387 100
385 86
347 94
388 71
386 38
348 87
389 46
387 85
349 19
390 70
388 38
350 90
391 87
389 48
351 31
392 85
390 13
352 90
393 94
391 25
353 70
394 11
392 69
354 88
395 66
393 60
355 22
396 53
394 14
356 71
397 24
395 75
357 76
398 24
396 74
358 19
399 38
397 48
359 15
400 66
398 45
360 17
399 30
26
379
1 26 
2 145 290 
1 151 
3 187 153 280 
3 293 350 341 
2 77 193 
3 228 79 288 
1 53 
3 72 278 192 
2 319 99 
2 123 221 
1 17 
2 212 215 
1 400 
1 261 
1 157 
1 1 
1 399 
3 311 134 100 
1 273 
1 295 
1 310 
1 183 
1 298 
1 135 
3 51 283 254 
2 202 204 
1 269 
4 119 361 334 226 
3 61 117 35 
2 345 279 
1 52 
1 233 
1 186 
2 101 93 
1 385 
2 346 124 
1 43 
3 62 337 354 
3 68 285 130 
2 208 284 
2 163 331 
2 381 121 
2 252 118 
1 180 
2 355 90 
1 175 
1 266 
1 16 
2 382 229 
3 218 150 314 
2 29 165 
4 384 55 302 98 
2 41 264 
2 158 305 
2 365 185 
2 368 126 
1 179 
1 83 
2 374 115 
2 36 363 
1 178 
1 109 
1 56 
2 343 3 
4 394 391 138 148 
4 393 238 327 21 
1 4 
4 322 59 71 2 
2 362 111 
1 102 
3 289 149 253 
2 386 205 
1 375 
2 19 60 
2 367 379 
