625 2400 10 100 118
2
3
3
3
3
3
3
3
3
3
3
3
3
3
3
3
3
3
3
3
3
3
3
3
2
3
4
4
4
4
4
4
4
4
4
4
4
4
4
4
4
4
4
4
4
4
4
4
4
3
3
4
4
4
4
4
4
4
4
4
4
4
4
4
4
4
4
4
4
4
4
4
4
4
3
3
4
4
4
4
4
4
4
4
4
4
4
4
4
4
4
4
4
4
4
4
4
4
4
3
3
4
4
4
4
4
4
4
4
4
4
4
4
4
4
4
4
4
4
4
4
4
4
4
3
3
4
4
4
4
4
4
4
4
4
4
4
4
4
4
4
4
4
4
4
4
4
4
4
3
3
4
4
4
4
4
4
4
4
4
4
4
4
4
4
4
4
4
4
4
4
4
4
4
3
3
4
4
4
4
4
4
4
4
4
4
4
4
4
4
4
4
4
4
4
4
4
4
4
3
3
4
4
4
4
4
4
4
4
4
4
4
4
4
4
4
4
4
4
4
4
4
4
4
3
3
4
4
4
4
4
4
4
4
4
4
4
4
4
4
4
4
4
4
4
4
4
4
4
3
3
4
4
4
4
4
4
4
4
4
4
4
4
4
4
4
4
4
4
4
4
4
4
4
3
3
4
4
4
4
4
4
4
4
4
4
4
4
4
4
4
4
4
4
4
4
4
4
4
3
3
4
4
4
4
4
4
4
4
4
4
4
4
4
4
4
4
4
4
4
4
4
4
4
3
3
4
4
4
4
4
4
4
4
4
4
4
4
4
4
4
4
4
4
4
4
4
4
4
3
3
4
4
4
4
4
4
4
4
4
4
4
4
4
4
4
4
4
4
4
4
4
4
4
3
3
4
4
4
4
4
4
4
4
4
4
4
4
4
4
4
4
4
4
4
4
4
4
4
3
3
4
4
4
4
4
4
4
4
4
4
4
4
4
4
4
4
4
4
4
4
4
4
4
3
3
4
4
4
4
4
4
4
4
4
4
4
4
4
4
4
4
4
4
4
4
4
4
4
3
3
4
4
4
4
4
4
4
4
4
4
4
4
4
4
4
4
4
4
4
4
4
4
4
3
3
4
4
4
4
4
4
4
4
4
4
4
4
4
4
4
4
4
4
4
4
4
4
4
3
3
4
4
4
4
4
4
4
4
4
4
4
4
4
4
4
4
4
4
4
4
4
4
4
3
3
4
4
4
4
4
4
4
4
4
4
4
4
4
4
4
4
4
4
4
4
4
4
4
3
3
4
4
4
4
4
4
4
4
4
4
4
4
4
4
4
4
4
4
4
4
4
4
4
3
3
4
4
4
4
4
4
4
4
4
4
4
4
4
4
4
4
4
4
4
4
4
4
4
3
2
3
3
3
3
3
3
3
3
3
3
3
3
3
3
3
3
3
3
3
3
3
3
3
2
26 99
2 29
27 32
3 68
1 35
28 57
4 45
2 13
29 21
5 79
3 22
30 54
6 91
4 27
31 79
7 78
5 43
32 82
8 70
6 66
33 39
9 69
7 82
34 91
10 22
8 36
35 90
11 47
9 64
36 24
12 66
10 30
37 68
13 55
11 53
38 48
14 63
12 13
39 68
15 98
13 27
40 15
16 40
14 32
41 60
17 97
15 24
42 90
18 72
16 35
43 100
19 65
17 23
44 43
20 65
18 24
45 88
21 22
19 51
46 17
22 11
20 62
47 79
23 94
21 25
48 50
24 28
22 72
49 48
25 46
23 61
50 23
24 92
51 98
1 58
27 66
52 66
2 33
28 74
26 50
53 71
3 42
29 98
27 18
54 40
4 85
30 10
28 23
55 50
5 13
31 24
29 86
56 96
6 75
32 83
30 82
57 87
7 22
33 45
31 20
58 67
8 32
34 97
32 15
59 91
9 98
35 13
33 86
60 89
10 38
36 75
34 36
61 74
11 71
37 61
35 63
62 56
12 47
38 70
36 44
63 56
13 69
39 17
37 19
64 51
14 35
40 61
38 74
65 53
15 24
41 76
39 18
66 94
16 79
42 78
40 21
67 69
17 70
43 43
41 31
68 100
18 12
44 98
42 12
69 25
19 58
45 91
43 16
70 21
20 44
46 53
44 77
71 62
21 20
47 38
45 54
72 60
22 42
48 90
46 68
73 42
23 71
49 51
47 46
74 91
24 86
50 46
48 26
75 19
25 27
49 61
76 26
26 26
52 23
77 61
27 75
53 72
51 47
78 90
28 66
54 39
52 96
79 14
29 27
55 64
53 24
80 76
30 96
56 41
54 23
81 100
31 98
57 81
55 21
82 63
32 38
58 99
56 69
83 15
33 16
59 47
57 38
84 19
34 94
60 60
58 54
85 21
35 97
61 59
59 38
86 72
36 35
62 30
60 78
87 50
37 50
63 55
61 94
88 23
38 21
64 61
62 27
89 83
39 52
65 35
63 56
90 70
40 29
66 34
64 19
91 10
41 93
67 28
65 99
92 37
42 23
68 77
66 88
93 67
43 20
69 81
67 43
94 16
44 60
70 67
68 85
95 93
45 98
71 48
69 49
96 33
46 77
72 53
70 27
97 54
47 51
73 100
71 73
98 16
48 32
74 25
72 61
99 20
49 41
75 91
73 74
100 30
50 76
74 52
101 54
51 49
77 66
102 87
52 26
78 91
76 41
103 79
53 17
79 89
77 15
104 96
54 65
80 86
78 35
105 59
55 24
81 15
79 82
106 98
56 46
82 74
80 84
107 71
57 15
83 57
81 37
108 57
58 38
84 47
82 12
109 92
59 93
85 79
83 89
110 17
60 29
86 32
84 89
111 15
61 39
87 90
85 53
112 46
62 56
88 82
86 68
113 16
63 65
89 14
87 41
114 82
64 42
90 84
88 32
115 68
65 99
91 67
89 47
116 16
66 44
92 65
90 18
117 48
67 100
93 18
91 63
118 55
68 30
94 19
92 15
119 76
69 25
95 15
93 51
120 48
70 27
96 98
94 98
121 11
71 30
97 69
95 62
122 12
72 19
98 93
96 63
123 55
73 23
99 69
97 15
124 45
74 60
100 82
98 75
125 35
75 78
99 90
126 65
76 58
102 89
127 36
77 32
103 18
101 52
128 47
78 95
104 28
102 51
129 79
79 92
105 58
103 39
130 100
80 87
106 38
104 85
131 13
81 78
107 72
105 73
132 82
82 13
108 87
106 81
133 18
83 67
109 66
107 64
134 89
84 33
110 78
108 67
135 75
85 84
111 36
109 94
136 43
86 42
112 76
110 37
137 67
87 32
113 49
111 98
138 67
88 28
114 20
112 79
139 37
89 77
115 35
113 100
140 44
90 21
116 81
114 41
141 32
91 48
117 69
115 63
142 33
92 17
118 65
116 60
143 89
93 50
119 19
117 91
144 23
94 89
120 40
118 54
145 90
95 80
121 84
119 12
146 29
96 65
122 43
120 86
147 31
97 84
123 15
121 79
148 23
98 52
124 34
122 78
149 60
99 84
125 46
123 91
150 63
100 12
124 76
151 66
101 76
127 20
152 36
102 66
128 74
126 32
153 37
103 14
129 72
127 82
154 34
104 36
130 15
128 58
155 18
105 96
131 40
129 30
156 70
106 28
132 21
130 32
157 80
107 22
133 57
131 84
158 81
108 44
134 78
132 64
159 52
109 64
135 59
133 15
160 44
110 52
136 99
134 27
161 28
111 44
137 66
135 52
162 81
112 29
138 99
136 55
163 99
113 29
139 31
137 86
164 98
114 47
140 78
138 56
165 19
115 52
141 55
139 53
166 76
116 50
142 71
140 95
167 99
117 55
143 88
141 67
168 17
118 14
144 73
142 92
169 43
119 49
145 76
143 55
170 28
120 62
146 45
144 45
171 52
121 85
147 95
145 62
172 63
122 12
148 87
146 67
173 62
123 24
149 22
147 77
174 17
124 10
150 57
148 20
175 52
125 52
149 55
176 64
126 94
152 61
177 26
127 58
153 94
151 94
178 31
128 36
154 21
152 13
179 59
129 75
155 86
153 55
180 84
130 25
156 43
154 16
181 36
131 20
157 74
155 95
182 59
132 47
158 18
156 89
183 50
133 84
159 10
157 48
184 34
134 78
160 43
158 14
185 28
135 65
161 30
159 89
186 22
136 91
162 47
160 94
187 14
137 51
163 44
161 27
188 23
138 69
164 40
162 42
189 82
139 23
165 98
163 76
190 97
140 35
166 18
164 92
191 79
141 45
167 87
165 32
192 36
142 14
168 15
166 58
193 30
143 37
169 63
167 62
194 49
144 95
170 18
168 87
195 77
145 31
171 18
169 16
196 71
146 58
172 56
170 34
197 10
147 38
173 88
171 72
198 13
148 31
174 64
172 11
199 41
149 94
175 42
173 76
200 98
150 30
174 15
201 67
151 77
177 10
202 77
152 26
178 91
176 73
203 13
153 37
179 40
177 58
204 65
154 42
180 22
178 100
205 47
155 18
181 68
179 19
206 53
156 43
182 56
180 98
207 17
157 94
183 38
181 64
208 86
158 93
184 17
182 45
209 18
159 52
185 52
183 78
210 26
160 18
186 33
184 11
211 59
161 34
187 69
185 30
212 16
162 64
188 75
186 48
213 18
163 11
189 90
187 57
214 16
164 31
190 33
188 20
215 64
165 11
191 70
189 82
216 62
166 93
192 48
190 93
217 18
167 90
193 76
191 49
218 30
168 88
194 97
192 28
219 37
169 50
195 100
193 55
220 22
170 22
196 84
194 46
221 96
171 61
197 98
195 30
222 32
172 46
198 88
196 63
223 20
173 57
199 61
197 18
224 38
174 70
200 94
198 84
225 14
175 52
199 48
226 48
176 47
202 49
227 24
177 82
203 77
201 34
228 19
178 27
204 10
202 56
229 19
179 62
205 76
203 78
230 22
180 54
206 85
204 79
231 27
181 67
207 99
205 86
232 59
182 76
208 48
206 29
233 26
183 47
209 60
207 44
234 42
184 68
210 27
208 31
235 81
185 26
211 43
209 15
236 20
186 89
212 19
210 50
237 97
187 35
213 38
211 99
238 71
188 29
214 36
212 67
239 21
189 75
215 36
213 68
240 81
190 54
216 51
214 64
241 88
191 29
217 92
215 12
242 83
192 95
218 100
216 90
243 37
193 52
219 85
217 95
244 64
194 96
220 26
218 47
245 45
195 40
221 75
219 15
246 84
196 42
222 58
220 21
247 57
197 40
223 26
221 100
248 76
198 10
224 72
222 35
249 77
199 77
225 56
223 100
250 11
200 80
224 87
251 35
201 44
227 47
252 95
202 14
228 30
226 61
253 37
203 89
229 32
227 92
254 82
204 14
230 53
228 50
255 45
205 68
231 60
229 18
256 43
206 45
232 88
230 61
257 11
207 92
233 39
231 30
258 81
208 80
234 11
232 61
259 19
209 57
235 72
233 74
260 80
210 100
236 50
234 97
261 65
211 14
237 92
235 46
262 64
212 14
238 64
236 38
263 40
213 52
239 38
237 13
264 39
214 73
240 68
238 56
265 21
215 71
241 24
239 30
266 76
216 93
242 60
240 81
267 90
217 49
243 57
241 50
268 43
218 77
244 38
242 83
269 23
219 49
245 76
243 23
270 39
220 76
246 34
244 56
271 77
221 99
247 76
245 44
272 20
222 67
248 86
246 44
273 47
223 32
249 71
247 48
274 87
224 61
250 80
248 89
275 18
225 73
249 72
276 78
226 21
252 28
277 35
227 52
253 12
251 79
278 52
228 19
254 59
252 39
279 70
229 25
255 48
253 50
280 57
230 64
256 68
254 51
281 85
231 96
257 36
255 72
282 77
232 93
258 61
256 52
283 98
233 56
259 28
257 18
284 35
234 88
260 83
258 51
285 22
235 48
261 85
259 57
286 88
236 80
262 36
260 18
287 98
237 74
263 49
261 65
288 65
238 13
264 69
262 40
289 85
239 23
265 100
263 22
290 72
240 59
266 88
264 96
291 69
241 75
267 67
265 13
292 66
242 65
268 86
266 38
293 23
243 70
269 40
267 53
294 98
244 61
270 37
268 32
295 97
245 70
271 90
269 60
296 50
246 83
272 93
270 97
297 69
247 24
273 43
271 17
298 16
248 54
274 36
272 97
299 39
249 13
275 45
273 69
300 39
250 23
274 49
301 37
251 83
277 42
302 55
252 20
278 22
276 54
303 46
253 52
279 25
277 88
304 97
254 40
280 62
278 77
305 75
255 97
281 89
279 63
306 76
256 51
282 26
280 94
307 48
257 37
283 38
281 80
308 12
258 85
284 26
282 27
309 41
259 63
285 24
283 94
310 21
260 70
286 98
284 90
311 47
261 44
287 50
285 91
312 35
262 30
288 36
286 26
313 25
263 98
289 43
287 31
314 75
264 82
290 11
288 31
315 94
265 28
291 97
289 44
316 88
266 36
292 69
290 18
317 32
267 96
293 43
291 29
318 61
268 77
294 17
292 57
319 48
269 12
295 41
293 82
320 13
270 42
296 37
294 47
321 15
271 49
297 12
295 11
322 64
272 77
298 92
296 21
323 11
273 69
299 53
297 33
324 48
274 86
300 10
298 38
325 95
275 95
299 27
326 73
276 27
302 100
327 42
277 74
303 94
301 70
328 71
278 90
304 12
302 54
329 47
279 94
305 46
303 16
330 79
280 69
306 37
304 45
331 86
281 13
307 37
305 15
332 59
282 97
308 82
306 98
333 76
283 87
309 90
307 84
334 95
284 46
310 10
308 99
335 36
285 44
311 72
309 29
336 62
286 29
312 49
310 16
337 91
287 89
313 17
311 71
338 15
288 25
314 64
312 90
339 87
289 21
315 44
313 43
340 58
290 85
316 76
314 24
341 100
291 75
317 25
315 60
342 61
292 10
318 13
316 38
343 81
293 69
319 57
317 49
344 42
294 23
320 11
318 99
345 77
295 91
321 50
319 47
346 69
296 62
322 88
320 63
347 60
297 83
323 91
321 98
348 32
298 63
324 64
322 10
349 46
299 87
325 22
323 30
350 18
300 83
324 90
351 35
301 46
327 68
352 59
302 15
328 78
326 38
353 38
303 67
329 89
327 34
354 39
304 52
330 66
328 64
355 21
305 99
331 52
329 37
356 53
306 13
332 59
330 86
357 29
307 27
333 85
331 41
358 97
308 99
334 61
332 13
359 93
309 91
335 94
333 95
360 82
310 88
336 48
334 24
361 100
311 69
337 88
335 18
362 15
312 81
338 97
336 17
363 99
313 22
339 35
337 40
364 82
314 48
340 71
338 50
365 11
315 67
341 10
339 32
366 27
316 49
342 27
340 91
367 67
317 10
343 28
341 91
368 59
318 45
344 57
342 19
369 78
319 12
345 69
343 80
370 38
320 14
346 30
344 64
371 21
321 57
347 82
345 26
372 55
322 55
348 86
346 26
373 78
323 44
349 34
347 17
374 28
324 75
350 57
348 85
375 55
325 58
349 30
376 29
326 78
352 97
377 20
327 48
353 71
351 34
378 78
328 47
354 51
352 76
379 98
329 46
355 10
353 31
380 11
330 23
356 15
354 33
381 85
331 26
357 11
355 42
382 21
332 70
358 33
356 82
383 42
333 61
359 59
357 59
384 21
334 87
360 82
358 62
385 20
335 33
361 70
359 52
386 67
336 70
362 83
360 99
387 27
337 81
363 35
361 50
388 23
338 58
364 85
362 17
389 73
339 35
365 21
363 13
390 70
340 18
366 24
364 19
391 93
341 40
367 47
365 88
392 72
342 98
368 19
366 25
393 38
343 31
369 57
367 34
394 37
344 46
370 79
368 22
395 28
345 88
371 69
369 82
396 60
346 48
372 50
370 42
397 50
347 30
373 66
371 10
398 95
348 52
374 37
372 34
399 37
349 20
375 53
373 93
400 25
350 98
374 33
401 60
351 22
377 56
402 20
352 44
378 81
376 74
403 26
353 75
379 56
377 64
404 14
354 30
380 14
378 54
405 78
355 77
381 71
379 24
406 27
356 73
382 26
380 15
407 11
357 98
383 34
381 37
408 61
358 75
384 28
382 98
409 89
359 15
385 89
383 71
410 38
360 27
386 51
384 74
411 49
361 91
387 11
385 84
412 81
362 45
388 43
386 17
413 24
363 26
389 38
387 50
414 71
364 71
390 47
388 66
415 98
365 66
391 81
389 39
416 54
366 89
392 54
390 18
417 91
367 21
393 31
391 15
418 74
368 49
394 21
392 99
419 75
369 13
395 37
393 11
420 15
370 20
396 31
394 61
421 26
371 16
397 64
395 88
422 73
372 85
398 13
396 46
423 77
373 58
399 97
397 15
424 99
374 13
400 59
398 100
425 35
375 43
399 33
426 17
376 31
402 64
427 19
377 26
403 79
401 60
428 91
378 63
404 82
402 58
429 18
379 22
405 93
403 69
430 99
380 67
406 39
404 92
431 62
381 30
407 37
405 47
432 37
382 69
408 31
406 74
433 85
383 29
409 20
407 22
434 42
384 89
410 23
408 34
435 96
385 25
411 77
409 41
436 54
386 61
412 72
410 77
437 98
387 58
413 78
411 21
438 22
388 35
414 32
412 71
439 66
389 25
415 53
413 83
440 14
390 96
416 96
414 37
441 55
391 65
417 51
415 15
442 31
392 13
418 23
416 96
443 54
393 72
419 43
417 50
444 75
394 45
420 71
418 31
445 36
395 77
421 45
419 28
446 48
396 66
422 17
420 94
447 89
397 66
423 80
421 73
448 45
398 10
424 63
422 58
449 63
399 27
425 17
423 65
450 94
400 65
424 28
451 68
401 52
427 54
452 93
402 81
428 68
426 60
453 74
403 91
429 96
427 58
454 23
404 69
430 19
428 90
455 50
405 97
431 47
429 78
456 67
406 65
432 94
430 94
457 53
407 36
433 17
431 23
458 35
408 54
434 43
432 21
459 59
409 28
435 24
433 41
460 96
410 30
436 42
434 20
461 48
411 70
437 89
435 91
462 80
412 52
438 86
436 73
463 30
413 89
439 80
437 37
464 33
414 50
440 15
438 68
465 85
415 91
441 65
439 67
466 23
416 86
442 12
440 65
467 69
417 99
443 72
441 50
468 22
418 70
444 81
442 50
469 20
419 25
445 18
443 97
470 64
420 62
446 26
444 59
471 63
421 13
447 45
445 94
472 52
422 93
448 61
446 55
473 34
423 59
449 41
447 29
474 28
424 24
450 46
448 33
475 49
425 50
449 52
476 96
426 41
452 25
477 16
427 72
453 27
451 54
478 24
428 13
454 28
452 44
479 90
429 56
455 68
453 78
480 43
430 94
456 61
454 43
481 11
431 39
457 20
455 41
482 78
432 97
458 95
456 26
483 39
433 30
459 71
457 12
484 94
434 25
460 68
458 27
485 29
435 81
461 48
459 82
486 17
436 22
462 39
460 73
487 11
437 57
463 56
461 43
488 70
438 29
464 91
462 13
489 11
439 49
465 35
463 76
490 10
440 13
466 41
464 13
491 29
441 77
467 60
465 61
492 35
442 72
468 82
466 17
493 16
443 58
469 49
467 50
494 10
444 52
470 36
468 85
495 43
445 52
471 25
469 74
496 92
446 57
472 52
470 36
497 39
447 36
473 76
471 83
498 30
448 34
474 85
472 46
499 100
449 62
475 48
473 23
500 98
450 83
474 75
501 45
451 100
477 85
502 87
452 82
478 74
476 51
503 70
453 17
479 30
477 30
504 32
454 95
480 65
478 43
505 73
455 80
481 60
479 35
506 48
456 85
482 64
480 70
507 12
457 67
483 48
481 72
508 43
458 11
484 50
482 89
509 59
459 72
485 18
483 90
510 77
460 95
486 49
484 70
511 18
461 54
487 87
485 65
512 92
462 40
488 88
486 96
513 35
463 63
489 36
487 70
514 64
464 70
490 11
488 93
515 47
465 84
491 80
489 21
516 80
466 14
492 83
490 87
517 86
467 94
493 32
491 92
518 32
468 85
494 88
492 64
519 29
469 78
495 63
493 89
520 25
470 99
496 90
494 54
521 29
471 92
497 38
495 55
522 86
472 53
498 63
496 84
523 68
473 76
499 19
497 91
524 13
474 67
500 99
498 86
525 14
475 26
499 51
526 59
476 89
502 40
527 86
477 58
503 87
501 81
528 94
478 50
504 17
502 13
529 69
479 47
505 22
503 92
530 43
480 96
506 23
504 61
531 53
481 60
507 45
505 29
532 67
482 79
508 58
506 73
533 81
483 23
509 69
507 35
534 55
484 54
510 67
508 47
535 19
485 97
511 96
509 98
536 44
486 53
512 27
510 18
537 76
487 75
513 46
511 59
538 47
488 32
514 45
512 96
539 99
489 20
515 24
513 92
540 82
490 20
516 69
514 88
541 29
491 17
517 60
515 82
542 48
492 89
518 84
516 34
543 27
493 12
519 96
517 42
544 47
494 52
520 33
518 83
545 52
495 70
521 47
519 31
546 35
496 68
522 91
520 79
547 82
497 88
523 22
521 47
548 88
498 99
524 64
522 32
549 55
499 32
525 71
523 85
550 62
500 50
524 11
551 83
501 90
527 43
552 37
502 99
528 71
526 10
553 16
503 92
529 98
527 69
554 64
504 44
530 21
528 26
555 72
505 71
531 18
529 63
556 84
506 90
532 39
530 40
557 79
507 10
533 14
531 88
558 25
508 37
534 72
532 46
559 55
509 19
535 62
533 25
560 70
510 95
536 57
534 68
561 17
511 90
537 88
535 76
562 75
512 46
538 80
536 48
563 51
513 51
539 58
537 51
564 52
514 36
540 63
538 68
565 27
515 70
541 37
539 94
566 33
516 68
542 99
540 25
567 51
517 64
543 49
541 46
568 73
518 28
544 86
542 75
569 82
519 46
545 25
543 99
570 15
520 67
546 19
544 44
571 17
521 56
547 59
545 83
572 41
522 11
548 73
546 97
573 57
523 84
549 41
547 13
574 65
524 72
550 91
548 24
575 21
525 12
549 74
576 100
526 72
552 56
577 21
527 80
553 38
551 65
578 47
528 31
554 84
552 48
579 26
529 100
555 92
553 71
580 17
530 44
556 63
554 76
581 57
531 85
557 40
555 63
582 78
532 13
558 20
556 29
583 52
533 44
559 77
557 37
584 31
534 99
560 37
558 65
585 64
535 76
561 65
559 30
586 45
536 55
562 93
560 98
587 46
537 97
563 43
561 91
588 42
538 52
564 29
562 18
589 40
539 66
565 70
563 48
590 58
540 58
566 46
564 22
591 72
541 33
567 52
565 35
592 30
542 80
568 75
566 57
593 42
543 95
569 81
567 47
594 40
544 37
570 56
568 42
595 29
545 29
571 93
569 65
596 43
546 18
572 99
570 80
597 39
547 75
573 92
571 14
598 70
548 23
574 61
572 20
599 12
549 46
575 27
573 41
600 92
550 66
574 37
601 29
551 92
577 59
602 28
552 63
578 20
576 49
603 31
553 36
579 77
577 15
604 50
554 55
580 84
578 44
605 95
555 23
581 21
579 24
606 68
556 55
582 14
580 52
607 95
557 63
583 36
581 24
608 20
558 25
584 50
582 84
609 27
559 80
585 16
583 62
610 79
560 85
586 22
584 97
611 72
561 76
587 95
585 53
612 58
562 79
588 57
586 88
613 29
563 53
589 85
587 38
614 38
564 61
590 90
588 10
615 57
565 40
591 96
589 63
616 69
566 97
592 96
590 56
617 23
567 62
593 20
591 58
618 54
568 20
594 75
592 60
619 52
569 16
595 85
593 46
620 17
570 44
596 64
594 53
621 71
571 27
597 27
595 32
622 68
572 76
598 94
596 10
623 45
573 54
599 90
597 67
624 73
574 53
600 42
598 40
625 15
575 48
599 58
576 56
602 69
577 84
603 81
601 12
578 84
604 37
602 33
579 51
605 56
603 81
580 86
606 94
604 58
581 66
607 85
605 39
582 40
608 25
606 85
583 34
609 70
607 43
584 26
610 11
608 19
585 81
611 87
609 42
586 86
612 88
610 90
587 37
613 31
611 63
588 63
614 26
612 94
589 36
615 11
613 93
590 25
616 20
614 20
591 53
617 73
615 87
592 37
618 77
616 15
593 61
619 58
617 98
594 10
620 11
618 26
595 35
621 23
619 11
596 57
622 74
620 90
597 12
623 100
621 32
598 17
624 85
622 48
599 82
625 52
623 81
600 24
624 94
119
103
3 216 168 119 
2 10 171 
3 600 273 604 
3 48 381 383 
2 148 260 
1 406 
2 193 11 
3 484 133 505 
1 618 
2 338 163 
2 21 268 
1 4 
2 275 186 
2 124 353 
1 43 
4 533 564 557 432 
1 542 
1 530 
1 104 
1 440 
1 595 
1 251 
2 228 91 
2 181 250 
2 22 16 
2 492 82 
3 409 459 369 
3 380 323 109 
1 303 
3 167 154 373 
2 281 52 
1 212 
2 474 126 
4 255 408 100 41 
1 301 
1 15 
4 521 513 147 233 
3 479 229 237 
3 463 66 110 
3 42 325 98 
2 222 620 
2 475 257 
1 143 
1 55 
1 574 
3 470 107 553 
1 85 
4 315 242 289 606 
2 13 407 
1 249 
2 462 145 
2 2 99 
4 343 223 400 246 
3 80 256 452 
2 455 598 
1 58 
2 18 328 
1 621 
2 208 296 
3 605 461 551 
2 308 236 
2 482 206 
1 428 
3 349 292 599 
2 352 535 
1 44 
2 190 522 
1 385 
2 576 220 
1 113 
1 503 
2 187 26 
1 339 
3 59 532 545 
3 515 262 144 
2 415 88 
1 267 
1 288 
2 87 224 
1 5 
2 446 529 
3 401 318 151 
1 279 
1 547 
1 469 
2 537 597 
2 538 434 
2 355 160 
1 45 
1 63 
1 435 
4 489 14 183 253 
1 105 
2 569 570 
1 441 
1 101 
1 342 
1 182 
1 282 
1 410 
3 134 177 500 
2 50 402 
2 454 340 
3 376 504 499 
1 335 
1 62 
2 176 238 
2 411 554 
2 150 516 
1 623 
2 73 159 
2 213 217 
1 429 
2 326 611 
1 31 
3 366 334 487 
1 548 
1 103 
