625 2400 10 100 118
2
3
3
3
3
3
3
3
3
3
3
3
3
3
3
3
3
3
3
3
3
3
3
3
2
3
4
4
4
4
4
4
4
4
4
4
4
4
4
4
4
4
4
4
4
4
4
4
4
3
3
4
4
4
4
4
4
4
4
4
4
4
4
4
4
4
4
4
4
4
4
4
4
4
3
3
4
4
4
4
4
4
4
4
4
4
4
4
4
4
4
4
4
4
4
4
4
4
4
3
3
4
4
4
4
4
4
4
4
4
4
4
4
4
4
4
4
4
4
4
4
4
4
4
3
3
4
4
4
4
4
4
4
4
4
4
4
4
4
4
4
4
4
4
4
4
4
4
4
3
3
4
4
4
4
4
4
4
4
4
4
4
4
4
4
4
4
4
4
4
4
4
4
4
3
3
4
4
4
4
4
4
4
4
4
4
4
4
4
4
4
4
4
4
4
4
4
4
4
3
3
4
4
4
4
4
4
4
4
4
4
4
4
4
4
4
4
4
4
4
4
4
4
4
3
3
4
4
4
4
4
4
4
4
4
4
4
4
4
4
4
4
4
4
4
4
4
4
4
3
3
4
4
4
4
4
4
4
4
4
4
4
4
4
4
4
4
4
4
4
4
4
4
4
3
3
4
4
4
4
4
4
4
4
4
4
4
4
4
4
4
4
4
4
4
4
4
4
4
3
3
4
4
4
4
4
4
4
4
4
4
4
4
4
4
4
4
4
4
4
4
4
4
4
3
3
4
4
4
4
4
4
4
4
4
4
4
4
4
4
4
4
4
4
4
4
4
4
4
3
3
4
4
4
4
4
4
4
4
4
4
4
4
4
4
4
4
4
4
4
4
4
4
4
3
3
4
4
4
4
4
4
4
4
4
4
4
4
4
4
4
4
4
4
4
4
4
4
4
3
3
4
4
4
4
4
4
4
4
4
4
4
4
4
4
4
4
4
4
4
4
4
4
4
3
3
4
4
4
4
4
4
4
4
4
4
4
4
4
4
4
4
4
4
4
4
4
4
4
3
3
4
4
4
4
4
4
4
4
4
4
4
4
4
4
4
4
4
4
4
4
4
4
4
3
3
4
4
4
4
4
4
4
4
4
4
4
4
4
4
4
4
4
4
4
4
4
4
4
3
3
4
4
4
4
4
4
4
4
4
4
4
4
4
4
4
4
4
4
4
4
4
4
4
3
3
4
4
4
4
4
4
4
4
4
4
4
4
4
4
4
4
4
4
4
4
4
4
4
3
3
4
4
4
4
4
4
4
4
4
4
4
4
4
4
4
4
4
4
4
4
4
4
4
3
3
4
4
4
4
4
4
4
4
4
4
4
4
4
4
4
4
4
4
4
4
4
4
4
3
2
3
3
3
3
3
3
3
3
3
3
3
3
3
3
3
3
3
3
3
3
3
3
3
2
26 18
2 29
27 60
3 51
1 23
28 80
4 43
2 76
29 71
5 23
3 35
30 59
6 63
4 94
31 93
7 30
5 46
32 53
8 72
6 67
33 60
9 58
7 22
34 68
10 51
8 55
35 72
11 91
9 10
36 12
12 52
10 17
37 57
13 23
11 64
38 89
14 49
12 45
39 93
15 91
13 66
40 16
16 37
14 91
41 48
17 89
15 25
42 40
18 53
16 63
43 69
19 94
17 54
44 47
20 91
18 90
45 88
21 85
19 29
46 67
22 100
20 51
47 77
23 35
21 56
48 88
24 12
22 71
49 39
25 80
23 98
50 92
24 81
51 72
1 70
27 66
52 88
2 77
28 72
26 86
53 88
3 30
29 70
27 38
54 63
4 73
30 40
28 99
55 85
5 54
31 73
29 12
56 35
6 34
32 83
30 71
57 47
7 18
33 76
31 50
58 84
8 61
34 29
32 28
59 99
9 67
35 16
33 34
60 29
10 92
36 30
34 32
61 62
11 22
37 63
35 64
62 98
12 95
38 19
36 73
63 64
13 83
39 78
37 57
64 24
14 77
40 80
38 41
65 100
15 98
41 35
39 39
66 96
16 85
42 20
40 34
67 33
17 66
43 66
41 94
68 44
18 47
44 77
42 43
69 92
19 58
45 13
43 15
70 71
20 45
46 81
44 33
71 22
21 98
47 42
45 67
72 15
22 15
48 94
46 30
73 11
23 16
49 49
47 84
74 61
24 15
50 90
48 69
75 39
25 94
49 48
76 21
26 33
52 48
77 85
27 72
53 96
51 66
78 74
28 39
54 96
52 97
79 89
29 53
55 53
53 21
80 29
30 56
56 56
54 47
81 100
31 48
57 10
55 20
82 53
32 90
58 85
56 20
83 75
33 11
59 87
57 94
84 86
34 10
60 87
58 88
85 77
35 99
61 48
59 76
86 42
36 49
62 93
60 92
87 89
37 28
63 52
61 59
88 95
38 62
64 60
62 23
89 18
39 47
65 14
63 43
90 48
40 73
66 27
64 28
91 13
41 56
67 99
65 39
92 60
42 38
68 83
66 45
93 36
43 96
69 54
67 93
94 64
44 17
70 14
68 66
95 75
45 42
71 74
69 98
96 36
46 10
72 10
70 40
97 50
47 50
73 81
71 41
98 12
48 62
74 76
72 51
99 91
49 50
75 16
73 23
100 54
50 28
74 15
101 73
51 84
77 92
102 99
52 45
78 98
76 89
103 77
53 79
79 51
77 61
104 26
54 70
80 19
78 70
105 78
55 18
81 42
79 81
106 10
56 52
82 21
80 49
107 80
57 21
83 79
81 87
108 100
58 100
84 60
82 89
109 23
59 20
85 72
83 12
110 96
60 72
86 34
84 27
111 11
61 79
87 73
85 84
112 82
62 73
88 97
86 29
113 71
63 21
89 18
87 47
114 100
64 15
90 74
88 69
115 16
65 69
91 58
89 29
116 82
66 42
92 22
90 65
117 63
67 76
93 65
91 51
118 75
68 27
94 82
92 69
119 24
69 64
95 22
93 46
120 79
70 91
96 72
94 23
121 54
71 29
97 53
95 86
122 82
72 40
98 63
96 11
123 81
73 85
99 45
97 16
124 53
74 35
100 56
98 49
125 70
75 73
99 94
126 40
76 17
102 68
127 42
77 14
103 91
101 56
128 98
78 37
104 96
102 88
129 16
79 71
105 74
103 64
130 43
80 73
106 34
104 39
131 41
81 17
107 71
105 66
132 31
82 86
108 37
106 36
133 92
83 63
109 32
107 39
134 91
84 86
110 81
108 12
135 97
85 88
111 90
109 14
136 82
86 75
112 86
110 83
137 44
87 80
113 56
111 81
138 73
88 91
114 52
112 69
139 46
89 96
115 24
113 63
140 71
90 60
116 61
114 89
141 30
91 77
117 99
115 24
142 89
92 98
118 71
116 58
143 40
93 23
119 72
117 32
144 33
94 74
120 98
118 98
145 79
95 66
121 23
119 50
146 53
96 71
122 53
120 37
147 48
97 59
123 45
121 14
148 95
98 69
124 71
122 62
149 75
99 81
125 18
123 60
150 42
100 26
124 18
151 37
101 67
127 31
152 10
102 90
128 74
126 45
153 64
103 89
129 61
127 71
154 44
104 100
130 22
128 32
155 79
105 54
131 82
129 45
156 17
106 46
132 17
130 81
157 35
107 57
133 98
131 78
158 11
108 46
134 26
132 63
159 18
109 72
135 100
133 91
160 43
110 25
136 26
134 81
161 32
111 70
137 13
135 15
162 34
112 78
138 74
136 72
163 47
113 43
139 47
137 60
164 75
114 51
140 36
138 12
165 68
115 33
141 33
139 13
166 68
116 25
142 42
140 10
167 64
117 36
143 86
141 70
168 85
118 19
144 46
142 26
169 62
119 77
145 93
143 67
170 10
120 40
146 88
144 13
171 34
121 48
147 10
145 87
172 58
122 84
148 17
146 79
173 36
123 33
149 41
147 12
174 72
124 72
150 11
148 100
175 97
125 30
149 86
176 82
126 81
152 36
177 44
127 13
153 23
151 37
178 73
128 25
154 15
152 91
179 38
129 51
155 87
153 73
180 49
130 24
156 53
154 32
181 54
131 85
157 20
155 15
182 69
132 21
158 53
156 71
183 35
133 42
159 50
157 50
184 49
134 59
160 12
158 35
185 22
135 13
161 78
159 84
186 32
136 66
162 57
160 44
187 58
137 83
163 70
161 23
188 32
138 19
164 72
162 87
189 93
139 67
165 63
163 51
190 76
140 31
166 17
164 80
191 37
141 24
167 54
165 82
192 53
142 41
168 50
166 37
193 59
143 14
169 72
167 73
194 71
144 32
170 71
168 57
195 83
145 42
171 24
169 44
196 14
146 53
172 66
170 99
197 69
147 82
173 94
171 56
198 40
148 77
174 40
172 56
199 40
149 14
175 75
173 38
200 87
150 41
174 28
201 61
151 15
177 55
202 44
152 91
178 49
176 71
203 12
153 55
179 65
177 99
204 92
154 98
180 61
178 93
205 47
155 27
181 23
179 100
206 75
156 41
182 13
180 30
207 94
157 20
183 60
181 28
208 45
158 51
184 34
182 94
209 28
159 78
185 57
183 85
210 97
160 98
186 37
184 45
211 50
161 55
187 15
185 68
212 18
162 12
188 10
186 96
213 25
163 35
189 12
187 34
214 46
164 34
190 23
188 97
215 100
165 12
191 65
189 36
216 59
166 96
192 91
190 32
217 61
167 36
193 76
191 77
218 87
168 23
194 57
192 29
219 37
169 23
195 17
193 47
220 66
170 61
196 49
194 73
221 25
171 67
197 52
195 81
222 39
172 95
198 11
196 98
223 44
173 12
199 30
197 28
224 20
174 82
200 47
198 32
225 34
175 63
199 43
226 39
176 10
202 33
227 10
177 81
203 62
201 95
228 22
178 81
204 50
202 42
229 94
179 72
205 50
203 28
230 49
180 10
206 30
204 34
231 17
181 96
207 96
205 42
232 83
182 38
208 35
206 36
233 98
183 37
209 59
207 54
234 67
184 71
210 54
208 66
235 20
185 63
211 66
209 82
236 15
186 96
212 67
210 84
237 36
187 82
213 54
211 47
238 63
188 38
214 52
212 100
239 30
189 86
215 61
213 79
240 99
190 57
216 41
214 64
241 46
191 92
217 93
215 36
242 52
192 19
218 60
216 67
243 90
193 94
219 18
217 64
244 63
194 93
220 35
218 58
245 53
195 77
221 56
219 34
246 23
196 89
222 23
220 18
247 44
197 74
223 24
221 48
248 22
198 91
224 21
222 18
249 87
199 60
225 15
223 56
250 15
200 100
224 41
251 38
201 32
227 99
252 18
202 37
228 52
226 62
253 31
203 44
229 39
227 81
254 40
204 85
230 47
228 26
255 94
205 45
231 27
229 45
256 97
206 30
232 60
230 70
257 31
207 15
233 62
231 94
258 43
208 92
234 16
232 22
259 48
209 24
235 67
233 29
260 78
210 93
236 70
234 71
261 39
211 40
237 40
235 74
262 22
212 63
238 20
236 87
263 48
213 14
239 37
237 56
264 58
214 44
240 35
238 61
265 95
215 64
241 60
239 60
266 21
216 10
242 75
240 68
267 69
217 23
243 11
241 90
268 66
218 58
244 11
242 11
269 67
219 97
245 78
243 92
270 44
220 32
246 57
244 43
271 11
221 98
247 34
245 33
272 93
222 15
248 72
246 85
273 93
223 96
249 39
247 24
274 86
224 29
250 89
248 95
275 92
225 30
249 37
276 13
226 55
252 72
277 66
227 96
253 77
251 84
278 20
228 10
254 54
252 22
279 74
229 20
255 55
253 28
280 76
230 80
256 96
254 27
281 63
231 17
257 82
255 52
282 89
232 18
258 85
256 80
283 66
233 96
259 94
257 65
284 84
234 26
260 14
258 69
285 12
235 99
261 56
259 51
286 36
236 58
262 84
260 86
287 18
237 96
263 21
261 10
288 79
238 21
264 43
262 41
289 62
239 58
265 73
263 42
290 32
240 43
266 27
264 69
291 70
241 77
267 11
265 15
292 43
242 96
268 60
266 30
293 72
243 53
269 96
267 69
294 60
244 89
270 64
268 88
295 47
245 86
271 68
269 98
296 22
246 26
272 93
270 84
297 74
247 78
273 94
271 19
298 92
248 51
274 27
272 94
299 21
249 59
275 43
273 47
300 58
250 81
274 18
301 89
251 54
277 12
302 90
252 34
278 39
276 33
303 40
253 81
279 54
277 70
304 27
254 50
280 35
278 44
305 46
255 13
281 51
279 96
306 19
256 23
282 69
280 45
307 32
257 97
283 50
281 50
308 46
258 23
284 45
282 18
309 34
259 54
285 57
283 59
310 67
260 94
286 12
284 72
311 62
261 89
287 38
285 54
312 50
262 49
288 89
286 82
313 10
263 21
289 47
287 42
314 69
264 74
290 44
288 30
315 29
265 88
291 47
289 55
316 71
266 35
292 75
290 15
317 85
267 39
293 98
291 73
318 43
268 81
294 74
292 15
319 31
269 15
295 34
293 54
320 11
270 81
296 59
294 78
321 15
271 63
297 57
295 46
322 58
272 19
298 22
296 67
323 76
273 37
299 25
297 52
324 13
274 41
300 79
298 86
325 39
275 29
299 81
326 49
276 61
302 15
327 71
277 55
303 18
301 48
328 38
278 78
304 59
302 31
329 32
279 95
305 70
303 91
330 73
280 67
306 20
304 10
331 15
281 30
307 11
305 77
332 53
282 21
308 65
306 21
333 15
283 92
309 98
307 24
334 10
284 48
310 54
308 30
335 32
285 11
311 19
309 97
336 55
286 42
312 54
310 85
337 79
287 56
313 39
311 38
338 31
288 66
314 19
312 32
339 22
289 81
315 62
313 26
340 36
290 13
316 99
314 18
341 64
291 16
317 67
315 62
342 86
292 38
318 36
316 40
343 59
293 21
319 69
317 62
344 58
294 19
320 94
318 63
345 89
295 25
321 69
319 33
346 62
296 92
322 47
320 51
347 38
297 56
323 39
321 15
348 89
298 26
324 35
322 87
349 71
299 65
325 92
323 99
350 38
300 35
324 32
351 23
301 10
327 38
352 15
302 56
328 78
326 90
353 38
303 18
329 56
327 74
354 21
304 94
330 78
328 30
355 90
305 23
331 38
329 100
356 21
306 64
332 56
330 79
357 78
307 20
333 40
331 91
358 59
308 72
334 62
332 31
359 14
309 31
335 20
333 56
360 55
310 44
336 44
334 93
361 65
311 70
337 71
335 40
362 64
312 54
338 34
336 36
363 25
313 28
339 11
337 31
364 61
314 98
340 49
338 70
365 19
315 19
341 86
339 35
366 32
316 18
342 75
340 49
367 39
317 10
343 33
341 52
368 92
318 45
344 36
342 44
369 42
319 91
345 87
343 82
370 46
320 19
346 52
344 69
371 98
321 67
347 13
345 46
372 55
322 86
348 26
346 46
373 52
323 49
349 24
347 51
374 49
324 96
350 64
348 100
375 61
325 80
349 24
376 11
326 93
352 73
377 93
327 44
353 82
351 23
378 12
328 64
354 31
352 73
379 36
329 82
355 14
353 58
380 57
330 84
356 68
354 37
381 76
331 71
357 49
355 18
382 18
332 78
358 37
356 69
383 80
333 83
359 79
357 58
384 59
334 74
360 15
358 32
385 78
335 25
361 89
359 53
386 56
336 81
362 68
360 60
387 37
337 17
363 32
361 29
388 42
338 20
364 13
362 25
389 34
339 92
365 67
363 71
390 38
340 100
366 21
364 87
391 53
341 56
367 36
365 48
392 44
342 11
368 78
366 24
393 25
343 81
369 90
367 35
394 92
344 43
370 50
368 52
395 34
345 59
371 72
369 42
396 42
346 46
372 78
370 24
397 75
347 12
373 77
371 38
398 76
348 30
374 83
372 11
399 77
349 73
375 54
373 49
400 83
350 76
374 28
401 98
351 12
377 55
402 40
352 73
378 34
376 33
403 13
353 18
379 51
377 21
404 33
354 84
380 70
378 85
405 15
355 97
381 76
379 71
406 25
356 72
382 14
380 42
407 25
357 44
383 68
381 10
408 75
358 19
384 13
382 46
409 24
359 31
385 66
383 85
410 49
360 41
386 65
384 62
411 14
361 58
387 75
385 83
412 68
362 49
388 90
386 29
413 83
363 94
389 73
387 29
414 53
364 86
390 41
388 90
415 36
365 85
391 48
389 15
416 38
366 100
392 20
390 93
417 76
367 62
393 13
391 100
418 10
368 79
394 69
392 87
419 100
369 44
395 35
393 72
420 38
370 26
396 25
394 19
421 86
371 99
397 100
395 80
422 36
372 20
398 13
396 19
423 54
373 39
399 99
397 43
424 79
374 99
400 71
398 51
425 19
375 67
399 94
426 82
376 81
402 58
427 91
377 12
403 53
401 18
428 17
378 61
404 49
402 46
429 82
379 21
405 19
403 15
430 16
380 77
406 78
404 90
431 90
381 43
407 10
405 58
432 61
382 58
408 77
406 76
433 28
383 92
409 71
407 87
434 24
384 60
410 19
408 80
435 34
385 41
411 73
409 13
436 32
386 63
412 95
410 18
437 13
387 99
413 10
411 99
438 35
388 94
414 58
412 14
439 97
389 52
415 71
413 72
440 100
390 14
416 69
414 92
441 95
391 12
417 44
415 93
442 10
392 29
418 36
416 58
443 58
393 21
419 11
417 31
444 36
394 57
420 76
418 91
445 85
395 52
421 48
419 10
446 24
396 83
422 65
420 47
447 90
397 71
423 49
421 39
448 35
398 39
424 91
422 90
449 93
399 83
425 14
423 81
450 60
400 93
424 64
451 37
401 50
427 34
452 65
402 51
428 96
426 28
453 52
403 62
429 34
427 93
454 93
404 26
430 49
428 28
455 98
405 31
431 10
429 85
456 97
406 75
432 55
430 86
457 33
407 77
433 79
431 28
458 81
408 49
434 77
432 57
459 69
409 89
435 32
433 20
460 22
410 79
436 75
434 17
461 92
411 74
437 25
435 49
462 18
412 50
438 44
436 67
463 30
413 54
439 46
437 42
464 11
414 21
440 11
438 75
465 92
415 83
441 14
439 87
466 54
416 56
442 93
440 35
467 39
417 48
443 35
441 37
468 74
418 65
444 84
442 100
469 100
419 37
445 95
443 14
470 75
420 10
446 24
444 45
471 15
421 55
447 100
445 34
472 86
422 63
448 87
446 32
473 45
423 13
449 37
447 77
474 82
424 68
450 36
448 49
475 82
425 80
449 28
476 38
426 20
452 73
477 34
427 79
453 38
451 37
478 12
428 90
454 87
452 96
479 61
429 91
455 52
453 63
480 93
430 67
456 63
454 20
481 56
431 41
457 100
455 30
482 26
432 48
458 13
456 87
483 33
433 65
459 41
457 94
484 81
434 17
460 28
458 86
485 16
435 77
461 42
459 63
486 10
436 89
462 74
460 31
487 41
437 10
463 78
461 75
488 85
438 63
464 55
462 12
489 16
439 83
465 26
463 66
490 46
440 65
466 65
464 29
491 17
441 47
467 41
465 66
492 13
442 33
468 22
466 37
493 67
443 11
469 44
467 93
494 85
444 24
470 37
468 36
495 76
445 13
471 79
469 98
496 13
446 39
472 11
470 21
497 32
447 89
473 96
471 51
498 99
448 41
474 76
472 24
499 23
449 85
475 100
473 80
500 70
450 10
474 84
501 86
451 99
477 48
502 12
452 24
478 27
476 71
503 96
453 99
479 84
477 90
504 31
454 100
480 13
478 25
505 33
455 85
481 83
479 47
506 91
456 65
482 63
480 46
507 99
457 67
483 29
481 72
508 87
458 41
484 60
482 64
509 22
459 80
485 92
483 71
510 73
460 30
486 49
484 50
511 13
461 34
487 30
485 93
512 16
462 73
488 12
486 62
513 19
463 43
489 54
487 83
514 12
464 34
490 24
488 25
515 33
465 54
491 26
489 49
516 75
466 81
492 80
490 33
517 18
467 92
493 64
491 43
518 70
468 22
494 92
492 13
519 26
469 15
495 69
493 41
520 47
470 31
496 53
494 19
521 100
471 93
497 98
495 87
522 30
472 21
498 41
496 18
523 65
473 75
499 87
497 11
524 97
474 62
500 43
498 96
525 38
475 77
499 93
526 60
476 33
502 32
527 67
477 55
503 66
501 76
528 38
478 60
504 39
502 89
529 23
479 57
505 56
503 28
530 41
480 18
506 27
504 20
531 28
481 98
507 90
505 30
532 70
482 32
508 15
506 48
533 10
483 87
509 27
507 87
534 88
484 33
510 43
508 96
535 100
485 94
511 74
509 24
536 71
486 95
512 35
510 62
537 62
487 47
513 33
511 42
538 16
488 94
514 51
512 14
539 30
489 34
515 53
513 86
540 95
490 64
516 43
514 60
541 68
491 70
517 57
515 79
542 72
492 47
518 74
516 88
543 50
493 13
519 49
517 75
544 90
494 95
520 33
518 59
545 40
495 21
521 43
519 67
546 59
496 55
522 47
520 13
547 55
497 93
523 48
521 51
548 42
498 26
524 39
522 30
549 82
499 44
525 21
523 76
550 48
500 28
524 68
551 50
501 44
527 99
552 50
502 83
528 18
526 11
553 37
503 98
529 85
527 95
554 16
504 65
530 77
528 18
555 19
505 36
531 17
529 72
556 56
506 92
532 92
530 35
557 83
507 22
533 85
531 88
558 11
508 29
534 67
532 93
559 46
509 36
535 12
533 39
560 54
510 48
536 22
534 74
561 88
511 82
537 58
535 20
562 84
512 11
538 72
536 92
563 26
513 22
539 51
537 89
564 11
514 55
540 25
538 60
565 24
515 75
541 78
539 26
566 22
516 65
542 52
540 98
567 58
517 39
543 52
541 61
568 92
518 56
544 84
542 34
569 65
519 45
545 17
543 40
570 26
520 75
546 26
544 46
571 64
521 36
547 23
545 100
572 87
522 40
548 92
546 31
573 45
523 96
549 41
547 10
574 88
524 21
550 42
548 47
575 39
525 10
549 52
576 24
526 97
552 67
577 67
527 95
553 94
551 71
578 21
528 17
554 34
552 34
579 41
529 49
555 47
553 77
580 88
530 87
556 17
554 18
581 13
531 18
557 82
555 73
582 72
532 84
558 63
556 18
583 49
533 88
559 43
557 82
584 55
534 44
560 24
558 85
585 76
535 68
561 91
559 31
586 28
536 82
562 86
560 52
587 61
537 54
563 89
561 100
588 70
538 55
564 53
562 78
589 95
539 22
565 27
563 37
590 23
540 21
566 43
564 40
591 73
541 97
567 24
565 91
592 51
542 98
568 72
566 81
593 97
543 93
569 36
567 38
594 27
544 79
570 36
568 40
595 80
545 62
571 78
569 93
596 82
546 17
572 43
570 56
597 19
547 90
573 31
571 76
598 87
548 76
574 39
572 32
599 15
549 72
575 83
573 43
600 37
550 72
574 62
601 60
551 72
577 24
602 26
552 97
578 13
576 41
603 86
553 23
579 86
577 48
604 91
554 85
580 46
578 66
605 13
555 19
581 45
579 53
606 80
556 41
582 64
580 94
607 54
557 38
583 78
581 77
608 12
558 46
584 35
582 34
609 32
559 38
585 97
583 16
610 98
560 56
586 38
584 93
611 37
561 83
587 27
585 10
612 23
562 22
588 54
586 60
613 80
563 31
589 100
587 84
614 55
564 93
590 59
588 58
615 13
565 42
591 14
589 23
616 38
566 12
592 24
590 34
617 30
567 29
593 42
591 66
618 87
568 49
594 21
592 23
619 16
569 77
595 93
593 63
620 72
570 98
596 97
594 16
621 30
571 74
597 67
595 82
622 57
572 73
598 60
596 55
623 60
573 81
599 46
597 30
624 67
574 33
600 23
598 14
625 35
575 27
599 56
576 21
602 16
577 41
603 40
601 13
578 59
604 47
602 75
579 21
605 37
603 71
580 44
606 23
604 55
581 79
607 86
605 39
582 51
608 71
606 91
583 89
609 58
607 86
584 37
610 40
608 30
585 58
611 68
609 63
586 43
612 76
610 60
587 89
613 85
611 83
588 98
614 44
612 82
589 62
615 25
613 73
590 34
616 41
614 47
591 89
617 58
615 63
592 21
618 21
616 42
593 14
619 16
617 26
594 31
620 86
618 87
595 59
621 95
619 95
596 100
622 50
620 30
597 14
623 32
621 52
598 100
624 57
622 25
599 79
625 97
623 17
600 85
624 36
90
407
1 90 
3 370 583 133 
3 359 386 284 
1 158 
4 99 214 62 65 
2 562 491 
1 396 
2 288 236 
1 509 
3 232 196 279 
3 537 624 275 
1 82 
3 467 220 320 
1 379 
2 575 611 
1 112 
2 532 119 
3 207 215 88 
1 402 
1 16 
2 267 471 
2 168 217 
1 565 
1 510 
2 245 111 
1 429 
2 437 556 
1 620 
4 178 623 96 4 
2 494 584 
3 409 453 604 
1 77 
1 312 
2 364 56 
2 241 444 
1 40 
2 518 473 
3 393 419 472 
1 17 
1 395 
2 73 139 
1 316 
1 356 
1 550 
1 282 
6 303 530 43 621 314 560 
1 70 
1 72 
1 417 
1 358 
1 48 
1 412 
1 420 
3 13 596 559 
3 35 616 538 
1 150 
1 234 
2 23 114 
2 296 102 
1 422 
2 481 598 
3 590 513 525 
3 177 64 5 
1 306 
3 126 18 189 
2 74 608 
1 154 
2 348 129 
2 504 140 
2 418 265 
4 332 211 219 252 
1 577 
2 362 169 
2 566 606 
2 53 280 
1 172 
2 151 462 
2 58 432 
1 488 
2 255 138 
1 171 
1 49 
1 294 
3 568 292 259 
2 597 529 
2 516 401 
1 382 
2 185 384 
3 286 94 209 
2 107 341 
1 69 
1 269 
1 283 
1 221 
2 603 8 
1 268 
3 229 246 328 
1 368 
1 195 
1 261 
1 500 
3 26 46 147 
1 313 
3 224 506 71 
4 355 585 595 67 
2 310 625 
3 503 115 528 
3 591 80 190 
2 602 357 
2 44 573 
2 400 148 
1 200 
3 410 128 476 
2 21 124 
3 558 622 29 
3 545 98 305 
2 563 619 
1 407 
