100 342 10 100 19
2
3
3
2
3
4
4
3
3
4
4
3
3
4
4
3
3
4
4
3
3
4
4
3
3
4
4
3
3
4
4
3
3
4
4
3
3
4
4
3
3
4
4
3
3
4
4
3
3
4
4
3
3
4
4
3
3
4
4
3
3
4
4
3
3
4
4
3
3
4
4
3
3
4
4
3
3
4
4
3
3
4
4
3
3
4
4
3
3
4
4
3
3
4
4
3
2
3
3
2
5 45
2 29
6 41
3 47
1 18
7 62
4 19
2 15
8 78
3 57
9 62
1 19
6 79
10 73
2 86
7 24
5 54
11 24
3 84
8 24
6 94
12 52
4 70
7 53
13 59
5 65
10 13
14 56
6 44
11 19
9 88
15 70
7 28
12 17
10 33
16 82
8 10
11 95
17 61
9 34
14 84
18 63
10 44
15 21
13 59
19 58
11 22
16 49
14 19
20 41
12 37
15 96
21 29
13 58
18 70
22 33
14 62
19 24
17 46
23 23
15 79
20 98
18 69
24 45
16 58
19 60
25 77
17 45
22 63
26 86
18 36
23 44
21 54
27 86
19 82
24 13
22 20
28 40
20 59
23 33
29 27
21 90
26 85
30 78
22 98
27 92
25 24
31 80
23 24
28 11
26 58
32 55
24 58
27 68
33 95
25 76
30 55
34 97
26 10
31 84
29 68
35 34
27 69
32 75
30 45
36 39
28 10
31 74
37 60
29 92
34 50
38 15
30 77
35 60
33 41
39 30
31 82
36 79
34 54
40 53
32 95
35 81
41 34
33 94
38 52
42 97
34 95
39 83
37 73
43 41
35 75
40 58
38 54
44 43
36 97
39 97
45 30
37 11
42 54
46 21
38 40
43 17
41 25
47 81
39 56
44 26
42 75
48 96
40 20
43 37
49 61
41 26
46 18
50 27
42 95
47 10
45 89
51 98
43 70
48 19
46 20
52 69
44 99
47 50
53 22
45 99
50 58
54 78
46 88
51 58
49 13
55 16
47 30
52 78
50 65
56 81
48 60
51 89
57 66
49 24
54 12
58 58
50 87
55 10
53 79
59 58
51 77
56 66
54 43
60 43
52 80
55 60
61 96
53 60
58 18
62 37
54 40
59 91
57 30
63 62
55 44
60 42
58 85
64 65
56 15
59 20
65 77
57 91
62 15
66 75
58 100
63 66
61 43
67 89
59 39
64 24
62 59
68 73
60 91
63 69
69 54
61 17
66 21
70 50
62 12
67 82
65 90
71 59
63 42
68 69
66 68
72 45
64 79
67 44
73 93
65 64
70 26
74 54
66 71
71 35
69 99
75 57
67 25
72 63
70 59
76 24
68 50
71 87
77 99
69 69
74 60
78 75
70 91
75 28
73 95
79 59
71 67
76 48
74 90
80 92
72 68
75 64
81 18
73 49
78 49
82 62
74 99
79 68
77 25
83 94
75 39
80 77
78 86
84 94
76 48
79 19
85 60
77 28
82 85
86 33
78 12
83 12
81 25
87 96
79 85
84 99
82 90
88 95
80 28
83 68
89 64
81 68
86 53
90 94
82 78
87 42
85 52
91 80
83 23
88 45
86 44
92 64
84 56
87 47
93 71
85 47
90 87
94 53
86 32
91 67
89 57
95 88
87 100
92 10
90 31
96 27
88 23
91 24
97 92
89 34
94 17
98 34
90 15
95 11
93 72
99 52
91 60
96 66
94 55
100 31
92 77
95 89
93 18
98 13
94 14
99 86
97 65
95 96
100 49
98 13
96 56
99 78
17
39
1 17 
1 35 
3 87 5 66 
2 67 32 
1 2 
3 27 83 77 
2 85 88 
1 48 
2 25 70 
3 20 49 47 
1 60 
1 57 
1 29 
3 42 74 82 
2 4 31 
1 94 
1 62 
3 12 78 14 
3 90 24 39 
