100 342 10 100 19
2
3
3
2
3
4
4
3
3
4
4
3
3
4
4
3
3
4
4
3
3
4
4
3
3
4
4
3
3
4
4
3
3
4
4
3
3
4
4
3
3
4
4
3
3
4
4
3
3
4
4
3
3
4
4
3
3
4
4
3
3
4
4
3
3
4
4
3
3
4
4
3
3
4
4
3
3
4
4
3
3
4
4
3
3
4
4
3
3
4
4
3
3
4
4
3
2
3
3
2
5 97
2 29
6 87
3 53
1 71
7 46
4 55
2 61
8 34
3 23
9 13
1 67
6 40
10 71
2 31
7 37
5 68
11 85
3 43
8 79
6 22
12 83
4 53
7 74
13 70
5 32
10 10
14 90
6 18
11 77
9 35
15 31
7 67
12 22
10 66
16 91
8 85
11 13
17 48
9 98
14 48
18 66
10 37
15 22
13 41
19 94
11 79
16 55
14 41
20 59
12 33
15 20
21 93
13 93
18 84
22 17
14 27
19 33
17 75
23 37
15 30
20 97
18 56
24 45
16 97
19 98
25 45
17 61
22 56
26 13
18 89
23 58
21 68
27 93
19 74
24 89
22 71
28 78
20 89
23 28
29 52
21 96
26 48
30 11
22 81
27 82
25 31
31 66
23 74
28 99
26 93
32 74
24 21
27 49
33 45
25 66
30 25
34 28
26 49
31 68
29 72
35 27
27 19
32 36
30 33
36 65
28 53
31 39
37 99
29 17
34 74
38 70
30 74
35 78
33 62
39 21
31 38
36 66
34 30
40 19
32 73
35 17
41 85
33 57
38 80
42 57
34 47
39 68
37 72
43 42
35 96
40 50
38 33
44 79
36 33
39 72
45 65
37 82
42 41
46 69
38 28
43 34
41 30
47 27
39 73
44 11
42 59
48 58
40 20
43 30
49 42
41 88
46 36
50 79
42 65
47 44
45 97
51 62
43 58
48 19
46 100
52 12
44 40
47 15
53 21
45 24
50 88
54 38
46 23
51 91
49 10
55 17
47 92
52 13
50 26
56 15
48 18
51 52
57 51
49 10
54 24
58 75
50 32
55 95
53 10
59 100
51 78
56 83
54 89
60 89
52 55
55 84
61 17
53 61
58 56
62 52
54 56
59 76
57 81
63 22
55 47
60 41
58 58
64 63
56 10
59 80
65 24
57 89
62 88
66 46
58 59
63 86
61 13
67 25
59 90
64 33
62 74
68 11
60 60
63 83
69 60
61 51
66 16
70 80
62 33
67 12
65 99
71 87
63 79
68 19
66 66
72 39
64 25
67 100
73 60
65 99
70 67
74 73
66 83
71 21
69 21
75 51
67 97
72 29
70 46
76 10
68 35
71 32
77 81
69 49
74 98
78 42
70 11
75 70
73 94
79 92
71 57
76 16
74 88
80 34
72 76
75 36
81 21
73 69
78 94
82 32
74 64
79 60
77 35
83 69
75 88
80 39
78 46
84 39
76 52
79 70
85 74
77 83
82 93
86 91
78 28
83 15
81 52
87 92
79 69
84 37
82 88
88 69
80 66
83 24
89 48
81 96
86 77
90 73
82 83
87 58
85 41
91 68
83 63
88 13
86 27
92 29
84 50
87 31
93 47
85 77
90 69
94 72
86 94
91 33
89 73
95 97
87 81
92 10
90 90
96 92
88 54
91 94
97 66
89 40
94 21
98 65
90 30
95 18
93 86
99 92
91 100
96 36
94 98
100 36
92 19
95 68
93 78
98 86
94 99
99 58
97 56
95 100
100 52
98 84
96 67
99 66
92
3
2 81 92 
1 100 
1 13 
1 5 
4 40 59 70 19 
1 26 
1 67 
3 4 44 54 
1 86 
1 22 
1 75 
4 93 32 6 76 
2 42 29 
2 68 66 
1 83 
3 90 61 63 
2 74 64 
2 21 98 
2 8 3 
