400 1500 10 100 76
2
3
3
3
3
3
3
3
3
3
3
3
3
3
3
3
3
3
3
3
3
3
3
3
3
3
3
3
3
3
3
3
3
3
3
3
3
3
3
2
3
4
4
4
4
4
4
4
4
4
4
4
4
4
4
4
4
4
4
4
4
4
4
4
4
4
4
4
4
4
4
4
4
4
4
4
4
4
4
3
3
4
4
4
4
4
4
4
4
4
4
4
4
4
4
4
4
4
4
4
4
4
4
4
4
4
4
4
4
4
4
4
4
4
4
4
4
4
4
3
3
4
4
4
4
4
4
4
4
4
4
4
4
4
4
4
4
4
4
4
4
4
4
4
4
4
4
4
4
4
4
4
4
4
4
4
4
4
4
3
3
4
4
4
4
4
4
4
4
4
4
4
4
4
4
4
4
4
4
4
4
4
4
4
4
4
4
4
4
4
4
4
4
4
4
4
4
4
4
3
3
4
4
4
4
4
4
4
4
4
4
4
4
4
4
4
4
4
4
4
4
4
4
4
4
4
4
4
4
4
4
4
4
4
4
4
4
4
4
3
3
4
4
4
4
4
4
4
4
4
4
4
4
4
4
4
4
4
4
4
4
4
4
4
4
4
4
4
4
4
4
4
4
4
4
4
4
4
4
3
3
4
4
4
4
4
4
4
4
4
4
4
4
4
4
4
4
4
4
4
4
4
4
4
4
4
4
4
4
4
4
4
4
4
4
4
4
4
4
3
3
4
4
4
4
4
4
4
4
4
4
4
4
4
4
4
4
4
4
4
4
4
4
4
4
4
4
4
4
4
4
4
4
4
4
4
4
4
4
3
2
3
3
3
3
3
3
3
3
3
3
3
3
3
3
3
3
3
3
3
3
3
3
3
3
3
3
3
3
3
3
3
3
3
3
3
3
3
3
2
41 77
2 29
42 71
3 51
1 23
43 19
4 43
2 76
44 73
5 23
3 35
45 95
6 63
4 94
46 10
7 30
5 46
47 58
8 72
6 67
48 71
9 58
7 22
49 69
10 51
8 55
50 44
11 91
9 10
51 36
12 52
10 17
52 11
13 23
11 64
53 76
14 49
12 45
54 48
15 91
13 66
55 65
16 37
14 91
56 49
17 89
15 25
57 91
18 53
16 63
58 14
19 94
17 54
59 34
20 91
18 90
60 96
21 85
19 29
61 34
22 100
20 51
62 49
23 35
21 56
63 10
24 12
22 71
64 55
25 80
23 98
65 79
26 66
24 81
66 77
27 72
25 86
67 32
28 70
26 38
68 75
29 40
27 99
69 25
30 73
28 12
70 44
31 83
29 71
71 46
32 76
30 50
72 11
33 29
31 28
73 14
34 16
32 34
74 93
35 30
33 32
75 35
36 63
34 64
76 84
37 19
35 73
77 95
38 78
36 57
78 24
39 80
37 41
79 100
40 35
38 39
80 87
39 34
81 37
1 87
42 20
82 36
2 80
43 66
41 94
83 73
3 13
44 77
42 43
84 38
4 18
45 13
43 15
85 87
5 99
46 81
44 33
86 52
6 14
47 42
45 67
87 63
7 72
48 94
46 30
88 100
8 92
49 49
47 84
89 13
9 93
50 90
48 69
90 41
10 58
51 48
49 48
91 28
11 31
52 96
50 66
92 42
12 91
53 96
51 97
93 74
13 10
54 53
52 21
94 78
14 47
55 56
53 47
95 55
15 39
56 10
54 20
96 26
16 90
57 85
55 20
97 65
17 81
58 87
56 94
98 41
18 64
59 87
57 88
99 22
19 28
60 48
58 76
100 44
20 93
61 93
59 92
101 37
21 28
62 52
60 59
102 79
22 85
63 60
61 23
103 11
23 86
64 14
62 43
104 96
24 28
65 27
63 28
105 76
25 57
66 99
64 39
106 100
26 20
67 83
65 45
107 48
27 17
68 54
66 93
108 27
28 49
69 14
67 66
109 84
29 67
70 74
68 98
110 13
30 42
71 10
69 40
111 83
31 75
72 81
70 41
112 63
32 87
73 76
71 51
113 29
33 35
74 16
72 23
114 60
34 37
75 92
73 15
115 92
35 100
76 98
74 89
116 49
36 14
77 51
75 61
117 30
37 45
78 19
76 70
118 12
38 34
79 42
77 81
119 54
39 32
80 21
78 49
120 24
40 77
79 87
121 26
41 49
82 79
122 80
42 28
83 60
81 89
123 64
43 37
84 72
82 12
124 92
44 96
85 34
83 27
125 69
45 63
86 73
84 84
126 53
46 20
87 97
85 29
127 98
47 30
88 18
86 47
128 41
48 87
89 74
87 69
129 87
49 94
90 58
88 29
130 43
50 86
91 22
89 65
131 32
51 63
92 65
90 51
132 66
52 31
93 82
91 69
133 39
53 75
94 22
92 46
134 56
54 12
95 72
93 23
135 27
55 66
96 53
94 86
136 90
56 29
97 63
95 11
137 15
57 66
98 45
96 16
138 27
58 37
99 56
97 49
139 43
59 93
100 68
98 94
140 74
60 36
101 91
99 56
141 35
61 98
102 96
100 88
142 33
62 21
103 74
101 64
143 51
63 51
104 34
102 39
144 53
64 24
105 71
103 66
145 43
65 80
106 37
104 36
146 57
66 84
107 32
105 39
147 74
67 71
108 81
106 12
148 49
68 90
109 90
107 14
149 33
69 25
110 86
108 83
150 43
70 47
111 56
109 81
151 47
71 46
112 52
110 69
152 48
72 72
113 24
111 63
153 39
73 64
114 61
112 89
154 21
74 71
115 99
113 24
155 99
75 50
116 71
114 58
156 18
76 93
117 72
115 32
157 85
77 62
118 98
116 98
158 77
78 83
119 23
117 50
159 17
79 25
120 53
118 37
160 92
80 49
119 14
161 85
81 33
122 45
162 67
82 43
123 71
121 62
163 12
83 13
124 18
122 60
164 22
84 41
125 31
123 18
165 58
85 19
126 74
124 45
166 72
86 87
127 61
125 71
167 51
87 18
128 22
126 32
168 25
88 11
129 82
127 45
169 78
89 96
130 17
128 81
170 52
90 93
131 98
129 78
171 52
91 76
132 26
130 63
172 84
92 89
133 100
131 91
173 17
93 28
134 26
132 81
174 26
94 20
135 13
133 15
175 23
95 30
136 74
134 72
176 92
96 48
137 47
135 60
177 41
97 87
138 36
136 12
178 42
98 96
139 33
137 13
179 67
99 24
140 42
138 10
180 94
100 62
141 86
139 70
181 34
101 42
142 46
140 26
182 47
102 14
143 93
141 67
183 17
103 86
144 88
142 13
184 82
104 60
145 10
143 87
185 63
105 79
146 17
144 79
186 43
106 88
147 41
145 12
187 24
107 75
148 11
146 100
188 91
108 59
149 36
147 86
189 86
109 67
150 23
148 37
190 89
110 13
151 15
149 91
191 53
111 51
152 87
150 73
192 27
112 30
153 53
151 32
193 43
113 76
154 20
152 15
194 24
114 68
155 53
153 71
195 72
115 11
156 50
154 50
196 36
116 95
157 12
155 35
197 36
117 18
158 78
156 84
198 78
118 72
159 57
157 44
199 43
119 35
160 70
158 23
200 31
120 88
159 87
201 39
121 93
162 72
202 83
122 39
163 63
161 51
203 24
123 74
164 17
162 80
204 13
124 20
165 54
163 82
205 86
125 92
166 50
164 37
206 46
126 89
167 72
165 73
207 45
127 60
168 71
166 57
208 64
128 26
169 24
167 44
209 78
129 98
170 66
168 99
210 35
130 61
171 94
169 56
211 97
131 34
172 40
170 56
212 38
132 40
173 75
171 38
213 27
133 46
174 55
172 28
214 54
134 100
175 49
173 71
215 100
135 31
176 65
174 99
216 59
136 10
177 61
175 93
217 14
137 47
178 23
176 100
218 24
138 52
179 13
177 30
219 42
139 71
180 60
178 28
220 21
140 34
181 34
179 94
221 93
141 77
182 57
180 85
222 97
142 18
183 37
181 45
223 67
143 73
184 15
182 68
224 60
144 18
185 10
183 96
225 46
145 82
186 12
184 34
226 23
146 85
187 23
185 97
227 16
147 31
188 65
186 36
228 40
148 52
189 91
187 32
229 47
149 100
190 76
188 77
230 37
150 78
191 57
189 29
231 23
151 37
192 17
190 47
232 86
152 40
193 49
191 73
233 71
153 91
194 52
192 81
234 58
154 81
195 11
193 98
235 40
155 38
196 30
194 28
236 68
156 40
197 47
195 32
237 76
157 93
198 33
196 43
238 85
158 56
199 62
197 95
239 44
159 76
200 50
198 42
240 25
160 32
199 28
241 41
161 43
202 50
242 58
162 62
203 30
201 34
243 21
163 41
204 96
202 42
244 16
164 48
205 35
203 36
245 86
165 66
206 59
204 54
246 95
166 53
207 54
205 66
247 50
167 94
208 66
206 82
248 32
168 77
209 67
207 84
249 57
169 34
210 54
208 47
250 97
170 16
211 52
209 100
251 18
171 93
212 61
210 79
252 60
172 10
213 41
211 64
253 80
173 60
214 93
212 36
254 71
174 84
215 60
213 67
255 59
175 58
216 18
214 64
256 93
176 23
217 35
215 58
257 53
177 34
218 56
216 34
258 60
178 66
219 23
217 18
259 68
179 23
220 24
218 48
260 72
180 63
221 21
219 18
261 12
181 16
222 15
220 56
262 57
182 82
223 99
221 41
263 89
183 55
224 52
222 62
264 93
184 30
225 39
223 81
265 16
185 14
226 47
224 26
266 48
186 56
227 27
225 45
267 40
187 13
228 60
226 70
268 69
188 75
229 62
227 94
269 47
189 71
230 16
228 22
270 88
190 55
231 67
229 29
271 67
191 39
232 70
230 71
272 77
192 91
233 40
231 74
273 88
193 86
234 20
232 87
274 39
194 30
235 37
233 56
275 92
195 63
236 35
234 61
276 72
196 60
237 60
235 60
277 88
197 83
238 75
236 68
278 88
198 82
239 11
237 90
279 63
199 73
240 11
238 11
280 85
200 47
239 92
281 35
201 63
242 78
282 47
202 42
243 57
241 43
283 84
203 26
244 34
242 33
284 99
204 87
245 72
243 85
285 29
205 95
246 39
244 24
286 62
206 30
247 89
245 95
287 98
207 52
248 72
246 37
288 64
208 25
249 77
247 84
289 24
209 17
250 54
248 22
290 100
210 36
251 55
249 28
291 96
211 70
252 96
250 27
292 33
212 77
253 82
251 52
293 44
213 30
254 85
252 80
294 92
214 73
255 94
253 65
295 71
215 54
256 14
254 69
296 22
216 34
257 56
255 51
297 15
217 18
258 84
256 86
298 11
218 61
259 21
257 10
299 61
219 67
260 43
258 41
300 39
220 92
261 73
259 42
301 21
221 22
262 27
260 69
302 85
222 95
263 11
261 15
303 74
223 83
264 60
262 30
304 89
224 77
265 96
263 69
305 29
225 98
266 64
264 88
306 100
226 85
267 68
265 98
307 53
227 66
268 93
266 84
308 75
228 47
269 94
267 19
309 86
229 58
270 27
268 94
310 77
230 45
271 43
269 47
311 42
231 98
272 12
270 18
312 89
232 15
273 39
271 33
313 95
233 16
274 54
272 70
314 18
234 15
275 35
273 44
315 48
235 94
276 51
274 96
316 13
236 33
277 69
275 45
317 60
237 72
278 50
276 50
318 36
238 39
279 45
277 18
319 64
239 53
280 57
278 59
320 75
240 56
279 72
321 36
241 48
282 12
322 50
242 90
283 38
281 54
323 12
243 11
284 89
282 82
324 91
244 10
285 47
283 42
325 54
245 99
286 44
284 30
326 73
246 49
287 47
285 55
327 99
247 28
288 75
286 15
328 77
248 62
289 98
287 73
329 26
249 47
290 74
288 15
330 78
250 73
291 34
289 54
331 10
251 56
292 59
290 78
332 80
252 38
293 57
291 46
333 100
253 96
294 22
292 67
334 23
254 17
295 25
293 52
335 96
255 42
296 79
294 86
336 11
256 10
297 15
295 81
337 82
257 50
298 18
296 48
338 71
258 62
299 59
297 31
339 100
259 50
300 70
298 91
340 16
260 28
301 20
299 10
341 82
261 84
302 11
300 77
342 63
262 45
303 65
301 21
343 75
263 79
304 98
302 24
344 24
264 70
305 54
303 30
345 79
265 18
306 19
304 97
346 54
266 52
307 54
305 85
347 82
267 21
308 39
306 38
348 81
268 100
309 19
307 32
349 53
269 20
310 62
308 26
350 70
270 72
311 99
309 18
351 40
271 79
312 67
310 62
352 42
272 73
313 36
311 40
353 98
273 21
314 69
312 62
354 16
274 15
315 94
313 63
355 43
275 69
316 69
314 33
356 41
276 42
317 47
315 51
357 31
277 76
318 39
316 15
358 92
278 27
319 35
317 87
359 91
279 64
320 92
318 99
360 97
280 91
319 32
361 82
281 29
322 38
362 44
282 40
323 78
321 90
363 73
283 85
324 56
322 74
364 46
284 35
325 78
323 30
365 71
285 73
326 38
324 100
366 30
286 17
327 56
325 79
367 89
287 14
328 40
326 91
368 40
288 37
329 62
327 31
369 33
289 71
330 20
328 56
370 79
290 73
331 44
329 93
371 53
291 17
332 71
330 40
372 48
292 86
333 34
331 36
373 95
293 63
334 11
332 31
374 75
294 86
335 49
333 70
375 42
295 88
336 86
334 35
376 37
296 75
337 75
335 49
377 10
297 80
338 33
336 52
378 64
298 91
339 36
337 44
379 44
299 96
340 87
338 82
380 79
300 60
341 52
339 69
381 17
301 77
342 13
340 46
382 35
302 98
343 26
341 46
383 11
303 23
344 24
342 51
384 18
304 74
345 64
343 100
385 43
305 66
346 73
344 24
386 32
306 71
347 82
345 23
387 34
307 59
348 31
346 73
388 47
308 69
349 14
347 58
389 75
309 81
350 68
348 37
390 68
310 26
351 49
349 18
391 68
311 67
352 37
350 69
392 64
312 90
353 79
351 58
393 85
313 89
354 15
352 32
394 62
314 100
355 89
353 53
395 10
315 54
356 68
354 60
396 34
316 46
357 32
355 29
397 58
317 57
358 13
356 25
398 36
318 46
359 67
357 71
399 72
319 72
360 21
358 87
400 97
320 25
359 48
321 70
362 36
322 78
363 78
361 24
323 43
364 90
362 35
324 51
365 50
363 52
325 33
366 72
364 42
326 25
367 78
365 24
327 36
368 77
366 38
328 19
369 83
367 11
329 77
370 54
368 49
330 40
371 55
369 28
331 48
372 34
370 33
332 84
373 51
371 21
333 33
374 70
372 85
334 72
375 76
373 71
335 30
376 14
374 42
336 81
377 68
375 10
337 13
378 13
376 46
338 25
379 66
377 85
339 51
380 65
378 62
340 24
381 75
379 83
341 85
382 90
380 29
342 21
383 73
381 29
343 42
384 41
382 90
344 59
385 48
383 15
345 13
386 20
384 93
346 66
387 13
385 100
347 83
388 69
386 87
348 19
389 35
387 72
349 67
390 25
388 19
350 31
391 100
389 80
351 24
392 13
390 19
352 41
393 99
391 43
353 14
394 71
392 51
354 32
395 58
393 94
355 42
396 53
394 18
356 53
397 49
395 46
357 82
398 19
396 15
358 77
399 78
397 90
359 14
400 10
398 58
360 41
399 76
24
153
2 309 24 
2 73 42 
2 96 124 
1 202 
3 317 39 276 
1 11 
2 248 227 
2 201 326 
4 292 339 49 207 
2 250 264 
4 186 372 284 138 
2 303 355 
2 105 289 
1 220 
1 226 
1 99 
1 347 
3 26 380 13 
2 364 304 
1 198 
2 181 184 
1 389 
2 267 301 
3 310 34 288 
4 6 1 57 35 
2 399 295 
1 106 
2 362 390 
4 66 12 119 280 
1 22 
2 162 209 
2 30 285 
2 28 180 
2 74 341 
1 127 
3 17 395 340 
1 78 
1 171 
1 381 
1 145 
2 346 136 
2 191 25 
2 41 266 
1 392 
2 166 265 
2 189 80 
4 206 23 38 59 
2 212 165 
2 46 172 
2 109 397 
1 249 
1 85 
1 386 
1 84 
1 40 
1 123 
2 325 238 
1 398 
1 110 
1 21 
1 29 
2 314 277 
1 243 
1 281 
4 217 27 357 321 
1 129 
2 343 15 
1 167 
1 223 
4 182 108 324 20 
3 352 252 363 
2 187 83 
1 331 
2 95 275 
3 247 375 239 
2 64 153 
