400 1500 10 100 76
2
3
3
3
3
3
3
3
3
3
3
3
3
3
3
3
3
3
3
3
3
3
3
3
3
3
3
3
3
3
3
3
3
3
3
3
3
3
3
2
3
4
4
4
4
4
4
4
4
4
4
4
4
4
4
4
4
4
4
4
4
4
4
4
4
4
4
4
4
4
4
4
4
4
4
4
4
4
4
3
3
4
4
4
4
4
4
4
4
4
4
4
4
4
4
4
4
4
4
4
4
4
4
4
4
4
4
4
4
4
4
4
4
4
4
4
4
4
4
3
3
4
4
4
4
4
4
4
4
4
4
4
4
4
4
4
4
4
4
4
4
4
4
4
4
4
4
4
4
4
4
4
4
4
4
4
4
4
4
3
3
4
4
4
4
4
4
4
4
4
4
4
4
4
4
4
4
4
4
4
4
4
4
4
4
4
4
4
4
4
4
4
4
4
4
4
4
4
4
3
3
4
4
4
4
4
4
4
4
4
4
4
4
4
4
4
4
4
4
4
4
4
4
4
4
4
4
4
4
4
4
4
4
4
4
4
4
4
4
3
3
4
4
4
4
4
4
4
4
4
4
4
4
4
4
4
4
4
4
4
4
4
4
4
4
4
4
4
4
4
4
4
4
4
4
4
4
4
4
3
3
4
4
4
4
4
4
4
4
4
4
4
4
4
4
4
4
4
4
4
4
4
4
4
4
4
4
4
4
4
4
4
4
4
4
4
4
4
4
3
3
4
4
4
4
4
4
4
4
4
4
4
4
4
4
4
4
4
4
4
4
4
4
4
4
4
4
4
4
4
4
4
4
4
4
4
4
4
4
3
2
3
3
3
3
3
3
3
3
3
3
3
3
3
3
3
3
3
3
3
3
3
3
3
3
3
3
3
3
3
3
3
3
3
3
3
3
3
3
2
41 48
2 29
42 73
3 92
1 78
43 54
4 11
2 80
44 67
5 82
3 95
45 43
6 43
4 72
46 82
7 69
5 20
47 13
8 79
6 83
48 87
9 46
7 41
49 65
10 96
8 13
50 47
11 38
9 34
51 47
12 17
10 47
52 26
13 79
11 67
53 24
14 14
12 97
54 14
15 20
13 15
55 10
16 88
14 80
56 21
17 76
15 74
57 20
18 70
16 34
58 90
19 73
17 23
59 34
20 13
18 44
60 75
21 56
19 72
61 21
22 67
20 31
62 10
23 62
21 91
63 68
24 85
22 13
64 89
25 89
23 57
65 51
26 25
24 78
66 53
27 56
25 20
67 53
28 99
26 12
68 52
29 93
27 65
69 21
30 76
28 87
70 80
31 66
29 18
71 70
32 45
30 61
72 13
33 35
31 88
73 87
34 64
32 49
74 64
35 59
33 59
75 35
36 79
34 80
76 66
37 67
35 35
77 10
38 50
36 97
78 25
39 38
37 40
79 50
40 29
38 62
80 67
39 12
81 30
1 49
42 79
82 82
2 100
43 64
41 90
83 60
3 42
44 37
42 79
84 41
4 94
45 48
43 24
85 27
5 80
46 60
44 37
86 68
6 24
47 40
45 11
87 21
7 19
48 17
46 39
88 89
8 51
49 75
47 58
89 51
9 91
50 62
48 66
90 54
10 67
51 86
49 12
91 63
11 57
52 44
50 16
92 45
12 64
53 79
51 55
93 25
13 60
54 58
52 55
94 27
14 85
55 91
53 69
95 30
15 30
56 17
54 21
96 96
16 26
57 59
55 34
97 95
17 65
58 35
56 44
98 74
18 31
59 34
57 15
99 74
19 43
60 37
58 92
100 63
20 52
61 56
59 44
101 95
21 97
62 53
60 100
102 13
22 98
63 77
61 74
103 29
23 48
64 24
62 99
104 87
24 84
65 22
63 74
105 80
25 99
66 83
64 25
106 27
26 13
67 22
65 81
107 81
27 51
68 58
66 12
108 32
28 52
69 38
67 50
109 100
29 86
70 29
68 84
110 45
30 48
71 54
69 92
111 56
31 47
72 40
70 55
112 80
32 61
73 45
71 14
113 71
33 65
74 58
72 63
114 97
34 51
75 39
73 31
115 59
35 85
76 94
74 26
116 99
36 76
77 35
75 40
117 31
37 27
78 41
76 79
118 55
38 86
79 79
77 49
119 79
39 26
80 37
78 49
120 93
40 30
79 89
121 34
41 17
82 27
122 90
42 39
83 38
81 70
123 99
43 20
84 42
82 22
124 32
44 31
85 91
83 88
125 41
45 37
86 72
84 95
126 45
46 14
87 90
85 80
127 96
47 18
88 33
86 44
128 59
48 10
89 37
87 11
129 48
49 48
90 78
88 29
130 60
50 75
91 66
89 35
131 85
51 63
92 52
90 32
132 92
52 50
93 29
91 44
133 70
53 61
94 44
92 40
134 90
54 21
95 100
93 99
135 50
55 38
96 35
94 51
136 78
56 38
97 43
95 59
137 84
57 47
98 23
96 90
138 87
58 94
99 10
97 61
139 62
59 90
100 69
98 67
140 35
60 83
101 41
99 21
141 56
61 70
102 32
100 13
142 55
62 28
103 17
101 77
143 90
63 82
104 44
102 27
144 65
64 26
105 30
103 28
145 72
65 88
106 19
104 73
146 17
66 13
107 14
105 50
147 46
67 79
108 46
106 12
148 86
68 21
109 16
107 59
149 91
69 41
110 32
108 54
150 61
70 67
111 94
109 39
151 42
71 49
112 54
110 74
152 86
72 22
113 21
111 38
153 42
73 92
114 62
112 59
154 85
74 55
115 27
113 58
155 16
75 59
116 68
114 84
156 50
76 22
117 15
115 42
157 58
77 77
118 96
116 86
158 18
78 94
119 51
117 58
159 18
79 31
120 57
118 51
160 93
80 11
119 93
161 94
81 16
122 23
162 94
82 24
123 29
121 28
163 10
83 36
124 22
122 24
164 38
84 88
125 18
123 20
165 63
85 77
126 16
124 80
166 26
86 14
127 41
125 93
167 71
87 23
128 19
126 68
168 92
88 81
129 88
127 79
169 92
89 83
130 18
128 42
170 56
90 24
131 13
129 81
171 84
91 45
132 41
130 14
172 93
92 13
133 90
131 56
173 95
93 32
134 42
132 65
174 39
94 80
135 87
133 40
175 56
95 13
136 11
134 73
176 42
96 76
137 23
135 47
177 41
97 14
138 80
136 16
178 64
98 32
139 19
137 56
179 45
99 33
140 71
138 65
180 44
100 17
141 54
139 85
181 15
101 16
142 67
140 65
182 35
102 43
143 19
141 61
183 13
103 39
144 69
142 53
184 30
104 31
145 81
143 76
185 27
105 89
146 82
144 24
186 17
106 22
147 90
145 50
187 87
107 44
148 81
146 72
188 46
108 37
149 39
147 80
189 40
109 26
150 22
148 55
190 93
110 59
151 67
149 47
191 33
111 41
152 12
150 73
192 79
112 89
153 24
151 82
193 69
113 64
154 53
152 35
194 53
114 91
155 87
153 55
195 98
115 85
156 90
154 83
196 56
116 50
157 10
155 50
197 20
117 63
158 73
156 78
198 93
118 77
159 11
157 58
199 68
119 96
160 41
158 33
200 59
120 80
159 34
201 57
121 14
162 16
202 58
122 33
163 21
161 13
203 48
123 88
164 18
162 44
204 74
124 29
165 53
163 51
205 82
125 72
166 92
164 46
206 72
126 14
167 60
165 27
207 34
127 97
168 47
166 62
208 16
128 98
169 13
167 89
209 92
129 24
170 78
168 61
210 100
130 54
171 100
169 63
211 85
131 53
172 18
170 52
212 39
132 50
173 43
171 97
213 16
133 95
174 34
172 80
214 80
134 59
175 43
173 47
215 77
135 94
176 20
174 88
216 73
136 69
177 59
175 63
217 84
137 12
178 43
176 55
218 24
138 87
179 25
177 36
219 81
139 35
180 83
178 20
220 37
140 41
181 43
179 14
221 32
141 33
182 63
180 98
222 16
142 69
183 85
181 62
223 24
143 43
184 56
182 92
224 26
144 31
185 98
183 99
225 90
145 29
186 14
184 61
226 73
146 43
187 77
185 54
227 81
147 39
188 76
186 82
228 42
148 81
189 30
187 43
229 18
149 71
190 43
188 73
230 21
150 51
191 83
189 78
231 39
151 100
192 71
190 42
232 19
152 98
193 15
191 53
233 26
153 16
194 31
192 58
234 88
154 21
195 46
193 33
235 27
155 83
196 94
194 57
236 60
156 33
197 27
195 64
237 32
157 47
198 32
196 78
238 69
158 58
199 93
197 18
239 36
159 73
200 24
198 23
240 52
160 76
199 84
241 48
161 17
202 87
242 73
162 51
203 55
201 46
243 30
163 36
204 48
202 62
244 60
164 99
205 66
203 49
245 60
165 89
206 26
204 58
246 87
166 31
207 100
205 25
247 36
167 100
208 72
206 76
248 62
168 94
209 53
207 69
249 86
169 82
210 14
208 29
250 60
170 45
211 53
209 11
251 22
171 70
212 91
210 66
252 64
172 54
213 62
211 31
253 78
173 90
214 67
212 50
254 65
174 38
215 12
213 61
255 16
175 20
216 48
214 29
256 45
176 66
217 14
215 94
257 33
177 28
218 56
216 100
258 92
178 37
219 80
217 36
259 87
179 81
220 25
218 71
260 80
180 63
221 52
219 34
261 84
181 99
222 92
220 76
262 62
182 26
223 100
221 95
263 29
183 18
224 50
222 20
264 73
184 30
225 36
223 86
265 32
185 84
226 66
224 29
266 29
186 65
227 42
225 57
267 96
187 62
228 40
226 58
268 58
188 72
229 85
227 73
269 54
189 100
230 22
228 48
270 47
190 57
231 94
229 82
271 19
191 89
232 94
230 25
272 95
192 55
233 72
231 20
273 63
193 17
234 65
232 31
274 84
194 50
235 46
233 86
275 85
195 78
236 17
234 67
276 59
196 65
237 11
235 47
277 45
197 99
238 35
236 16
278 39
198 30
239 40
237 55
279 61
199 74
240 32
238 85
280 36
200 84
239 27
281 71
201 32
242 85
282 90
202 79
243 55
241 74
283 43
203 50
244 53
242 46
284 79
204 92
245 70
243 99
285 81
205 24
246 29
244 35
286 84
206 24
247 11
245 100
287 96
207 43
248 10
246 61
288 19
208 44
249 81
247 90
289 28
209 21
250 81
248 96
290 78
210 46
251 27
249 21
291 87
211 65
252 59
250 96
292 91
212 73
253 36
251 44
293 86
213 27
254 41
252 10
294 12
214 62
255 47
253 52
295 23
215 93
256 21
254 94
296 40
216 45
257 28
255 29
297 10
217 28
258 45
256 72
298 99
218 15
259 100
257 10
299 17
219 98
260 30
258 57
300 88
220 60
261 77
259 25
301 23
221 20
262 88
260 32
302 82
222 65
263 45
261 31
303 40
223 52
264 55
262 50
304 88
224 74
265 96
263 45
305 50
225 15
266 44
264 54
306 100
226 24
267 12
265 31
307 49
227 51
268 43
266 73
308 64
228 97
269 96
267 35
309 89
229 49
270 73
268 29
310 60
230 69
271 77
269 65
311 56
231 63
272 67
270 65
312 14
232 36
273 56
271 35
313 62
233 91
274 57
272 70
314 56
234 14
275 14
273 34
315 25
235 96
276 93
274 89
316 69
236 96
277 16
275 76
317 33
237 24
278 61
276 14
318 74
238 34
279 86
277 80
319 33
239 49
280 42
278 50
320 83
240 49
279 22
321 52
241 21
282 10
322 93
242 25
283 85
281 71
323 39
243 46
284 24
282 40
324 34
244 15
285 12
283 87
325 51
245 40
286 62
284 97
326 48
246 59
287 37
285 25
327 85
247 71
288 81
286 99
328 20
248 43
289 90
287 20
329 17
249 57
290 31
288 83
330 86
250 12
291 95
289 67
331 25
251 65
292 65
290 39
332 26
252 15
293 95
291 88
333 89
253 62
294 70
292 87
334 22
254 45
295 46
293 44
335 52
255 67
296 64
294 31
336 21
256 23
297 29
295 90
337 49
257 50
298 36
296 34
338 46
258 73
299 87
297 42
339 51
259 71
300 59
298 24
340 73
260 41
301 85
299 59
341 44
261 68
302 89
300 49
342 97
262 94
303 65
301 31
343 66
263 76
304 28
302 43
344 56
264 52
305 75
303 45
345 48
265 79
306 10
304 83
346 51
266 49
307 93
305 12
347 83
267 43
308 45
306 86
348 69
268 97
309 73
307 42
349 58
269 20
310 95
308 67
350 54
270 77
311 22
309 95
351 76
271 78
312 23
310 78
352 72
272 98
313 50
311 14
353 17
273 16
314 22
312 73
354 45
274 27
315 31
313 38
355 86
275 100
316 61
314 48
356 87
276 43
317 49
315 73
357 54
277 54
318 63
316 28
358 91
278 78
319 48
317 35
359 98
279 30
320 52
318 26
360 79
280 95
319 50
361 97
281 38
322 68
362 38
282 80
323 20
321 99
363 37
283 40
324 38
322 48
364 75
284 80
325 89
323 78
365 91
285 18
326 44
324 80
366 72
286 19
327 16
325 90
367 14
287 14
328 19
326 77
368 38
288 22
329 53
327 64
369 45
289 31
330 12
328 73
370 76
290 55
331 79
329 37
371 34
291 20
332 87
330 96
372 15
292 53
333 30
331 85
373 70
293 98
334 63
332 35
374 60
294 62
335 26
333 77
375 43
295 53
336 35
334 75
376 33
296 85
337 62
335 51
377 14
297 67
338 47
336 86
378 19
298 21
339 95
337 25
379 81
299 46
340 96
338 81
380 35
300 67
341 34
339 34
381 74
301 88
342 86
340 86
382 31
302 11
343 70
341 20
383 10
303 44
344 53
342 60
384 34
304 40
345 85
343 93
385 35
305 89
346 10
344 93
386 80
306 77
347 68
345 69
387 97
307 21
348 48
346 66
388 29
308 61
349 12
347 29
389 94
309 74
350 36
348 10
390 13
310 44
351 98
349 54
391 80
311 88
352 10
350 75
392 88
312 79
353 94
351 67
393 38
313 96
354 45
352 37
394 37
314 96
355 14
353 69
395 51
315 15
356 83
354 28
396 76
316 96
357 83
355 38
397 27
317 49
358 54
356 79
398 73
318 37
359 13
357 11
399 80
319 93
360 56
358 15
400 76
320 37
359 83
321 91
362 66
322 22
363 43
361 25
323 53
364 25
362 76
324 83
365 14
363 13
325 58
366 54
364 52
326 77
367 98
365 48
327 20
368 39
366 58
328 99
369 29
367 79
329 89
370 45
368 77
330 91
371 30
369 64
331 32
372 31
370 35
332 51
373 28
371 24
333 87
374 94
372 30
334 77
375 57
373 74
335 32
376 77
374 30
336 95
377 86
375 72
337 17
378 70
376 28
338 96
379 52
377 45
339 70
380 17
378 84
340 58
381 21
379 75
341 89
382 77
380 48
342 49
383 24
381 96
343 28
384 44
382 96
344 18
385 30
383 59
345 28
386 36
384 76
346 44
387 71
385 77
347 27
388 47
386 93
348 91
389 11
387 11
349 14
390 77
388 46
350 49
391 34
389 43
351 58
392 88
390 89
352 21
393 49
391 88
353 58
394 16
392 57
354 85
395 44
393 50
355 78
396 48
394 70
356 47
397 47
395 52
357 54
398 20
396 23
358 14
399 10
397 99
359 92
400 88
398 78
360 86
399 92
294
81
1 294 
2 388 280 
2 291 242 
1 90 
1 160 
3 314 62 232 
3 245 148 193 
2 179 197 
1 316 
3 55 103 369 
2 204 120 
1 278 
1 257 
1 282 
2 35 72 
1 78 
1 186 
3 19 283 389 
2 67 286 
3 66 374 387 
2 156 127 
2 12 210 
2 398 208 
3 289 152 372 
1 235 
1 263 
2 108 323 
2 243 133 
2 253 84 
3 363 367 132 
1 391 
2 52 322 
2 57 54 
2 32 136 
2 383 170 
3 172 130 249 
2 395 122 
1 251 
1 191 
1 342 
3 143 346 331 
1 190 
1 320 
3 211 378 150 
2 140 188 
2 303 99 
2 168 1 
4 118 359 352 110 
2 114 379 
1 358 
1 364 
1 153 
2 368 386 
2 254 300 
2 340 345 
2 134 288 
1 83 
1 308 
1 260 
1 180 
1 248 
2 171 196 
2 88 228 
2 276 218 
2 159 302 
4 115 229 202 92 
4 333 194 91 41 
2 61 311 
2 58 161 
1 100 
3 126 230 177 
1 26 
2 185 270 
1 216 
1 262 
2 149 81 
