196 728 10 100 37
2
3
3
3
3
3
3
3
3
3
3
3
3
2
3
4
4
4
4
4
4
4
4
4
4
4
4
3
3
4
4
4
4
4
4
4
4
4
4
4
4
3
3
4
4
4
4
4
4
4
4
4
4
4
4
3
3
4
4
4
4
4
4
4
4
4
4
4
4
3
3
4
4
4
4
4
4
4
4
4
4
4
4
3
3
4
4
4
4
4
4
4
4
4
4
4
4
3
3
4
4
4
4
4
4
4
4
4
4
4
4
3
3
4
4
4
4
4
4
4
4
4
4
4
4
3
3
4
4
4
4
4
4
4
4
4
4
4
4
3
3
4
4
4
4
4
4
4
4
4
4
4
4
3
3
4
4
4
4
4
4
4
4
4
4
4
4
3
3
4
4
4
4
4
4
4
4
4
4
4
4
3
2
3
3
3
3
3
3
3
3
3
3
3
3
2
15 31
2 29
16 85
3 19
1 69
17 13
4 32
2 11
18 40
5 32
3 20
19 60
6 72
4 12
20 44
7 95
5 68
21 11
8 91
6 79
22 96
9 57
7 53
23 44
10 74
8 49
24 18
11 65
9 88
25 10
12 59
10 83
26 24
13 97
11 60
27 41
14 42
12 75
28 61
13 64
29 94
1 83
16 23
30 86
2 38
17 46
15 52
31 10
3 26
18 62
16 87
32 22
4 78
19 54
17 19
33 24
5 35
20 96
18 63
34 19
6 42
21 89
19 69
35 45
7 71
22 10
20 86
36 99
8 94
23 37
21 56
37 49
9 12
24 60
22 86
38 45
10 14
25 69
23 42
39 50
11 88
26 79
24 63
40 75
12 86
27 50
25 98
41 29
13 13
28 21
26 59
42 41
14 17
27 31
43 39
15 31
30 23
44 85
16 49
31 56
29 79
45 70
17 24
32 51
30 88
46 76
18 56
33 58
31 66
47 92
19 90
34 58
32 37
48 21
20 41
35 46
33 66
49 90
21 17
36 39
34 28
50 24
22 94
37 25
35 88
51 15
23 89
38 63
36 89
52 31
24 67
39 63
37 37
53 32
25 59
40 54
38 30
54 69
26 63
41 74
39 99
55 92
27 60
42 46
40 55
56 62
28 91
41 38
57 97
29 27
44 68
58 20
30 29
45 91
43 36
59 85
31 61
46 50
44 100
60 40
32 32
47 59
45 99
61 81
33 58
48 82
46 37
62 55
34 15
49 42
47 87
63 19
35 85
50 55
48 40
64 16
36 78
51 79
49 100
65 84
37 67
52 69
50 92
66 10
38 17
53 63
51 41
67 58
39 66
54 86
52 67
68 42
40 77
55 77
53 16
69 23
41 83
56 11
54 31
70 37
42 67
55 12
71 79
43 10
58 63
72 77
44 38
59 78
57 32
73 40
45 75
60 71
58 54
74 26
46 62
61 73
59 52
75 19
47 68
62 38
60 69
76 78
48 54
63 60
61 83
77 21
49 62
64 90
62 92
78 36
50 48
65 90
63 55
79 15
51 49
66 85
64 70
80 60
52 33
67 100
65 24
81 71
53 45
68 72
66 40
82 84
54 88
69 25
67 86
83 18
55 53
70 43
68 85
84 87
56 96
69 90
85 97
57 89
72 67
86 60
58 47
73 27
71 31
87 36
59 39
74 44
72 12
88 68
60 65
75 56
73 98
89 42
61 62
76 66
74 59
90 63
62 50
77 57
75 45
91 39
63 87
78 55
76 100
92 29
64 59
79 30
77 31
93 57
65 69
80 35
78 19
94 34
66 97
81 70
79 85
95 81
67 31
82 36
80 44
96 54
68 50
83 97
81 58
97 60
69 96
84 15
82 68
98 48
70 92
83 91
99 46
71 29
86 42
100 96
72 66
87 77
85 55
101 21
73 54
88 98
86 80
102 68
74 27
89 89
87 22
103 65
75 87
90 24
88 97
104 45
76 57
91 87
89 17
105 52
77 33
92 18
90 74
106 52
78 83
93 30
91 88
107 77
79 31
94 80
92 45
108 99
80 72
95 81
93 57
109 11
81 86
96 82
94 57
110 89
82 86
97 93
95 18
111 25
83 22
98 55
96 78
112 18
84 47
97 60
113 46
85 57
100 38
114 76
86 19
101 18
99 22
115 34
87 13
102 71
100 93
116 37
88 46
103 68
101 82
117 84
89 18
104 60
102 16
118 55
90 59
105 31
103 38
119 24
91 52
106 58
104 98
120 30
92 57
107 89
105 16
121 68
93 45
108 42
106 62
122 78
94 15
109 25
107 69
123 53
95 51
110 93
108 35
124 63
96 66
111 22
109 24
125 83
97 47
112 12
110 85
126 91
98 22
111 32
127 42
99 14
114 84
128 79
100 99
115 94
113 26
129 94
101 68
116 54
114 23
130 47
102 44
117 100
115 93
131 72
103 29
118 32
116 15
132 17
104 96
119 16
117 24
133 32
105 61
120 76
118 56
134 70
106 14
121 26
119 26
135 83
107 38
122 20
120 37
136 98
108 26
123 10
121 96
137 46
109 33
124 26
122 10
138 42
110 51
125 73
123 12
139 58
111 27
126 23
124 45
140 22
112 23
125 46
141 64
113 68
128 85
142 13
114 66
129 62
127 80
143 93
115 35
130 18
128 17
144 52
116 98
131 54
129 39
145 42
117 15
132 85
130 12
146 50
118 31
133 67
131 42
147 90
119 45
134 23
132 30
148 40
120 57
135 84
133 53
149 21
121 74
136 16
134 16
150 78
122 22
137 35
135 76
151 26
123 91
138 20
136 80
152 69
124 24
139 12
137 97
153 24
125 35
140 35
138 87
154 54
126 34
139 25
155 60
127 68
142 61
156 98
128 94
143 93
141 95
157 100
129 47
144 91
142 100
158 85
130 64
145 30
143 16
159 15
131 35
146 75
144 98
160 67
132 53
147 33
145 66
161 46
133 97
148 49
146 70
162 66
134 82
149 33
147 16
163 13
135 18
150 24
148 30
164 51
136 58
151 86
149 23
165 65
137 78
152 38
150 54
166 48
138 72
153 49
151 59
167 92
139 79
154 74
152 41
168 18
140 67
153 48
169 53
141 82
156 48
170 65
142 41
157 89
155 35
171 19
143 73
158 46
156 96
172 54
144 40
159 36
157 91
173 50
145 92
160 47
158 83
174 80
146 67
161 37
159 38
175 72
147 97
162 91
160 10
176 36
148 56
163 32
161 62
177 38
149 86
164 76
162 23
178 60
150 21
165 96
163 31
179 18
151 78
166 49
164 50
180 14
152 90
167 30
165 39
181 79
153 39
168 25
166 93
182 80
154 96
167 87
183 58
155 11
170 24
184 90
156 28
171 39
169 36
185 61
157 14
172 43
170 47
186 10
158 85
173 34
171 76
187 60
159 56
174 99
172 96
188 73
160 52
175 68
173 21
189 70
161 77
176 19
174 56
190 18
162 84
177 33
175 40
191 58
163 65
178 80
176 83
192 23
164 54
179 11
177 39
193 76
165 37
180 89
178 53
194 57
166 16
181 71
179 85
195 19
167 100
182 27
180 85
196 94
168 48
181 26
169 76
184 46
170 37
185 86
183 24
171 91
186 82
184 16
172 93
187 51
185 24
173 79
188 36
186 34
174 31
189 50
187 41
175 68
190 50
188 26
176 99
191 91
189 33
177 96
192 60
190 89
178 64
193 39
191 81
179 63
194 75
192 48
180 89
195 34
193 40
181 62
196 95
194 71
182 48
195 16
169
176
2 70 169 
3 59 18 50 
1 168 
1 181 
2 76 63 
1 48 
1 39 
3 135 154 174 
1 47 
1 107 
1 29 
2 188 54 
1 11 
2 14 80 
2 58 67 
1 98 
2 190 78 
2 72 6 
3 36 118 73 
3 140 191 94 
2 161 192 
1 155 
2 173 37 
3 66 184 95 
2 193 130 
1 85 
1 71 
1 45 
1 147 
4 151 156 177 116 
2 65 60 
2 148 186 
2 108 105 
3 8 163 109 
3 97 86 82 
1 17 
2 187 176 
