400 1520 10 100 76
2
3
3
3
3
3
3
3
3
3
3
3
3
3
3
3
3
3
3
2
3
4
4
4
4
4
4
4
4
4
4
4
4
4
4
4
4
4
4
3
3
4
4
4
4
4
4
4
4
4
4
4
4
4
4
4
4
4
4
3
3
4
4
4
4
4
4
4
4
4
4
4
4
4
4
4
4
4
4
3
3
4
4
4
4
4
4
4
4
4
4
4
4
4
4
4
4
4
4
3
3
4
4
4
4
4
4
4
4
4
4
4
4
4
4
4
4
4
4
3
3
4
4
4
4
4
4
4
4
4
4
4
4
4
4
4
4
4
4
3
3
4
4
4
4
4
4
4
4
4
4
4
4
4
4
4
4
4
4
3
3
4
4
4
4
4
4
4
4
4
4
4
4
4
4
4
4
4
4
3
3
4
4
4
4
4
4
4
4
4
4
4
4
4
4
4
4
4
4
3
3
4
4
4
4
4
4
4
4
4
4
4
4
4
4
4
4
4
4
3
3
4
4
4
4
4
4
4
4
4
4
4
4
4
4
4
4
4
4
3
3
4
4
4
4
4
4
4
4
4
4
4
4
4
4
4
4
4
4
3
3
4
4
4
4
4
4
4
4
4
4
4
4
4
4
4
4
4
4
3
3
4
4
4
4
4
4
4
4
4
4
4
4
4
4
4
4
4
4
3
3
4
4
4
4
4
4
4
4
4
4
4
4
4
4
4
4
4
4
3
3
4
4
4
4
4
4
4
4
4
4
4
4
4
4
4
4
4
4
3
3
4
4
4
4
4
4
4
4
4
4
4
4
4
4
4
4
4
4
3
3
4
4
4
4
4
4
4
4
4
4
4
4
4
4
4
4
4
4
3
2
3
3
3
3
3
3
3
3
3
3
3
3
3
3
3
3
3
3
2
21 32
2 29
22 99
3 49
1 66
23 30
4 31
2 91
24 54
5 97
3 46
25 25
6 89
4 29
26 33
7 72
5 70
27 54
8 42
6 60
28 68
9 39
7 10
29 36
10 80
8 44
30 59
11 42
9 98
31 18
12 82
10 83
32 50
13 82
11 87
33 30
14 14
12 71
34 25
15 57
13 56
35 36
16 68
14 34
36 80
17 30
15 43
37 35
18 49
16 59
38 100
19 99
17 37
39 62
20 43
18 62
40 18
19 26
41 17
1 71
22 88
42 62
2 98
23 10
21 100
43 32
3 17
24 45
22 62
44 88
4 91
25 48
23 70
45 56
5 79
26 32
24 72
46 78
6 19
27 58
25 32
47 92
7 33
28 66
26 18
48 73
8 99
29 74
27 46
49 36
9 61
30 92
28 90
50 49
10 56
31 78
29 42
51 49
11 28
32 25
30 17
52 100
12 25
33 19
31 28
53 43
13 56
34 23
32 27
54 20
14 45
35 21
33 100
55 56
15 44
36 24
34 34
56 30
16 83
37 82
35 31
57 74
17 18
38 19
36 46
58 28
18 37
39 68
37 99
59 75
19 31
40 69
38 72
60 87
20 46
39 52
61 93
21 23
42 56
62 50
22 81
43 16
41 16
63 29
23 70
44 38
42 86
64 42
24 25
45 72
43 89
65 79
25 61
46 61
44 38
66 26
26 61
47 86
45 77
67 55
27 33
48 42
46 76
68 50
28 86
49 100
47 70
69 10
29 39
50 12
48 63
70 14
30 67
51 57
49 64
71 40
31 72
52 80
50 13
72 18
32 52
53 89
51 32
73 33
33 25
54 83
52 37
74 48
34 55
55 39
53 33
75 91
35 34
56 91
54 73
76 22
36 12
57 82
55 85
77 16
37 54
58 73
56 99
78 68
38 54
59 12
57 95
79 35
39 21
60 67
58 89
80 65
40 65
59 24
81 71
41 47
62 94
82 67
42 95
63 35
61 59
83 13
43 40
64 65
62 73
84 97
44 46
65 27
63 66
85 19
45 34
66 13
64 34
86 11
46 64
67 18
65 59
87 61
47 29
68 31
66 54
88 81
48 98
69 17
67 49
89 61
49 38
70 95
68 68
90 88
50 77
71 51
69 11
91 77
51 73
72 25
70 32
92 100
52 66
73 10
71 81
93 87
53 99
74 49
72 78
94 58
54 39
75 44
73 16
95 23
55 76
76 86
74 39
96 98
56 39
77 98
75 52
97 91
57 50
78 46
76 31
98 83
58 59
79 50
77 37
99 69
59 63
80 32
78 74
100 59
60 43
79 96
101 65
61 26
82 87
102 16
62 68
83 87
81 68
103 27
63 77
84 33
82 40
104 56
64 48
85 15
83 34
105 70
65 41
86 73
84 84
106 80
66 75
87 74
85 35
107 25
67 73
88 63
86 11
108 69
68 75
89 33
87 65
109 67
69 75
90 37
88 86
110 97
70 88
91 27
89 11
111 43
71 67
92 24
90 71
112 50
72 60
93 87
91 97
113 32
73 81
94 64
92 100
114 26
74 92
95 70
93 20
115 93
75 43
96 77
94 62
116 100
76 21
97 50
95 41
117 52
77 65
98 89
96 20
118 75
78 85
99 88
97 23
119 16
79 86
100 45
98 49
120 43
80 89
99 100
121 75
81 61
102 66
122 97
82 15
103 31
101 92
123 100
83 94
104 89
102 31
124 63
84 55
105 23
103 10
125 56
85 36
106 96
104 16
126 10
86 67
107 56
105 12
127 96
87 73
108 75
106 84
128 85
88 90
109 92
107 53
129 12
89 71
110 18
108 25
130 81
90 22
111 43
109 97
131 89
91 100
112 62
110 45
132 64
92 71
113 17
111 37
133 99
93 88
114 12
112 88
134 83
94 93
115 33
113 82
135 61
95 78
116 27
114 79
136 87
96 100
117 11
115 82
137 87
97 38
118 21
116 15
138 39
98 83
119 84
117 35
139 99
99 61
120 11
118 36
140 75
100 51
119 31
141 68
101 38
122 25
142 94
102 58
123 72
121 81
143 80
103 61
124 37
122 77
144 53
104 13
125 63
123 54
145 62
105 50
126 83
124 66
146 77
106 39
127 85
125 79
147 33
107 98
128 75
126 13
148 16
108 64
129 86
127 66
149 17
109 57
130 20
128 51
150 46
110 10
131 22
129 46
151 58
111 29
132 34
130 80
152 30
112 78
133 16
131 39
153 59
113 16
134 89
132 77
154 85
114 51
135 92
133 72
155 60
115 37
136 34
134 30
156 93
116 57
137 42
135 15
157 18
117 45
138 28
136 75
158 28
118 46
139 40
137 44
159 66
119 92
140 42
138 30
160 56
120 15
139 56
161 90
121 16
142 49
162 15
122 31
143 95
141 26
163 24
123 95
144 59
142 50
164 45
124 36
145 35
143 89
165 40
125 57
146 67
144 19
166 46
126 32
147 83
145 54
167 93
127 64
148 25
146 92
168 39
128 30
149 30
147 75
169 48
129 62
150 38
148 75
170 42
130 14
151 43
149 18
171 75
131 81
152 52
150 75
172 20
132 92
153 90
151 32
173 52
133 16
154 85
152 64
174 72
134 89
155 19
153 34
175 98
135 81
156 93
154 70
176 33
136 24
157 64
155 86
177 63
137 97
158 40
156 57
178 94
138 83
159 73
157 55
179 94
139 28
160 80
158 49
180 16
140 36
159 77
181 44
141 58
162 82
182 49
142 57
163 86
161 48
183 32
143 38
164 76
162 19
184 54
144 11
165 65
163 71
185 35
145 39
166 52
164 77
186 21
146 24
167 34
165 19
187 45
147 59
168 56
166 97
188 22
148 40
169 59
167 24
189 14
149 86
170 26
168 88
190 54
150 99
171 76
169 53
191 99
151 30
172 22
170 33
192 47
152 17
173 93
171 33
193 19
153 71
174 59
172 66
194 92
154 66
175 91
173 81
195 86
155 21
176 79
174 13
196 93
156 36
177 83
175 58
197 72
157 92
178 44
176 68
198 78
158 98
179 96
177 42
199 65
159 46
180 93
178 97
200 88
160 42
179 29
201 12
161 89
182 55
202 35
162 91
183 33
181 17
203 15
163 12
184 28
182 50
204 70
164 52
185 34
183 50
205 95
165 71
186 28
184 18
206 31
166 70
187 93
185 26
207 47
167 31
188 42
186 97
208 74
168 97
189 44
187 13
209 60
169 42
190 86
188 62
210 21
170 50
191 74
189 25
211 40
171 28
192 14
190 92
212 62
172 50
193 48
191 75
213 79
173 70
194 85
192 62
214 53
174 21
195 77
193 88
215 33
175 66
196 77
194 86
216 31
176 84
197 83
195 63
217 60
177 86
198 82
196 65
218 97
178 10
199 67
197 97
219 97
179 59
200 72
198 30
220 99
180 10
199 28
221 14
181 78
202 33
222 89
182 23
203 36
201 52
223 19
183 13
204 61
202 42
224 21
184 19
205 63
203 94
225 28
185 16
206 82
204 13
226 22
186 75
207 38
205 63
227 19
187 53
208 53
206 35
228 84
188 51
209 65
207 39
229 97
189 16
210 11
208 29
230 76
190 21
211 99
209 38
231 87
191 51
212 96
210 78
232 53
192 34
213 99
211 36
233 38
193 25
214 53
212 99
234 81
194 61
215 30
213 35
235 99
195 52
216 75
214 56
236 23
196 26
217 58
215 57
237 20
197 57
218 33
216 27
238 67
198 96
219 12
217 26
239 36
199 34
220 34
218 47
240 80
200 29
219 97
241 80
201 96
222 28
242 41
202 67
223 17
221 41
243 26
203 18
224 72
222 42
244 15
204 85
225 42
223 10
245 64
205 92
226 11
224 84
246 34
206 62
227 40
225 78
247 13
207 73
228 40
226 27
248 18
208 42
229 78
227 12
249 38
209 49
230 36
228 67
250 84
210 93
231 91
229 80
251 22
211 14
232 92
230 16
252 56
212 87
233 90
231 49
253 31
213 26
234 86
232 74
254 85
214 11
235 49
233 81
255 61
215 10
236 26
234 68
256 32
216 54
237 30
235 51
257 10
217 14
238 31
236 29
258 13
218 73
239 21
237 28
259 44
219 38
240 72
238 13
260 93
220 14
239 24
261 15
221 19
242 46
262 31
222 85
243 34
241 57
263 16
223 85
244 37
242 88
264 98
224 53
245 77
243 14
265 98
225 31
246 31
244 86
266 43
226 23
247 97
245 29
267 51
227 28
248 35
246 31
268 55
228 90
249 15
247 58
269 35
229 71
250 31
248 16
270 62
230 60
251 36
249 20
271 94
231 30
252 100
250 49
272 86
232 22
253 44
251 27
273 60
233 16
254 27
252 97
274 28
234 72
255 67
253 93
275 54
235 58
256 56
254 84
276 15
236 45
257 79
255 20
277 15
237 21
258 56
256 27
278 69
238 85
259 82
257 45
279 39
239 48
260 23
258 81
280 89
240 60
259 90
281 100
241 76
262 92
282 13
242 62
263 21
261 56
283 21
243 57
264 33
262 61
284 12
244 91
265 41
263 31
285 58
245 44
266 30
264 57
286 85
246 83
267 79
265 47
287 88
247 54
268 75
266 73
288 55
248 70
269 10
267 11
289 71
249 64
270 56
268 47
290 28
250 38
271 66
269 49
291 72
251 67
272 37
270 25
292 31
252 19
273 30
271 81
293 39
253 22
274 70
272 17
294 13
254 46
275 23
273 65
295 13
255 20
276 86
274 12
296 100
256 42
277 48
275 70
297 56
257 65
278 55
276 55
298 58
258 12
279 31
277 80
299 50
259 69
280 55
278 36
300 76
260 15
279 99
301 15
261 45
282 100
302 90
262 59
283 48
281 66
303 99
263 87
284 26
282 94
304 89
264 51
285 59
283 91
305 100
265 52
286 44
284 83
306 14
266 52
287 11
285 71
307 29
267 49
288 85
286 16
308 10
268 27
289 25
287 44
309 18
269 53
290 85
288 26
310 22
270 94
291 57
289 79
311 69
271 33
292 87
290 60
312 19
272 86
293 97
291 54
313 14
273 58
294 33
292 14
314 28
274 65
295 20
293 31
315 51
275 32
296 68
294 77
316 29
276 53
297 84
295 43
317 91
277 76
298 87
296 40
318 36
278 27
299 40
297 90
319 92
279 96
300 87
298 36
320 33
280 90
299 25
321 55
281 74
302 24
322 50
282 34
303 20
301 66
323 59
283 95
304 50
302 37
324 47
284 53
305 22
303 96
325 51
285 61
306 21
304 32
326 20
286 16
307 53
305 30
327 91
287 11
308 97
306 31
328 73
288 83
309 33
307 33
329 28
289 35
310 86
308 28
330 25
290 93
311 94
309 40
331 11
291 64
312 75
310 76
332 85
292 20
313 38
311 85
333 76
293 43
314 82
312 94
334 70
294 85
315 63
313 54
335 10
295 59
316 20
314 100
336 88
296 74
317 94
315 75
337 97
297 43
318 97
316 11
338 30
298 65
319 76
317 12
339 63
299 78
320 92
318 55
340 33
300 31
319 50
341 67
301 77
322 52
342 54
302 24
323 87
321 30
343 21
303 36
324 96
322 78
344 65
304 62
325 83
323 28
345 85
305 76
326 65
324 95
346 18
306 53
327 62
325 21
347 41
307 40
328 86
326 98
348 69
308 73
329 21
327 16
349 22
309 49
330 29
328 20
350 36
310 38
331 77
329 78
351 18
311 16
332 30
330 41
352 63
312 58
333 84
331 92
353 100
313 96
334 63
332 87
354 19
314 39
335 61
333 23
355 45
315 97
336 95
334 12
356 77
316 81
337 39
335 79
357 35
317 92
338 21
336 93
358 61
318 57
339 56
337 42
359 65
319 45
340 93
338 65
360 17
320 94
339 12
361 84
321 85
342 19
362 98
322 79
343 44
341 95
363 17
323 23
344 23
342 90
364 66
324 28
345 71
343 70
365 83
325 50
346 35
344 15
366 68
326 74
347 26
345 17
367 38
327 81
348 14
346 36
368 40
328 76
349 81
347 43
369 14
329 100
350 57
348 97
370 90
330 24
351 96
349 64
371 78
331 96
352 54
350 67
372 30
332 17
353 91
351 16
373 73
333 37
354 92
352 49
374 17
334 63
355 26
353 34
375 60
335 90
356 21
354 83
376 89
336 45
357 52
355 63
377 40
337 72
358 27
356 53
378 75
338 62
359 36
357 100
379 18
339 93
360 75
358 45
380 58
340 34
359 94
381 12
341 100
362 35
382 58
342 62
363 17
361 29
383 18
343 35
364 25
362 86
384 18
344 61
365 93
363 46
385 73
345 71
366 77
364 92
386 58
346 63
367 23
365 93
387 46
347 17
368 32
366 13
388 63
348 48
369 31
367 10
389 60
349 33
370 72
368 70
390 73
350 23
371 37
369 78
391 31
351 23
372 46
370 89
392 23
352 64
373 35
371 57
393 13
353 54
374 57
372 51
394 82
354 41
375 53
373 31
395 12
355 53
376 52
374 16
396 23
356 66
377 79
375 25
397 53
357 51
378 35
376 63
398 21
358 34
379 19
377 30
399 71
359 57
380 78
378 79
400 85
360 89
379 25
361 13
382 29
362 20
383 87
381 26
363 11
384 13
382 13
364 70
385 84
383 76
365 77
386 92
384 57
366 70
387 29
385 91
367 23
388 30
386 35
368 19
389 89
387 74
369 44
390 97
388 68
370 46
391 63
389 48
371 75
392 24
390 58
372 53
393 63
391 94
373 29
394 80
392 98
374 47
395 48
393 52
375 13
396 18
394 38
376 12
397 95
395 32
377 23
398 58
396 48
378 50
399 32
397 89
379 20
400 55
398 65
380 97
399 97
40
105
3 98 48 40 
1 318 
2 204 60 
1 154 
4 87 297 142 10 
3 74 277 83 
1 178 
2 94 328 
2 384 340 
2 89 374 
2 79 372 
2 209 291 
5 210 41 370 283 86 
1 327 
2 160 183 
3 128 362 19 
2 281 289 
1 337 
1 252 
2 304 238 
1 151 
3 343 352 265 
1 34 
2 227 6 
1 242 
1 80 
1 78 
2 338 367 
3 187 72 251 
1 390 
2 53 234 
5 185 396 159 329 114 
1 273 
1 310 
1 383 
2 122 286 
2 224 129 
1 177 
2 382 118 
1 309 
1 261 
2 82 344 
2 144 49 
1 235 
1 391 
3 357 7 255 
1 102 
1 69 
1 184 
2 377 44 
1 156 
1 135 
2 218 359 
2 213 77 
2 290 192 
4 332 42 55 371 
2 92 366 
2 320 346 
1 15 
2 323 117 
1 307 
3 356 90 400 
2 37 95 
3 269 249 361 
2 267 358 
3 360 312 240 
2 364 263 
2 112 93 
1 363 
2 260 51 
1 168 
2 148 115 
1 162 
1 342 
2 275 211 
2 179 105 
