625 2400 10 100 118
2
3
3
3
3
3
3
3
3
3
3
3
3
3
3
3
3
3
3
3
3
3
3
3
2
3
4
4
4
4
4
4
4
4
4
4
4
4
4
4
4
4
4
4
4
4
4
4
4
3
3
4
4
4
4
4
4
4
4
4
4
4
4
4
4
4
4
4
4
4
4
4
4
4
3
3
4
4
4
4
4
4
4
4
4
4
4
4
4
4
4
4
4
4
4
4
4
4
4
3
3
4
4
4
4
4
4
4
4
4
4
4
4
4
4
4
4
4
4
4
4
4
4
4
3
3
4
4
4
4
4
4
4
4
4
4
4
4
4
4
4
4
4
4
4
4
4
4
4
3
3
4
4
4
4
4
4
4
4
4
4
4
4
4
4
4
4
4
4
4
4
4
4
4
3
3
4
4
4
4
4
4
4
4
4
4
4
4
4
4
4
4
4
4
4
4
4
4
4
3
3
4
4
4
4
4
4
4
4
4
4
4
4
4
4
4
4
4
4
4
4
4
4
4
3
3
4
4
4
4
4
4
4
4
4
4
4
4
4
4
4
4
4
4
4
4
4
4
4
3
3
4
4
4
4
4
4
4
4
4
4
4
4
4
4
4
4
4
4
4
4
4
4
4
3
3
4
4
4
4
4
4
4
4
4
4
4
4
4
4
4
4
4
4
4
4
4
4
4
3
3
4
4
4
4
4
4
4
4
4
4
4
4
4
4
4
4
4
4
4
4
4
4
4
3
3
4
4
4
4
4
4
4
4
4
4
4
4
4
4
4
4
4
4
4
4
4
4
4
3
3
4
4
4
4
4
4
4
4
4
4
4
4
4
4
4
4
4
4
4
4
4
4
4
3
3
4
4
4
4
4
4
4
4
4
4
4
4
4
4
4
4
4
4
4
4
4
4
4
3
3
4
4
4
4
4
4
4
4
4
4
4
4
4
4
4
4
4
4
4
4
4
4
4
3
3
4
4
4
4
4
4
4
4
4
4
4
4
4
4
4
4
4
4
4
4
4
4
4
3
3
4
4
4
4
4
4
4
4
4
4
4
4
4
4
4
4
4
4
4
4
4
4
4
3
3
4
4
4
4
4
4
4
4
4
4
4
4
4
4
4
4
4
4
4
4
4
4
4
3
3
4
4
4
4
4
4
4
4
4
4
4
4
4
4
4
4
4
4
4
4
4
4
4
3
3
4
4
4
4
4
4
4
4
4
4
4
4
4
4
4
4
4
4
4
4
4
4
4
3
3
4
4
4
4
4
4
4
4
4
4
4
4
4
4
4
4
4
4
4
4
4
4
4
3
3
4
4
4
4
4
4
4
4
4
4
4
4
4
4
4
4
4
4
4
4
4
4
4
3
2
3
3
3
3
3
3
3
3
3
3
3
3
3
3
3
3
3
3
3
3
3
3
3
2
26 39
2 29
27 68
3 21
1 11
28 75
4 39
2 21
29 84
5 71
3 73
30 57
6 58
4 86
31 95
7 99
5 55
32 62
8 10
6 63
33 63
9 59
7 76
34 30
10 82
8 30
35 51
11 68
9 62
36 75
12 81
10 18
37 67
13 39
11 19
38 64
14 91
12 26
39 64
15 81
13 22
40 37
16 55
14 95
41 97
17 23
15 79
42 30
18 24
16 78
43 72
19 22
17 14
44 87
20 41
18 56
45 91
21 24
19 95
46 83
22 57
20 87
47 11
23 54
21 28
48 59
24 91
22 26
49 33
25 22
23 48
50 26
24 22
51 83
1 33
27 16
52 48
2 82
28 26
26 61
53 100
3 24
29 55
27 22
54 72
4 76
30 35
28 64
55 84
5 47
31 27
29 56
56 34
6 70
32 100
30 100
57 61
7 26
33 62
31 100
58 10
8 91
34 94
32 14
59 55
9 55
35 16
33 27
60 11
10 22
36 26
34 37
61 96
11 30
37 71
35 47
62 15
12 57
38 69
36 31
63 58
13 81
39 58
37 40
64 59
14 33
40 56
38 90
65 93
15 49
41 87
39 24
66 50
16 59
42 30
40 12
67 14
17 48
43 74
41 72
68 43
18 77
44 95
42 80
69 76
19 53
45 24
43 73
70 60
20 97
46 10
44 53
71 47
21 100
47 38
45 13
72 96
22 20
48 47
46 88
73 18
23 46
49 78
47 81
74 96
24 78
50 30
48 23
75 14
25 48
49 89
76 52
26 51
52 39
77 79
27 21
53 23
51 76
78 27
28 82
54 32
52 20
79 22
29 32
55 11
53 30
80 23
30 41
56 13
54 81
81 100
31 16
57 26
55 99
82 19
32 94
58 93
56 63
83 52
33 21
59 55
57 39
84 91
34 21
60 50
58 100
85 66
35 12
61 36
59 58
86 58
36 32
62 91
60 15
87 96
37 68
63 16
61 55
88 25
38 87
64 44
62 94
89 73
39 18
65 34
63 97
90 50
40 45
66 29
64 35
91 56
41 87
67 39
65 61
92 67
42 79
68 44
66 44
93 54
43 61
69 11
67 76
94 38
44 76
70 39
68 58
95 66
45 57
71 69
69 16
96 95
46 52
72 53
70 48
97 38
47 51
73 84
71 47
98 17
48 60
74 100
72 89
99 33
49 42
75 80
73 82
100 75
50 18
74 25
101 32
51 24
77 69
102 82
52 47
78 65
76 58
103 59
53 98
79 43
77 94
104 84
54 17
80 92
78 37
105 82
55 31
81 83
79 89
106 30
56 46
82 16
80 48
107 56
57 42
83 34
81 14
108 37
58 93
84 25
82 75
109 59
59 85
85 34
83 33
110 40
60 83
86 52
84 93
111 19
61 37
87 85
85 16
112 51
62 37
88 96
86 86
113 17
63 11
89 24
87 15
114 46
64 15
90 60
88 49
115 73
65 95
91 50
89 68
116 26
66 31
92 52
90 80
117 59
67 67
93 63
91 88
118 55
68 59
94 58
92 81
119 53
69 56
95 42
93 60
120 13
70 73
96 42
94 16
121 74
71 48
97 41
95 75
122 20
72 100
98 60
96 24
123 29
73 93
99 23
97 31
124 50
74 39
100 87
98 100
125 62
75 71
99 89
126 79
76 86
102 70
127 42
77 92
103 62
101 85
128 54
78 18
104 37
102 58
129 13
79 50
105 69
103 15
130 30
80 20
106 95
104 25
131 47
81 63
107 74
105 36
132 42
82 28
108 23
106 89
133 51
83 99
109 60
107 12
134 55
84 22
110 59
108 65
135 45
85 78
111 22
109 19
136 11
86 31
112 87
110 59
137 31
87 12
113 73
111 56
138 35
88 19
114 57
112 39
139 69
89 54
115 82
113 62
140 76
90 10
116 11
114 38
141 56
91 63
117 76
115 58
142 97
92 42
118 26
116 48
143 99
93 41
119 79
117 93
144 84
94 26
120 95
118 21
145 59
95 50
121 18
119 27
146 90
96 70
122 35
120 15
147 56
97 55
123 24
121 54
148 30
98 91
124 86
122 80
149 56
99 67
125 80
123 10
150 84
100 91
124 73
151 81
101 85
127 42
152 96
102 15
128 80
126 43
153 71
103 27
129 97
127 26
154 19
104 91
130 15
128 19
155 23
105 48
131 17
129 93
156 10
106 88
132 21
130 11
157 78
107 80
133 98
131 84
158 21
108 13
134 20
132 22
159 51
109 78
135 26
133 30
160 52
110 51
136 61
134 85
161 56
111 12
137 28
135 82
162 38
112 89
138 82
136 86
163 22
113 26
139 74
137 71
164 24
114 53
140 39
138 32
165 15
115 35
141 41
139 14
166 93
116 60
142 79
140 25
167 51
117 27
143 17
141 76
168 74
118 35
144 38
142 43
169 21
119 12
145 26
143 94
170 60
120 59
146 59
144 85
171 19
121 65
147 59
145 11
172 57
122 91
148 52
146 65
173 76
123 70
149 69
147 80
174 12
124 95
150 32
148 53
175 40
125 73
149 74
176 38
126 86
152 43
177 61
127 61
153 34
151 62
178 92
128 47
154 23
152 76
179 81
129 66
155 43
153 99
180 65
130 70
156 94
154 88
181 66
131 79
157 38
155 70
182 51
132 69
158 73
156 36
183 89
133 90
159 70
157 93
184 45
134 23
160 33
158 81
185 60
135 84
161 80
159 71
186 27
136 46
162 11
160 36
187 47
137 80
163 87
161 96
188 50
138 31
164 30
162 38
189 85
139 19
165 38
163 60
190 89
140 19
166 83
164 55
191 27
141 84
167 90
165 94
192 17
142 49
168 49
166 84
193 42
143 82
169 20
167 52
194 89
144 68
170 85
168 29
195 98
145 94
171 52
169 11
196 40
146 66
172 53
170 17
197 54
147 99
173 41
171 84
198 40
148 47
174 83
172 35
199 89
149 64
175 47
173 85
200 50
150 33
174 36
201 12
151 16
177 50
202 79
152 52
178 24
176 59
203 26
153 70
179 100
177 12
204 72
154 16
180 19
178 68
205 14
155 11
181 28
179 68
206 53
156 29
182 64
180 17
207 35
157 96
183 71
181 75
208 62
158 47
184 14
182 52
209 10
159 23
185 70
183 48
210 16
160 18
186 36
184 83
211 63
161 16
187 38
185 93
212 40
162 73
188 67
186 77
213 15
163 72
189 30
187 53
214 21
164 100
190 74
188 17
215 22
165 19
191 61
189 56
216 81
166 53
192 90
190 17
217 93
167 44
193 31
191 55
218 72
168 44
194 61
192 56
219 28
169 41
195 42
193 63
220 100
170 49
196 54
194 42
221 47
171 51
197 60
195 83
222 89
172 63
198 73
196 75
223 30
173 10
199 63
197 63
224 54
174 70
200 43
198 48
225 47
175 74
199 92
226 52
176 94
202 18
227 78
177 33
203 78
201 33
228 80
178 93
204 71
202 41
229 72
179 44
205 25
203 96
230 45
180 79
206 96
204 34
231 63
181 80
207 83
205 85
232 30
182 23
208 36
206 25
233 22
183 51
209 80
207 36
234 23
184 99
210 48
208 83
235 77
185 83
211 14
209 83
236 43
186 41
212 12
210 11
237 11
187 30
213 72
211 48
238 17
188 52
214 94
212 91
239 29
189 39
215 34
213 12
240 37
190 36
216 47
214 45
241 49
191 20
217 52
215 53
242 100
192 44
218 87
216 80
243 66
193 14
219 44
217 66
244 30
194 26
220 17
218 84
245 86
195 41
221 82
219 19
246 80
196 42
222 67
220 18
247 47
197 86
223 65
221 72
248 46
198 66
224 36
222 66
249 75
199 46
225 23
223 86
250 25
200 29
224 26
251 27
201 60
227 36
252 85
202 32
228 22
226 64
253 41
203 15
229 59
227 92
254 99
204 96
230 76
228 45
255 56
205 21
231 46
229 20
256 26
206 93
232 56
230 17
257 50
207 31
233 32
231 23
258 37
208 89
234 16
232 39
259 100
209 27
235 99
233 40
260 58
210 42
236 31
234 76
261 91
211 98
237 82
235 23
262 15
212 61
238 90
236 46
263 55
213 96
239 43
237 43
264 33
214 90
240 22
238 100
265 26
215 34
241 58
239 44
266 58
216 64
242 15
240 99
267 65
217 89
243 22
241 94
268 54
218 22
244 81
242 92
269 25
219 58
245 54
243 84
270 66
220 94
246 13
244 18
271 23
221 13
247 75
245 35
272 56
222 83
248 68
246 12
273 38
223 69
249 56
247 60
274 85
224 43
250 12
248 55
275 67
225 53
249 11
276 38
226 98
252 96
277 56
227 74
253 98
251 84
278 95
228 39
254 60
252 25
279 96
229 14
255 60
253 92
280 76
230 28
256 94
254 97
281 92
231 94
257 36
255 23
282 25
232 22
258 30
256 98
283 58
233 44
259 72
257 76
284 38
234 39
260 41
258 44
285 47
235 19
261 73
259 16
286 84
236 24
262 15
260 81
287 15
237 39
263 99
261 88
288 65
238 77
264 41
262 89
289 69
239 100
265 55
263 83
290 88
240 81
266 79
264 67
291 61
241 77
267 44
265 74
292 53
242 25
268 89
266 47
293 81
243 97
269 56
267 31
294 86
244 80
270 20
268 28
295 44
245 81
271 90
269 20
296 54
246 87
272 13
270 87
297 54
247 10
273 85
271 13
298 12
248 28
274 46
272 85
299 74
249 13
275 51
273 73
300 22
250 99
274 80
301 92
251 51
277 52
302 95
252 43
278 75
276 10
303 84
253 22
279 48
277 57
304 44
254 87
280 68
278 88
305 46
255 44
281 76
279 16
306 28
256 97
282 21
280 72
307 67
257 28
283 35
281 51
308 42
258 82
284 55
282 99
309 81
259 90
285 38
283 27
310 29
260 86
286 59
284 30
311 88
261 60
287 73
285 77
312 64
262 17
288 66
286 70
313 67
263 25
289 63
287 86
314 59
264 27
290 82
288 43
315 40
265 20
291 90
289 69
316 53
266 13
292 87
290 26
317 23
267 11
293 28
291 76
318 45
268 40
294 22
292 71
319 67
269 42
295 22
293 30
320 56
270 77
296 73
294 99
321 15
271 51
297 72
295 97
322 47
272 16
298 47
296 46
323 69
273 54
299 96
297 86
324 94
274 53
300 86
298 59
325 98
275 57
299 34
326 22
276 88
302 58
327 27
277 38
303 95
301 17
328 84
278 22
304 55
302 54
329 87
279 78
305 60
303 77
330 27
280 24
306 43
304 11
331 33
281 10
307 74
305 81
332 76
282 30
308 51
306 17
333 96
283 69
309 79
307 65
334 49
284 48
310 48
308 36
335 42
285 76
311 13
309 27
336 24
286 86
312 98
310 46
337 19
287 66
313 53
311 12
338 22
288 44
314 56
312 66
339 11
289 36
315 16
313 36
340 11
290 89
316 65
314 67
341 51
291 18
317 38
315 57
342 11
292 48
318 67
316 89
343 95
293 74
319 21
317 33
344 15
294 36
320 12
318 61
345 17
295 98
321 12
319 90
346 18
296 33
322 52
320 85
347 38
297 72
323 12
321 55
348 33
298 33
324 89
322 15
349 59
299 59
325 32
323 34
350 85
300 33
324 84
351 48
301 45
327 64
352 96
302 96
328 32
326 33
353 84
303 27
329 31
327 17
354 32
304 96
330 24
328 95
355 95
305 56
331 65
329 31
356 45
306 18
332 61
330 12
357 61
307 41
333 21
331 47
358 95
308 54
334 95
332 37
359 93
309 58
335 94
333 68
360 43
310 93
336 54
334 90
361 80
311 68
337 54
335 30
362 89
312 20
338 90
336 50
363 28
313 27
339 97
337 27
364 10
314 21
340 13
338 60
365 45
315 86
341 93
339 95
366 60
316 91
342 98
340 28
367 74
317 18
343 24
341 74
368 42
318 20
344 46
342 15
369 48
319 59
345 66
343 15
370 85
320 56
346 78
344 32
371 89
321 24
347 78
345 81
372 74
322 93
348 55
346 82
373 18
323 30
349 22
347 45
374 36
324 13
350 71
348 60
375 99
325 68
349 81
376 83
326 88
352 28
377 77
327 70
353 40
351 18
378 100
328 78
354 16
352 71
379 59
329 95
355 62
353 74
380 50
330 49
356 90
354 19
381 45
331 35
357 24
355 55
382 76
332 94
358 32
356 95
383 38
333 16
359 73
357 90
384 65
334 11
360 41
358 43
385 34
335 50
361 72
359 48
386 35
336 95
362 87
360 69
387 17
337 44
363 77
361 36
388 89
338 90
364 49
362 12
389 53
339 41
365 95
363 73
390 67
340 33
366 95
364 10
391 86
341 90
367 48
365 57
392 46
342 23
368 93
366 12
393 33
343 12
369 30
367 44
394 68
344 48
370 37
368 22
395 51
345 87
371 60
369 76
396 11
346 24
372 83
370 38
397 93
347 88
373 21
371 95
398 62
348 99
374 58
372 15
399 66
349 78
375 35
373 84
400 49
350 71
374 13
401 98
351 95
377 68
402 53
352 30
378 79
376 24
403 44
353 38
379 29
377 66
404 30
354 79
380 31
378 19
405 68
355 85
381 75
379 27
406 54
356 30
382 20
380 68
407 16
357 59
383 15
381 78
408 35
358 13
384 82
382 47
409 34
359 67
385 100
383 65
410 56
360 69
386 66
384 31
411 30
361 30
387 50
385 66
412 35
362 23
388 10
386 31
413 28
363 33
389 33
387 82
414 29
364 31
390 21
388 24
415 29
365 82
391 35
389 57
416 22
366 70
392 53
390 81
417 38
367 33
393 72
391 26
418 70
368 95
394 61
392 33
419 86
369 80
395 36
393 20
420 93
370 12
396 46
394 39
421 21
371 92
397 76
395 52
422 47
372 76
398 56
396 26
423 64
373 64
399 17
397 88
424 85
374 43
400 96
398 37
425 88
375 70
399 77
426 61
376 71
402 93
427 59
377 80
403 69
401 91
428 23
378 86
404 85
402 45
429 44
379 80
405 72
403 32
430 77
380 61
406 64
404 96
431 90
381 80
407 61
405 48
432 34
382 26
408 93
406 19
433 49
383 76
409 10
407 84
434 77
384 30
410 28
408 97
435 53
385 49
411 98
409 62
436 85
386 54
412 88
410 91
437 18
387 61
413 22
411 85
438 34
388 61
414 65
412 60
439 54
389 86
415 67
413 11
440 16
390 39
416 47
414 55
441 34
391 37
417 38
415 75
442 41
392 30
418 59
416 90
443 46
393 55
419 68
417 46
444 48
394 76
420 95
418 72
445 31
395 39
421 65
419 12
446 32
396 52
422 13
420 37
447 15
397 38
423 94
421 84
448 44
398 45
424 17
422 44
449 70
399 51
425 46
423 86
450 59
400 58
424 84
451 33
401 40
427 100
452 47
402 32
428 90
426 21
453 30
403 36
429 58
427 45
454 61
404 75
430 45
428 21
455 22
405 61
431 17
429 61
456 81
406 37
432 76
430 18
457 66
407 24
433 97
431 83
458 57
408 19
434 65
432 55
459 55
409 36
435 90
433 83
460 52
410 91
436 64
434 38
461 46
411 68
437 68
435 94
462 79
412 87
438 17
436 95
463 46
413 77
439 58
437 94
464 28
414 37
440 79
438 54
465 64
415 49
441 27
439 71
466 90
416 84
442 31
440 22
467 67
417 12
443 49
441 54
468 20
418 55
444 98
442 17
469 25
419 75
445 44
443 31
470 73
420 90
446 39
444 97
471 39
421 98
447 45
445 80
472 54
422 46
448 69
446 58
473 91
423 75
449 88
447 29
474 55
424 85
450 82
448 45
475 85
425 44
449 25
476 14
426 100
452 96
477 12
427 82
453 32
451 39
478 47
428 46
454 76
452 61
479 97
429 86
455 99
453 85
480 100
430 33
456 37
454 98
481 37
431 50
457 49
455 96
482 92
432 87
458 15
456 12
483 67
433 95
459 83
457 87
484 17
434 78
460 89
458 51
485 62
435 47
461 61
459 64
486 21
436 46
462 99
460 45
487 59
437 35
463 20
461 44
488 11
438 63
464 27
462 31
489 100
439 41
465 72
463 18
490 82
440 62
466 39
464 36
491 20
441 68
467 34
465 64
492 30
442 34
468 56
466 81
493 93
443 18
469 71
467 87
494 74
444 14
470 56
468 20
495 91
445 73
471 81
469 13
496 58
446 24
472 90
470 100
497 84
447 72
473 12
471 52
498 30
448 88
474 59
472 79
499 88
449 64
475 47
473 96
500 59
450 50
474 89
501 93
451 58
477 16
502 71
452 77
478 12
476 48
503 53
453 47
479 68
477 73
504 52
454 63
480 43
478 73
505 18
455 63
481 51
479 11
506 52
456 26
482 86
480 78
507 19
457 57
483 92
481 44
508 67
458 77
484 48
482 59
509 64
459 98
485 98
483 36
510 10
460 91
486 64
484 18
511 11
461 95
487 84
485 97
512 40
462 22
488 26
486 56
513 28
463 12
489 43
487 28
514 31
464 16
490 93
488 25
515 19
465 81
491 43
489 98
516 30
466 82
492 22
490 75
517 82
467 37
493 61
491 15
518 82
468 26
494 55
492 11
519 80
469 21
495 75
493 24
520 13
470 56
496 23
494 38
521 67
471 69
497 15
495 62
522 16
472 86
498 80
496 94
523 24
473 57
499 29
497 82
524 98
474 88
500 54
498 68
525 53
475 96
499 76
526 70
476 21
502 16
527 70
477 80
503 57
501 62
528 31
478 86
504 93
502 43
529 68
479 20
505 25
503 63
530 77
480 84
506 37
504 58
531 52
481 43
507 51
505 84
532 27
482 18
508 98
506 68
533 46
483 69
509 53
507 86
534 29
484 25
510 97
508 76
535 20
485 58
511 54
509 69
536 19
486 40
512 54
510 83
537 42
487 41
513 16
511 52
538 32
488 79
514 68
512 37
539 34
489 76
515 39
513 12
540 28
490 48
516 78
514 37
541 51
491 50
517 75
515 60
542 72
492 93
518 91
516 63
543 42
493 74
519 91
517 73
544 93
494 65
520 66
518 77
545 89
495 18
521 17
519 43
546 32
496 40
522 11
520 35
547 26
497 55
523 90
521 29
548 74
498 52
524 85
522 78
549 37
499 28
525 41
523 50
550 28
500 53
524 40
551 95
501 96
527 25
552 69
502 29
528 100
526 79
553 19
503 25
529 27
527 38
554 63
504 100
530 81
528 49
555 67
505 30
531 18
529 42
556 61
506 32
532 16
530 99
557 27
507 93
533 92
531 96
558 35
508 95
534 99
532 40
559 29
509 38
535 85
533 51
560 93
510 44
536 43
534 39
561 62
511 26
537 43
535 65
562 99
512 11
538 90
536 89
563 82
513 43
539 41
537 19
564 33
514 83
540 65
538 87
565 63
515 57
541 31
539 77
566 48
516 95
542 10
540 82
567 83
517 12
543 68
541 34
568 72
518 61
544 51
542 87
569 100
519 17
545 29
543 62
570 24
520 79
546 29
544 86
571 33
521 93
547 68
545 38
572 49
522 46
548 49
546 10
573 61
523 25
549 67
547 20
574 31
524 61
550 90
548 75
575 38
525 67
549 23
576 27
526 69
552 46
577 25
527 72
553 12
551 72
578 69
528 10
554 59
552 35
579 57
529 12
555 33
553 48
580 84
530 18
556 35
554 76
581 96
531 50
557 35
555 62
582 27
532 73
558 38
556 98
583 79
533 57
559 27
557 97
584 78
534 26
560 56
558 86
585 60
535 40
561 21
559 61
586 99
536 91
562 52
560 75
587 30
537 38
563 97
561 64
588 54
538 39
564 25
562 46
589 24
539 51
565 36
563 29
590 44
540 38
566 86
564 47
591 22
541 79
567 22
565 86
592 74
542 51
568 11
566 43
593 77
543 94
569 28
567 18
594 81
544 96
570 15
568 12
595 21
545 71
571 19
569 34
596 28
546 26
572 84
570 100
597 32
547 82
573 12
571 43
598 84
548 82
574 91
572 75
599 89
549 43
575 54
573 79
600 28
550 49
574 77
601 37
551 48
577 10
602 10
552 91
578 14
576 18
603 43
553 43
579 77
577 93
604 68
554 37
580 62
578 90
605 66
555 95
581 34
579 85
606 36
556 93
582 66
580 93
607 100
557 85
583 30
581 36
608 60
558 90
584 31
582 97
609 75
559 62
585 20
583 13
610 55
560 63
586 66
584 44
611 75
561 38
587 44
585 14
612 52
562 65
588 19
586 19
613 68
563 37
589 37
587 51
614 54
564 61
590 76
588 80
615 99
565 28
591 22
589 89
616 86
566 29
592 75
590 20
617 88
567 18
593 75
591 96
618 37
568 23
594 29
592 56
619 19
569 83
595 13
593 25
620 49
570 18
596 92
594 25
621 62
571 89
597 78
595 53
622 21
572 12
598 90
596 41
623 22
573 76
599 38
597 83
624 60
574 22
600 92
598 60
625 86
575 51
599 89
576 39
602 92
577 62
603 18
601 79
578 62
604 62
602 43
579 26
605 42
603 17
580 100
606 44
604 45
581 19
607 86
605 68
582 28
608 90
606 27
583 91
609 97
607 54
584 89
610 50
608 47
585 62
611 64
609 57
586 69
612 59
610 46
587 66
613 76
611 13
588 78
614 52
612 74
589 48
615 83
613 36
590 71
616 43
614 88
591 89
617 25
615 63
592 21
618 40
616 83
593 95
619 45
617 52
594 98
620 17
618 34
595 97
621 78
619 59
596 78
622 59
620 57
597 67
623 72
621 58
598 97
624 29
622 26
599 45
625 43
623 91
600 67
624 83
597
249
2 167 597 
1 233 
3 145 46 132 
1 442 
2 18 465 
2 558 147 
3 204 27 444 
1 228 
1 419 
1 441 
1 428 
1 14 
1 513 
1 99 
2 79 396 
1 568 
2 318 555 
1 87 
2 608 77 
2 370 216 
2 516 480 
1 486 
1 477 
2 313 533 
3 399 213 218 
3 452 207 284 
2 205 616 
3 193 601 351 
2 214 434 
1 472 
2 540 96 
3 511 406 363 
1 348 
2 362 327 
1 105 
2 52 459 
2 289 592 
2 45 65 
5 547 260 476 292 75 
3 281 302 342 
3 559 605 198 
3 165 84 489 
2 320 188 
2 413 377 
1 232 
2 398 570 
4 361 295 89 560 
3 524 258 273 
1 42 
2 522 473 
4 269 20 174 212 
1 566 
2 430 408 
1 515 
2 317 59 
1 602 
2 35 235 
3 101 457 475 
2 238 112 
1 324 
1 278 
2 552 414 
1 374 
3 209 381 175 
2 474 182 
1 23 
1 100 
3 388 431 561 
1 411 
1 28 
2 316 596 
3 354 270 366 
1 573 
2 254 471 
3 168 103 130 
1 248 
1 253 
2 31 78 
2 577 68 
1 458 
3 119 134 64 
2 17 418 
2 613 184 
2 4 264 
1 467 
2 146 429 
1 433 
1 50 
1 534 
1 251 
4 81 453 404 481 
1 389 
2 246 576 
1 539 
2 520 352 
1 425 
2 63 38 
3 275 255 504 
3 51 97 618 
2 478 514 
1 80 
2 582 482 
1 211 
1 252 
1 392 
2 499 229 
2 541 192 
2 285 195 
3 40 133 530 
3 210 536 306 
1 300 
2 509 290 
3 219 501 567 
1 220 
1 19 
2 394 487 
1 257 
2 415 249 
