144 528 10 100 27
2
3
3
3
3
3
3
3
3
3
3
2
3
4
4
4
4
4
4
4
4
4
4
3
3
4
4
4
4
4
4
4
4
4
4
3
3
4
4
4
4
4
4
4
4
4
4
3
3
4
4
4
4
4
4
4
4
4
4
3
3
4
4
4
4
4
4
4
4
4
4
3
3
4
4
4
4
4
4
4
4
4
4
3
3
4
4
4
4
4
4
4
4
4
4
3
3
4
4
4
4
4
4
4
4
4
4
3
3
4
4
4
4
4
4
4
4
4
4
3
3
4
4
4
4
4
4
4
4
4
4
3
2
3
3
3
3
3
3
3
3
3
3
2
13 48
2 29
14 72
3 88
1 66
15 19
4 76
2 78
16 92
5 58
3 13
17 93
6 55
4 83
18 32
7 86
5 73
19 87
8 56
6 12
20 35
9 44
7 67
21 97
10 80
8 68
22 91
11 55
9 60
23 93
12 58
10 90
24 86
11 14
25 61
1 42
14 60
26 81
2 47
15 42
13 45
27 27
3 100
16 56
14 60
28 70
4 91
17 33
15 98
29 34
5 61
18 47
16 69
30 30
6 17
19 44
17 52
31 65
7 53
20 94
18 92
32 69
8 25
21 50
19 57
33 18
9 62
22 26
20 71
34 18
10 85
23 80
21 78
35 93
11 11
24 38
22 32
36 61
12 56
23 93
37 61
13 13
26 95
38 39
14 33
27 32
25 28
39 44
15 29
28 33
26 54
40 49
16 60
29 89
27 33
41 100
17 79
30 81
28 74
42 91
18 92
31 28
29 80
43 48
19 70
32 76
30 11
44 58
20 90
33 34
31 37
45 93
21 90
34 88
32 83
46 61
22 40
35 44
33 58
47 67
23 64
36 19
34 31
48 99
24 76
35 84
49 65
25 82
38 45
50 14
26 45
39 85
37 22
51 98
27 50
40 24
38 10
52 61
28 31
41 73
39 26
53 13
29 82
42 93
40 22
54 29
30 34
43 12
41 79
55 74
31 49
44 95
42 89
56 55
32 39
45 30
43 44
57 51
33 58
46 90
44 46
58 40
34 25
47 60
45 67
59 37
35 54
48 82
46 63
60 11
36 21
47 88
61 76
37 37
50 38
62 90
38 33
51 75
49 28
63 94
39 65
52 74
50 89
64 18
40 51
53 50
51 65
65 54
41 32
54 18
52 40
66 54
42 91
55 41
53 28
67 92
43 17
56 68
54 89
68 10
44 50
57 24
55 84
69 49
45 100
58 62
56 33
70 96
46 52
59 80
57 34
71 65
47 74
60 38
58 54
72 58
48 92
59 84
73 62
49 13
62 67
74 33
50 63
63 81
61 77
75 27
51 40
64 47
62 88
76 84
52 63
65 48
63 58
77 68
53 99
66 93
64 88
78 14
54 30
67 20
65 58
79 18
55 36
68 34
66 22
80 64
56 72
69 22
67 13
81 34
57 47
70 56
68 49
82 16
58 40
71 85
69 70
83 47
59 40
72 41
70 81
84 31
60 69
71 62
85 88
61 32
74 89
86 32
62 19
75 54
73 12
87 87
63 31
76 99
74 33
88 82
64 12
77 15
75 97
89 68
65 83
78 30
76 40
90 28
66 66
79 20
77 95
91 94
67 70
80 73
78 75
92 49
68 24
81 26
79 37
93 36
69 94
82 65
80 31
94 78
70 91
83 56
81 86
95 28
71 63
84 48
82 100
96 19
72 80
83 84
97 20
73 18
86 20
98 56
74 16
87 90
85 24
99 98
75 23
88 38
86 79
100 64
76 65
89 58
87 87
101 71
77 22
90 37
88 54
102 52
78 93
91 77
89 51
103 22
79 71
92 70
90 22
104 23
80 58
93 38
91 67
105 94
81 31
94 24
92 28
106 47
82 20
95 25
93 99
107 22
83 19
96 33
94 35
108 83
84 27
95 79
109 50
85 67
98 85
110 45
86 92
99 26
97 44
111 18
87 37
100 38
98 26
112 40
88 68
101 94
99 75
113 14
89 89
102 45
100 93
114 100
90 59
103 56
101 56
115 22
91 97
104 46
102 56
116 73
92 79
105 49
103 47
117 73
93 90
106 88
104 42
118 86
94 80
107 38
105 44
119 34
95 59
108 50
106 22
120 91
96 87
107 24
121 63
97 29
110 40
122 90
98 19
111 89
109 73
123 16
99 36
112 77
110 26
124 78
100 68
113 64
111 10
125 87
101 60
114 95
112 24
126 81
102 84
115 31
113 15
127 29
103 52
116 47
114 88
128 48
104 68
117 57
115 93
129 69
105 55
118 18
116 39
130 11
106 33
119 20
117 26
131 29
107 49
120 61
118 51
132 38
108 56
119 32
133 45
109 91
122 42
134 34
110 94
123 40
121 97
135 66
111 64
124 13
122 31
136 10
112 28
125 79
123 50
137 47
113 86
126 40
124 16
138 79
114 75
127 54
125 50
139 40
115 72
128 68
126 45
140 46
116 34
129 83
127 16
141 74
117 47
130 27
128 83
142 56
118 85
131 84
129 70
143 16
119 78
132 74
130 24
144 14
120 25
131 14
121 38
134 43
122 24
135 88
133 79
123 76
136 16
134 52
124 61
137 27
135 51
125 43
138 21
136 24
126 23
139 69
137 84
127 96
140 24
138 97
128 72
141 22
139 98
129 54
142 96
140 81
130 67
143 17
141 36
131 79
144 56
142 42
132 81
143 49
113
16
3 28 50 113 
1 143 
1 99 
1 138 
2 91 36 
1 98 
3 65 96 68 
1 97 
1 64 
3 25 41 4 
4 75 120 102 40 
2 8 48 
3 106 77 3 
1 131 
1 137 
1 108 
1 84 
2 69 142 
2 23 129 
3 134 45 85 
2 43 125 
3 11 46 35 
2 105 80 
1 60 
3 63 58 2 
1 59 
1 16 
