600 2276 10 100 114
2
3
3
3
3
3
3
3
3
3
3
3
3
3
3
3
3
3
3
3
3
3
3
3
3
3
3
3
3
3
3
3
3
3
3
3
3
3
3
3
3
3
3
3
3
3
3
3
3
2
3
4
4
4
4
4
4
4
4
4
4
4
4
4
4
4
4
4
4
4
4
4
4
4
4
4
4
4
4
4
4
4
4
4
4
4
4
4
4
4
4
4
4
4
4
4
4
4
4
3
3
4
4
4
4
4
4
4
4
4
4
4
4
4
4
4
4
4
4
4
4
4
4
4
4
4
4
4
4
4
4
4
4
4
4
4
4
4
4
4
4
4
4
4
4
4
4
4
4
3
3
4
4
4
4
4
4
4
4
4
4
4
4
4
4
4
4
4
4
4
4
4
4
4
4
4
4
4
4
4
4
4
4
4
4
4
4
4
4
4
4
4
4
4
4
4
4
4
4
3
3
4
4
4
4
4
4
4
4
4
4
4
4
4
4
4
4
4
4
4
4
4
4
4
4
4
4
4
4
4
4
4
4
4
4
4
4
4
4
4
4
4
4
4
4
4
4
4
4
3
3
4
4
4
4
4
4
4
4
4
4
4
4
4
4
4
4
4
4
4
4
4
4
4
4
4
4
4
4
4
4
4
4
4
4
4
4
4
4
4
4
4
4
4
4
4
4
4
4
3
3
4
4
4
4
4
4
4
4
4
4
4
4
4
4
4
4
4
4
4
4
4
4
4
4
4
4
4
4
4
4
4
4
4
4
4
4
4
4
4
4
4
4
4
4
4
4
4
4
3
3
4
4
4
4
4
4
4
4
4
4
4
4
4
4
4
4
4
4
4
4
4
4
4
4
4
4
4
4
4
4
4
4
4
4
4
4
4
4
4
4
4
4
4
4
4
4
4
4
3
3
4
4
4
4
4
4
4
4
4
4
4
4
4
4
4
4
4
4
4
4
4
4
4
4
4
4
4
4
4
4
4
4
4
4
4
4
4
4
4
4
4
4
4
4
4
4
4
4
3
3
4
4
4
4
4
4
4
4
4
4
4
4
4
4
4
4
4
4
4
4
4
4
4
4
4
4
4
4
4
4
4
4
4
4
4
4
4
4
4
4
4
4
4
4
4
4
4
4
3
3
4
4
4
4
4
4
4
4
4
4
4
4
4
4
4
4
4
4
4
4
4
4
4
4
4
4
4
4
4
4
4
4
4
4
4
4
4
4
4
4
4
4
4
4
4
4
4
4
3
2
3
3
3
3
3
3
3
3
3
3
3
3
3
3
3
3
3
3
3
3
3
3
3
3
3
3
3
3
3
3
3
3
3
3
3
3
3
3
3
3
3
3
3
3
3
3
3
3
2
51 97
2 29
52 28
3 100
1 88
53 46
4 59
2 20
54 90
5 59
3 50
55 52
6 31
4 59
56 72
7 81
5 16
57 97
8 15
6 20
58 10
9 33
7 92
59 63
10 72
8 56
60 12
11 50
9 46
61 81
12 79
10 54
62 35
13 26
11 66
63 47
14 63
12 87
64 47
15 62
13 54
65 22
16 57
14 31
66 18
17 36
15 94
67 87
18 88
16 52
68 11
19 53
17 92
69 99
20 24
18 67
70 81
21 43
19 81
71 28
22 63
20 17
72 32
23 22
21 66
73 44
24 33
22 18
74 64
25 99
23 71
75 79
26 58
24 92
76 15
27 80
25 18
77 34
28 82
26 71
78 93
29 70
27 10
79 33
30 56
28 56
80 100
31 25
29 51
81 67
32 88
30 58
82 28
33 59
31 95
83 45
34 45
32 59
84 97
35 82
33 50
85 80
36 94
34 30
86 27
37 68
35 51
87 61
38 90
36 20
88 87
39 82
37 96
89 10
40 34
38 11
90 82
41 96
39 84
91 84
42 86
40 28
92 37
43 60
41 79
93 20
44 38
42 25
94 24
45 40
43 43
95 48
46 39
44 67
96 88
47 84
45 58
97 71
48 40
46 49
98 89
49 13
47 85
99 63
50 49
48 61
100 89
49 58
101 58
1 77
52 72
102 30
2 86
53 42
51 23
103 72
3 45
54 21
52 100
104 78
4 81
55 42
53 56
105 87
5 51
56 94
54 34
106 56
6 33
57 18
55 82
107 74
7 92
58 61
56 42
108 61
8 19
59 22
57 12
109 81
9 13
60 36
58 24
110 12
10 37
61 16
59 87
111 67
11 31
62 93
60 46
112 40
12 43
63 28
61 82
113 89
13 88
64 28
62 44
114 26
14 41
65 61
63 40
115 89
15 81
66 84
64 57
116 25
16 49
67 13
65 66
117 21
17 93
68 75
66 20
118 100
18 91
69 75
67 90
119 37
19 82
70 45
68 75
120 41
20 82
71 54
69 20
121 53
21 80
72 76
70 88
122 62
22 99
73 85
71 62
123 75
23 78
74 49
72 89
124 10
24 80
75 14
73 65
125 47
25 45
76 28
74 75
126 44
26 94
77 38
75 43
127 89
27 83
78 80
76 62
128 64
28 93
79 80
77 83
129 65
29 50
80 47
78 67
130 84
30 35
81 30
79 96
131 35
31 87
82 33
80 18
132 22
32 99
83 39
81 100
133 14
33 60
84 21
82 54
134 35
34 29
85 23
83 27
135 30
35 18
86 74
84 28
136 16
36 76
87 47
85 69
137 61
37 22
88 46
86 63
138 42
38 78
89 31
87 45
139 29
39 95
90 79
88 89
140 90
40 90
91 56
89 18
141 25
41 97
92 77
90 59
142 85
42 28
93 98
91 66
143 27
43 37
94 95
92 29
144 56
44 34
95 74
93 42
145 68
45 91
96 32
94 99
146 18
46 54
97 23
95 48
147 47
47 83
98 59
96 40
148 75
48 85
99 33
97 76
149 13
49 15
100 50
98 28
150 34
50 61
99 49
151 67
51 60
102 52
152 37
52 62
103 20
101 89
153 55
53 19
104 46
102 44
154 100
54 22
105 11
103 49
155 61
55 98
106 75
104 97
156 55
56 94
107 69
105 17
157 52
57 27
108 15
106 33
158 96
58 35
109 36
107 25
159 22
59 51
110 36
108 56
160 89
60 32
111 86
109 100
161 18
61 59
112 37
110 23
162 21
62 50
113 100
111 66
163 59
63 87
114 78
112 87
164 24
64 21
115 65
113 94
165 50
65 66
116 15
114 88
166 32
66 74
117 77
115 26
167 100
67 23
118 23
116 78
168 89
68 48
119 38
117 27
169 13
69 97
120 30
118 73
170 94
70 22
121 42
119 23
171 99
71 83
122 70
120 12
172 47
72 98
123 27
121 37
173 81
73 98
124 28
122 41
174 53
74 74
125 60
123 83
175 18
75 87
126 27
124 84
176 91
76 59
127 17
125 12
177 13
77 43
128 96
126 30
178 66
78 56
129 19
127 30
179 47
79 41
130 47
128 82
180 44
80 34
131 51
129 72
181 97
81 59
132 82
130 28
182 51
82 86
133 68
131 54
183 93
83 78
134 27
132 75
184 86
84 70
135 58
133 96
185 18
85 25
136 44
134 75
186 95
86 64
137 27
135 22
187 60
87 75
138 46
136 94
188 89
88 64
139 93
137 85
189 83
89 82
140 76
138 100
190 21
90 93
141 74
139 93
191 20
91 93
142 58
140 20
192 85
92 41
143 47
141 11
193 12
93 55
144 91
142 32
194 49
94 24
145 88
143 41
195 32
95 26
146 82
144 26
196 41
96 64
147 98
145 83
197 60
97 99
148 95
146 23
198 34
98 82
149 45
147 39
199 73
99 45
150 50
148 95
200 99
100 93
149 83
201 48
101 49
152 79
202 50
102 63
153 70
151 48
203 31
103 60
154 65
152 49
204 19
104 78
155 100
153 29
205 34
105 24
156 63
154 87
206 30
106 89
157 92
155 62
207 73
107 55
158 39
156 39
208 71
108 38
159 29
157 67
209 76
109 71
160 60
158 22
210 56
110 19
161 94
159 72
211 35
111 35
162 46
160 50
212 80
112 45
163 44
161 66
213 96
113 14
164 31
162 14
214 23
114 35
165 93
163 25
215 100
115 87
166 44
164 19
216 71
116 21
167 62
165 67
217 24
117 28
168 11
166 40
218 62
118 74
169 13
167 98
219 46
119 43
170 22
168 53
220 97
120 100
171 44
169 45
221 86
121 69
172 99
170 19
222 77
122 43
173 77
171 99
223 87
123 78
174 36
172 70
224 80
124 85
175 89
173 94
225 15
125 79
176 80
174 47
226 26
126 34
177 92
175 24
227 89
127 12
178 58
176 46
228 41
128 89
179 96
177 24
229 69
129 59
180 68
178 47
230 87
130 19
181 11
179 60
231 18
131 22
182 65
180 34
232 82
132 24
183 31
181 38
233 32
133 100
184 67
182 54
234 37
134 49
185 39
183 94
235 87
135 80
186 21
184 76
236 33
136 29
187 52
185 17
237 26
137 48
188 54
186 15
238 86
138 73
189 38
187 29
239 97
139 89
190 93
188 33
240 91
140 95
191 78
189 69
241 60
141 50
192 67
190 85
242 72
142 62
193 61
191 86
243 45
143 67
194 75
192 31
244 76
144 57
195 81
193 59
245 53
145 71
196 70
194 76
246 96
146 93
197 99
195 84
247 78
147 51
198 87
196 24
248 26
148 45
199 79
197 49
249 51
149 67
200 44
198 34
250 66
150 31
199 41
251 87
151 52
202 53
252 69
152 92
203 80
201 71
253 34
153 14
204 72
202 76
254 90
154 14
205 48
203 31
255 25
155 67
206 24
204 66
256 96
156 24
207 31
205 79
257 34
157 30
208 19
206 100
258 94
158 73
209 19
207 73
259 44
159 17
210 51
208 98
260 60
160 64
211 14
209 63
261 65
161 62
212 92
210 91
262 87
162 65
213 25
211 87
263 91
163 16
214 24
212 51
264 89
164 98
215 10
213 80
265 76
165 94
216 88
214 72
266 68
166 72
217 85
215 68
267 50
167 20
218 93
216 65
268 30
168 40
219 77
217 17
269 47
169 24
220 64
218 65
270 64
170 41
221 83
219 98
271 63
171 40
222 93
220 31
272 30
172 15
223 21
221 92
273 38
173 68
224 100
222 88
274 77
174 79
225 70
223 72
275 14
175 75
226 62
224 42
276 41
176 28
227 28
225 42
277 49
177 13
228 45
226 35
278 37
178 27
229 74
227 44
279 30
179 34
230 60
228 84
280 44
180 59
231 69
229 100
281 73
181 24
232 58
230 21
282 24
182 100
233 38
231 55
283 32
183 16
234 99
232 32
284 20
184 95
235 19
233 80
285 53
185 79
236 12
234 27
286 50
186 74
237 27
235 49
287 15
187 74
238 51
236 71
288 20
188 12
239 52
237 15
289 53
189 89
240 73
238 86
290 81
190 56
241 38
239 15
291 25
191 93
242 62
240 24
292 94
192 13
243 33
241 82
293 13
193 48
244 58
242 27
294 70
194 24
245 11
243 100
295 46
195 14
246 99
244 96
296 73
196 13
247 33
245 51
297 75
197 33
248 73
246 31
298 46
198 98
249 22
247 49
299 72
199 50
250 37
248 96
300 60
200 51
249 72
301 60
201 73
252 36
302 92
202 97
253 19
251 100
303 24
203 94
254 57
252 44
304 48
204 76
255 83
253 56
305 98
205 14
256 28
254 78
306 38
206 99
257 33
255 21
307 30
207 52
258 63
256 96
308 92
208 42
259 71
257 33
309 35
209 90
260 68
258 85
310 15
210 16
261 66
259 82
311 71
211 36
262 44
260 85
312 21
212 48
263 32
261 67
313 19
213 73
264 61
262 39
314 33
214 70
265 89
263 80
315 64
215 46
266 98
264 81
316 45
216 82
267 49
265 61
317 36
217 83
268 37
266 63
318 79
218 33
269 80
267 33
319 42
219 26
270 30
268 32
320 35
220 100
271 79
269 89
321 67
221 26
272 82
270 25
322 84
222 73
273 53
271 47
323 40
223 97
274 54
272 37
324 12
224 69
275 14
273 96
325 70
225 77
276 54
274 74
326 60
226 21
277 87
275 65
327 16
227 47
278 37
276 51
328 53
228 76
279 22
277 41
329 72
229 32
280 48
278 44
330 49
230 92
281 80
279 91
331 38
231 67
282 59
280 52
332 41
232 34
283 32
281 14
333 11
233 69
284 34
282 94
334 53
234 98
285 94
283 97
335 56
235 59
286 29
284 34
336 39
236 93
287 29
285 97
337 88
237 86
288 82
286 60
338 18
238 30
289 66
287 34
339 28
239 55
290 50
288 81
340 81
240 95
291 67
289 37
341 50
241 67
292 61
290 71
342 61
242 49
293 66
291 79
343 95
243 69
294 91
292 42
344 31
244 86
295 95
293 31
345 43
245 82
296 23
294 100
346 15
246 90
297 20
295 46
347 38
247 30
298 41
296 82
348 29
248 79
299 32
297 58
349 45
249 76
300 65
298 62
350 27
250 26
299 43
351 55
251 32
302 41
352 18
252 73
303 30
301 15
353 92
253 91
304 46
302 96
354 94
254 99
305 30
303 97
355 37
255 53
306 59
304 44
356 15
256 43
307 30
305 20
357 35
257 32
308 48
306 52
358 15
258 35
309 45
307 36
359 29
259 24
310 21
308 29
360 42
260 79
311 11
309 15
361 13
261 13
312 75
310 62
362 47
262 100
313 40
311 20
363 41
263 38
314 23
312 65
364 19
264 44
315 96
313 65
365 62
265 26
316 68
314 78
366 18
266 97
317 61
315 93
367 38
267 45
318 28
316 82
368 23
268 95
319 62
317 84
369 91
269 10
320 12
318 100
370 59
270 48
321 25
319 54
371 44
271 50
322 53
320 90
372 21
272 96
323 63
321 12
373 23
273 62
324 34
322 42
374 60
274 49
325 88
323 41
375 22
275 60
326 74
324 29
376 98
276 86
327 52
325 53
377 73
277 17
328 100
326 16
378 95
278 92
329 32
327 58
379 46
279 78
330 92
328 88
380 91
280 42
331 90
329 89
381 58
281 48
332 22
330 50
382 26
282 45
333 39
331 89
383 43
283 84
334 95
332 29
384 49
284 17
335 40
333 97
385 51
285 56
336 74
334 45
386 41
286 20
337 94
335 57
387 66
287 67
338 29
336 54
388 18
288 94
339 15
337 15
389 81
289 62
340 28
338 11
390 91
290 29
341 46
339 27
391 32
291 62
342 59
340 18
392 71
292 31
343 62
341 25
393 41
293 64
344 17
342 52
394 81
294 46
345 39
343 13
395 69
295 40
346 54
344 13
396 97
296 77
347 50
345 47
397 36
297 99
348 76
346 32
398 24
298 43
349 87
347 36
399 59
299 59
350 19
348 64
400 93
300 87
349 94
401 48
301 28
352 68
402 80
302 46
353 98
351 94
403 95
303 61
354 92
352 97
404 74
304 41
355 48
353 81
405 22
305 39
356 26
354 56
406 46
306 100
357 70
355 34
407 18
307 85
358 64
356 72
408 88
308 52
359 35
357 86
409 28
309 27
360 58
358 54
410 29
310 31
361 81
359 38
411 52
311 90
362 63
360 81
412 80
312 59
363 78
361 17
413 92
313 34
364 38
362 98
414 23
314 57
365 19
363 80
415 90
315 14
366 32
364 18
416 41
316 88
367 41
365 54
417 63
317 82
368 96
366 62
418 30
318 76
369 27
367 44
419 14
319 27
370 50
368 67
420 84
320 52
371 65
369 96
421 41
321 20
372 51
370 43
422 26
322 59
373 28
371 55
423 13
323 54
374 36
372 64
424 89
324 17
375 57
373 20
425 70
325 85
376 93
374 72
426 87
326 60
377 53
375 90
427 29
327 39
378 73
376 63
428 94
328 46
379 69
377 35
429 12
329 26
380 68
378 23
430 63
330 86
381 64
379 18
431 76
331 77
382 71
380 67
432 49
332 99
383 32
381 95
433 61
333 85
384 43
382 23
434 65
334 11
385 17
383 75
435 22
335 43
386 89
384 69
436 55
336 87
387 21
385 33
437 64
337 97
388 46
386 43
438 18
338 24
389 33
387 64
439 93
339 65
390 20
388 64
440 85
340 88
391 54
389 52
441 38
341 51
392 85
390 12
442 40
342 78
393 82
391 61
443 15
343 43
394 38
392 97
444 77
344 16
395 26
393 67
445 92
345 16
396 95
394 45
446 13
346 100
397 86
395 61
447 91
347 79
398 77
396 66
448 79
348 33
399 11
397 81
449 23
349 54
400 66
398 99
450 75
350 20
399 44
451 73
351 24
402 98
452 20
352 33
403 79
401 50
453 89
353 53
404 97
402 75
454 46
354 26
405 76
403 27
455 22
355 60
406 16
404 20
456 25
356 75
407 61
405 52
457 35
357 78
408 94
406 89
458 45
358 13
409 62
407 66
459 11
359 64
410 33
408 21
460 97
360 37
411 97
409 89
461 14
361 47
412 16
410 12
462 84
362 25
413 34
411 95
463 46
363 61
414 48
412 84
464 95
364 51
415 87
413 33
465 25
365 50
416 19
414 51
466 89
366 26
417 36
415 74
467 83
367 85
418 24
416 34
468 61
368 50
419 81
417 89
469 90
369 43
420 54
418 68
470 75
370 91
421 79
419 12
471 42
371 44
422 30
420 47
472 84
372 24
423 47
421 18
473 97
373 25
424 51
422 65
474 56
374 27
425 58
423 100
475 89
375 35
426 68
424 41
476 89
376 85
427 57
425 82
477 43
377 90
428 95
426 32
478 65
378 29
429 91
427 90
479 71
379 82
430 65
428 48
480 39
380 21
431 40
429 68
481 88
381 65
432 26
430 29
482 67
382 97
433 88
431 48
483 22
383 11
434 41
432 16
484 31
384 62
435 24
433 76
485 27
385 37
436 78
434 58
486 59
386 32
437 12
435 91
487 92
387 25
438 48
436 11
488 67
388 100
439 86
437 93
489 46
389 91
440 17
438 30
490 44
390 96
441 64
439 10
491 68
391 47
442 38
440 70
492 46
392 84
443 92
441 46
493 64
393 42
444 10
442 80
494 34
394 58
445 98
443 74
495 39
395 12
446 27
444 30
496 16
396 54
447 36
445 31
497 79
397 65
448 55
446 29
498 17
398 60
449 48
447 82
499 74
399 87
450 73
448 65
500 48
400 13
449 27
501 55
401 90
452 33
502 84
402 90
453 91
451 85
503 75
403 73
454 42
452 54
504 43
404 51
455 83
453 62
505 85
405 37
456 69
454 48
506 78
406 84
457 18
455 37
507 99
407 32
458 95
456 17
508 28
408 54
459 12
457 34
509 79
409 63
460 66
458 70
510 47
410 11
461 25
459 58
511 20
411 65
462 22
460 11
512 66
412 73
463 90
461 57
513 33
413 79
464 57
462 52
514 52
414 78
465 17
463 29
515 54
415 12
466 35
464 54
516 97
416 56
467 92
465 80
517 54
417 84
468 78
466 12
518 76
418 63
469 69
467 42
519 78
419 63
470 44
468 72
520 42
420 62
471 36
469 81
521 92
421 35
472 82
470 79
522 91
422 11
473 79
471 67
523 76
423 41
474 23
472 60
524 90
424 57
475 56
473 29
525 20
425 30
476 67
474 25
526 73
426 53
477 53
475 34
527 34
427 96
478 98
476 32
528 99
428 60
479 28
477 68
529 57
429 67
480 75
478 29
530 15
430 51
481 56
479 28
531 15
431 37
482 26
480 21
532 32
432 65
483 48
481 93
533 14
433 26
484 23
482 99
534 75
434 30
485 36
483 62
535 23
435 92
486 36
484 25
536 27
436 94
487 100
485 52
537 52
437 59
488 13
486 33
538 21
438 89
489 58
487 63
539 59
439 15
490 58
488 41
540 30
440 75
491 94
489 99
541 20
441 88
492 60
490 16
542 96
442 29
493 98
491 43
543 93
443 87
494 64
492 81
544 12
444 49
495 27
493 16
545 92
445 52
496 31
494 23
546 32
446 77
497 35
495 18
547 19
447 89
498 37
496 61
548 15
448 64
499 94
497 68
549 43
449 38
500 97
498 84
550 28
450 16
499 44
551 87
451 44
502 19
552 53
452 99
503 21
501 67
553 70
453 50
504 81
502 59
554 33
454 37
505 36
503 47
555 38
455 81
506 93
504 70
556 51
456 21
507 77
505 77
557 60
457 58
508 82
506 57
558 74
458 76
509 34
507 73
559 86
459 44
510 99
508 89
560 44
460 15
511 26
509 14
561 25
461 85
512 48
510 49
562 74
462 23
513 87
511 91
563 31
463 93
514 59
512 85
564 62
464 16
515 49
513 76
565 95
465 34
516 74
514 35
566 54
466 45
517 89
515 82
567 33
467 34
518 82
516 27
568 30
468 53
519 80
517 57
569 91
469 35
520 18
518 63
570 82
470 47
521 98
519 79
571 77
471 49
522 20
520 14
572 31
472 42
523 59
521 61
573 79
473 39
524 95
522 95
574 96
474 78
525 58
523 50
575 35
475 33
526 55
524 25
576 65
476 95
527 34
525 24
577 17
477 43
528 22
526 88
578 31
478 78
529 81
527 38
579 91
479 84
530 49
528 53
580 37
480 54
531 38
529 29
581 100
481 63
532 23
530 64
582 85
482 84
533 95
531 48
583 88
483 58
534 69
532 73
584 79
484 33
535 53
533 37
585 86
485 12
536 79
534 50
586 91
486 68
537 45
535 60
587 67
487 25
538 15
536 13
588 59
488 14
539 74
537 55
589 92
489 76
540 27
538 43
590 54
490 59
541 67
539 68
591 48
491 61
542 33
540 57
592 99
492 38
543 52
541 39
593 56
493 24
544 58
542 72
594 42
494 23
545 68
543 51
595 68
495 67
546 68
544 22
596 78
496 42
547 58
545 93
597 99
497 44
548 20
546 60
598 49
498 65
549 36
547 66
599 21
499 90
550 99
548 79
600 93
500 15
549 14
501 19
552 22
502 24
553 66
551 12
503 85
554 80
552 71
504 45
555 22
553 78
505 84
556 22
554 62
506 38
557 63
555 48
507 30
558 27
556 39
508 74
559 73
557 97
509 24
560 45
558 24
510 36
561 93
559 75
511 66
562 58
560 24
512 89
563 89
561 94
513 76
564 20
562 78
514 97
565 69
563 97
515 37
566 32
564 11
516 45
567 80
565 24
517 83
568 68
566 89
518 66
569 16
567 89
519 88
570 54
568 43
520 59
571 49
569 89
521 89
572 73
570 70
522 71
573 59
571 69
523 77
574 50
572 42
524 44
575 64
573 93
525 40
576 19
574 98
526 96
577 97
575 25
527 84
578 92
576 99
528 56
579 41
577 39
529 17
580 99
578 43
530 88
581 97
579 97
531 26
582 34
580 17
532 41
583 61
581 48
533 86
584 64
582 51
534 11
585 64
583 37
535 48
586 51
584 45
536 23
587 51
585 88
537 96
588 44
586 20
538 34
589 86
587 93
539 68
590 87
588 69
540 38
591 90
589 79
541 53
592 47
590 67
542 69
593 77
591 70
543 87
594 10
592 44
544 62
595 51
593 62
545 30
596 55
594 14
546 68
597 72
595 12
547 67
598 62
596 51
548 70
599 79
597 58
549 57
600 71
598 46
550 66
599 11
262
149
1 262 
2 276 186 
2 209 354 
1 54 
1 578 
1 230 
2 570 244 
2 21 143 
2 191 343 
2 451 162 
1 431 
1 457 
1 332 
2 571 441 
2 50 284 
1 127 
2 100 8 
1 232 
3 418 562 121 
2 305 6 
2 593 271 
2 9 534 
4 309 36 518 253 
1 251 
2 72 218 
4 587 531 285 242 
1 294 
1 449 
3 46 222 225 
3 506 280 53 
1 219 
1 350 
1 541 
1 88 
3 351 502 322 
3 17 470 178 
3 320 286 400 
2 74 287 
1 55 
1 453 
4 77 78 402 19 
2 433 192 
1 547 
2 334 491 
2 575 546 
2 310 181 
1 514 
1 482 
3 11 109 596 
1 190 
1 278 
2 424 206 
1 241 
1 487 
3 215 47 279 
1 382 
3 153 84 429 
1 267 
2 454 485 
2 250 252 
1 568 
2 204 175 
2 95 413 
2 345 517 
2 172 362 
1 239 
1 141 
2 148 220 
2 263 591 
1 592 
1 142 
3 70 15 85 
2 574 396 
3 346 205 588 
2 197 201 
1 226 
3 179 538 24 
1 180 
3 469 167 524 
1 20 
2 163 140 
4 98 183 234 71 
2 94 525 
1 49 
1 223 
1 298 
1 102 
2 420 363 
2 57 522 
1 498 
1 427 
2 333 501 
1 563 
2 289 409 
3 161 366 159 
1 375 
2 227 112 
2 340 151 
1 261 
2 246 557 
3 126 122 240 
1 123 
2 293 556 
1 195 
2 125 330 
4 134 370 415 572 
2 384 551 
3 117 444 329 
3 216 378 129 
1 264 
1 189 
5 559 423 569 389 509 
1 395 
3 428 166 149 
