400 1520 10 100 76
2
3
3
3
3
3
3
3
3
3
3
3
3
3
3
3
3
3
3
2
3
4
4
4
4
4
4
4
4
4
4
4
4
4
4
4
4
4
4
3
3
4
4
4
4
4
4
4
4
4
4
4
4
4
4
4
4
4
4
3
3
4
4
4
4
4
4
4
4
4
4
4
4
4
4
4
4
4
4
3
3
4
4
4
4
4
4
4
4
4
4
4
4
4
4
4
4
4
4
3
3
4
4
4
4
4
4
4
4
4
4
4
4
4
4
4
4
4
4
3
3
4
4
4
4
4
4
4
4
4
4
4
4
4
4
4
4
4
4
3
3
4
4
4
4
4
4
4
4
4
4
4
4
4
4
4
4
4
4
3
3
4
4
4
4
4
4
4
4
4
4
4
4
4
4
4
4
4
4
3
3
4
4
4
4
4
4
4
4
4
4
4
4
4
4
4
4
4
4
3
3
4
4
4
4
4
4
4
4
4
4
4
4
4
4
4
4
4
4
3
3
4
4
4
4
4
4
4
4
4
4
4
4
4
4
4
4
4
4
3
3
4
4
4
4
4
4
4
4
4
4
4
4
4
4
4
4
4
4
3
3
4
4
4
4
4
4
4
4
4
4
4
4
4
4
4
4
4
4
3
3
4
4
4
4
4
4
4
4
4
4
4
4
4
4
4
4
4
4
3
3
4
4
4
4
4
4
4
4
4
4
4
4
4
4
4
4
4
4
3
3
4
4
4
4
4
4
4
4
4
4
4
4
4
4
4
4
4
4
3
3
4
4
4
4
4
4
4
4
4
4
4
4
4
4
4
4
4
4
3
3
4
4
4
4
4
4
4
4
4
4
4
4
4
4
4
4
4
4
3
2
3
3
3
3
3
3
3
3
3
3
3
3
3
3
3
3
3
3
2
21 38
2 29
22 17
3 67
1 50
23 32
4 50
2 79
24 83
5 58
3 49
25 21
6 78
4 19
26 78
7 31
5 32
27 20
8 90
6 89
28 65
9 86
7 72
29 56
10 76
8 65
30 31
11 92
9 92
31 68
12 13
10 28
32 94
13 54
11 71
33 11
14 49
12 37
34 29
15 73
13 79
35 62
16 91
14 45
36 10
17 13
15 14
37 96
18 16
16 72
38 75
19 43
17 89
39 68
20 70
18 66
40 95
19 44
41 87
1 73
22 96
42 84
2 16
23 80
21 73
43 48
3 98
24 90
22 76
44 43
4 16
25 61
23 90
45 80
5 81
26 60
24 12
46 98
6 96
27 17
25 35
47 24
7 49
28 75
26 24
48 69
8 29
29 62
27 19
49 64
9 23
30 70
28 47
50 57
10 34
31 44
29 88
51 13
11 80
32 99
30 10
52 79
12 85
33 97
31 70
53 93
13 18
34 55
32 69
54 32
14 62
35 32
33 21
55 51
15 56
36 79
34 85
56 39
16 34
37 34
35 48
57 100
17 11
38 64
36 77
58 37
18 27
39 23
37 57
59 73
19 73
40 90
38 52
60 47
20 21
39 36
61 84
21 51
42 14
62 24
22 36
43 29
41 66
63 86
23 44
44 88
42 93
64 86
24 88
45 59
43 77
65 19
25 19
46 78
44 20
66 10
26 41
47 29
45 17
67 79
27 40
48 42
46 28
68 62
28 22
49 91
47 70
69 56
29 88
50 89
48 85
70 100
30 98
51 28
49 99
71 71
31 80
52 15
50 48
72 45
32 70
53 51
51 71
73 34
33 48
54 98
52 61
74 70
34 49
55 77
53 14
75 78
35 96
56 56
54 18
76 67
36 19
57 62
55 72
77 92
37 48
58 90
56 72
78 63
38 20
59 48
57 51
79 39
39 75
60 68
58 22
80 75
40 47
59 23
81 31
41 75
62 37
82 80
42 68
63 86
61 97
83 10
43 27
64 25
62 80
84 71
44 65
65 44
63 50
85 51
45 22
66 10
64 82
86 89
46 41
67 87
65 84
87 53
47 15
68 82
66 18
88 13
48 38
69 51
67 34
89 78
49 96
70 97
68 81
90 52
50 32
71 19
69 23
91 31
51 37
72 73
70 20
92 78
52 37
73 56
71 37
93 30
53 33
74 23
72 48
94 86
54 69
75 15
73 52
95 87
55 16
76 86
74 76
96 93
56 59
77 20
75 21
97 51
57 71
78 21
76 61
98 74
58 43
79 26
77 29
99 12
59 38
80 16
78 38
100 48
60 14
79 36
101 25
61 81
82 74
102 72
62 37
83 98
81 86
103 45
63 81
84 20
82 71
104 47
64 82
85 52
83 47
105 66
65 98
86 52
84 63
106 13
66 42
87 28
85 100
107 59
67 44
88 39
86 26
108 17
68 91
89 47
87 55
109 50
69 58
90 80
88 61
110 56
70 68
91 10
89 39
111 60
71 66
92 40
90 74
112 97
72 32
93 29
91 55
113 72
73 81
94 39
92 74
114 60
74 16
95 66
93 91
115 56
75 96
96 64
94 54
116 71
76 86
97 25
95 34
117 84
77 97
98 10
96 76
118 16
78 51
99 78
97 29
119 16
79 40
100 22
98 33
120 67
80 25
99 31
121 59
81 50
102 44
122 98
82 70
103 85
101 41
123 79
83 95
104 16
102 90
124 78
84 41
105 62
103 87
125 29
85 72
106 100
104 44
126 37
86 78
107 37
105 64
127 49
87 30
108 86
106 55
128 56
88 82
109 31
107 90
129 56
89 38
110 33
108 61
130 29
90 53
111 50
109 40
131 76
91 91
112 45
110 70
132 66
92 89
113 21
111 47
133 24
93 30
114 28
112 36
134 59
94 73
115 14
113 42
135 10
95 50
116 57
114 46
136 20
96 85
117 13
115 67
137 27
97 84
118 97
116 40
138 63
98 42
119 46
117 72
139 66
99 28
120 10
118 90
140 78
100 71
119 19
141 25
101 44
122 44
142 81
102 13
123 91
121 58
143 82
103 67
124 47
122 76
144 10
104 88
125 58
123 31
145 24
105 72
126 89
124 74
146 27
106 66
127 99
125 78
147 76
107 55
128 81
126 47
148 15
108 16
129 67
127 70
149 17
109 63
130 84
128 27
150 77
110 30
131 23
129 54
151 42
111 46
132 64
130 46
152 15
112 86
133 16
131 80
153 28
113 18
134 93
132 77
154 68
114 97
135 12
133 22
155 87
115 31
136 21
134 52
156 95
116 100
137 56
135 95
157 34
117 45
138 84
136 27
158 34
118 62
139 53
137 93
159 39
119 59
140 53
138 54
160 21
120 89
139 87
161 84
121 73
142 56
162 88
122 11
143 29
141 33
163 84
123 26
144 98
142 96
164 88
124 80
145 80
143 41
165 78
125 93
146 47
144 72
166 33
126 28
147 84
145 95
167 28
127 79
148 43
146 87
168 33
128 27
149 53
147 26
169 98
129 54
150 63
148 66
170 63
130 96
151 25
149 32
171 53
131 55
152 31
150 41
172 73
132 29
153 53
151 70
173 60
133 20
154 44
152 10
174 96
134 40
155 29
153 86
175 86
135 34
156 84
154 42
176 79
136 62
157 66
155 93
177 15
137 90
158 16
156 84
178 77
138 51
159 49
157 41
179 44
139 100
160 77
158 70
180 33
140 24
159 13
181 26
141 66
162 36
182 77
142 73
163 82
161 13
183 31
143 88
164 49
162 31
184 55
144 84
165 78
163 66
185 20
145 13
166 54
164 11
186 55
146 56
167 37
165 84
187 44
147 63
168 30
166 67
188 54
148 36
169 26
167 73
189 86
149 28
170 88
168 20
190 60
150 84
171 17
169 52
191 53
151 15
172 93
170 47
192 80
152 61
173 21
171 55
193 75
153 21
174 90
172 40
194 19
154 60
175 61
173 92
195 87
155 19
176 30
174 73
196 84
156 83
177 58
175 56
197 88
157 49
178 88
176 24
198 85
158 88
179 66
177 69
199 38
159 61
180 89
178 71
200 92
160 75
179 21
201 72
161 94
182 90
202 97
162 68
183 80
181 57
203 57
163 60
184 14
182 95
204 81
164 31
185 43
183 99
205 15
165 34
186 59
184 96
206 14
166 22
187 37
185 30
207 32
167 27
188 53
186 56
208 71
168 99
189 41
187 72
209 35
169 35
190 97
188 53
210 46
170 23
191 32
189 52
211 35
171 16
192 62
190 80
212 52
172 92
193 56
191 94
213 85
173 22
194 48
192 38
214 39
174 53
195 57
193 21
215 27
175 88
196 55
194 32
216 70
176 41
197 51
195 53
217 69
177 89
198 41
196 47
218 89
178 19
199 34
197 64
219 74
179 26
200 50
198 36
220 33
180 65
199 49
221 15
181 66
202 40
222 49
182 30
203 80
201 28
223 39
183 65
204 12
202 61
224 97
184 77
205 21
203 90
225 71
185 57
206 40
204 38
226 55
186 56
207 34
205 51
227 72
187 73
208 59
206 61
228 60
188 40
209 41
207 34
229 34
189 92
210 47
208 59
230 33
190 18
211 53
209 48
231 53
191 60
212 53
210 83
232 21
192 85
213 14
211 68
233 54
193 27
214 66
212 64
234 23
194 40
215 90
213 79
235 39
195 94
216 59
214 25
236 43
196 73
217 50
215 76
237 44
197 42
218 61
216 33
238 33
198 52
219 13
217 28
239 10
199 18
220 67
218 93
240 43
200 16
219 57
241 38
201 41
222 72
242 22
202 34
223 66
221 71
243 63
203 26
224 61
222 15
244 24
204 72
225 41
223 39
245 75
205 67
226 50
224 52
246 59
206 89
227 17
225 33
247 16
207 74
228 28
226 100
248 36
208 86
229 31
227 13
249 82
209 65
230 47
228 78
250 43
210 80
231 27
229 79
251 22
211 87
232 55
230 83
252 55
212 75
233 73
231 12
253 59
213 48
234 75
232 15
254 66
214 90
235 20
233 97
255 25
215 91
236 47
234 59
256 19
216 40
237 15
235 79
257 11
217 43
238 79
236 72
258 23
218 65
239 23
237 16
259 14
219 83
240 53
238 50
260 12
220 56
239 65
261 35
221 85
242 67
262 86
222 81
243 10
241 27
263 12
223 49
244 99
242 13
264 74
224 100
245 59
243 98
265 66
225 94
246 99
244 100
266 67
226 88
247 63
245 23
267 60
227 49
248 31
246 32
268 94
228 86
249 13
247 69
269 85
229 58
250 26
248 23
270 33
230 32
251 91
249 58
271 43
231 26
252 33
250 59
272 15
232 20
253 100
251 10
273 29
233 71
254 16
252 49
274 52
234 15
255 42
253 24
275 20
235 82
256 15
254 18
276 69
236 92
257 42
255 27
277 11
237 56
258 35
256 95
278 81
238 13
259 36
257 52
279 27
239 27
260 18
258 13
280 43
240 72
259 78
281 40
241 72
262 18
282 37
242 55
263 14
261 26
283 83
243 35
264 27
262 61
284 61
244 10
265 82
263 42
285 52
245 46
266 28
264 25
286 67
246 60
267 90
265 37
287 71
247 82
268 12
266 28
288 87
248 50
269 62
267 62
289 48
249 88
270 45
268 51
290 50
250 22
271 33
269 90
291 98
251 63
272 16
270 62
292 68
252 88
273 90
271 67
293 74
253 94
274 27
272 63
294 94
254 81
275 25
273 21
295 47
255 92
276 91
274 42
296 100
256 73
277 49
275 16
297 86
257 56
278 36
276 74
298 43
258 82
279 30
277 84
299 13
259 50
280 69
278 64
300 52
260 44
279 50
301 90
261 19
282 68
302 24
262 83
283 77
281 24
303 17
263 44
284 59
282 67
304 89
264 80
285 83
283 81
305 12
265 97
286 75
284 43
306 86
266 80
287 50
285 76
307 28
267 49
288 10
286 78
308 44
268 16
289 78
287 49
309 28
269 14
290 98
288 99
310 85
270 15
291 100
289 95
311 72
271 11
292 41
290 33
312 85
272 42
293 56
291 16
313 64
273 12
294 46
292 82
314 89
274 75
295 55
293 22
315 23
275 63
296 91
294 62
316 67
276 53
297 61
295 62
317 71
277 62
298 92
296 75
318 82
278 46
299 20
297 95
319 82
279 15
300 85
298 59
320 91
280 16
299 46
321 20
281 18
302 97
322 27
282 82
303 77
301 30
323 60
283 78
304 75
302 88
324 32
284 24
305 13
303 83
325 65
285 87
306 73
304 18
326 41
286 94
307 17
305 28
327 66
287 92
308 22
306 32
328 80
288 29
309 63
307 62
329 93
289 36
310 71
308 100
330 91
290 30
311 45
309 85
331 11
291 99
312 23
310 35
332 89
292 20
313 72
311 74
333 78
293 86
314 43
312 40
334 59
294 37
315 14
313 99
335 36
295 26
316 91
314 12
336 96
296 65
317 57
315 12
337 87
297 85
318 62
316 68
338 98
298 81
319 26
317 21
339 85
299 25
320 59
318 84
340 63
300 95
319 52
341 37
301 97
322 67
342 36
302 46
323 60
321 48
343 99
303 42
324 55
322 46
344 84
304 55
325 46
323 87
345 43
305 96
326 83
324 58
346 79
306 95
327 69
325 13
347 87
307 41
328 18
326 77
348 85
308 78
329 21
327 35
349 96
309 36
330 55
328 83
350 82
310 81
331 97
329 52
351 55
311 83
332 84
330 12
352 83
312 83
333 76
331 95
353 94
313 10
334 74
332 11
354 27
314 74
335 71
333 56
355 55
315 99
336 35
334 39
356 92
316 12
337 57
335 97
357 96
317 53
338 23
336 62
358 18
318 97
339 36
337 65
359 70
319 10
340 73
338 30
360 60
320 43
339 72
361 39
321 36
342 30
362 75
322 29
343 96
341 81
363 46
323 35
344 79
342 44
364 47
324 47
345 37
343 33
365 86
325 66
346 36
344 97
366 48
326 69
347 56
345 29
367 79
327 67
348 100
346 18
368 10
328 29
349 22
347 69
369 82
329 74
350 90
348 90
370 67
330 21
351 78
349 38
371 78
331 41
352 51
350 92
372 65
332 15
353 37
351 97
373 32
333 68
354 66
352 25
374 13
334 45
355 78
353 35
375 52
335 13
356 66
354 58
376 35
336 44
357 32
355 42
377 76
337 84
358 80
356 66
378 93
338 67
359 99
357 37
379 50
339 17
360 41
358 15
380 83
340 21
359 15
381 46
341 10
362 75
382 24
342 57
363 83
361 76
383 49
343 16
364 69
362 48
384 56
344 36
365 55
363 75
385 78
345 73
366 96
364 51
386 89
346 70
367 73
365 78
387 64
347 73
368 97
366 33
388 33
348 100
369 42
367 10
389 35
349 38
370 27
368 75
390 65
350 43
371 87
369 77
391 98
351 63
372 19
370 76
392 43
352 26
373 93
371 59
393 62
353 81
374 95
372 94
394 44
354 67
375 11
373 96
395 65
355 52
376 63
374 43
396 21
356 43
377 60
375 87
397 63
357 91
378 85
376 66
398 59
358 91
379 76
377 33
399 76
359 81
380 40
378 33
400 92
360 14
379 30
361 100
382 64
362 41
383 100
381 82
363 29
384 43
382 79
364 87
385 55
383 41
365 42
386 19
384 21
366 61
387 80
385 46
367 72
388 91
386 79
368 48
389 48
387 94
369 89
390 31
388 57
370 58
391 59
389 13
371 75
392 12
390 33
372 36
393 86
391 58
373 38
394 53
392 91
374 67
395 24
393 43
375 73
396 15
394 51
376 39
397 51
395 84
377 76
398 12
396 72
378 25
399 72
397 37
379 27
400 78
398 55
380 96
399 68
77
159
3 234 104 77 
2 29 158 
3 173 217 117 
1 349 
3 92 272 359 
1 100 
2 242 325 
1 188 
2 303 366 
1 368 
1 336 
1 9 
2 291 59 
3 38 230 3 
2 123 399 
2 142 395 
3 111 164 265 
3 126 75 203 
2 333 266 
2 161 245 
2 69 80 
2 41 311 
2 125 302 
1 339 
1 281 
2 324 71 
1 215 
2 176 116 
1 130 
1 271 
1 206 
2 174 68 
2 379 216 
1 221 
1 49 
1 256 
1 383 
2 219 87 
1 327 
1 61 
1 295 
1 187 
2 22 313 
2 141 149 
2 122 347 
3 345 15 45 
3 306 207 297 
2 11 353 
2 154 95 
2 119 398 
3 378 268 86 
4 238 387 278 246 
3 55 283 223 
3 46 160 227 
2 44 81 
1 263 
3 300 392 389 
1 96 
1 39 
1 94 
2 381 212 
2 363 396 
3 294 167 66 
3 228 200 115 
1 148 
4 178 186 236 226 
2 30 127 
1 72 
1 139 
2 342 250 
2 273 243 
1 8 
2 355 362 
1 27 
2 14 296 
1 159 
