625 2400 10 100 118
2
3
3
3
3
3
3
3
3
3
3
3
3
3
3
3
3
3
3
3
3
3
3
3
2
3
4
4
4
4
4
4
4
4
4
4
4
4
4
4
4
4
4
4
4
4
4
4
4
3
3
4
4
4
4
4
4
4
4
4
4
4
4
4
4
4
4
4
4
4
4
4
4
4
3
3
4
4
4
4
4
4
4
4
4
4
4
4
4
4
4
4
4
4
4
4
4
4
4
3
3
4
4
4
4
4
4
4
4
4
4
4
4
4
4
4
4
4
4
4
4
4
4
4
3
3
4
4
4
4
4
4
4
4
4
4
4
4
4
4
4
4
4
4
4
4
4
4
4
3
3
4
4
4
4
4
4
4
4
4
4
4
4
4
4
4
4
4
4
4
4
4
4
4
3
3
4
4
4
4
4
4
4
4
4
4
4
4
4
4
4
4
4
4
4
4
4
4
4
3
3
4
4
4
4
4
4
4
4
4
4
4
4
4
4
4
4
4
4
4
4
4
4
4
3
3
4
4
4
4
4
4
4
4
4
4
4
4
4
4
4
4
4
4
4
4
4
4
4
3
3
4
4
4
4
4
4
4
4
4
4
4
4
4
4
4
4
4
4
4
4
4
4
4
3
3
4
4
4
4
4
4
4
4
4
4
4
4
4
4
4
4
4
4
4
4
4
4
4
3
3
4
4
4
4
4
4
4
4
4
4
4
4
4
4
4
4
4
4
4
4
4
4
4
3
3
4
4
4
4
4
4
4
4
4
4
4
4
4
4
4
4
4
4
4
4
4
4
4
3
3
4
4
4
4
4
4
4
4
4
4
4
4
4
4
4
4
4
4
4
4
4
4
4
3
3
4
4
4
4
4
4
4
4
4
4
4
4
4
4
4
4
4
4
4
4
4
4
4
3
3
4
4
4
4
4
4
4
4
4
4
4
4
4
4
4
4
4
4
4
4
4
4
4
3
3
4
4
4
4
4
4
4
4
4
4
4
4
4
4
4
4
4
4
4
4
4
4
4
3
3
4
4
4
4
4
4
4
4
4
4
4
4
4
4
4
4
4
4
4
4
4
4
4
3
3
4
4
4
4
4
4
4
4
4
4
4
4
4
4
4
4
4
4
4
4
4
4
4
3
3
4
4
4
4
4
4
4
4
4
4
4
4
4
4
4
4
4
4
4
4
4
4
4
3
3
4
4
4
4
4
4
4
4
4
4
4
4
4
4
4
4
4
4
4
4
4
4
4
3
3
4
4
4
4
4
4
4
4
4
4
4
4
4
4
4
4
4
4
4
4
4
4
4
3
3
4
4
4
4
4
4
4
4
4
4
4
4
4
4
4
4
4
4
4
4
4
4
4
3
2
3
3
3
3
3
3
3
3
3
3
3
3
3
3
3
3
3
3
3
3
3
3
3
2
26 39
2 29
27 99
3 65
1 85
28 96
4 36
2 61
29 12
5 52
3 47
30 24
6 65
4 94
31 55
7 97
5 62
32 55
8 96
6 25
33 86
9 12
7 19
34 10
10 32
8 40
35 79
11 67
9 30
36 33
12 24
10 96
37 61
13 68
11 85
38 41
14 21
12 50
39 59
15 52
13 43
40 65
16 96
14 28
41 69
17 42
15 83
42 66
18 85
16 94
43 97
19 59
17 84
44 71
20 65
18 17
45 55
21 62
19 45
46 65
22 92
20 71
47 36
23 57
21 11
48 50
24 34
22 79
49 75
25 51
23 10
50 50
24 60
51 98
1 66
27 33
52 72
2 19
28 23
26 15
53 49
3 10
29 39
27 72
54 80
4 28
30 46
28 71
55 64
5 31
31 39
29 72
56 82
6 25
32 33
30 83
57 45
7 44
33 15
31 23
58 70
8 42
34 70
32 40
59 46
9 37
35 73
33 28
60 34
10 48
36 71
34 17
61 25
11 56
37 21
35 23
62 41
12 53
38 21
36 79
63 28
13 94
39 56
37 35
64 100
14 20
40 65
38 95
65 83
15 13
41 66
39 40
66 71
16 91
42 49
40 71
67 79
17 18
43 83
41 54
68 23
18 51
44 27
42 90
69 100
19 33
45 41
43 40
70 69
20 28
46 46
44 91
71 36
21 70
47 40
45 95
72 48
22 50
48 51
46 19
73 63
23 94
49 33
47 45
74 80
24 33
50 50
48 12
75 24
25 78
49 19
76 23
26 47
52 97
77 10
27 15
53 54
51 26
78 47
28 90
54 100
52 64
79 70
29 68
55 57
53 30
80 46
30 87
56 84
54 47
81 100
31 99
57 52
55 20
82 32
32 38
58 82
56 13
83 12
33 21
59 64
57 91
84 70
34 33
60 44
58 84
85 81
35 15
61 94
59 70
86 53
36 94
62 45
60 54
87 83
37 44
63 53
61 55
88 69
38 47
64 19
62 82
89 66
39 73
65 22
63 15
90 47
40 24
66 96
64 83
91 95
41 45
67 32
65 28
92 93
42 74
68 89
66 19
93 30
43 68
69 39
67 83
94 21
44 58
70 33
68 90
95 81
45 62
71 56
69 14
96 85
46 75
72 100
70 27
97 84
47 50
73 30
71 53
98 88
48 35
74 33
72 21
99 82
49 30
75 68
73 91
100 70
50 21
74 28
101 17
51 71
77 49
102 70
52 30
78 95
76 39
103 86
53 40
79 56
77 44
104 19
54 19
80 18
78 41
105 30
55 12
81 90
79 73
106 59
56 50
82 15
80 12
107 19
57 93
83 38
81 52
108 18
58 61
84 97
82 20
109 40
59 38
85 66
83 57
110 42
60 40
86 25
84 57
111 37
61 23
87 54
85 56
112 20
62 75
88 92
86 52
113 51
63 54
89 66
87 45
114 61
64 25
90 45
88 23
115 43
65 39
91 20
89 11
116 33
66 43
92 21
90 23
117 90
67 76
93 73
91 72
118 67
68 86
94 76
92 49
119 68
69 92
95 94
93 23
120 18
70 76
96 40
94 84
121 88
71 54
97 75
95 94
122 65
72 90
98 65
96 13
123 71
73 13
99 46
97 57
124 75
74 53
100 74
98 58
125 57
75 83
99 18
126 33
76 73
102 50
127 48
77 87
103 15
101 46
128 87
78 25
104 63
102 83
129 39
79 20
105 10
103 38
130 23
80 95
106 60
104 47
131 23
81 56
107 38
105 35
132 49
82 59
108 22
106 11
133 73
83 73
109 36
107 48
134 24
84 67
110 71
108 49
135 64
85 78
111 12
109 68
136 76
86 46
112 25
110 41
137 94
87 87
113 86
111 29
138 62
88 35
114 90
112 73
139 51
89 56
115 94
113 43
140 69
90 29
116 43
114 47
141 64
91 50
117 96
115 88
142 11
92 10
118 68
116 43
143 75
93 58
119 44
117 95
144 79
94 47
120 60
118 15
145 58
95 29
121 45
119 20
146 20
96 94
122 74
120 30
147 58
97 10
123 100
121 96
148 93
98 63
124 74
122 35
149 45
99 57
125 94
123 13
150 25
100 95
124 56
151 89
101 29
127 94
152 86
102 81
128 82
126 73
153 46
103 95
129 82
127 34
154 73
104 61
130 19
128 24
155 98
105 77
131 50
129 73
156 44
106 31
132 18
130 14
157 68
107 69
133 66
131 80
158 28
108 20
134 20
132 97
159 31
109 52
135 19
133 63
160 19
110 35
136 94
134 86
161 88
111 69
137 90
135 54
162 84
112 52
138 42
136 91
163 33
113 88
139 83
137 86
164 17
114 58
140 34
138 69
165 42
115 89
141 58
139 11
166 96
116 67
142 11
140 91
167 11
117 59
143 79
141 28
168 11
118 83
144 81
142 75
169 96
119 50
145 70
143 62
170 25
120 81
146 73
144 99
171 49
121 53
147 49
145 78
172 52
122 58
148 51
146 17
173 29
123 21
149 26
147 61
174 60
124 58
150 85
148 96
175 80
125 13
149 100
176 76
126 19
152 21
177 13
127 71
153 40
151 33
178 33
128 45
154 75
152 38
179 95
129 84
155 45
153 91
180 37
130 33
156 66
154 17
181 89
131 70
157 65
155 86
182 90
132 80
158 98
156 94
183 41
133 49
159 27
157 58
184 77
134 99
160 65
158 11
185 33
135 98
161 19
159 61
186 53
136 67
162 21
160 37
187 50
137 39
163 11
161 49
188 12
138 95
164 27
162 62
189 56
139 43
165 84
163 94
190 92
140 82
166 18
164 51
191 35
141 15
167 16
165 39
192 38
142 98
168 29
166 44
193 81
143 31
169 44
167 36
194 63
144 38
170 52
168 43
195 56
145 71
171 88
169 25
196 84
146 30
172 21
170 50
197 89
147 41
173 26
171 61
198 30
148 27
174 40
172 90
199 90
149 76
175 13
173 85
200 25
150 95
174 15
201 96
151 46
177 38
202 23
152 84
178 81
176 88
203 12
153 57
179 48
177 18
204 90
154 94
180 96
178 87
205 55
155 32
181 39
179 46
206 84
156 58
182 95
180 71
207 17
157 89
183 60
181 58
208 10
158 58
184 77
182 84
209 49
159 27
185 80
183 41
210 55
160 11
186 94
184 41
211 78
161 39
187 84
185 87
212 50
162 81
188 26
186 62
213 72
163 93
189 32
187 92
214 60
164 57
190 85
188 44
215 45
165 95
191 92
189 36
216 69
166 20
192 42
190 96
217 95
167 47
193 68
191 92
218 50
168 97
194 96
192 86
219 78
169 58
195 97
193 25
220 66
170 47
196 95
194 39
221 75
171 32
197 36
195 62
222 61
172 28
198 39
196 27
223 85
173 36
199 99
197 33
224 68
174 78
200 31
198 76
225 18
175 17
199 53
226 84
176 90
202 14
227 73
177 32
203 51
201 15
228 87
178 78
204 11
202 63
229 84
179 60
205 43
203 54
230 89
180 26
206 50
204 26
231 70
181 11
207 39
205 58
232 33
182 51
208 23
206 83
233 64
183 65
209 51
207 76
234 66
184 95
210 36
208 69
235 75
185 91
211 16
209 41
236 67
186 44
212 74
210 72
237 50
187 73
213 40
211 33
238 82
188 84
214 71
212 47
239 93
189 32
215 85
213 50
240 84
190 31
216 94
214 56
241 45
191 36
217 18
215 11
242 88
192 88
218 58
216 26
243 54
193 79
219 42
217 18
244 88
194 69
220 73
218 87
245 33
195 64
221 38
219 69
246 78
196 88
222 69
220 69
247 90
197 70
223 25
221 66
248 75
198 28
224 64
222 49
249 26
199 42
225 22
223 72
250 88
200 93
224 66
251 62
201 77
227 63
252 71
202 53
228 69
226 29
253 74
203 68
229 37
227 85
254 80
204 26
230 99
228 10
255 35
205 78
231 39
229 19
256 53
206 85
232 62
230 42
257 24
207 51
233 62
231 95
258 32
208 63
234 39
232 61
259 96
209 86
235 52
233 54
260 12
210 87
236 71
234 88
261 32
211 55
237 84
235 31
262 62
212 54
238 19
236 61
263 12
213 36
239 62
237 98
264 43
214 79
240 38
238 84
265 18
215 33
241 39
239 49
266 90
216 57
242 61
240 81
267 43
217 90
243 53
241 26
268 90
218 98
244 46
242 71
269 51
219 71
245 11
243 58
270 25
220 56
246 73
244 31
271 52
221 32
247 49
245 62
272 42
222 59
248 52
246 78
273 43
223 31
249 67
247 33
274 12
224 16
250 45
248 27
275 40
225 38
249 75
276 20
226 59
252 23
277 46
227 72
253 62
251 16
278 56
228 96
254 39
252 45
279 73
229 80
255 69
253 77
280 77
230 41
256 12
254 28
281 63
231 46
257 82
255 100
282 84
232 95
258 68
256 78
283 78
233 81
259 20
257 73
284 50
234 73
260 56
258 71
285 16
235 56
261 33
259 69
286 88
236 25
262 17
260 20
287 97
237 38
263 48
261 46
288 74
238 35
264 69
262 90
289 13
239 62
265 58
263 10
290 71
240 99
266 58
264 21
291 94
241 60
267 56
265 64
292 52
242 10
268 20
266 83
293 79
243 42
269 59
267 13
294 41
244 87
270 30
268 43
295 65
245 22
271 60
269 26
296 57
246 72
272 35
270 39
297 15
247 91
273 59
271 68
298 56
248 52
274 63
272 78
299 77
249 59
275 52
273 80
300 26
250 18
274 38
301 54
251 40
277 56
302 77
252 79
278 16
276 16
303 59
253 45
279 93
277 52
304 36
254 38
280 36
278 73
305 90
255 27
281 48
279 18
306 48
256 25
282 45
280 88
307 30
257 42
283 95
281 94
308 75
258 62
284 96
282 13
309 20
259 41
285 45
283 89
310 42
260 52
286 10
284 87
311 40
261 56
287 75
285 67
312 12
262 42
288 37
286 12
313 57
263 41
289 37
287 96
314 13
264 36
290 40
288 47
315 69
265 17
291 57
289 68
316 11
266 93
292 98
290 82
317 33
267 52
293 37
291 49
318 82
268 63
294 94
292 88
319 45
269 39
295 28
293 64
320 37
270 42
296 10
294 83
321 15
271 25
297 33
295 25
322 19
272 48
298 97
296 83
323 77
273 65
299 60
297 45
324 92
274 49
300 13
298 60
325 84
275 94
299 70
326 41
276 24
302 63
327 19
277 12
303 87
301 73
328 33
278 25
304 100
302 40
329 21
279 54
305 61
303 55
330 75
280 60
306 17
304 31
331 41
281 74
307 37
305 54
332 97
282 49
308 47
306 65
333 13
283 65
309 79
307 21
334 16
284 14
310 71
308 96
335 42
285 15
311 30
309 31
336 41
286 62
312 85
310 26
337 92
287 19
313 80
311 59
338 17
288 76
314 44
312 94
339 87
289 59
315 88
313 40
340 69
290 48
316 74
314 62
341 27
291 88
317 68
315 20
342 60
292 61
318 11
316 55
343 34
293 47
319 32
317 16
344 69
294 21
320 80
318 43
345 19
295 24
321 62
319 63
346 48
296 40
322 13
320 14
347 71
297 33
323 58
321 61
348 68
298 89
324 46
322 100
349 62
299 89
325 42
323 41
350 14
300 19
324 28
351 27
301 23
327 99
352 47
302 25
328 86
326 79
353 30
303 19
329 60
327 35
354 36
304 12
330 32
328 50
355 57
305 84
331 43
329 11
356 41
306 87
332 24
330 15
357 85
307 97
333 23
331 98
358 89
308 74
334 37
332 57
359 10
309 45
335 14
333 70
360 48
310 68
336 54
334 85
361 69
311 86
337 11
335 49
362 38
312 89
338 49
336 21
363 11
313 51
339 53
337 34
364 77
314 22
340 49
338 21
365 99
315 28
341 100
339 67
366 22
316 71
342 83
340 14
367 24
317 76
343 80
341 25
368 55
318 29
344 11
342 11
369 14
319 71
345 40
343 81
370 18
320 75
346 19
344 59
371 53
321 71
347 72
345 96
372 63
322 91
348 97
346 80
373 70
323 64
349 11
347 22
374 17
324 55
350 45
348 95
375 84
325 31
349 43
376 75
326 46
352 40
377 33
327 95
353 53
351 60
378 69
328 83
354 63
352 49
379 42
329 27
355 12
353 89
380 57
330 95
356 24
354 52
381 79
331 47
357 52
355 10
382 60
332 17
358 52
356 74
383 41
333 84
359 55
357 83
384 87
334 46
360 39
358 18
385 57
335 53
361 66
359 11
386 52
336 94
362 98
360 16
387 74
337 82
363 91
361 37
388 18
338 26
364 64
362 14
389 40
339 96
365 42
363 41
390 83
340 70
366 31
364 29
391 59
341 83
367 23
365 21
392 37
342 67
368 32
366 25
393 96
343 71
369 20
367 68
394 22
344 11
370 94
368 57
395 82
345 70
371 21
369 32
396 90
346 14
372 76
370 80
397 16
347 10
373 65
371 36
398 91
348 88
374 58
372 11
399 29
349 78
375 29
373 90
400 21
350 84
374 38
401 10
351 82
377 72
402 24
352 79
378 68
376 89
403 26
353 80
379 69
377 78
404 84
354 39
380 17
378 41
405 63
355 82
381 25
379 37
406 100
356 48
382 10
380 33
407 44
357 47
383 64
381 77
408 70
358 64
384 77
382 32
409 64
359 42
385 91
383 72
410 70
360 94
386 27
384 25
411 93
361 95
387 68
385 58
412 81
362 89
388 98
386 99
413 29
363 78
389 52
387 28
414 92
364 23
390 43
388 40
415 92
365 45
391 52
389 32
416 36
366 88
392 32
390 25
417 81
367 80
393 78
391 27
418 66
368 59
394 51
392 91
419 50
369 16
395 52
393 42
420 29
370 49
396 85
394 59
421 73
371 28
397 29
395 50
422 33
372 52
398 55
396 20
423 46
373 54
399 41
397 25
424 86
374 51
400 100
398 19
425 100
375 58
399 22
426 100
376 63
402 10
427 65
377 75
403 13
401 42
428 60
378 95
404 11
402 51
429 75
379 30
405 38
403 76
430 54
380 65
406 97
404 24
431 63
381 71
407 36
405 38
432 11
382 21
408 36
406 34
433 73
383 61
409 36
407 38
434 80
384 62
410 28
408 96
435 90
385 69
411 50
409 73
436 48
386 70
412 53
410 97
437 44
387 68
413 68
411 29
438 47
388 89
414 40
412 76
439 86
389 17
415 48
413 84
440 69
390 77
416 29
414 23
441 14
391 31
417 47
415 73
442 51
392 65
418 81
416 47
443 81
393 72
419 23
417 88
444 50
394 78
420 16
418 69
445 59
395 45
421 39
419 50
446 66
396 19
422 39
420 23
447 40
397 12
423 27
421 68
448 55
398 95
424 89
422 21
449 91
399 22
425 56
423 50
450 97
400 91
424 92
451 73
401 34
427 16
452 67
402 12
428 61
426 40
453 35
403 15
429 23
427 97
454 10
404 33
430 54
428 83
455 39
405 80
431 56
429 41
456 86
406 13
432 28
430 56
457 41
407 62
433 57
431 18
458 56
408 76
434 40
432 36
459 24
409 75
435 13
433 69
460 82
410 36
436 38
434 26
461 35
411 15
437 40
435 15
462 24
412 100
438 18
436 28
463 88
413 33
439 83
437 65
464 85
414 32
440 13
438 89
465 23
415 28
441 90
439 30
466 26
416 83
442 88
440 96
467 66
417 75
443 90
441 66
468 14
418 100
444 33
442 15
469 38
419 66
445 100
443 28
470 29
420 70
446 25
444 67
471 74
421 48
447 97
445 39
472 57
422 82
448 53
446 82
473 66
423 55
449 13
447 76
474 62
424 27
450 73
448 60
475 28
425 77
449 37
476 92
426 94
452 80
477 94
427 35
453 58
451 60
478 50
428 87
454 57
452 44
479 46
429 28
455 83
453 60
480 26
430 11
456 29
454 70
481 57
431 73
457 55
455 75
482 12
432 16
458 43
456 98
483 93
433 69
459 52
457 39
484 69
434 94
460 92
458 23
485 12
435 13
461 44
459 45
486 37
436 23
462 53
460 46
487 96
437 52
463 37
461 64
488 14
438 42
464 35
462 38
489 47
439 95
465 46
463 61
490 41
440 21
466 89
464 73
491 46
441 83
467 31
465 14
492 87
442 14
468 28
466 46
493 82
443 28
469 95
467 36
494 17
444 92
470 28
468 37
495 39
445 77
471 26
469 39
496 33
446 54
472 26
470 26
497 43
447 45
473 88
471 21
498 16
448 96
474 79
472 98
499 18
449 60
475 23
473 68
500 64
450 12
474 64
501 63
451 58
477 20
502 56
452 95
478 85
476 23
503 62
453 53
479 97
477 35
504 23
454 90
480 57
478 56
505 64
455 59
481 25
479 26
506 42
456 64
482 22
480 30
507 92
457 17
483 44
481 14
508 13
458 30
484 90
482 32
509 44
459 77
485 65
483 95
510 17
460 87
486 16
484 57
511 23
461 100
487 68
485 91
512 27
462 53
488 64
486 74
513 33
463 34
489 56
487 37
514 23
464 64
490 61
488 66
515 54
465 98
491 87
489 55
516 44
466 40
492 15
490 19
517 76
467 68
493 20
491 28
518 15
468 20
494 99
492 31
519 43
469 88
495 83
493 42
520 22
470 89
496 83
494 65
521 17
471 60
497 60
495 83
522 100
472 99
498 74
496 59
523 41
473 67
499 37
497 48
524 91
474 39
500 38
498 68
525 29
475 100
499 20
526 76
476 86
502 92
527 16
477 15
503 33
501 70
528 100
478 15
504 64
502 28
529 40
479 70
505 11
503 68
530 17
480 88
506 100
504 68
531 54
481 59
507 98
505 71
532 85
482 57
508 88
506 15
533 44
483 88
509 75
507 10
534 93
484 73
510 76
508 45
535 87
485 95
511 24
509 68
536 61
486 96
512 15
510 63
537 75
487 65
513 87
511 40
538 44
488 63
514 82
512 19
539 39
489 70
515 26
513 31
540 33
490 31
516 12
514 37
541 46
491 59
517 25
515 14
542 97
492 87
518 69
516 35
543 25
493 63
519 24
517 14
544 83
494 96
520 25
518 59
545 61
495 23
521 94
519 70
546 100
496 76
522 80
520 86
547 24
497 100
523 97
521 25
548 59
498 44
524 23
522 23
549 64
499 15
525 72
523 30
550 78
500 77
524 14
551 62
501 52
527 87
552 54
502 64
528 62
526 52
553 88
503 38
529 81
527 77
554 33
504 99
530 48
528 54
555 88
505 66
531 18
529 94
556 17
506 83
532 56
530 29
557 82
507 42
533 92
531 63
558 49
508 40
534 52
532 84
559 49
509 38
535 46
533 34
560 93
510 32
536 35
534 31
561 13
511 69
537 44
535 82
562 23
512 49
538 17
536 76
563 43
513 41
539 12
537 83
564 92
514 40
540 97
538 71
565 75
515 73
541 71
539 84
566 84
516 49
542 19
540 38
567 64
517 49
543 59
541 56
568 10
518 54
544 18
542 49
569 79
519 95
545 61
543 12
570 88
520 88
546 73
544 13
571 13
521 60
547 85
545 85
572 62
522 95
548 52
546 63
573 91
523 100
549 41
547 94
574 13
524 81
550 60
548 55
575 74
525 52
549 43
576 44
526 46
552 13
577 17
527 23
553 90
551 61
578 80
528 30
554 19
552 39
579 60
529 92
555 55
553 42
580 62
530 88
556 51
554 22
581 13
531 51
557 58
555 86
582 58
532 67
558 89
556 47
583 34
533 88
559 23
557 58
584 38
534 56
560 20
558 70
585 47
535 21
561 73
559 55
586 92
536 31
562 31
560 93
587 14
537 61
563 56
561 22
588 76
538 54
564 19
562 56
589 50
539 55
565 51
563 33
590 36
540 26
566 28
564 50
591 40
541 82
567 84
565 13
592 68
542 50
568 56
566 15
593 69
543 19
569 52
567 74
594 90
544 72
570 60
568 16
595 12
545 17
571 17
569 75
596 10
546 83
572 63
570 40
597 18
547 76
573 53
571 37
598 64
548 65
574 72
572 86
599 31
549 21
575 63
573 59
600 24
550 45
574 53
601 41
551 54
577 61
602 93
552 68
578 98
576 19
603 99
553 20
579 82
577 53
604 10
554 66
580 85
578 66
605 59
555 12
581 36
579 18
606 67
556 63
582 62
580 62
607 77
557 97
583 71
581 91
608 89
558 38
584 33
582 36
609 80
559 12
585 51
583 57
610 75
560 91
586 57
584 20
611 91
561 81
587 19
585 100
612 11
562 43
588 39
586 29
613 78
563 72
589 45
587 84
614 16
564 81
590 70
588 82
615 54
565 25
591 52
589 21
616 74
566 59
592 42
590 84
617 27
567 90
593 91
591 79
618 50
568 96
594 15
592 69
619 21
569 55
595 98
593 81
620 77
570 95
596 68
594 46
621 70
571 15
597 69
595 56
622 69
572 57
598 14
596 80
623 21
573 46
599 45
597 85
624 70
574 16
600 63
598 15
625 36
575 76
599 82
576 83
602 68
577 81
603 97
601 71
578 93
604 60
602 18
579 90
605 61
603 58
580 26
606 90
604 56
581 99
607 69
605 97
582 47
608 71
606 81
583 19
609 46
607 12
584 66
610 29
608 100
585 42
611 25
609 39
586 17
612 23
610 46
587 54
613 90
611 59
588 69
614 37
612 95
589 69
615 28
613 55
590 22
616 83
614 95
591 34
617 88
615 39
592 60
618 83
616 90
593 81
619 15
617 27
594 73
620 83
618 73
595 100
621 52
619 56
596 76
622 75
620 43
597 54
623 56
621 45
598 70
624 26
622 58
599 47
625 31
623 57
600 30
624 98
271
240
1 271 
4 47 604 69 487 
1 2 
1 580 
2 182 307 
2 419 346 
3 624 458 597 
2 228 332 
3 469 547 148 
1 122 
1 499 
3 4 541 565 
2 518 98 
1 141 
2 559 7 
1 58 
1 555 
2 216 24 
2 615 123 
2 414 625 
1 232 
3 6 459 60 
5 258 185 520 39 169 
2 622 302 
4 607 82 137 363 
2 338 76 
2 275 206 
2 111 266 
1 566 
3 516 118 396 
1 574 
1 356 
2 156 188 
2 310 337 
2 563 617 
2 329 32 
1 387 
2 144 274 
3 194 351 392 
2 376 5 
1 371 
1 124 
2 224 222 
3 289 151 316 
2 427 49 
1 333 
2 301 247 
1 325 
2 613 418 
1 261 
3 492 399 195 
1 71 
2 485 470 
1 236 
2 244 560 
3 514 41 623 
3 256 89 154 
2 83 241 
2 377 55 
1 420 
1 522 
4 312 410 250 578 
2 254 610 
3 612 334 584 
3 44 359 88 
1 233 
1 456 
1 105 
2 495 449 
3 203 473 95 
2 444 230 
1 94 
2 416 561 
2 238 362 
2 451 344 
1 369 
2 288 502 
1 92 
2 531 48 
2 554 598 
2 484 415 
2 340 481 
2 483 171 
1 477 
2 214 507 
2 213 251 
1 290 
2 135 528 
2 12 202 
2 8 128 
2 46 30 
1 600 
3 78 421 496 
1 65 
1 446 
1 542 
1 43 
1 131 
2 75 335 
3 534 16 595 
2 108 162 
4 165 621 454 239 
2 106 34 
1 402 
2 328 282 
1 21 
1 368 
1 96 
1 190 
1 532 
3 64 540 486 
2 140 318 
1 404 
1 526 
1 147 
2 570 375 
2 350 311 
2 51 240 
