400 1520 10 100 76
2
3
3
3
3
3
3
3
3
3
3
3
3
3
3
3
3
3
3
2
3
4
4
4
4
4
4
4
4
4
4
4
4
4
4
4
4
4
4
3
3
4
4
4
4
4
4
4
4
4
4
4
4
4
4
4
4
4
4
3
3
4
4
4
4
4
4
4
4
4
4
4
4
4
4
4
4
4
4
3
3
4
4
4
4
4
4
4
4
4
4
4
4
4
4
4
4
4
4
3
3
4
4
4
4
4
4
4
4
4
4
4
4
4
4
4
4
4
4
3
3
4
4
4
4
4
4
4
4
4
4
4
4
4
4
4
4
4
4
3
3
4
4
4
4
4
4
4
4
4
4
4
4
4
4
4
4
4
4
3
3
4
4
4
4
4
4
4
4
4
4
4
4
4
4
4
4
4
4
3
3
4
4
4
4
4
4
4
4
4
4
4
4
4
4
4
4
4
4
3
3
4
4
4
4
4
4
4
4
4
4
4
4
4
4
4
4
4
4
3
3
4
4
4
4
4
4
4
4
4
4
4
4
4
4
4
4
4
4
3
3
4
4
4
4
4
4
4
4
4
4
4
4
4
4
4
4
4
4
3
3
4
4
4
4
4
4
4
4
4
4
4
4
4
4
4
4
4
4
3
3
4
4
4
4
4
4
4
4
4
4
4
4
4
4
4
4
4
4
3
3
4
4
4
4
4
4
4
4
4
4
4
4
4
4
4
4
4
4
3
3
4
4
4
4
4
4
4
4
4
4
4
4
4
4
4
4
4
4
3
3
4
4
4
4
4
4
4
4
4
4
4
4
4
4
4
4
4
4
3
3
4
4
4
4
4
4
4
4
4
4
4
4
4
4
4
4
4
4
3
2
3
3
3
3
3
3
3
3
3
3
3
3
3
3
3
3
3
3
2
21 83
2 29
22 29
3 71
1 54
23 80
4 74
2 49
24 27
5 92
3 26
25 86
6 27
4 58
26 28
7 38
5 76
27 10
8 58
6 13
28 58
9 34
7 97
29 48
10 19
8 87
30 25
11 98
9 97
31 95
12 44
10 77
32 45
13 28
11 24
33 79
14 28
12 77
34 35
15 49
13 99
35 89
16 30
14 66
36 52
17 38
15 70
37 51
18 25
16 80
38 16
19 32
17 33
39 83
20 76
18 32
40 57
19 49
41 35
1 61
22 89
42 74
2 89
23 78
21 66
43 44
3 76
24 71
22 64
44 53
4 22
25 80
23 92
45 99
5 49
26 65
24 65
46 39
6 58
27 33
25 43
47 23
7 14
28 87
26 69
48 42
8 10
29 53
27 94
49 59
9 17
30 59
28 65
50 60
10 74
31 34
29 27
51 75
11 14
32 33
30 26
52 67
12 12
33 28
31 23
53 28
13 22
34 67
32 72
54 11
14 98
35 22
33 71
55 96
15 75
36 91
34 80
56 41
16 78
37 87
35 23
57 16
17 28
38 64
36 40
58 39
18 46
39 43
37 64
59 64
19 15
40 21
38 80
60 52
20 43
39 10
61 82
21 67
42 62
62 37
22 56
43 38
41 11
63 55
23 16
44 54
42 16
64 97
24 42
45 70
43 77
65 21
25 67
46 73
44 66
66 35
26 99
47 19
45 20
67 68
27 44
48 42
46 10
68 11
28 69
49 79
47 80
69 55
29 65
50 71
48 35
70 64
30 60
51 94
49 18
71 64
31 83
52 42
50 27
72 81
32 44
53 65
51 47
73 23
33 78
54 34
52 90
74 50
34 85
55 13
53 81
75 69
35 51
56 77
54 57
76 37
36 33
57 100
55 33
77 95
37 64
58 24
56 96
78 37
38 10
59 16
57 50
79 86
39 77
60 17
58 21
80 26
40 93
59 34
81 36
41 40
62 37
82 28
42 52
63 20
61 73
83 43
43 18
64 90
62 53
84 34
44 48
65 19
63 54
85 32
45 63
66 13
64 100
86 29
46 31
67 15
65 22
87 60
47 48
68 36
66 80
88 23
48 91
69 92
67 27
89 93
49 85
70 14
68 40
90 54
50 32
71 37
69 43
91 42
51 79
72 81
70 61
92 37
52 53
73 55
71 46
93 60
53 91
74 87
72 64
94 71
54 93
75 81
73 30
95 10
55 80
76 36
74 43
96 97
56 21
77 99
75 38
97 56
57 32
78 33
76 85
98 52
58 98
79 27
77 77
99 42
59 100
80 81
78 30
100 47
60 100
79 99
101 61
61 63
82 75
102 73
62 54
83 58
81 50
103 50
63 78
84 21
82 74
104 55
64 11
85 50
83 66
105 19
65 57
86 50
84 11
106 42
66 41
87 39
85 83
107 69
67 29
88 60
86 83
108 84
68 16
89 85
87 74
109 25
69 94
90 42
88 73
110 93
70 55
91 15
89 65
111 25
71 37
92 16
90 81
112 66
72 46
93 81
91 82
113 46
73 21
94 41
92 67
114 10
74 63
95 90
93 99
115 99
75 79
96 45
94 21
116 67
76 29
97 68
95 90
117 86
77 18
98 29
96 26
118 38
78 61
99 27
97 95
119 66
79 10
100 23
98 57
120 66
80 32
99 21
121 63
81 19
102 23
122 37
82 92
103 67
101 46
123 47
83 34
104 20
102 48
124 65
84 74
105 27
103 59
125 63
85 10
106 56
104 49
126 13
86 38
107 84
105 28
127 70
87 99
108 76
106 20
128 31
88 69
109 14
107 57
129 27
89 37
110 60
108 89
130 15
90 16
111 34
109 51
131 58
91 48
112 10
110 99
132 95
92 33
113 68
111 48
133 20
93 61
114 24
112 22
134 90
94 60
115 51
113 17
135 65
95 24
116 51
114 15
136 50
96 58
117 21
115 81
137 91
97 43
118 70
116 58
138 82
98 79
119 19
117 29
139 25
99 98
120 41
118 82
140 15
100 64
119 60
141 74
101 29
122 98
142 82
102 73
123 84
121 88
143 91
103 92
124 79
122 87
144 38
104 11
125 22
123 42
145 98
105 32
126 64
124 67
146 92
106 83
127 56
125 39
147 89
107 33
128 85
126 57
148 46
108 79
129 43
127 26
149 17
109 88
130 77
128 68
150 79
110 43
131 22
129 26
151 96
111 71
132 68
130 66
152 89
112 49
133 16
131 74
153 25
113 67
134 19
132 77
154 33
114 25
135 63
133 96
155 83
115 26
136 62
134 83
156 53
116 72
137 23
135 44
157 10
117 15
138 54
136 90
158 29
118 88
139 31
137 59
159 63
119 99
140 63
138 22
160 12
120 84
139 90
161 99
121 53
142 29
162 43
122 100
143 88
141 97
163 71
123 78
144 64
142 15
164 50
124 51
145 91
143 94
165 44
125 91
146 95
144 86
166 34
126 62
147 12
145 28
167 15
127 76
148 78
146 20
168 39
128 20
149 12
147 50
169 44
129 92
150 21
148 74
170 75
130 63
151 21
149 20
171 62
131 78
152 40
150 91
172 36
132 14
153 36
151 87
173 83
133 47
154 10
152 48
174 24
134 84
155 20
153 19
175 16
135 56
156 72
154 47
176 99
136 99
157 44
155 76
177 27
137 16
158 67
156 91
178 71
138 29
159 100
157 74
179 28
139 57
160 19
158 72
180 89
140 75
159 19
181 42
141 18
162 77
182 32
142 39
163 65
161 84
183 52
143 13
164 12
162 81
184 85
144 80
165 87
163 60
185 94
145 87
166 93
164 30
186 85
146 27
167 95
165 57
187 25
147 39
168 43
166 33
188 76
148 60
169 15
167 100
189 52
149 90
170 43
168 100
190 14
150 46
171 100
169 93
191 23
151 18
172 100
170 95
192 61
152 62
173 65
171 76
193 86
153 25
174 12
172 13
194 43
154 55
175 67
173 42
195 86
155 51
176 43
174 70
196 82
156 91
177 40
175 17
197 34
157 17
178 19
176 33
198 58
158 87
179 62
177 35
199 62
159 78
180 32
178 74
200 78
160 55
179 59
201 59
161 80
182 100
202 12
162 58
183 59
181 42
203 80
163 37
184 77
182 55
204 51
164 90
185 96
183 56
205 26
165 57
186 71
184 67
206 70
166 54
187 56
185 57
207 56
167 61
188 43
186 42
208 63
168 17
189 74
187 91
209 88
169 11
190 37
188 31
210 44
170 78
191 90
189 69
211 50
171 46
192 80
190 90
212 31
172 24
193 90
191 16
213 60
173 55
194 60
192 69
214 52
174 15
195 55
193 91
215 52
175 88
196 14
194 100
216 55
176 69
197 100
195 21
217 71
177 15
198 67
196 63
218 66
178 62
199 94
197 33
219 64
179 66
200 19
198 81
220 91
180 77
199 50
221 34
181 97
202 34
222 44
182 95
203 10
201 80
223 52
183 69
204 46
202 64
224 80
184 25
205 18
203 93
225 94
185 51
206 67
204 96
226 56
186 43
207 58
205 72
227 96
187 35
208 13
206 58
228 61
188 70
209 12
207 39
229 19
189 15
210 96
208 73
230 21
190 10
211 64
209 80
231 53
191 82
212 61
210 58
232 30
192 90
213 39
211 70
233 19
193 86
214 95
212 35
234 75
194 69
215 47
213 10
235 12
195 17
216 13
214 22
236 96
196 41
217 57
215 29
237 13
197 45
218 77
216 17
238 53
198 10
219 83
217 47
239 53
199 93
220 28
218 42
240 76
200 68
219 82
241 96
201 19
222 53
242 59
202 83
223 12
221 14
243 81
203 70
224 30
222 90
244 46
204 53
225 93
223 54
245 65
205 99
226 76
224 70
246 87
206 85
227 68
225 93
247 95
207 94
228 69
226 66
248 30
208 77
229 73
227 72
249 53
209 21
230 78
228 68
250 19
210 81
231 13
229 80
251 93
211 93
232 57
230 13
252 56
212 76
233 38
231 95
253 84
213 48
234 24
232 98
254 83
214 60
235 46
233 32
255 26
215 79
236 28
234 57
256 51
216 83
237 89
235 34
257 71
217 28
238 66
236 64
258 44
218 62
239 61
237 16
259 20
219 43
240 39
238 17
260 94
220 99
239 38
261 47
221 97
242 48
262 88
222 64
243 11
241 34
263 66
223 30
244 54
242 49
264 45
224 49
245 55
243 23
265 54
225 48
246 59
244 16
266 35
226 20
247 73
245 79
267 42
227 30
248 25
246 62
268 69
228 29
249 96
247 39
269 50
229 49
250 31
248 57
270 79
230 97
251 72
249 95
271 17
231 100
252 93
250 10
272 28
232 73
253 10
251 55
273 77
233 22
254 15
252 20
274 11
234 25
255 64
253 96
275 61
235 71
256 11
254 77
276 71
236 81
257 85
255 41
277 85
237 55
258 24
256 95
278 70
238 27
259 36
257 66
279 88
239 46
260 52
258 12
280 64
240 41
259 28
281 33
241 25
262 23
282 76
242 51
263 91
261 52
283 38
243 45
264 73
262 41
284 38
244 41
265 76
263 62
285 78
245 54
266 10
264 23
286 32
246 50
267 19
265 26
287 16
247 27
268 98
266 58
288 89
248 78
269 97
267 87
289 28
249 66
270 45
268 78
290 71
250 57
271 22
269 53
291 85
251 26
272 45
270 59
292 85
252 47
273 67
271 80
293 53
253 71
274 24
272 42
294 63
254 10
275 74
273 60
295 78
255 68
276 16
274 56
296 100
256 86
277 99
275 64
297 80
257 74
278 12
276 57
298 76
258 91
279 82
277 51
299 86
259 97
280 36
278 59
300 53
260 69
279 83
301 54
261 42
282 66
302 22
262 41
283 51
281 72
303 100
263 62
284 19
282 71
304 38
264 14
285 11
283 80
305 90
265 77
286 88
284 68
306 83
266 86
287 26
285 61
307 90
267 49
288 46
286 74
308 95
268 86
289 51
287 14
309 29
269 99
290 96
288 64
310 100
270 65
291 72
289 10
311 99
271 21
292 52
290 87
312 56
272 51
293 42
291 60
313 60
273 53
294 75
292 72
314 35
274 86
295 74
293 81
315 28
275 36
296 61
294 55
316 64
276 53
297 41
295 96
317 88
277 44
298 77
296 13
318 72
278 100
299 58
297 71
319 41
279 46
300 26
298 79
320 90
280 71
299 38
321 21
281 28
302 93
322 88
282 69
303 87
301 93
323 49
283 22
304 43
302 93
324 76
284 39
305 92
303 54
325 63
285 13
306 67
304 51
326 23
286 55
307 29
305 30
327 48
287 40
308 58
306 61
328 74
288 98
309 36
307 16
329 55
289 95
310 13
308 16
330 73
290 25
311 79
309 45
331 62
291 28
312 69
310 21
332 45
292 60
313 12
311 54
333 76
293 78
314 98
312 47
334 59
294 29
315 88
313 69
335 84
295 55
316 38
314 70
336 28
296 43
317 90
315 17
337 56
297 27
318 83
316 98
338 17
298 26
319 71
317 33
339 65
299 11
320 99
318 98
340 46
300 89
319 30
341 74
301 69
322 34
342 12
302 77
323 23
321 22
343 70
303 97
324 51
322 14
344 77
304 11
325 18
323 96
345 50
305 28
326 47
324 61
346 35
306 48
327 22
325 91
347 66
307 30
328 99
326 55
348 41
308 23
329 72
327 18
349 51
309 38
330 73
328 17
350 21
310 33
331 100
329 75
351 92
311 23
332 46
330 78
352 45
312 71
333 63
331 62
353 39
313 46
334 24
332 38
354 81
314 53
335 62
333 77
355 16
315 36
336 17
334 15
356 89
316 84
337 11
335 91
357 22
317 78
338 21
336 79
358 67
318 31
339 13
337 75
359 96
319 81
340 30
338 71
360 93
320 88
339 29
361 69
321 90
342 60
362 65
322 53
343 30
341 43
363 20
323 75
344 40
342 95
364 64
324 10
345 67
343 56
365 94
325 72
346 25
344 75
366 76
326 13
347 70
345 99
367 23
327 19
348 53
346 34
368 57
328 60
349 34
347 56
369 51
329 17
350 80
348 35
370 47
330 24
351 94
349 92
371 47
331 80
352 84
350 50
372 74
332 47
353 85
351 75
373 89
333 81
354 99
352 36
374 16
334 21
355 82
353 14
375 19
335 81
356 96
354 29
376 12
336 95
357 81
355 61
377 64
337 12
358 53
356 75
378 36
338 73
359 73
357 93
379 72
339 75
360 81
358 52
380 10
340 33
359 55
381 67
341 90
362 79
382 34
342 10
363 24
361 44
383 92
343 12
364 50
362 31
384 52
344 58
365 48
363 90
385 43
345 82
366 79
364 77
386 41
346 14
367 89
365 41
387 88
347 64
368 59
366 56
388 70
348 54
369 22
367 40
389 58
349 74
370 17
368 20
390 21
350 45
371 83
369 17
391 18
351 98
372 83
370 37
392 86
352 30
373 21
371 16
393 89
353 57
374 82
372 96
394 48
354 13
375 48
373 28
395 48
355 63
376 23
374 59
396 83
356 43
377 57
375 22
397 95
357 65
378 91
376 53
398 86
358 60
379 56
377 71
399 31
359 100
380 84
378 23
400 56
360 80
379 46
361 32
382 74
362 83
383 28
381 72
363 33
384 67
382 40
364 11
385 40
383 31
365 63
386 44
384 83
366 28
387 65
385 66
367 100
388 57
386 10
368 72
389 94
387 25
369 29
390 59
388 46
370 48
391 83
389 84
371 45
392 53
390 66
372 21
393 15
391 19
373 90
394 67
392 77
374 79
395 25
393 61
375 10
396 18
394 70
376 96
397 70
395 38
377 70
398 33
396 61
378 27
399 77
397 93
379 51
400 17
398 54
380 97
399 34
399
378
2 71 399 
4 307 137 284 298 
1 197 
3 102 374 218 
1 5 
1 127 
1 190 
1 311 
2 359 252 
1 61 
1 14 
3 49 392 394 
3 63 93 259 
2 72 27 
3 52 115 294 
1 237 
1 243 
2 268 277 
1 120 
2 380 64 
2 309 55 
2 377 226 
3 274 281 373 
3 99 345 312 
3 395 365 336 
1 79 
2 4 179 
2 248 116 
1 370 
2 168 286 
1 231 
2 285 19 
3 18 47 45 
3 113 149 166 
3 37 320 165 
1 330 
1 200 
2 123 124 
2 381 319 
1 283 
1 221 
1 59 
2 324 302 
2 367 228 
4 326 129 327 204 
2 142 186 
1 122 
4 234 208 54 144 
2 334 171 
2 348 352 
2 112 100 
1 145 
2 150 163 
1 230 
1 176 
1 48 
2 103 58 
2 265 185 
2 360 375 
2 159 339 
3 236 12 347 
2 198 313 
3 386 387 2 
1 249 
1 384 
1 199 
1 296 
3 40 53 90 
1 74 
2 162 254 
1 43 
1 13 
3 246 303 138 
1 223 
1 177 
2 280 378 
