100 342 11 100 19
2
3
3
2
3
4
4
3
3
4
4
3
3
4
4
3
3
4
4
3
3
4
4
3
3
4
4
3
3
4
4
3
3
4
4
3
3
4
4
3
3
4
4
3
3
4
4
3
3
4
4
3
3
4
4
3
3
4
4
3
3
4
4
3
3
4
4
3
3
4
4
3
3
4
4
3
3
4
4
3
3
4
4
3
3
4
4
3
3
4
4
3
3
4
4
3
2
3
3
2
5 55
2 29
6 76
3 75
1 59
7 17
4 98
2 19
8 22
3 95
9 47
1 71
6 36
10 48
2 13
7 67
5 97
11 49
3 77
8 44
6 28
12 81
4 85
7 27
13 31
5 50
10 26
14 95
6 66
11 73
9 32
15 19
7 49
12 52
10 18
16 83
8 93
11 12
17 41
9 85
14 13
18 43
10 90
15 75
13 35
19 23
11 89
16 93
14 69
20 27
12 18
15 26
21 19
13 60
18 98
22 49
14 15
19 25
17 27
23 66
15 79
20 60
18 87
24 23
16 56
19 34
25 93
17 67
22 64
26 50
18 69
23 34
21 89
27 24
19 82
24 22
22 67
28 83
20 11
23 89
29 12
21 50
26 82
30 40
22 97
27 83
25 53
31 67
23 32
28 76
26 59
32 88
24 55
27 51
33 87
25 82
30 51
34 18
26 76
31 99
29 95
35 65
27 24
32 70
30 27
36 24
28 27
31 50
37 20
29 61
34 50
38 88
30 36
35 99
33 23
39 45
31 49
36 44
34 77
40 29
32 98
35 83
41 43
33 83
38 47
42 83
34 74
39 24
37 57
43 72
35 94
40 58
38 43
44 61
36 76
39 67
45 78
37 76
42 50
46 20
38 74
43 78
41 75
47 77
39 11
44 12
42 30
48 39
40 27
43 76
49 13
41 98
46 12
50 90
42 52
47 49
45 89
51 20
43 59
48 65
46 93
52 70
44 91
47 71
53 21
45 68
50 62
54 72
46 74
51 43
49 18
55 17
47 19
52 19
50 75
56 36
48 89
51 48
57 22
49 87
54 46
58 13
50 67
55 19
53 31
59 82
51 78
56 82
54 78
60 24
52 80
55 21
61 100
53 23
58 68
62 73
54 85
59 100
57 23
63 94
55 62
60 41
58 83
64 56
56 25
59 90
65 29
57 82
62 66
66 11
58 93
63 54
61 76
67 53
59 71
64 70
62 27
68 32
60 25
63 97
69 21
61 56
66 69
70 63
62 100
67 79
65 22
71 69
63 53
68 61
66 28
72 17
64 45
67 58
73 48
65 73
70 40
74 18
66 82
71 98
69 96
75 67
67 99
72 47
70 85
76 11
68 51
71 29
77 60
69 13
74 49
78 22
70 86
75 74
73 48
79 28
71 43
76 57
74 20
80 61
72 52
75 46
81 51
73 59
78 37
82 27
74 98
79 46
77 49
83 49
75 15
80 65
78 26
84 66
76 74
79 58
85 96
77 26
82 85
86 41
78 65
83 15
81 27
87 62
79 40
84 35
82 50
88 56
80 55
83 51
89 95
81 49
86 82
90 90
82 30
87 41
85 19
91 92
83 90
88 23
86 89
92 17
84 36
87 62
93 18
85 89
90 55
94 25
86 43
91 89
89 11
95 74
87 52
92 55
90 55
96 56
88 97
91 81
97 23
89 77
94 59
98 40
90 82
95 55
93 100
99 58
91 66
96 77
94 11
100 66
92 69
95 55
93 43
98 87
94 92
99 46
97 19
95 77
100 29
98 33
96 96
99 21
19
31
1 19 
1 95 
1 58 
1 98 
2 4 48 
2 43 69 
2 81 17 
2 51 20 
2 25 28 
2 22 80 
1 74 
2 93 90 
3 76 33 92 
1 2 
4 47 41 54 38 
1 16 
1 50 
3 7 9 100 
3 24 75 31 
