196 728 10 100 37
2
3
3
3
3
3
3
3
3
3
3
3
3
2
3
4
4
4
4
4
4
4
4
4
4
4
4
3
3
4
4
4
4
4
4
4
4
4
4
4
4
3
3
4
4
4
4
4
4
4
4
4
4
4
4
3
3
4
4
4
4
4
4
4
4
4
4
4
4
3
3
4
4
4
4
4
4
4
4
4
4
4
4
3
3
4
4
4
4
4
4
4
4
4
4
4
4
3
3
4
4
4
4
4
4
4
4
4
4
4
4
3
3
4
4
4
4
4
4
4
4
4
4
4
4
3
3
4
4
4
4
4
4
4
4
4
4
4
4
3
3
4
4
4
4
4
4
4
4
4
4
4
4
3
3
4
4
4
4
4
4
4
4
4
4
4
4
3
3
4
4
4
4
4
4
4
4
4
4
4
4
3
2
3
3
3
3
3
3
3
3
3
3
3
3
2
15 20
2 29
16 24
3 90
1 23
17 53
4 88
2 63
18 34
5 75
3 93
19 26
6 29
4 57
20 69
7 43
5 49
21 33
8 86
6 19
22 35
9 64
7 79
23 62
10 52
8 78
24 69
11 12
9 63
25 34
12 28
10 24
26 32
13 92
11 82
27 86
14 77
12 19
28 96
13 70
29 45
1 10
16 90
30 45
2 52
17 93
15 63
31 42
3 42
18 14
16 51
32 24
4 14
19 48
17 57
33 83
5 44
20 89
18 18
34 74
6 56
21 98
19 85
35 61
7 24
22 23
20 73
36 55
8 40
23 79
21 29
37 65
9 21
24 28
22 26
38 35
10 70
25 59
23 94
39 94
11 34
26 80
24 55
40 72
12 48
27 41
25 12
41 93
13 87
28 95
26 10
42 19
14 11
27 66
43 21
15 85
30 76
44 33
16 72
31 68
29 89
45 17
17 86
32 71
30 71
46 91
18 11
33 92
31 91
47 100
19 49
34 53
32 14
48 85
20 76
35 50
33 60
49 41
21 74
36 14
34 57
50 72
22 34
37 51
35 82
51 45
23 40
38 66
36 55
52 19
24 54
39 24
37 37
53 99
25 33
40 83
38 75
54 26
26 85
41 13
39 82
55 35
27 81
42 82
40 66
56 14
28 20
41 16
57 40
29 63
44 100
58 86
30 65
45 58
43 52
59 42
31 86
46 96
44 91
60 31
32 51
47 12
45 45
61 41
33 48
48 77
46 19
62 45
34 57
49 38
47 79
63 41
35 62
50 69
48 78
64 38
36 92
51 19
49 18
65 85
37 47
52 84
50 70
66 14
38 64
53 77
51 75
67 65
39 85
54 48
52 62
68 24
40 72
55 81
53 58
69 76
41 50
56 37
54 72
70 31
42 57
55 98
71 64
43 41
58 27
72 46
44 35
59 99
57 60
73 17
45 42
60 51
58 66
74 100
46 28
61 51
59 84
75 14
47 32
62 10
60 77
76 54
48 83
63 93
61 48
77 36
49 90
64 15
62 92
78 81
50 72
65 81
63 75
79 91
51 42
66 53
64 15
80 50
52 53
67 35
65 31
81 62
53 37
68 31
66 72
82 34
54 85
69 34
67 34
83 71
55 28
70 60
68 66
84 29
56 99
69 14
85 10
57 26
72 91
86 32
58 87
73 53
71 26
87 84
59 81
74 13
72 78
88 56
60 32
75 99
73 83
89 42
61 71
76 47
74 60
90 48
62 28
77 63
75 75
91 74
63 93
78 40
76 78
92 45
64 75
79 67
77 38
93 53
65 47
80 78
78 95
94 64
66 47
81 66
79 55
95 87
67 37
82 43
80 81
96 93
68 50
83 94
81 85
97 93
69 31
84 45
82 66
98 94
70 19
83 71
99 82
71 98
86 45
100 65
72 82
87 82
85 43
101 83
73 44
88 57
86 15
102 69
74 42
89 87
87 46
103 82
75 87
90 87
88 34
104 41
76 30
91 44
89 77
105 77
77 85
92 19
90 28
106 33
78 92
93 72
91 86
107 62
79 61
94 58
92 58
108 51
80 91
95 58
93 94
109 98
81 71
96 86
94 30
110 47
82 19
97 38
95 94
111 48
83 78
98 74
96 10
112 32
84 73
97 57
113 36
85 82
100 24
114 65
86 39
101 10
99 69
115 32
87 83
102 31
100 43
116 55
88 65
103 46
101 23
117 42
89 18
104 39
102 88
118 69
90 60
105 34
103 44
119 29
91 60
106 40
104 68
120 94
92 39
107 32
105 100
121 79
93 48
108 18
106 72
122 49
94 59
109 67
107 10
123 79
95 37
110 73
108 100
124 99
96 11
111 10
109 85
125 40
97 68
112 17
110 38
126 55
98 98
111 21
127 66
99 18
114 68
128 84
100 56
115 74
113 56
129 74
101 28
116 36
114 48
130 88
102 54
117 61
115 32
131 73
103 34
118 38
116 14
132 35
104 60
119 58
117 35
133 60
105 94
120 91
118 39
134 30
106 76
121 27
119 15
135 71
107 89
122 91
120 54
136 32
108 54
123 49
121 46
137 86
109 47
124 22
122 83
138 85
110 28
125 97
123 20
139 57
111 94
126 84
124 96
140 76
112 12
125 67
141 70
113 29
128 65
142 52
114 67
129 14
127 79
143 76
115 73
130 17
128 51
144 73
116 31
131 31
129 29
145 20
117 41
132 31
130 83
146 100
118 33
133 39
131 99
147 15
119 39
134 15
132 38
148 45
120 45
135 74
133 16
149 13
121 13
136 21
134 67
150 60
122 18
137 77
135 84
151 98
123 41
138 49
136 89
152 33
124 34
139 88
137 68
153 94
125 23
140 80
138 56
154 96
126 29
139 67
155 25
127 76
142 93
156 48
128 58
143 91
141 71
157 20
129 32
144 53
142 79
158 88
130 87
145 59
143 89
159 97
131 35
146 48
144 34
160 17
132 71
147 75
145 60
161 71
133 34
148 53
146 71
162 97
134 80
149 10
147 68
163 22
135 49
150 97
148 29
164 54
136 44
151 98
149 65
165 80
137 25
152 77
150 36
166 25
138 81
153 69
151 66
167 28
139 57
154 91
152 78
168 64
140 24
153 37
169 63
141 33
156 44
170 56
142 79
157 98
155 19
171 79
143 55
158 19
156 78
172 36
144 18
159 22
157 90
173 53
145 59
160 64
158 32
174 18
146 82
161 23
159 97
175 78
147 17
162 11
160 37
176 66
148 93
163 45
161 17
177 16
149 93
164 40
162 71
178 26
150 53
165 38
163 47
179 85
151 100
166 10
164 35
180 11
152 77
167 74
165 65
181 22
153 72
168 66
166 16
182 12
154 10
167 86
183 59
155 72
170 81
184 93
156 73
171 68
169 23
185 56
157 52
172 96
170 28
186 43
158 26
173 43
171 18
187 13
159 49
174 32
172 71
188 65
160 43
175 87
173 12
189 21
161 74
176 97
174 58
190 44
162 98
177 81
175 59
191 93
163 96
178 100
176 71
192 89
164 84
179 64
177 32
193 62
165 88
180 28
178 69
194 34
166 60
181 90
179 35
195 88
167 43
182 75
180 71
196 68
168 60
181 66
169 27
184 58
170 64
185 70
183 35
171 84
186 66
184 38
172 67
187 94
185 43
173 79
188 15
186 12
174 85
189 100
187 70
175 98
190 61
188 94
176 24
191 15
189 18
177 43
192 35
190 47
178 69
193 99
191 16
179 94
194 26
192 17
180 20
195 14
193 100
181 82
196 99
194 19
182 71
195 24
70
127
3 151 48 70 
1 191 
1 66 
1 60 
3 196 185 99 
1 168 
1 14 
1 105 
2 144 188 
1 153 
1 150 
2 25 164 
1 59 
1 74 
2 83 41 
1 119 
2 132 143 
4 31 44 139 112 
2 146 90 
2 149 109 
1 100 
1 174 
3 35 108 6 
1 173 
2 50 28 
1 183 
2 30 38 
1 107 
2 81 34 
1 162 
1 161 
2 49 137 
1 140 
6 21 160 111 13 103 8 
3 126 36 89 
5 124 92 61 54 67 
2 182 127 
