600 2276 10 100 114
2
3
3
3
3
3
3
3
3
3
3
3
3
3
3
3
3
3
3
3
3
3
3
3
3
3
3
3
3
3
3
3
3
3
3
3
3
3
3
3
3
3
3
3
3
3
3
3
3
2
3
4
4
4
4
4
4
4
4
4
4
4
4
4
4
4
4
4
4
4
4
4
4
4
4
4
4
4
4
4
4
4
4
4
4
4
4
4
4
4
4
4
4
4
4
4
4
4
4
3
3
4
4
4
4
4
4
4
4
4
4
4
4
4
4
4
4
4
4
4
4
4
4
4
4
4
4
4
4
4
4
4
4
4
4
4
4
4
4
4
4
4
4
4
4
4
4
4
4
3
3
4
4
4
4
4
4
4
4
4
4
4
4
4
4
4
4
4
4
4
4
4
4
4
4
4
4
4
4
4
4
4
4
4
4
4
4
4
4
4
4
4
4
4
4
4
4
4
4
3
3
4
4
4
4
4
4
4
4
4
4
4
4
4
4
4
4
4
4
4
4
4
4
4
4
4
4
4
4
4
4
4
4
4
4
4
4
4
4
4
4
4
4
4
4
4
4
4
4
3
3
4
4
4
4
4
4
4
4
4
4
4
4
4
4
4
4
4
4
4
4
4
4
4
4
4
4
4
4
4
4
4
4
4
4
4
4
4
4
4
4
4
4
4
4
4
4
4
4
3
3
4
4
4
4
4
4
4
4
4
4
4
4
4
4
4
4
4
4
4
4
4
4
4
4
4
4
4
4
4
4
4
4
4
4
4
4
4
4
4
4
4
4
4
4
4
4
4
4
3
3
4
4
4
4
4
4
4
4
4
4
4
4
4
4
4
4
4
4
4
4
4
4
4
4
4
4
4
4
4
4
4
4
4
4
4
4
4
4
4
4
4
4
4
4
4
4
4
4
3
3
4
4
4
4
4
4
4
4
4
4
4
4
4
4
4
4
4
4
4
4
4
4
4
4
4
4
4
4
4
4
4
4
4
4
4
4
4
4
4
4
4
4
4
4
4
4
4
4
3
3
4
4
4
4
4
4
4
4
4
4
4
4
4
4
4
4
4
4
4
4
4
4
4
4
4
4
4
4
4
4
4
4
4
4
4
4
4
4
4
4
4
4
4
4
4
4
4
4
3
3
4
4
4
4
4
4
4
4
4
4
4
4
4
4
4
4
4
4
4
4
4
4
4
4
4
4
4
4
4
4
4
4
4
4
4
4
4
4
4
4
4
4
4
4
4
4
4
4
3
2
3
3
3
3
3
3
3
3
3
3
3
3
3
3
3
3
3
3
3
3
3
3
3
3
3
3
3
3
3
3
3
3
3
3
3
3
3
3
3
3
3
3
3
3
3
3
3
3
2
51 73
2 29
52 49
3 43
1 14
53 42
4 87
2 45
54 40
5 45
3 80
55 89
6 75
4 15
56 95
7 18
5 50
57 49
8 45
6 39
58 80
9 71
7 63
59 22
10 75
8 12
60 82
11 78
9 90
61 62
12 82
10 10
62 31
13 75
11 65
63 84
14 91
12 56
64 76
15 48
13 26
65 45
16 68
14 48
66 27
17 37
15 96
67 79
18 35
16 46
68 37
19 24
17 76
69 77
20 80
18 67
70 72
21 98
19 19
71 37
22 13
20 65
72 29
23 75
21 81
73 52
24 65
22 66
74 54
25 70
23 83
75 38
26 33
24 67
76 60
27 48
25 87
77 14
28 88
26 70
78 75
29 63
27 63
79 12
30 93
28 42
80 27
31 33
29 38
81 34
32 32
30 53
82 16
33 96
31 22
83 41
34 35
32 25
84 74
35 97
33 41
85 71
36 48
34 23
86 96
37 18
35 57
87 25
38 38
36 44
88 44
39 37
37 76
89 32
40 30
38 91
90 46
41 94
39 52
91 41
42 44
40 64
92 84
43 54
41 43
93 87
44 23
42 14
94 22
45 10
43 27
95 79
46 42
44 12
96 90
47 27
45 10
97 39
48 84
46 93
98 57
49 49
47 50
99 40
50 85
48 90
100 84
49 23
101 84
1 70
52 68
102 58
2 46
53 42
51 38
103 20
3 51
54 90
52 68
104 45
4 41
55 14
53 61
105 43
5 25
56 24
54 97
106 47
6 56
57 35
55 63
107 20
7 27
58 61
56 97
108 92
8 35
59 99
57 91
109 35
9 82
60 49
58 53
110 98
10 32
61 42
59 49
111 11
11 98
62 12
60 22
112 87
12 39
63 19
61 15
113 45
13 47
64 10
62 99
114 50
14 19
65 79
63 62
115 25
15 68
66 99
64 98
116 61
16 86
67 93
65 60
117 58
17 54
68 36
66 86
118 100
18 79
69 68
67 27
119 65
19 56
70 59
68 16
120 98
20 85
71 10
69 22
121 31
21 84
72 45
70 99
122 74
22 53
73 36
71 94
123 23
23 54
74 25
72 88
124 93
24 79
75 25
73 72
125 19
25 89
76 73
74 40
126 29
26 57
77 48
75 57
127 74
27 30
78 71
76 87
128 18
28 17
79 40
77 47
129 28
29 67
80 11
78 32
130 26
30 19
81 76
79 81
131 62
31 20
82 65
80 51
132 45
32 15
83 75
81 26
133 74
33 10
84 13
82 61
134 17
34 22
85 32
83 62
135 20
35 89
86 22
84 81
136 19
36 44
87 94
85 22
137 44
37 77
88 65
86 18
138 79
38 52
89 15
87 14
139 64
39 91
90 10
88 10
140 98
40 74
91 61
89 65
141 18
41 96
92 34
90 54
142 79
42 77
93 60
91 20
143 99
43 32
94 77
92 93
144 50
44 80
95 14
93 95
145 29
45 57
96 74
94 61
146 27
46 63
97 45
95 57
147 100
47 56
98 98
96 69
148 48
48 23
99 12
97 85
149 27
49 84
100 82
98 49
150 82
50 45
99 52
151 84
51 44
102 76
152 53
52 23
103 71
101 53
153 71
53 11
104 31
102 21
154 60
54 31
105 89
103 45
155 79
55 60
106 72
104 11
156 25
56 59
107 68
105 73
157 75
57 82
108 21
106 82
158 99
58 89
109 69
107 48
159 53
59 49
110 83
108 81
160 60
60 12
111 64
109 19
161 92
61 61
112 69
110 28
162 12
62 19
113 36
111 35
163 58
63 65
114 44
112 61
164 91
64 28
115 61
113 79
165 65
65 88
116 33
114 55
166 29
66 48
117 10
115 48
167 29
67 74
118 80
116 14
168 39
68 54
119 36
117 81
169 72
69 58
120 80
118 15
170 90
70 83
121 26
119 84
171 90
71 49
122 30
120 77
172 37
72 52
123 13
121 47
173 98
73 59
124 22
122 88
174 29
74 98
125 30
123 41
175 92
75 42
126 76
124 80
176 30
76 75
127 23
125 88
177 59
77 35
128 74
126 95
178 37
78 29
129 16
127 94
179 56
79 89
130 64
128 77
180 34
80 71
131 16
129 96
181 71
81 36
132 16
130 29
182 13
82 100
133 91
131 91
183 85
83 80
134 72
132 72
184 68
84 50
135 27
133 49
185 56
85 100
136 27
134 32
186 40
86 51
137 88
135 97
187 26
87 16
138 97
136 66
188 72
88 63
139 20
137 81
189 32
89 38
140 65
138 56
190 61
90 57
141 40
139 89
191 14
91 99
142 54
140 17
192 29
92 87
143 19
141 55
193 79
93 73
144 91
142 40
194 16
94 23
145 10
143 63
195 79
95 45
146 50
144 37
196 11
96 83
147 85
145 90
197 19
97 42
148 71
146 52
198 78
98 78
149 91
147 53
199 58
99 10
150 32
148 43
200 68
100 19
149 62
201 30
101 93
152 20
202 30
102 65
153 97
151 66
203 27
103 14
154 99
152 92
204 42
104 31
155 41
153 97
205 89
105 42
156 76
154 46
206 68
106 25
157 21
155 22
207 79
107 99
158 20
156 32
208 39
108 19
159 39
157 35
209 10
109 100
160 51
158 34
210 53
110 20
161 84
159 49
211 26
111 29
162 38
160 14
212 93
112 25
163 82
161 57
213 60
113 49
164 75
162 29
214 49
114 43
165 48
163 58
215 17
115 99
166 88
164 82
216 32
116 84
167 56
165 52
217 82
117 40
168 27
166 93
218 21
118 68
169 39
167 61
219 96
119 63
170 81
168 65
220 71
120 74
171 14
169 63
221 47
121 96
172 19
170 25
222 94
122 20
173 12
171 100
223 72
123 83
174 56
172 48
224 50
124 15
175 88
173 93
225 70
125 18
176 40
174 19
226 23
126 99
177 65
175 40
227 15
127 78
178 71
176 19
228 76
128 14
179 47
177 25
229 87
129 88
180 100
178 61
230 59
130 99
181 18
179 32
231 24
131 53
182 57
180 73
232 72
132 17
183 40
181 31
233 39
133 72
184 41
182 50
234 57
134 86
185 79
183 91
235 71
135 40
186 79
184 75
236 63
136 28
187 89
185 10
237 71
137 13
188 66
186 60
238 80
138 12
189 81
187 30
239 55
139 32
190 47
188 74
240 25
140 26
191 10
189 20
241 53
141 71
192 88
190 41
242 55
142 19
193 22
191 53
243 70
143 16
194 73
192 99
244 61
144 13
195 42
193 26
245 39
145 90
196 95
194 20
246 55
146 75
197 56
195 38
247 17
147 82
198 68
196 89
248 86
148 65
199 86
197 16
249 25
149 44
200 93
198 77
250 90
150 79
199 39
251 90
151 28
202 31
252 40
152 80
203 64
201 32
253 28
153 68
204 29
202 100
254 28
154 48
205 37
203 81
255 56
155 95
206 38
204 24
256 52
156 93
207 16
205 79
257 52
157 91
208 10
206 53
258 87
158 28
209 49
207 93
259 39
159 28
210 54
208 14
260 33
160 27
211 48
209 82
261 57
161 44
212 10
210 95
262 30
162 62
213 44
211 89
263 65
163 75
214 48
212 78
264 78
164 30
215 56
213 13
265 50
165 41
216 52
214 81
266 62
166 74
217 28
215 67
267 52
167 63
218 10
216 79
268 25
168 18
219 63
217 11
269 33
169 33
220 100
218 78
270 66
170 47
221 25
219 33
271 93
171 29
222 15
220 14
272 79
172 95
223 81
221 81
273 12
173 90
224 66
222 78
274 80
174 77
225 43
223 75
275 91
175 67
226 98
224 60
276 98
176 46
227 72
225 86
277 16
177 69
228 10
226 41
278 98
178 48
229 55
227 26
279 97
179 29
230 11
228 28
280 45
180 34
231 95
229 86
281 62
181 43
232 54
230 72
282 12
182 95
233 46
231 63
283 82
183 74
234 74
232 18
284 57
184 56
235 32
233 48
285 57
185 89
236 59
234 79
286 70
186 85
237 83
235 35
287 38
187 63
238 92
236 74
288 64
188 17
239 82
237 81
289 27
189 57
240 90
238 33
290 58
190 57
241 73
239 11
291 82
191 14
242 25
240 56
292 89
192 27
243 18
241 10
293 58
193 14
244 10
242 32
294 75
194 69
245 89
243 95
295 49
195 73
246 74
244 93
296 60
196 45
247 34
245 31
297 89
197 60
248 62
246 87
298 69
198 74
249 60
247 90
299 90
199 35
250 28
248 27
300 81
200 37
249 24
301 15
201 78
252 82
302 47
202 98
253 17
251 81
303 59
203 20
254 84
252 73
304 58
204 71
255 43
253 16
305 64
205 63
256 56
254 92
306 76
206 81
257 96
255 46
307 80
207 85
258 58
256 15
308 27
208 89
259 94
257 65
309 19
209 76
260 81
258 74
310 17
210 88
261 49
259 18
311 77
211 84
262 11
260 53
312 31
212 53
263 83
261 13
313 61
213 70
264 40
262 75
314 51
214 92
265 19
263 62
315 90
215 95
266 73
264 48
316 10
216 14
267 87
265 97
317 49
217 25
268 62
266 82
318 24
218 51
269 20
267 90
319 39
219 72
270 90
268 80
320 20
220 69
271 91
269 85
321 13
221 54
272 13
270 43
322 36
222 83
273 57
271 94
323 97
223 70
274 86
272 41
324 77
224 69
275 40
273 89
325 82
225 92
276 30
274 47
326 26
226 89
277 25
275 90
327 75
227 42
278 93
276 47
328 94
228 49
279 77
277 69
329 26
229 76
280 65
278 51
330 81
230 74
281 42
279 33
331 58
231 72
282 54
280 70
332 76
232 84
283 26
281 24
333 54
233 44
284 72
282 34
334 44
234 55
285 81
283 74
335 61
235 29
286 36
284 80
336 28
236 62
287 68
285 87
337 11
237 52
288 23
286 38
338 70
238 39
289 63
287 87
339 45
239 84
290 74
288 36
340 69
240 78
291 85
289 97
341 61
241 25
292 31
290 83
342 86
242 64
293 96
291 17
343 93
243 92
294 53
292 74
344 99
244 90
295 40
293 49
345 17
245 91
296 30
294 73
346 81
246 90
297 35
295 27
347 43
247 46
298 88
296 33
348 23
248 64
299 73
297 11
349 98
249 90
300 36
298 63
350 74
250 79
299 99
351 36
251 43
302 89
352 45
252 37
303 96
301 51
353 66
253 87
304 83
302 70
354 11
254 54
305 90
303 83
355 98
255 84
306 89
304 53
356 87
256 64
307 54
305 13
357 88
257 84
308 44
306 22
358 15
258 52
309 21
307 57
359 15
259 58
310 100
308 84
360 88
260 25
311 79
309 34
361 19
261 59
312 11
310 82
362 66
262 52
313 51
311 24
363 92
263 75
314 11
312 35
364 36
264 35
315 34
313 16
365 53
265 23
316 28
314 46
366 77
266 56
317 41
315 40
367 19
267 45
318 56
316 40
368 40
268 22
319 82
317 41
369 93
269 25
320 94
318 73
370 82
270 92
321 74
319 44
371 97
271 88
322 41
320 32
372 79
272 40
323 13
321 96
373 24
273 30
324 48
322 47
374 46
274 40
325 75
323 37
375 91
275 75
326 76
324 48
376 49
276 83
327 63
325 42
377 18
277 25
328 23
326 22
378 32
278 27
329 90
327 72
379 48
279 84
330 66
328 48
380 86
280 53
331 64
329 32
381 26
281 80
332 52
330 16
382 64
282 90
333 36
331 58
383 18
283 85
334 26
332 82
384 46
284 81
335 97
333 95
385 10
285 99
336 96
334 93
386 89
286 50
337 37
335 12
387 25
287 96
338 63
336 17
388 33
288 95
339 71
337 88
389 35
289 41
340 71
338 30
390 43
290 83
341 50
339 39
391 51
291 54
342 19
340 93
392 44
292 72
343 87
341 77
393 49
293 96
344 65
342 65
394 61
294 31
345 20
343 80
395 41
295 42
346 26
344 35
396 16
296 67
347 67
345 40
397 20
297 87
348 29
346 15
398 88
298 44
349 60
347 35
399 14
299 52
350 28
348 79
400 99
300 35
349 31
401 26
301 15
352 14
402 12
302 46
353 53
351 66
403 25
303 15
354 12
352 25
404 99
304 63
355 12
353 98
405 48
305 59
356 89
354 12
406 71
306 31
357 88
355 70
407 62
307 77
358 16
356 100
408 97
308 44
359 42
357 16
409 24
309 56
360 43
358 77
410 29
310 55
361 40
359 11
411 29
311 25
362 51
360 30
412 49
312 82
363 78
361 48
413 78
313 94
364 88
362 87
414 88
314 60
365 66
363 82
415 96
315 70
366 84
364 77
416 84
316 89
367 72
365 37
417 96
317 40
368 95
366 64
418 36
318 12
369 58
367 49
419 97
319 41
370 15
368 92
420 50
320 71
371 14
369 40
421 43
321 36
372 23
370 71
422 12
322 82
373 15
371 90
423 72
323 60
374 55
372 100
424 54
324 21
375 96
373 62
425 29
325 67
376 81
374 93
426 56
326 64
377 65
375 40
427 13
327 78
378 100
376 84
428 89
328 79
379 27
377 32
429 21
329 76
380 99
378 55
430 75
330 29
381 33
379 16
431 66
331 12
382 14
380 28
432 33
332 77
383 46
381 70
433 14
333 77
384 13
382 55
434 56
334 31
385 67
383 11
435 80
335 27
386 27
384 20
436 39
336 54
387 25
385 50
437 93
337 70
388 55
386 22
438 45
338 81
389 10
387 58
439 36
339 40
390 81
388 44
440 71
340 41
391 94
389 80
441 69
341 22
392 93
390 95
442 27
342 13
393 20
391 82
443 60
343 46
394 63
392 82
444 66
344 86
395 70
393 31
445 52
345 83
396 34
394 84
446 40
346 12
397 93
395 36
447 12
347 74
398 21
396 70
448 47
348 100
399 23
397 87
449 60
349 84
400 78
398 36
450 24
350 95
399 44
451 82
351 51
402 65
452 31
352 39
403 61
401 96
453 52
353 92
404 41
402 37
454 20
354 43
405 16
403 60
455 68
355 21
406 55
404 17
456 89
356 61
407 97
405 39
457 30
357 53
408 40
406 54
458 42
358 38
409 30
407 26
459 12
359 26
410 50
408 12
460 45
360 49
411 31
409 90
461 62
361 82
412 84
410 51
462 78
362 45
413 27
411 66
463 72
363 50
414 28
412 48
464 54
364 57
415 74
413 36
465 18
365 86
416 93
414 65
466 21
366 18
417 68
415 73
467 20
367 67
418 44
416 61
468 41
368 86
419 90
417 73
469 38
369 95
420 92
418 78
470 15
370 71
421 72
419 22
471 31
371 76
422 49
420 45
472 55
372 11
423 97
421 25
473 10
373 24
424 79
422 46
474 100
374 52
425 72
423 57
475 42
375 65
426 17
424 82
476 90
376 31
427 70
425 76
477 27
377 30
428 42
426 69
478 24
378 42
429 33
427 63
479 91
379 64
430 51
428 42
480 83
380 90
431 76
429 55
481 92
381 34
432 74
430 29
482 48
382 52
433 70
431 53
483 78
383 75
434 29
432 72
484 41
384 40
435 35
433 18
485 23
385 82
436 27
434 33
486 56
386 61
437 36
435 71
487 51
387 98
438 11
436 18
488 29
388 39
439 68
437 55
489 64
389 80
440 50
438 77
490 61
390 68
441 54
439 55
491 37
391 29
442 95
440 88
492 53
392 32
443 78
441 11
493 25
393 79
444 13
442 48
494 42
394 80
445 22
443 26
495 69
395 19
446 57
444 96
496 43
396 46
447 62
445 17
497 39
397 52
448 100
446 68
498 72
398 98
449 48
447 60
499 15
399 26
450 17
448 95
500 62
400 31
449 99
501 60
401 84
452 53
502 14
402 18
453 100
451 87
503 43
403 66
454 63
452 82
504 23
404 74
455 92
453 63
505 57
405 69
456 54
454 56
506 44
406 33
457 51
455 30
507 62
407 18
458 20
456 95
508 98
408 54
459 84
457 97
509 11
409 28
460 40
458 22
510 46
410 47
461 16
459 61
511 28
411 93
462 70
460 66
512 99
412 42
463 41
461 83
513 20
413 46
464 35
462 81
514 91
414 21
465 48
463 21
515 17
415 76
466 92
464 22
516 30
416 73
467 38
465 17
517 93
417 16
468 71
466 47
518 82
418 32
469 24
467 70
519 47
419 73
470 14
468 85
520 77
420 47
471 12
469 33
521 100
421 58
472 60
470 16
522 96
422 25
473 21
471 27
523 47
423 56
474 43
472 95
524 62
424 60
475 94
473 97
525 61
425 52
476 81
474 85
526 89
426 93
477 100
475 81
527 74
427 23
478 60
476 16
528 39
428 40
479 14
477 19
529 62
429 85
480 43
478 27
530 46
430 32
481 95
479 33
531 46
431 72
482 52
480 27
532 97
432 53
483 25
481 65
533 14
433 98
484 10
482 41
534 26
434 52
485 74
483 66
535 94
435 54
486 61
484 71
536 13
436 13
487 94
485 49
537 35
437 29
488 87
486 99
538 99
438 43
489 76
487 28
539 65
439 65
490 45
488 48
540 51
440 79
491 23
489 18
541 10
441 61
492 99
490 15
542 55
442 34
493 12
491 58
543 27
443 35
494 83
492 70
544 64
444 53
495 51
493 83
545 13
445 37
496 46
494 19
546 62
446 77
497 64
495 14
547 79
447 75
498 77
496 40
548 46
448 10
499 10
497 60
549 48
449 11
500 12
498 64
550 50
450 62
499 36
551 20
451 24
502 72
552 85
452 90
503 67
501 82
553 41
453 66
504 60
502 89
554 76
454 96
505 81
503 79
555 11
455 54
506 23
504 21
556 68
456 89
507 88
505 90
557 48
457 93
508 37
506 53
558 44
458 44
509 10
507 46
559 16
459 10
510 25
508 97
560 78
460 23
511 79
509 78
561 48
461 99
512 41
510 22
562 83
462 22
513 47
511 92
563 64
463 31
514 22
512 35
564 31
464 75
515 57
513 63
565 81
465 61
516 41
514 34
566 14
466 27
517 71
515 13
567 41
467 35
518 61
516 27
568 14
468 53
519 15
517 23
569 22
469 83
520 17
518 86
570 95
470 21
521 87
519 52
571 59
471 16
522 68
520 63
572 16
472 89
523 10
521 46
573 50
473 88
524 18
522 68
574 68
474 20
525 93
523 21
575 78
475 87
526 66
524 24
576 51
476 56
527 65
525 49
577 27
477 29
528 100
526 14
578 54
478 78
529 36
527 27
579 85
479 93
530 30
528 71
580 78
480 10
531 70
529 93
581 94
481 12
532 22
530 51
582 68
482 49
533 82
531 38
583 36
483 86
534 44
532 17
584 60
484 16
535 12
533 14
585 20
485 14
536 91
534 17
586 27
486 49
537 89
535 64
587 44
487 90
538 67
536 66
588 56
488 28
539 32
537 95
589 35
489 52
540 84
538 95
590 61
490 72
541 70
539 39
591 96
491 24
542 16
540 18
592 71
492 17
543 30
541 71
593 53
493 55
544 63
542 15
594 32
494 96
545 43
543 65
595 93
495 85
546 22
544 28
596 18
496 74
547 94
545 18
597 57
497 54
548 91
546 68
598 80
498 81
549 10
547 95
599 93
499 49
550 27
548 54
600 94
500 21
549 66
501 26
552 69
502 17
553 20
551 25
503 64
554 26
552 65
504 75
555 91
553 61
505 50
556 55
554 45
506 17
557 15
555 55
507 59
558 66
556 82
508 16
559 74
557 67
509 11
560 35
558 26
510 15
561 19
559 39
511 100
562 31
560 33
512 51
563 98
561 14
513 91
564 30
562 73
514 67
565 94
563 15
515 15
566 55
564 66
516 59
567 88
565 33
517 72
568 50
566 65
518 84
569 63
567 87
519 49
570 26
568 60
520 35
571 29
569 82
521 100
572 63
570 46
522 96
573 32
571 83
523 25
574 27
572 31
524 94
575 71
573 62
525 50
576 24
574 52
526 64
577 80
575 97
527 63
578 39
576 70
528 100
579 57
577 50
529 73
580 40
578 19
530 44
581 26
579 97
531 82
582 24
580 87
532 80
583 64
581 78
533 62
584 48
582 64
534 47
585 27
583 71
535 81
586 34
584 28
536 26
587 85
585 64
537 90
588 53
586 78
538 74
589 12
587 28
539 32
590 86
588 98
540 36
591 66
589 68
541 76
592 11
590 13
542 60
593 76
591 41
543 13
594 96
592 84
544 16
595 46
593 84
545 100
596 91
594 89
546 11
597 85
595 67
547 56
598 66
596 89
548 99
599 29
597 68
549 37
600 82
598 44
550 43
599 10
475
158
1 475 
2 467 373 
1 326 
2 474 568 
2 301 386 
1 347 
2 164 95 
1 117 
1 461 
1 28 
4 262 215 424 42 
3 428 91 430 
2 355 570 
1 115 
1 249 
3 111 481 278 
2 520 195 
2 408 33 
2 216 63 
1 342 
1 113 
4 209 455 62 518 
3 486 269 150 
2 369 127 
2 314 32 
4 436 457 112 349 
2 572 577 
1 159 
2 493 553 
2 6 456 
1 161 
2 361 340 
3 494 21 315 
4 318 233 169 220 
1 480 
1 459 
2 406 106 
1 504 
1 239 
2 76 143 
1 399 
1 257 
1 39 
2 219 363 
1 515 
3 276 501 81 
1 144 
1 102 
1 300 
4 345 273 163 3 
1 48 
2 87 409 
3 600 213 398 
3 263 247 596 
3 13 579 396 
2 323 366 
1 7 
2 40 182 
2 53 128 
2 450 245 
2 99 562 
1 183 
2 403 283 
2 291 476 
2 425 279 
2 20 555 
2 172 519 
2 482 177 
1 109 
3 503 37 293 
1 203 
1 327 
2 320 449 
2 569 252 
1 234 
1 379 
1 57 
5 104 51 232 308 230 
3 454 146 272 
2 563 11 
1 332 
1 224 
3 265 521 4 
4 311 337 508 218 
1 56 
2 120 407 
1 287 
2 71 77 
1 295 
1 105 
2 194 100 
2 575 47 
2 154 294 
1 122 
2 132 217 
2 306 384 
2 589 483 
2 244 429 
1 68 
2 1 202 
2 522 135 
2 509 411 
2 534 130 
2 66 560 
2 328 30 
1 170 
2 187 393 
2 580 565 
1 498 
2 556 18 
2 185 302 
1 599 
1 367 
2 227 158 
