100 342 10 100 19
2
3
3
2
3
4
4
3
3
4
4
3
3
4
4
3
3
4
4
3
3
4
4
3
3
4
4
3
3
4
4
3
3
4
4
3
3
4
4
3
3
4
4
3
3
4
4
3
3
4
4
3
3
4
4
3
3
4
4
3
3
4
4
3
3
4
4
3
3
4
4
3
3
4
4
3
3
4
4
3
3
4
4
3
3
4
4
3
3
4
4
3
3
4
4
3
2
3
3
2
5 51
2 29
6 66
3 15
1 57
7 89
4 97
2 99
8 13
3 29
9 77
1 18
6 100
10 23
2 13
7 84
5 23
11 35
3 26
8 21
6 30
12 28
4 64
7 99
13 67
5 54
10 68
14 23
6 79
11 55
9 79
15 16
7 53
12 58
10 13
16 27
8 50
11 23
17 47
9 97
14 82
18 25
10 13
15 99
13 35
19 91
11 24
16 78
14 97
20 49
12 57
15 22
21 32
13 13
18 70
22 28
14 17
19 59
17 19
23 84
15 64
20 81
18 70
24 91
16 36
19 82
25 100
17 65
22 33
26 50
18 90
23 28
21 38
27 55
19 49
24 26
22 41
28 16
20 94
23 82
29 65
21 13
26 35
30 70
22 30
27 70
25 85
31 50
23 26
28 49
26 12
32 67
24 99
27 27
33 93
25 25
30 36
34 68
26 33
31 79
29 31
35 34
27 52
32 22
30 35
36 79
28 58
31 74
37 23
29 35
34 58
38 89
30 55
35 54
33 72
39 56
31 63
36 96
34 92
40 56
32 93
35 94
41 39
33 58
38 83
42 56
34 37
39 51
37 11
43 74
35 30
40 25
38 85
44 61
36 65
39 58
45 76
37 74
42 10
46 34
38 14
43 55
41 36
47 54
39 32
44 85
42 11
48 60
40 96
43 22
49 80
41 39
46 11
50 19
42 60
47 69
45 31
51 21
43 44
48 20
46 12
52 23
44 62
47 49
53 20
45 42
50 77
54 22
46 37
51 38
49 82
55 18
47 28
52 29
50 72
56 91
48 14
51 25
57 94
49 24
54 84
58 35
50 90
55 57
53 81
59 89
51 79
56 12
54 67
60 82
52 72
55 51
61 47
53 47
58 70
62 24
54 13
59 13
57 64
63 22
55 20
60 41
58 72
64 75
56 65
59 29
65 54
57 11
62 21
66 88
58 43
63 78
61 39
67 88
59 89
64 58
62 91
68 91
60 10
63 69
69 52
61 75
66 86
70 54
62 12
67 82
65 79
71 58
63 77
68 66
66 50
72 77
64 23
67 60
73 52
65 94
70 68
74 20
66 98
71 35
69 66
75 14
67 76
72 50
70 46
76 86
68 78
71 74
77 15
69 10
74 51
78 48
70 54
75 14
73 92
79 68
71 76
76 86
74 40
80 11
72 39
75 79
81 55
73 16
78 71
82 13
74 54
79 82
77 16
83 85
75 99
80 39
78 44
84 21
76 10
79 54
85 45
77 71
82 27
86 69
78 62
83 19
81 38
87 57
79 20
84 71
82 70
88 69
80 33
83 19
89 30
81 39
86 88
90 17
82 14
87 15
85 74
91 100
83 48
88 51
86 67
92 20
84 74
87 43
93 78
85 81
90 79
94 95
86 76
91 69
89 31
95 63
87 28
92 100
90 38
96 47
88 90
91 100
97 35
89 61
94 42
98 57
90 33
95 42
93 71
99 17
91 26
96 17
94 41
100 73
92 42
95 75
93 26
98 64
94 17
99 57
97 31
95 60
100 100
98 76
96 18
99 51
12
13
2 60 12 
2 20 78 
1 67 
2 31 88 
1 65 
1 79 
1 42 
2 82 27 
3 91 56 25 
2 62 72 
1 95 
2 100 63 
1 89 
2 40 86 
4 92 47 53 23 
3 45 76 33 
2 93 4 
2 51 75 
1 13 
