144 528 10 100 27
2
3
3
3
3
3
3
3
3
3
3
2
3
4
4
4
4
4
4
4
4
4
4
3
3
4
4
4
4
4
4
4
4
4
4
3
3
4
4
4
4
4
4
4
4
4
4
3
3
4
4
4
4
4
4
4
4
4
4
3
3
4
4
4
4
4
4
4
4
4
4
3
3
4
4
4
4
4
4
4
4
4
4
3
3
4
4
4
4
4
4
4
4
4
4
3
3
4
4
4
4
4
4
4
4
4
4
3
3
4
4
4
4
4
4
4
4
4
4
3
3
4
4
4
4
4
4
4
4
4
4
3
2
3
3
3
3
3
3
3
3
3
3
2
13 79
2 29
14 26
3 23
1 59
15 70
4 51
2 97
16 62
5 88
3 62
17 68
6 33
4 60
18 17
7 57
5 32
19 36
8 40
6 70
20 31
9 78
7 89
21 39
10 53
8 41
22 31
11 26
9 65
23 66
12 51
10 42
24 82
11 87
25 80
1 79
14 71
26 63
2 92
15 35
13 91
27 19
3 75
16 24
14 32
28 37
4 57
17 25
15 60
29 83
5 50
18 81
16 61
30 19
6 15
19 29
17 83
31 54
7 97
20 17
18 31
32 40
8 22
21 89
19 84
33 54
9 69
22 21
20 98
34 72
10 74
23 56
21 38
35 84
11 78
24 44
22 21
36 92
12 36
23 27
37 50
13 35
26 55
38 67
14 42
27 70
25 75
39 44
15 11
28 25
26 71
40 85
16 34
29 32
27 38
41 72
17 28
30 50
28 14
42 16
18 52
31 75
29 73
43 43
19 94
32 22
30 26
44 74
20 38
33 67
31 63
45 59
21 16
34 27
32 31
46 44
22 61
35 100
33 15
47 44
23 48
36 11
34 53
48 38
24 47
35 34
49 61
25 92
38 32
50 68
26 38
39 52
37 80
51 71
27 62
40 70
38 57
52 24
28 33
41 68
39 88
53 17
29 73
42 66
40 59
54 49
30 53
43 66
41 11
55 97
31 21
44 35
42 30
56 21
32 50
45 11
43 80
57 34
33 59
46 100
44 35
58 31
34 79
47 67
45 50
59 100
35 66
48 96
46 100
60 83
36 86
47 95
61 59
37 87
50 38
62 83
38 13
51 41
49 48
63 78
39 41
52 24
50 11
64 96
40 60
53 63
51 28
65 30
41 87
54 98
52 33
66 41
42 53
55 30
53 18
67 67
43 37
56 46
54 80
68 22
44 16
57 25
55 18
69 45
45 30
58 69
56 55
70 12
46 57
59 45
57 34
71 60
47 20
60 15
58 75
72 54
48 61
59 38
73 80
49 23
62 39
74 76
50 17
63 70
61 99
75 40
51 78
64 81
62 18
76 37
52 44
65 59
63 49
77 73
53 90
66 94
64 42
78 23
54 47
67 77
65 50
79 61
55 50
68 36
66 15
80 40
56 67
69 39
67 94
81 97
57 52
70 17
68 46
82 72
58 63
71 18
69 41
83 26
59 29
72 60
70 10
84 96
60 94
71 22
85 70
61 35
74 94
86 38
62 70
75 27
73 82
87 55
63 60
76 53
74 98
88 41
64 33
77 25
75 100
89 22
65 87
78 42
76 33
90 34
66 32
79 10
77 66
91 35
67 52
80 63
78 79
92 67
68 70
81 25
79 25
93 48
69 38
82 43
80 27
94 78
70 88
83 79
81 33
95 17
71 60
84 38
82 75
96 89
72 44
83 30
97 57
73 34
86 41
98 38
74 83
87 80
85 61
99 97
75 62
88 70
86 39
100 31
76 100
89 34
87 53
101 74
77 33
90 12
88 85
102 30
78 10
91 95
89 90
103 45
79 11
92 69
90 50
104 97
80 25
93 95
91 67
105 45
81 36
94 17
92 16
106 70
82 96
95 84
93 26
107 11
83 23
96 78
94 48
108 38
84 56
95 39
109 34
85 59
98 64
110 23
86 93
99 70
97 39
111 81
87 55
100 78
98 43
112 13
88 16
101 63
99 90
113 93
89 13
102 97
100 50
114 86
90 36
103 34
101 11
115 97
91 84
104 23
102 89
116 55
92 17
105 77
103 50
117 77
93 27
106 16
104 91
118 13
94 69
107 64
105 18
119 86
95 29
108 19
106 44
120 57
96 75
107 63
121 50
97 12
110 47
122 17
98 17
111 73
109 53
123 58
99 62
112 69
110 18
124 36
100 98
113 60
111 72
125 43
101 75
114 73
112 26
126 36
102 53
115 96
113 70
127 93
103 94
116 50
114 78
128 75
104 52
117 65
115 14
129 34
105 76
118 26
116 49
130 96
106 35
119 75
117 27
131 57
107 32
120 79
118 46
132 90
108 42
119 45
133 97
109 74
122 60
134 53
110 54
123 63
121 67
135 97
111 99
124 12
122 72
136 90
112 97
125 49
123 89
137 83
113 30
126 76
124 87
138 24
114 98
127 60
125 88
139 54
115 51
128 51
126 66
140 89
116 57
129 97
127 14
141 82
117 97
130 73
128 76
142 93
118 46
131 12
129 81
143 25
119 41
132 90
130 78
144 39
120 83
131 21
121 52
134 68
122 34
135 48
133 46
123 42
136 15
134 96
124 29
137 64
135 58
125 75
138 21
136 53
126 35
139 16
137 84
127 100
140 45
138 14
128 15
141 92
139 91
129 20
142 45
140 59
130 18
143 13
141 22
131 65
144 26
142 24
132 18
143 10
142
79
3 119 137 142 
2 12 114 
2 144 13 
2 111 55 
2 38 71 
1 131 
2 49 143 
2 69 117 
2 103 109 
3 17 60 129 
3 54 139 91 
1 83 
2 37 19 
2 11 46 
1 141 
1 63 
1 85 
1 135 
4 138 82 73 113 
2 88 39 
2 100 5 
1 50 
2 57 121 
3 15 87 125 
1 106 
1 126 
1 79 
