100 342 10 100 19
2
3
3
2
3
4
4
3
3
4
4
3
3
4
4
3
3
4
4
3
3
4
4
3
3
4
4
3
3
4
4
3
3
4
4
3
3
4
4
3
3
4
4
3
3
4
4
3
3
4
4
3
3
4
4
3
3
4
4
3
3
4
4
3
3
4
4
3
3
4
4
3
3
4
4
3
3
4
4
3
3
4
4
3
3
4
4
3
3
4
4
3
3
4
4
3
2
3
3
2
5 25
2 29
6 67
3 19
1 61
7 48
4 30
2 69
8 15
3 98
9 74
1 80
6 43
10 21
2 67
7 32
5 62
11 45
3 29
8 27
6 74
12 49
4 83
7 22
13 14
5 93
10 36
14 76
6 62
11 94
9 13
15 21
7 19
12 92
10 34
16 94
8 70
11 28
17 99
9 19
14 88
18 27
10 39
15 39
13 84
19 24
11 32
16 52
14 51
20 30
12 84
15 63
21 75
13 97
18 49
22 48
14 25
19 35
17 38
23 33
15 31
20 20
18 91
24 91
16 92
19 46
25 79
17 15
22 58
26 32
18 65
23 37
21 47
27 59
19 73
24 16
22 75
28 72
20 84
23 48
29 21
21 17
26 41
30 26
22 79
27 64
25 89
31 40
23 89
28 47
26 96
32 49
24 14
27 15
33 29
25 79
30 16
34 53
26 90
31 98
29 33
35 89
27 19
32 27
30 88
36 35
28 86
31 81
37 19
29 46
34 74
38 35
30 84
35 66
33 26
39 50
31 64
36 87
34 76
40 64
32 78
35 21
41 12
33 33
38 71
42 30
34 97
39 41
37 42
43 14
35 43
40 50
38 11
44 24
36 83
39 12
45 70
37 31
42 32
46 66
38 97
43 67
41 39
47 18
39 73
44 75
42 61
48 35
40 35
43 18
49 37
41 50
46 23
50 24
42 70
47 31
45 97
51 88
43 37
48 21
46 66
52 15
44 23
47 56
53 19
45 53
50 96
54 26
46 84
51 59
49 19
55 18
47 69
52 77
50 46
56 17
48 77
51 61
57 53
49 45
54 93
58 77
50 83
55 23
53 96
59 56
51 80
56 24
54 67
60 52
52 55
55 97
61 25
53 78
58 65
62 35
54 53
59 94
57 67
63 86
55 83
60 40
58 54
64 43
56 31
59 39
65 20
57 71
62 99
66 99
58 46
63 60
61 81
67 46
59 63
64 33
62 10
68 20
60 20
63 47
69 87
61 37
66 22
70 14
62 26
67 96
65 55
71 16
63 11
68 94
66 79
72 72
64 48
67 36
73 60
65 27
70 96
74 93
66 15
71 56
69 14
75 72
67 64
72 88
70 98
76 77
68 38
71 98
77 94
69 27
74 76
78 26
70 92
75 72
73 91
79 29
71 100
76 35
74 39
80 63
72 44
75 90
81 87
73 90
78 71
82 54
74 61
79 16
77 83
83 69
75 41
80 14
78 17
84 75
76 12
79 58
85 54
77 77
82 94
86 17
78 43
83 21
81 56
87 24
79 70
84 91
82 98
88 82
80 28
83 81
89 19
81 58
86 43
90 63
82 78
87 56
85 67
91 92
83 14
88 59
86 25
92 27
84 10
87 62
93 32
85 70
90 97
94 18
86 26
91 77
89 72
95 70
87 76
92 100
90 48
96 60
88 20
91 26
97 18
89 34
94 14
98 79
90 74
95 17
93 49
99 13
91 22
96 58
94 99
100 16
92 95
95 92
93 35
98 52
94 74
99 69
97 55
95 62
100 10
98 32
96 55
99 43
95
89
3 32 72 95 
1 22 
3 83 23 99 
2 40 35 
2 46 9 
2 68 11 
3 100 15 30 
1 98 
2 57 3 
2 49 85 
1 6 
1 47 
2 34 54 
2 24 14 
2 82 90 
1 17 
1 44 
1 66 
3 36 20 89 
