600 2276 10 100 114
2
3
3
3
3
3
3
3
3
3
3
3
3
3
3
3
3
3
3
3
3
3
3
3
3
3
3
3
3
3
3
3
3
3
3
3
3
3
3
3
3
3
3
3
3
3
3
3
3
2
3
4
4
4
4
4
4
4
4
4
4
4
4
4
4
4
4
4
4
4
4
4
4
4
4
4
4
4
4
4
4
4
4
4
4
4
4
4
4
4
4
4
4
4
4
4
4
4
4
3
3
4
4
4
4
4
4
4
4
4
4
4
4
4
4
4
4
4
4
4
4
4
4
4
4
4
4
4
4
4
4
4
4
4
4
4
4
4
4
4
4
4
4
4
4
4
4
4
4
3
3
4
4
4
4
4
4
4
4
4
4
4
4
4
4
4
4
4
4
4
4
4
4
4
4
4
4
4
4
4
4
4
4
4
4
4
4
4
4
4
4
4
4
4
4
4
4
4
4
3
3
4
4
4
4
4
4
4
4
4
4
4
4
4
4
4
4
4
4
4
4
4
4
4
4
4
4
4
4
4
4
4
4
4
4
4
4
4
4
4
4
4
4
4
4
4
4
4
4
3
3
4
4
4
4
4
4
4
4
4
4
4
4
4
4
4
4
4
4
4
4
4
4
4
4
4
4
4
4
4
4
4
4
4
4
4
4
4
4
4
4
4
4
4
4
4
4
4
4
3
3
4
4
4
4
4
4
4
4
4
4
4
4
4
4
4
4
4
4
4
4
4
4
4
4
4
4
4
4
4
4
4
4
4
4
4
4
4
4
4
4
4
4
4
4
4
4
4
4
3
3
4
4
4
4
4
4
4
4
4
4
4
4
4
4
4
4
4
4
4
4
4
4
4
4
4
4
4
4
4
4
4
4
4
4
4
4
4
4
4
4
4
4
4
4
4
4
4
4
3
3
4
4
4
4
4
4
4
4
4
4
4
4
4
4
4
4
4
4
4
4
4
4
4
4
4
4
4
4
4
4
4
4
4
4
4
4
4
4
4
4
4
4
4
4
4
4
4
4
3
3
4
4
4
4
4
4
4
4
4
4
4
4
4
4
4
4
4
4
4
4
4
4
4
4
4
4
4
4
4
4
4
4
4
4
4
4
4
4
4
4
4
4
4
4
4
4
4
4
3
3
4
4
4
4
4
4
4
4
4
4
4
4
4
4
4
4
4
4
4
4
4
4
4
4
4
4
4
4
4
4
4
4
4
4
4
4
4
4
4
4
4
4
4
4
4
4
4
4
3
2
3
3
3
3
3
3
3
3
3
3
3
3
3
3
3
3
3
3
3
3
3
3
3
3
3
3
3
3
3
3
3
3
3
3
3
3
3
3
3
3
3
3
3
3
3
3
3
3
2
51 26
2 29
52 11
3 68
1 35
53 20
4 45
2 13
54 73
5 79
3 22
55 77
6 91
4 27
56 58
7 78
5 43
57 11
8 70
6 66
58 23
9 69
7 82
59 74
10 22
8 36
60 100
11 47
9 64
61 85
12 66
10 30
62 52
13 55
11 53
63 99
14 63
12 13
64 32
15 98
13 27
65 57
16 40
14 32
66 21
17 97
15 24
67 54
18 72
16 35
68 79
19 65
17 23
69 82
20 65
18 24
70 39
21 22
19 51
71 91
22 11
20 62
72 90
23 94
21 25
73 24
24 28
22 72
74 68
25 46
23 61
75 48
26 66
24 92
76 68
27 74
25 50
77 15
28 98
26 18
78 60
29 10
27 23
79 90
30 24
28 86
80 100
31 83
29 82
81 43
32 45
30 20
82 88
33 97
31 15
83 17
34 13
32 86
84 79
35 75
33 36
85 50
36 61
34 63
86 48
37 70
35 44
87 23
38 17
36 19
88 98
39 61
37 74
89 66
40 76
38 18
90 71
41 78
39 21
91 40
42 43
40 31
92 50
43 98
41 12
93 96
44 91
42 16
94 87
45 53
43 77
95 67
46 38
44 54
96 91
47 90
45 68
97 89
48 51
46 46
98 74
49 46
47 26
99 56
50 23
48 61
100 56
49 47
101 51
1 93
52 72
102 53
2 20
53 39
51 96
103 94
3 87
54 64
52 24
104 69
4 15
55 41
53 23
105 100
5 98
56 81
54 21
106 25
6 26
57 99
55 69
107 21
7 11
58 47
56 38
108 62
8 90
59 60
57 54
109 60
9 32
60 59
58 38
110 42
10 48
61 30
59 78
111 91
11 81
62 55
60 94
112 19
12 94
63 61
61 27
113 26
13 58
64 35
62 56
114 61
14 33
65 34
63 19
115 90
15 42
66 28
64 99
116 14
16 85
67 77
65 88
117 76
17 13
68 81
66 43
118 100
18 75
69 67
67 85
119 63
19 22
70 48
68 49
120 15
20 32
71 53
69 27
121 19
21 98
72 100
70 73
122 21
22 38
73 25
71 61
123 72
23 71
74 91
72 74
124 50
24 47
75 66
73 52
125 23
25 69
76 91
74 41
126 83
26 35
77 89
75 15
127 70
27 24
78 86
76 35
128 10
28 79
79 15
77 82
129 37
29 70
80 74
78 84
130 67
30 12
81 57
79 37
131 16
31 58
82 47
80 12
132 93
32 44
83 79
81 89
133 33
33 20
84 32
82 89
134 54
34 42
85 90
83 53
135 16
35 71
86 82
84 68
136 20
36 86
87 14
85 41
137 30
37 27
88 84
86 32
138 54
38 26
89 67
87 47
139 87
39 75
90 65
88 18
140 79
40 66
91 18
89 63
141 96
41 27
92 19
90 15
142 59
42 96
93 15
91 51
143 98
43 98
94 98
92 98
144 71
44 38
95 69
93 62
145 57
45 16
96 93
94 63
146 92
46 94
97 69
95 15
147 17
47 97
98 82
96 75
148 15
48 35
99 89
97 90
149 46
49 50
100 18
98 52
150 16
50 21
99 51
151 82
51 52
102 28
152 68
52 29
103 58
101 39
153 16
53 93
104 38
102 85
154 48
54 23
105 72
103 73
155 55
55 20
106 87
104 81
156 76
56 60
107 66
105 64
157 48
57 98
108 78
106 67
158 11
58 77
109 36
107 94
159 12
59 51
110 76
108 37
160 55
60 32
111 49
109 98
161 45
61 41
112 20
110 79
162 35
62 76
113 35
111 100
163 65
63 49
114 81
112 41
164 36
64 26
115 69
113 63
165 47
65 17
116 65
114 60
166 79
66 65
117 19
115 91
167 100
67 24
118 40
116 54
168 13
68 46
119 84
117 12
169 82
69 15
120 43
118 86
170 18
70 38
121 15
119 79
171 89
71 93
122 34
120 78
172 75
72 29
123 46
121 91
173 43
73 39
124 20
122 76
174 67
74 56
125 74
123 32
175 67
75 65
126 72
124 82
176 37
76 42
127 15
125 58
177 44
77 99
128 40
126 30
178 32
78 44
129 21
127 32
179 33
79 100
130 57
128 84
180 89
80 30
131 78
129 64
181 23
81 25
132 59
130 15
182 90
82 27
133 99
131 27
183 29
83 30
134 66
132 52
184 31
84 19
135 99
133 55
185 23
85 23
136 31
134 86
186 60
86 60
137 78
135 56
187 63
87 78
138 55
136 53
188 66
88 58
139 71
137 95
189 36
89 32
140 88
138 67
190 37
90 95
141 73
139 92
191 34
91 92
142 76
140 55
192 18
92 87
143 45
141 45
193 70
93 78
144 95
142 62
194 80
94 13
145 87
143 67
195 81
95 67
146 22
144 77
196 52
96 33
147 57
145 20
197 44
97 84
148 61
146 55
198 28
98 42
149 94
147 94
199 81
99 32
150 21
148 13
200 99
100 28
149 55
201 98
101 77
152 86
202 19
102 21
153 43
151 16
203 76
103 48
154 74
152 95
204 99
104 17
155 18
153 89
205 17
105 50
156 10
154 48
206 43
106 89
157 43
155 14
207 28
107 80
158 30
156 89
208 52
108 65
159 47
157 94
209 63
109 84
160 44
158 27
210 62
110 52
161 40
159 42
211 17
111 84
162 98
160 76
212 52
112 12
163 18
161 92
213 64
113 76
164 87
162 32
214 26
114 66
165 15
163 58
215 31
115 14
166 63
164 62
216 59
116 36
167 18
165 87
217 84
117 96
168 18
166 16
218 36
118 28
169 56
167 34
219 59
119 22
170 88
168 72
220 50
120 44
171 64
169 11
221 34
121 64
172 42
170 76
222 28
122 52
173 10
171 15
223 22
123 44
174 91
172 73
224 14
124 29
175 40
173 58
225 23
125 29
176 22
174 100
226 82
126 47
177 68
175 19
227 97
127 52
178 56
176 98
228 79
128 50
179 38
177 64
229 36
129 55
180 17
178 45
230 30
130 14
181 52
179 78
231 49
131 49
182 33
180 11
232 77
132 62
183 69
181 30
233 71
133 85
184 75
182 48
234 10
134 12
185 90
183 57
235 13
135 24
186 33
184 20
236 41
136 10
187 70
185 82
237 98
137 52
188 48
186 93
238 67
138 94
189 76
187 49
239 77
139 58
190 97
188 28
240 13
140 36
191 100
189 55
241 65
141 75
192 84
190 46
242 47
142 25
193 98
191 30
243 53
143 20
194 88
192 63
244 17
144 47
195 61
193 18
245 86
145 84
196 94
194 84
246 18
146 78
197 49
195 48
247 26
147 65
198 77
196 34
248 59
148 91
199 10
197 56
249 16
149 51
200 76
198 78
250 18
150 69
199 79
251 16
151 23
202 85
252 64
152 35
203 99
201 86
253 62
153 45
204 48
202 29
254 18
154 14
205 60
203 44
255 30
155 37
206 27
204 31
256 37
156 95
207 43
205 15
257 22
157 31
208 19
206 50
258 96
158 58
209 38
207 99
259 32
159 38
210 36
208 67
260 20
160 31
211 36
209 68
261 38
161 94
212 51
210 64
262 14
162 30
213 92
211 12
263 48
163 77
214 100
212 90
264 24
164 26
215 85
213 95
265 19
165 37
216 26
214 47
266 19
166 42
217 75
215 15
267 22
167 18
218 58
216 21
268 27
168 43
219 26
217 100
269 59
169 94
220 72
218 35
270 26
170 93
221 56
219 100
271 42
171 52
222 47
220 87
272 81
172 18
223 30
221 61
273 20
173 34
224 32
222 92
274 97
174 64
225 53
223 50
275 71
175 11
226 60
224 18
276 21
176 31
227 88
225 61
277 81
177 11
228 39
226 30
278 88
178 93
229 11
227 61
279 83
179 90
230 72
228 74
280 37
180 88
231 50
229 97
281 64
181 50
232 92
230 46
282 45
182 22
233 64
231 38
283 84
183 61
234 38
232 13
284 57
184 46
235 68
233 56
285 76
185 57
236 24
234 30
286 77
186 70
237 60
235 81
287 11
187 52
238 57
236 50
288 35
188 47
239 38
237 83
289 95
189 82
240 76
238 23
290 37
190 27
241 34
239 56
291 82
191 62
242 76
240 44
292 45
192 54
243 86
241 44
293 43
193 67
244 71
242 48
294 11
194 76
245 80
243 89
295 81
195 47
246 28
244 72
296 19
196 68
247 12
245 79
297 80
197 26
248 59
246 39
298 65
198 89
249 48
247 50
299 64
199 35
250 68
248 51
300 40
200 29
249 72
301 39
201 75
252 36
302 21
202 54
253 61
251 52
303 76
203 29
254 28
252 18
304 90
204 95
255 83
253 51
305 43
205 52
256 85
254 57
306 23
206 96
257 36
255 18
307 39
207 40
258 49
256 65
308 77
208 42
259 69
257 40
309 20
209 40
260 100
258 22
310 47
210 10
261 88
259 96
311 87
211 77
262 67
260 13
312 18
212 80
263 86
261 38
313 78
213 44
264 40
262 53
314 35
214 14
265 37
263 32
315 52
215 89
266 90
264 60
316 70
216 14
267 93
265 97
317 57
217 68
268 43
266 17
318 85
218 45
269 36
267 97
319 77
219 92
270 45
268 69
320 98
220 80
271 42
269 49
321 35
221 57
272 22
270 54
322 22
222 100
273 25
271 88
323 88
223 14
274 62
272 77
324 98
224 14
275 89
273 63
325 65
225 52
276 26
274 94
326 85
226 73
277 38
275 80
327 72
227 71
278 26
276 27
328 69
228 93
279 24
277 94
329 66
229 49
280 98
278 90
330 23
230 77
281 50
279 91
331 98
231 49
282 36
280 26
332 97
232 76
283 43
281 31
333 50
233 99
284 11
282 31
334 69
234 67
285 97
283 44
335 16
235 32
286 69
284 18
336 39
236 61
287 43
285 29
337 39
237 73
288 17
286 57
338 37
238 21
289 41
287 82
339 55
239 52
290 37
288 47
340 46
240 19
291 12
289 11
341 97
241 25
292 92
290 21
342 75
242 64
293 53
291 33
343 76
243 96
294 10
292 38
344 48
244 93
295 100
293 27
345 12
245 56
296 94
294 70
346 41
246 88
297 12
295 54
347 21
247 48
298 46
296 16
348 47
248 80
299 37
297 45
349 35
249 74
300 37
298 15
350 25
250 13
299 98
351 75
251 23
302 82
352 94
252 59
303 90
301 84
353 88
253 75
304 10
302 99
354 32
254 65
305 72
303 29
355 61
255 70
306 49
304 16
356 48
256 61
307 17
305 71
357 13
257 70
308 64
306 90
358 15
258 83
309 44
307 43
359 64
259 24
310 76
308 24
360 11
260 54
311 25
309 60
361 48
261 13
312 13
310 38
362 95
262 23
313 57
311 49
363 73
263 83
314 11
312 99
364 42
264 20
315 50
313 47
365 71
265 52
316 88
314 63
366 47
266 40
317 91
315 98
367 79
267 97
318 64
316 10
368 86
268 51
319 22
317 30
369 59
269 37
320 68
318 90
370 76
270 85
321 78
319 38
371 95
271 63
322 89
320 34
372 36
272 70
323 66
321 64
373 62
273 44
324 52
322 37
374 91
274 30
325 59
323 86
375 15
275 98
326 85
324 41
376 87
276 82
327 61
325 13
377 58
277 28
328 94
326 95
378 100
278 36
329 48
327 24
379 61
279 96
330 88
328 18
380 81
280 77
331 97
329 17
381 42
281 12
332 35
330 40
382 77
282 42
333 71
331 50
383 69
283 49
334 10
332 32
384 60
284 77
335 27
333 91
385 32
285 69
336 28
334 91
386 46
286 86
337 57
335 19
387 18
287 95
338 69
336 80
388 35
288 27
339 30
337 64
389 59
289 74
340 82
338 26
390 38
290 90
341 86
339 26
391 39
291 94
342 34
340 17
392 21
292 69
343 57
341 85
393 53
293 13
344 97
342 30
394 29
294 97
345 71
343 34
395 97
295 87
346 51
344 76
396 93
296 46
347 10
345 31
397 82
297 44
348 15
346 33
398 100
298 29
349 11
347 42
399 15
299 89
350 33
348 82
400 99
300 25
349 59
401 82
301 21
352 59
402 11
302 85
353 82
351 62
403 27
303 75
354 70
352 52
404 67
304 10
355 83
353 99
405 59
305 69
356 35
354 50
406 78
306 23
357 85
355 17
407 38
307 91
358 21
356 13
408 21
308 62
359 24
357 19
409 55
309 83
360 47
358 88
410 78
310 63
361 19
359 25
411 28
311 87
362 57
360 34
412 55
312 83
363 79
361 22
413 29
313 46
364 69
362 82
414 20
314 15
365 50
363 42
415 78
315 67
366 66
364 10
416 98
316 52
367 37
365 34
417 11
317 99
368 53
366 93
418 85
318 13
369 56
367 33
419 21
319 27
370 81
368 74
420 42
320 99
371 56
369 64
421 21
321 91
372 14
370 54
422 20
322 88
373 71
371 24
423 67
323 69
374 26
372 15
424 27
324 81
375 34
373 37
425 23
325 22
376 28
374 98
426 73
326 48
377 89
375 71
427 70
327 67
378 51
376 74
428 93
328 49
379 11
377 84
429 72
329 10
380 43
378 17
430 38
330 45
381 38
379 50
431 37
331 12
382 47
380 66
432 28
332 14
383 81
381 39
433 60
333 57
384 54
382 18
434 50
334 55
385 31
383 15
435 95
335 44
386 21
384 99
436 37
336 75
387 37
385 11
437 25
337 58
388 31
386 61
438 60
338 78
389 64
387 88
439 20
339 48
390 13
388 46
440 26
340 47
391 97
389 15
441 14
341 46
392 59
390 100
442 78
342 23
393 64
391 33
443 27
343 26
394 79
392 60
444 11
344 70
395 82
393 58
445 61
345 61
396 93
394 69
446 89
346 87
397 39
395 92
447 38
347 33
398 37
396 47
448 49
348 70
399 31
397 74
449 81
349 81
400 20
398 22
450 24
350 58
399 34
451 71
351 35
402 23
452 98
352 18
403 77
401 41
453 54
353 40
404 72
402 77
454 91
354 98
405 78
403 21
455 74
355 31
406 32
404 71
456 75
356 46
407 53
405 83
457 15
357 88
408 96
406 37
458 26
358 48
409 51
407 15
459 73
359 30
410 23
408 96
460 77
360 52
411 43
409 50
461 99
361 20
412 71
410 31
462 35
362 98
413 45
411 28
463 17
363 22
414 17
412 94
464 19
364 44
415 80
413 73
465 91
365 75
416 63
414 58
466 18
366 30
417 17
415 65
467 99
367 77
418 54
416 28
468 62
368 73
419 68
417 60
469 37
369 98
420 96
418 58
470 85
370 75
421 19
419 90
471 42
371 15
422 47
420 78
472 96
372 27
423 94
421 94
473 54
373 91
424 17
422 23
474 98
374 45
425 43
423 21
475 22
375 26
426 24
424 41
476 66
376 71
427 42
425 20
477 14
377 66
428 89
426 91
478 55
378 89
429 86
427 73
479 31
379 21
430 80
428 37
480 54
380 49
431 15
429 68
481 75
381 13
432 65
430 67
482 36
382 20
433 12
431 65
483 48
383 16
434 72
432 50
484 89
384 85
435 81
433 50
485 45
385 58
436 18
434 97
486 63
386 13
437 26
435 59
487 94
387 43
438 45
436 94
488 68
388 31
439 61
437 55
489 93
389 26
440 41
438 29
490 74
390 63
441 46
439 33
491 23
391 22
442 25
440 52
492 50
392 67
443 27
441 54
493 67
393 30
444 28
442 44
494 53
394 69
445 68
443 78
495 35
395 29
446 61
444 43
496 59
396 89
447 20
445 41
497 96
397 25
448 95
446 26
498 48
398 61
449 71
447 12
499 80
399 58
450 68
448 27
500 30
400 35
449 82
501 33
401 25
452 48
502 85
402 96
453 39
451 73
503 23
403 65
454 56
452 43
504 69
404 13
455 91
453 13
505 22
405 72
456 35
454 76
506 20
406 45
457 41
455 13
507 64
407 77
458 60
456 61
508 63
408 66
459 82
457 17
509 52
409 66
460 49
458 50
510 34
410 10
461 36
459 85
511 28
411 27
462 25
460 74
512 49
412 65
463 52
461 36
513 96
413 52
464 76
462 83
514 16
414 81
465 85
463 46
515 24
415 91
466 48
464 23
516 90
416 69
467 85
465 75
517 43
417 97
468 74
466 51
518 11
418 65
469 30
467 30
519 78
419 36
470 65
468 43
520 39
420 54
471 60
469 35
521 94
421 28
472 64
470 70
522 29
422 30
473 48
471 72
523 17
423 70
474 50
472 89
524 11
424 52
475 18
473 90
525 70
425 89
476 49
474 70
526 11
426 50
477 87
475 65
527 10
427 91
478 88
476 96
528 29
428 86
479 36
477 70
529 35
429 99
480 11
478 93
530 16
430 70
481 80
479 21
531 10
431 25
482 83
480 87
532 43
432 62
483 32
481 92
533 92
433 13
484 88
482 64
534 39
434 93
485 63
483 89
535 30
435 59
486 90
484 54
536 100
436 24
487 38
485 55
537 98
437 50
488 63
486 84
538 45
438 41
489 19
487 91
539 87
439 72
490 99
488 86
540 70
440 13
491 40
489 51
541 32
441 56
492 87
490 81
542 73
442 94
493 17
491 13
543 48
443 39
494 22
492 92
544 12
444 97
495 23
493 61
545 43
445 30
496 45
494 29
546 59
446 25
497 58
495 73
547 77
447 81
498 69
496 35
548 18
448 22
499 67
497 47
549 92
449 57
500 96
498 98
550 35
450 29
499 18
551 64
451 49
502 27
552 47
452 13
503 46
501 59
553 80
453 77
504 45
502 96
554 86
454 72
505 24
503 92
555 32
455 58
506 69
504 88
556 29
456 52
507 60
505 82
557 25
457 52
508 84
506 34
558 29
458 57
509 96
507 42
559 86
459 36
510 33
508 83
560 68
460 34
511 47
509 31
561 13
461 62
512 91
510 79
562 14
462 83
513 22
511 47
563 59
463 100
514 64
512 32
564 86
464 82
515 71
513 85
565 94
465 17
516 43
514 11
566 69
466 95
517 71
515 10
567 43
467 80
518 98
516 69
568 53
468 85
519 21
517 26
569 67
469 67
520 18
518 63
570 81
470 11
521 39
519 40
571 55
471 72
522 14
520 88
572 19
472 95
523 72
521 46
573 44
473 54
524 62
522 25
574 76
474 40
525 57
523 68
575 47
475 63
526 88
524 76
576 99
476 70
527 80
525 48
577 82
477 84
528 58
526 51
578 29
478 14
529 63
527 68
579 48
479 94
530 37
528 94
580 27
480 85
531 99
529 25
581 47
481 78
532 49
530 46
582 52
482 99
533 86
531 75
583 35
483 92
534 25
532 99
584 82
484 53
535 19
533 44
585 88
485 76
536 59
534 83
586 55
486 67
537 73
535 97
587 62
487 26
538 41
536 13
588 83
488 89
539 91
537 24
589 37
489 58
540 56
538 74
590 16
490 50
541 38
539 65
591 64
491 47
542 84
540 48
592 72
492 96
543 92
541 71
593 84
493 60
544 63
542 76
594 79
494 79
545 40
543 63
595 25
495 23
546 20
544 29
596 55
496 54
547 77
545 37
597 70
497 97
548 37
546 65
598 17
498 53
549 65
547 30
599 75
499 75
550 93
548 98
600 51
500 32
549 91
501 20
552 43
502 20
553 29
551 18
503 17
554 70
552 48
504 89
555 46
553 22
505 12
556 52
554 35
506 52
557 75
555 57
507 70
558 81
556 47
508 68
559 56
557 42
509 88
560 93
558 65
510 99
561 99
559 80
511 32
562 92
560 14
512 50
563 61
561 20
513 90
564 27
562 41
514 99
565 59
563 37
515 92
566 20
564 49
516 44
567 77
565 15
517 71
568 84
566 44
518 90
569 21
567 24
519 10
570 14
568 52
520 37
571 36
569 24
521 19
572 50
570 84
522 95
573 16
571 62
523 90
574 22
572 97
524 46
575 95
573 53
525 51
576 57
574 88
526 36
577 85
575 38
527 70
578 90
576 10
528 68
579 96
577 63
529 64
580 96
578 56
530 28
581 20
579 58
531 46
582 75
580 60
532 67
583 85
581 46
533 56
584 64
582 53
534 11
585 27
583 32
535 84
586 94
584 10
536 72
587 90
585 67
537 12
588 42
586 40
538 72
589 69
587 58
539 80
590 81
588 12
540 31
591 37
589 33
541 100
592 56
590 81
542 44
593 94
591 58
543 85
594 85
592 39
544 13
595 25
593 85
545 44
596 70
594 43
546 99
597 11
595 19
547 76
598 87
596 42
548 55
599 88
597 90
549 97
600 31
598 63
550 52
599 94
376
118
1 376 
4 576 82 483 283 
2 247 445 
1 448 
4 128 428 151 329 
2 416 137 
2 111 184 
1 37 
1 124 
2 46 420 
1 562 
2 249 476 
1 553 
3 107 463 546 
1 393 
2 407 170 
3 5 578 284 
1 513 
3 39 485 235 
2 531 358 
1 525 
2 95 223 
3 207 383 4 
1 56 
2 467 522 
2 437 244 
2 298 353 
1 422 
2 529 491 
1 299 
1 549 
1 512 
2 87 281 
1 296 
2 551 145 
3 54 577 246 
4 58 199 182 317 
1 498 
1 456 
1 132 
2 585 233 
1 99 
1 363 
1 157 
2 589 356 
1 138 
1 387 
2 69 310 
1 397 
2 2 259 
1 276 
2 231 400 
2 431 183 
5 479 375 88 22 21 
2 505 469 
2 49 253 
1 384 
2 438 533 
1 398 
4 458 34 90 561 
1 470 
2 596 368 
1 379 
1 487 
1 408 
4 163 130 144 158 
3 557 360 196 
2 76 301 
1 584 
2 167 309 
3 510 83 55 
4 237 57 535 343 
4 390 12 273 472 
1 285 
3 260 357 482 
1 100 
1 459 
1 98 
2 292 331 
1 323 
3 3 552 31 
1 89 
1 209 
2 518 219 
1 35 
1 399 
2 597 534 
1 436 
4 465 13 164 492 
4 527 220 229 493 
2 548 134 
2 188 123 
1 181 
1 85 
1 272 
3 211 514 417 
2 227 474 
2 225 241 
1 410 
4 348 481 537 430 
1 280 
1 506 
1 198 
2 156 312 
2 347 516 
1 418 
3 142 330 297 
1 250 
2 588 316 
1 600 
1 556 
5 340 308 222 381 433 
1 180 
1 118 
