400 1520 10 100 76
2
3
3
3
3
3
3
3
3
3
3
3
3
3
3
3
3
3
3
2
3
4
4
4
4
4
4
4
4
4
4
4
4
4
4
4
4
4
4
3
3
4
4
4
4
4
4
4
4
4
4
4
4
4
4
4
4
4
4
3
3
4
4
4
4
4
4
4
4
4
4
4
4
4
4
4
4
4
4
3
3
4
4
4
4
4
4
4
4
4
4
4
4
4
4
4
4
4
4
3
3
4
4
4
4
4
4
4
4
4
4
4
4
4
4
4
4
4
4
3
3
4
4
4
4
4
4
4
4
4
4
4
4
4
4
4
4
4
4
3
3
4
4
4
4
4
4
4
4
4
4
4
4
4
4
4
4
4
4
3
3
4
4
4
4
4
4
4
4
4
4
4
4
4
4
4
4
4
4
3
3
4
4
4
4
4
4
4
4
4
4
4
4
4
4
4
4
4
4
3
3
4
4
4
4
4
4
4
4
4
4
4
4
4
4
4
4
4
4
3
3
4
4
4
4
4
4
4
4
4
4
4
4
4
4
4
4
4
4
3
3
4
4
4
4
4
4
4
4
4
4
4
4
4
4
4
4
4
4
3
3
4
4
4
4
4
4
4
4
4
4
4
4
4
4
4
4
4
4
3
3
4
4
4
4
4
4
4
4
4
4
4
4
4
4
4
4
4
4
3
3
4
4
4
4
4
4
4
4
4
4
4
4
4
4
4
4
4
4
3
3
4
4
4
4
4
4
4
4
4
4
4
4
4
4
4
4
4
4
3
3
4
4
4
4
4
4
4
4
4
4
4
4
4
4
4
4
4
4
3
3
4
4
4
4
4
4
4
4
4
4
4
4
4
4
4
4
4
4
3
2
3
3
3
3
3
3
3
3
3
3
3
3
3
3
3
3
3
3
2
21 77
2 29
22 32
3 13
1 92
23 11
4 83
2 81
24 28
5 93
3 27
25 55
6 70
4 98
26 79
7 87
5 59
27 15
8 74
6 35
28 88
9 72
7 26
29 79
10 14
8 78
30 72
11 56
9 51
31 38
12 19
10 11
32 17
13 91
11 20
33 75
14 42
12 36
34 86
15 38
13 74
35 33
16 87
14 52
36 28
17 62
15 59
37 63
18 97
16 61
38 93
19 42
17 36
39 18
20 29
18 33
40 24
19 86
41 72
1 51
22 37
42 87
2 33
23 61
21 10
43 12
3 81
24 93
22 53
44 45
4 66
25 52
23 21
45 66
5 65
26 13
24 33
46 29
6 30
27 74
25 99
47 18
7 10
28 93
26 63
48 100
8 43
29 73
27 55
49 19
9 60
30 58
28 28
50 84
10 30
31 46
29 87
51 25
11 33
32 50
30 67
52 67
12 62
33 19
31 11
53 56
13 54
34 70
32 98
54 27
14 20
35 35
33 18
55 97
15 46
36 94
34 45
56 60
16 64
37 56
35 97
57 76
17 69
38 68
36 14
58 59
18 17
39 18
37 26
59 86
19 100
40 12
38 33
60 97
20 44
39 76
61 63
21 14
42 82
62 53
22 32
43 14
41 30
63 87
23 67
44 52
42 43
64 99
24 38
45 72
43 79
65 43
25 80
46 34
44 71
66 49
26 18
47 30
45 46
67 67
27 78
48 39
46 49
68 51
28 81
49 72
47 68
69 47
29 66
50 22
48 90
70 50
30 30
51 79
49 95
71 10
31 15
52 76
50 40
72 100
32 22
53 86
51 34
73 27
33 49
54 69
52 52
74 72
34 10
55 48
53 76
75 93
35 55
56 63
54 95
76 68
36 55
57 41
55 86
77 30
37 98
58 43
56 15
78 10
38 22
59 29
57 41
79 11
39 92
60 62
58 11
80 90
40 93
59 35
81 79
41 33
62 36
82 73
42 13
63 41
61 63
83 33
43 39
64 67
62 18
84 95
44 89
65 94
63 86
85 65
45 26
66 30
64 62
86 100
46 49
67 81
65 68
87 25
47 32
68 39
66 28
88 14
48 64
69 53
67 59
89 27
49 82
70 84
68 69
90 68
50 30
71 94
69 18
91 35
51 52
72 53
70 25
92 72
52 85
73 54
71 29
93 29
53 13
74 48
72 14
94 42
54 13
75 60
73 41
95 31
55 47
76 90
74 56
96 39
56 83
77 93
75 82
97 97
57 83
78 40
76 100
98 56
58 84
79 40
77 91
99 99
59 53
80 53
78 54
100 44
60 60
79 55
101 71
61 100
82 81
102 84
62 11
83 97
81 30
103 84
63 51
84 31
82 99
104 31
64 82
85 30
83 37
105 10
65 98
86 37
84 47
106 96
66 37
87 31
85 37
107 63
67 94
88 43
86 84
108 74
68 50
89 21
87 47
109 94
69 15
90 100
88 81
110 20
70 45
91 51
89 88
111 21
71 73
92 98
90 52
112 86
72 71
93 40
91 25
113 22
73 83
94 59
92 11
114 64
74 76
95 10
93 67
115 79
75 38
96 79
94 34
116 32
76 23
97 47
95 86
117 11
77 24
98 94
96 83
118 36
78 52
99 72
97 74
119 18
79 42
100 23
98 73
120 56
80 88
99 30
121 98
81 48
102 38
122 89
82 90
103 15
101 80
123 66
83 90
104 54
102 78
124 51
84 62
105 17
103 21
125 61
85 53
106 66
104 94
126 98
86 85
107 93
105 99
127 56
87 10
108 93
106 14
128 12
88 54
109 58
107 64
129 65
89 27
110 96
108 45
130 83
90 82
111 90
109 44
131 91
91 70
112 92
110 53
132 50
92 37
113 83
111 57
133 77
93 39
114 82
112 86
134 67
94 49
115 74
113 89
135 57
95 90
116 94
114 34
136 15
96 25
117 86
115 10
137 55
97 84
118 38
116 22
138 53
98 100
119 79
117 45
139 58
99 20
120 17
118 18
140 53
100 91
119 28
141 96
101 92
122 77
142 88
102 13
123 31
121 58
143 68
103 15
124 62
122 84
144 77
104 30
125 97
123 33
145 58
105 74
126 45
124 96
146 62
106 35
127 75
125 89
147 94
107 39
128 32
126 52
148 20
108 40
129 36
127 39
149 18
109 18
130 20
128 34
150 10
110 57
131 17
129 75
151 74
111 93
132 100
130 51
152 42
112 21
133 20
131 23
153 92
113 96
134 64
132 83
154 23
114 90
135 10
133 55
155 51
115 72
136 33
134 59
156 83
116 29
137 36
135 95
157 89
117 43
138 88
136 47
158 76
118 24
139 36
137 63
159 74
119 54
140 54
138 43
160 29
120 44
139 25
161 38
121 70
142 92
162 50
122 82
143 14
141 67
163 55
123 37
144 58
142 95
164 15
124 97
145 86
143 62
165 45
125 81
146 32
144 16
166 46
126 61
147 78
145 45
167 93
127 55
148 81
146 36
168 79
128 56
149 50
147 55
169 64
129 25
150 46
148 49
170 79
130 72
151 77
149 13
171 42
131 84
152 15
150 43
172 16
132 80
153 78
151 40
173 81
133 77
154 11
152 77
174 88
134 69
155 41
153 28
175 88
135 46
156 67
154 89
176 78
136 35
157 48
155 31
177 32
137 54
158 26
156 56
178 31
138 31
159 60
157 62
179 83
139 77
160 96
158 89
180 77
140 24
159 69
181 83
141 92
162 42
182 35
142 39
163 22
161 19
183 43
143 53
164 84
162 26
184 53
144 46
165 69
163 16
185 46
145 44
166 43
164 91
186 57
146 76
167 13
165 23
187 54
147 31
168 57
166 32
188 67
148 67
169 20
167 41
189 60
149 39
170 48
168 14
190 13
150 19
171 36
169 60
191 59
151 42
172 70
170 24
192 92
152 73
173 55
171 60
193 80
153 54
174 26
172 71
194 56
154 17
175 28
173 94
195 79
155 34
176 57
174 42
196 66
156 69
177 82
175 72
197 52
157 34
178 98
176 17
198 28
158 78
179 32
177 36
199 73
159 30
180 32
178 97
200 59
160 84
179 84
201 46
161 57
182 90
202 55
162 67
183 71
181 99
203 87
163 40
184 30
182 97
204 80
164 16
185 57
183 71
205 17
165 62
186 80
184 18
206 56
166 38
187 31
185 86
207 65
167 57
188 56
186 20
208 91
168 84
189 64
187 56
209 59
169 91
190 98
188 31
210 32
170 57
191 96
189 20
211 75
171 18
192 39
190 87
212 43
172 30
193 85
191 30
213 38
173 43
194 66
192 46
214 64
174 77
195 36
193 98
215 77
175 89
196 52
194 10
216 30
176 27
197 36
195 37
217 88
177 59
198 93
196 10
218 64
178 41
199 30
197 55
219 81
179 18
200 44
198 76
220 15
180 80
199 60
221 97
181 73
202 75
222 96
182 66
203 91
201 36
223 64
183 11
204 42
202 87
224 39
184 64
205 84
203 27
225 95
185 92
206 16
204 16
226 63
186 25
207 68
205 54
227 12
187 96
208 98
206 39
228 73
188 36
209 51
207 76
229 82
189 30
210 30
208 89
230 16
190 40
211 58
209 63
231 45
191 73
212 32
210 41
232 99
192 42
213 55
211 80
233 18
193 14
214 47
212 71
234 33
194 25
215 67
213 95
235 71
195 33
216 96
214 95
236 63
196 61
217 21
215 15
237 31
197 72
218 17
216 76
238 32
198 37
219 94
217 15
239 34
199 50
220 75
218 91
240 68
200 32
219 15
241 14
201 21
222 82
242 84
202 20
223 34
221 15
243 40
203 57
224 54
222 52
244 40
204 84
225 54
223 79
245 77
205 83
226 13
224 36
246 39
206 54
227 25
225 35
247 87
207 65
228 32
226 64
248 75
208 92
229 43
227 90
249 89
209 33
230 52
228 83
250 99
210 86
231 86
229 90
251 24
211 51
232 72
230 93
252 65
212 82
233 27
231 35
253 14
213 52
234 67
232 33
254 31
214 94
235 71
233 61
255 35
215 81
236 55
234 43
256 34
216 62
237 42
235 39
257 92
217 89
238 56
236 92
258 30
218 34
239 96
237 22
259 74
219 82
240 25
238 22
260 18
220 86
239 96
261 57
221 100
242 80
262 99
222 24
243 20
241 86
263 42
223 62
244 57
242 63
264 90
224 88
245 23
243 66
265 49
225 47
246 11
244 78
266 55
226 23
247 62
245 71
267 83
227 63
248 67
246 25
268 57
228 24
249 30
247 77
269 49
229 72
250 66
248 58
270 83
230 73
251 14
249 28
271 85
231 62
252 27
250 68
272 36
232 42
253 11
251 55
273 96
233 87
254 98
252 68
274 47
234 13
255 54
253 32
275 21
235 72
256 69
254 90
276 91
236 81
257 65
255 64
277 47
237 49
258 25
256 96
278 79
238 49
259 36
257 86
279 28
239 15
260 53
258 99
280 51
240 68
259 85
281 65
241 12
262 62
282 26
242 26
263 69
261 82
283 42
243 28
264 73
262 58
284 32
244 16
265 27
263 41
285 100
245 31
266 45
264 93
286 26
246 69
267 91
265 22
287 26
247 40
268 64
266 23
288 14
248 26
269 10
267 17
289 46
249 75
270 44
268 21
290 62
250 63
271 21
269 30
291 77
251 91
272 90
270 36
292 44
252 85
273 66
271 93
293 69
253 68
274 95
272 61
294 85
254 73
275 98
273 100
295 52
255 59
276 53
274 76
296 100
256 98
277 39
275 81
297 31
257 33
278 98
276 15
298 75
258 70
279 40
277 56
299 36
259 15
280 49
278 20
300 63
260 87
279 81
301 39
261 42
282 52
302 100
262 71
283 28
281 85
303 40
263 25
284 65
282 100
304 84
264 27
285 73
283 73
305 76
265 98
286 100
284 91
306 61
266 41
287 13
285 37
307 35
267 51
288 58
286 36
308 44
268 11
289 21
287 100
309 36
269 54
290 78
288 56
310 37
270 100
291 31
289 58
311 41
271 96
292 42
290 68
312 97
272 29
293 20
291 47
313 26
273 16
294 32
292 88
314 52
274 85
295 48
293 92
315 65
275 87
296 89
294 90
316 39
276 47
297 62
295 94
317 47
277 79
298 51
296 63
318 80
278 76
299 88
297 57
319 75
279 23
300 99
298 57
320 84
280 63
299 62
321 28
281 17
302 56
322 26
282 61
303 76
301 51
323 58
283 31
304 59
302 48
324 62
284 75
305 83
303 93
325 45
285 61
306 17
304 42
326 56
286 17
307 31
305 49
327 86
287 80
308 78
306 19
328 29
288 12
309 96
307 12
329 30
289 27
310 98
308 68
330 18
290 82
311 74
309 95
331 15
291 99
312 77
310 92
332 56
292 19
313 77
311 76
333 59
293 17
314 85
312 13
334 55
294 56
315 42
313 14
335 100
295 13
316 68
314 78
336 28
296 41
317 81
315 57
337 82
297 25
318 66
316 66
338 100
298 37
319 66
317 42
339 90
299 79
320 50
318 29
340 96
300 34
319 40
341 96
301 27
322 42
342 91
302 56
323 94
321 85
343 21
303 81
324 20
322 34
344 26
304 20
325 68
323 73
345 16
305 32
326 33
324 80
346 45
306 34
327 14
325 81
347 83
307 34
328 18
326 60
348 49
308 38
329 22
327 67
349 54
309 51
330 29
328 34
350 77
310 15
331 27
329 77
351 27
311 91
332 16
330 66
352 15
312 66
333 50
331 70
353 54
313 60
334 75
332 69
354 53
314 68
335 79
333 62
355 64
315 84
336 57
334 96
356 62
316 18
337 97
335 48
357 64
317 96
338 98
336 34
358 93
318 43
339 100
337 69
359 32
319 15
340 49
338 39
360 84
320 91
339 46
361 31
321 68
342 29
362 76
322 59
343 47
341 12
363 82
323 36
344 91
342 49
364 21
324 75
345 33
343 51
365 68
325 35
346 29
344 74
366 26
326 18
347 88
345 24
367 27
327 86
348 48
346 74
368 68
328 41
349 42
347 41
369 80
329 11
350 97
348 51
370 64
330 46
351 45
349 65
371 72
331 25
352 79
350 76
372 59
332 26
353 16
351 88
373 89
333 91
354 95
352 37
374 44
334 10
355 21
353 31
375 27
335 80
356 70
354 75
376 11
336 49
357 11
355 32
377 62
337 79
358 24
356 56
378 43
338 24
359 50
357 88
379 70
339 79
360 36
358 73
380 68
340 35
359 14
381 52
341 88
362 23
382 30
342 93
363 100
361 62
383 78
343 77
364 79
362 77
384 27
344 51
365 85
363 20
385 38
345 57
366 31
364 16
386 23
346 17
367 43
365 19
387 100
347 80
368 33
366 57
388 93
348 48
369 44
367 12
389 57
349 86
370 25
368 30
390 36
350 65
371 55
369 86
391 16
351 10
372 55
370 90
392 66
352 61
373 82
371 39
393 37
353 47
374 64
372 18
394 74
354 39
375 76
373 30
395 98
355 62
376 71
374 97
396 33
356 45
377 29
375 44
397 78
357 41
378 46
376 41
398 34
358 92
379 76
377 100
399 42
359 71
380 71
378 33
400 41
360 67
379 83
361 38
382 59
362 56
383 83
381 86
363 72
384 75
382 96
364 39
385 13
383 46
365 51
386 61
384 35
366 40
387 43
385 39
367 45
388 59
386 94
368 89
389 99
387 21
369 93
390 10
388 52
370 54
391 93
389 15
371 77
392 18
390 56
372 83
393 84
391 70
373 56
394 84
392 53
374 84
395 33
393 22
375 47
396 46
394 42
376 97
397 35
395 29
377 18
398 19
396 57
378 43
399 26
397 89
379 65
400 77
398 42
380 16
399 30
182
128
2 391 182 
2 201 239 
2 245 57 
1 385 
1 375 
2 61 345 
1 318 
1 110 
1 149 
3 278 223 19 
1 216 
1 277 
1 259 
1 204 
1 261 
2 281 176 
1 56 
2 195 75 
2 206 158 
1 188 
2 284 255 
1 337 
1 126 
1 62 
4 99 307 157 349 
1 120 
2 133 294 
2 23 114 
2 140 306 
4 302 254 156 2 
2 200 42 
1 1 
4 109 209 333 274 
4 30 376 159 143 
2 361 296 
2 117 105 
5 118 90 121 394 347 
4 313 67 9 24 
2 288 233 
2 187 51 
2 33 34 
2 225 208 
1 197 
1 64 
1 283 
1 129 
1 325 
2 20 93 
3 6 179 8 
1 364 
3 71 389 237 
4 310 348 37 122 
2 352 97 
2 41 221 
2 251 160 
2 35 309 
1 212 
3 393 132 104 
1 228 
4 252 308 60 273 
1 177 
2 316 21 
1 268 
2 145 113 
1 257 
1 383 
2 300 65 
1 232 
1 368 
1 263 
3 102 81 49 
1 54 
3 387 112 360 
2 82 169 
1 38 
1 128 
