625 2400 10 100 118
2
3
3
3
3
3
3
3
3
3
3
3
3
3
3
3
3
3
3
3
3
3
3
3
2
3
4
4
4
4
4
4
4
4
4
4
4
4
4
4
4
4
4
4
4
4
4
4
4
3
3
4
4
4
4
4
4
4
4
4
4
4
4
4
4
4
4
4
4
4
4
4
4
4
3
3
4
4
4
4
4
4
4
4
4
4
4
4
4
4
4
4
4
4
4
4
4
4
4
3
3
4
4
4
4
4
4
4
4
4
4
4
4
4
4
4
4
4
4
4
4
4
4
4
3
3
4
4
4
4
4
4
4
4
4
4
4
4
4
4
4
4
4
4
4
4
4
4
4
3
3
4
4
4
4
4
4
4
4
4
4
4
4
4
4
4
4
4
4
4
4
4
4
4
3
3
4
4
4
4
4
4
4
4
4
4
4
4
4
4
4
4
4
4
4
4
4
4
4
3
3
4
4
4
4
4
4
4
4
4
4
4
4
4
4
4
4
4
4
4
4
4
4
4
3
3
4
4
4
4
4
4
4
4
4
4
4
4
4
4
4
4
4
4
4
4
4
4
4
3
3
4
4
4
4
4
4
4
4
4
4
4
4
4
4
4
4
4
4
4
4
4
4
4
3
3
4
4
4
4
4
4
4
4
4
4
4
4
4
4
4
4
4
4
4
4
4
4
4
3
3
4
4
4
4
4
4
4
4
4
4
4
4
4
4
4
4
4
4
4
4
4
4
4
3
3
4
4
4
4
4
4
4
4
4
4
4
4
4
4
4
4
4
4
4
4
4
4
4
3
3
4
4
4
4
4
4
4
4
4
4
4
4
4
4
4
4
4
4
4
4
4
4
4
3
3
4
4
4
4
4
4
4
4
4
4
4
4
4
4
4
4
4
4
4
4
4
4
4
3
3
4
4
4
4
4
4
4
4
4
4
4
4
4
4
4
4
4
4
4
4
4
4
4
3
3
4
4
4
4
4
4
4
4
4
4
4
4
4
4
4
4
4
4
4
4
4
4
4
3
3
4
4
4
4
4
4
4
4
4
4
4
4
4
4
4
4
4
4
4
4
4
4
4
3
3
4
4
4
4
4
4
4
4
4
4
4
4
4
4
4
4
4
4
4
4
4
4
4
3
3
4
4
4
4
4
4
4
4
4
4
4
4
4
4
4
4
4
4
4
4
4
4
4
3
3
4
4
4
4
4
4
4
4
4
4
4
4
4
4
4
4
4
4
4
4
4
4
4
3
3
4
4
4
4
4
4
4
4
4
4
4
4
4
4
4
4
4
4
4
4
4
4
4
3
3
4
4
4
4
4
4
4
4
4
4
4
4
4
4
4
4
4
4
4
4
4
4
4
3
2
3
3
3
3
3
3
3
3
3
3
3
3
3
3
3
3
3
3
3
3
3
3
3
2
26 83
2 29
27 14
3 45
1 47
28 93
4 94
2 55
29 81
5 84
3 42
30 53
6 62
4 89
31 26
7 22
5 38
32 92
8 55
6 23
33 27
9 74
7 85
34 76
10 83
8 84
35 65
11 82
9 65
36 45
12 13
10 36
37 68
13 18
11 25
38 85
14 49
12 98
39 70
15 15
13 75
40 49
16 78
14 91
41 41
17 89
15 88
42 29
18 96
16 13
43 69
19 41
17 27
44 67
20 31
18 54
45 87
21 21
19 29
46 76
22 33
20 96
47 23
23 69
21 23
48 91
24 87
22 49
49 11
25 13
23 68
50 67
24 82
51 14
1 71
27 91
52 76
2 53
28 53
26 89
53 57
3 97
29 29
27 62
54 25
4 90
30 42
28 48
55 33
5 87
31 68
29 11
56 81
6 78
32 75
30 72
57 55
7 19
33 36
31 25
58 50
8 93
34 53
32 61
59 17
9 29
35 12
33 24
60 83
10 92
36 99
34 80
61 18
11 92
37 56
35 71
62 77
12 88
38 24
36 51
63 54
13 62
39 42
37 54
64 93
14 82
40 18
38 66
65 78
15 11
41 71
39 60
66 70
16 43
42 56
40 25
67 97
17 36
43 27
41 10
68 83
18 71
44 99
42 23
69 90
19 60
45 79
43 79
70 92
20 63
46 29
44 43
71 23
21 71
47 38
45 29
72 41
22 53
48 20
46 58
73 99
23 84
49 83
47 74
74 43
24 44
50 100
48 72
75 67
25 17
49 47
76 13
26 59
52 61
77 97
27 12
53 97
51 33
78 76
28 58
54 88
52 43
79 56
29 24
55 90
53 66
80 12
30 77
56 55
54 39
81 100
31 48
57 63
55 73
82 39
32 10
58 57
56 72
83 87
33 58
59 43
57 84
84 73
34 40
60 20
58 31
85 43
35 48
61 25
59 28
86 33
36 83
62 44
60 63
87 27
37 41
63 29
61 22
88 22
38 34
64 69
62 38
89 43
39 24
65 35
63 81
90 79
40 66
66 36
64 57
91 32
41 96
67 22
65 72
92 67
42 40
68 93
66 19
93 73
43 45
69 71
67 72
94 95
44 97
70 80
68 54
95 15
45 73
71 83
69 20
96 94
46 43
72 99
70 62
97 16
47 51
73 63
71 87
98 61
48 64
74 79
72 47
99 13
49 86
75 50
73 70
100 54
50 14
74 65
101 20
51 62
77 64
102 89
52 61
78 12
76 79
103 44
53 22
79 21
77 66
104 57
54 44
80 37
78 79
105 93
55 21
81 26
79 78
106 42
56 46
82 12
80 11
107 33
57 47
83 68
81 95
108 67
58 56
84 13
82 71
109 64
59 51
85 11
83 71
110 96
60 47
86 67
84 41
111 12
61 86
87 92
85 71
112 89
62 21
88 30
86 59
113 15
63 47
89 100
87 54
114 55
64 55
90 96
88 70
115 21
65 56
91 75
89 37
116 57
66 96
92 71
90 33
117 88
67 70
93 41
91 97
118 55
68 16
94 90
92 27
119 87
69 55
95 46
93 93
120 65
70 94
96 81
94 49
121 71
71 67
97 37
95 56
122 54
72 69
98 64
96 82
123 67
73 79
99 92
97 97
124 43
74 25
100 34
98 62
125 22
75 82
99 45
126 58
76 89
102 52
127 79
77 48
103 87
101 35
128 89
78 42
104 24
102 93
129 67
79 68
105 98
103 96
130 44
80 29
106 10
104 69
131 88
81 86
107 70
105 46
132 57
82 51
108 74
106 76
133 46
83 97
109 24
107 91
134 61
84 85
110 87
108 23
135 90
85 41
111 88
109 41
136 59
86 48
112 25
110 26
137 85
87 43
113 38
111 73
138 37
88 78
114 93
112 53
139 67
89 89
115 11
113 73
140 73
90 26
116 71
114 43
141 20
91 41
117 20
115 19
142 46
92 95
118 38
116 66
143 84
93 100
119 79
117 44
144 83
94 75
120 58
118 25
145 14
95 49
121 72
119 96
146 44
96 63
122 92
120 76
147 63
97 98
123 56
121 92
148 20
98 78
124 54
122 77
149 63
99 48
125 75
123 41
150 53
100 17
124 32
151 58
101 72
127 100
152 52
102 92
128 26
126 72
153 20
103 53
129 14
127 64
154 87
104 54
130 15
128 77
155 61
105 74
131 98
129 44
156 100
106 89
132 21
130 88
157 36
107 84
133 36
131 84
158 65
108 59
134 16
132 39
159 52
109 56
135 30
133 53
160 85
110 52
136 26
134 89
161 13
111 60
137 40
135 37
162 56
112 89
138 17
136 39
163 46
113 76
139 10
137 94
164 44
114 90
140 97
138 22
165 67
115 60
141 63
139 72
166 22
116 90
142 66
140 40
167 32
117 23
143 32
141 62
168 33
118 94
144 45
142 26
169 99
119 68
145 56
143 81
170 58
120 63
146 84
144 26
171 69
121 95
147 21
145 88
172 21
122 63
148 13
146 68
173 55
123 46
149 44
147 75
174 20
124 12
150 69
148 95
175 12
125 42
149 91
176 77
126 53
152 25
177 54
127 12
153 78
151 19
178 46
128 30
154 20
152 28
179 94
129 34
155 16
153 78
180 48
130 93
156 63
154 25
181 66
131 35
157 46
155 62
182 18
132 82
158 81
156 71
183 76
133 81
159 71
157 26
184 74
134 14
160 49
158 72
185 58
135 55
161 51
159 53
186 20
136 23
162 20
160 32
187 43
137 37
163 22
161 37
188 54
138 43
164 90
162 90
189 81
139 71
165 37
163 39
190 100
140 44
166 31
164 65
191 59
141 25
167 41
165 47
192 45
142 42
168 89
166 46
193 70
143 15
169 40
167 22
194 75
144 62
170 31
168 25
195 66
145 45
171 46
169 64
196 41
146 99
172 12
170 87
197 79
147 52
173 21
171 20
198 91
148 68
174 100
172 45
199 62
149 18
175 86
173 25
200 31
150 29
174 50
201 94
151 16
177 35
202 77
152 58
178 34
176 80
203 52
153 67
179 10
177 81
204 17
154 10
180 68
178 70
205 64
155 21
181 43
179 85
206 99
156 50
182 98
180 92
207 99
157 48
183 67
181 59
208 52
158 25
184 64
182 86
209 68
159 21
185 88
183 47
210 31
160 19
186 32
184 66
211 56
161 43
187 39
185 43
212 95
162 60
188 33
186 79
213 65
163 26
189 74
187 13
214 13
164 41
190 58
188 21
215 84
165 99
191 29
189 50
216 53
166 22
192 72
190 86
217 25
167 23
193 98
191 47
218 100
168 19
194 69
192 14
219 42
169 100
195 83
193 97
220 28
170 100
196 98
194 48
221 29
171 21
197 71
195 94
222 95
172 37
198 50
196 12
223 15
173 35
199 61
197 86
224 30
174 70
200 29
198 56
225 88
175 86
199 25
226 92
176 24
202 65
227 88
177 60
203 31
201 34
228 35
178 86
204 25
202 63
229 38
179 72
205 57
203 69
230 56
180 41
206 33
204 56
231 10
181 61
207 61
205 87
232 28
182 11
208 55
206 76
233 73
183 44
209 95
207 94
234 98
184 52
210 62
208 50
235 83
185 44
211 12
209 72
236 55
186 67
212 68
210 23
237 94
187 38
213 21
211 34
238 52
188 63
214 99
212 10
239 62
189 92
215 37
213 97
240 12
190 17
216 98
214 73
241 16
191 79
217 21
215 83
242 30
192 74
218 15
216 95
243 68
193 26
219 60
217 19
244 36
194 86
220 30
218 74
245 25
195 39
221 25
219 59
246 86
196 87
222 98
220 68
247 62
197 17
223 52
221 22
248 91
198 72
224 44
222 20
249 78
199 93
225 27
223 62
250 95
200 15
224 26
251 85
201 36
227 52
252 55
202 50
228 80
226 60
253 81
203 80
229 19
227 93
254 28
204 64
230 88
228 53
255 40
205 92
231 22
229 62
256 96
206 66
232 59
230 37
257 36
207 31
233 42
231 78
258 58
208 30
234 100
232 72
259 70
209 27
235 13
233 91
260 90
210 84
236 15
234 62
261 97
211 64
237 51
235 58
262 88
212 82
238 96
236 34
263 77
213 30
239 36
237 89
264 87
214 19
240 91
238 79
265 63
215 43
241 98
239 69
266 85
216 63
242 82
240 71
267 11
217 74
243 29
241 28
268 83
218 14
244 62
242 34
269 23
219 45
245 86
243 83
270 70
220 67
246 44
244 75
271 59
221 97
247 77
245 94
272 47
222 13
248 49
246 60
273 97
223 13
249 79
247 87
274 42
224 25
250 23
248 60
275 84
225 83
249 57
276 97
226 27
252 39
277 70
227 87
253 15
251 76
278 76
228 55
254 13
252 47
279 57
229 76
255 42
253 29
280 47
230 37
256 10
254 74
281 82
231 97
257 81
255 51
282 12
232 37
258 31
256 30
283 73
233 16
259 97
257 80
284 79
234 21
260 13
258 54
285 100
235 63
261 45
259 77
286 90
236 63
262 92
260 78
287 95
237 91
263 70
261 99
288 64
238 72
264 38
262 62
289 48
239 29
265 77
263 37
290 18
240 94
266 92
264 20
291 28
241 29
267 78
265 73
292 28
242 84
268 39
266 33
293 85
243 11
269 32
267 18
294 58
244 51
270 91
268 33
295 33
245 19
271 44
269 35
296 48
246 82
272 42
270 10
297 32
247 76
273 22
271 64
298 63
248 67
274 76
272 12
299 21
249 58
275 87
273 67
300 94
250 30
274 79
301 56
251 98
277 83
302 81
252 55
278 40
276 31
303 28
253 67
279 59
277 13
304 78
254 63
280 59
278 71
305 90
255 78
281 95
279 86
306 54
256 74
282 73
280 14
307 83
257 87
283 85
281 94
308 42
258 40
284 12
282 37
309 21
259 95
285 63
283 37
310 16
260 17
286 72
284 29
311 27
261 37
287 39
285 52
312 20
262 81
288 21
286 95
313 95
263 43
289 78
287 95
314 37
264 65
290 66
288 26
315 76
265 32
291 55
289 77
316 60
266 48
292 14
290 60
317 82
267 94
293 51
291 51
318 23
268 96
294 60
292 95
319 39
269 87
295 51
293 18
320 36
270 69
296 19
294 67
321 15
271 47
297 73
295 59
322 72
272 16
298 23
296 100
323 73
273 76
299 77
297 98
324 24
274 57
300 17
298 73
325 93
275 22
299 69
326 54
276 41
302 30
327 50
277 92
303 47
301 52
328 64
278 78
304 37
302 54
329 27
279 12
305 85
303 77
330 14
280 92
306 33
304 62
331 22
281 60
307 18
305 27
332 51
282 85
308 97
306 93
333 66
283 50
309 96
307 48
334 72
284 44
310 37
308 39
335 79
285 28
311 57
309 75
336 81
286 91
312 24
310 92
337 82
287 55
313 90
311 10
338 11
288 61
314 68
312 57
339 80
289 59
315 58
313 47
340 82
290 37
316 82
314 94
341 79
291 59
317 19
315 17
342 41
292 37
318 32
316 58
343 28
293 21
319 30
317 57
344 10
294 63
320 56
318 72
345 62
295 42
321 24
319 71
346 49
296 31
322 15
320 98
347 71
297 43
323 40
321 28
348 31
298 33
324 51
322 52
349 84
299 55
325 62
323 28
350 76
300 18
324 93
351 74
301 47
327 25
352 41
302 21
328 55
326 41
353 61
303 86
329 73
327 87
354 43
304 75
330 87
328 94
355 29
305 76
331 91
329 86
356 57
306 56
332 57
330 31
357 13
307 20
333 71
331 38
358 53
308 31
334 89
332 91
359 93
309 62
335 94
333 17
360 10
310 41
336 90
334 83
361 19
311 24
337 60
335 12
362 24
312 66
338 56
336 91
363 43
313 19
339 49
337 92
364 73
314 62
340 55
338 45
365 86
315 12
341 14
339 46
366 10
316 28
342 37
340 31
367 17
317 51
343 75
341 100
368 22
318 12
344 17
342 21
369 48
319 80
345 26
343 67
370 14
320 39
346 97
344 34
371 78
321 73
347 84
345 89
372 46
322 35
348 56
346 44
373 17
323 51
349 40
347 49
374 69
324 60
350 50
348 98
375 79
325 53
349 50
376 93
326 73
352 41
377 83
327 82
353 86
351 87
378 67
328 32
354 23
352 78
379 27
329 66
355 75
353 100
380 82
330 11
356 69
354 40
381 59
331 22
357 96
355 35
382 38
332 58
358 79
356 30
383 43
333 39
359 51
357 44
384 90
334 34
360 57
358 26
385 58
335 70
361 24
359 99
386 38
336 12
362 80
360 23
387 31
337 100
363 60
361 11
388 80
338 42
364 58
362 66
389 83
339 32
365 30
363 73
390 72
340 56
366 80
364 69
391 51
341 15
367 92
365 57
392 39
342 45
368 72
366 77
393 40
343 86
369 71
367 74
394 67
344 44
370 55
368 68
395 62
345 89
371 74
369 85
396 39
346 60
372 79
370 89
397 28
347 91
373 88
371 13
398 21
348 73
374 71
372 44
399 22
349 82
375 16
373 53
400 59
350 20
374 89
401 40
351 76
377 50
402 94
352 51
378 37
376 53
403 16
353 93
379 24
377 17
404 51
354 97
380 51
378 27
405 38
355 74
381 24
379 68
406 59
356 50
382 75
380 80
407 99
357 27
383 89
381 62
408 74
358 60
384 92
382 32
409 71
359 35
385 83
383 28
410 75
360 52
386 88
384 95
411 12
361 76
387 82
385 47
412 59
362 11
388 14
386 100
413 23
363 67
389 86
387 33
414 46
364 46
390 60
388 87
415 87
365 13
391 13
389 30
416 25
366 98
392 54
390 77
417 26
367 61
393 57
391 100
418 76
368 71
394 46
392 86
419 70
369 70
395 83
393 98
420 66
370 70
396 69
394 73
421 29
371 23
397 13
395 61
422 40
372 89
398 83
396 56
423 83
373 10
399 46
397 24
424 60
374 44
400 86
398 40
425 54
375 30
399 11
426 86
376 56
402 94
427 44
377 90
403 84
401 90
428 34
378 51
404 35
402 20
429 50
379 39
405 12
403 87
430 65
380 24
406 27
404 89
431 93
381 96
407 70
405 91
432 84
382 91
408 46
406 56
433 57
383 50
409 26
407 36
434 24
384 73
410 65
408 47
435 72
385 13
411 67
409 75
436 84
386 64
412 18
410 25
437 47
387 12
413 15
411 81
438 16
388 67
414 15
412 77
439 27
389 40
415 45
413 74
440 13
390 33
416 75
414 28
441 65
391 78
417 12
415 31
442 71
392 95
418 96
416 99
443 13
393 35
419 30
417 98
444 89
394 29
420 60
418 56
445 84
395 96
421 80
419 81
446 10
396 28
422 65
420 77
447 81
397 80
423 27
421 68
448 92
398 38
424 40
422 20
449 14
399 61
425 48
423 54
450 67
400 68
424 45
451 40
401 58
427 30
452 25
402 60
428 57
426 35
453 51
403 28
429 69
427 65
454 49
404 66
430 52
428 79
455 19
405 70
431 61
429 86
456 14
406 79
432 11
430 41
457 93
407 87
433 69
431 85
458 70
408 25
434 31
432 95
459 15
409 70
435 82
433 20
460 72
410 44
436 31
434 10
461 95
411 72
437 99
435 44
462 34
412 34
438 30
436 16
463 68
413 49
439 91
437 99
464 36
414 12
440 28
438 75
465 96
415 66
441 38
439 19
466 81
416 41
442 47
440 87
467 24
417 51
443 39
441 48
468 69
418 33
444 73
442 21
469 18
419 91
445 97
443 39
470 59
420 94
446 65
444 41
471 29
421 16
447 91
445 100
472 97
422 71
448 11
446 99
473 97
423 96
449 17
447 75
474 14
424 39
450 73
448 27
475 31
425 53
449 65
476 46
426 56
452 35
477 18
427 67
453 24
451 61
478 12
428 87
454 50
452 82
479 41
429 86
455 53
453 75
480 60
430 79
456 72
454 61
481 44
431 80
457 51
455 59
482 26
432 12
458 44
456 78
483 25
433 88
459 19
457 65
484 87
434 44
460 12
458 60
485 13
435 53
461 87
459 45
486 14
436 55
462 100
460 86
487 78
437 69
463 28
461 43
488 55
438 12
464 77
462 50
489 12
439 98
465 16
463 59
490 65
440 80
466 42
464 47
491 79
441 36
467 27
465 13
492 37
442 45
468 50
466 76
493 68
443 33
469 83
467 32
494 69
444 25
470 72
468 27
495 19
445 87
471 88
469 14
496 63
446 74
472 78
470 49
497 17
447 64
473 63
471 53
498 31
448 98
474 98
472 74
499 61
449 16
475 49
473 78
500 26
450 99
474 68
501 67
451 31
477 29
502 95
452 39
478 15
476 98
503 33
453 48
479 56
477 54
504 68
454 65
480 77
478 27
505 54
455 44
481 64
479 93
506 46
456 68
482 98
480 21
507 99
457 71
483 26
481 86
508 30
458 24
484 51
482 59
509 11
459 59
485 69
483 71
510 65
460 97
486 87
484 97
511 22
461 79
487 43
485 94
512 73
462 49
488 74
486 70
513 39
463 43
489 79
487 91
514 35
464 52
490 16
488 36
515 15
465 86
491 98
489 27
516 14
466 71
492 67
490 47
517 89
467 32
493 17
491 39
518 53
468 23
494 13
492 91
519 49
469 62
495 57
493 31
520 30
470 75
496 33
494 17
521 55
471 13
497 96
495 97
522 30
472 81
498 100
496 79
523 44
473 86
499 59
497 96
524 62
474 56
500 76
498 49
525 39
475 82
499 39
526 53
476 78
502 52
527 48
477 92
503 57
501 91
528 35
478 32
504 70
502 89
529 70
479 15
505 20
503 61
530 71
480 11
506 16
504 63
531 100
481 22
507 42
505 47
532 87
482 18
508 83
506 29
533 98
483 46
509 32
507 100
534 23
484 68
510 52
508 32
535 64
485 71
511 72
509 67
536 57
486 60
512 58
510 77
537 93
487 92
513 15
511 16
538 55
488 53
514 33
512 35
539 41
489 37
515 17
513 41
540 18
490 51
516 65
514 22
541 64
491 45
517 98
515 92
542 36
492 88
518 81
516 19
543 19
493 72
519 52
517 72
544 24
494 46
520 16
518 41
545 33
495 51
521 16
519 24
546 82
496 36
522 86
520 10
547 65
497 14
523 33
521 10
548 50
498 31
524 54
522 54
549 64
499 35
525 86
523 12
550 34
500 94
524 87
551 32
501 87
527 98
552 67
502 89
528 56
526 67
553 14
503 80
529 43
527 39
554 65
504 62
530 82
528 14
555 29
505 92
531 18
529 74
556 50
506 74
532 96
530 11
557 14
507 59
533 66
531 39
558 65
508 54
534 13
532 49
559 68
509 100
535 96
533 12
560 58
510 29
536 19
534 37
561 86
511 31
537 64
535 81
562 63
512 18
538 29
536 74
563 80
513 55
539 66
537 67
564 15
514 59
540 63
538 58
565 10
515 31
541 40
539 57
566 71
516 100
542 52
540 88
567 80
517 91
543 40
541 98
568 28
518 57
544 57
542 24
569 72
519 15
545 69
543 26
570 57
520 61
546 15
544 69
571 54
521 37
547 55
545 14
572 36
522 39
548 84
546 49
573 10
523 22
549 28
547 100
574 36
524 77
550 92
548 43
575 12
525 30
549 55
576 45
526 28
552 60
577 19
527 38
553 96
551 61
578 81
528 87
554 97
552 100
579 10
529 98
555 76
553 83
580 29
530 12
556 32
554 31
581 38
531 11
557 88
555 18
582 58
532 29
558 12
556 39
583 84
533 37
559 12
557 98
584 53
534 44
560 72
558 100
585 67
535 94
561 87
559 15
586 18
536 37
562 69
560 18
587 54
537 81
563 61
561 59
588 36
538 13
564 31
562 96
589 94
539 74
565 87
563 58
590 19
540 68
566 26
564 55
591 97
541 10
567 22
565 100
592 53
542 49
568 16
566 19
593 25
543 50
569 16
567 61
594 65
544 53
570 76
568 58
595 33
545 53
571 39
569 35
596 95
546 59
572 60
570 69
597 87
547 71
573 41
571 45
598 62
548 39
574 46
572 84
599 19
549 93
575 13
573 22
600 78
550 30
574 63
601 25
551 69
577 83
602 82
552 95
578 69
576 64
603 70
553 33
579 77
577 22
604 86
554 64
580 95
578 21
605 65
555 32
581 59
579 39
606 38
556 37
582 33
580 31
607 47
557 97
583 39
581 63
608 91
558 38
584 60
582 78
609 48
559 89
585 60
583 86
610 46
560 96
586 46
584 79
611 25
561 50
587 30
585 72
612 61
562 41
588 76
586 32
613 100
563 16
589 64
587 32
614 76
564 60
590 51
588 67
615 81
565 46
591 88
589 95
616 15
566 41
592 15
590 74
617 36
567 83
593 83
591 39
618 17
568 19
594 52
592 61
619 23
569 28
595 76
593 57
620 92
570 12
596 95
594 21
621 31
571 86
597 46
595 67
622 45
572 17
598 95
596 40
623 57
573 43
599 70
597 59
624 35
574 68
600 18
598 76
625 70
575 92
599 43
576 65
602 58
577 95
603 21
601 23
578 95
604 70
602 28
579 63
605 64
603 22
580 33
606 74
604 19
581 89
607 39
605 25
582 92
608 84
606 69
583 51
609 11
607 82
584 40
610 36
608 51
585 44
611 53
609 35
586 95
612 11
610 67
587 69
613 54
611 43
588 55
614 13
612 59
589 29
615 67
613 31
590 47
616 54
614 31
591 34
617 96
615 99
592 90
618 95
616 27
593 44
619 65
617 75
594 57
620 98
618 68
595 95
621 41
619 32
596 92
622 81
620 61
597 29
623 22
621 19
598 68
624 68
622 59
599 55
625 56
623 76
600 48
624 100
192
343
3 550 449 192 
1 137 
2 372 527 
2 341 354 
2 393 156 
2 581 534 
1 421 
1 328 
1 90 
1 23 
2 600 186 
2 593 311 
2 36 19 
2 111 166 
3 95 350 491 
1 364 
2 146 224 
1 441 
2 368 115 
2 466 553 
2 256 30 
2 500 448 
1 524 
1 108 
3 574 231 228 
1 605 
1 246 
1 295 
2 563 233 
1 321 
1 28 
3 189 143 130 
1 5 
2 512 519 
1 396 
1 103 
2 619 49 
2 537 2 
2 380 433 
1 596 
3 352 538 207 
2 418 447 
1 112 
2 180 203 
1 435 
4 614 190 77 547 
1 159 
1 463 
1 582 
1 131 
1 98 
1 177 
2 496 468 
1 413 
3 609 361 250 
2 176 94 
3 83 383 366 
3 513 507 68 
1 65 
2 245 356 
4 334 198 221 522 
3 72 40 92 
2 569 450 
1 503 
3 290 348 88 
2 260 53 
1 426 
2 520 606 
2 431 429 
2 330 150 
1 465 
1 171 
2 412 220 
2 365 276 
3 264 549 456 
2 407 4 
2 251 573 
2 608 67 
2 42 607 
1 401 
1 145 
1 317 
2 557 310 
2 226 66 
2 164 473 
3 59 80 60 
4 136 529 309 122 
1 518 
2 590 420 
1 279 
3 344 394 100 
4 303 154 379 483 
2 337 490 
2 484 282 
2 9 480 
3 18 403 247 
4 91 142 293 486 
3 305 291 10 
3 535 308 406 
1 351 
1 89 
2 566 46 
1 390 
2 439 316 
3 442 620 296 
2 215 598 
1 565 
2 489 110 
1 516 
2 545 162 
1 387 
3 304 314 182 
1 45 
4 249 199 241 191 
1 349 
1 499 
1 74 
1 343 
