400 1520 10 100 76
2
3
3
3
3
3
3
3
3
3
3
3
3
3
3
3
3
3
3
2
3
4
4
4
4
4
4
4
4
4
4
4
4
4
4
4
4
4
4
3
3
4
4
4
4
4
4
4
4
4
4
4
4
4
4
4
4
4
4
3
3
4
4
4
4
4
4
4
4
4
4
4
4
4
4
4
4
4
4
3
3
4
4
4
4
4
4
4
4
4
4
4
4
4
4
4
4
4
4
3
3
4
4
4
4
4
4
4
4
4
4
4
4
4
4
4
4
4
4
3
3
4
4
4
4
4
4
4
4
4
4
4
4
4
4
4
4
4
4
3
3
4
4
4
4
4
4
4
4
4
4
4
4
4
4
4
4
4
4
3
3
4
4
4
4
4
4
4
4
4
4
4
4
4
4
4
4
4
4
3
3
4
4
4
4
4
4
4
4
4
4
4
4
4
4
4
4
4
4
3
3
4
4
4
4
4
4
4
4
4
4
4
4
4
4
4
4
4
4
3
3
4
4
4
4
4
4
4
4
4
4
4
4
4
4
4
4
4
4
3
3
4
4
4
4
4
4
4
4
4
4
4
4
4
4
4
4
4
4
3
3
4
4
4
4
4
4
4
4
4
4
4
4
4
4
4
4
4
4
3
3
4
4
4
4
4
4
4
4
4
4
4
4
4
4
4
4
4
4
3
3
4
4
4
4
4
4
4
4
4
4
4
4
4
4
4
4
4
4
3
3
4
4
4
4
4
4
4
4
4
4
4
4
4
4
4
4
4
4
3
3
4
4
4
4
4
4
4
4
4
4
4
4
4
4
4
4
4
4
3
3
4
4
4
4
4
4
4
4
4
4
4
4
4
4
4
4
4
4
3
2
3
3
3
3
3
3
3
3
3
3
3
3
3
3
3
3
3
3
2
21 94
2 29
22 17
3 84
1 61
23 30
4 52
2 17
24 72
5 24
3 36
25 27
6 15
4 43
26 13
7 80
5 30
27 54
8 88
6 89
28 49
9 96
7 41
29 17
10 47
8 46
30 57
11 49
9 55
31 21
12 27
10 42
32 43
13 86
11 60
33 15
14 63
12 95
34 33
15 80
13 40
35 39
16 94
14 77
36 77
17 21
15 14
37 69
18 35
16 43
38 57
19 13
17 58
39 95
20 44
18 91
40 11
19 66
41 74
1 100
22 33
42 24
2 79
23 82
21 85
43 44
3 56
24 58
22 45
44 40
4 47
25 76
23 90
45 33
5 33
26 27
24 66
46 38
6 17
27 16
25 47
47 86
7 11
28 77
26 79
48 72
8 31
29 90
27 90
49 85
9 11
30 40
28 62
50 29
10 32
31 86
29 71
51 75
11 15
32 100
30 21
52 49
12 39
33 66
31 39
53 38
13 45
34 32
32 55
54 71
14 31
35 29
33 72
55 80
15 70
36 33
34 88
56 96
16 91
37 32
35 47
57 92
17 22
38 23
36 48
58 95
18 63
39 53
37 19
59 46
19 86
40 71
38 85
60 89
20 59
39 14
61 27
21 70
42 55
62 27
22 67
43 87
41 53
63 46
23 61
44 64
42 30
64 95
24 44
45 79
43 46
65 56
25 53
46 65
44 21
66 98
26 100
47 92
45 60
67 94
27 24
48 38
46 15
68 64
28 76
49 87
47 18
69 92
29 29
50 91
48 48
70 73
30 63
51 75
49 55
71 74
31 51
52 82
50 61
72 55
32 62
53 27
51 53
73 77
33 56
54 41
52 59
74 59
34 44
55 88
53 16
75 19
35 61
56 42
54 85
76 83
36 41
57 42
55 73
77 89
37 51
58 13
56 30
78 73
38 62
59 100
57 86
79 30
39 82
60 41
58 78
80 14
40 42
59 76
81 71
41 68
62 48
82 86
42 48
63 23
61 82
83 65
43 56
64 28
62 24
84 49
44 78
65 44
63 54
85 87
45 63
66 31
64 96
86 97
46 32
67 93
65 75
87 30
47 30
68 10
66 78
88 32
48 98
69 45
67 77
89 47
49 29
70 33
68 31
90 58
50 75
71 71
69 42
91 30
51 22
72 46
70 62
92 24
52 61
73 99
71 23
93 71
53 50
74 42
72 81
94 66
54 17
75 55
73 61
95 96
55 31
76 70
74 36
96 41
56 82
77 86
75 58
97 88
57 81
78 14
76 13
98 31
58 73
79 63
77 75
99 49
59 47
80 83
78 94
100 100
60 46
79 37
101 93
61 100
82 48
102 73
62 79
83 60
81 30
103 64
63 49
84 89
82 21
104 36
64 83
85 40
83 60
105 83
65 16
86 59
84 49
106 13
66 25
87 26
85 71
107 24
67 39
88 56
86 85
108 93
68 71
89 33
87 94
109 32
69 15
90 76
88 55
110 43
70 26
91 20
89 93
111 22
71 43
92 49
90 91
112 100
72 46
93 72
91 99
113 40
73 22
94 83
92 86
114 56
74 37
95 93
93 37
115 49
75 39
96 56
94 59
116 18
76 77
97 51
95 18
117 24
77 77
98 26
96 52
118 38
78 81
99 17
97 81
119 39
79 57
100 46
98 31
120 33
80 12
99 58
121 67
81 74
102 70
122 28
82 70
103 15
101 38
123 57
83 29
104 34
102 86
124 43
84 60
105 86
103 50
125 25
85 93
106 84
104 18
126 84
86 49
107 42
105 19
127 92
87 64
108 87
106 61
128 99
88 69
109 81
107 43
129 81
89 15
110 68
108 86
130 51
90 24
111 46
109 96
131 68
91 54
112 82
110 59
132 79
92 47
113 10
111 92
133 17
93 81
114 22
112 54
134 30
94 30
115 74
113 51
135 35
95 85
116 67
114 83
136 23
96 53
117 34
115 18
137 38
97 59
118 67
116 79
138 19
98 32
119 40
117 74
139 66
99 18
120 48
118 58
140 82
100 30
119 66
141 70
101 48
122 77
142 54
102 28
123 61
121 20
143 16
103 41
124 36
122 34
144 60
104 39
125 29
123 97
145 59
105 72
126 52
124 91
146 80
106 91
127 36
125 18
147 90
107 93
128 69
126 13
148 50
108 57
129 67
127 57
149 18
109 45
130 95
128 37
150 23
110 76
131 16
129 80
151 63
111 63
132 23
130 30
152 20
112 78
133 20
131 31
153 78
113 24
134 52
132 83
154 12
114 34
135 65
133 22
155 26
115 34
136 71
134 67
156 11
116 45
137 38
135 41
157 40
117 12
138 46
136 64
158 72
118 86
139 79
137 76
159 89
119 23
140 37
138 81
160 68
120 64
139 39
161 81
121 69
142 98
162 90
122 13
143 51
141 73
163 92
123 35
144 36
142 90
164 82
124 23
145 82
143 38
165 23
125 92
146 74
144 47
166 13
126 93
147 67
145 83
167 28
127 87
148 92
146 28
168 83
128 18
149 47
147 92
169 87
129 60
150 42
148 54
170 98
130 96
151 97
149 97
171 13
131 99
152 77
150 51
172 27
132 14
153 78
151 39
173 15
133 14
154 24
152 67
174 54
134 96
155 36
153 100
175 44
135 82
156 82
154 24
176 22
136 24
157 57
155 77
177 29
137 98
158 70
156 72
178 50
138 28
159 13
157 59
179 51
139 27
160 37
158 68
180 78
140 10
159 84
181 93
141 16
162 68
182 30
142 40
163 35
161 19
183 34
143 86
164 38
162 80
184 83
144 66
165 52
163 70
185 24
145 79
166 22
164 57
186 99
146 58
167 72
165 18
187 64
147 39
168 31
166 79
188 69
148 59
169 59
167 23
189 50
149 21
170 54
168 42
190 29
150 98
171 99
169 40
191 75
151 100
172 40
170 77
192 23
152 28
173 14
171 28
193 18
153 11
174 80
172 66
194 26
154 71
175 55
173 17
195 78
155 65
176 54
174 28
196 30
156 63
177 25
175 93
197 64
157 48
178 43
176 11
198 34
158 43
179 18
177 71
199 88
159 52
180 64
178 31
200 16
160 15
179 28
201 83
161 14
182 51
202 82
162 50
183 35
181 67
203 34
163 94
184 57
182 72
204 83
164 98
185 22
183 44
205 91
165 43
186 43
184 46
206 45
166 24
187 32
185 23
207 23
167 90
188 49
186 23
208 52
168 32
189 96
187 34
209 13
169 65
190 71
188 96
210 100
170 12
191 19
189 75
211 27
171 14
192 73
190 93
212 19
172 67
193 61
191 50
213 45
173 30
194 96
192 99
214 72
174 19
195 57
193 85
215 70
175 67
196 95
194 30
216 89
176 11
197 43
195 62
217 32
177 47
198 75
196 20
218 39
178 56
199 79
197 12
219 64
179 77
200 36
198 93
220 52
180 20
199 38
221 86
181 70
202 71
222 47
182 73
203 36
201 80
223 84
183 93
204 29
202 66
224 17
184 32
205 37
203 29
225 42
185 100
206 90
204 52
226 74
186 96
207 60
205 10
227 84
187 95
208 23
206 15
228 97
188 32
209 44
207 79
229 16
189 38
210 60
208 52
230 19
190 93
211 54
209 38
231 33
191 97
212 26
210 48
232 36
192 34
213 82
211 93
233 19
193 73
214 19
212 29
234 65
194 77
215 74
213 41
235 54
195 30
216 44
214 82
236 62
196 76
217 25
215 66
237 68
197 40
218 72
216 32
238 10
198 10
219 13
217 95
239 38
199 28
220 16
218 25
240 89
200 19
219 88
241 27
201 41
222 47
242 85
202 28
223 57
221 59
243 39
203 74
224 80
222 87
244 65
204 61
225 75
223 43
245 71
205 47
226 52
224 13
246 45
206 28
227 68
225 50
247 45
207 55
228 69
226 54
248 14
208 98
229 70
227 59
249 14
209 85
230 26
228 77
250 61
210 53
231 21
229 90
251 34
211 20
232 62
230 15
252 66
212 48
233 16
231 76
253 18
213 29
234 13
232 97
254 42
214 29
235 88
233 32
255 24
215 97
236 43
234 98
256 31
216 100
237 20
235 33
257 61
217 22
238 59
236 98
258 55
218 88
239 75
237 79
259 100
219 56
240 97
238 92
260 13
220 23
239 23
261 77
221 73
242 69
262 88
222 37
243 43
241 22
263 65
223 62
244 63
242 74
264 83
224 22
245 43
243 19
265 87
225 53
246 54
244 60
266 92
226 38
247 91
245 95
267 38
227 52
248 29
246 55
268 76
228 57
249 82
247 81
269 62
229 89
250 69
248 34
270 89
230 69
251 14
249 17
271 12
231 75
252 65
250 83
272 56
232 64
253 91
251 94
273 12
233 57
254 64
252 84
274 44
234 65
255 68
253 19
275 80
235 99
256 21
254 35
276 82
236 86
257 35
255 50
277 60
237 60
258 98
256 28
278 72
238 69
259 81
257 72
279 55
239 27
260 85
258 76
280 87
240 72
259 31
281 38
241 85
262 43
282 74
242 81
263 83
261 99
283 48
243 90
264 56
262 68
284 86
244 81
265 35
263 65
285 93
245 70
266 56
264 80
286 16
246 52
267 25
265 37
287 25
247 85
268 39
266 99
288 27
248 78
269 32
267 89
289 79
249 62
270 10
268 49
290 30
250 62
271 59
269 98
291 12
251 22
272 51
270 46
292 44
252 36
273 63
271 10
293 90
253 99
274 48
272 25
294 20
254 74
275 26
273 33
295 94
255 90
276 40
274 40
296 100
256 60
277 58
275 19
297 95
257 78
278 37
276 96
298 73
258 41
279 61
277 24
299 36
259 56
280 52
278 85
300 87
260 91
279 68
301 28
261 56
282 39
302 76
262 68
283 12
281 57
303 35
263 59
284 97
282 34
304 64
264 31
285 40
283 39
305 34
265 62
286 62
284 73
306 82
266 56
287 32
285 85
307 96
267 51
288 69
286 22
308 76
268 77
289 73
287 67
309 71
269 95
290 20
288 46
310 12
270 63
291 47
289 39
311 69
271 68
292 37
290 22
312 90
272 23
293 22
291 17
313 69
273 42
294 95
292 71
314 18
274 70
295 49
293 26
315 91
275 69
296 36
294 18
316 48
276 47
297 95
295 13
317 58
277 56
298 99
296 13
318 85
278 76
299 89
297 64
319 61
279 88
300 40
298 24
320 72
280 63
299 91
321 17
281 69
302 76
322 18
282 65
303 14
301 11
323 17
283 30
304 96
302 40
324 10
284 50
305 98
303 29
325 78
285 26
306 58
304 40
326 45
286 95
307 61
305 50
327 30
287 25
308 89
306 49
328 25
288 32
309 80
307 97
329 74
289 87
310 96
308 38
330 52
290 57
311 61
309 71
331 35
291 100
312 15
310 95
332 74
292 90
313 28
311 52
333 58
293 24
314 97
312 63
334 20
294 62
315 99
313 30
335 95
295 31
316 69
314 46
336 54
296 15
317 10
315 71
337 17
297 11
318 45
316 85
338 72
298 48
319 94
317 27
339 77
299 47
320 18
318 83
340 28
300 18
319 50
341 62
301 67
322 44
342 30
302 64
323 49
321 35
343 48
303 47
324 63
322 82
344 56
304 94
325 27
323 10
345 100
305 92
326 33
324 70
346 51
306 62
327 30
325 95
347 47
307 84
328 46
326 91
348 10
308 15
329 42
327 57
349 94
309 18
330 85
328 50
350 61
310 42
331 97
329 92
351 16
311 54
332 26
330 62
352 14
312 93
333 64
331 38
353 88
313 37
334 89
332 40
354 19
314 89
335 73
333 63
355 28
315 22
336 80
334 81
356 94
316 97
337 56
335 78
357 40
317 77
338 97
336 10
358 66
318 81
339 40
337 87
359 60
319 14
340 90
338 99
360 70
320 28
339 53
361 16
321 45
342 94
362 58
322 96
343 29
341 91
363 66
323 50
344 10
342 24
364 32
324 74
345 52
343 30
365 16
325 16
346 79
344 48
366 77
326 51
347 51
345 68
367 14
327 33
348 30
346 84
368 75
328 26
349 95
347 67
369 73
329 66
350 68
348 85
370 97
330 48
351 55
349 19
371 41
331 15
352 20
350 72
372 19
332 57
353 46
351 63
373 11
333 54
354 59
352 10
374 46
334 41
355 12
353 41
375 52
335 32
356 55
354 69
376 31
336 69
357 52
355 44
377 31
337 11
358 75
356 39
378 53
338 62
359 46
357 32
379 73
339 81
360 95
358 39
380 34
340 43
359 28
381 53
341 47
362 71
382 59
342 76
363 63
361 77
383 71
343 98
364 45
362 78
384 37
344 65
365 36
363 74
385 96
345 96
366 20
364 90
386 16
346 84
367 76
365 98
387 69
347 28
368 78
366 26
388 59
348 20
369 88
367 43
389 71
349 63
370 29
368 98
390 20
350 44
371 98
369 26
391 80
351 89
372 50
370 77
392 25
352 52
373 60
371 57
393 20
353 32
374 33
372 65
394 65
354 86
375 99
373 45
395 99
355 12
376 35
374 61
396 94
356 68
377 49
375 60
397 53
357 59
378 39
376 89
398 74
358 50
379 74
377 78
399 60
359 38
380 42
378 38
400 98
360 18
379 70
361 29
382 20
362 14
383 15
381 34
363 52
384 78
382 49
364 59
385 49
383 85
365 31
386 31
384 85
366 66
387 46
385 74
367 27
388 15
386 39
368 93
389 71
387 80
369 78
390 17
388 68
370 47
391 86
389 14
371 47
392 55
390 20
372 62
393 51
391 79
373 20
394 59
392 66
374 11
395 57
393 67
375 64
396 48
394 66
376 41
397 70
395 90
377 59
398 55
396 84
378 67
399 74
397 68
379 92
400 84
398 98
380 17
399 76
383
365
4 328 273 192 383 
1 326 
3 307 108 158 
3 327 211 53 
1 5 
1 114 
2 190 235 
2 49 189 
1 179 
1 379 
2 301 14 
2 283 169 
3 40 360 185 
1 119 
2 302 95 
2 381 280 
2 266 293 
3 372 164 371 
3 141 255 18 
2 151 272 
2 182 338 
2 389 132 
3 131 35 23 
1 143 
2 20 279 
2 87 125 
2 397 172 
2 262 166 
2 348 104 
2 191 110 
1 60 
1 69 
1 220 
2 157 59 
3 152 201 171 
2 46 305 
2 391 382 
1 298 
3 209 65 27 
2 276 195 
3 271 1 241 
1 25 
1 139 
1 109 
1 393 
3 274 43 66 
4 194 288 242 217 
2 341 115 
2 75 56 
2 78 33 
2 89 97 
1 57 
1 263 
4 200 336 313 270 
1 224 
1 322 
1 156 
1 113 
2 13 32 
1 370 
1 6 
1 72 
2 281 324 
2 71 300 
1 155 
1 222 
1 323 
1 246 
3 345 343 231 
2 61 62 
2 369 282 
2 318 163 
2 352 74 
1 388 
3 396 275 221 
1 365 
