625 2400 10 100 118
2
3
3
3
3
3
3
3
3
3
3
3
3
3
3
3
3
3
3
3
3
3
3
3
2
3
4
4
4
4
4
4
4
4
4
4
4
4
4
4
4
4
4
4
4
4
4
4
4
3
3
4
4
4
4
4
4
4
4
4
4
4
4
4
4
4
4
4
4
4
4
4
4
4
3
3
4
4
4
4
4
4
4
4
4
4
4
4
4
4
4
4
4
4
4
4
4
4
4
3
3
4
4
4
4
4
4
4
4
4
4
4
4
4
4
4
4
4
4
4
4
4
4
4
3
3
4
4
4
4
4
4
4
4
4
4
4
4
4
4
4
4
4
4
4
4
4
4
4
3
3
4
4
4
4
4
4
4
4
4
4
4
4
4
4
4
4
4
4
4
4
4
4
4
3
3
4
4
4
4
4
4
4
4
4
4
4
4
4
4
4
4
4
4
4
4
4
4
4
3
3
4
4
4
4
4
4
4
4
4
4
4
4
4
4
4
4
4
4
4
4
4
4
4
3
3
4
4
4
4
4
4
4
4
4
4
4
4
4
4
4
4
4
4
4
4
4
4
4
3
3
4
4
4
4
4
4
4
4
4
4
4
4
4
4
4
4
4
4
4
4
4
4
4
3
3
4
4
4
4
4
4
4
4
4
4
4
4
4
4
4
4
4
4
4
4
4
4
4
3
3
4
4
4
4
4
4
4
4
4
4
4
4
4
4
4
4
4
4
4
4
4
4
4
3
3
4
4
4
4
4
4
4
4
4
4
4
4
4
4
4
4
4
4
4
4
4
4
4
3
3
4
4
4
4
4
4
4
4
4
4
4
4
4
4
4
4
4
4
4
4
4
4
4
3
3
4
4
4
4
4
4
4
4
4
4
4
4
4
4
4
4
4
4
4
4
4
4
4
3
3
4
4
4
4
4
4
4
4
4
4
4
4
4
4
4
4
4
4
4
4
4
4
4
3
3
4
4
4
4
4
4
4
4
4
4
4
4
4
4
4
4
4
4
4
4
4
4
4
3
3
4
4
4
4
4
4
4
4
4
4
4
4
4
4
4
4
4
4
4
4
4
4
4
3
3
4
4
4
4
4
4
4
4
4
4
4
4
4
4
4
4
4
4
4
4
4
4
4
3
3
4
4
4
4
4
4
4
4
4
4
4
4
4
4
4
4
4
4
4
4
4
4
4
3
3
4
4
4
4
4
4
4
4
4
4
4
4
4
4
4
4
4
4
4
4
4
4
4
3
3
4
4
4
4
4
4
4
4
4
4
4
4
4
4
4
4
4
4
4
4
4
4
4
3
3
4
4
4
4
4
4
4
4
4
4
4
4
4
4
4
4
4
4
4
4
4
4
4
3
2
3
3
3
3
3
3
3
3
3
3
3
3
3
3
3
3
3
3
3
3
3
3
3
2
26 16
2 29
27 11
3 55
1 21
28 95
4 65
2 13
29 46
5 68
3 90
30 84
6 63
4 92
31 86
7 60
5 95
32 28
8 75
6 24
33 56
9 43
7 98
34 89
10 12
8 62
35 72
11 29
9 47
36 84
12 64
10 66
37 64
13 43
11 100
38 63
14 35
12 74
39 19
15 79
13 59
40 12
16 41
14 59
41 55
17 20
15 40
42 93
18 45
16 99
43 37
19 95
17 10
44 23
20 48
18 35
45 26
21 42
19 37
46 71
22 17
20 84
47 75
23 63
21 63
48 70
24 61
22 64
49 43
25 32
23 85
50 58
24 71
51 11
1 23
27 17
52 28
2 82
28 38
26 97
53 53
3 99
29 34
27 67
54 52
4 59
30 44
28 60
55 94
5 59
31 54
29 87
56 82
6 97
32 100
30 32
57 50
7 77
33 71
31 69
58 14
8 22
34 62
32 96
59 32
9 33
35 42
33 26
60 59
10 25
36 40
34 49
61 67
11 29
37 84
35 47
62 14
12 70
38 68
36 65
63 87
13 33
39 49
37 90
64 51
14 97
40 87
38 80
65 80
15 58
41 23
39 95
66 25
16 22
42 53
40 94
67 43
17 72
43 55
41 78
68 53
18 61
44 63
42 11
69 95
19 92
45 14
43 60
70 35
20 46
46 83
44 67
71 75
21 70
47 39
45 17
72 45
22 51
48 35
46 38
73 36
23 44
49 13
47 14
74 61
24 84
50 29
48 88
75 45
25 93
49 33
76 63
26 53
52 33
77 99
27 59
53 30
51 29
78 62
28 74
54 49
52 99
79 17
29 92
55 73
53 94
80 75
30 82
56 70
54 88
81 100
31 28
57 58
55 47
82 81
32 70
58 24
56 88
83 95
33 85
59 53
57 42
84 72
34 36
60 32
58 57
85 17
35 77
61 59
59 95
86 89
36 88
62 45
60 58
87 55
37 88
63 41
61 84
88 45
38 86
64 44
62 15
89 54
39 94
65 28
63 94
90 18
40 45
66 66
64 24
91 18
41 25
67 73
65 96
92 34
42 57
68 45
66 19
93 97
43 57
69 55
67 78
94 13
44 77
70 11
68 26
95 48
45 67
71 24
69 17
96 44
46 59
72 54
70 90
97 50
47 51
73 92
71 24
98 29
48 95
74 10
72 34
99 93
49 58
75 59
73 81
100 16
50 17
74 92
101 64
51 21
77 11
102 34
52 91
78 54
76 59
103 19
53 77
79 84
77 55
104 38
54 31
80 73
78 60
105 62
55 17
81 12
79 76
106 96
56 48
82 14
80 12
107 71
57 70
83 53
81 28
108 88
58 59
84 55
82 45
109 52
59 90
85 84
83 64
110 24
60 44
86 92
84 49
111 70
61 100
87 28
85 64
112 100
62 93
88 61
86 10
113 33
63 50
89 38
87 95
114 12
64 86
90 70
88 46
115 32
65 48
91 47
89 24
116 45
66 69
92 92
90 28
117 89
67 73
93 12
91 84
118 61
68 97
94 37
92 84
119 78
69 28
95 70
93 58
120 87
70 40
96 60
94 21
121 34
71 61
97 11
95 30
122 14
72 80
98 64
96 48
123 24
73 46
99 69
97 32
124 13
74 84
100 54
98 15
125 85
75 83
99 77
126 46
76 35
102 51
127 18
77 22
103 96
101 86
128 43
78 79
104 43
102 42
129 99
79 44
105 100
103 22
130 79
80 16
106 81
104 12
131 55
81 71
107 100
105 86
132 53
82 100
108 48
106 89
133 60
83 85
109 76
107 69
134 42
84 76
110 34
108 36
135 77
85 14
111 50
109 100
136 22
86 93
112 25
110 33
137 89
87 65
113 62
111 51
138 50
88 11
114 92
112 63
139 59
89 72
115 53
113 13
140 71
90 73
116 57
114 90
141 42
91 45
117 58
115 99
142 74
92 53
118 53
116 100
143 34
93 33
119 16
117 24
144 35
94 61
120 59
118 20
145 82
95 85
121 13
119 12
146 32
96 33
122 38
120 53
147 61
97 100
123 33
121 48
148 11
98 70
124 18
122 10
149 99
99 52
125 84
123 27
150 39
100 56
124 44
151 73
101 96
127 97
152 23
102 86
128 54
126 72
153 79
103 74
129 94
127 49
154 35
104 57
130 17
128 51
155 80
105 75
131 29
129 58
156 72
106 15
132 19
130 51
157 52
107 77
133 97
131 82
158 92
108 40
134 18
132 22
159 41
109 54
135 25
133 13
160 52
110 44
136 14
134 87
161 96
111 19
137 65
135 45
162 25
112 25
138 75
136 65
163 85
113 82
139 92
137 90
164 30
114 28
140 66
138 46
165 54
115 29
141 60
139 42
166 13
116 79
142 84
140 65
167 67
117 87
143 56
141 90
168 68
118 89
144 18
142 51
169 52
119 59
145 18
143 71
170 42
120 27
146 33
144 63
171 14
121 29
147 35
145 83
172 82
122 60
148 32
146 43
173 42
123 34
149 35
147 22
174 40
124 35
150 32
148 50
175 92
125 28
149 95
176 31
126 82
152 23
177 79
127 87
153 14
151 72
178 39
128 83
154 48
152 33
179 49
129 59
155 31
153 39
180 42
130 18
156 19
154 67
181 32
131 98
157 10
155 74
182 54
132 36
158 44
156 83
183 59
133 65
159 94
157 42
184 75
134 57
160 11
158 87
185 45
135 31
161 80
159 57
186 82
136 90
162 66
160 34
187 47
137 38
163 17
161 43
188 79
138 69
164 13
162 76
189 23
139 57
165 15
163 66
190 96
140 17
166 70
164 12
191 93
141 65
167 28
165 43
192 87
142 70
168 59
166 91
193 76
143 23
169 87
167 29
194 69
144 50
170 87
168 34
195 61
145 58
171 67
169 45
196 63
146 65
172 17
170 23
197 84
147 47
173 69
171 41
198 60
148 47
174 25
172 22
199 76
149 93
175 95
173 10
200 73
150 62
174 78
201 50
151 77
177 37
202 95
152 71
178 12
176 84
203 78
153 62
179 29
177 49
204 53
154 97
180 82
178 79
205 14
155 27
181 41
179 65
206 46
156 54
182 51
180 36
207 58
157 23
183 64
181 13
208 77
158 87
184 71
182 40
209 13
159 69
185 84
183 89
210 88
160 15
186 63
184 54
211 22
161 87
187 62
185 65
212 27
162 71
188 75
186 25
213 69
163 14
189 99
187 98
214 82
164 49
190 71
188 78
215 19
165 97
191 60
189 43
216 15
166 67
192 12
190 91
217 14
167 80
193 83
191 24
218 75
168 12
194 37
192 96
219 15
169 33
195 44
193 61
220 47
170 73
196 96
194 89
221 52
171 26
197 99
195 33
222 78
172 78
198 90
196 20
223 50
173 36
199 80
197 14
224 49
174 74
200 30
198 21
225 53
175 51
199 39
226 88
176 57
202 39
227 35
177 46
203 86
201 25
228 15
178 82
204 18
202 63
229 16
179 20
205 95
203 16
230 27
180 79
206 42
204 86
231 86
181 36
207 95
205 72
232 76
182 77
208 84
206 79
233 68
183 100
209 28
207 39
234 82
184 74
210 95
208 14
235 34
185 67
211 60
209 11
236 15
186 56
212 26
210 47
237 72
187 56
213 76
211 33
238 67
188 28
214 85
212 74
239 32
189 17
215 15
213 28
240 94
190 24
216 96
214 19
241 76
191 12
217 65
215 47
242 13
192 36
218 37
216 61
243 16
193 52
219 51
217 18
244 17
194 77
220 97
218 35
245 75
195 51
221 77
219 64
246 36
196 42
222 83
220 68
247 30
197 44
223 38
221 44
248 83
198 50
224 100
222 35
249 52
199 67
225 25
223 21
250 91
200 100
224 91
251 28
201 57
227 12
252 63
202 52
228 29
226 90
253 78
203 29
229 73
227 89
254 100
204 90
230 48
228 77
255 83
205 40
231 76
229 40
256 29
206 76
232 61
230 85
257 30
207 87
233 52
231 41
258 91
208 92
234 69
232 67
259 83
209 56
235 32
233 27
260 97
210 40
236 88
234 30
261 19
211 14
237 67
235 44
262 29
212 23
238 12
236 47
263 44
213 33
239 94
237 94
264 65
214 95
240 65
238 36
265 86
215 84
241 69
239 14
266 42
216 14
242 72
240 31
267 72
217 82
243 87
241 27
268 87
218 56
244 100
242 98
269 37
219 58
245 94
243 25
270 93
220 16
246 59
244 53
271 56
221 64
247 63
245 32
272 90
222 82
248 51
246 23
273 25
223 22
249 73
247 14
274 72
224 20
250 80
248 43
275 62
225 15
249 66
276 59
226 43
252 31
277 12
227 34
253 38
251 46
278 21
228 76
254 72
252 46
279 19
229 78
255 10
253 99
280 17
230 85
256 11
254 51
281 72
231 71
257 36
255 30
282 94
232 66
258 50
256 54
283 75
233 94
259 13
257 77
284 65
234 47
260 34
258 62
285 58
235 60
261 39
259 28
286 44
236 44
262 54
260 49
287 96
237 19
263 13
261 72
288 69
238 53
264 99
262 76
289 76
239 46
265 22
263 24
290 90
240 51
266 75
264 20
291 61
241 90
267 67
265 23
292 85
242 47
268 29
266 58
293 82
243 27
269 46
267 61
294 49
244 23
270 15
268 83
295 94
245 20
271 97
269 31
296 98
246 31
272 39
270 70
297 69
247 38
273 86
271 66
298 60
248 14
274 70
272 45
299 95
249 13
275 24
273 28
300 14
250 24
274 58
301 55
251 69
277 69
302 79
252 21
278 28
276 69
303 43
253 56
279 30
277 78
304 11
254 50
280 48
278 26
305 90
255 98
281 26
279 52
306 51
256 50
282 59
280 97
307 11
257 19
283 90
281 94
308 13
258 51
284 99
282 70
309 66
259 23
285 99
283 17
310 29
260 80
286 86
284 12
311 79
261 47
287 57
285 14
312 16
262 62
288 29
286 99
313 76
263 42
289 12
287 50
314 71
264 50
290 53
288 82
315 73
265 24
291 10
289 72
316 35
266 25
292 11
290 25
317 12
267 73
293 44
291 50
318 53
268 80
294 77
292 46
319 88
269 17
295 85
293 87
320 82
270 10
296 14
294 30
321 15
271 82
297 98
295 42
322 46
272 78
298 14
296 46
323 75
273 71
299 23
297 26
324 58
274 53
300 15
298 21
325 43
275 13
299 24
326 93
276 33
302 47
327 35
277 98
303 21
301 62
328 49
278 97
304 68
302 47
329 69
279 78
305 28
303 20
330 90
280 76
306 25
304 92
331 77
281 67
307 28
305 86
332 74
282 22
308 72
306 34
333 39
283 58
309 42
307 34
334 90
284 75
310 99
308 68
335 15
285 67
311 89
309 98
336 61
286 77
312 100
310 14
337 41
287 82
313 85
311 80
338 14
288 68
314 56
312 76
339 83
289 14
315 73
313 44
340 30
290 42
316 33
314 78
341 53
291 28
317 89
315 18
342 96
292 94
318 22
316 11
343 76
293 34
319 76
317 37
344 85
294 87
320 22
318 12
345 86
295 79
321 43
319 21
346 94
296 81
322 14
320 56
347 71
297 38
323 49
321 45
348 50
298 61
324 94
322 76
349 28
299 27
325 52
323 80
350 90
300 19
324 15
351 96
301 35
327 16
352 44
302 68
328 71
326 60
353 45
303 53
329 21
327 16
354 39
304 44
330 14
328 72
355 88
305 34
331 22
329 49
356 49
306 72
332 86
330 23
357 49
307 13
333 47
331 23
358 71
308 98
334 17
332 29
359 97
309 54
335 99
333 43
360 75
310 54
336 27
334 84
361 44
311 55
337 36
335 76
362 77
312 78
338 98
336 56
363 72
313 80
339 51
337 63
364 30
314 87
340 98
338 79
365 47
315 20
341 11
339 57
366 61
316 95
342 60
340 68
367 66
317 18
343 78
341 62
368 39
318 20
344 14
342 62
369 76
319 30
345 33
343 28
370 62
320 57
346 58
344 47
371 20
321 27
347 32
345 47
372 100
322 63
348 77
346 62
373 89
323 57
349 71
347 81
374 43
324 58
350 47
348 51
375 36
325 87
349 92
376 38
326 14
352 86
377 58
327 43
353 70
351 28
378 68
328 57
354 88
352 18
379 80
329 92
355 89
353 95
380 24
330 53
356 92
354 46
381 69
331 34
357 74
355 23
382 49
332 83
358 20
356 52
383 88
333 61
359 53
357 63
384 89
334 85
360 48
358 22
385 12
335 61
361 90
359 10
386 45
336 98
362 44
360 19
387 98
337 91
363 76
361 69
388 95
338 79
364 15
362 40
389 16
339 18
365 82
363 12
390 32
340 18
366 55
364 95
391 10
341 94
367 58
365 85
392 38
342 11
368 97
366 51
393 68
343 79
369 91
367 71
394 45
344 73
370 29
368 17
395 26
345 79
371 48
369 13
396 19
346 37
372 78
370 84
397 22
347 96
373 77
371 25
398 56
348 80
374 19
372 73
399 26
349 80
375 23
373 71
400 40
350 52
374 64
401 70
351 79
377 15
402 59
352 65
378 52
376 26
403 67
353 86
379 92
377 93
404 22
354 68
380 34
378 79
405 50
355 78
381 24
379 53
406 79
356 94
382 42
380 11
407 72
357 82
383 76
381 70
408 26
358 62
384 39
382 32
409 68
359 84
385 41
383 95
410 73
360 73
386 58
384 15
411 98
361 86
387 30
385 53
412 70
362 50
388 10
386 100
413 71
363 27
389 69
387 76
414 24
364 35
390 97
388 18
415 89
365 75
391 78
389 76
416 30
366 47
392 43
390 51
417 99
367 70
393 67
391 64
418 26
368 65
394 49
392 43
419 14
369 89
395 22
393 24
420 48
370 14
396 31
394 66
421 51
371 25
397 21
395 10
422 37
372 70
398 69
396 83
423 19
373 32
399 43
397 70
424 28
374 93
400 48
398 75
425 31
375 90
399 17
426 93
376 59
402 52
427 54
377 37
403 48
401 66
428 93
378 73
404 23
402 81
429 63
379 80
405 25
403 82
430 14
380 90
406 62
404 57
431 33
381 83
407 53
405 65
432 93
382 10
408 41
406 45
433 20
383 55
409 76
407 37
434 98
384 22
410 92
408 72
435 36
385 41
411 58
409 28
436 66
386 67
412 81
410 61
437 46
387 85
413 41
411 55
438 77
388 78
414 73
412 31
439 11
389 29
415 46
413 34
440 41
390 55
416 52
414 71
441 85
391 100
417 75
415 97
442 61
392 35
418 89
416 27
443 47
393 54
419 72
417 93
444 24
394 53
420 83
418 63
445 71
395 71
421 14
419 20
446 38
396 69
422 52
420 50
447 15
397 91
423 72
421 22
448 28
398 67
424 64
422 66
449 52
399 41
425 98
423 52
450 36
400 79
424 69
451 11
401 91
427 69
452 91
402 36
428 59
426 37
453 88
403 67
429 92
427 81
454 29
404 50
430 53
428 81
455 75
405 29
431 59
429 63
456 50
406 92
432 65
430 94
457 21
407 75
433 63
431 97
458 18
408 96
434 36
432 66
459 19
409 27
435 93
433 90
460 31
410 40
436 34
434 64
461 19
411 43
437 24
435 30
462 75
412 21
438 70
436 68
463 33
413 41
439 87
437 82
464 60
414 67
440 66
438 82
465 14
415 47
441 64
439 25
466 99
416 62
442 68
440 91
467 45
417 63
443 64
441 11
468 87
418 66
444 99
442 18
469 73
419 79
445 53
443 33
470 90
420 36
446 90
444 54
471 51
421 32
447 48
445 24
472 77
422 77
448 77
446 90
473 81
423 75
449 61
447 30
474 83
424 33
450 27
448 89
475 29
425 65
449 96
476 23
426 30
452 58
477 56
427 97
453 87
451 60
478 31
428 42
454 54
452 63
479 89
429 57
455 68
453 67
480 88
430 90
456 51
454 66
481 50
431 76
457 98
455 67
482 64
432 59
458 44
456 43
483 14
433 79
459 36
457 98
484 78
434 24
460 52
458 41
485 58
435 33
461 20
459 45
486 71
436 39
462 31
460 21
487 42
437 60
463 78
461 53
488 80
438 73
464 56
462 44
489 75
439 51
465 31
463 15
490 53
440 50
466 20
464 14
491 17
441 60
467 29
465 14
492 62
442 75
468 39
466 61
493 29
443 30
469 44
467 34
494 43
444 58
470 96
468 32
495 75
445 36
471 57
469 72
496 48
446 18
472 52
470 83
497 30
447 100
473 30
471 82
498 23
448 52
474 43
472 86
499 40
449 83
475 36
473 73
500 90
450 55
474 66
501 65
451 44
477 70
502 75
452 21
478 50
476 15
503 47
453 96
479 31
477 90
504 91
454 77
480 67
478 42
505 59
455 51
481 45
479 14
506 90
456 21
482 60
480 71
507 96
457 44
483 35
481 96
508 67
458 72
484 25
482 91
509 27
459 23
485 67
483 83
510 87
460 46
486 52
484 77
511 22
461 89
487 55
485 92
512 96
462 97
488 69
486 72
513 36
463 84
489 22
487 19
514 29
464 58
490 84
488 97
515 80
465 47
491 92
489 41
516 29
466 10
492 87
490 33
517 37
467 50
493 18
491 79
518 80
468 21
494 56
492 61
519 92
469 29
495 24
493 36
520 72
470 36
496 12
494 41
521 36
471 82
497 32
495 45
522 65
472 90
498 87
496 23
523 88
473 31
499 48
497 72
524 31
474 47
500 12
498 58
525 34
475 46
499 75
526 19
476 82
502 27
527 77
477 53
503 90
501 35
528 67
478 23
504 21
502 13
529 55
479 88
505 61
503 19
530 89
480 49
506 13
504 20
531 31
481 41
507 25
505 59
532 41
482 83
508 86
506 22
533 26
483 22
509 54
507 10
534 12
484 71
510 64
508 38
535 30
485 83
511 48
509 22
536 14
486 78
512 82
510 70
537 39
487 33
513 51
511 73
538 50
488 58
514 57
512 27
539 40
489 54
515 21
513 36
540 71
490 87
516 84
514 30
541 100
491 52
517 61
515 99
542 66
492 42
518 75
516 27
543 22
493 22
519 38
517 43
544 54
494 25
520 66
518 96
545 47
495 82
521 55
519 93
546 91
496 10
522 37
520 94
547 44
497 57
523 19
521 17
548 100
498 83
524 39
522 38
549 19
499 70
525 79
523 21
550 11
500 86
524 96
551 47
501 70
527 93
552 60
502 76
528 59
526 14
553 51
503 14
529 62
527 58
554 49
504 80
530 19
528 34
555 13
505 33
531 18
529 84
556 79
506 33
532 31
530 20
557 93
507 96
533 34
531 96
558 57
508 92
534 32
532 67
559 13
509 69
535 71
533 68
560 75
510 31
536 72
534 80
561 95
511 50
537 100
535 36
562 88
512 79
538 23
536 75
563 62
513 48
539 39
537 30
564 99
514 49
540 80
538 19
565 88
515 97
541 56
539 71
566 32
516 29
542 36
540 63
567 72
517 70
543 95
541 77
568 64
518 56
544 38
542 36
569 30
519 55
545 65
543 19
570 27
520 29
546 44
544 86
571 34
521 48
547 70
545 95
572 49
522 67
548 68
546 56
573 96
523 15
549 80
547 97
574 25
524 34
550 76
548 95
575 43
525 41
549 95
576 44
526 37
552 37
577 64
527 76
553 93
551 61
578 35
528 59
554 58
552 70
579 35
529 50
555 20
553 62
580 91
530 95
556 87
554 72
581 71
531 31
557 73
555 52
582 12
532 93
558 50
556 43
583 14
533 17
559 17
557 32
584 46
534 50
560 92
558 40
585 11
535 12
561 80
559 35
586 55
536 34
562 50
560 10
587 34
537 25
563 59
561 41
588 10
538 79
564 70
562 76
589 27
539 64
565 23
563 91
590 73
540 92
566 73
564 52
591 23
541 46
567 53
565 11
592 15
542 95
568 36
566 62
593 92
543 80
569 80
567 68
594 77
544 17
570 22
568 37
595 23
545 80
571 28
569 55
596 52
546 26
572 16
570 55
597 53
547 73
573 47
571 87
598 63
548 97
574 59
572 39
599 25
549 11
575 83
573 41
600 51
550 37
574 58
601 33
551 16
577 27
602 87
552 36
578 38
576 42
603 85
553 26
579 80
577 37
604 93
554 20
580 90
578 44
605 16
555 68
581 93
579 28
606 53
556 50
582 93
580 92
607 62
557 52
583 55
581 77
608 45
558 83
584 92
582 57
609 64
559 50
585 55
583 26
610 60
560 94
586 97
584 95
611 13
561 66
587 24
585 41
612 81
562 87
588 57
586 76
613 44
563 44
589 54
587 12
614 46
564 71
590 15
588 29
615 22
565 81
591 24
589 13
616 90
566 95
592 29
590 79
617 77
567 87
593 42
591 59
618 34
568 57
594 79
592 20
619 22
569 87
595 42
593 69
620 39
570 99
596 36
594 79
621 50
571 51
597 12
595 16
622 57
572 37
598 55
596 15
623 39
573 45
599 12
597 72
624 98
574 42
600 86
598 91
625 53
575 84
599 62
576 29
602 63
577 88
603 59
601 93
578 94
604 65
602 68
579 31
605 62
603 40
580 75
606 37
604 83
581 49
607 99
605 15
582 70
608 77
606 29
583 81
609 29
607 93
584 53
610 33
608 76
585 43
611 85
609 37
586 56
612 17
610 11
587 16
613 26
611 96
588 62
614 70
612 31
589 95
615 47
613 43
590 35
616 23
614 18
591 34
617 47
615 69
592 30
618 89
616 13
593 17
619 85
617 97
594 65
620 91
618 25
595 52
621 46
619 44
596 39
622 78
620 52
597 42
623 39
621 77
598 69
624 47
622 59
599 96
625 43
623 21
600 85
624 53
232
604
3 448 295 232 
2 127 312 
2 512 576 
2 132 466 
1 229 
3 562 113 438 
3 488 324 194 
1 331 
1 119 
2 534 386 
1 342 
2 520 124 
1 372 
2 345 467 
1 560 
1 207 
1 75 
2 484 230 
3 434 260 431 
3 31 266 274 
3 313 24 444 
2 69 565 
1 344 
1 517 
3 50 443 605 
1 25 
2 378 220 
1 590 
2 394 84 
2 515 355 
2 608 614 
4 611 541 142 240 
3 374 420 407 
1 424 
2 166 504 
2 554 376 
2 299 210 
1 134 
2 254 408 
1 612 
1 596 
1 592 
2 441 159 
1 253 
1 236 
1 118 
1 193 
3 81 199 389 
2 317 494 
4 471 289 532 505 
1 456 
2 145 114 
1 463 
1 10 
3 513 417 398 
1 353 
1 567 
2 563 147 
3 459 110 55 
3 189 248 377 
3 131 252 202 
2 292 328 
1 527 
1 540 
1 82 
1 451 
2 619 436 
1 38 
1 121 
2 209 427 
2 89 337 
2 371 439 
2 426 71 
3 297 290 305 
2 410 79 
2 615 178 
3 175 221 219 
1 387 
4 479 94 73 320 
4 51 140 231 500 
2 282 586 
3 402 171 393 
1 549 
2 535 265 
1 486 
1 465 
2 250 514 
2 356 200 
1 302 
3 458 123 511 
2 154 365 
1 217 
1 169 
2 399 161 
1 141 
1 385 
3 415 130 573 
1 370 
1 52 
2 211 474 
1 430 
5 395 67 4 138 133 
1 204 
1 39 
1 598 
2 214 298 
2 568 460 
3 13 382 91 
2 475 32 
2 192 28 
3 477 37 120 
2 510 555 
1 218 
1 347 
3 63 574 556 
2 548 425 
2 14 182 
1 604 
