625 2400 10 100 118
2
3
3
3
3
3
3
3
3
3
3
3
3
3
3
3
3
3
3
3
3
3
3
3
2
3
4
4
4
4
4
4
4
4
4
4
4
4
4
4
4
4
4
4
4
4
4
4
4
3
3
4
4
4
4
4
4
4
4
4
4
4
4
4
4
4
4
4
4
4
4
4
4
4
3
3
4
4
4
4
4
4
4
4
4
4
4
4
4
4
4
4
4
4
4
4
4
4
4
3
3
4
4
4
4
4
4
4
4
4
4
4
4
4
4
4
4
4
4
4
4
4
4
4
3
3
4
4
4
4
4
4
4
4
4
4
4
4
4
4
4
4
4
4
4
4
4
4
4
3
3
4
4
4
4
4
4
4
4
4
4
4
4
4
4
4
4
4
4
4
4
4
4
4
3
3
4
4
4
4
4
4
4
4
4
4
4
4
4
4
4
4
4
4
4
4
4
4
4
3
3
4
4
4
4
4
4
4
4
4
4
4
4
4
4
4
4
4
4
4
4
4
4
4
3
3
4
4
4
4
4
4
4
4
4
4
4
4
4
4
4
4
4
4
4
4
4
4
4
3
3
4
4
4
4
4
4
4
4
4
4
4
4
4
4
4
4
4
4
4
4
4
4
4
3
3
4
4
4
4
4
4
4
4
4
4
4
4
4
4
4
4
4
4
4
4
4
4
4
3
3
4
4
4
4
4
4
4
4
4
4
4
4
4
4
4
4
4
4
4
4
4
4
4
3
3
4
4
4
4
4
4
4
4
4
4
4
4
4
4
4
4
4
4
4
4
4
4
4
3
3
4
4
4
4
4
4
4
4
4
4
4
4
4
4
4
4
4
4
4
4
4
4
4
3
3
4
4
4
4
4
4
4
4
4
4
4
4
4
4
4
4
4
4
4
4
4
4
4
3
3
4
4
4
4
4
4
4
4
4
4
4
4
4
4
4
4
4
4
4
4
4
4
4
3
3
4
4
4
4
4
4
4
4
4
4
4
4
4
4
4
4
4
4
4
4
4
4
4
3
3
4
4
4
4
4
4
4
4
4
4
4
4
4
4
4
4
4
4
4
4
4
4
4
3
3
4
4
4
4
4
4
4
4
4
4
4
4
4
4
4
4
4
4
4
4
4
4
4
3
3
4
4
4
4
4
4
4
4
4
4
4
4
4
4
4
4
4
4
4
4
4
4
4
3
3
4
4
4
4
4
4
4
4
4
4
4
4
4
4
4
4
4
4
4
4
4
4
4
3
3
4
4
4
4
4
4
4
4
4
4
4
4
4
4
4
4
4
4
4
4
4
4
4
3
3
4
4
4
4
4
4
4
4
4
4
4
4
4
4
4
4
4
4
4
4
4
4
4
3
2
3
3
3
3
3
3
3
3
3
3
3
3
3
3
3
3
3
3
3
3
3
3
3
2
26 54
2 29
27 86
3 43
1 90
28 39
4 82
2 70
29 24
5 67
3 53
30 58
6 87
4 24
31 57
7 65
5 61
32 52
8 25
6 16
33 76
9 54
7 73
34 45
10 21
8 73
35 77
11 33
9 62
36 55
12 43
10 12
37 67
13 76
11 48
38 27
14 14
12 32
39 62
15 73
13 65
40 94
16 17
14 35
41 25
17 31
15 15
42 90
18 92
16 100
43 13
19 46
17 10
44 63
20 74
18 26
45 92
21 25
19 26
46 24
22 34
20 54
47 67
23 79
21 29
48 19
24 32
22 48
49 70
25 56
23 41
50 73
24 33
51 76
1 20
27 83
52 39
2 62
28 47
26 21
53 23
3 61
29 33
27 70
54 87
4 71
30 94
28 39
55 10
5 64
31 73
29 41
56 48
6 67
32 17
30 19
57 94
7 29
33 71
31 94
58 26
8 30
34 47
32 59
59 38
9 33
35 17
33 89
60 17
10 59
36 93
34 83
61 62
11 100
37 75
35 38
62 85
12 16
38 24
36 24
63 59
13 87
39 33
37 96
64 17
14 77
40 98
38 98
65 68
15 62
41 92
39 73
66 74
16 94
42 52
40 98
67 77
17 82
43 90
41 93
68 60
18 18
44 93
42 69
69 11
19 51
45 36
43 10
70 79
20 79
46 34
44 87
71 86
21 49
47 38
45 38
72 24
22 100
48 26
46 98
73 52
23 34
49 47
47 54
74 53
24 29
50 67
48 68
75 57
25 58
49 12
76 65
26 18
52 93
77 43
27 85
53 90
51 90
78 41
28 90
54 74
52 73
79 71
29 35
55 76
53 78
80 87
30 60
56 90
54 65
81 100
31 67
57 44
55 47
82 42
32 31
58 44
56 60
83 70
33 70
59 59
57 84
84 37
34 75
60 91
58 31
85 43
35 60
61 70
59 68
86 97
36 76
62 77
60 30
87 28
37 78
63 42
61 36
88 25
38 75
64 36
62 82
89 23
39 46
65 34
63 72
90 40
40 99
66 26
64 88
91 34
41 85
67 45
65 87
92 36
42 61
68 27
66 23
93 48
43 36
69 21
67 47
94 49
44 39
70 26
68 89
95 53
45 83
71 33
69 45
96 35
46 86
72 99
70 12
97 76
47 51
73 31
71 33
98 63
48 29
74 46
72 12
99 40
49 88
75 30
73 87
100 51
50 80
74 11
101 67
51 12
77 70
102 80
52 11
78 52
76 21
103 94
53 93
79 20
77 43
104 32
54 38
80 50
78 84
105 48
55 35
81 71
79 92
106 87
56 46
82 78
80 30
107 94
57 10
83 22
81 48
108 27
58 75
84 60
82 16
109 87
59 36
85 12
83 51
110 52
60 65
86 17
84 50
111 22
61 81
87 82
85 88
112 98
62 72
88 57
86 95
113 18
63 29
89 28
87 93
114 73
64 93
90 48
88 11
115 30
65 47
91 42
89 78
116 77
66 70
92 46
90 65
117 19
67 96
93 40
91 55
118 56
68 73
94 78
92 69
119 42
69 26
95 10
93 18
120 87
70 97
96 59
94 66
121 14
71 11
97 73
95 81
122 70
72 49
98 89
96 95
123 17
73 37
99 92
97 39
124 53
74 75
100 44
98 22
125 76
75 67
99 43
126 86
76 55
102 16
127 91
77 76
103 85
101 10
128 12
78 70
104 41
102 15
129 25
79 75
105 29
103 48
130 86
80 78
106 32
104 41
131 64
81 55
107 75
105 63
132 67
82 81
108 37
106 93
133 23
83 70
109 11
107 76
134 83
84 61
110 49
108 18
135 30
85 30
111 61
109 72
136 86
86 26
112 47
110 71
137 13
87 93
113 85
111 81
138 65
88 60
114 75
112 65
139 40
89 43
115 14
113 89
140 47
90 96
116 21
114 36
141 67
91 70
117 34
115 10
142 83
92 55
118 52
116 43
143 14
93 82
119 18
117 48
144 24
94 40
120 77
118 49
145 43
95 80
121 30
119 35
146 75
96 73
122 76
120 25
147 23
97 40
123 74
121 41
148 33
98 66
124 66
122 81
149 54
99 12
125 51
123 60
150 94
100 85
124 26
151 89
101 90
127 53
152 80
102 80
128 37
126 94
153 88
103 78
129 63
127 43
154 57
104 73
130 16
128 91
155 71
105 70
131 50
129 79
156 70
106 26
132 21
130 46
157 31
107 18
133 28
131 84
158 37
108 89
134 82
132 47
159 51
109 85
135 55
133 83
160 10
110 51
136 43
134 23
161 70
111 86
137 55
135 97
162 62
112 28
138 74
136 11
163 74
113 70
139 96
137 64
164 78
114 11
140 20
138 66
165 58
115 26
141 33
139 86
166 57
116 19
142 84
140 80
167 27
117 59
143 73
141 81
168 57
118 46
144 66
142 19
169 55
119 85
145 46
143 68
170 30
120 57
146 21
144 13
171 93
121 55
147 42
145 76
172 99
122 40
148 35
146 64
173 82
123 48
149 46
147 81
174 100
124 92
150 20
148 69
175 80
125 84
149 37
176 26
126 36
152 79
177 33
127 16
153 50
151 46
178 77
128 53
154 25
152 61
179 46
129 16
155 22
153 76
180 10
130 92
156 74
154 79
181 35
131 64
157 66
155 13
182 93
132 35
158 10
156 54
183 63
133 93
159 100
157 25
184 96
134 87
160 28
158 23
185 30
135 94
161 59
159 17
186 30
136 23
162 38
160 98
187 18
137 95
163 18
161 86
188 18
138 58
164 71
162 81
189 86
139 62
165 99
163 98
190 85
140 10
166 70
164 82
191 47
141 13
167 46
165 79
192 99
142 21
168 66
166 96
193 93
143 13
169 44
167 92
194 63
144 100
170 72
168 92
195 18
145 80
171 24
169 54
196 70
146 25
172 97
170 55
197 76
147 84
173 17
171 45
198 53
148 10
174 48
172 92
199 68
149 49
175 94
173 45
200 27
150 34
174 91
201 76
151 77
177 25
202 80
152 20
178 81
176 52
203 78
153 40
179 39
177 80
204 30
154 49
180 63
178 97
205 88
155 99
181 53
179 93
206 98
156 22
182 22
180 22
207 45
157 51
183 41
181 80
208 96
158 24
184 58
182 10
209 52
159 54
185 33
183 79
210 11
160 18
186 37
184 28
211 65
161 97
187 68
185 80
212 52
162 77
188 18
186 45
213 59
163 57
189 45
187 96
214 24
164 90
190 49
188 16
215 92
165 22
191 12
189 89
216 91
166 33
192 66
190 25
217 85
167 21
193 99
191 58
218 92
168 22
194 89
192 70
219 23
169 82
195 59
193 22
220 93
170 63
196 40
194 40
221 22
171 91
197 86
195 19
222 26
172 72
198 20
196 35
223 35
173 31
199 64
197 85
224 62
174 71
200 18
198 76
225 64
175 40
199 24
226 99
176 26
202 93
227 14
177 54
203 33
201 33
228 64
178 34
204 57
202 34
229 53
179 34
205 45
203 13
230 11
180 91
206 57
204 57
231 80
181 86
207 30
205 84
232 61
182 87
208 30
206 69
233 65
183 53
209 44
207 78
234 59
184 23
210 13
208 63
235 75
185 66
211 45
209 26
236 99
186 62
212 54
210 38
237 14
187 27
213 88
211 23
238 36
188 18
214 31
212 57
239 79
189 22
215 33
213 75
240 14
190 73
216 91
214 35
241 30
191 61
217 32
215 73
242 63
192 65
218 81
216 75
243 34
193 41
219 69
217 52
244 58
194 37
220 12
218 57
245 15
195 41
221 41
219 67
246 78
196 87
222 27
220 61
247 42
197 18
223 39
221 59
248 31
198 94
224 64
222 81
249 74
199 30
225 52
223 33
250 32
200 94
224 87
251 68
201 68
227 31
252 35
202 87
228 64
226 65
253 88
203 24
229 72
227 92
254 62
204 46
230 41
228 42
255 61
205 88
231 85
229 66
256 64
206 72
232 85
230 41
257 24
207 91
233 29
231 65
258 60
208 47
234 18
232 28
259 50
209 57
235 67
233 23
260 48
210 59
236 66
234 20
261 59
211 48
237 32
235 12
262 82
212 84
238 57
236 50
263 17
213 27
239 45
237 57
264 76
214 53
240 90
238 76
265 74
215 61
241 75
239 97
266 49
216 95
242 84
240 18
267 53
217 64
243 50
241 25
268 14
218 86
244 57
242 51
269 25
219 62
245 44
243 23
270 34
220 11
246 94
244 90
271 41
221 15
247 75
245 76
272 29
222 46
248 13
246 87
273 79
223 87
249 49
247 21
274 39
224 79
250 69
248 83
275 92
225 43
249 26
276 18
226 92
252 85
277 21
227 39
253 95
251 86
278 71
228 95
254 15
252 17
279 18
229 54
255 66
253 22
280 86
230 56
256 61
254 74
281 95
231 93
257 81
255 44
282 91
232 78
258 60
256 30
283 84
233 83
259 94
257 14
284 84
234 15
260 20
258 41
285 60
235 95
261 22
259 87
286 83
236 41
262 50
260 22
287 19
237 22
263 79
261 54
288 65
238 18
264 73
262 68
289 16
239 94
265 79
263 68
290 51
240 47
266 75
264 53
291 12
241 32
267 33
265 14
292 91
242 96
268 45
266 52
293 19
243 64
269 63
267 65
294 35
244 90
270 57
268 27
295 17
245 41
271 45
269 45
296 56
246 88
272 64
270 82
297 92
247 48
273 14
271 57
298 56
248 15
274 97
272 79
299 91
249 58
275 99
273 75
300 59
250 91
274 50
301 74
251 36
277 12
302 70
252 100
278 57
276 34
303 12
253 98
279 14
277 42
304 64
254 64
280 71
278 93
305 32
255 63
281 70
279 84
306 50
256 74
282 64
280 60
307 32
257 69
283 79
281 36
308 12
258 35
284 70
282 89
309 10
259 58
285 90
283 84
310 33
260 49
286 85
284 92
311 17
261 67
287 85
285 25
312 78
262 56
288 81
286 92
313 88
263 79
289 27
287 22
314 97
264 44
290 27
288 49
315 58
265 16
291 40
289 36
316 81
266 92
292 50
290 76
317 64
267 14
293 21
291 54
318 82
268 21
294 70
292 32
319 76
269 58
295 13
293 94
320 33
270 49
296 91
294 79
321 15
271 53
297 11
295 49
322 39
272 77
298 25
296 58
323 98
273 46
299 72
297 21
324 26
274 82
300 79
298 25
325 100
275 39
299 83
326 42
276 73
302 37
327 19
277 20
303 50
301 35
328 91
278 34
304 31
302 53
329 15
279 69
305 21
303 17
330 92
280 93
306 47
304 85
331 97
281 54
307 93
305 69
332 84
282 42
308 35
306 21
333 15
283 15
309 73
307 100
334 72
284 49
310 21
308 95
335 91
285 92
311 29
309 71
336 96
286 24
312 32
310 61
337 28
287 99
313 71
311 73
338 26
288 99
314 51
312 100
339 18
289 89
315 93
313 32
340 78
290 45
316 60
314 88
341 72
291 35
317 44
315 10
342 32
292 21
318 48
316 68
343 57
293 30
319 48
317 25
344 48
294 88
320 58
318 88
345 33
295 56
321 38
319 67
346 38
296 64
322 33
320 51
347 27
297 21
323 63
321 34
348 34
298 63
324 11
322 63
349 21
299 91
325 83
323 36
350 27
300 98
324 81
351 100
301 45
327 16
352 23
302 90
328 54
326 30
353 62
303 99
329 47
327 54
354 28
304 73
330 94
328 65
355 86
305 80
331 25
329 73
356 41
306 66
332 62
330 66
357 77
307 48
333 35
331 50
358 48
308 31
334 67
332 49
359 93
309 86
335 95
333 54
360 24
310 50
336 11
334 32
361 70
311 22
337 82
335 37
362 80
312 35
338 40
336 67
363 84
313 29
339 82
337 66
364 19
314 98
340 29
338 65
365 61
315 50
341 90
339 81
366 77
316 21
342 88
340 88
367 33
317 68
343 68
341 65
368 79
318 53
344 86
342 13
369 78
319 83
345 19
343 28
370 18
320 31
346 11
344 62
371 32
321 99
347 76
345 17
372 83
322 22
348 85
346 65
373 79
323 23
349 16
347 14
374 86
324 27
350 78
348 47
375 75
325 73
349 60
376 18
326 93
352 85
377 14
327 36
353 25
351 56
378 20
328 94
354 44
352 68
379 39
329 74
355 88
353 96
380 69
330 61
356 36
354 12
381 71
331 39
357 31
355 62
382 58
332 15
358 77
356 55
383 36
333 38
359 81
357 14
384 86
334 64
360 66
358 80
385 87
335 14
361 27
359 92
386 64
336 62
362 89
360 55
387 13
337 25
363 52
361 75
388 32
338 15
364 76
362 54
389 43
339 44
365 86
363 13
390 65
340 86
366 39
364 51
391 37
341 24
367 94
365 87
392 79
342 76
368 40
366 51
393 30
343 49
369 16
367 95
394 38
344 49
370 61
368 67
395 17
345 87
371 55
369 73
396 32
346 13
372 53
370 81
397 24
347 27
373 90
371 92
398 45
348 78
374 23
372 96
399 81
349 16
375 72
373 34
400 16
350 58
374 49
401 27
351 40
377 74
402 70
352 24
378 32
376 45
403 54
353 19
379 61
377 22
404 83
354 12
380 85
378 46
405 18
355 89
381 31
379 73
406 22
356 53
382 62
380 94
407 18
357 39
383 51
381 53
408 23
358 28
384 18
382 21
409 52
359 47
385 14
383 17
410 20
360 44
386 29
384 10
411 66
361 45
387 70
385 11
412 57
362 57
388 39
386 38
413 30
363 83
389 76
387 99
414 54
364 56
390 99
388 94
415 40
365 44
391 12
389 66
416 51
366 61
392 53
390 22
417 12
367 84
393 47
391 32
418 68
368 73
394 36
392 46
419 91
369 22
395 80
393 24
420 41
370 53
396 99
394 28
421 18
371 85
397 36
395 79
422 80
372 72
398 77
396 16
423 58
373 21
399 68
397 79
424 33
374 12
400 69
398 96
425 69
375 83
399 99
426 84
376 46
402 62
427 34
377 16
403 64
401 61
428 80
378 98
404 40
402 84
429 12
379 63
405 62
403 14
430 20
380 13
406 76
404 99
431 58
381 14
407 27
405 94
432 78
382 96
408 78
406 36
433 76
383 55
409 95
407 69
434 94
384 46
410 77
408 84
435 77
385 62
411 18
409 28
436 56
386 50
412 50
410 53
437 69
387 16
413 85
411 26
438 40
388 29
414 82
412 55
439 93
389 71
415 75
413 20
440 18
390 11
416 68
414 64
441 24
391 24
417 77
415 60
442 92
392 38
418 77
416 87
443 88
393 92
419 81
417 90
444 35
394 91
420 16
418 47
445 75
395 19
421 30
419 49
446 69
396 90
422 56
420 54
447 23
397 24
423 56
421 89
448 89
398 17
424 40
422 82
449 28
399 18
425 16
423 97
450 87
400 55
424 67
451 61
401 34
427 33
452 24
402 53
428 10
426 46
453 53
403 100
429 84
427 38
454 35
404 78
430 12
428 32
455 53
405 89
431 94
429 53
456 42
406 23
432 67
430 71
457 27
407 63
433 46
431 21
458 22
408 48
434 76
432 72
459 99
409 85
435 33
433 13
460 76
410 77
436 75
434 48
461 90
411 67
437 58
435 49
462 34
412 14
438 73
436 61
463 99
413 26
439 47
437 31
464 25
414 75
440 66
438 47
465 54
415 74
441 53
439 28
466 33
416 37
442 87
440 91
467 20
417 60
443 83
441 56
468 65
418 93
444 15
442 46
469 27
419 100
445 57
443 89
470 78
420 59
446 91
444 25
471 73
421 95
447 91
445 74
472 10
422 68
448 28
446 14
473 29
423 38
449 20
447 75
474 69
424 71
450 55
448 51
475 12
425 40
449 12
476 64
426 85
452 86
477 10
427 87
453 34
451 32
478 59
428 62
454 54
452 24
479 56
429 56
455 23
453 88
480 83
430 48
456 25
454 80
481 96
431 10
457 18
455 78
482 54
432 81
458 66
456 51
483 81
433 36
459 44
457 34
484 24
434 59
460 54
458 17
485 79
435 75
461 22
459 100
486 23
436 13
462 38
460 32
487 83
437 24
463 47
461 44
488 26
438 80
464 41
462 85
489 99
439 83
465 91
463 34
490 27
440 86
466 38
464 93
491 62
441 18
467 67
465 21
492 27
442 61
468 88
466 22
493 40
443 43
469 37
467 14
494 14
444 41
470 21
468 79
495 25
445 38
471 18
469 74
496 86
446 98
472 63
470 87
497 15
447 44
473 25
471 83
498 29
448 25
474 46
472 51
499 36
449 19
475 47
473 41
500 40
450 34
474 96
501 71
451 36
477 72
502 63
452 29
478 71
476 92
503 90
453 16
479 41
477 49
504 17
454 92
480 32
478 88
505 37
455 100
481 47
479 44
506 53
456 42
482 52
480 36
507 22
457 52
483 23
481 30
508 80
458 64
484 47
482 89
509 21
459 21
485 47
483 55
510 22
460 89
486 27
484 83
511 98
461 70
487 38
485 68
512 59
462 13
488 40
486 82
513 24
463 32
489 91
487 98
514 59
464 35
490 88
488 82
515 51
465 80
491 24
489 91
516 97
466 25
492 38
490 23
517 80
467 100
493 76
491 67
518 61
468 88
494 38
492 75
519 59
469 38
495 81
493 82
520 99
470 80
496 81
494 75
521 41
471 57
497 49
495 20
522 72
472 57
498 44
496 99
523 47
473 48
499 79
497 78
524 49
474 98
500 77
498 14
525 28
475 40
499 88
526 76
476 32
502 95
527 16
477 46
503 88
501 53
528 91
478 13
504 40
502 59
529 67
479 52
505 26
503 94
530 48
480 79
506 45
504 56
531 96
481 80
507 54
505 67
532 98
482 79
508 72
506 21
533 29
483 46
509 90
507 20
534 61
484 10
510 21
508 91
535 66
485 84
511 79
509 100
536 97
486 33
512 22
510 25
537 26
487 24
513 46
511 95
538 25
488 58
514 80
512 99
539 92
489 58
515 46
513 62
540 92
490 17
516 83
514 12
541 16
491 21
517 37
515 50
542 85
492 95
518 95
516 78
543 49
493 13
519 43
517 42
544 25
494 71
520 82
518 28
545 17
495 38
521 48
519 50
546 76
496 72
522 16
520 13
547 44
497 39
523 78
521 66
548 22
498 29
524 95
522 55
549 28
499 26
525 26
523 32
550 56
500 100
524 55
551 56
501 99
527 61
552 40
502 39
528 24
526 22
553 20
503 37
529 82
527 67
554 62
504 83
530 21
528 61
555 19
505 10
531 18
529 32
556 95
506 49
532 49
530 38
557 92
507 43
533 39
531 55
558 86
508 78
534 67
532 37
559 15
509 48
535 52
533 64
560 14
510 19
536 82
534 70
561 84
511 85
537 66
535 60
562 20
512 38
538 50
536 63
563 52
513 39
539 33
537 94
564 69
514 61
540 65
538 96
565 80
515 96
541 28
539 23
566 10
516 63
542 57
540 19
567 53
517 76
543 78
541 73
568 26
518 32
544 80
542 48
569 18
519 47
545 76
543 43
570 74
520 85
546 34
544 61
571 87
521 21
547 72
545 16
572 53
522 18
548 38
546 58
573 17
523 86
549 80
547 23
574 60
524 56
550 89
548 55
575 46
525 50
549 43
576 82
526 22
552 42
577 27
527 22
553 45
551 76
578 34
528 46
554 47
552 74
579 73
529 14
555 49
553 36
580 72
530 50
556 66
554 30
581 25
531 33
557 78
555 16
582 47
532 57
558 47
556 87
583 47
533 63
559 93
557 37
584 56
534 81
560 21
558 51
585 58
535 22
561 89
559 76
586 35
536 18
562 77
560 64
587 22
537 54
563 79
561 96
588 61
538 78
564 23
562 60
589 61
539 43
565 19
563 19
590 83
540 28
566 15
564 14
591 89
541 12
567 52
565 20
592 51
542 82
568 70
566 81
593 94
543 48
569 92
567 95
594 56
544 80
570 86
568 87
595 17
545 46
571 74
569 64
596 67
546 76
572 31
570 20
597 75
547 86
573 63
571 12
598 92
548 66
574 15
572 11
599 82
549 87
575 68
573 98
600 41
550 86
574 51
601 41
551 71
577 77
602 46
552 60
578 57
576 93
603 95
553 47
579 77
577 86
604 32
554 28
580 50
578 21
605 97
555 85
581 87
579 70
606 66
556 20
582 46
580 23
607 57
557 50
583 27
581 87
608 80
558 78
584 21
582 13
609 54
559 53
585 67
583 80
610 88
560 52
586 43
584 63
611 30
561 64
587 18
585 85
612 50
562 12
588 91
586 75
613 88
563 75
589 59
587 58
614 17
564 62
590 23
588 24
615 75
565 23
591 30
589 57
616 49
566 86
592 65
590 93
617 75
567 87
593 11
591 24
618 74
568 25
594 52
592 55
619 48
569 70
595 23
593 15
620 65
570 51
596 60
594 56
621 12
571 30
597 59
595 18
622 44
572 71
598 89
596 11
623 10
573 87
599 57
597 91
624 99
574 97
600 25
598 24
625 31
575 98
599 13
576 30
602 12
577 51
603 78
601 67
578 52
604 29
602 49
579 14
605 34
603 76
580 62
606 64
604 84
581 87
607 41
605 82
582 67
608 32
606 44
583 74
609 65
607 15
584 75
610 25
608 15
585 99
611 98
609 64
586 60
612 45
610 69
587 35
613 53
611 33
588 85
614 66
612 18
589 54
615 27
613 98
590 49
616 100
614 76
591 16
617 92
615 51
592 59
618 22
616 72
593 21
619 39
617 75
594 51
620 21
618 83
595 37
621 60
619 38
596 43
622 51
620 85
597 49
623 58
621 72
598 47
624 46
622 16
599 72
625 39
623 96
600 43
624 78
524
9
2 1 524 
2 138 266 
1 209 
1 471 
2 516 569 
2 323 19 
1 36 
2 462 404 
1 321 
1 582 
2 507 509 
1 331 
2 278 53 
1 287 
4 86 111 237 576 
4 272 548 297 12 
3 18 315 248 
1 180 
3 584 208 69 
2 574 109 
3 447 234 421 
2 162 292 
1 47 
2 83 52 
1 11 
1 389 
2 318 120 
2 519 170 
1 508 
2 225 527 
1 126 
2 366 448 
2 341 470 
1 480 
2 451 13 
1 372 
2 523 153 
3 95 360 301 
2 99 378 
3 415 431 474 
2 280 617 
1 294 
2 382 220 
3 176 273 235 
2 596 377 
1 578 
2 196 489 
2 276 424 
2 247 493 
4 65 151 430 590 
1 255 
1 488 
1 189 
1 549 
3 319 264 416 
3 179 455 561 
2 573 194 
1 402 
2 406 336 
3 469 169 533 
1 620 
1 530 
1 353 
1 277 
1 15 
2 359 20 
3 256 450 200 
1 335 
1 203 
1 614 
2 177 21 
2 43 231 
3 6 457 71 
3 601 426 129 
1 440 
1 330 
4 588 313 223 564 
3 407 142 290 
1 309 
1 72 
2 92 458 
1 250 
2 93 146 
1 123 
2 468 467 
4 410 427 607 350 
1 131 
2 329 316 
2 121 155 
1 40 
4 332 188 145 190 
1 163 
3 29 442 186 
1 213 
1 325 
2 259 291 
4 218 191 132 522 
2 295 46 
1 479 
5 166 24 532 299 571 
1 496 
1 212 
1 161 
1 444 
1 439 
2 314 327 
1 498 
1 30 
2 352 540 
2 575 157 
1 76 
4 257 432 88 340 
2 556 324 
2 246 38 
1 337 
3 604 81 484 
1 114 
2 565 9 
