625 2400 10 100 118
2
3
3
3
3
3
3
3
3
3
3
3
3
3
3
3
3
3
3
3
3
3
3
3
2
3
4
4
4
4
4
4
4
4
4
4
4
4
4
4
4
4
4
4
4
4
4
4
4
3
3
4
4
4
4
4
4
4
4
4
4
4
4
4
4
4
4
4
4
4
4
4
4
4
3
3
4
4
4
4
4
4
4
4
4
4
4
4
4
4
4
4
4
4
4
4
4
4
4
3
3
4
4
4
4
4
4
4
4
4
4
4
4
4
4
4
4
4
4
4
4
4
4
4
3
3
4
4
4
4
4
4
4
4
4
4
4
4
4
4
4
4
4
4
4
4
4
4
4
3
3
4
4
4
4
4
4
4
4
4
4
4
4
4
4
4
4
4
4
4
4
4
4
4
3
3
4
4
4
4
4
4
4
4
4
4
4
4
4
4
4
4
4
4
4
4
4
4
4
3
3
4
4
4
4
4
4
4
4
4
4
4
4
4
4
4
4
4
4
4
4
4
4
4
3
3
4
4
4
4
4
4
4
4
4
4
4
4
4
4
4
4
4
4
4
4
4
4
4
3
3
4
4
4
4
4
4
4
4
4
4
4
4
4
4
4
4
4
4
4
4
4
4
4
3
3
4
4
4
4
4
4
4
4
4
4
4
4
4
4
4
4
4
4
4
4
4
4
4
3
3
4
4
4
4
4
4
4
4
4
4
4
4
4
4
4
4
4
4
4
4
4
4
4
3
3
4
4
4
4
4
4
4
4
4
4
4
4
4
4
4
4
4
4
4
4
4
4
4
3
3
4
4
4
4
4
4
4
4
4
4
4
4
4
4
4
4
4
4
4
4
4
4
4
3
3
4
4
4
4
4
4
4
4
4
4
4
4
4
4
4
4
4
4
4
4
4
4
4
3
3
4
4
4
4
4
4
4
4
4
4
4
4
4
4
4
4
4
4
4
4
4
4
4
3
3
4
4
4
4
4
4
4
4
4
4
4
4
4
4
4
4
4
4
4
4
4
4
4
3
3
4
4
4
4
4
4
4
4
4
4
4
4
4
4
4
4
4
4
4
4
4
4
4
3
3
4
4
4
4
4
4
4
4
4
4
4
4
4
4
4
4
4
4
4
4
4
4
4
3
3
4
4
4
4
4
4
4
4
4
4
4
4
4
4
4
4
4
4
4
4
4
4
4
3
3
4
4
4
4
4
4
4
4
4
4
4
4
4
4
4
4
4
4
4
4
4
4
4
3
3
4
4
4
4
4
4
4
4
4
4
4
4
4
4
4
4
4
4
4
4
4
4
4
3
3
4
4
4
4
4
4
4
4
4
4
4
4
4
4
4
4
4
4
4
4
4
4
4
3
2
3
3
3
3
3
3
3
3
3
3
3
3
3
3
3
3
3
3
3
3
3
3
3
2
26 43
2 29
27 43
3 59
1 33
28 25
4 91
2 15
29 24
5 91
3 81
30 39
6 51
4 81
31 58
7 42
5 42
32 28
8 99
6 95
33 49
9 45
7 72
34 100
10 27
8 98
35 24
11 12
9 21
36 63
12 23
10 23
37 59
13 62
11 63
38 48
14 98
12 35
39 34
15 43
13 14
40 18
16 97
14 42
41 21
17 49
15 45
42 68
18 71
16 81
43 20
19 74
17 32
44 61
20 11
18 22
45 69
21 72
19 38
46 92
22 95
20 36
47 80
23 87
21 30
48 14
24 51
22 76
49 72
25 89
23 22
50 68
24 95
51 100
1 94
27 99
52 53
2 44
28 96
26 84
53 40
3 83
29 52
27 96
54 86
4 60
30 18
28 44
55 86
5 54
31 54
29 72
56 75
6 81
32 41
30 13
57 72
7 72
33 28
31 47
58 89
8 37
34 52
32 35
59 17
9 50
35 87
33 44
60 19
10 41
36 53
34 23
61 67
11 81
37 78
35 14
62 66
12 19
38 20
36 90
63 43
13 76
39 26
37 70
64 54
14 97
40 32
38 98
65 51
15 76
41 40
39 78
66 82
16 62
42 37
40 16
67 20
17 64
43 89
41 32
68 45
18 75
44 100
42 44
69 45
19 95
45 94
43 17
70 31
20 74
46 61
44 40
71 43
21 95
47 41
45 31
72 86
22 100
48 69
46 49
73 15
23 35
49 14
47 75
74 20
24 77
50 41
48 88
75 82
25 20
49 97
76 87
26 15
52 11
77 29
27 52
53 33
51 17
78 33
28 94
54 60
52 65
79 26
29 10
55 16
53 65
80 91
30 35
56 98
54 34
81 100
31 64
57 86
55 33
82 41
32 99
58 45
56 68
83 52
33 56
59 22
57 92
84 51
34 49
60 76
58 86
85 79
35 51
61 48
59 99
86 62
36 74
62 53
60 44
87 86
37 63
63 91
61 96
88 80
38 80
64 11
62 31
89 97
39 49
65 18
63 79
90 22
40 32
66 67
64 85
91 99
41 11
67 100
65 72
92 92
42 46
68 73
66 30
93 46
43 41
69 71
67 100
94 65
44 66
70 51
68 15
95 14
45 92
71 90
69 89
96 90
46 21
72 100
70 59
97 82
47 50
73 26
71 73
98 94
48 20
74 26
72 99
99 73
49 39
75 97
73 49
100 63
50 37
74 48
101 67
51 11
77 67
102 43
52 62
78 31
76 47
103 56
53 69
79 54
77 64
104 35
54 93
80 58
78 53
105 77
55 54
81 43
79 25
106 12
56 51
82 31
80 67
107 19
57 75
83 81
81 93
108 79
58 26
84 55
82 36
109 20
59 83
85 69
83 90
110 91
60 93
86 55
84 83
111 65
61 99
87 23
85 16
112 46
62 48
88 81
86 68
113 59
63 92
89 32
87 71
114 26
64 47
90 83
88 30
115 71
65 13
91 10
89 45
116 93
66 56
92 34
90 28
117 65
67 63
93 69
91 37
118 70
68 74
94 39
92 84
119 23
69 93
95 76
93 72
120 83
70 82
96 66
94 45
121 99
71 69
97 92
95 78
122 20
72 30
98 51
96 51
123 10
73 70
99 45
97 65
124 13
74 19
100 14
98 28
125 37
75 40
99 12
126 23
76 62
102 32
127 85
77 82
103 99
101 63
128 40
78 17
104 25
102 33
129 95
79 42
105 76
103 75
130 58
80 59
106 36
104 57
131 44
81 53
107 52
105 88
132 80
82 58
108 94
106 61
133 95
83 82
109 86
107 96
134 92
84 88
110 50
108 33
135 65
85 43
111 20
109 71
136 65
86 72
112 90
110 85
137 59
87 58
113 47
111 51
138 54
88 72
114 35
112 19
139 62
89 99
115 12
113 91
140 83
90 56
116 77
114 26
141 23
91 48
117 45
115 60
142 31
92 74
118 17
116 62
143 47
93 95
119 43
117 16
144 85
94 32
120 24
118 90
145 54
95 32
121 10
119 20
146 21
96 32
122 26
120 59
147 28
97 18
123 63
121 35
148 42
98 26
124 21
122 46
149 19
99 41
125 22
123 72
150 58
100 27
124 40
151 92
101 84
127 41
152 79
102 46
128 27
126 48
153 67
103 79
129 47
127 63
154 74
104 26
130 20
128 67
155 38
105 67
131 90
129 87
156 45
106 25
132 17
130 69
157 54
107 51
133 41
131 79
158 34
108 18
134 35
132 30
159 25
109 47
135 93
133 62
160 68
110 31
136 51
134 71
161 77
111 56
137 44
135 50
162 11
112 50
138 30
136 96
163 26
113 69
139 67
137 88
164 29
114 94
140 74
138 19
165 14
115 78
141 60
139 51
166 19
116 36
142 63
140 30
167 85
117 75
143 17
141 85
168 82
118 30
144 53
142 54
169 56
119 100
145 41
143 25
170 31
120 63
146 66
144 62
171 30
121 25
147 19
145 43
172 15
122 82
148 23
146 96
173 19
123 26
149 32
147 79
174 26
124 25
150 27
148 20
175 100
125 46
149 29
176 13
126 59
152 92
177 39
127 85
153 46
151 22
178 37
128 24
154 88
152 48
179 45
129 31
155 63
153 83
180 16
130 29
156 99
154 89
181 87
131 63
157 33
155 30
182 42
132 29
158 66
156 46
183 90
133 85
159 24
157 55
184 52
134 43
160 94
158 47
185 41
135 36
161 44
159 45
186 83
136 66
162 75
160 53
187 67
137 32
163 88
161 12
188 86
138 49
164 59
162 34
189 72
139 14
165 88
163 89
190 46
140 73
166 43
164 11
191 88
141 71
167 32
165 45
192 18
142 34
168 51
166 15
193 59
143 23
169 56
167 65
194 28
144 61
170 86
168 62
195 93
145 85
171 22
169 85
196 80
146 79
172 92
170 45
197 80
147 46
173 16
171 46
198 99
148 35
174 66
172 49
199 16
149 76
175 40
173 52
200 13
150 20
174 46
201 42
151 45
177 97
202 32
152 61
178 41
176 94
203 90
153 69
179 42
177 13
204 39
154 31
180 81
178 77
205 38
155 82
181 71
179 69
206 80
156 64
182 47
180 40
207 37
157 98
183 73
181 32
208 51
158 55
184 59
182 37
209 92
159 36
185 96
183 47
210 86
160 100
186 17
184 16
211 14
161 20
187 81
185 14
212 10
162 38
188 71
186 51
213 52
163 94
189 37
187 67
214 93
164 21
190 58
188 28
215 69
165 46
191 41
189 62
216 91
166 53
192 24
190 94
217 93
167 42
193 71
191 33
218 27
168 13
194 66
192 75
219 22
169 95
195 23
193 73
220 79
170 27
196 10
194 14
221 54
171 60
197 82
195 18
222 39
172 44
198 40
196 97
223 54
173 26
199 17
197 31
224 73
174 80
200 90
198 44
225 38
175 63
199 49
226 13
176 95
202 100
227 33
177 14
203 55
201 10
228 85
178 15
204 15
202 67
229 36
179 39
205 98
203 69
230 46
180 84
206 28
204 29
231 99
181 86
207 37
205 51
232 41
182 98
208 41
206 63
233 39
183 92
209 80
207 28
234 41
184 98
210 70
208 16
235 52
185 66
211 25
209 84
236 19
186 27
212 32
210 25
237 83
187 38
213 59
211 91
238 35
188 38
214 50
212 96
239 53
189 94
215 75
213 76
240 90
190 16
216 71
214 33
241 84
191 73
217 50
215 73
242 99
192 59
218 72
216 57
243 43
193 33
219 71
217 25
244 65
194 14
220 18
218 36
245 94
195 69
221 85
219 93
246 55
196 88
222 36
220 47
247 31
197 72
223 77
221 84
248 78
198 94
224 32
222 49
249 13
199 37
225 97
223 78
250 83
200 57
224 68
251 13
201 84
227 92
252 100
202 72
228 22
226 43
253 95
203 84
229 12
227 83
254 89
204 64
230 51
228 69
255 99
205 64
231 47
229 30
256 46
206 10
232 48
230 54
257 79
207 49
233 23
231 56
258 36
208 23
234 68
232 18
259 36
209 85
235 33
233 30
260 66
210 12
236 44
234 55
261 100
211 10
237 26
235 75
262 45
212 58
238 84
236 20
263 14
213 26
239 90
237 93
264 11
214 90
240 37
238 74
265 51
215 85
241 61
239 41
266 74
216 63
242 67
240 10
267 80
217 61
243 22
241 14
268 67
218 42
244 31
242 32
269 58
219 30
245 65
243 60
270 98
220 72
246 40
244 76
271 87
221 60
247 42
245 11
272 77
222 66
248 35
246 68
273 78
223 72
249 68
247 16
274 96
224 86
250 90
248 95
275 63
225 100
249 71
276 56
226 70
252 70
277 80
227 17
253 29
251 45
278 41
228 33
254 46
252 48
279 47
229 15
255 50
253 56
280 12
230 97
256 74
254 28
281 11
231 34
257 82
255 79
282 47
232 36
258 62
256 79
283 20
233 100
259 13
257 56
284 65
234 53
260 77
258 31
285 79
235 61
261 56
259 100
286 66
236 52
262 71
260 36
287 50
237 11
263 75
261 96
288 76
238 55
264 84
262 17
289 99
239 73
265 64
263 11
290 81
240 49
266 97
264 29
291 45
241 67
267 10
265 69
292 61
242 47
268 37
266 47
293 63
243 21
269 62
267 63
294 62
244 23
270 19
268 23
295 18
245 89
271 63
269 57
296 81
246 91
272 99
270 72
297 14
247 99
273 35
271 47
298 33
248 78
274 35
272 98
299 14
249 59
275 87
273 14
300 14
250 19
274 42
301 17
251 33
277 24
302 44
252 34
278 65
276 24
303 12
253 47
279 50
277 47
304 84
254 43
280 75
278 47
305 97
255 73
281 63
279 12
306 35
256 24
282 16
280 44
307 57
257 79
283 76
281 10
308 76
258 45
284 87
282 80
309 78
259 21
285 37
283 50
310 92
260 57
286 50
284 94
311 11
261 57
287 33
285 74
312 93
262 58
288 33
286 94
313 37
263 58
289 67
287 60
314 11
264 65
290 16
288 27
315 13
265 60
291 14
289 36
316 76
266 42
292 23
290 40
317 68
267 85
293 37
291 59
318 78
268 19
294 34
292 82
319 65
269 41
295 96
293 21
320 26
270 72
296 44
294 29
321 15
271 41
297 30
295 86
322 100
272 49
298 13
296 50
323 64
273 66
299 45
297 87
324 97
274 33
300 15
298 97
325 13
275 53
299 23
326 96
276 27
302 82
327 15
277 70
303 96
301 23
328 22
278 73
304 82
302 36
329 77
279 46
305 52
303 57
330 35
280 63
306 57
304 100
331 82
281 55
307 78
305 90
332 13
282 11
308 42
306 33
333 40
283 51
309 100
307 87
334 13
284 28
310 24
308 81
335 77
285 26
311 38
309 20
336 86
286 41
312 20
310 25
337 22
287 61
313 23
311 63
338 62
288 98
314 85
312 42
339 85
289 56
315 12
313 86
340 55
290 72
316 98
314 43
341 95
291 18
317 54
315 90
342 32
292 12
318 61
316 88
343 32
293 75
319 86
317 10
344 90
294 98
320 86
318 90
345 23
295 63
321 13
319 50
346 15
296 49
322 66
320 56
347 31
297 56
323 37
321 80
348 77
298 88
324 15
322 42
349 53
299 14
325 11
323 65
350 50
300 78
324 82
351 12
301 18
327 73
352 85
302 51
328 83
326 45
353 33
303 58
329 72
327 26
354 81
304 99
330 52
328 54
355 45
305 97
331 28
329 62
356 85
306 25
332 38
330 29
357 95
307 90
333 95
331 43
358 76
308 73
334 60
332 20
359 11
309 26
335 16
333 90
360 90
310 97
336 89
334 23
361 41
311 79
337 76
335 32
362 24
312 87
338 94
336 40
363 43
313 80
339 61
337 46
364 96
314 42
340 62
338 81
365 26
315 50
341 55
339 80
366 39
316 48
342 54
340 94
367 69
317 35
343 60
341 10
368 45
318 62
344 34
342 77
369 13
319 79
345 21
343 55
370 30
320 51
346 33
344 51
371 98
321 56
347 47
345 62
372 86
322 50
348 93
346 53
373 75
323 70
349 30
347 99
374 70
324 47
350 40
348 32
375 74
325 91
349 74
376 35
326 14
352 80
377 98
327 47
353 52
351 57
378 18
328 88
354 36
352 20
379 78
329 51
355 52
353 76
380 18
330 65
356 17
354 59
381 26
331 96
357 38
355 91
382 29
332 69
358 45
356 58
383 19
333 83
359 52
357 86
384 75
334 45
360 68
358 89
385 53
335 67
361 76
359 81
386 41
336 62
362 33
360 22
387 19
337 41
363 66
361 46
388 54
338 36
364 29
362 70
389 11
339 42
365 26
363 41
390 64
340 70
366 92
364 67
391 18
341 19
367 28
365 20
392 66
342 69
368 26
366 37
393 65
343 49
369 37
367 41
394 26
344 24
370 23
368 55
395 35
345 65
371 56
369 88
396 69
346 53
372 90
370 56
397 93
347 89
373 70
371 89
398 72
348 11
374 95
372 76
399 23
349 63
375 14
373 33
400 73
350 16
374 99
401 61
351 65
377 51
402 44
352 90
378 53
376 65
403 47
353 40
379 87
377 92
404 88
354 58
380 27
378 98
405 94
355 36
381 47
379 52
406 81
356 58
382 64
380 76
407 75
357 85
383 40
381 48
408 98
358 58
384 36
382 90
409 99
359 76
385 67
383 38
410 87
360 71
386 30
384 41
411 72
361 92
387 32
385 43
412 75
362 46
388 82
386 95
413 52
363 33
389 22
387 41
414 23
364 50
390 68
388 62
415 42
365 50
391 50
389 51
416 24
366 67
392 27
390 41
417 40
367 59
393 50
391 97
418 42
368 68
394 20
392 64
419 19
369 54
395 44
393 93
420 46
370 91
396 85
394 16
421 40
371 32
397 98
395 11
422 60
372 90
398 37
396 85
423 62
373 86
399 14
397 97
424 96
374 46
400 48
398 98
425 52
375 36
399 14
426 92
376 31
402 96
427 37
377 35
403 43
401 44
428 16
378 54
404 27
402 62
429 52
379 13
405 95
403 37
430 12
380 31
406 62
404 52
431 49
381 98
407 90
405 46
432 84
382 37
408 41
406 65
433 41
383 74
409 64
407 46
434 17
384 74
410 63
408 24
435 14
385 31
411 86
409 21
436 54
386 28
412 58
410 89
437 18
387 81
413 95
411 46
438 29
388 65
414 61
412 11
439 12
389 19
415 44
413 14
440 82
390 11
416 98
414 39
441 75
391 49
417 59
415 68
442 21
392 76
418 23
416 12
443 32
393 63
419 83
417 64
444 70
394 82
420 68
418 39
445 31
395 87
421 69
419 46
446 61
396 20
422 11
420 46
447 48
397 24
423 23
421 43
448 47
398 32
424 90
422 24
449 40
399 74
425 51
423 89
450 68
400 53
424 67
451 45
401 54
427 24
452 66
402 81
428 11
426 74
453 42
403 48
429 67
427 17
454 58
404 69
430 26
428 33
455 51
405 46
431 63
429 34
456 77
406 27
432 13
430 56
457 25
407 82
433 79
431 100
458 92
408 51
434 82
432 58
459 95
409 29
435 47
433 48
460 95
410 42
436 80
434 48
461 20
411 92
437 98
435 30
462 21
412 39
438 55
436 71
463 89
413 55
439 41
437 42
464 53
414 40
440 38
438 96
465 79
415 51
441 44
439 55
466 64
416 71
442 25
440 18
467 54
417 11
443 40
441 93
468 92
418 98
444 42
442 91
469 64
419 92
445 72
443 87
470 88
420 57
446 11
444 18
471 23
421 12
447 98
445 50
472 69
422 74
448 15
446 99
473 44
423 63
449 24
447 76
474 44
424 32
450 18
448 42
475 64
425 39
449 59
476 56
426 88
452 51
477 68
427 93
453 88
451 63
478 99
428 11
454 70
452 54
479 92
429 29
455 83
453 100
480 94
430 100
456 70
454 36
481 30
431 46
457 48
455 43
482 96
432 43
458 17
456 15
483 80
433 93
459 34
457 37
484 61
434 48
460 39
458 76
485 27
435 79
461 30
459 26
486 65
436 78
462 49
460 66
487 21
437 99
463 94
461 69
488 18
438 64
464 17
462 53
489 34
439 51
465 90
463 77
490 17
440 40
466 79
464 28
491 86
441 29
467 61
465 36
492 56
442 61
468 51
466 68
493 89
443 60
469 47
467 74
494 33
444 50
470 58
468 11
495 55
445 23
471 88
469 38
496 12
446 35
472 71
470 50
497 38
447 77
473 66
471 21
498 12
448 60
474 13
472 28
499 33
449 71
475 17
473 47
500 14
450 89
474 59
501 73
451 75
477 58
502 50
452 64
478 73
476 95
503 50
453 47
479 52
477 20
504 53
454 81
480 12
478 56
505 12
455 44
481 63
479 61
506 63
456 78
482 65
480 76
507 43
457 52
483 38
481 26
508 71
458 60
484 77
482 32
509 74
459 52
485 90
483 46
510 67
460 62
486 17
484 15
511 71
461 72
487 52
485 14
512 74
462 36
488 55
486 17
513 79
463 89
489 94
487 57
514 96
464 12
490 97
488 22
515 71
465 80
491 48
489 66
516 18
466 83
492 17
490 38
517 51
467 91
493 13
491 21
518 39
468 34
494 83
492 75
519 75
469 17
495 64
493 15
520 46
470 12
496 44
494 58
521 65
471 100
497 11
495 33
522 44
472 27
498 86
496 28
523 51
473 44
499 98
497 84
524 54
474 75
500 40
498 54
525 85
475 64
499 77
526 56
476 37
502 40
527 12
477 58
503 34
501 47
528 86
478 47
504 66
502 28
529 33
479 90
505 30
503 76
530 40
480 19
506 95
504 47
531 43
481 50
507 43
505 40
532 26
482 60
508 57
506 81
533 17
483 88
509 68
507 43
534 26
484 82
510 75
508 41
535 93
485 42
511 46
509 75
536 91
486 17
512 88
510 89
537 57
487 44
513 90
511 93
538 45
488 76
514 43
512 30
539 100
489 42
515 24
513 94
540 72
490 19
516 64
514 99
541 81
491 77
517 26
515 68
542 60
492 18
518 19
516 32
543 23
493 67
519 87
517 14
544 86
494 83
520 41
518 20
545 13
495 74
521 98
519 56
546 82
496 93
522 53
520 94
547 50
497 84
523 50
521 10
548 65
498 36
524 56
522 26
549 45
499 79
525 76
523 88
550 52
500 95
524 11
551 44
501 88
527 66
552 65
502 98
528 56
526 99
553 14
503 90
529 18
527 71
554 26
504 71
530 47
528 12
555 59
505 92
531 17
529 59
556 59
506 100
532 98
530 19
557 43
507 86
533 11
531 22
558 20
508 22
534 32
532 49
559 74
509 63
535 96
533 10
560 50
510 91
536 43
534 36
561 97
511 49
537 50
535 16
562 75
512 20
538 80
536 44
563 49
513 85
539 94
537 73
564 71
514 47
540 14
538 92
565 14
515 87
541 35
539 72
566 83
516 30
542 33
540 12
567 74
517 97
543 82
541 71
568 97
518 68
544 85
542 29
569 99
519 100
545 81
543 63
570 49
520 69
546 40
544 79
571 22
521 11
547 45
545 91
572 21
522 33
548 95
546 88
573 19
523 20
549 15
547 45
574 84
524 16
550 52
548 91
575 85
525 21
549 99
576 61
526 29
552 49
577 39
527 67
553 27
551 13
578 29
528 90
554 51
552 50
579 65
529 22
555 65
553 83
580 100
530 22
556 62
554 20
581 65
531 24
557 30
555 80
582 25
532 61
558 12
556 99
583 15
533 75
559 83
557 55
584 45
534 77
560 48
558 11
585 20
535 80
561 81
559 58
586 51
536 66
562 55
560 50
587 99
537 71
563 18
561 43
588 60
538 67
564 85
562 39
589 43
539 54
565 27
563 99
590 43
540 89
566 86
564 20
591 15
541 88
567 84
565 47
592 60
542 58
568 37
566 17
593 94
543 12
569 97
567 84
594 63
544 62
570 88
568 14
595 54
545 88
571 30
569 69
596 15
546 42
572 68
570 73
597 70
547 30
573 31
571 28
598 61
548 57
574 71
572 50
599 37
549 95
575 46
573 13
600 94
550 31
574 18
601 88
551 62
577 45
602 77
552 54
578 62
576 15
603 81
553 60
579 84
577 64
604 32
554 48
580 42
578 66
605 65
555 80
581 27
579 20
606 60
556 14
582 11
580 37
607 15
557 46
583 35
581 72
608 56
558 68
584 99
582 22
609 98
559 88
585 70
583 39
610 20
560 50
586 49
584 65
611 16
561 30
587 74
585 48
612 68
562 47
588 84
586 68
613 40
563 67
589 30
587 71
614 20
564 87
590 78
588 46
615 37
565 45
591 62
589 87
616 85
566 13
592 99
590 49
617 54
567 12
593 57
591 34
618 40
568 24
594 18
592 49
619 97
569 91
595 31
593 47
620 88
570 31
596 55
594 59
621 14
571 27
597 16
595 93
622 64
572 38
598 86
596 82
623 64
573 87
599 97
597 88
624 82
574 10
600 85
598 40
625 100
575 94
599 83
576 69
602 20
577 38
603 86
601 20
578 53
604 28
602 81
579 34
605 64
603 37
580 21
606 62
604 69
581 91
607 77
605 85
582 62
608 97
606 98
583 88
609 25
607 83
584 79
610 86
608 83
585 23
611 69
609 36
586 93
612 33
610 52
587 43
613 88
611 30
588 68
614 14
612 63
589 53
615 92
613 76
590 27
616 39
614 49
591 71
617 75
615 75
592 56
618 43
616 44
593 13
619 28
617 27
594 55
620 33
618 27
595 17
621 18
619 73
596 22
622 77
620 25
597 24
623 72
621 22
598 96
624 52
622 18
599 99
625 72
623 27
600 15
624 33
15
490
2 206 15 
1 246 
2 406 302 
2 251 310 
1 292 
1 51 
1 66 
1 559 
2 450 213 
2 107 547 
1 224 
1 2 
2 569 193 
1 511 
2 70 267 
1 261 
1 12 
2 413 498 
1 598 
3 364 205 542 
1 154 
2 4 216 
2 605 604 
3 438 133 121 
3 457 520 345 
2 444 48 
4 276 65 609 443 
2 150 505 
4 356 17 34 147 
1 387 
2 168 232 
1 59 
1 333 
2 529 217 
2 110 98 
2 583 214 
1 68 
4 528 156 254 537 
1 233 
1 268 
1 362 
3 24 114 298 
2 401 549 
1 418 
2 456 506 
1 430 
1 617 
1 211 
2 431 144 
2 493 394 
2 285 41 
1 398 
1 272 
3 174 71 18 
2 552 464 
3 455 123 151 
1 282 
3 277 134 5 
2 21 255 
3 524 93 332 
2 273 196 
2 287 23 
4 77 508 260 358 
2 510 558 
2 473 486 
1 126 
1 416 
1 562 
2 291 405 
1 258 
1 149 
2 555 307 
2 328 124 
2 584 556 
4 620 427 469 320 
2 231 101 
2 574 485 
3 153 347 148 
3 191 63 422 
2 536 222 
1 128 
2 578 303 
1 318 
1 28 
2 437 521 
2 339 496 
4 534 301 279 338 
1 564 
1 29 
1 42 
3 476 579 324 
4 434 102 400 284 
2 218 228 
2 56 489 
2 585 616 
1 73 
1 166 
1 234 
1 543 
2 39 8 
3 419 467 127 
1 109 
3 274 477 599 
1 173 
3 207 81 100 
2 180 461 
1 170 
2 451 491 
1 265 
1 554 
4 201 11 462 165 
2 188 179 
1 610 
1 88 
1 95 
4 72 125 500 352 
1 447 
2 26 490 
