400 1500 10 100 76
2
3
3
3
3
3
3
3
3
3
3
3
3
3
3
3
3
3
3
3
3
3
3
3
3
3
3
3
3
3
3
3
3
3
3
3
3
3
3
2
3
4
4
4
4
4
4
4
4
4
4
4
4
4
4
4
4
4
4
4
4
4
4
4
4
4
4
4
4
4
4
4
4
4
4
4
4
4
4
3
3
4
4
4
4
4
4
4
4
4
4
4
4
4
4
4
4
4
4
4
4
4
4
4
4
4
4
4
4
4
4
4
4
4
4
4
4
4
4
3
3
4
4
4
4
4
4
4
4
4
4
4
4
4
4
4
4
4
4
4
4
4
4
4
4
4
4
4
4
4
4
4
4
4
4
4
4
4
4
3
3
4
4
4
4
4
4
4
4
4
4
4
4
4
4
4
4
4
4
4
4
4
4
4
4
4
4
4
4
4
4
4
4
4
4
4
4
4
4
3
3
4
4
4
4
4
4
4
4
4
4
4
4
4
4
4
4
4
4
4
4
4
4
4
4
4
4
4
4
4
4
4
4
4
4
4
4
4
4
3
3
4
4
4
4
4
4
4
4
4
4
4
4
4
4
4
4
4
4
4
4
4
4
4
4
4
4
4
4
4
4
4
4
4
4
4
4
4
4
3
3
4
4
4
4
4
4
4
4
4
4
4
4
4
4
4
4
4
4
4
4
4
4
4
4
4
4
4
4
4
4
4
4
4
4
4
4
4
4
3
3
4
4
4
4
4
4
4
4
4
4
4
4
4
4
4
4
4
4
4
4
4
4
4
4
4
4
4
4
4
4
4
4
4
4
4
4
4
4
3
2
3
3
3
3
3
3
3
3
3
3
3
3
3
3
3
3
3
3
3
3
3
3
3
3
3
3
3
3
3
3
3
3
3
3
3
3
3
3
2
41 38
2 29
42 83
3 21
1 26
43 17
4 44
2 87
44 50
5 50
3 100
45 78
6 46
4 77
46 44
7 53
5 44
47 38
8 29
6 86
48 90
9 76
7 66
49 19
10 45
8 60
50 82
11 22
9 90
51 32
12 28
10 16
52 18
13 38
11 37
53 72
14 77
12 49
54 63
15 56
13 74
55 75
16 15
14 17
56 21
17 29
15 69
57 70
18 59
16 24
58 98
19 91
17 80
59 20
20 46
18 97
60 79
21 97
19 88
61 66
22 35
20 98
62 13
23 50
21 80
63 63
24 33
22 44
64 14
25 36
23 90
65 39
26 58
24 56
66 61
27 27
25 36
67 75
28 18
26 23
68 59
29 96
27 88
69 52
30 46
28 57
70 68
31 24
29 28
71 62
32 24
30 59
72 89
33 52
31 68
73 48
34 34
32 54
74 14
35 31
33 86
75 86
36 43
34 32
76 27
37 64
35 64
77 14
38 64
36 79
78 75
39 85
37 68
79 57
40 24
38 42
80 18
39 57
81 27
1 51
42 73
82 81
2 58
43 28
41 44
83 14
3 39
44 56
42 54
84 75
4 76
45 11
43 76
85 34
5 29
46 77
44 84
86 97
6 23
47 42
45 78
87 69
7 30
48 48
46 91
88 93
8 45
49 25
47 30
89 50
9 42
50 12
48 97
90 87
10 15
51 31
49 76
91 52
11 47
52 93
50 100
92 92
12 77
53 91
51 76
93 70
13 28
54 25
52 19
94 35
14 31
55 28
53 77
95 79
15 30
56 97
54 58
96 35
16 27
57 84
55 66
97 51
17 62
58 57
56 51
98 79
18 79
59 58
57 68
99 52
19 48
60 15
58 43
100 75
20 85
61 57
59 35
101 51
21 11
62 77
60 42
102 42
22 53
63 27
61 27
103 68
23 63
64 10
62 33
104 21
24 17
65 82
63 100
105 61
25 40
66 93
64 71
106 92
26 61
67 18
65 82
107 73
27 67
68 26
66 24
108 11
28 22
69 82
67 86
109 50
29 98
70 94
68 78
110 25
30 13
71 56
69 57
111 16
31 62
72 98
70 21
112 94
32 72
73 90
71 80
113 90
33 74
74 76
72 84
114 44
34 70
75 24
73 85
115 54
35 80
76 86
74 77
116 28
36 66
77 71
75 18
117 56
37 53
78 23
76 40
118 46
38 24
79 52
77 44
119 56
39 99
80 40
78 50
120 47
40 32
79 47
121 23
41 49
82 88
122 37
42 11
83 30
81 19
123 10
43 18
84 97
82 99
124 27
44 85
85 49
83 13
125 68
45 22
86 34
84 80
126 95
46 23
87 61
85 73
127 60
47 35
88 90
86 35
128 33
48 29
89 77
87 55
129 26
49 22
90 23
88 95
130 22
50 38
91 16
89 25
131 35
51 62
92 84
90 99
132 68
52 10
93 14
91 67
133 64
53 82
94 91
92 62
134 81
54 100
95 59
93 43
135 44
55 40
96 73
94 88
136 43
56 65
97 45
95 81
137 89
57 48
98 68
96 49
138 40
58 64
99 49
97 57
139 86
59 94
100 67
98 40
140 78
60 94
101 60
99 32
141 12
61 96
102 71
100 94
142 37
62 96
103 20
101 19
143 48
63 51
104 94
102 96
144 74
64 50
105 88
103 18
145 18
65 77
106 58
104 98
146 35
66 10
107 26
105 99
147 34
67 94
108 31
106 38
148 58
68 94
109 31
107 86
149 99
69 70
110 32
108 69
150 48
70 91
111 52
109 86
151 36
71 58
112 51
110 93
152 58
72 41
113 13
111 100
153 12
73 65
114 34
112 63
154 72
74 78
115 12
113 35
155 96
75 20
116 98
114 61
156 56
76 19
117 71
115 92
157 96
77 81
118 98
116 77
158 76
78 40
119 24
117 73
159 17
79 61
120 39
118 96
160 53
80 39
119 97
161 29
81 79
122 67
162 42
82 12
123 50
121 76
163 51
83 68
124 42
122 88
164 54
84 99
125 11
123 44
165 43
85 34
126 73
124 81
166 14
86 91
127 18
125 62
167 17
87 94
128 23
126 16
168 36
88 33
129 40
127 18
169 33
89 11
130 16
128 59
170 24
90 96
131 43
129 77
171 12
91 25
132 45
130 72
172 54
92 43
133 78
131 67
173 87
93 39
134 18
132 62
174 98
94 85
135 46
133 57
175 86
95 37
136 36
134 33
176 10
96 62
137 96
135 39
177 54
97 15
138 17
136 63
178 32
98 45
139 14
137 85
179 89
99 34
140 16
138 25
180 37
100 95
141 100
139 51
181 28
101 40
142 12
140 23
182 14
102 27
143 33
141 43
183 32
103 29
144 57
142 35
184 91
104 47
145 18
143 66
185 13
105 10
146 28
144 64
186 28
106 39
147 72
145 35
187 35
107 76
148 97
146 73
188 32
108 55
149 35
147 89
189 93
109 72
150 75
148 69
190 87
110 45
151 31
149 58
191 22
111 56
152 41
150 86
192 43
112 57
153 26
151 75
193 71
113 81
154 71
152 59
194 24
114 19
155 13
153 79
195 47
115 70
156 46
154 24
196 92
116 88
157 26
155 80
197 94
117 11
158 41
156 86
198 71
118 97
159 12
157 64
199 71
119 22
160 30
158 44
200 71
120 14
159 97
201 83
121 49
162 44
202 16
122 55
163 68
161 68
203 27
123 82
164 95
162 30
204 13
124 29
165 28
163 44
205 87
125 75
166 31
164 45
206 62
126 30
167 64
165 41
207 11
127 18
168 68
166 80
208 46
128 34
169 55
167 50
209 32
129 65
170 87
168 24
210 73
130 12
171 14
169 14
211 76
131 78
172 50
170 97
212 50
132 36
173 62
171 65
213 96
133 39
174 38
172 44
214 43
134 39
175 90
173 55
215 58
135 17
176 58
174 25
216 92
136 63
177 87
175 80
217 49
137 23
178 40
176 16
218 51
138 76
179 21
177 14
219 90
139 35
180 76
178 19
220 92
140 71
181 56
179 12
221 54
141 83
182 55
180 92
222 80
142 60
183 55
181 37
223 46
143 20
184 10
182 45
224 36
144 38
185 90
183 82
225 66
145 79
186 63
184 48
226 28
146 13
187 13
185 77
227 91
147 79
188 48
186 68
228 27
148 65
189 91
187 53
229 99
149 34
190 12
188 27
230 18
150 11
191 19
189 60
231 55
151 74
192 84
190 62
232 50
152 94
193 12
191 43
233 13
153 20
194 87
192 26
234 32
154 16
195 35
193 48
235 20
155 96
196 41
194 94
236 32
156 83
197 29
195 84
237 43
157 87
198 72
196 15
238 14
158 29
199 22
197 89
239 60
159 64
200 10
198 24
240 13
160 78
199 69
241 76
161 54
202 73
242 64
162 40
203 71
201 16
243 17
163 82
204 26
202 33
244 10
164 39
205 35
203 56
245 45
165 43
206 73
204 40
246 98
166 11
207 74
205 44
247 30
167 40
208 76
206 45
248 96
168 31
209 59
207 26
249 45
169 39
210 32
208 28
250 35
170 16
211 25
209 48
251 68
171 12
212 49
210 20
252 58
172 82
213 57
211 14
253 81
173 87
214 64
212 68
254 87
174 90
215 55
213 83
255 78
175 36
216 31
214 27
256 75
176 83
217 57
215 17
257 87
177 37
218 69
216 19
258 60
178 78
219 51
217 36
259 22
179 89
220 89
218 24
260 94
180 88
221 72
219 63
261 72
181 32
222 87
220 86
262 55
182 15
223 20
221 44
263 75
183 58
224 39
222 80
264 62
184 56
225 53
223 79
265 48
185 22
226 78
224 77
266 57
186 13
227 60
225 14
267 42
187 19
228 43
226 62
268 86
188 63
229 14
227 90
269 58
189 45
230 52
228 37
270 15
190 94
231 43
229 45
271 100
191 70
232 59
230 51
272 18
192 68
233 13
231 84
273 21
193 38
234 79
232 59
274 58
194 99
235 72
233 95
275 69
195 82
236 55
234 71
276 52
196 45
237 42
235 27
277 41
197 24
238 14
236 25
278 32
198 66
239 64
237 52
279 25
199 98
240 15
238 32
280 67
200 58
239 93
281 72
201 63
242 10
282 81
202 52
243 83
241 30
283 63
203 94
244 25
242 15
284 17
204 97
245 73
243 26
285 33
205 48
246 18
244 72
286 91
206 97
247 32
245 67
287 60
207 69
248 85
246 78
288 83
208 43
249 37
247 29
289 35
209 93
250 16
248 95
290 83
210 45
251 54
249 69
291 87
211 59
252 60
250 50
292 73
212 39
253 36
251 94
293 26
213 31
254 78
252 59
294 22
214 91
255 62
253 44
295 91
215 37
256 64
254 19
296 53
216 82
257 16
255 21
297 17
217 53
258 61
256 15
298 64
218 55
259 78
257 49
299 54
219 15
260 62
258 86
300 44
220 15
261 58
259 89
301 32
221 75
262 53
260 33
302 86
222 29
263 22
261 22
303 11
223 83
264 36
262 99
304 11
224 13
265 32
263 40
305 85
225 17
266 73
264 63
306 100
226 72
267 27
265 23
307 42
227 33
268 36
266 11
308 80
228 77
269 42
267 38
309 85
229 22
270 60
268 96
310 97
230 34
271 42
269 78
311 76
231 61
272 40
270 24
312 70
232 33
273 32
271 20
313 18
233 10
274 91
272 19
314 79
234 93
275 83
273 35
315 84
235 66
276 46
274 21
316 41
236 85
277 78
275 58
317 58
237 27
278 72
276 14
318 32
238 66
279 79
277 57
319 50
239 93
280 24
278 11
320 58
240 59
279 80
321 43
241 72
282 39
322 70
242 53
283 31
281 85
323 65
243 100
284 39
282 48
324 12
244 99
285 62
283 88
325 68
245 98
286 37
284 28
326 45
246 70
287 39
285 16
327 66
247 74
288 73
286 30
328 62
248 57
289 76
287 18
329 69
249 16
290 66
288 76
330 23
250 60
291 72
289 23
331 42
251 13
292 56
290 56
332 12
252 48
293 54
291 54
333 40
253 85
294 53
292 71
334 89
254 97
295 29
293 82
335 89
255 57
296 60
294 18
336 46
256 56
297 62
295 91
337 71
257 49
298 75
296 55
338 81
258 44
299 59
297 27
339 56
259 15
300 35
298 93
340 96
260 48
301 69
299 28
341 21
261 77
302 17
300 76
342 100
262 63
303 14
301 94
343 78
263 93
304 11
302 15
344 37
264 26
305 18
303 11
345 93
265 70
306 75
304 39
346 68
266 53
307 64
305 38
347 94
267 90
308 36
306 43
348 73
268 10
309 48
307 79
349 90
269 98
310 34
308 60
350 90
270 70
311 15
309 63
351 51
271 15
312 72
310 81
352 42
272 62
313 30
311 11
353 15
273 23
314 24
312 32
354 17
274 88
315 56
313 99
355 64
275 82
316 99
314 39
356 22
276 81
317 46
315 80
357 47
277 59
318 80
316 61
358 28
278 57
319 43
317 83
359 62
279 66
320 31
318 39
360 52
280 76
319 76
361 23
281 25
322 51
362 47
282 10
323 51
321 46
363 62
283 65
324 25
322 86
364 60
284 16
325 34
323 35
365 88
285 19
326 87
324 96
366 25
286 94
327 74
325 74
367 70
287 53
328 62
326 45
368 29
288 95
329 91
327 30
369 40
289 75
330 23
328 35
370 29
290 29
331 42
329 39
371 100
291 81
332 38
330 42
372 10
292 61
333 23
331 15
373 53
293 74
334 67
332 68
374 43
294 44
335 20
333 54
375 15
295 90
336 30
334 96
376 64
296 84
337 16
335 35
377 48
297 20
338 52
336 11
378 44
298 69
339 88
337 14
379 67
299 13
340 19
338 95
380 72
300 70
341 47
339 59
381 18
301 98
342 73
340 93
382 63
302 18
343 20
341 57
383 63
303 92
344 25
342 34
384 12
304 11
345 80
343 90
385 60
305 69
346 100
344 85
386 64
306 17
347 35
345 42
387 33
307 24
348 89
346 37
388 16
308 46
349 41
347 18
389 67
309 83
350 82
348 23
390 78
310 31
351 54
349 29
391 63
311 45
352 74
350 27
392 66
312 69
353 98
351 16
393 15
313 47
354 28
352 30
394 34
314 11
355 56
353 72
395 18
315 19
356 10
354 21
396 56
316 38
357 23
355 64
397 58
317 34
358 61
356 27
398 47
318 89
359 25
357 70
399 29
319 88
360 98
358 66
400 53
320 20
359 47
321 100
362 88
322 76
363 93
361 63
323 65
364 65
362 70
324 51
365 53
363 94
325 87
366 92
364 90
326 54
367 96
365 39
327 56
368 16
366 81
328 89
369 15
367 47
329 71
370 58
368 23
330 18
371 52
369 13
331 82
372 62
370 71
332 46
373 73
371 85
333 62
374 60
372 43
334 31
375 58
373 43
335 94
376 13
374 74
336 61
377 60
375 87
337 76
378 54
376 28
338 20
379 60
377 89
339 30
380 47
378 14
340 88
381 99
379 86
341 32
382 70
380 47
342 48
383 81
381 91
343 87
384 27
382 49
344 12
385 69
383 61
345 72
386 14
384 23
346 88
387 92
385 96
347 29
388 52
386 98
348 53
389 71
387 46
349 76
390 93
388 33
350 88
391 50
389 31
351 49
392 60
390 54
352 76
393 43
391 89
353 73
394 29
392 36
354 61
395 51
393 60
355 14
396 68
394 21
356 69
397 23
395 83
357 43
398 45
396 12
358 64
399 80
397 34
359 59
400 55
398 24
360 61
399 69
22
298
2 322 22 
3 183 261 167 
2 6 301 
2 113 133 
1 152 
1 260 
1 239 
3 105 182 150 
4 221 285 77 217 
2 208 334 
3 175 391 201 
3 132 242 98 
1 14 
2 293 135 
2 377 61 
4 370 343 216 52 
1 302 
1 23 
3 276 328 140 
1 5 
2 397 97 
2 230 123 
2 142 396 
1 82 
2 296 349 
1 197 
1 361 
2 366 159 
1 196 
1 146 
3 223 158 20 
1 219 
3 139 189 10 
1 204 
1 232 
2 177 38 
1 178 
1 86 
1 4 
2 286 297 
2 360 290 
2 143 243 
1 192 
3 266 29 154 
1 74 
2 241 73 
2 284 31 
1 19 
3 359 122 373 
1 75 
2 268 211 
2 395 289 
3 41 253 166 
1 340 
2 330 28 
2 400 344 
3 247 323 131 
1 380 
1 335 
4 181 345 69 9 
2 148 225 
2 108 30 
2 114 24 
2 46 138 
2 171 385 
1 318 
1 348 
2 227 110 
1 81 
1 222 
2 127 384 
1 280 
1 249 
2 381 134 
2 240 63 
4 303 339 39 298 
