400 1520 10 100 76
2
3
3
3
3
3
3
3
3
3
3
3
3
3
3
3
3
3
3
2
3
4
4
4
4
4
4
4
4
4
4
4
4
4
4
4
4
4
4
3
3
4
4
4
4
4
4
4
4
4
4
4
4
4
4
4
4
4
4
3
3
4
4
4
4
4
4
4
4
4
4
4
4
4
4
4
4
4
4
3
3
4
4
4
4
4
4
4
4
4
4
4
4
4
4
4
4
4
4
3
3
4
4
4
4
4
4
4
4
4
4
4
4
4
4
4
4
4
4
3
3
4
4
4
4
4
4
4
4
4
4
4
4
4
4
4
4
4
4
3
3
4
4
4
4
4
4
4
4
4
4
4
4
4
4
4
4
4
4
3
3
4
4
4
4
4
4
4
4
4
4
4
4
4
4
4
4
4
4
3
3
4
4
4
4
4
4
4
4
4
4
4
4
4
4
4
4
4
4
3
3
4
4
4
4
4
4
4
4
4
4
4
4
4
4
4
4
4
4
3
3
4
4
4
4
4
4
4
4
4
4
4
4
4
4
4
4
4
4
3
3
4
4
4
4
4
4
4
4
4
4
4
4
4
4
4
4
4
4
3
3
4
4
4
4
4
4
4
4
4
4
4
4
4
4
4
4
4
4
3
3
4
4
4
4
4
4
4
4
4
4
4
4
4
4
4
4
4
4
3
3
4
4
4
4
4
4
4
4
4
4
4
4
4
4
4
4
4
4
3
3
4
4
4
4
4
4
4
4
4
4
4
4
4
4
4
4
4
4
3
3
4
4
4
4
4
4
4
4
4
4
4
4
4
4
4
4
4
4
3
3
4
4
4
4
4
4
4
4
4
4
4
4
4
4
4
4
4
4
3
2
3
3
3
3
3
3
3
3
3
3
3
3
3
3
3
3
3
3
2
21 74
2 29
22 66
3 69
1 90
23 89
4 60
2 31
24 43
5 86
3 24
25 75
6 13
4 43
26 53
7 12
5 14
27 91
8 64
6 39
28 30
9 51
7 44
29 89
10 66
8 61
30 31
11 73
9 35
31 63
12 55
10 54
32 78
13 42
11 39
33 96
14 91
12 90
34 56
15 28
13 63
35 81
16 35
14 49
36 19
17 68
15 47
37 87
18 94
16 12
38 80
19 49
17 28
39 44
20 70
18 74
40 99
19 50
41 29
1 99
22 56
42 13
2 97
23 90
21 64
43 12
3 88
24 37
22 90
44 49
4 27
25 54
23 82
45 58
5 100
26 56
24 63
46 60
6 13
27 50
25 67
47 89
7 42
28 35
26 59
48 29
8 96
29 30
27 56
49 11
9 32
30 34
28 90
50 64
10 74
31 29
29 11
51 85
11 63
32 58
30 99
52 43
12 23
33 36
31 67
53 83
13 77
34 82
32 43
54 98
14 42
35 63
33 78
55 11
15 48
36 83
34 13
56 42
16 29
37 74
35 89
57 20
17 10
38 21
36 42
58 41
18 42
39 75
37 41
59 31
19 15
40 86
38 32
60 24
20 70
39 14
61 81
21 13
42 23
62 26
22 89
43 58
41 16
63 60
23 22
44 48
42 69
64 100
24 68
45 38
43 90
65 92
25 24
46 36
44 87
66 58
26 79
47 36
45 94
67 89
27 54
48 40
46 77
68 64
28 48
49 39
47 29
69 96
29 17
50 16
48 86
70 17
30 59
51 25
49 22
71 98
31 86
52 33
50 89
72 18
32 15
53 68
51 92
73 70
33 86
54 36
52 93
74 38
34 54
55 84
53 98
75 49
35 82
56 14
54 85
76 53
36 83
57 90
55 73
77 32
37 42
58 16
56 37
78 28
38 96
59 31
57 89
79 91
39 30
60 84
58 83
80 94
40 19
59 82
81 97
41 54
62 93
82 84
42 14
63 70
61 30
83 86
43 87
64 27
62 28
84 90
44 49
65 85
63 86
85 16
45 56
66 24
64 33
86 78
46 18
67 25
65 20
87 96
47 99
68 78
66 89
88 41
48 93
69 39
67 12
89 42
49 70
70 48
68 41
90 97
50 76
71 52
69 19
91 39
51 11
72 64
70 55
92 76
52 52
73 100
71 37
93 56
53 27
74 93
72 69
94 73
54 69
75 99
73 91
95 93
55 33
76 18
74 59
96 27
56 32
77 37
75 45
97 25
57 36
78 16
76 63
98 63
58 62
79 58
77 91
99 36
59 11
80 83
78 32
100 56
60 18
79 45
101 60
61 27
82 90
102 23
62 63
83 66
81 67
103 49
63 60
84 39
82 56
104 98
64 58
85 94
83 39
105 19
65 21
86 65
84 95
106 46
66 72
87 35
85 40
107 78
67 90
88 75
86 22
108 40
68 62
89 38
87 71
109 30
69 72
90 28
88 57
110 97
70 25
91 49
89 49
111 52
71 10
92 87
90 19
112 74
72 41
93 73
91 50
113 85
73 52
94 75
92 65
114 49
74 54
95 100
93 57
115 35
75 51
96 75
94 82
116 79
76 97
97 83
95 49
117 62
77 35
98 95
96 44
118 96
78 45
99 14
97 79
119 88
79 26
100 46
98 81
120 37
80 33
99 48
121 97
81 90
102 53
122 62
82 37
103 33
101 22
123 32
83 61
104 19
102 95
124 89
84 36
105 27
103 55
125 43
85 85
106 57
104 44
126 75
86 51
107 16
105 11
127 18
87 52
108 28
106 92
128 50
88 24
109 96
107 69
129 47
89 65
110 63
108 77
130 10
90 18
111 56
109 59
131 88
91 67
112 68
110 96
132 25
92 62
113 72
111 42
133 78
93 63
114 82
112 14
134 57
94 29
115 36
113 48
135 67
95 39
116 88
114 12
136 55
96 57
117 51
115 61
137 42
97 18
118 70
116 15
138 43
98 85
119 42
117 90
139 74
99 46
120 75
118 86
140 31
100 12
119 57
141 37
101 55
122 23
142 97
102 89
123 39
121 50
143 32
103 92
124 15
122 41
144 100
104 82
125 64
123 15
145 71
105 31
126 49
124 27
146 36
106 32
127 51
125 65
147 93
107 79
128 98
126 66
148 79
108 17
129 59
127 29
149 18
109 93
130 75
128 75
150 59
110 76
131 19
129 87
151 55
111 65
132 54
130 93
152 35
112 72
133 19
131 98
153 43
113 80
134 83
132 81
154 91
114 57
135 70
133 80
155 40
115 99
136 61
134 94
156 67
116 98
137 61
135 35
157 79
117 74
138 60
136 26
158 92
118 85
139 20
137 57
159 95
119 19
140 93
138 54
160 10
120 81
139 73
161 74
121 95
142 99
162 65
122 20
143 26
141 75
163 48
123 81
144 67
142 10
164 35
124 76
145 89
143 80
165 51
125 51
146 39
144 89
166 53
126 20
147 90
145 87
167 28
127 51
148 16
146 33
168 65
128 87
149 99
147 10
169 50
129 66
150 99
148 25
170 11
130 30
151 21
149 48
171 28
131 17
152 94
150 56
172 19
132 20
153 94
151 25
173 73
133 57
154 97
152 71
174 78
134 34
155 66
153 62
175 18
135 98
156 33
154 96
176 43
136 30
157 44
155 91
177 32
137 87
158 25
156 93
178 68
138 61
159 59
157 36
179 15
139 86
160 60
158 60
180 20
140 15
159 17
181 36
141 92
162 15
182 97
142 69
163 93
161 41
183 49
143 29
164 75
162 87
184 23
144 81
165 20
163 44
185 39
145 46
166 66
164 82
186 83
146 66
167 51
165 67
187 40
147 31
168 31
166 17
188 39
148 67
169 97
167 66
189 30
149 32
170 75
168 34
190 98
150 93
171 36
169 78
191 42
151 45
172 59
170 91
192 44
152 24
173 41
171 46
193 72
153 89
174 34
172 23
194 32
154 42
175 32
173 11
195 82
155 90
176 54
174 86
196 83
156 78
177 87
175 46
197 73
157 23
178 60
176 24
198 36
158 92
179 77
177 54
199 95
159 39
180 82
178 21
200 19
160 37
179 34
201 38
161 18
182 15
202 62
162 40
183 18
181 30
203 42
163 81
184 67
182 31
204 99
164 74
185 21
183 14
205 55
165 97
186 90
184 56
206 34
166 48
187 100
185 67
207 76
167 17
188 84
186 27
208 34
168 48
189 26
187 15
209 54
169 13
190 56
188 39
210 14
170 49
191 90
189 17
211 22
171 89
192 11
190 55
212 47
172 76
193 34
191 49
213 43
173 52
194 54
192 36
214 27
174 15
195 65
193 70
215 71
175 66
196 55
194 64
216 49
176 46
197 54
195 84
217 70
177 79
198 30
196 55
218 74
178 43
199 96
197 31
219 51
179 75
200 99
198 72
220 28
180 69
199 34
221 19
181 52
202 93
222 64
182 74
203 52
201 36
223 84
183 33
204 47
202 56
224 30
184 32
205 48
203 18
225 52
185 76
206 39
204 31
226 26
186 98
207 67
205 75
227 46
187 46
208 94
206 23
228 92
188 18
209 10
207 62
229 22
189 83
210 72
208 96
230 16
190 74
211 62
209 17
231 82
191 67
212 44
210 45
232 97
192 61
213 41
211 42
233 48
193 48
214 11
212 42
234 67
194 23
215 88
213 55
235 57
195 28
216 25
214 45
236 14
196 50
217 92
215 94
237 43
197 74
218 18
216 40
238 76
198 67
219 88
217 29
239 69
199 41
220 18
218 66
240 64
200 18
219 43
241 97
201 74
222 23
242 46
202 39
223 19
221 30
243 23
203 56
224 98
222 53
244 34
204 82
225 30
223 83
245 14
205 71
226 51
224 85
246 83
206 42
227 25
225 19
247 43
207 78
228 63
226 37
248 80
208 85
229 14
227 34
249 72
209 11
230 100
228 19
250 55
210 96
231 23
229 86
251 13
211 45
232 10
230 32
252 62
212 91
233 95
231 11
253 66
213 28
234 11
232 34
254 75
214 43
235 88
233 31
255 66
215 45
236 20
234 59
256 10
216 86
237 35
235 100
257 35
217 30
238 58
236 80
258 27
218 55
239 31
237 31
259 77
219 16
240 97
238 27
260 46
220 51
239 71
261 78
221 78
242 43
262 38
222 94
243 40
241 90
263 13
223 82
244 85
242 85
264 47
224 67
245 57
243 98
265 38
225 76
246 13
244 33
266 67
226 48
247 56
245 36
267 54
227 26
248 96
246 88
268 25
228 76
249 65
247 93
269 45
229 28
250 53
248 96
270 19
230 22
251 34
249 24
271 56
231 40
252 37
250 74
272 58
232 15
253 45
251 72
273 26
233 45
254 22
252 46
274 96
234 30
255 83
253 87
275 75
235 93
256 35
254 13
276 27
236 80
257 21
255 91
277 25
237 17
258 92
256 28
278 17
238 65
259 82
257 23
279 70
239 52
260 11
258 78
280 13
240 88
259 23
281 63
241 23
262 25
282 27
242 47
263 42
261 97
283 69
243 12
264 79
262 49
284 77
244 64
265 11
263 40
285 95
245 86
266 30
264 44
286 92
246 38
267 90
265 78
287 83
247 51
268 54
266 40
288 65
248 27
269 92
267 46
289 60
249 46
270 56
268 91
290 45
250 31
271 99
269 46
291 10
251 62
272 88
270 10
292 27
252 88
273 98
271 56
293 26
253 89
274 57
272 97
294 38
254 52
275 83
273 78
295 77
255 82
276 75
274 82
296 100
256 15
277 22
275 35
297 26
257 62
278 29
276 63
298 45
258 56
279 17
277 95
299 52
259 29
280 75
278 11
300 82
260 49
279 86
301 17
261 67
282 91
302 82
262 32
283 11
281 29
303 61
263 87
284 100
282 21
304 15
264 82
285 64
283 87
305 34
265 42
286 17
284 29
306 92
266 81
287 72
285 90
307 63
267 50
288 81
286 84
308 81
268 14
289 75
287 52
309 22
269 24
290 73
288 32
310 96
270 70
291 100
289 18
311 21
271 81
292 47
290 59
312 55
272 38
293 26
291 91
313 84
273 81
294 86
292 58
314 27
274 30
295 26
293 49
315 75
275 75
296 98
294 42
316 13
276 49
297 74
295 31
317 87
277 75
298 14
296 93
318 76
278 24
299 47
297 59
319 68
279 70
300 64
298 45
320 29
280 96
299 75
321 59
281 34
302 92
322 79
282 63
303 70
301 17
323 99
283 89
304 72
302 66
324 84
284 41
305 50
303 41
325 40
285 56
306 80
304 15
326 19
286 95
307 20
305 42
327 93
287 24
308 98
306 84
328 45
288 64
309 82
307 76
329 23
289 60
310 71
308 61
330 25
290 72
311 80
309 26
331 84
291 75
312 34
310 98
332 46
292 39
313 11
311 76
333 65
293 96
314 85
312 38
334 67
294 45
315 68
313 88
335 66
295 21
316 27
314 25
336 20
296 50
317 77
315 99
337 34
297 30
318 18
316 71
338 81
298 60
319 28
317 74
339 55
299 97
320 16
318 34
340 41
300 88
319 34
341 70
301 28
322 69
342 24
302 91
323 86
321 81
343 59
303 37
324 76
322 11
344 33
304 22
325 34
323 71
345 30
305 10
326 68
324 16
346 70
306 90
327 11
325 49
347 29
307 77
328 36
326 78
348 29
308 71
329 92
327 24
349 70
309 58
330 25
328 53
350 94
310 73
331 89
329 11
351 22
311 81
332 22
330 10
352 56
312 89
333 19
331 17
353 98
313 94
334 83
332 38
354 14
314 26
335 15
333 36
355 30
315 58
336 96
334 74
356 60
316 75
337 81
335 52
357 27
317 35
338 12
336 87
358 32
318 87
339 30
337 95
359 14
319 37
340 59
338 90
360 91
320 50
339 68
361 49
321 83
342 79
362 48
322 14
343 78
341 87
363 67
323 45
344 10
342 72
364 62
324 23
345 39
343 89
365 33
325 84
346 72
344 83
366 25
326 66
347 94
345 95
367 30
327 21
348 55
346 27
368 93
328 52
349 52
347 68
369 43
329 86
350 10
348 95
370 78
330 38
351 88
349 59
371 13
331 16
352 40
350 38
372 77
332 83
353 60
351 92
373 85
333 100
354 78
352 15
374 34
334 34
355 44
353 22
375 77
335 66
356 84
354 32
376 65
336 27
357 20
355 68
377 72
337 79
358 77
356 98
378 68
338 89
359 90
357 17
379 40
339 17
360 92
358 47
380 60
340 93
359 23
381 26
341 42
362 56
382 21
342 11
363 87
361 52
383 54
343 18
364 20
362 92
384 93
344 79
365 59
363 25
385 81
345 22
366 81
364 43
386 92
346 54
367 17
365 91
387 76
347 61
368 27
366 37
388 66
348 90
369 22
367 72
389 83
349 29
370 20
368 65
390 37
350 35
371 20
369 53
391 87
351 13
372 96
370 77
392 56
352 84
373 39
371 25
393 60
353 25
374 80
372 59
394 99
354 46
375 59
373 55
395 21
355 18
376 37
374 96
396 60
356 67
377 61
375 61
397 31
357 13
378 64
376 89
398 68
358 65
379 100
377 37
399 33
359 62
380 24
378 28
400 88
360 58
379 14
361 39
382 77
362 49
383 87
381 68
363 35
384 41
382 93
364 53
385 10
383 28
365 93
386 35
384 95
366 89
387 50
385 97
367 69
388 43
386 54
368 52
389 46
387 94
369 16
390 55
388 15
370 84
391 92
389 38
371 16
392 48
390 41
372 69
393 72
391 80
373 18
394 57
392 26
374 15
395 53
393 50
375 59
396 36
394 44
376 24
397 96
395 72
377 82
398 72
396 80
378 60
399 57
397 98
379 51
400 24
398 58
380 12
399 15
54
399
1 54 
1 229 
3 96 77 71 
2 366 306 
1 243 
2 158 217 
2 89 304 
3 330 47 151 
1 173 
4 349 81 59 46 
1 350 
2 218 219 
1 284 
2 188 39 
2 19 61 
3 69 134 29 
2 387 175 
3 42 359 313 
1 328 
1 118 
2 162 25 
1 236 
2 195 380 
2 383 252 
2 388 100 
3 130 60 107 
1 297 
1 367 
3 275 253 260 
1 62 
3 323 111 369 
2 204 250 
2 198 212 
1 44 
1 160 
1 249 
3 123 320 17 
4 98 278 53 365 
1 66 
2 119 213 
1 295 
3 126 263 86 
2 104 384 
1 232 
1 88 
1 166 
2 214 24 
3 99 116 237 
2 64 179 
2 241 199 
2 331 239 
2 397 15 
2 33 68 
2 149 76 
1 279 
1 87 
1 316 
1 396 
4 187 391 344 75 
2 196 128 
1 155 
2 300 368 
1 157 
1 230 
4 101 338 178 334 
1 113 
2 144 324 
2 291 181 
2 333 48 
1 56 
2 110 374 
3 339 325 140 
1 254 
3 4 63 115 
1 26 
1 399 
