196 728 10 100 37
2
3
3
3
3
3
3
3
3
3
3
3
3
2
3
4
4
4
4
4
4
4
4
4
4
4
4
3
3
4
4
4
4
4
4
4
4
4
4
4
4
3
3
4
4
4
4
4
4
4
4
4
4
4
4
3
3
4
4
4
4
4
4
4
4
4
4
4
4
3
3
4
4
4
4
4
4
4
4
4
4
4
4
3
3
4
4
4
4
4
4
4
4
4
4
4
4
3
3
4
4
4
4
4
4
4
4
4
4
4
4
3
3
4
4
4
4
4
4
4
4
4
4
4
4
3
3
4
4
4
4
4
4
4
4
4
4
4
4
3
3
4
4
4
4
4
4
4
4
4
4
4
4
3
3
4
4
4
4
4
4
4
4
4
4
4
4
3
3
4
4
4
4
4
4
4
4
4
4
4
4
3
2
3
3
3
3
3
3
3
3
3
3
3
3
2
15 24
2 29
16 18
3 57
1 76
17 72
4 79
2 30
18 87
5 74
3 92
19 90
6 77
4 16
20 43
7 85
5 66
21 97
8 69
6 88
22 10
9 25
7 60
23 21
10 56
8 87
24 79
11 54
9 18
25 38
12 53
10 90
26 57
13 29
11 86
27 47
14 63
12 60
28 86
13 95
29 51
1 33
16 100
30 98
2 44
17 36
15 77
31 17
3 41
18 82
16 63
32 29
4 89
19 67
17 77
33 20
5 97
20 79
18 15
34 58
6 34
21 54
19 85
35 18
7 29
22 75
20 36
36 35
8 30
23 96
21 85
37 73
9 64
24 96
22 37
38 72
10 48
25 87
23 75
39 63
11 100
26 41
24 86
40 61
12 38
27 91
25 46
41 46
13 13
28 90
26 16
42 81
14 30
27 14
43 90
15 48
30 57
44 10
16 56
31 69
29 35
45 56
17 11
32 58
30 12
46 64
18 28
33 74
31 50
47 52
19 38
34 62
32 25
48 31
20 40
35 46
33 33
49 71
21 80
36 92
34 18
50 98
22 52
37 48
35 26
51 64
23 54
38 97
36 72
52 95
24 87
39 20
37 63
53 19
25 64
40 16
38 21
54 74
26 36
41 21
39 38
55 10
27 57
42 61
40 91
56 78
28 19
41 89
57 87
29 10
44 33
58 96
30 39
45 60
43 25
59 98
31 30
46 95
44 89
60 46
32 18
47 51
45 39
61 100
33 50
48 66
46 84
62 36
34 39
49 41
47 40
63 38
35 48
50 75
48 90
64 69
36 83
51 68
49 54
65 42
37 58
52 99
50 84
66 26
38 34
53 43
51 62
67 23
39 58
54 26
52 75
68 90
40 43
55 46
53 96
69 40
41 65
56 94
54 77
70 90
42 52
55 60
71 38
43 13
58 42
72 44
44 29
59 67
57 98
73 25
45 37
60 32
58 56
74 19
46 61
61 38
59 93
75 48
47 71
62 56
60 87
76 74
48 68
63 94
61 47
77 34
49 48
64 86
62 11
78 82
50 10
65 13
63 19
79 91
51 50
66 69
64 74
80 11
52 90
67 17
65 70
81 84
53 90
68 57
66 25
82 33
54 84
69 31
67 86
83 29
55 95
70 99
68 34
84 85
56 41
69 76
85 29
57 27
72 21
86 66
58 40
73 88
71 50
87 79
59 55
74 41
72 23
88 56
60 19
75 100
73 100
89 43
61 49
76 85
74 20
90 94
62 27
77 84
75 64
91 76
63 72
78 77
76 65
92 65
64 80
79 74
77 85
93 29
65 81
80 71
78 81
94 27
66 18
81 53
79 41
95 56
67 20
82 71
80 57
96 99
68 71
83 88
81 39
97 44
69 52
84 97
82 86
98 81
70 23
83 46
99 96
71 42
86 35
100 88
72 61
87 10
85 72
101 37
73 10
88 69
86 70
102 97
74 66
89 95
87 92
103 70
75 19
90 13
88 33
104 54
76 16
91 17
89 13
105 65
77 67
92 52
90 20
106 63
78 52
93 36
91 62
107 80
79 40
94 68
92 87
108 93
80 74
95 100
93 60
109 16
81 22
96 68
94 86
110 68
82 14
97 27
95 35
111 91
83 26
98 40
96 88
112 59
84 76
97 62
113 98
85 69
100 45
114 44
86 10
101 36
99 12
115 57
87 90
102 77
100 64
116 25
88 43
103 45
101 98
117 60
89 42
104 24
102 79
118 15
90 98
105 86
103 100
119 40
91 65
106 97
104 39
120 77
92 46
107 43
105 46
121 88
93 91
108 98
106 27
122 99
94 78
109 58
107 29
123 76
95 51
110 57
108 14
124 79
96 86
111 57
109 77
125 71
97 57
112 73
110 82
126 61
98 63
111 28
127 70
99 20
114 12
128 77
100 98
115 83
113 11
129 100
101 41
116 21
114 39
130 11
102 76
117 95
115 59
131 29
103 100
118 16
116 32
132 95
104 10
119 15
117 16
133 69
105 49
120 27
118 19
134 47
106 37
121 59
119 51
135 75
107 98
122 31
120 39
136 80
108 35
123 73
121 20
137 77
109 89
124 43
122 23
138 14
110 32
125 59
123 50
139 88
111 41
126 10
124 99
140 27
112 53
125 75
141 84
113 48
128 82
142 60
114 45
129 33
127 50
143 66
115 17
130 89
128 92
144 32
116 86
131 84
129 34
145 64
117 34
132 39
130 70
146 82
118 85
133 96
131 42
147 45
119 71
134 21
132 81
148 58
120 37
135 42
133 31
149 53
121 83
136 17
134 26
150 42
122 98
137 32
135 79
151 59
123 69
138 10
136 39
152 38
124 15
139 26
137 92
153 17
125 46
140 68
138 96
154 100
126 100
139 19
155 97
127 87
142 59
156 79
128 53
143 86
141 67
157 94
129 74
144 62
142 58
158 36
130 70
145 87
143 63
159 40
131 33
146 31
144 64
160 14
132 83
147 80
145 70
161 53
133 26
148 57
146 13
162 12
134 49
149 74
147 47
163 15
135 64
150 31
148 13
164 38
136 55
151 94
149 50
165 38
137 68
152 39
150 31
166 30
138 36
153 44
151 91
167 97
139 64
154 34
152 85
168 68
140 57
153 86
169 33
141 16
156 69
170 82
142 19
157 55
155 66
171 58
143 10
158 17
156 49
172 65
144 23
159 93
157 81
173 76
145 60
160 69
158 81
174 63
146 66
161 19
159 52
175 43
147 69
162 52
160 72
176 81
148 16
163 86
161 29
177 77
149 78
164 53
162 54
178 79
150 80
165 74
163 89
179 42
151 74
166 53
164 100
180 57
152 65
167 94
165 28
181 48
153 72
168 83
166 60
182 82
154 84
167 24
183 51
155 26
170 40
184 30
156 11
171 59
169 56
185 84
157 71
172 82
170 29
186 73
158 31
173 38
171 77
187 30
159 28
174 28
172 66
188 37
160 84
175 60
173 45
189 64
161 56
176 37
174 38
190 72
162 52
177 91
175 75
191 46
163 74
178 86
176 13
192 69
164 54
179 13
177 71
193 75
165 19
180 14
178 97
194 49
166 59
181 48
179 71
195 33
167 71
182 87
180 87
196 60
168 49
181 65
169 50
184 88
170 11
185 70
183 12
171 62
186 76
184 13
172 54
187 82
185 77
173 77
188 61
186 60
174 48
189 47
187 54
175 76
190 52
188 51
176 37
191 41
189 79
177 14
192 22
190 69
178 59
193 19
191 50
179 57
194 56
192 16
180 97
195 99
193 58
181 27
196 49
194 23
182 56
195 10
174
90
2 146 174 
2 165 133 
2 73 18 
1 47 
1 102 
2 179 159 
2 129 24 
1 117 
2 119 83 
1 5 
3 64 167 173 
1 145 
1 184 
2 23 185 
2 106 191 
1 67 
2 170 181 
2 130 29 
3 12 139 108 
1 51 
2 116 160 
2 96 150 
3 15 49 126 
1 163 
1 1 
1 171 
2 53 122 
2 38 79 
3 52 54 161 
3 89 20 151 
2 156 144 
3 10 95 113 
2 177 143 
3 45 142 80 
1 135 
2 19 74 
1 90 
