600 2276 10 100 114
2
3
3
3
3
3
3
3
3
3
3
3
3
3
3
3
3
3
3
3
3
3
3
3
3
3
3
3
3
3
3
3
3
3
3
3
3
3
3
3
3
3
3
3
3
3
3
3
3
2
3
4
4
4
4
4
4
4
4
4
4
4
4
4
4
4
4
4
4
4
4
4
4
4
4
4
4
4
4
4
4
4
4
4
4
4
4
4
4
4
4
4
4
4
4
4
4
4
4
3
3
4
4
4
4
4
4
4
4
4
4
4
4
4
4
4
4
4
4
4
4
4
4
4
4
4
4
4
4
4
4
4
4
4
4
4
4
4
4
4
4
4
4
4
4
4
4
4
4
3
3
4
4
4
4
4
4
4
4
4
4
4
4
4
4
4
4
4
4
4
4
4
4
4
4
4
4
4
4
4
4
4
4
4
4
4
4
4
4
4
4
4
4
4
4
4
4
4
4
3
3
4
4
4
4
4
4
4
4
4
4
4
4
4
4
4
4
4
4
4
4
4
4
4
4
4
4
4
4
4
4
4
4
4
4
4
4
4
4
4
4
4
4
4
4
4
4
4
4
3
3
4
4
4
4
4
4
4
4
4
4
4
4
4
4
4
4
4
4
4
4
4
4
4
4
4
4
4
4
4
4
4
4
4
4
4
4
4
4
4
4
4
4
4
4
4
4
4
4
3
3
4
4
4
4
4
4
4
4
4
4
4
4
4
4
4
4
4
4
4
4
4
4
4
4
4
4
4
4
4
4
4
4
4
4
4
4
4
4
4
4
4
4
4
4
4
4
4
4
3
3
4
4
4
4
4
4
4
4
4
4
4
4
4
4
4
4
4
4
4
4
4
4
4
4
4
4
4
4
4
4
4
4
4
4
4
4
4
4
4
4
4
4
4
4
4
4
4
4
3
3
4
4
4
4
4
4
4
4
4
4
4
4
4
4
4
4
4
4
4
4
4
4
4
4
4
4
4
4
4
4
4
4
4
4
4
4
4
4
4
4
4
4
4
4
4
4
4
4
3
3
4
4
4
4
4
4
4
4
4
4
4
4
4
4
4
4
4
4
4
4
4
4
4
4
4
4
4
4
4
4
4
4
4
4
4
4
4
4
4
4
4
4
4
4
4
4
4
4
3
3
4
4
4
4
4
4
4
4
4
4
4
4
4
4
4
4
4
4
4
4
4
4
4
4
4
4
4
4
4
4
4
4
4
4
4
4
4
4
4
4
4
4
4
4
4
4
4
4
3
2
3
3
3
3
3
3
3
3
3
3
3
3
3
3
3
3
3
3
3
3
3
3
3
3
3
3
3
3
3
3
3
3
3
3
3
3
3
3
3
3
3
3
3
3
3
3
3
3
2
51 35
2 29
52 10
3 41
1 57
53 88
4 75
2 60
54 36
5 28
3 91
55 16
6 10
4 41
56 69
7 60
5 74
57 62
8 15
6 32
58 99
9 52
7 50
59 84
10 13
8 92
60 27
11 30
9 87
61 41
12 21
10 77
62 14
13 43
11 88
63 55
14 56
12 81
64 58
15 14
13 17
65 82
16 99
14 83
66 62
17 70
15 23
67 84
18 31
16 41
68 69
19 29
17 59
69 38
20 31
18 39
70 29
21 10
19 17
71 97
22 14
20 23
72 41
23 85
21 88
73 62
24 10
22 65
74 54
25 22
23 57
75 71
26 25
24 18
76 52
27 42
25 19
77 59
28 92
26 78
78 59
29 24
27 54
79 73
30 98
28 73
80 62
31 66
29 75
81 31
32 67
30 31
82 21
33 90
31 20
83 81
34 40
32 90
84 28
35 92
33 43
85 90
36 67
34 81
86 64
37 18
35 30
87 31
38 28
36 86
88 15
39 26
37 16
89 87
40 51
38 13
90 13
41 90
39 34
91 12
42 16
40 57
92 61
43 48
41 88
93 54
44 71
42 36
94 61
45 15
43 71
95 55
46 43
44 21
96 19
47 33
45 50
97 64
48 47
46 72
98 10
49 16
47 45
99 48
50 26
48 55
100 90
49 81
101 99
1 46
52 61
102 47
2 91
53 28
51 69
103 24
3 93
54 76
52 79
104 26
4 86
55 49
53 87
105 20
5 25
56 96
54 71
106 59
6 71
57 23
55 51
107 98
7 32
58 77
56 97
108 64
8 59
59 79
57 92
109 17
9 45
60 94
58 92
110 51
10 80
61 75
59 16
111 21
11 28
62 25
60 36
112 76
12 17
63 77
61 58
113 97
13 86
64 100
62 90
114 86
14 27
65 70
63 93
115 81
15 31
66 30
64 21
116 76
16 66
67 27
65 63
117 42
17 31
68 78
66 61
118 100
18 67
69 14
67 63
119 68
19 65
70 100
68 41
120 81
20 23
71 10
69 63
121 85
21 88
72 13
70 45
122 74
22 20
73 94
71 59
123 87
23 63
74 96
72 13
124 93
24 98
75 31
73 18
125 23
25 23
76 22
74 73
126 100
26 52
77 47
75 34
127 35
27 81
78 85
76 91
128 20
28 68
79 85
77 61
129 88
29 22
80 77
78 50
130 91
30 57
81 30
79 34
131 16
31 10
82 20
80 87
132 83
32 31
83 76
81 98
133 15
33 79
84 53
82 69
134 77
34 69
85 21
83 79
135 23
35 39
86 49
84 26
136 46
36 28
87 23
85 61
137 42
37 27
88 18
86 51
138 35
38 11
89 72
87 56
139 55
39 73
90 75
88 42
140 57
40 15
91 59
89 23
141 84
41 16
92 22
90 96
142 34
42 60
93 23
91 36
143 53
43 50
94 55
92 19
144 20
44 10
95 50
93 29
145 80
45 69
96 100
94 74
146 50
46 99
97 45
95 91
147 56
47 68
98 17
96 29
148 57
48 17
99 67
97 83
149 36
49 29
100 80
98 24
150 85
50 86
99 65
151 12
51 66
102 93
152 62
52 56
103 93
101 95
153 91
53 90
104 54
102 85
154 82
54 51
105 94
103 62
155 80
55 51
106 35
104 28
156 71
56 93
107 55
105 58
157 97
57 92
108 75
106 76
158 42
58 41
109 41
107 79
159 68
59 49
110 13
108 34
160 100
60 68
111 21
109 27
161 11
61 64
112 50
110 41
162 66
62 85
113 39
111 51
163 85
63 14
114 86
112 55
164 12
64 69
115 74
113 70
165 79
65 68
116 46
114 31
166 78
66 42
117 40
115 52
167 71
67 87
118 99
116 39
168 15
68 54
119 85
117 20
169 82
69 21
120 64
118 55
170 67
70 11
121 44
119 34
171 22
71 33
122 43
120 81
172 68
72 69
123 80
121 67
173 34
73 54
124 65
122 83
174 47
74 58
125 42
123 63
175 28
75 24
126 34
124 59
176 94
76 21
127 23
125 11
177 33
77 26
128 26
126 39
178 84
78 94
129 16
127 51
179 93
79 24
130 55
128 76
180 55
80 37
131 82
129 14
181 13
81 97
132 41
130 59
182 42
82 11
133 16
131 25
183 25
83 24
134 87
132 40
184 27
84 30
135 84
133 20
185 69
85 58
136 21
134 93
186 32
86 10
137 10
135 50
187 67
87 92
138 68
136 79
188 13
88 29
139 38
137 30
189 60
89 66
140 14
138 75
190 37
90 84
141 61
139 82
191 75
91 15
142 44
140 96
192 40
92 44
143 47
141 42
193 49
93 42
144 21
142 29
194 11
94 53
145 32
143 58
195 51
95 17
146 52
144 43
196 10
96 60
147 35
145 65
197 35
97 30
148 34
146 90
198 44
98 56
149 62
147 80
199 63
99 61
150 37
148 77
200 96
100 92
149 60
201 64
101 46
152 26
202 21
102 43
153 17
151 29
203 62
103 44
154 27
152 43
204 37
104 82
155 60
153 81
205 22
105 24
156 15
154 45
206 24
106 81
157 91
155 65
207 51
107 40
158 28
156 87
208 63
108 29
159 58
157 10
209 89
109 42
160 47
158 82
210 80
110 99
161 65
159 39
211 15
111 84
162 100
160 73
212 69
112 93
163 30
161 74
213 100
113 68
164 80
162 61
214 28
114 32
165 25
163 18
215 49
115 33
166 92
164 61
216 75
116 12
167 98
165 28
217 45
117 37
168 96
166 83
218 81
118 96
169 33
167 29
219 80
119 87
170 78
168 91
220 57
120 12
171 53
169 19
221 69
121 33
172 28
170 44
222 66
122 18
173 93
171 50
223 81
123 19
174 13
172 19
224 25
124 45
175 25
173 92
225 34
125 11
176 35
174 46
226 28
126 20
177 76
175 48
227 91
127 44
178 85
176 39
228 63
128 34
179 21
177 46
229 50
129 32
180 94
178 75
230 81
130 51
181 54
179 64
231 12
131 69
182 62
180 34
232 24
132 11
183 69
181 67
233 68
133 32
184 25
182 16
234 55
134 64
185 50
183 83
235 33
135 41
186 70
184 70
236 69
136 17
187 72
185 49
237 67
137 55
188 60
186 90
238 62
138 85
189 82
187 40
239 58
139 36
190 68
188 40
240 51
140 49
191 76
189 36
241 66
141 53
192 30
190 33
242 80
142 18
193 38
191 69
243 69
143 44
194 43
192 31
244 98
144 56
195 45
193 25
245 83
145 11
196 84
194 40
246 39
146 57
197 85
195 36
247 88
147 31
198 69
196 87
248 95
148 65
199 27
197 78
249 73
149 11
200 81
198 22
250 83
150 94
199 40
251 10
151 19
202 54
252 48
152 46
203 33
201 30
253 66
153 57
204 95
202 93
254 88
154 27
205 78
203 65
255 48
155 93
206 80
204 37
256 34
156 40
207 50
205 33
257 26
157 35
208 87
206 67
258 79
158 44
209 25
207 82
259 62
159 60
210 77
208 61
260 53
160 60
211 44
209 61
261 89
161 74
212 93
210 57
262 97
162 68
213 55
211 79
263 72
163 45
214 22
212 57
264 96
164 83
215 66
213 46
265 80
165 15
216 34
214 64
266 76
166 23
217 43
215 75
267 99
167 49
218 29
216 72
268 96
168 80
219 50
217 47
269 67
169 36
220 29
218 48
270 58
170 46
221 50
219 96
271 55
171 62
222 85
220 75
272 71
172 95
223 65
221 86
273 57
173 54
224 28
222 78
274 91
174 93
225 88
223 64
275 75
175 98
226 70
224 64
276 24
176 95
227 98
225 90
277 18
177 83
228 88
226 28
278 21
178 59
229 64
227 72
279 39
179 27
230 65
228 50
280 11
180 36
231 56
229 45
281 85
181 25
232 35
230 26
282 92
182 58
233 98
231 80
283 75
183 53
234 83
232 77
284 37
184 92
235 32
233 44
285 88
185 85
236 36
234 16
286 66
186 85
237 85
235 72
287 67
187 17
238 21
236 70
288 47
188 19
239 77
237 99
289 97
189 51
240 48
238 63
290 65
190 96
241 32
239 26
291 24
191 68
242 23
240 39
292 19
192 77
243 73
241 37
293 25
193 39
244 71
242 57
294 63
194 54
245 43
243 27
295 50
195 82
246 29
244 62
296 40
196 15
247 23
245 41
297 46
197 82
248 65
246 58
298 31
198 68
249 84
247 83
299 84
199 23
250 79
248 27
300 21
200 82
249 17
301 95
201 99
252 82
302 58
202 62
253 45
251 82
303 23
203 93
254 82
252 98
304 100
204 61
255 50
253 94
305 87
205 78
256 33
254 11
306 78
206 32
257 53
255 82
307 44
207 87
258 67
256 62
308 99
208 89
259 38
257 71
309 91
209 77
260 84
258 13
310 89
210 19
261 32
259 51
311 74
211 22
262 56
260 85
312 38
212 41
263 89
261 32
313 73
213 12
264 71
262 31
314 92
214 38
265 76
263 55
315 85
215 39
266 74
264 58
316 62
216 88
267 17
265 78
317 88
217 21
268 54
266 75
318 37
218 56
269 40
267 66
319 27
219 41
270 11
268 88
320 31
220 86
271 19
269 56
321 18
221 84
272 29
270 46
322 88
222 58
273 13
271 32
323 90
223 55
274 99
272 63
324 92
224 70
275 14
273 87
325 83
225 89
276 21
274 93
326 85
226 32
277 18
275 32
327 17
227 60
278 60
276 100
328 78
228 81
279 13
277 26
329 89
229 66
280 78
278 23
330 15
230 55
281 89
279 96
331 35
231 89
282 22
280 67
332 60
232 28
283 66
281 42
333 62
233 53
284 34
282 57
334 13
234 88
285 66
283 33
335 53
235 12
286 72
284 96
336 98
236 25
287 38
285 91
337 67
237 12
288 33
286 66
338 88
238 13
289 25
287 73
339 34
239 35
290 55
288 48
340 53
240 27
291 23
289 87
341 47
241 95
292 33
290 42
342 28
242 82
293 91
291 31
343 89
243 88
294 23
292 26
344 47
244 40
295 47
293 64
345 78
245 67
296 33
294 57
346 70
246 83
297 29
295 26
347 60
247 78
298 24
296 64
348 13
248 43
299 86
297 34
349 65
249 20
300 19
298 15
350 67
250 25
299 28
351 96
251 17
302 27
352 26
252 81
303 73
301 13
353 88
253 89
304 67
302 35
354 83
254 67
305 63
303 80
355 66
255 47
306 97
304 22
356 33
256 12
307 35
305 76
357 84
257 15
308 28
306 65
358 15
258 59
309 56
307 42
359 72
259 30
310 78
308 78
360 23
260 64
311 14
309 27
361 21
261 60
312 28
310 93
362 72
262 22
313 69
311 82
363 80
263 12
314 13
312 51
364 95
264 81
315 48
313 11
365 80
265 54
316 46
314 90
366 66
266 58
317 64
315 46
367 97
267 30
318 15
316 51
368 23
268 22
319 11
317 49
369 35
269 98
320 86
318 61
370 30
270 86
321 72
319 32
371 96
271 51
322 15
320 90
372 90
272 71
323 19
321 67
373 39
273 61
324 73
322 33
374 84
274 15
325 79
323 72
375 15
275 20
326 39
324 61
376 79
276 63
327 40
325 90
377 13
277 100
328 24
326 59
378 25
278 71
329 11
327 21
379 39
279 95
330 88
328 73
380 25
280 68
331 49
329 99
381 63
281 50
332 85
330 80
382 35
282 70
333 10
331 78
383 98
283 91
334 11
332 25
384 93
284 51
335 57
333 61
385 13
285 69
336 89
334 58
386 26
286 75
337 15
335 95
387 68
287 22
338 57
336 69
388 58
288 35
339 75
337 25
389 17
289 60
340 63
338 49
390 44
290 38
341 78
339 61
391 36
291 21
342 86
340 58
392 10
292 73
343 25
341 26
393 33
293 90
344 18
342 75
394 34
294 80
345 50
343 48
395 37
295 98
346 47
344 25
396 17
296 72
347 80
345 35
397 34
297 61
348 87
346 78
398 48
298 67
349 86
347 62
399 70
299 96
350 26
348 13
400 49
300 73
349 92
401 62
301 44
352 44
402 79
302 54
353 63
351 29
403 91
303 83
354 15
352 18
404 23
304 47
355 20
353 39
405 14
305 68
356 80
354 76
406 10
306 57
357 16
355 58
407 66
307 90
358 71
356 40
408 51
308 77
359 93
357 90
409 62
309 34
360 44
358 16
410 92
310 85
361 98
359 76
411 47
311 60
362 87
360 51
412 45
312 72
363 84
361 48
413 95
313 92
364 69
362 76
414 18
314 39
365 41
363 74
415 49
315 83
366 86
364 65
416 96
316 87
367 23
365 89
417 83
317 45
368 60
366 45
418 48
318 22
369 81
367 99
419 26
319 69
370 10
368 84
420 43
320 71
371 50
369 45
421 39
321 60
372 57
370 90
422 41
322 91
373 22
371 95
423 99
323 58
374 43
372 23
424 36
324 81
375 58
373 52
425 71
325 77
376 98
374 82
426 16
326 100
377 88
375 29
427 97
327 25
378 41
376 89
428 75
328 72
379 15
377 88
429 61
329 93
380 33
378 84
430 65
330 70
381 23
379 81
431 37
331 15
382 52
380 35
432 78
332 69
383 46
381 16
433 98
333 11
384 11
382 91
434 51
334 18
385 58
383 34
435 13
335 90
386 16
384 71
436 98
336 21
387 22
385 67
437 50
337 90
388 86
386 68
438 31
338 100
389 33
387 76
439 12
339 85
390 75
388 96
440 17
340 12
391 24
389 43
441 10
341 30
392 76
390 61
442 98
342 63
393 79
391 80
443 23
343 63
394 43
392 53
444 76
344 43
395 75
393 95
445 92
345 83
396 84
394 11
446 21
346 42
397 51
395 45
447 48
347 18
398 70
396 73
448 100
348 59
399 55
397 67
449 59
349 10
400 57
398 69
450 31
350 68
399 81
451 89
351 63
402 77
452 75
352 70
403 12
401 48
453 79
353 10
404 73
402 65
454 98
354 74
405 86
403 96
455 60
355 74
406 32
404 87
456 19
356 65
407 35
405 76
457 96
357 51
408 33
406 90
458 31
358 82
409 94
407 55
459 51
359 53
410 31
408 92
460 20
360 54
411 81
409 82
461 34
361 17
412 40
410 41
462 92
362 83
413 68
411 34
463 70
363 14
414 18
412 25
464 45
364 30
415 12
413 58
465 64
365 12
416 93
414 36
466 74
366 24
417 36
415 25
467 66
367 82
418 46
416 83
468 97
368 89
419 43
417 85
469 32
369 16
420 16
418 52
470 34
370 38
421 32
419 66
471 10
371 88
422 81
420 13
472 60
372 95
423 61
421 55
473 72
373 84
424 56
422 74
474 30
374 98
425 26
423 34
475 66
375 80
426 59
424 75
476 66
376 40
427 23
425 23
477 31
377 62
428 92
426 74
478 74
378 96
429 76
427 17
479 20
379 87
430 98
428 64
480 67
380 92
431 24
429 27
481 38
381 77
432 89
430 37
482 39
382 36
433 18
431 57
483 46
383 47
434 73
432 81
484 74
384 23
435 68
433 43
485 21
385 93
436 78
434 83
486 69
386 29
437 62
435 55
487 72
387 60
438 12
436 82
488 50
388 29
439 86
437 61
489 64
389 97
440 54
438 78
490 64
390 24
441 36
439 80
491 23
391 54
442 55
440 35
492 88
392 21
443 88
441 73
493 52
393 88
444 17
442 81
494 67
394 85
445 82
443 39
495 20
395 23
446 10
444 24
496 36
396 19
447 29
445 37
497 44
397 100
448 31
446 40
498 67
398 84
449 72
447 29
499 14
399 30
450 60
448 52
500 93
400 84
449 62
501 49
401 24
452 79
502 63
402 87
453 38
451 33
503 86
403 11
454 82
452 84
504 19
404 17
455 56
453 98
505 52
405 36
456 39
454 31
506 53
406 95
457 47
455 76
507 81
407 32
458 61
456 12
508 51
408 24
459 32
457 43
509 15
409 62
460 85
458 95
510 69
410 26
461 56
459 22
511 83
411 50
462 91
460 35
512 81
412 29
463 26
461 31
513 38
413 22
464 88
462 21
514 82
414 13
465 87
463 89
515 64
415 57
466 90
464 76
516 45
416 85
467 81
465 46
517 25
417 35
468 37
466 41
518 43
418 67
469 100
467 64
519 75
419 49
470 59
468 55
520 42
420 69
471 85
469 75
521 37
421 73
472 14
470 31
522 70
422 58
473 19
471 61
523 56
423 51
474 39
472 35
524 67
424 40
475 72
473 81
525 32
425 29
476 21
474 71
526 84
426 65
477 95
475 56
527 36
427 31
478 26
476 27
528 22
428 36
479 27
477 25
529 51
429 94
480 24
478 73
530 18
430 92
481 22
479 97
531 82
431 81
482 23
480 94
532 11
432 18
483 83
481 93
533 37
433 86
484 36
482 25
534 25
434 49
485 98
483 27
535 93
435 87
486 18
484 39
536 79
436 45
487 48
485 63
537 49
437 17
488 30
486 28
538 12
438 72
489 96
487 10
539 32
439 85
490 46
488 13
540 17
440 54
491 66
489 67
541 50
441 31
492 39
490 68
542 37
442 94
493 73
491 28
543 34
443 56
494 89
492 12
544 78
444 31
495 79
493 76
545 62
445 76
496 57
494 39
546 72
446 92
497 54
495 97
547 35
447 98
498 44
496 51
548 31
448 58
499 70
497 29
549 34
449 57
500 19
498 97
550 34
450 39
499 75
551 44
451 100
502 35
552 30
452 96
503 98
501 69
553 33
453 48
504 16
502 62
554 68
454 21
505 20
503 100
555 19
455 64
506 40
504 12
556 78
456 14
507 28
505 48
557 26
457 45
508 51
506 22
558 30
458 68
509 92
507 15
559 58
459 81
510 91
508 84
560 82
460 41
511 20
509 12
561 36
461 11
512 62
510 25
562 71
462 48
513 92
511 57
563 88
463 37
514 63
512 36
564 90
464 65
515 88
513 83
565 46
465 29
516 95
514 93
566 11
466 55
517 39
515 60
567 19
467 91
518 100
516 55
568 10
468 27
519 45
517 70
569 32
469 64
520 17
518 44
570 25
470 61
521 40
519 79
571 98
471 69
522 40
520 80
572 18
472 81
523 64
521 34
573 91
473 79
524 65
522 30
574 92
474 75
525 65
523 54
575 49
475 75
526 68
524 93
576 11
476 39
527 86
525 38
577 10
477 23
528 66
526 41
578 97
478 32
529 39
527 65
579 42
479 70
530 18
528 37
580 16
480 76
531 75
529 23
581 96
481 80
532 60
530 26
582 52
482 54
533 14
531 62
583 30
483 39
534 50
532 34
584 39
484 83
535 31
533 97
585 83
485 67
536 17
534 19
586 81
486 91
537 43
535 73
587 66
487 48
538 28
536 80
588 80
488 72
539 29
537 15
589 100
489 97
540 66
538 84
590 67
490 53
541 19
539 53
591 94
491 61
542 57
540 83
592 61
492 85
543 93
541 24
593 97
493 22
544 98
542 14
594 19
494 66
545 34
543 63
595 23
495 85
546 57
544 76
596 57
496 16
547 84
545 48
597 13
497 67
548 39
546 19
598 77
498 55
549 13
547 65
599 50
499 72
550 35
548 100
600 66
500 25
549 12
501 47
552 87
502 74
553 12
551 80
503 39
554 49
552 26
504 83
555 80
553 20
505 82
556 85
554 56
506 43
557 69
555 25
507 46
558 50
556 25
508 52
559 83
557 97
509 36
560 69
558 54
510 13
561 81
559 80
511 91
562 54
560 91
512 57
563 67
561 33
513 11
564 85
562 57
514 18
565 88
563 94
515 63
566 43
564 96
516 80
567 88
565 97
517 80
568 97
566 65
518 59
569 90
567 27
519 33
570 40
568 52
520 59
571 17
569 15
521 48
572 24
570 71
522 85
573 38
571 77
523 79
574 24
572 16
524 24
575 59
573 76
525 34
576 39
574 96
526 66
577 75
575 32
527 37
578 12
576 28
528 63
579 91
577 11
529 59
580 90
578 38
530 18
581 45
579 82
531 23
582 24
580 81
532 13
583 11
581 36
533 45
584 14
582 98
534 26
585 39
583 23
535 54
586 28
584 89
536 95
587 72
585 95
537 19
588 60
586 25
538 68
589 56
587 89
539 17
590 52
588 51
540 86
591 25
589 89
541 83
592 72
590 67
542 99
593 66
591 15
543 34
594 99
592 49
544 45
595 85
593 60
545 35
596 54
594 22
546 49
597 73
595 31
547 76
598 20
596 28
548 80
599 63
597 70
549 10
600 82
598 35
550 17
599 60
273
24
1 273 
2 524 36 
3 334 350 129 
1 554 
2 490 563 
1 134 
2 70 106 
1 137 
1 220 
3 10 138 451 
2 386 528 
2 385 472 
1 351 
4 583 127 278 6 
4 383 520 164 143 
2 566 183 
3 507 109 156 
1 452 
3 483 315 506 
1 380 
1 487 
3 231 114 151 
1 509 
2 480 107 
1 586 
2 128 576 
2 89 290 
4 402 60 175 65 
1 147 
1 94 
1 473 
2 577 591 
2 340 399 
1 323 
3 532 436 548 
3 302 572 174 
1 348 
1 240 
3 319 345 224 
2 455 373 
3 595 584 453 
2 537 544 
1 525 
1 271 
1 124 
2 73 272 
1 575 
1 312 
3 125 396 511 
1 592 
1 229 
2 392 557 
1 441 
1 295 
2 389 406 
2 253 332 
2 82 150 
1 130 
2 113 182 
1 560 
3 433 111 66 
2 198 512 
2 407 462 
2 177 245 
1 358 
4 333 299 42 197 
1 321 
1 478 
3 223 112 291 
1 96 
1 435 
2 491 281 
2 354 341 
3 363 242 475 
3 233 526 460 
3 105 155 64 
1 493 
2 408 515 
3 489 209 18 
2 92 328 
2 139 110 
1 31 
1 414 
2 588 232 
1 589 
1 565 
2 43 347 
1 521 
4 49 581 260 241 
2 395 466 
3 582 258 411 
1 280 
2 14 243 
1 342 
2 344 279 
1 597 
1 553 
2 200 212 
1 444 
1 28 
1 162 
1 381 
1 492 
2 339 74 
2 284 365 
2 55 362 
1 4 
4 72 270 538 103 
2 199 316 
4 98 578 541 54 
1 457 
1 376 
2 118 476 
4 23 86 500 24 
