196 728 10 100 37
2
3
3
3
3
3
3
3
3
3
3
3
3
2
3
4
4
4
4
4
4
4
4
4
4
4
4
3
3
4
4
4
4
4
4
4
4
4
4
4
4
3
3
4
4
4
4
4
4
4
4
4
4
4
4
3
3
4
4
4
4
4
4
4
4
4
4
4
4
3
3
4
4
4
4
4
4
4
4
4
4
4
4
3
3
4
4
4
4
4
4
4
4
4
4
4
4
3
3
4
4
4
4
4
4
4
4
4
4
4
4
3
3
4
4
4
4
4
4
4
4
4
4
4
4
3
3
4
4
4
4
4
4
4
4
4
4
4
4
3
3
4
4
4
4
4
4
4
4
4
4
4
4
3
3
4
4
4
4
4
4
4
4
4
4
4
4
3
3
4
4
4
4
4
4
4
4
4
4
4
4
3
2
3
3
3
3
3
3
3
3
3
3
3
3
2
15 94
2 29
16 24
3 59
1 25
17 81
4 89
2 74
18 87
5 11
3 67
19 93
6 12
4 40
20 31
7 66
5 48
21 68
8 43
6 38
22 59
9 82
7 32
23 74
10 46
8 83
24 51
11 35
9 53
25 73
12 95
10 24
26 83
13 16
11 54
27 46
14 14
12 23
28 28
13 78
29 86
1 31
16 55
30 66
2 93
17 71
15 80
31 42
3 73
18 46
16 95
32 38
4 29
19 54
17 17
33 12
5 14
20 85
18 45
34 84
6 92
21 54
19 92
35 54
7 65
22 35
20 42
36 33
8 15
23 15
21 77
37 38
9 72
24 43
22 50
38 22
10 42
25 80
23 67
39 20
11 28
26 37
24 46
40 44
12 30
27 33
25 78
41 88
13 37
28 50
26 51
42 32
14 84
27 51
43 43
15 77
30 25
44 46
16 93
31 33
29 78
45 44
17 71
32 44
30 26
46 65
18 81
33 34
31 49
47 60
19 12
34 92
32 22
48 65
20 18
35 73
33 99
49 54
21 55
36 33
34 76
50 59
22 72
37 51
35 44
51 60
23 72
38 46
36 22
52 50
24 95
39 69
37 28
53 40
25 65
40 69
38 96
54 100
26 10
41 18
39 18
55 78
27 44
42 71
40 69
56 50
28 69
41 39
57 15
29 48
44 61
58 76
30 83
45 20
43 92
59 15
31 63
46 74
44 11
60 90
32 96
47 10
45 15
61 76
33 78
48 73
46 70
62 66
34 59
49 39
47 90
63 23
35 80
50 23
48 48
64 68
36 90
51 86
49 55
65 47
37 98
52 96
50 97
66 19
38 33
53 60
51 12
67 88
39 77
54 44
52 96
68 51
40 68
55 76
53 37
69 67
41 65
56 100
54 70
70 32
42 73
55 36
71 42
43 22
58 91
72 80
44 45
59 96
57 99
73 30
45 14
60 49
58 21
74 60
46 67
61 21
59 40
75 68
47 43
62 72
60 56
76 53
48 50
63 59
61 15
77 91
49 47
64 70
62 35
78 36
50 35
65 15
63 57
79 84
51 63
66 19
64 19
80 18
52 55
67 31
65 21
81 20
53 24
68 86
66 53
82 85
54 66
69 27
67 66
83 48
55 60
70 86
68 12
84 86
56 56
69 36
85 28
57 89
72 64
86 17
58 38
73 30
71 46
87 19
59 27
74 32
72 58
88 67
60 13
75 54
73 100
89 18
61 22
76 64
74 41
90 74
62 51
77 76
75 13
91 83
63 44
78 100
76 48
92 95
64 53
79 90
77 18
93 87
65 27
80 66
78 83
94 11
66 89
81 86
79 11
95 28
67 98
82 47
80 52
96 92
68 69
83 13
81 47
97 30
69 70
84 64
82 66
98 87
70 64
83 31
99 28
71 54
86 54
100 22
72 46
87 52
85 64
101 78
73 50
88 83
86 11
102 78
74 21
89 11
87 32
103 12
75 58
90 48
88 30
104 75
76 96
91 98
89 30
105 44
77 10
92 90
90 16
106 60
78 18
93 75
91 72
107 55
79 80
94 24
92 32
108 92
80 93
95 52
93 55
109 22
81 11
96 14
94 77
110 39
82 25
97 61
95 91
111 39
83 64
98 52
96 26
112 30
84 21
97 77
113 14
85 74
100 12
114 57
86 55
101 30
99 71
115 70
87 96
102 13
100 22
116 52
88 29
103 69
101 56
117 39
89 56
104 33
102 96
118 10
90 12
105 33
103 81
119 33
91 69
106 100
104 44
120 74
92 70
107 99
105 15
121 34
93 14
108 55
106 27
122 15
94 13
109 36
107 67
123 80
95 35
110 90
108 51
124 64
96 63
111 31
109 56
125 90
97 84
112 12
110 98
126 61
98 43
111 46
127 14
99 80
114 18
128 88
100 25
115 15
113 37
129 39
101 96
116 72
114 35
130 53
102 62
117 58
115 37
131 83
103 38
118 37
116 38
132 32
104 89
119 47
117 72
133 89
105 27
120 65
118 13
134 94
106 86
121 32
119 26
135 78
107 95
122 27
120 56
136 37
108 49
123 47
121 16
137 79
109 49
124 22
122 62
138 40
110 46
125 98
123 42
139 19
111 93
126 70
124 64
140 15
112 85
125 59
141 69
113 21
128 88
142 93
114 48
129 84
127 94
143 84
115 14
130 41
128 79
144 12
116 75
131 11
129 54
145 33
117 47
132 30
130 28
146 73
118 81
133 86
131 90
147 74
119 74
134 17
132 23
148 92
120 90
135 33
133 79
149 62
121 32
136 20
134 44
150 77
122 81
137 23
135 83
151 29
123 10
138 68
136 97
152 62
124 71
139 66
137 44
153 98
125 30
140 73
138 37
154 94
126 58
139 17
155 84
127 32
142 35
156 37
128 54
143 53
141 31
157 76
129 63
144 11
142 58
158 58
130 40
145 40
143 49
159 41
131 83
146 28
144 15
160 49
132 82
147 49
145 75
161 91
133 39
148 66
146 52
162 59
134 75
149 67
147 65
163 45
135 44
150 37
148 96
164 49
136 90
151 67
149 87
165 49
137 23
152 85
150 15
166 19
138 61
153 81
151 51
167 28
139 94
154 31
152 10
168 81
140 26
153 10
169 90
141 12
156 40
170 100
142 25
157 96
155 21
171 45
143 39
158 71
156 18
172 63
144 79
159 39
157 57
173 67
145 45
160 19
158 44
174 23
146 42
161 88
159 50
175 24
147 78
162 62
160 81
176 85
148 15
163 96
161 24
177 29
149 83
164 36
162 44
178 84
150 10
165 52
163 93
179 26
151 20
166 64
164 37
180 93
152 60
167 29
165 84
181 69
153 62
168 26
166 38
182 61
154 71
167 95
183 45
155 91
170 53
184 54
156 37
171 73
169 39
185 71
157 13
172 83
170 69
186 19
158 11
173 18
171 70
187 15
159 59
174 14
172 80
188 85
160 92
175 79
173 70
189 38
161 32
176 94
174 82
190 73
162 96
177 20
175 66
191 25
163 24
178 30
176 87
192 93
164 46
179 75
177 81
193 59
165 32
180 38
178 18
194 62
166 63
181 77
179 62
195 19
167 42
182 58
180 88
196 58
168 39
181 50
169 25
184 99
170 12
185 63
183 52
171 28
186 92
184 25
172 19
187 20
185 50
173 36
188 23
186 87
174 10
189 25
187 60
175 50
190 83
188 11
176 60
191 13
189 25
177 18
192 53
190 39
178 54
193 95
191 84
179 42
194 14
192 94
180 83
195 65
193 24
181 41
196 89
194 89
182 43
195 56
137
125
1 137 
1 24 
2 88 83 
2 141 101 
1 10 
2 43 161 
2 64 29 
1 13 
1 35 
5 32 189 70 166 148 
1 103 
3 132 181 128 
2 78 107 
4 127 91 28 139 
1 27 
2 192 14 
3 142 156 177 
1 16 
1 51 
3 85 104 68 
1 117 
2 73 182 
1 37 
1 152 
2 63 69 
1 47 
3 38 183 162 
1 80 
1 87 
3 48 89 75 
3 90 119 77 
1 65 
3 50 160 45 
1 111 
2 169 20 
2 82 108 
1 125 
