100 342 10 100 19
2
3
3
2
3
4
4
3
3
4
4
3
3
4
4
3
3
4
4
3
3
4
4
3
3
4
4
3
3
4
4
3
3
4
4
3
3
4
4
3
3
4
4
3
3
4
4
3
3
4
4
3
3
4
4
3
3
4
4
3
3
4
4
3
3
4
4
3
3
4
4
3
3
4
4
3
3
4
4
3
3
4
4
3
3
4
4
3
3
4
4
3
3
4
4
3
2
3
3
2
5 56
2 29
6 48
3 88
1 66
7 20
4 76
2 78
8 90
3 13
9 38
1 100
6 58
10 58
2 84
7 55
5 83
11 37
3 24
8 86
6 73
12 77
4 79
7 12
13 70
5 87
10 56
14 38
6 54
11 44
9 67
15 24
7 51
12 80
10 68
16 25
8 22
11 60
17 33
9 67
14 55
18 85
10 28
15 58
13 90
19 26
11 99
16 60
14 14
20 38
12 35
15 45
21 94
13 79
18 42
22 45
14 44
19 56
17 60
23 56
15 26
20 33
18 98
24 46
16 75
19 69
25 49
17 93
22 47
26 88
18 56
23 44
21 52
27 38
19 56
24 94
22 92
28 50
20 47
23 57
29 40
21 42
26 50
30 89
22 44
27 26
25 71
31 77
23 22
28 80
26 78
32 64
24 24
27 32
33 95
25 73
30 38
34 31
26 26
31 95
29 93
35 47
27 10
32 32
30 28
36 57
28 24
31 54
37 18
29 15
34 33
38 20
30 88
35 89
33 33
39 61
31 93
36 81
34 74
40 42
32 39
35 80
41 40
33 26
38 28
42 13
34 51
39 76
37 11
43 79
35 32
40 34
38 37
44 40
36 97
39 83
45 54
37 31
42 88
46 68
38 50
43 44
41 58
47 83
39 16
44 19
42 31
48 27
40 50
43 84
49 84
41 45
46 45
50 74
42 16
47 85
45 22
51 43
43 83
48 24
46 10
52 88
44 70
47 26
53 16
45 24
50 73
54 27
46 14
51 93
49 22
55 21
47 79
52 12
50 79
56 69
48 52
51 89
57 24
49 51
54 95
58 22
50 24
55 30
53 44
59 96
51 84
56 90
54 46
60 17
52 97
55 67
61 56
53 98
58 60
62 48
54 81
59 82
57 63
63 72
55 36
60 38
58 88
64 19
56 42
59 28
65 92
57 49
62 75
66 93
58 42
63 74
61 89
67 32
59 47
64 50
62 65
68 87
60 100
63 40
69 35
61 91
66 18
70 97
62 61
67 41
65 28
71 91
63 17
68 68
66 89
72 93
64 53
67 84
73 86
65 25
70 24
74 61
66 62
71 62
69 33
75 81
67 85
72 80
70 34
76 27
68 11
71 54
77 70
69 56
74 38
78 34
70 13
75 67
73 84
79 30
71 33
76 81
74 77
80 65
72 29
75 88
81 69
73 60
78 47
82 18
74 79
79 48
77 58
83 18
75 92
80 93
78 88
84 93
76 70
79 58
85 61
77 90
82 20
86 61
78 90
83 34
81 22
87 39
79 40
84 22
82 13
88 44
80 64
83 49
89 49
81 76
86 56
90 100
82 82
87 85
85 70
91 91
83 45
88 41
86 81
92 48
84 50
87 62
93 58
85 31
90 89
94 93
86 82
91 54
89 12
95 61
87 34
92 99
90 33
96 67
88 49
91 97
97 99
89 39
94 15
98 65
90 58
95 30
93 40
99 14
91 25
96 20
94 95
100 98
92 54
95 75
93 21
98 73
94 37
99 26
97 37
95 33
100 65
98 31
96 65
99 86
46
5
2 21 46 
1 77 
2 75 80 
1 11 
4 82 42 52 30 
2 12 93 
4 39 6 8 51 
2 60 57 
1 55 
1 1 
1 68 
3 91 13 53 
2 47 71 
2 100 29 
1 99 
2 36 10 
1 26 
1 96 
2 50 5 
