196 728 10 100 37
2
3
3
3
3
3
3
3
3
3
3
3
3
2
3
4
4
4
4
4
4
4
4
4
4
4
4
3
3
4
4
4
4
4
4
4
4
4
4
4
4
3
3
4
4
4
4
4
4
4
4
4
4
4
4
3
3
4
4
4
4
4
4
4
4
4
4
4
4
3
3
4
4
4
4
4
4
4
4
4
4
4
4
3
3
4
4
4
4
4
4
4
4
4
4
4
4
3
3
4
4
4
4
4
4
4
4
4
4
4
4
3
3
4
4
4
4
4
4
4
4
4
4
4
4
3
3
4
4
4
4
4
4
4
4
4
4
4
4
3
3
4
4
4
4
4
4
4
4
4
4
4
4
3
3
4
4
4
4
4
4
4
4
4
4
4
4
3
3
4
4
4
4
4
4
4
4
4
4
4
4
3
2
3
3
3
3
3
3
3
3
3
3
3
3
2
15 61
2 29
16 96
3 84
1 61
17 57
4 52
2 17
18 95
5 24
3 36
19 43
6 15
4 43
20 75
7 80
5 30
21 79
8 88
6 89
22 36
9 96
7 41
23 71
10 47
8 46
24 36
11 49
9 55
25 29
12 27
10 42
26 37
13 86
11 60
27 90
14 63
12 95
28 60
13 40
29 23
1 99
16 80
30 44
2 85
17 94
15 77
31 60
3 30
18 21
16 14
32 54
4 62
19 35
17 43
33 26
5 20
20 13
18 58
34 82
6 12
21 44
19 91
35 19
7 93
22 33
20 66
36 74
8 38
23 82
21 85
37 44
9 80
24 58
22 45
38 25
10 66
25 76
23 90
39 72
11 29
26 27
24 66
40 13
12 52
27 16
25 47
41 16
13 10
28 77
26 79
42 47
14 15
27 90
43 57
15 79
30 90
44 80
16 52
31 40
29 62
45 75
17 38
32 86
30 71
46 52
18 48
33 100
31 21
47 68
19 93
34 66
32 39
48 69
20 29
35 32
33 55
49 70
21 41
36 29
34 72
50 26
22 82
37 33
35 88
51 21
23 66
38 32
36 47
52 62
24 32
39 23
37 48
53 16
25 95
40 53
38 19
54 13
26 25
41 71
39 85
55 88
27 88
42 55
40 14
56 43
28 59
41 53
57 20
29 87
44 87
58 59
30 43
45 64
43 30
59 75
31 13
46 79
44 46
60 97
32 50
47 65
45 21
61 69
33 54
48 92
46 60
62 43
34 59
49 38
47 15
63 63
35 77
50 87
48 18
64 43
36 90
51 91
49 48
65 54
37 15
52 75
50 55
66 91
38 76
53 82
51 61
67 29
39 97
54 27
52 53
68 82
40 32
55 41
53 59
69 69
41 98
56 88
54 16
70 14
42 33
55 85
71 65
43 98
58 42
72 91
44 79
59 42
57 73
73 64
45 92
60 13
58 30
74 68
46 23
61 100
59 86
75 21
47 22
62 41
60 78
76 35
48 74
63 48
61 76
77 98
49 19
64 23
62 82
78 81
50 60
65 28
63 24
79 85
51 95
66 44
64 54
80 43
52 55
67 31
65 96
81 83
53 81
68 93
66 75
82 56
54 34
69 10
67 78
83 35
55 17
70 45
68 77
84 56
56 83
69 31
85 25
57 94
72 33
86 39
58 84
73 71
71 42
87 32
59 19
74 46
72 62
88 10
60 35
75 99
73 23
89 59
61 50
76 42
74 81
90 51
62 28
77 55
75 61
91 63
63 72
78 70
76 36
92 48
64 76
79 86
77 58
93 26
65 31
80 14
78 13
94 40
66 99
81 63
79 75
95 58
67 68
82 83
80 94
96 37
68 65
83 48
81 37
97 61
69 80
84 60
82 30
98 52
70 37
83 21
99 39
71 99
86 89
100 12
72 89
87 40
85 60
101 97
73 49
88 59
86 49
102 40
74 98
89 26
87 71
103 62
75 46
90 56
88 85
104 32
76 10
91 33
89 94
105 69
77 25
92 76
90 55
106 73
78 33
93 20
91 93
107 20
79 40
94 49
92 91
108 47
80 19
95 72
93 99
109 37
81 96
96 83
94 86
110 22
82 24
97 93
95 37
111 95
83 85
98 56
96 59
112 49
84 68
97 18
113 36
85 57
100 51
114 95
86 34
101 26
99 52
115 99
87 39
102 17
100 81
116 89
88 73
103 46
101 31
117 40
89 85
104 70
102 58
118 76
90 22
105 15
103 38
119 14
91 67
106 34
104 86
120 96
92 46
107 86
105 50
121 98
93 39
108 84
106 18
122 58
94 22
109 42
107 19
123 61
95 17
110 87
108 61
124 89
96 71
111 81
109 43
125 80
97 26
112 68
110 86
126 96
98 18
111 96
127 61
99 13
114 46
128 15
100 13
115 82
113 59
129 28
101 64
116 10
114 92
130 97
102 24
117 22
115 54
131 99
103 91
118 74
116 51
132 69
104 11
119 67
117 83
133 10
105 40
120 34
118 18
134 45
106 29
121 67
119 79
135 94
107 40
122 40
120 74
136 18
108 50
123 48
121 58
137 44
109 49
124 77
122 66
138 49
110 97
125 61
123 20
139 63
111 38
126 36
124 34
140 27
112 71
125 97
141 33
113 95
128 29
142 30
114 52
129 52
127 91
143 46
115 63
130 36
128 18
144 42
116 30
131 69
129 13
145 85
117 46
132 67
130 57
146 97
118 71
133 95
131 37
147 26
119 85
134 16
132 80
148 64
120 27
135 23
133 30
149 89
121 83
136 20
134 31
150 73
122 50
137 52
135 83
151 80
123 35
138 65
136 22
152 56
124 82
139 71
137 67
153 97
125 10
140 38
138 41
154 40
126 70
139 64
155 90
127 95
142 46
156 94
128 91
143 79
141 76
157 29
129 57
144 37
142 81
158 10
130 50
145 98
143 39
159 52
131 92
146 51
144 73
160 79
132 62
147 36
145 90
161 51
133 38
148 82
146 38
162 30
134 40
149 74
147 47
163 95
135 63
150 67
148 83
164 68
136 81
151 92
149 28
165 55
137 78
152 47
150 92
166 20
138 10
153 42
151 54
167 46
139 87
154 97
152 97
168 59
140 99
153 51
169 12
141 53
156 77
170 55
142 91
157 78
155 39
171 52
143 24
158 24
156 67
172 75
144 30
159 36
157 100
173 46
145 48
160 82
158 24
174 95
146 68
161 57
159 77
175 71
147 84
162 70
160 72
176 63
148 67
163 13
161 59
177 45
149 85
164 37
162 68
178 36
150 19
165 68
163 84
179 20
151 72
166 35
164 19
180 76
152 63
167 38
165 80
181 78
153 10
168 52
166 70
182 88
154 41
167 57
183 29
155 69
170 22
184 98
156 44
171 72
169 18
185 50
157 39
172 31
170 79
186 60
158 32
173 59
171 23
187 33
159 39
174 54
172 42
188 99
160 28
175 99
173 40
189 35
161 77
176 40
174 77
190 49
162 78
177 14
175 28
191 39
163 74
178 80
176 66
192 74
164 90
179 55
177 17
193 42
165 98
180 54
178 28
194 20
166 26
181 25
179 93
195 15
167 43
182 43
180 11
196 78
168 98
181 71
169 26
184 18
170 77
185 64
183 31
171 57
186 51
184 28
172 65
187 35
185 67
173 45
188 57
186 72
174 61
189 22
187 44
175 60
190 43
188 46
176 89
191 32
189 23
177 78
192 49
190 23
178 38
193 96
191 34
179 70
194 71
192 96
180 34
195 19
193 75
181 49
196 73
194 93
182 85
195 50
163
47
3 179 109 163 
1 58 
2 170 119 
2 191 132 
1 185 
3 27 69 42 
1 65 
2 30 71 
3 146 120 181 
3 99 160 188 
1 31 
1 172 
2 129 97 
2 134 45 
3 67 186 107 
2 64 75 
2 54 91 
2 148 73 
2 139 96 
2 194 76 
1 115 
5 114 153 126 95 20 
1 66 
2 162 34 
3 57 136 102 
1 72 
1 55 
2 61 5 
1 33 
1 53 
1 13 
2 11 1 
1 182 
2 48 49 
1 154 
1 104 
2 138 47 
