400 1520 10 100 76
2
3
3
3
3
3
3
3
3
3
3
3
3
3
3
3
3
3
3
2
3
4
4
4
4
4
4
4
4
4
4
4
4
4
4
4
4
4
4
3
3
4
4
4
4
4
4
4
4
4
4
4
4
4
4
4
4
4
4
3
3
4
4
4
4
4
4
4
4
4
4
4
4
4
4
4
4
4
4
3
3
4
4
4
4
4
4
4
4
4
4
4
4
4
4
4
4
4
4
3
3
4
4
4
4
4
4
4
4
4
4
4
4
4
4
4
4
4
4
3
3
4
4
4
4
4
4
4
4
4
4
4
4
4
4
4
4
4
4
3
3
4
4
4
4
4
4
4
4
4
4
4
4
4
4
4
4
4
4
3
3
4
4
4
4
4
4
4
4
4
4
4
4
4
4
4
4
4
4
3
3
4
4
4
4
4
4
4
4
4
4
4
4
4
4
4
4
4
4
3
3
4
4
4
4
4
4
4
4
4
4
4
4
4
4
4
4
4
4
3
3
4
4
4
4
4
4
4
4
4
4
4
4
4
4
4
4
4
4
3
3
4
4
4
4
4
4
4
4
4
4
4
4
4
4
4
4
4
4
3
3
4
4
4
4
4
4
4
4
4
4
4
4
4
4
4
4
4
4
3
3
4
4
4
4
4
4
4
4
4
4
4
4
4
4
4
4
4
4
3
3
4
4
4
4
4
4
4
4
4
4
4
4
4
4
4
4
4
4
3
3
4
4
4
4
4
4
4
4
4
4
4
4
4
4
4
4
4
4
3
3
4
4
4
4
4
4
4
4
4
4
4
4
4
4
4
4
4
4
3
3
4
4
4
4
4
4
4
4
4
4
4
4
4
4
4
4
4
4
3
2
3
3
3
3
3
3
3
3
3
3
3
3
3
3
3
3
3
3
2
21 52
2 29
22 49
3 63
1 38
23 62
4 24
2 76
24 83
5 34
3 58
25 69
6 91
4 29
26 84
7 49
5 85
27 16
8 67
6 18
28 87
9 84
7 98
29 55
10 61
8 29
30 85
11 18
9 27
31 68
12 54
10 72
32 15
13 35
11 17
33 40
14 77
12 75
34 92
15 18
13 33
35 85
16 36
14 63
36 47
17 75
15 100
37 17
18 80
16 90
38 77
19 64
17 67
39 22
20 17
18 79
40 20
19 43
41 62
1 72
22 65
42 73
2 79
23 93
21 29
43 64
3 76
24 67
22 18
44 79
4 19
25 70
23 78
45 30
5 12
26 94
24 75
46 56
6 24
27 25
25 11
47 89
7 93
28 17
26 38
48 24
8 33
29 43
27 80
49 19
9 41
30 97
28 62
50 14
10 14
31 44
29 11
51 38
11 71
32 66
30 29
52 15
12 42
33 49
31 92
53 89
13 25
34 64
32 38
54 84
14 34
35 78
33 94
55 34
15 65
36 65
34 19
56 84
16 54
37 40
35 81
57 54
17 31
38 21
36 52
58 82
18 58
39 46
37 77
59 90
19 11
40 54
38 35
60 61
20 35
39 53
61 39
21 80
42 88
62 51
22 59
43 45
41 52
63 14
23 18
44 54
42 47
64 37
24 91
45 21
43 44
65 43
25 90
46 89
44 63
66 67
26 82
47 51
45 43
67 60
27 94
48 40
46 13
68 50
28 23
49 57
47 59
69 97
29 51
50 87
48 25
70 71
30 71
51 16
49 98
71 17
31 36
52 38
50 76
72 54
32 99
53 47
51 84
73 40
33 86
54 87
52 94
74 68
34 45
55 43
53 42
75 61
35 13
56 28
54 73
76 52
36 62
57 33
55 85
77 73
37 64
58 70
56 92
78 22
38 20
59 80
57 91
79 65
39 72
60 25
58 85
80 76
40 87
59 19
81 44
41 61
62 48
82 70
42 38
63 78
61 20
83 82
43 100
64 66
62 69
84 56
44 75
65 77
63 35
85 90
45 41
66 21
64 97
86 30
46 78
67 86
65 23
87 86
47 51
68 55
66 42
88 72
48 12
69 23
67 23
89 66
49 87
70 80
68 59
90 49
50 76
71 70
69 35
91 69
51 84
72 98
70 39
92 47
52 75
73 100
71 68
93 11
53 30
74 89
72 90
94 50
54 78
75 91
73 78
95 27
55 74
76 47
74 16
96 21
56 89
77 55
75 65
97 63
57 95
78 44
76 72
98 51
58 70
79 56
77 20
99 82
59 99
80 31
78 45
100 12
60 71
79 87
101 98
61 99
82 44
102 67
62 83
83 81
81 31
103 42
63 65
84 83
82 96
104 85
64 73
85 52
83 56
105 43
65 36
86 67
84 37
106 47
66 28
87 65
85 66
107 62
67 22
88 44
86 73
108 31
68 84
89 27
87 88
109 69
69 18
90 85
88 84
110 43
70 89
91 88
89 56
111 13
71 100
92 77
90 53
112 76
72 65
93 86
91 55
113 78
73 52
94 72
92 30
114 33
74 75
95 64
93 91
115 16
75 31
96 58
94 40
116 40
76 93
97 18
95 10
117 13
77 17
98 20
96 28
118 17
78 30
99 91
97 26
119 57
79 26
100 46
98 90
120 39
80 68
99 18
121 45
81 45
102 84
122 63
82 48
103 14
101 16
123 34
83 62
104 12
102 22
124 17
84 78
105 81
103 96
125 38
85 43
106 32
104 81
126 19
86 65
107 82
105 20
127 78
87 85
108 43
106 53
128 42
88 44
109 77
107 27
129 46
89 21
110 22
108 34
130 31
90 28
111 34
109 43
131 70
91 86
112 75
110 99
132 28
92 56
113 46
111 86
133 39
93 16
114 43
112 36
134 56
94 94
115 71
113 85
135 29
95 33
116 97
114 59
136 55
96 97
117 85
115 40
137 83
97 79
118 19
116 79
138 15
98 30
119 82
117 19
139 91
99 33
120 74
118 99
140 35
100 69
119 40
141 10
101 32
122 79
142 51
102 89
123 94
121 50
143 65
103 10
124 58
122 70
144 13
104 61
125 27
123 45
145 50
105 91
126 87
124 39
146 30
106 98
127 70
125 33
147 30
107 21
128 46
126 50
148 78
108 13
129 94
127 95
149 17
109 100
130 40
128 13
150 10
110 11
131 20
129 39
151 65
111 27
132 94
130 17
152 15
112 83
133 18
131 62
153 93
113 52
134 58
132 80
154 98
114 27
135 86
133 14
155 46
115 62
136 44
134 93
156 38
116 95
137 19
135 20
157 70
117 74
138 14
136 22
158 100
118 46
139 98
137 62
159 59
119 96
140 78
138 56
160 24
120 89
139 22
161 97
121 81
142 48
162 41
122 24
143 28
141 24
163 68
123 49
144 28
142 40
164 92
124 74
145 28
143 47
165 11
125 98
146 11
144 68
166 97
126 14
147 60
145 50
167 93
127 100
148 10
146 87
168 57
128 52
149 69
147 66
169 86
129 56
150 72
148 13
170 39
130 80
151 28
149 67
171 60
131 73
152 36
150 71
172 28
132 87
153 75
151 46
173 85
133 63
154 12
152 60
174 49
134 60
155 79
153 72
175 33
135 65
156 51
154 89
176 13
136 19
157 77
155 71
177 60
137 17
158 84
156 37
178 76
138 50
159 27
157 78
179 39
139 60
160 56
158 57
180 74
140 30
159 53
181 11
141 73
162 44
182 73
142 29
163 27
161 25
183 17
143 95
164 39
162 12
184 23
144 87
165 97
163 97
185 20
145 72
166 99
164 53
186 37
146 17
167 55
165 62
187 69
147 67
168 56
166 68
188 52
148 32
169 22
167 72
189 34
149 75
170 97
168 95
190 76
150 13
171 48
169 16
191 41
151 86
172 94
170 19
192 27
152 22
173 66
171 15
193 56
153 84
174 14
172 18
194 86
154 95
175 23
173 87
195 83
155 87
176 79
174 46
196 40
156 20
177 22
175 13
197 64
157 26
178 28
176 56
198 76
158 48
179 37
177 60
199 59
159 59
180 76
178 16
200 85
160 20
179 23
201 57
161 85
182 91
202 54
162 10
183 50
181 54
203 98
163 24
184 18
182 91
204 54
164 76
185 34
183 80
205 40
165 17
186 71
184 99
206 42
166 46
187 25
185 73
207 86
167 12
188 99
186 93
208 92
168 81
189 22
187 32
209 19
169 94
190 10
188 28
210 16
170 13
191 94
189 83
211 46
171 43
192 76
190 39
212 34
172 41
193 75
191 75
213 81
173 48
194 36
192 34
214 99
174 26
195 69
193 12
215 32
175 66
196 26
194 52
216 71
176 49
197 72
195 41
217 22
177 54
198 36
196 31
218 63
178 24
199 51
197 78
219 19
179 61
200 100
198 50
220 31
180 51
199 32
221 81
181 96
202 11
222 72
182 22
203 20
201 96
223 19
183 73
204 43
202 52
224 100
184 19
205 52
203 13
225 18
185 40
206 43
204 34
226 70
186 73
207 31
205 89
227 56
187 11
208 73
206 27
228 89
188 64
209 99
207 55
229 90
189 63
210 90
208 76
230 80
190 40
211 91
209 60
231 38
191 81
212 78
210 82
232 84
192 98
213 49
211 86
233 100
193 50
214 60
212 86
234 80
194 25
215 16
213 22
235 97
195 54
216 94
214 94
236 71
196 52
217 82
215 28
237 45
197 23
218 86
216 18
238 92
198 39
219 29
217 92
239 95
199 21
220 32
218 97
240 14
200 30
219 50
241 10
201 63
222 52
242 81
202 56
223 55
221 70
243 42
203 36
224 54
222 77
244 46
204 64
225 88
223 61
245 29
205 68
226 12
224 12
246 86
206 48
227 84
225 19
247 16
207 50
228 47
226 44
248 43
208 54
229 42
227 36
249 71
209 32
230 53
228 33
250 91
210 49
231 89
229 84
251 43
211 81
232 53
230 90
252 60
212 44
233 11
231 22
253 74
213 27
234 88
232 46
254 51
214 88
235 49
233 82
255 19
215 62
236 49
234 16
256 53
216 67
237 15
235 76
257 37
217 98
238 32
236 47
258 41
218 15
239 64
237 76
259 67
219 77
240 71
238 77
260 60
220 76
239 66
261 13
221 14
242 71
262 81
222 28
243 38
241 80
263 68
223 65
244 16
242 77
264 44
224 99
245 63
243 27
265 56
225 99
246 73
244 22
266 68
226 13
247 41
245 88
267 35
227 54
248 59
246 89
268 16
228 71
249 32
247 46
269 51
229 41
250 47
248 45
270 41
230 15
251 16
249 14
271 49
231 65
252 37
250 58
272 84
232 72
253 90
251 49
273 46
233 28
254 69
252 43
274 67
234 15
255 51
253 25
275 60
235 64
256 42
254 16
276 69
236 51
257 93
255 70
277 50
237 64
258 63
256 28
278 33
238 89
259 82
257 93
279 24
239 23
260 97
258 79
280 72
240 43
259 98
281 74
241 48
262 18
282 59
242 97
263 63
261 57
283 91
243 44
264 10
262 80
284 21
244 17
265 65
263 56
285 56
245 28
266 57
264 93
286 99
246 97
267 14
265 96
287 30
247 88
268 60
266 41
288 17
248 31
269 40
267 54
289 90
249 79
270 10
268 96
290 13
250 69
271 26
269 10
291 74
251 27
272 91
270 60
292 47
252 58
273 87
271 36
293 12
253 32
274 61
272 36
294 86
254 68
275 56
273 20
295 31
255 27
276 51
274 61
296 100
256 87
277 84
275 55
297 35
257 81
278 64
276 88
298 86
258 88
279 76
277 100
299 33
259 96
280 32
278 19
300 81
260 57
279 81
301 26
261 33
282 48
302 84
262 95
283 49
281 94
303 73
263 59
284 23
282 16
304 46
264 91
285 35
283 43
305 100
265 72
286 89
284 36
306 96
266 27
287 63
285 66
307 62
267 50
288 73
286 45
308 96
268 90
289 23
287 59
309 66
269 33
290 31
288 39
310 28
270 87
291 96
289 100
311 26
271 21
292 77
290 23
312 53
272 71
293 93
291 71
313 90
273 19
294 43
292 27
314 18
274 13
295 43
293 98
315 68
275 26
296 98
294 52
316 64
276 50
297 13
295 25
317 61
277 57
298 81
296 50
318 46
278 79
299 82
297 96
319 85
279 23
300 62
298 15
320 76
280 58
299 42
321 13
281 18
302 99
322 79
282 36
303 55
301 59
323 69
283 36
304 74
302 12
324 64
284 63
305 69
303 85
325 89
285 30
306 90
304 56
326 46
286 17
307 94
305 39
327 29
287 11
308 88
306 86
328 54
288 52
309 31
307 54
329 79
289 62
310 20
308 96
330 53
290 78
311 75
309 85
331 53
291 90
312 55
310 73
332 21
292 70
313 55
311 61
333 68
293 62
314 93
312 27
334 23
294 11
315 94
313 87
335 40
295 69
316 61
314 30
336 31
296 39
317 27
315 46
337 80
297 25
318 33
316 25
338 20
298 53
319 52
317 56
339 85
299 28
320 94
318 13
340 20
300 52
319 66
341 60
301 25
322 28
342 60
302 89
323 50
321 75
343 11
303 46
324 82
322 59
344 88
304 43
325 76
323 58
345 65
305 67
326 30
324 58
346 90
306 25
327 81
325 68
347 60
307 47
328 96
326 20
348 50
308 17
329 62
327 49
349 46
309 10
330 90
328 16
350 95
310 99
331 85
329 68
351 12
311 80
332 34
330 92
352 21
312 62
333 39
331 21
353 90
313 40
334 68
332 89
354 24
314 12
335 29
333 50
355 43
315 61
336 78
334 19
356 20
316 13
337 14
335 14
357 48
317 43
338 15
336 16
358 96
318 50
339 65
337 34
359 20
319 21
340 33
338 73
360 87
320 72
339 88
361 50
321 47
342 33
362 18
322 70
343 86
341 99
363 16
323 29
344 23
342 41
364 36
324 79
345 85
343 11
365 66
325 74
346 43
344 71
366 29
326 59
347 74
345 81
367 23
327 93
348 79
346 93
368 22
328 50
349 33
347 42
369 43
329 81
350 24
348 87
370 18
330 34
351 63
349 24
371 14
331 95
352 35
350 10
372 63
332 82
353 78
351 78
373 91
333 81
354 73
352 44
374 29
334 70
355 84
353 53
375 35
335 55
356 83
354 29
376 54
336 87
357 84
355 40
377 90
337 95
358 26
356 85
378 61
338 35
359 83
357 24
379 51
339 67
360 77
358 37
380 32
340 75
359 99
381 40
341 14
362 50
382 96
342 35
363 84
361 54
383 34
343 23
364 49
362 72
384 52
344 47
365 69
363 95
385 88
345 55
366 16
364 48
386 73
346 93
367 83
365 100
387 40
347 75
368 83
366 93
388 56
348 68
369 97
367 71
389 49
349 67
370 81
368 12
390 57
350 31
371 25
369 51
391 25
351 98
372 90
370 90
392 82
352 33
373 56
371 89
393 64
353 61
374 10
372 57
394 48
354 80
375 93
373 20
395 91
355 47
376 50
374 72
396 58
356 67
377 67
375 23
397 74
357 97
378 10
376 63
398 27
358 19
379 85
377 71
399 99
359 33
380 95
378 89
400 96
360 49
379 81
361 94
382 63
362 77
383 14
381 83
363 28
384 51
382 60
364 76
385 32
383 42
365 15
386 89
384 47
366 47
387 25
385 68
367 73
388 94
386 21
368 60
389 22
387 60
369 15
390 58
388 31
370 100
391 56
389 23
371 15
392 32
390 37
372 46
393 42
391 93
373 31
394 82
392 47
374 43
395 51
393 69
375 18
396 31
394 60
376 30
397 68
395 51
377 92
398 41
396 52
378 57
399 49
397 59
379 60
400 24
398 14
380 10
399 67
369
71
1 369 
2 255 16 
1 148 
1 300 
2 40 174 
1 377 
1 106 
2 297 363 
4 184 98 89 341 
3 64 176 304 
4 343 243 379 36 
3 104 57 240 
2 168 385 
4 273 142 47 7 
2 94 216 
1 265 
2 288 10 
1 399 
4 101 129 50 342 
3 247 244 394 
2 113 65 
1 163 
1 77 
1 294 
1 24 
1 99 
1 348 
2 186 167 
2 6 100 
1 41 
2 56 326 
1 325 
2 191 270 
2 123 321 
3 301 299 387 
1 337 
2 21 92 
3 199 220 112 
3 26 352 81 
2 189 279 
2 221 204 
1 276 
3 153 261 200 
1 118 
1 291 
1 154 
1 284 
3 202 45 345 
3 25 329 59 
1 267 
3 257 38 13 
1 172 
2 332 152 
1 266 
2 368 131 
3 390 193 208 
1 207 
1 60 
2 289 373 
3 76 335 360 
1 160 
1 97 
1 253 
5 171 58 339 134 30 
1 181 
2 149 350 
2 333 259 
3 357 86 151 
1 141 
1 53 
1 73 
1 132 
1 382 
1 222 
2 386 3 
2 42 71 
