144 528 10 100 27
2
3
3
3
3
3
3
3
3
3
3
2
3
4
4
4
4
4
4
4
4
4
4
3
3
4
4
4
4
4
4
4
4
4
4
3
3
4
4
4
4
4
4
4
4
4
4
3
3
4
4
4
4
4
4
4
4
4
4
3
3
4
4
4
4
4
4
4
4
4
4
3
3
4
4
4
4
4
4
4
4
4
4
3
3
4
4
4
4
4
4
4
4
4
4
3
3
4
4
4
4
4
4
4
4
4
4
3
3
4
4
4
4
4
4
4
4
4
4
3
3
4
4
4
4
4
4
4
4
4
4
3
2
3
3
3
3
3
3
3
3
3
3
2
13 51
2 29
14 80
3 39
1 93
15 97
4 60
2 42
16 41
5 22
3 89
17 12
6 87
4 26
18 95
7 35
5 12
19 30
8 22
6 58
20 76
9 69
7 88
21 16
10 60
8 66
22 19
11 95
9 25
23 52
12 31
10 53
24 89
11 11
25 93
1 32
14 57
26 59
2 57
15 28
13 94
27 83
3 25
16 84
14 71
28 78
4 61
17 13
15 66
29 17
5 86
18 99
16 91
30 76
6 63
19 100
17 64
31 19
7 55
20 45
18 54
32 56
8 80
21 26
19 81
33 29
9 10
22 68
20 18
34 56
10 71
23 26
21 21
35 30
11 29
24 51
22 22
36 71
12 28
23 55
37 38
13 12
26 74
38 56
14 29
27 13
25 55
39 17
15 18
28 41
26 43
40 71
16 44
29 81
27 10
41 57
17 45
30 69
28 41
42 28
18 43
31 90
29 78
43 57
19 33
32 93
30 57
44 72
20 62
33 91
31 57
45 55
21 44
34 75
32 75
46 43
22 16
35 14
33 83
47 63
23 65
36 81
34 98
48 74
24 91
35 66
49 43
25 83
38 84
50 27
26 58
39 54
37 56
51 75
27 27
40 66
38 32
52 42
28 43
41 61
39 63
53 35
29 46
42 91
40 58
54 75
30 24
43 13
41 17
55 37
31 53
44 19
42 39
56 21
32 39
45 10
43 19
57 97
33 60
46 17
44 10
58 11
34 36
47 34
45 57
59 21
35 73
48 32
46 54
60 45
36 41
47 88
61 50
37 38
50 40
62 92
38 38
51 84
49 90
63 17
39 21
52 83
50 32
64 54
40 37
53 37
51 49
65 92
41 15
54 16
52 27
66 18
42 96
55 65
53 36
67 31
43 64
56 31
54 72
68 83
44 74
57 56
55 96
69 40
45 19
58 77
56 24
70 32
46 82
59 87
57 20
71 14
47 25
60 15
58 83
72 35
48 32
59 46
73 87
49 35
62 92
74 99
50 82
63 55
61 62
75 89
51 57
64 60
62 49
76 90
52 20
65 34
63 63
77 45
53 95
66 52
64 11
78 30
54 99
67 52
65 90
79 72
55 25
68 20
66 22
80 76
56 67
69 79
67 92
81 63
57 22
70 71
68 31
82 51
58 100
71 65
69 48
83 95
59 88
72 20
70 63
84 66
60 28
71 39
85 89
61 12
74 29
86 79
62 12
75 84
73 35
87 35
63 25
76 55
74 53
88 59
64 96
77 20
75 50
89 13
65 54
78 21
76 29
90 36
66 25
79 78
77 29
91 41
67 93
80 60
78 25
92 20
68 23
81 96
79 51
93 57
69 97
82 78
80 48
94 25
70 75
83 87
81 93
95 76
71 36
84 100
82 98
96 43
72 83
83 67
97 27
73 35
86 85
98 87
74 81
87 48
85 16
99 37
75 62
88 65
86 60
100 40
76 82
89 90
87 91
101 36
77 98
90 50
88 27
102 84
78 80
91 36
89 18
103 39
79 37
92 93
90 23
104 56
80 10
93 100
91 45
105 10
81 62
94 52
92 35
106 48
82 64
95 52
93 84
107 96
83 68
96 67
94 11
108 65
84 37
95 22
109 78
85 37
98 94
110 60
86 84
99 32
97 54
111 67
87 82
100 53
98 97
112 87
88 71
101 71
99 69
113 65
89 26
102 24
100 47
114 60
90 27
103 88
101 58
115 27
91 74
104 68
102 24
116 92
92 25
105 46
103 56
117 45
93 61
106 32
104 60
118 35
94 41
107 79
105 71
119 15
95 90
108 94
106 61
120 79
96 19
107 90
121 35
97 10
110 94
122 43
98 52
111 76
109 68
123 89
99 55
112 46
110 43
124 20
100 87
113 26
111 40
125 56
101 56
114 58
112 46
126 36
102 89
115 97
113 85
127 95
103 80
116 100
114 77
128 84
104 77
117 17
115 29
129 91
105 57
118 79
116 19
130 39
106 31
119 35
117 72
131 79
107 44
120 77
118 48
132 87
108 88
119 35
133 17
109 33
122 25
134 39
110 85
123 74
121 26
135 27
111 42
124 69
122 92
136 67
112 50
125 74
123 56
137 75
113 65
126 24
124 36
138 23
114 56
127 40
125 73
139 16
115 94
128 92
126 100
140 16
116 47
129 86
127 98
141 27
117 19
130 28
128 41
142 22
118 59
131 75
129 93
143 54
119 83
132 78
130 92
144 27
120 32
131 66
121 87
134 57
122 10
135 31
133 66
123 97
136 20
134 72
124 24
137 13
135 66
125 73
138 18
136 76
126 31
139 29
137 79
127 21
140 90
138 88
128 96
141 39
139 70
129 10
142 54
140 16
130 37
143 93
141 67
131 94
144 73
142 18
132 10
143 34
126
92
1 126 
2 138 105 
1 99 
2 6 128 
1 64 
1 98 
2 30 9 
1 1 
3 84 74 43 
2 77 28 
1 97 
2 109 101 
3 75 86 137 
2 121 103 
3 96 93 80 
2 51 61 
2 34 143 
1 55 
2 48 52 
1 38 
3 60 119 78 
1 136 
2 124 59 
3 114 37 18 
2 39 130 
2 56 127 
2 33 92 
