400 1500 10 100 76
2
3
3
3
3
3
3
3
3
3
3
3
3
3
3
3
3
3
3
3
3
3
3
3
3
3
3
3
3
3
3
3
3
3
3
3
3
3
3
2
3
4
4
4
4
4
4
4
4
4
4
4
4
4
4
4
4
4
4
4
4
4
4
4
4
4
4
4
4
4
4
4
4
4
4
4
4
4
4
3
3
4
4
4
4
4
4
4
4
4
4
4
4
4
4
4
4
4
4
4
4
4
4
4
4
4
4
4
4
4
4
4
4
4
4
4
4
4
4
3
3
4
4
4
4
4
4
4
4
4
4
4
4
4
4
4
4
4
4
4
4
4
4
4
4
4
4
4
4
4
4
4
4
4
4
4
4
4
4
3
3
4
4
4
4
4
4
4
4
4
4
4
4
4
4
4
4
4
4
4
4
4
4
4
4
4
4
4
4
4
4
4
4
4
4
4
4
4
4
3
3
4
4
4
4
4
4
4
4
4
4
4
4
4
4
4
4
4
4
4
4
4
4
4
4
4
4
4
4
4
4
4
4
4
4
4
4
4
4
3
3
4
4
4
4
4
4
4
4
4
4
4
4
4
4
4
4
4
4
4
4
4
4
4
4
4
4
4
4
4
4
4
4
4
4
4
4
4
4
3
3
4
4
4
4
4
4
4
4
4
4
4
4
4
4
4
4
4
4
4
4
4
4
4
4
4
4
4
4
4
4
4
4
4
4
4
4
4
4
3
3
4
4
4
4
4
4
4
4
4
4
4
4
4
4
4
4
4
4
4
4
4
4
4
4
4
4
4
4
4
4
4
4
4
4
4
4
4
4
3
2
3
3
3
3
3
3
3
3
3
3
3
3
3
3
3
3
3
3
3
3
3
3
3
3
3
3
3
3
3
3
3
3
3
3
3
3
3
3
2
41 16
2 29
42 15
3 90
1 23
43 71
4 88
2 63
44 88
5 75
3 93
45 34
6 29
4 57
46 50
7 43
5 49
47 49
8 86
6 19
48 60
9 64
7 79
49 26
10 52
8 78
50 90
11 12
9 63
51 41
12 28
10 24
52 55
13 92
11 82
53 83
14 77
12 19
54 10
15 90
13 70
55 61
16 93
14 63
56 41
17 14
15 51
57 85
18 48
16 57
58 77
19 89
17 18
59 77
20 98
18 85
60 79
21 23
19 73
61 31
22 79
20 29
62 77
23 28
21 26
63 32
24 59
22 94
64 85
25 80
23 55
65 57
26 41
24 12
66 54
27 95
25 10
67 57
28 76
26 66
68 53
29 68
27 89
69 79
30 71
28 71
70 51
31 92
29 91
71 69
32 53
30 14
72 93
33 50
31 60
73 91
34 14
32 57
74 67
35 51
33 82
75 15
36 66
34 55
76 90
37 24
35 37
77 31
38 83
36 75
78 78
39 13
37 82
79 91
40 82
38 66
80 20
39 16
81 64
1 98
42 100
82 18
2 20
43 58
41 52
83 15
3 97
44 96
42 91
84 29
4 39
45 12
43 45
85 98
5 53
46 77
44 19
86 83
6 66
47 38
45 79
87 49
7 92
48 69
46 78
88 80
8 46
49 19
47 18
89 55
9 91
50 84
48 70
90 32
10 93
51 77
49 75
91 33
11 94
52 48
50 62
92 100
12 97
53 81
51 58
93 69
13 65
54 37
52 72
94 83
14 20
55 27
53 98
95 13
15 78
56 99
54 60
96 53
16 96
57 51
55 66
97 40
17 76
58 51
56 84
98 93
18 10
59 10
57 77
99 23
19 86
60 93
58 48
100 15
20 51
61 15
59 92
101 92
21 10
62 81
60 75
102 53
22 70
63 53
61 15
103 25
23 56
64 35
62 31
104 89
24 53
65 31
63 72
105 72
25 38
66 34
64 34
106 48
26 62
67 60
65 66
107 51
27 29
68 91
66 14
108 43
28 47
69 53
67 26
109 94
29 39
70 13
68 78
110 54
30 65
71 99
69 83
111 56
31 61
72 47
70 60
112 30
32 24
73 63
71 75
113 70
33 43
74 40
72 78
114 49
34 52
75 67
73 38
115 58
35 79
76 78
74 95
116 11
36 64
77 66
75 55
117 40
37 78
78 43
76 81
118 11
38 87
79 94
77 85
119 85
39 11
80 45
78 66
120 97
40 75
79 71
121 61
41 39
82 45
122 98
42 38
83 82
81 43
123 47
43 46
84 57
82 15
124 71
44 98
85 87
83 46
125 69
45 81
86 87
84 34
126 57
46 25
87 44
85 77
127 72
47 23
88 19
86 28
128 26
48 64
89 72
87 86
129 69
49 49
90 58
88 58
130 31
50 84
91 58
89 94
131 28
51 27
92 86
90 30
132 27
52 59
93 38
91 94
133 55
53 44
94 74
92 10
134 23
54 68
95 24
93 57
135 30
55 92
96 10
94 69
136 48
56 70
97 31
95 43
137 32
57 17
98 46
96 23
138 15
58 49
99 39
97 88
139 82
59 68
100 34
98 44
140 30
60 53
101 40
99 68
141 86
61 44
102 32
100 100
142 76
62 22
103 18
101 72
143 57
63 22
104 67
102 10
144 32
64 17
105 73
103 100
145 74
65 60
106 10
104 85
146 22
66 82
107 17
105 38
147 88
67 95
108 68
106 21
148 48
68 97
109 74
107 56
149 49
69 58
110 36
108 48
150 78
70 68
111 61
109 32
151 97
71 29
112 38
110 14
152 10
72 58
113 58
111 35
153 75
73 29
114 91
112 39
154 56
74 18
115 27
113 15
155 80
75 44
116 91
114 54
156 86
76 35
117 49
115 46
157 63
77 30
118 22
116 83
158 51
78 49
119 97
117 20
159 18
79 59
120 84
118 96
160 73
80 14
119 67
161 53
81 35
122 65
162 40
82 53
123 14
121 79
163 28
83 37
124 17
122 51
164 96
84 56
125 31
123 29
165 20
85 92
126 31
124 83
166 40
86 13
127 39
125 99
167 49
87 89
128 15
126 38
168 64
88 87
129 74
127 16
169 34
89 32
130 21
128 67
170 54
90 63
131 77
129 84
171 59
91 72
132 49
130 89
172 23
92 28
133 88
131 68
173 72
93 32
134 80
132 56
174 24
94 59
135 93
133 67
175 63
95 11
136 91
134 71
176 61
96 25
137 53
135 79
177 54
97 60
138 59
136 89
178 90
98 61
139 48
137 34
179 51
99 38
140 75
138 60
180 71
100 51
141 53
139 71
181 72
101 10
142 10
140 68
182 17
102 67
143 97
141 29
183 94
103 52
144 98
142 65
184 83
104 63
145 77
143 36
185 29
105 71
146 69
144 66
186 52
106 49
147 91
145 78
187 92
107 12
148 44
146 37
188 43
108 34
149 98
147 19
189 27
109 37
150 19
148 78
190 25
110 57
151 22
149 90
191 27
111 83
152 64
150 32
192 53
112 100
153 23
151 97
193 66
113 68
154 11
152 37
194 82
114 26
155 45
153 17
195 43
115 44
156 40
154 71
196 54
116 99
157 38
155 47
197 36
117 37
158 10
156 35
198 56
118 53
159 74
157 65
199 46
119 70
160 66
158 16
200 52
120 47
159 86
201 76
121 43
162 81
202 40
122 38
163 68
161 23
203 34
123 99
164 96
162 28
204 63
124 71
165 43
163 18
205 77
125 23
166 32
164 71
206 73
126 35
167 87
165 12
207 73
127 77
168 97
166 58
208 85
128 40
169 81
167 59
209 33
129 53
170 100
168 71
210 41
130 85
171 64
169 32
211 63
131 36
172 28
170 69
212 90
132 80
173 90
171 35
213 69
133 20
174 75
172 71
214 38
134 60
175 58
173 66
215 16
135 53
176 70
174 35
216 37
136 16
177 66
175 38
217 13
137 95
178 94
176 43
218 85
138 94
179 15
177 12
219 47
139 68
180 100
178 70
220 98
140 87
181 61
179 94
221 95
141 59
182 15
180 18
222 32
142 30
183 35
181 47
223 98
143 17
184 99
182 16
224 92
144 18
185 26
183 17
225 18
145 67
186 14
184 100
226 67
146 30
187 99
185 19
227 80
147 46
188 20
186 24
228 50
148 87
189 24
187 10
229 95
149 32
190 53
188 52
230 49
150 32
191 34
189 42
231 24
151 39
192 26
190 14
232 40
152 80
193 69
191 44
233 58
153 60
194 33
192 56
234 38
154 95
195 35
193 24
235 76
155 32
196 62
194 40
236 30
156 27
197 69
195 21
237 74
157 95
198 34
196 70
238 99
158 90
199 32
197 34
239 39
159 74
200 86
198 48
240 47
160 48
199 87
241 77
161 60
202 96
242 49
162 12
203 45
201 11
243 58
163 33
204 45
202 85
244 52
164 99
205 42
203 72
245 14
165 67
206 24
204 86
246 96
166 100
207 83
205 11
247 66
167 73
208 74
206 49
248 86
168 75
209 61
207 76
249 11
169 91
210 55
208 74
250 48
170 37
211 65
209 34
251 23
171 25
212 35
210 40
252 50
172 33
213 94
211 54
253 20
173 54
214 72
212 33
254 52
174 45
215 93
213 85
255 56
175 45
216 19
214 81
256 42
176 30
217 21
215 20
257 72
177 38
218 33
216 63
258 51
178 77
219 17
217 65
259 15
179 58
220 91
218 86
260 25
180 36
221 100
219 51
261 95
181 84
222 85
220 48
262 68
182 88
223 41
221 57
263 11
183 71
224 72
222 62
264 66
184 75
225 45
223 92
265 72
185 96
226 19
224 47
266 79
186 74
227 99
225 64
267 60
187 91
228 26
226 85
268 41
188 38
229 35
227 72
269 19
189 49
230 14
228 50
270 89
190 97
231 40
229 57
271 50
191 53
232 86
230 41
272 45
192 11
233 42
231 35
273 100
193 94
234 31
232 42
274 86
194 78
235 41
233 28
275 70
195 49
236 45
234 32
276 91
196 22
237 41
235 83
277 57
197 84
238 38
236 90
278 85
198 38
239 85
237 72
279 56
199 65
240 14
238 42
280 67
200 99
239 53
281 19
201 75
242 65
282 29
202 95
243 24
241 37
283 84
203 30
244 76
242 85
284 73
204 76
245 31
243 28
285 95
205 80
246 64
244 99
286 40
206 28
247 46
245 26
287 35
207 45
248 17
246 87
288 57
208 37
249 100
247 81
289 100
209 86
250 14
248 32
290 27
210 89
251 54
249 71
291 27
211 45
252 36
250 28
292 42
212 12
253 81
251 93
293 26
213 79
254 91
252 75
294 51
214 81
255 50
253 47
295 40
215 30
256 62
254 47
296 100
216 73
257 34
255 37
297 78
217 24
258 71
256 50
298 76
218 62
259 29
257 31
299 48
219 76
260 10
258 19
300 62
220 76
261 32
259 98
301 39
221 50
262 84
260 82
302 24
222 98
263 56
261 44
303 13
223 75
264 42
262 42
304 64
224 79
265 48
263 87
305 50
225 37
266 74
264 30
306 100
226 23
267 45
265 85
307 86
227 13
268 53
266 92
308 33
228 45
269 64
267 61
309 55
229 55
270 87
268 91
310 89
230 25
271 93
269 71
311 19
231 60
272 93
270 19
312 73
232 31
273 94
271 78
313 24
233 59
274 82
272 73
314 33
234 37
275 65
273 82
315 60
235 37
276 83
274 39
316 78
236 84
277 69
275 83
317 97
237 48
278 82
276 65
318 60
238 74
279 41
277 18
319 27
239 29
280 77
278 60
320 79
240 23
279 60
321 64
241 57
282 33
322 92
242 66
283 62
281 39
323 62
243 64
284 51
282 48
324 27
244 57
285 98
283 59
325 98
245 54
286 47
284 37
326 89
246 79
287 48
285 11
327 84
247 59
288 32
286 68
328 24
248 100
289 36
287 98
329 44
249 81
290 65
288 18
330 25
250 83
291 32
289 56
331 64
251 90
292 55
290 28
332 18
252 96
293 42
291 54
333 47
253 86
294 69
292 34
334 30
254 22
295 29
293 60
335 29
255 32
296 94
294 94
336 17
256 19
297 79
295 76
337 94
257 51
298 49
296 89
338 17
258 92
299 79
297 54
339 18
259 87
300 99
298 47
340 25
260 47
301 40
299 28
341 67
261 37
302 55
300 94
342 99
262 82
303 66
301 12
343 55
263 12
304 84
302 29
344 65
264 87
305 74
303 67
345 30
265 28
306 88
304 73
346 42
266 46
307 73
305 31
347 62
267 74
308 35
306 41
348 42
268 20
309 60
307 33
349 48
269 43
310 30
308 39
350 49
270 11
311 71
309 45
351 72
271 84
312 32
310 13
352 85
272 92
313 86
311 18
353 96
273 83
314 85
312 41
354 92
274 29
315 57
313 34
355 65
275 52
316 76
314 23
356 30
276 83
317 70
315 29
357 16
277 38
318 52
316 76
358 80
278 44
319 76
317 58
359 26
279 86
320 73
318 32
360 60
280 50
319 87
361 27
281 85
322 20
362 49
282 59
323 100
321 35
363 96
283 58
324 15
322 71
364 99
284 95
325 45
323 34
365 14
285 75
326 13
324 80
366 44
286 26
327 60
325 49
367 19
287 17
328 98
326 44
368 94
288 56
329 33
327 25
369 54
289 26
330 94
328 81
370 74
290 54
331 96
329 57
371 14
291 70
332 25
330 24
372 89
292 66
333 48
331 33
373 27
293 38
334 20
332 79
374 58
294 73
335 88
333 55
375 74
295 35
336 97
334 18
376 74
296 37
337 17
335 59
377 21
297 22
338 71
336 82
378 54
298 69
339 97
337 17
379 72
299 66
340 22
338 93
380 66
300 16
341 54
339 93
381 40
301 55
342 80
340 53
382 33
302 29
343 25
341 100
383 96
303 91
344 28
342 77
384 51
304 12
345 64
343 72
385 93
305 19
346 63
344 10
386 42
306 68
347 56
345 72
387 14
307 69
348 79
346 73
388 60
308 26
349 36
347 52
389 61
309 30
350 53
348 26
390 62
310 97
351 18
349 49
391 39
311 81
352 78
350 43
392 75
312 40
353 66
351 74
393 91
313 66
354 16
352 98
394 77
314 18
355 26
353 96
395 90
315 26
356 85
354 84
396 35
316 58
357 11
355 88
397 15
317 51
358 22
356 60
398 69
318 28
359 12
357 43
399 14
319 71
360 59
358 60
400 92
320 52
359 27
321 28
362 93
322 59
363 56
361 64
323 73
364 43
362 84
324 96
365 13
363 67
325 43
366 65
364 79
326 100
367 21
365 85
327 87
368 44
366 98
328 24
369 93
367 24
329 31
370 89
368 43
330 60
371 62
369 69
331 75
372 34
370 94
332 52
373 88
371 20
333 93
374 68
372 82
334 98
375 27
373 71
335 63
376 68
374 42
336 44
377 70
375 12
337 14
378 55
376 72
338 41
379 94
377 23
339 25
380 13
378 52
340 47
381 31
379 29
341 95
382 72
380 24
342 13
383 81
381 66
343 87
384 34
382 45
344 51
385 58
383 48
345 75
386 54
384 49
346 68
387 97
385 20
347 66
388 87
386 21
348 96
389 82
387 16
349 67
390 84
388 50
350 27
391 25
389 24
351 64
392 34
390 36
352 77
393 57
391 97
353 60
394 32
392 68
354 36
395 33
393 55
355 17
396 74
394 30
356 17
397 38
395 97
357 23
398 83
396 51
358 85
399 51
397 94
359 79
400 94
398 93
360 31
399 92
164
350
2 133 164 
1 70 
1 372 
2 190 7 
2 373 333 
1 114 
1 314 
2 17 379 
1 19 
1 283 
1 399 
1 222 
3 268 168 334 
1 136 
1 69 
2 98 79 
1 48 
2 175 360 
1 329 
3 286 95 330 
1 108 
1 142 
1 84 
1 59 
1 76 
3 255 16 354 
1 34 
3 187 193 376 
1 10 
4 110 382 245 125 
3 289 269 321 
1 151 
1 88 
1 157 
4 153 215 328 337 
2 395 43 
1 58 
1 280 
1 398 
1 394 
2 377 296 
3 25 277 204 
2 56 318 
2 303 100 
1 353 
1 137 
2 207 120 
1 364 
2 326 262 
5 371 162 14 176 135 
1 101 
4 115 258 42 388 
1 163 
1 182 
1 336 
4 27 165 220 211 
3 299 323 300 
2 266 155 
4 36 54 201 9 
1 122 
3 243 67 319 
2 68 226 
2 366 308 
1 227 
1 183 
2 169 75 
2 272 346 
3 144 338 2 
2 15 178 
3 196 223 356 
2 241 310 
4 304 143 205 290 
2 339 172 
2 128 62 
1 361 
2 197 350 
