625 2400 10 100 118
2
3
3
3
3
3
3
3
3
3
3
3
3
3
3
3
3
3
3
3
3
3
3
3
2
3
4
4
4
4
4
4
4
4
4
4
4
4
4
4
4
4
4
4
4
4
4
4
4
3
3
4
4
4
4
4
4
4
4
4
4
4
4
4
4
4
4
4
4
4
4
4
4
4
3
3
4
4
4
4
4
4
4
4
4
4
4
4
4
4
4
4
4
4
4
4
4
4
4
3
3
4
4
4
4
4
4
4
4
4
4
4
4
4
4
4
4
4
4
4
4
4
4
4
3
3
4
4
4
4
4
4
4
4
4
4
4
4
4
4
4
4
4
4
4
4
4
4
4
3
3
4
4
4
4
4
4
4
4
4
4
4
4
4
4
4
4
4
4
4
4
4
4
4
3
3
4
4
4
4
4
4
4
4
4
4
4
4
4
4
4
4
4
4
4
4
4
4
4
3
3
4
4
4
4
4
4
4
4
4
4
4
4
4
4
4
4
4
4
4
4
4
4
4
3
3
4
4
4
4
4
4
4
4
4
4
4
4
4
4
4
4
4
4
4
4
4
4
4
3
3
4
4
4
4
4
4
4
4
4
4
4
4
4
4
4
4
4
4
4
4
4
4
4
3
3
4
4
4
4
4
4
4
4
4
4
4
4
4
4
4
4
4
4
4
4
4
4
4
3
3
4
4
4
4
4
4
4
4
4
4
4
4
4
4
4
4
4
4
4
4
4
4
4
3
3
4
4
4
4
4
4
4
4
4
4
4
4
4
4
4
4
4
4
4
4
4
4
4
3
3
4
4
4
4
4
4
4
4
4
4
4
4
4
4
4
4
4
4
4
4
4
4
4
3
3
4
4
4
4
4
4
4
4
4
4
4
4
4
4
4
4
4
4
4
4
4
4
4
3
3
4
4
4
4
4
4
4
4
4
4
4
4
4
4
4
4
4
4
4
4
4
4
4
3
3
4
4
4
4
4
4
4
4
4
4
4
4
4
4
4
4
4
4
4
4
4
4
4
3
3
4
4
4
4
4
4
4
4
4
4
4
4
4
4
4
4
4
4
4
4
4
4
4
3
3
4
4
4
4
4
4
4
4
4
4
4
4
4
4
4
4
4
4
4
4
4
4
4
3
3
4
4
4
4
4
4
4
4
4
4
4
4
4
4
4
4
4
4
4
4
4
4
4
3
3
4
4
4
4
4
4
4
4
4
4
4
4
4
4
4
4
4
4
4
4
4
4
4
3
3
4
4
4
4
4
4
4
4
4
4
4
4
4
4
4
4
4
4
4
4
4
4
4
3
3
4
4
4
4
4
4
4
4
4
4
4
4
4
4
4
4
4
4
4
4
4
4
4
3
2
3
3
3
3
3
3
3
3
3
3
3
3
3
3
3
3
3
3
3
3
3
3
3
2
26 92
2 29
27 24
3 77
1 16
28 62
4 19
2 95
29 33
5 53
3 83
30 50
6 41
4 71
31 84
7 92
5 95
32 31
8 55
6 34
33 67
9 92
7 44
34 54
10 24
8 28
35 74
11 62
9 15
36 63
12 45
10 59
37 58
13 34
11 46
38 77
14 42
12 92
39 16
15 58
13 37
40 74
16 29
14 52
41 99
17 31
15 17
42 69
18 38
16 94
43 30
19 17
17 84
44 30
20 39
18 26
45 80
21 79
19 56
46 21
22 75
20 10
47 44
23 41
21 45
48 10
24 63
22 96
49 48
25 27
23 53
50 36
24 99
51 33
1 69
27 58
52 61
2 40
28 14
26 91
53 79
3 48
29 39
27 69
54 45
4 16
30 87
28 92
55 57
5 25
31 19
29 27
56 24
6 55
32 25
30 97
57 92
7 93
33 15
31 89
58 58
8 34
34 84
32 77
59 40
9 37
35 98
33 55
60 76
10 13
36 17
34 74
61 30
11 76
37 30
35 31
62 61
12 16
38 65
36 29
63 55
13 40
39 72
37 29
64 43
14 40
40 53
38 77
65 96
15 100
41 88
39 62
66 22
16 18
42 50
40 66
67 44
17 99
43 48
41 38
68 16
18 93
44 87
42 32
69 94
19 74
45 20
43 90
70 25
20 86
46 95
44 70
71 26
21 91
47 41
45 74
72 69
22 92
48 60
46 50
73 47
23 13
49 90
47 97
74 88
24 88
50 12
48 32
75 12
25 21
49 41
76 21
26 82
52 37
77 66
27 80
53 86
51 56
78 67
28 74
54 75
52 89
79 16
29 34
55 54
53 46
80 33
30 18
56 63
54 70
81 100
31 61
57 66
55 20
82 71
32 77
58 62
56 41
83 36
33 36
59 58
57 48
84 14
34 84
60 77
58 19
85 55
35 32
61 82
59 97
86 45
36 14
62 13
60 83
87 20
37 55
63 52
61 13
88 89
38 58
64 27
62 15
89 98
39 31
65 16
63 36
90 25
40 61
66 45
64 19
91 79
41 76
67 60
65 36
92 91
42 70
68 16
66 16
93 80
43 89
69 73
67 22
94 76
44 96
70 19
68 27
95 76
45 47
71 47
69 77
96 94
46 49
72 55
70 14
97 58
47 50
73 91
71 44
98 54
48 10
74 88
72 43
99 44
49 90
75 97
73 85
100 35
50 49
74 18
101 13
51 80
77 81
102 24
52 18
78 97
76 77
103 11
53 24
79 30
77 57
104 24
54 12
80 42
78 17
105 43
55 85
81 31
79 57
106 67
56 52
82 42
80 86
107 87
57 62
83 69
81 33
108 79
58 45
84 92
82 49
109 96
59 93
85 48
83 69
110 14
60 19
86 100
84 57
111 86
61 43
87 91
85 32
112 21
62 96
88 96
86 58
113 66
63 75
89 75
87 46
114 90
64 18
90 67
88 58
115 46
65 39
91 26
89 48
116 93
66 42
92 67
90 77
117 69
67 53
93 44
91 11
118 73
68 19
94 35
92 64
119 12
69 94
95 63
93 63
120 19
70 19
96 41
94 38
121 17
71 13
97 13
95 43
122 100
72 30
98 41
96 57
123 78
73 21
99 23
97 49
124 35
74 62
100 83
98 51
125 67
75 99
99 52
126 84
76 54
102 86
127 66
77 32
103 26
101 31
128 27
78 34
104 65
102 18
129 22
79 81
105 81
103 12
130 15
80 33
106 17
104 18
131 14
81 73
107 62
105 59
132 35
82 79
108 34
106 98
133 19
83 88
109 10
107 41
134 74
84 81
110 56
108 66
135 20
85 63
111 93
109 96
136 12
86 22
112 94
110 95
137 79
87 59
113 63
111 91
138 48
88 77
114 16
112 70
139 70
89 86
115 42
113 58
140 93
90 98
116 79
114 10
141 38
91 24
117 30
115 85
142 92
92 99
118 70
116 100
143 94
93 100
119 42
117 70
144 90
94 67
120 43
118 77
145 97
95 34
121 29
119 88
146 68
96 54
122 36
120 58
147 96
97 70
123 59
121 12
148 72
98 67
124 26
122 55
149 90
99 97
125 37
123 71
150 60
100 66
124 73
151 72
101 34
127 47
152 29
102 88
128 99
126 52
153 36
103 91
129 21
127 39
154 51
104 45
130 21
128 75
155 16
105 82
131 28
129 52
156 46
106 20
132 17
130 19
157 89
107 37
133 45
131 78
158 83
108 62
134 47
132 72
159 21
109 21
135 80
133 84
160 60
110 28
136 65
134 59
161 23
111 92
137 100
135 93
162 47
112 49
138 43
136 54
163 43
113 100
139 79
137 21
164 60
114 76
140 81
138 49
165 38
115 92
141 85
139 58
166 52
116 35
142 11
140 76
167 51
117 87
143 62
141 37
168 21
118 35
144 32
142 16
169 93
119 24
145 42
143 65
170 36
120 50
146 84
144 57
171 61
121 27
147 42
145 85
172 34
122 77
148 48
146 86
173 80
123 98
149 14
147 93
174 92
124 91
150 98
148 77
175 92
125 48
149 67
176 81
126 65
152 55
177 59
127 50
153 95
151 59
178 85
128 75
154 98
152 10
179 98
129 36
155 54
153 55
180 69
130 49
156 11
154 96
181 85
131 13
157 100
155 56
182 52
132 81
158 42
156 32
183 37
133 21
159 22
157 75
184 56
134 69
160 48
158 74
185 47
135 34
161 40
159 10
186 14
136 43
162 48
160 65
187 79
137 72
163 100
161 98
188 73
138 15
164 61
162 58
189 84
139 38
165 91
163 62
190 12
140 89
166 17
164 73
191 82
141 67
167 90
165 94
192 26
142 55
168 22
166 39
193 64
143 41
169 88
167 64
194 69
144 79
170 66
168 76
195 99
145 50
171 40
169 16
196 77
146 70
172 32
170 18
197 97
147 95
173 77
171 57
198 37
148 64
174 17
172 19
199 98
149 30
175 14
173 50
200 72
150 32
174 93
201 70
151 45
177 51
202 38
152 44
178 11
176 29
203 12
153 78
179 38
177 78
204 23
154 52
180 24
178 69
205 71
155 51
181 27
179 18
206 32
156 91
182 34
180 85
207 29
157 60
183 83
181 81
208 82
158 30
184 90
182 24
209 10
159 42
185 40
183 51
210 41
160 99
186 28
184 66
211 34
161 28
187 78
185 73
212 26
162 75
188 82
186 42
213 83
163 49
189 85
187 94
214 27
164 17
190 16
188 16
215 64
165 78
191 49
189 81
216 85
166 54
192 78
190 70
217 24
167 16
193 51
191 58
218 32
168 87
194 44
192 21
219 70
169 100
195 82
193 64
220 20
170 57
196 61
194 87
221 14
171 58
197 48
195 77
222 22
172 33
198 18
196 12
223 99
173 41
199 24
197 52
224 54
174 81
200 43
198 20
225 98
175 29
199 69
226 73
176 30
202 51
227 94
177 23
203 13
201 98
228 38
178 35
204 63
202 93
229 46
179 46
205 94
203 57
230 14
180 14
206 35
204 55
231 76
181 52
207 13
205 46
232 47
182 41
208 78
206 93
233 67
183 21
209 34
207 37
234 90
184 54
210 27
208 21
235 34
185 92
211 31
209 26
236 74
186 37
212 46
210 81
237 17
187 11
213 28
211 43
238 22
188 95
214 34
212 64
239 46
189 27
215 67
213 95
240 72
190 73
216 99
214 39
241 91
191 78
217 51
215 75
242 39
192 59
218 14
216 11
243 35
193 90
219 24
217 75
244 47
194 19
220 67
218 66
245 93
195 74
221 75
219 66
246 37
196 43
222 34
220 76
247 78
197 96
223 25
221 52
248 35
198 75
224 100
222 94
249 95
199 78
225 85
223 60
250 56
200 99
224 70
251 21
201 66
227 44
252 99
202 18
228 33
226 54
253 64
203 73
229 38
227 82
254 27
204 70
230 14
228 45
255 57
205 30
231 30
229 84
256 18
206 90
232 38
230 86
257 29
207 47
233 85
231 72
258 63
208 16
234 90
232 100
259 37
209 85
235 18
233 58
260 61
210 69
236 93
234 98
261 83
211 21
237 28
235 63
262 100
212 84
238 65
236 58
263 39
213 42
239 20
237 43
264 32
214 30
240 13
238 44
265 30
215 56
241 32
239 57
266 84
216 68
242 49
240 94
267 62
217 17
243 90
241 28
268 72
218 68
244 88
242 26
269 63
219 68
245 61
243 61
270 85
220 61
246 38
244 86
271 67
221 81
247 37
245 18
272 12
222 94
248 90
246 15
273 80
223 57
249 92
247 26
274 45
224 48
250 55
248 78
275 11
225 10
249 24
276 60
226 10
252 59
277 38
227 67
253 96
251 67
278 97
228 77
254 96
252 73
279 74
229 12
255 13
253 63
280 99
230 71
256 52
254 96
281 40
231 25
257 36
255 86
282 88
232 82
258 58
256 12
283 69
233 92
259 30
257 44
284 30
234 15
260 70
258 92
285 13
235 20
261 50
259 10
286 49
236 27
262 21
260 47
287 83
237 36
263 73
261 65
288 78
238 70
264 95
262 99
289 73
239 14
265 92
263 57
290 19
240 11
266 58
264 80
291 53
241 27
267 90
265 73
292 45
242 52
268 96
266 89
293 51
243 95
269 42
267 10
294 55
244 20
270 79
268 99
295 52
245 93
271 21
269 12
296 99
246 15
272 10
270 28
297 82
247 81
273 40
271 77
298 61
248 52
274 36
272 44
299 81
249 14
275 68
273 32
300 73
250 43
274 46
301 35
251 73
277 23
302 87
252 91
278 79
276 52
303 91
253 95
279 18
277 89
304 75
254 24
280 13
278 97
305 57
255 62
281 96
279 76
306 49
256 92
282 40
280 33
307 100
257 84
283 16
281 61
308 76
258 78
284 35
282 85
309 76
259 97
285 54
283 21
310 38
260 83
286 12
284 99
311 11
261 35
287 47
285 57
312 41
262 47
288 76
286 19
313 44
263 94
289 21
287 33
314 78
264 42
290 66
288 80
315 84
265 25
291 27
289 13
316 56
266 27
292 58
290 31
317 72
267 20
293 60
291 45
318 52
268 31
294 11
292 10
319 57
269 89
295 10
293 57
320 86
270 94
296 24
294 34
321 15
271 54
297 28
295 18
322 25
272 49
298 86
296 71
323 53
273 90
299 11
297 51
324 32
274 20
300 40
298 57
325 28
275 68
299 10
326 92
276 74
302 73
327 35
277 90
303 58
301 100
328 82
278 87
304 46
302 34
329 74
279 62
305 68
303 59
330 73
280 43
306 87
304 38
331 22
281 86
307 63
305 71
332 87
282 28
308 83
306 77
333 37
283 17
309 48
307 46
334 34
284 39
310 58
308 69
335 57
285 80
311 90
309 58
336 97
286 24
312 62
310 70
337 14
287 92
313 94
311 66
338 96
288 46
314 48
312 70
339 61
289 76
315 68
313 52
340 22
290 45
316 47
314 52
341 100
291 80
317 21
315 28
342 34
292 43
318 75
316 89
343 53
293 50
319 59
317 28
344 15
294 19
320 45
318 58
345 71
295 47
321 67
319 18
346 13
296 56
322 84
320 19
347 24
297 50
323 43
321 72
348 84
298 87
324 38
322 22
349 69
299 26
325 11
323 84
350 77
300 31
324 54
351 24
301 13
327 99
352 68
302 93
328 12
326 19
353 13
303 64
329 35
327 87
354 47
304 74
330 44
328 58
355 59
305 38
331 39
329 78
356 49
306 93
332 48
330 63
357 57
307 62
333 36
331 70
358 21
308 50
334 78
332 37
359 13
309 12
335 18
333 59
360 99
310 73
336 69
334 46
361 43
311 28
337 56
335 88
362 35
312 40
338 15
336 100
363 90
313 11
339 22
337 32
364 88
314 11
340 26
338 35
365 85
315 89
341 21
339 43
366 98
316 54
342 55
340 86
367 58
317 27
343 90
341 22
368 14
318 87
344 30
342 59
369 12
319 18
345 53
343 81
370 62
320 10
346 66
344 44
371 41
321 91
347 28
345 36
372 80
322 42
348 89
346 77
373 79
323 98
349 67
347 89
374 64
324 86
350 13
348 99
375 44
325 45
349 74
376 95
326 59
352 42
377 78
327 11
353 97
351 32
378 26
328 46
354 16
352 90
379 83
329 45
355 13
353 89
380 11
330 87
356 80
354 86
381 77
331 42
357 95
355 61
382 51
332 85
358 86
356 70
383 93
333 15
359 27
357 42
384 89
334 67
360 21
358 51
385 73
335 100
361 38
359 20
386 33
336 39
362 53
360 72
387 69
337 56
363 24
361 31
388 81
338 90
364 94
362 90
389 13
339 70
365 38
363 41
390 49
340 93
366 47
364 73
391 32
341 63
367 78
365 19
392 88
342 93
368 89
366 24
393 43
343 10
369 95
367 43
394 29
344 35
370 61
368 99
395 91
345 61
371 14
369 62
396 77
346 38
372 100
370 83
397 14
347 80
373 52
371 60
398 11
348 90
374 54
372 79
399 65
349 51
375 71
373 36
400 45
350 78
374 54
401 53
351 30
377 13
402 13
352 29
378 88
376 70
403 39
353 56
379 10
377 58
404 23
354 95
380 57
378 74
405 95
355 70
381 18
379 17
406 66
356 89
382 81
380 40
407 98
357 91
383 90
381 95
408 74
358 98
384 97
382 43
409 79
359 79
385 27
383 59
410 32
360 32
386 56
384 30
411 34
361 45
387 28
385 100
412 94
362 82
388 70
386 70
413 70
363 22
389 45
387 97
414 62
364 93
390 41
388 55
415 50
365 75
391 26
389 42
416 15
366 74
392 23
390 53
417 77
367 66
393 97
391 59
418 24
368 51
394 64
392 88
419 64
369 83
395 84
393 41
420 36
370 100
396 17
394 97
421 15
371 59
397 14
395 73
422 81
372 50
398 46
396 87
423 97
373 65
399 16
397 16
424 81
374 41
400 78
398 89
425 62
375 65
399 30
426 18
376 76
402 91
427 85
377 96
403 89
401 46
428 73
378 69
404 85
402 47
429 35
379 46
405 92
403 53
430 48
380 52
406 82
404 73
431 38
381 50
407 62
405 99
432 26
382 26
408 90
406 43
433 16
383 61
409 17
407 97
434 84
384 38
410 44
408 84
435 48
385 48
411 90
409 73
436 59
386 88
412 85
410 15
437 21
387 46
413 25
411 59
438 84
388 47
414 31
412 52
439 94
389 66
415 19
413 98
440 92
390 30
416 14
414 29
441 75
391 17
417 45
415 20
442 20
392 61
418 93
416 78
443 41
393 34
419 14
417 91
444 39
394 40
420 84
418 85
445 56
395 96
421 23
419 20
446 35
396 89
422 36
420 18
447 32
397 79
423 43
421 92
448 86
398 53
424 23
422 95
449 24
399 45
425 47
423 96
450 46
400 24
424 94
451 23
401 91
427 52
452 43
402 86
428 19
426 31
453 70
403 73
429 31
427 49
454 95
404 96
430 96
428 41
455 60
405 20
431 22
429 51
456 94
406 82
432 25
430 78
457 35
407 74
433 74
431 94
458 52
408 33
434 90
432 29
459 35
409 18
435 73
433 55
460 37
410 91
436 88
434 42
461 55
411 82
437 97
435 86
462 65
412 17
438 15
436 34
463 22
413 49
439 33
437 25
464 30
414 24
440 12
438 33
465 75
415 92
441 10
439 27
466 92
416 17
442 69
440 96
467 91
417 77
443 71
441 21
468 36
418 74
444 26
442 79
469 84
419 44
445 96
443 63
470 41
420 47
446 24
444 96
471 52
421 76
447 54
445 81
472 33
422 91
448 10
446 67
473 27
423 92
449 54
447 31
474 77
424 81
450 45
448 97
475 46
425 11
449 30
476 51
426 39
452 52
477 49
427 46
453 20
451 88
478 22
428 67
454 57
452 83
479 80
429 30
455 37
453 40
480 31
430 53
456 55
454 56
481 11
431 49
457 43
455 64
482 22
432 85
458 21
456 90
483 25
433 21
459 44
457 12
484 32
434 59
460 89
458 47
485 83
435 61
461 42
459 81
486 85
436 50
462 46
460 35
487 55
437 88
463 68
461 73
488 67
438 35
464 50
462 87
489 24
439 63
465 77
463 42
490 67
440 77
466 71
464 86
491 92
441 34
467 84
465 98
492 32
442 28
468 69
466 85
493 71
443 15
469 11
467 56
494 45
444 18
470 12
468 82
495 89
445 74
471 66
469 38
496 86
446 66
472 15
470 23
497 58
447 10
473 94
471 21
498 10
448 32
474 77
472 43
499 22
449 33
475 12
473 100
500 23
450 33
474 33
501 58
451 66
477 18
502 68
452 87
478 64
476 36
503 19
453 42
479 87
477 76
504 97
454 74
480 92
478 10
505 86
455 10
481 23
479 88
506 78
456 42
482 30
480 65
507 74
457 100
483 56
481 80
508 91
458 38
484 68
482 33
509 51
459 79
485 85
483 32
510 82
460 44
486 41
484 52
511 38
461 28
487 85
485 24
512 64
462 45
488 93
486 65
513 45
463 86
489 77
487 49
514 83
464 87
490 56
488 81
515 84
465 65
491 64
489 96
516 67
466 25
492 64
490 29
517 33
467 18
493 53
491 39
518 34
468 44
494 26
492 17
519 76
469 78
495 27
493 87
520 86
470 45
496 15
494 31
521 11
471 85
497 43
495 17
522 93
472 41
498 26
496 74
523 82
473 50
499 97
497 43
524 72
474 79
500 64
498 21
525 36
475 15
499 97
526 19
476 46
502 24
527 77
477 22
503 35
501 52
528 76
478 26
504 45
502 73
529 27
479 15
505 45
503 83
530 57
480 58
506 68
504 32
531 80
481 20
507 69
505 63
532 28
482 61
508 11
506 17
533 42
483 64
509 39
507 91
534 44
484 43
510 28
508 83
535 51
485 94
511 84
509 81
536 69
486 49
512 75
510 17
537 88
487 74
513 92
511 18
538 69
488 63
514 59
512 38
539 78
489 66
515 92
513 95
540 11
490 10
516 13
514 54
541 39
491 90
517 49
515 63
542 78
492 34
518 50
516 75
543 89
493 71
519 20
517 14
544 20
494 50
520 99
518 36
545 91
495 67
521 10
519 22
546 24
496 14
522 10
520 77
547 25
497 26
523 38
521 67
548 47
498 99
524 58
522 97
549 54
499 60
525 34
523 19
550 33
500 63
524 54
551 53
501 23
527 28
552 74
502 10
528 98
526 44
553 27
503 15
529 61
527 67
554 20
504 96
530 47
528 27
555 82
505 89
531 17
529 55
556 92
506 67
532 38
530 11
557 83
507 95
533 87
531 14
558 21
508 54
534 17
532 23
559 47
509 59
535 66
533 38
560 63
510 44
536 25
534 41
561 24
511 34
537 77
535 58
562 91
512 89
538 81
536 88
563 53
513 49
539 19
537 19
564 32
514 29
540 21
538 85
565 82
515 74
541 99
539 40
566 14
516 15
542 89
540 83
567 82
517 42
543 76
541 60
568 48
518 78
544 67
542 37
569 91
519 12
545 51
543 79
570 42
520 33
546 83
544 38
571 51
521 88
547 84
545 73
572 58
522 54
548 82
546 62
573 79
523 29
549 41
547 76
574 69
524 59
550 46
548 95
575 70
525 44
549 95
576 97
526 62
552 99
577 55
527 77
553 47
551 46
578 81
528 43
554 30
552 36
579 23
529 37
555 27
553 68
580 82
530 42
556 71
554 64
581 59
531 49
557 53
555 30
582 23
532 12
558 92
556 94
583 91
533 42
559 38
557 53
584 28
534 24
560 91
558 59
585 91
535 11
561 64
559 14
586 21
536 47
562 95
560 39
587 27
537 33
563 35
561 58
588 26
538 55
564 67
562 72
589 15
539 76
565 55
563 13
590 26
540 90
566 85
564 88
591 65
541 25
567 84
565 95
592 32
542 63
568 22
566 88
593 67
543 52
569 40
567 47
594 20
544 100
570 87
568 57
595 18
545 50
571 63
569 66
596 87
546 34
572 48
570 75
597 87
547 63
573 36
571 21
598 36
548 96
574 24
572 23
599 64
549 36
575 78
573 92
600 34
550 88
574 59
601 33
551 90
577 11
602 42
552 44
578 80
576 58
603 90
553 91
579 85
577 95
604 71
554 58
580 33
578 89
605 70
555 86
581 43
579 67
606 54
556 92
582 18
580 41
607 82
557 99
583 99
581 81
608 54
558 44
584 12
582 80
609 90
559 100
585 40
583 94
610 47
560 42
586 20
584 52
611 73
561 83
587 25
585 55
612 42
562 27
588 96
586 30
613 34
563 41
589 41
587 38
614 46
564 90
590 61
588 87
615 92
565 83
591 46
589 68
616 24
566 69
592 97
590 69
617 29
567 90
593 31
591 24
618 100
568 38
594 42
592 35
619 85
569 72
595 26
593 45
620 51
570 52
596 44
594 69
621 17
571 36
597 22
595 53
622 83
572 23
598 71
596 84
623 50
573 95
599 91
597 67
624 68
574 52
600 33
598 82
625 58
575 62
599 39
576 82
602 29
577 28
603 77
601 96
578 45
604 96
602 38
579 16
605 88
603 22
580 40
606 63
604 55
581 62
607 37
605 31
582 50
608 26
606 66
583 26
609 10
607 90
584 44
610 37
608 70
585 77
611 12
609 11
586 14
612 86
610 79
587 35
613 64
611 31
588 45
614 42
612 17
589 18
615 48
613 91
590 99
616 97
614 37
591 52
617 42
615 57
592 30
618 59
616 31
593 77
619 61
617 49
594 87
620 63
618 15
595 24
621 38
619 63
596 71
622 10
620 10
597 47
623 38
621 50
598 93
624 27
622 11
599 71
625 35
623 73
600 71
624 74
604
209
1 604 
4 252 196 558 533 
2 301 369 
2 348 575 
4 570 95 146 593 
2 494 140 
2 239 132 
2 587 259 
2 204 572 
2 235 550 
1 329 
1 358 
1 418 
2 114 315 
2 477 616 
1 251 
1 383 
2 207 70 
2 249 483 
2 280 166 
3 603 522 250 
1 331 
1 462 
1 139 
2 567 325 
1 338 
2 160 307 
2 240 59 
1 143 
3 618 562 221 
2 516 441 
1 145 
2 580 120 
1 281 
3 440 100 488 
2 532 36 
2 82 451 
1 106 
1 422 
2 177 142 
2 245 350 
3 185 340 424 
3 65 341 167 
2 438 336 
1 536 
2 316 503 
1 582 
2 337 286 
2 456 414 
1 176 
1 396 
3 47 133 322 
1 112 
1 318 
1 545 
2 30 421 
2 365 526 
2 554 611 
1 398 
1 256 
2 515 103 
1 381 
1 153 
2 324 216 
3 395 408 157 
3 116 386 42 
2 243 64 
2 600 434 
1 367 
2 388 534 
2 49 559 
3 171 459 294 
2 151 576 
2 506 543 
3 92 429 607 
1 210 
1 156 
2 579 187 
2 426 61 
1 405 
3 416 272 537 
1 1 
2 606 571 
1 625 
2 432 518 
2 58 361 
1 45 
3 128 227 420 
2 385 356 
1 598 
1 212 
1 34 
3 16 450 487 
1 22 
4 107 589 574 268 
1 21 
1 93 
2 511 461 
1 535 
3 300 4 497 
1 96 
4 84 254 121 168 
1 80 
1 621 
1 431 
3 362 218 6 
1 323 
2 291 162 
3 35 354 304 
3 453 406 404 
1 540 
4 46 88 412 530 
1 290 
7 519 260 200 419 563 594 222 
2 78 366 
1 309 
1 384 
1 209 
