600 2276 10 100 114
2
3
3
3
3
3
3
3
3
3
3
3
3
3
3
3
3
3
3
3
3
3
3
3
3
3
3
3
3
3
3
3
3
3
3
3
3
3
3
3
3
3
3
3
3
3
3
3
3
2
3
4
4
4
4
4
4
4
4
4
4
4
4
4
4
4
4
4
4
4
4
4
4
4
4
4
4
4
4
4
4
4
4
4
4
4
4
4
4
4
4
4
4
4
4
4
4
4
4
3
3
4
4
4
4
4
4
4
4
4
4
4
4
4
4
4
4
4
4
4
4
4
4
4
4
4
4
4
4
4
4
4
4
4
4
4
4
4
4
4
4
4
4
4
4
4
4
4
4
3
3
4
4
4
4
4
4
4
4
4
4
4
4
4
4
4
4
4
4
4
4
4
4
4
4
4
4
4
4
4
4
4
4
4
4
4
4
4
4
4
4
4
4
4
4
4
4
4
4
3
3
4
4
4
4
4
4
4
4
4
4
4
4
4
4
4
4
4
4
4
4
4
4
4
4
4
4
4
4
4
4
4
4
4
4
4
4
4
4
4
4
4
4
4
4
4
4
4
4
3
3
4
4
4
4
4
4
4
4
4
4
4
4
4
4
4
4
4
4
4
4
4
4
4
4
4
4
4
4
4
4
4
4
4
4
4
4
4
4
4
4
4
4
4
4
4
4
4
4
3
3
4
4
4
4
4
4
4
4
4
4
4
4
4
4
4
4
4
4
4
4
4
4
4
4
4
4
4
4
4
4
4
4
4
4
4
4
4
4
4
4
4
4
4
4
4
4
4
4
3
3
4
4
4
4
4
4
4
4
4
4
4
4
4
4
4
4
4
4
4
4
4
4
4
4
4
4
4
4
4
4
4
4
4
4
4
4
4
4
4
4
4
4
4
4
4
4
4
4
3
3
4
4
4
4
4
4
4
4
4
4
4
4
4
4
4
4
4
4
4
4
4
4
4
4
4
4
4
4
4
4
4
4
4
4
4
4
4
4
4
4
4
4
4
4
4
4
4
4
3
3
4
4
4
4
4
4
4
4
4
4
4
4
4
4
4
4
4
4
4
4
4
4
4
4
4
4
4
4
4
4
4
4
4
4
4
4
4
4
4
4
4
4
4
4
4
4
4
4
3
3
4
4
4
4
4
4
4
4
4
4
4
4
4
4
4
4
4
4
4
4
4
4
4
4
4
4
4
4
4
4
4
4
4
4
4
4
4
4
4
4
4
4
4
4
4
4
4
4
3
2
3
3
3
3
3
3
3
3
3
3
3
3
3
3
3
3
3
3
3
3
3
3
3
3
3
3
3
3
3
3
3
3
3
3
3
3
3
3
3
3
3
3
3
3
3
3
3
3
2
51 24
2 29
52 84
3 43
1 97
53 26
4 84
2 12
54 21
5 56
3 67
55 10
6 36
4 65
56 21
7 41
5 56
57 80
8 81
6 73
58 70
9 17
7 22
59 82
10 93
8 88
60 70
11 10
9 30
61 100
12 62
10 11
62 35
13 30
11 56
63 24
14 98
12 44
64 81
15 60
13 91
65 42
16 43
14 87
66 71
17 34
15 55
67 23
18 18
16 73
68 93
19 35
17 88
69 65
20 31
18 47
70 74
21 61
19 23
71 86
22 24
20 14
72 53
23 31
21 10
73 53
24 94
22 57
74 61
25 17
23 17
75 78
26 58
24 50
76 61
27 93
25 54
77 99
28 61
26 25
78 50
29 79
27 96
79 97
30 83
28 87
80 65
31 25
29 74
81 94
32 97
30 28
82 54
33 26
31 86
83 33
34 72
32 57
84 71
35 95
33 62
85 90
36 16
34 31
86 37
37 66
35 86
87 94
38 81
36 70
88 15
39 22
37 87
89 81
40 61
38 82
90 35
41 28
39 75
91 64
42 67
40 33
92 47
43 28
41 10
93 68
44 29
42 12
94 12
45 22
43 57
95 53
46 40
44 70
96 64
47 72
45 100
97 28
48 65
46 73
98 59
49 12
47 59
99 62
50 43
48 96
100 26
49 11
101 51
1 84
52 79
102 17
2 16
53 58
51 10
103 47
3 51
54 83
52 73
104 16
4 11
55 98
53 63
105 97
5 96
56 34
54 72
106 75
6 24
57 40
55 16
107 50
7 78
58 60
56 45
108 89
8 15
59 95
57 61
109 29
9 32
60 59
58 60
110 30
10 69
61 60
59 39
111 32
11 52
62 27
60 75
112 72
12 13
63 27
61 94
113 10
13 79
64 22
62 40
114 46
14 40
65 98
63 29
115 33
15 64
66 26
64 92
116 20
16 33
67 14
65 41
117 73
17 13
68 29
66 21
118 100
18 27
69 47
67 58
119 99
19 42
70 92
68 76
120 84
20 12
71 55
69 63
121 34
21 58
72 83
70 66
122 13
22 11
73 87
71 98
123 15
23 77
74 27
72 87
124 60
24 93
75 48
73 41
125 68
25 88
76 17
74 76
126 26
26 67
77 79
75 95
127 57
27 91
78 61
76 85
128 26
28 55
79 10
77 70
129 32
29 74
80 44
78 31
130 37
30 19
81 49
79 19
131 10
31 35
82 62
80 79
132 95
32 47
83 89
81 39
133 54
33 30
84 60
82 10
134 46
34 61
85 57
83 75
135 42
35 16
86 39
84 43
136 75
36 82
87 61
85 57
137 93
37 67
88 57
86 60
138 73
38 80
89 28
87 92
139 72
39 42
90 28
88 38
140 50
40 82
91 96
89 15
141 70
41 65
92 56
90 62
142 64
42 68
93 35
91 65
143 93
43 49
94 22
92 34
144 72
44 10
95 44
93 88
145 28
45 63
96 36
94 33
146 11
46 69
97 68
95 48
147 31
47 58
98 25
96 46
148 35
48 50
99 14
97 64
149 63
49 35
100 83
98 30
150 50
50 60
99 34
151 33
51 45
102 58
152 87
52 61
103 50
101 96
153 74
53 48
104 32
102 31
154 39
54 91
105 37
103 99
155 67
55 93
106 100
104 98
156 79
56 95
107 85
105 74
157 35
57 37
108 81
106 95
158 57
58 42
109 65
107 15
159 16
59 50
110 65
108 30
160 84
60 66
111 75
109 95
161 72
61 75
112 72
110 47
162 44
62 50
113 71
111 17
163 26
63 84
114 33
112 49
164 91
64 65
115 47
113 44
165 38
65 45
116 42
114 49
166 27
66 89
117 14
115 48
167 58
67 100
118 78
116 77
168 97
68 50
119 33
117 12
169 24
69 34
120 33
118 20
170 11
70 79
121 50
119 17
171 87
71 88
122 94
120 34
172 79
72 58
123 32
121 54
173 92
73 70
124 83
122 12
174 21
74 39
125 34
123 22
175 33
75 35
126 24
124 16
176 81
76 38
127 19
125 44
177 98
77 87
128 17
126 87
178 52
78 95
129 18
127 70
179 24
79 47
130 46
128 80
180 69
80 72
131 49
129 72
181 48
81 31
132 81
130 10
182 74
82 53
133 21
131 57
183 35
83 91
134 64
132 39
184 91
84 50
135 51
133 75
185 90
85 68
136 61
134 93
186 47
86 17
137 54
135 36
187 15
87 87
138 65
136 30
188 81
88 13
139 97
137 35
189 11
89 12
140 23
138 23
190 29
90 63
141 53
139 100
191 35
91 87
142 50
140 88
192 50
92 37
143 20
141 80
193 75
93 64
144 66
142 13
194 24
94 97
145 68
143 18
195 12
95 12
146 48
144 59
196 31
96 27
147 98
145 80
197 60
97 36
148 75
146 45
198 74
98 52
149 25
147 49
199 60
99 97
150 74
148 52
200 71
100 85
149 24
201 54
101 68
152 66
202 90
102 35
153 86
151 27
203 42
103 42
154 37
152 52
204 35
104 89
155 71
153 76
205 28
105 17
156 88
154 35
206 62
106 33
157 70
155 68
207 55
107 90
158 40
156 24
208 66
108 92
159 84
157 66
209 100
109 25
160 80
158 60
210 22
110 88
161 78
159 19
211 63
111 21
162 23
160 56
212 41
112 10
163 31
161 24
213 88
113 24
164 61
162 54
214 41
114 16
165 12
163 32
215 47
115 43
166 20
164 87
216 39
116 79
167 64
165 72
217 92
117 55
168 25
166 73
218 28
118 93
169 68
167 13
219 49
119 40
170 49
168 10
220 67
120 36
171 76
169 32
221 26
121 45
172 57
170 35
222 62
122 35
173 64
171 50
223 51
123 85
174 23
172 95
224 79
124 22
175 18
173 41
225 44
125 44
176 52
174 58
226 55
126 10
177 14
175 21
227 96
127 98
178 46
176 66
228 16
128 16
179 89
177 52
229 48
129 28
180 33
178 35
230 30
130 73
181 26
179 10
231 89
131 69
182 92
180 96
232 45
132 82
183 54
181 10
233 54
133 63
184 75
182 93
234 67
134 18
185 17
183 48
235 17
135 44
186 19
184 46
236 20
136 60
187 50
185 95
237 49
137 94
188 66
186 88
238 33
138 69
189 90
187 89
239 22
139 24
190 68
188 72
240 51
140 40
191 80
189 66
241 42
141 43
192 18
190 41
242 72
142 10
193 100
191 36
243 39
143 85
194 92
192 67
244 98
144 24
195 98
193 10
245 68
145 46
196 56
194 48
246 99
146 36
197 29
195 31
247 60
147 88
198 96
196 15
248 76
148 90
199 26
197 71
249 38
149 24
200 23
198 45
250 29
150 68
199 94
251 57
151 91
202 89
252 66
152 90
203 92
201 58
253 59
153 86
204 29
202 39
254 11
154 35
205 86
203 34
255 29
155 99
206 71
204 89
256 83
156 97
207 76
205 98
257 73
157 85
208 32
206 45
258 100
158 72
209 23
207 58
259 33
159 56
210 43
208 81
260 79
160 64
211 86
209 79
261 60
161 92
212 50
210 65
262 92
162 94
213 38
211 81
263 37
163 76
214 64
212 31
264 46
164 25
215 17
213 32
265 12
165 86
216 78
214 23
266 12
166 62
217 80
215 21
267 32
167 35
218 18
216 25
268 53
168 65
219 51
217 80
269 93
169 42
220 36
218 34
270 20
170 81
221 84
219 33
271 31
171 87
222 69
220 96
272 77
172 11
223 27
221 28
273 10
173 48
224 24
222 85
274 47
174 77
225 42
223 13
275 64
175 17
226 92
224 63
276 43
176 68
227 33
225 18
277 15
177 91
228 65
226 53
278 64
178 40
229 37
227 72
279 34
179 70
230 84
228 71
280 85
180 28
231 35
229 53
281 60
181 17
232 43
230 42
282 13
182 33
233 52
231 57
283 80
183 83
234 60
232 83
284 95
184 19
235 61
233 16
285 90
185 14
236 22
234 88
286 27
186 78
237 83
235 72
287 81
187 51
238 25
236 95
288 20
188 67
239 70
237 21
289 31
189 10
240 21
238 28
290 27
190 46
241 83
239 51
291 26
191 70
242 50
240 21
292 30
192 13
243 16
241 94
293 15
193 95
244 75
242 72
294 50
194 78
245 79
243 89
295 100
195 63
246 34
244 60
296 55
196 79
247 65
245 13
297 23
197 17
248 84
246 52
298 64
198 22
249 63
247 56
299 86
199 76
250 44
248 50
300 49
200 27
249 79
301 91
201 50
252 36
302 61
202 85
253 38
251 56
303 99
203 86
254 89
252 44
304 55
204 68
255 77
253 74
305 39
205 52
256 84
254 90
306 50
206 59
257 73
255 80
307 57
207 63
258 68
256 80
308 34
208 43
259 38
257 21
309 69
209 47
260 35
258 25
310 93
210 91
261 62
259 36
311 58
211 57
262 67
260 33
312 16
212 28
263 64
261 78
313 39
213 69
264 52
262 70
314 81
214 90
265 84
263 44
315 80
215 60
266 14
264 92
316 59
216 76
267 75
265 44
317 68
217 11
268 38
266 24
318 60
218 16
269 13
267 84
319 19
219 82
270 95
268 78
320 52
220 13
271 97
269 68
321 94
221 55
272 35
270 84
322 94
222 71
273 36
271 68
323 90
223 14
274 33
272 67
324 93
224 31
275 55
273 41
325 74
225 14
276 93
274 99
326 66
226 26
277 52
275 18
327 17
227 97
278 81
276 23
328 53
228 26
279 84
277 31
329 13
229 24
280 75
278 26
330 50
230 34
281 64
279 29
331 92
231 67
282 22
280 81
332 92
232 48
283 72
281 69
333 55
233 30
284 95
282 41
334 68
234 96
285 15
283 10
335 13
235 13
286 43
284 33
336 60
236 71
287 45
285 71
337 81
237 48
288 46
286 35
338 72
238 66
289 38
287 91
339 12
239 16
290 83
288 12
340 40
240 41
291 93
289 73
341 17
241 40
292 28
290 71
342 14
242 14
293 84
291 19
343 26
243 47
294 20
292 95
344 65
244 39
295 84
293 21
345 14
245 42
296 40
294 54
346 91
246 98
297 33
295 40
347 38
247 71
298 100
296 25
348 20
248 98
299 14
297 48
349 88
249 56
300 19
298 66
350 36
250 94
299 60
351 66
251 69
302 62
352 51
252 42
303 85
301 76
353 74
253 14
304 97
302 37
354 83
254 30
305 14
303 77
355 45
255 74
306 60
304 11
356 36
256 77
307 62
305 88
357 60
257 62
308 48
306 61
358 15
258 70
309 11
307 44
359 27
259 53
310 80
308 41
360 48
260 65
311 62
309 67
361 68
261 13
312 30
310 75
362 83
262 26
313 95
311 24
363 21
263 55
314 34
312 16
364 27
264 22
315 36
313 87
365 27
265 60
316 31
314 48
366 92
266 60
317 98
315 83
367 10
267 99
318 33
316 52
368 68
268 48
319 82
317 39
369 89
269 92
320 55
318 31
370 94
270 18
321 64
319 82
371 84
271 73
322 44
320 89
372 85
272 90
323 53
321 80
373 60
273 49
324 82
322 60
374 83
274 94
325 23
323 52
375 13
275 77
326 10
324 95
376 79
276 18
327 65
325 45
377 93
277 21
328 14
326 83
378 98
278 14
329 96
327 52
379 40
279 49
330 74
328 42
380 72
280 82
331 98
329 95
381 37
281 23
332 67
330 86
382 94
282 70
333 33
331 16
383 28
283 24
334 12
332 81
384 82
284 79
335 93
333 46
385 68
285 73
336 37
334 34
386 10
286 20
337 62
335 13
387 72
287 22
338 87
336 68
388 66
288 38
339 86
337 29
389 29
289 30
340 74
338 69
390 52
290 13
341 67
339 98
391 40
291 62
342 17
340 54
392 65
292 82
343 37
341 17
393 45
293 30
344 75
342 63
394 69
294 37
345 68
343 22
395 45
295 28
346 35
344 52
396 100
296 12
347 77
345 68
397 67
297 90
348 78
346 59
398 79
298 34
349 45
347 94
399 47
299 76
350 98
348 22
400 46
300 21
349 68
401 68
301 97
352 48
402 82
302 91
353 14
351 73
403 96
303 71
354 19
352 58
404 66
304 88
355 96
353 31
405 18
305 90
356 25
354 89
406 75
306 60
357 37
355 62
407 86
307 66
358 51
356 11
408 19
308 100
359 86
357 79
409 54
309 84
360 68
358 82
410 100
310 59
361 85
359 77
411 58
311 58
362 34
360 17
412 16
312 45
363 70
361 12
413 48
313 24
364 26
362 35
414 96
314 30
365 14
363 36
415 58
315 39
366 87
364 39
416 62
316 36
367 93
365 21
417 37
317 60
368 83
366 49
418 54
318 39
369 66
367 94
419 78
319 90
370 23
368 68
420 43
320 97
371 37
369 31
421 65
321 16
372 54
370 13
422 95
322 20
373 68
371 82
423 23
323 41
374 59
372 97
424 79
324 74
375 28
373 12
425 76
325 48
376 50
374 57
426 50
326 36
377 85
375 29
427 85
327 64
378 65
376 47
428 17
328 50
379 49
377 22
429 96
329 26
380 69
378 92
430 98
330 87
381 100
379 12
431 52
331 47
382 56
380 61
432 25
332 100
383 75
381 23
433 69
333 88
384 33
382 84
434 85
334 72
385 12
383 21
435 17
335 71
386 77
384 79
436 14
336 41
387 98
385 37
437 54
337 26
388 32
386 70
438 81
338 41
389 69
387 23
439 99
339 38
390 33
388 30
440 17
340 67
391 81
389 34
441 31
341 48
392 36
390 50
442 22
342 83
393 41
391 91
443 41
343 43
394 18
392 72
444 42
344 96
395 55
393 12
445 83
345 61
396 48
394 95
446 46
346 84
397 84
395 22
447 16
347 90
398 70
396 82
448 56
348 36
399 51
397 16
449 59
349 100
400 41
398 53
450 27
350 100
399 19
451 68
351 93
402 71
452 81
352 17
403 39
401 16
453 97
353 58
404 91
402 45
454 16
354 14
405 96
403 88
455 68
355 35
406 23
404 82
456 44
356 100
407 40
405 75
457 81
357 70
408 99
406 14
458 75
358 25
409 99
407 88
459 91
359 72
410 63
408 50
460 52
360 18
411 10
409 44
461 47
361 49
412 96
410 94
462 28
362 97
413 74
411 12
463 78
363 45
414 87
412 97
464 90
364 86
415 65
413 63
465 95
365 98
416 66
414 73
466 17
366 15
417 87
415 39
467 20
367 78
418 84
416 19
468 95
368 24
419 50
417 14
469 58
369 67
420 88
418 13
470 46
370 49
421 87
419 72
471 63
371 61
422 71
420 49
472 66
372 28
423 36
421 94
473 78
373 80
424 17
422 79
474 84
374 54
425 29
423 19
475 41
375 28
426 70
424 48
476 46
376 89
427 27
425 17
477 68
377 83
428 50
426 59
478 24
378 97
429 53
427 62
479 91
379 29
430 94
428 36
480 40
380 81
431 26
429 96
481 63
381 74
432 64
430 74
482 16
382 98
433 33
431 26
483 28
383 35
434 56
432 64
484 32
384 56
435 25
433 77
485 11
385 97
436 87
434 61
486 42
386 82
437 64
435 48
487 69
387 45
438 51
436 46
488 45
388 88
439 94
437 35
489 90
389 48
440 81
438 31
490 12
390 83
441 100
439 53
491 36
391 46
442 90
440 50
492 99
392 22
443 56
441 67
493 33
393 46
444 79
442 82
494 80
394 42
445 68
443 57
495 91
395 82
446 41
444 88
496 71
396 46
447 85
445 93
497 58
397 57
448 83
446 59
498 81
398 74
449 91
447 92
499 70
399 21
450 36
448 56
500 35
400 30
449 99
501 88
401 32
452 83
502 34
402 14
453 23
451 60
503 84
403 45
454 100
452 63
504 22
404 56
455 21
453 74
505 61
405 35
456 27
454 45
506 35
406 62
457 90
455 16
507 25
407 64
458 89
456 58
508 40
408 72
459 86
457 14
509 10
409 26
460 39
458 18
510 37
410 32
461 64
459 70
511 48
411 55
462 90
460 70
512 10
412 94
463 52
461 40
513 42
413 40
464 75
462 82
514 96
414 82
465 92
463 36
515 38
415 42
466 24
464 32
516 88
416 30
467 55
465 57
517 43
417 52
468 26
466 70
518 89
418 27
469 33
467 59
519 50
419 23
470 68
468 41
520 79
420 47
471 29
469 84
521 62
421 26
472 56
470 72
522 87
422 51
473 22
471 28
523 35
423 16
474 91
472 92
524 72
424 82
475 25
473 76
525 89
425 85
476 54
474 84
526 48
426 84
477 23
475 29
527 96
427 94
478 50
476 49
528 96
428 39
479 98
477 58
529 90
429 27
480 65
478 100
530 43
430 62
481 14
479 62
531 76
431 41
482 91
480 71
532 15
432 11
483 96
481 66
533 96
433 51
484 24
482 58
534 21
434 60
485 77
483 74
535 16
435 92
486 25
484 28
536 70
436 42
487 26
485 35
537 83
437 80
488 20
486 54
538 85
438 19
489 78
487 53
539 64
439 31
490 16
488 31
540 25
440 71
491 13
489 98
541 59
441 59
492 93
490 79
542 46
442 87
493 26
491 13
543 40
443 22
494 100
492 37
544 88
444 21
495 93
493 69
545 92
445 37
496 95
494 89
546 87
446 22
497 23
495 63
547 96
447 75
498 38
496 76
548 27
448 57
499 61
497 30
549 99
449 63
500 91
498 37
550 37
450 25
499 30
551 85
451 54
502 47
552 23
452 88
503 57
501 88
553 69
453 42
504 70
502 48
554 78
454 78
505 18
503 71
555 36
455 94
506 98
504 62
556 64
456 65
507 63
505 25
557 28
457 20
508 66
506 20
558 43
458 71
509 72
507 44
559 44
459 72
510 99
508 17
560 17
460 69
511 64
509 64
561 49
461 13
512 74
510 17
562 55
462 28
513 17
511 79
563 70
463 79
514 13
512 45
564 69
464 52
515 87
513 48
565 40
465 84
516 51
514 90
566 41
466 60
517 48
515 18
567 45
467 22
518 26
516 47
568 100
468 48
519 18
517 42
569 14
469 22
520 18
518 13
570 62
470 43
521 23
519 90
571 60
471 64
522 53
520 14
572 41
472 89
523 84
521 87
573 74
473 34
524 80
522 21
574 92
474 62
525 87
523 91
575 52
475 14
526 21
524 87
576 71
476 45
527 58
525 11
577 60
477 100
528 21
526 99
578 80
478 97
529 96
527 62
579 85
479 96
530 74
528 47
580 18
480 49
531 63
529 10
581 60
481 71
532 50
530 16
582 42
482 65
533 81
531 88
583 56
483 72
534 14
532 30
584 97
484 37
535 68
533 37
585 21
485 77
536 81
534 16
586 73
486 28
537 63
535 16
587 50
487 65
538 28
536 90
588 10
488 75
539 60
537 75
589 83
489 49
540 18
538 24
590 86
490 88
541 57
539 57
591 34
491 38
542 31
540 92
592 45
492 93
543 39
541 53
593 74
493 22
544 19
542 68
594 17
494 88
545 15
543 40
595 90
495 20
546 80
544 58
596 62
496 88
547 48
545 27
597 81
497 69
548 56
546 14
598 82
498 12
549 95
547 40
599 11
499 82
550 97
548 14
600 73
500 85
549 81
501 88
552 74
502 63
553 21
551 42
503 88
554 68
552 42
504 85
555 99
553 83
505 32
556 53
554 78
506 90
557 88
555 68
507 94
558 79
556 88
508 44
559 80
557 32
509 25
560 54
558 45
510 68
561 25
559 29
511 17
562 93
560 68
512 30
563 57
561 58
513 49
564 49
562 40
514 53
565 86
563 78
515 26
566 56
564 34
516 25
567 82
565 59
517 86
568 96
566 43
518 66
569 75
567 33
519 92
570 82
568 42
520 57
571 74
569 39
521 29
572 42
570 29
522 57
573 95
571 82
523 10
574 80
572 93
524 21
575 44
573 28
525 45
576 58
574 64
526 62
577 24
575 77
527 34
578 31
576 47
528 81
579 44
577 53
529 75
580 52
578 11
530 83
581 64
579 60
531 65
582 83
580 71
532 82
583 89
581 92
533 41
584 100
582 14
534 32
585 88
583 90
535 38
586 16
584 19
536 86
587 26
585 77
537 70
588 39
586 51
538 93
589 57
587 66
539 73
590 37
588 82
540 86
591 93
589 13
541 91
592 68
590 90
542 55
593 70
591 17
543 68
594 23
592 83
544 82
595 39
593 64
545 82
596 78
594 52
546 92
597 55
595 41
547 39
598 82
596 31
548 13
599 37
597 23
549 45
600 22
598 39
550 15
599 60
350
313
1 350 
1 427 
2 95 461 
1 275 
1 49 
3 317 230 538 
2 155 292 
2 248 231 
2 480 199 
1 82 
3 202 142 410 
1 393 
2 225 329 
3 319 433 442 
1 279 
1 184 
1 374 
4 10 1 434 128 
1 163 
1 214 
2 118 234 
2 593 8 
1 135 
4 376 309 422 463 
2 487 562 
3 583 373 6 
2 464 510 
1 556 
2 560 369 
2 177 166 
2 85 171 
5 573 354 291 552 522 
2 210 106 
1 375 
2 484 416 
1 397 
1 228 
2 584 326 
1 265 
1 528 
1 339 
2 476 589 
2 333 233 
1 301 
2 449 516 
2 418 32 
3 514 530 198 
1 438 
2 594 579 
2 219 124 
2 398 79 
1 462 
1 237 
1 45 
2 9 62 
3 300 325 526 
3 585 303 324 
1 37 
2 302 507 
1 218 
1 557 
2 98 251 
1 252 
1 167 
1 222 
1 74 
3 188 457 290 
1 432 
2 141 417 
2 151 459 
5 13 581 186 587 596 
3 53 390 474 
1 420 
1 56 
2 391 295 
1 51 
3 22 182 349 
3 105 525 576 
3 33 296 359 
4 278 58 268 590 
3 115 191 477 
2 247 235 
1 414 
2 315 453 
1 472 
3 263 127 11 
1 201 
3 491 264 423 
1 597 
2 529 131 
1 387 
1 27 
1 368 
1 492 
1 572 
2 488 101 
3 241 57 274 
3 486 36 257 
2 168 306 
2 569 246 
1 143 
4 535 130 254 366 
2 534 531 
1 555 
1 395 
1 515 
1 575 
2 310 232 
3 84 71 113 
1 473 
2 351 256 
2 260 200 
3 123 445 470 
1 313 
