144 528 10 100 27
2
3
3
3
3
3
3
3
3
3
3
2
3
4
4
4
4
4
4
4
4
4
4
3
3
4
4
4
4
4
4
4
4
4
4
3
3
4
4
4
4
4
4
4
4
4
4
3
3
4
4
4
4
4
4
4
4
4
4
3
3
4
4
4
4
4
4
4
4
4
4
3
3
4
4
4
4
4
4
4
4
4
4
3
3
4
4
4
4
4
4
4
4
4
4
3
3
4
4
4
4
4
4
4
4
4
4
3
3
4
4
4
4
4
4
4
4
4
4
3
3
4
4
4
4
4
4
4
4
4
4
3
2
3
3
3
3
3
3
3
3
3
3
2
13 88
2 29
14 21
3 67
1 42
15 87
4 48
2 46
16 84
5 69
3 35
17 39
6 39
4 68
18 60
7 55
5 38
19 80
8 34
6 32
20 44
9 32
7 32
21 28
10 94
8 50
22 29
11 24
9 32
23 24
12 85
10 29
24 44
11 62
25 57
1 26
14 100
26 69
2 88
15 56
13 25
27 71
3 50
16 85
14 53
28 39
4 100
17 65
15 84
29 55
5 82
18 100
16 65
30 45
6 75
19 89
17 99
31 79
7 21
20 54
18 10
32 89
8 90
21 22
19 45
33 85
9 21
22 59
20 47
34 11
10 55
23 91
21 22
35 93
11 30
24 47
22 96
36 15
12 63
23 81
37 47
13 98
26 90
38 22
14 95
27 99
25 37
39 70
15 94
28 41
26 18
40 11
16 54
29 29
27 82
41 52
17 44
30 34
28 64
42 40
18 20
31 86
29 80
43 10
19 59
32 34
30 42
44 19
20 59
33 91
31 46
45 27
21 97
34 71
32 45
46 29
22 62
35 76
33 42
47 93
23 92
36 68
34 53
48 95
24 72
35 15
49 49
25 35
38 77
50 33
26 34
39 93
37 56
51 19
27 98
40 21
38 15
52 10
28 85
41 66
39 84
53 29
29 57
42 76
40 63
54 81
30 67
43 45
41 27
55 86
31 36
44 54
42 89
56 84
32 82
45 20
43 62
57 44
33 36
46 33
44 44
58 89
34 42
47 84
45 18
59 55
35 66
48 41
46 47
60 41
36 65
47 86
61 61
37 26
50 40
62 93
38 19
51 45
49 69
63 17
39 61
52 70
50 66
64 48
40 38
53 83
51 17
65 66
41 51
54 65
52 54
66 76
42 36
55 61
53 59
67 30
43 70
56 23
54 33
68 62
44 99
57 70
55 19
69 20
45 79
58 49
56 21
70 69
46 51
59 71
57 46
71 96
47 96
60 95
58 25
72 42
48 100
59 90
73 76
49 50
62 48
74 49
50 88
63 64
61 83
75 70
51 66
64 48
62 30
76 55
52 81
65 12
63 87
77 27
53 30
66 40
64 42
78 70
54 100
67 52
65 38
79 48
55 47
68 23
66 24
80 11
56 47
69 15
67 51
81 85
57 95
70 100
68 13
82 74
58 33
71 64
69 16
83 88
59 56
72 89
70 17
84 64
60 55
71 54
85 48
61 17
74 88
86 89
62 92
75 15
73 80
87 11
63 19
76 100
74 77
88 98
64 24
77 62
75 15
89 84
65 60
78 66
76 56
90 33
66 89
79 88
77 75
91 92
67 92
80 43
78 82
92 23
68 57
81 56
79 97
93 49
69 87
82 57
80 68
94 38
70 57
83 96
81 36
95 44
71 44
84 45
82 59
96 88
72 91
83 85
97 84
73 72
86 41
98 84
74 94
87 84
85 100
99 75
75 20
88 50
86 75
100 54
76 46
89 65
87 76
101 67
77 76
90 76
88 49
102 36
78 13
91 65
89 39
103 75
79 61
92 65
90 16
104 29
80 76
93 47
91 96
105 89
81 30
94 93
92 81
106 19
82 79
95 53
93 60
107 12
83 100
96 47
94 82
108 58
84 95
95 23
109 53
85 24
98 74
110 39
86 86
99 88
97 99
111 62
87 21
100 39
98 98
112 59
88 15
101 61
99 66
113 33
89 38
102 39
100 69
114 51
90 18
103 40
101 91
115 53
91 15
104 46
102 24
116 24
92 31
105 63
103 99
117 51
93 39
106 87
104 20
118 88
94 76
107 17
105 71
119 97
95 44
108 45
106 69
120 90
96 39
107 87
121 68
97 87
110 79
122 73
98 22
111 38
109 74
123 37
99 44
112 33
110 18
124 45
100 29
113 59
111 85
125 52
101 53
114 50
112 62
126 82
102 28
115 18
113 54
127 40
103 17
116 40
114 37
128 23
104 79
117 94
115 87
129 49
105 51
118 39
116 22
130 56
106 99
119 17
117 60
131 59
107 95
120 91
118 27
132 39
108 15
119 54
133 34
109 97
122 93
134 56
110 74
123 83
121 97
135 75
111 84
124 55
122 66
136 10
112 28
125 14
123 91
137 14
113 16
126 42
124 82
138 28
114 78
127 88
125 80
139 64
115 48
128 90
126 81
140 58
116 84
129 82
127 55
141 14
117 59
130 61
128 31
142 67
118 76
131 27
129 85
143 43
119 91
132 50
130 61
144 40
120 84
131 51
121 71
134 70
122 79
135 33
133 54
123 32
136 19
134 10
124 64
137 98
135 38
125 57
138 18
136 56
126 49
139 75
137 80
127 16
140 45
138 88
128 59
141 85
139 33
129 75
142 77
140 61
130 11
143 75
141 85
131 71
144 76
142 28
132 66
143 25
7
129
2 8 7 
1 122 
2 57 85 
1 78 
2 138 121 
1 128 
2 11 41 
4 23 10 110 92 
1 71 
3 143 27 60 
3 74 59 142 
1 76 
2 2 98 
3 65 90 94 
4 67 130 52 133 
1 118 
2 45 19 
1 9 
2 54 111 
1 136 
2 25 48 
1 34 
1 21 
3 38 69 119 
1 33 
1 131 
2 103 129 
