625 2400 10 100 118
2
3
3
3
3
3
3
3
3
3
3
3
3
3
3
3
3
3
3
3
3
3
3
3
2
3
4
4
4
4
4
4
4
4
4
4
4
4
4
4
4
4
4
4
4
4
4
4
4
3
3
4
4
4
4
4
4
4
4
4
4
4
4
4
4
4
4
4
4
4
4
4
4
4
3
3
4
4
4
4
4
4
4
4
4
4
4
4
4
4
4
4
4
4
4
4
4
4
4
3
3
4
4
4
4
4
4
4
4
4
4
4
4
4
4
4
4
4
4
4
4
4
4
4
3
3
4
4
4
4
4
4
4
4
4
4
4
4
4
4
4
4
4
4
4
4
4
4
4
3
3
4
4
4
4
4
4
4
4
4
4
4
4
4
4
4
4
4
4
4
4
4
4
4
3
3
4
4
4
4
4
4
4
4
4
4
4
4
4
4
4
4
4
4
4
4
4
4
4
3
3
4
4
4
4
4
4
4
4
4
4
4
4
4
4
4
4
4
4
4
4
4
4
4
3
3
4
4
4
4
4
4
4
4
4
4
4
4
4
4
4
4
4
4
4
4
4
4
4
3
3
4
4
4
4
4
4
4
4
4
4
4
4
4
4
4
4
4
4
4
4
4
4
4
3
3
4
4
4
4
4
4
4
4
4
4
4
4
4
4
4
4
4
4
4
4
4
4
4
3
3
4
4
4
4
4
4
4
4
4
4
4
4
4
4
4
4
4
4
4
4
4
4
4
3
3
4
4
4
4
4
4
4
4
4
4
4
4
4
4
4
4
4
4
4
4
4
4
4
3
3
4
4
4
4
4
4
4
4
4
4
4
4
4
4
4
4
4
4
4
4
4
4
4
3
3
4
4
4
4
4
4
4
4
4
4
4
4
4
4
4
4
4
4
4
4
4
4
4
3
3
4
4
4
4
4
4
4
4
4
4
4
4
4
4
4
4
4
4
4
4
4
4
4
3
3
4
4
4
4
4
4
4
4
4
4
4
4
4
4
4
4
4
4
4
4
4
4
4
3
3
4
4
4
4
4
4
4
4
4
4
4
4
4
4
4
4
4
4
4
4
4
4
4
3
3
4
4
4
4
4
4
4
4
4
4
4
4
4
4
4
4
4
4
4
4
4
4
4
3
3
4
4
4
4
4
4
4
4
4
4
4
4
4
4
4
4
4
4
4
4
4
4
4
3
3
4
4
4
4
4
4
4
4
4
4
4
4
4
4
4
4
4
4
4
4
4
4
4
3
3
4
4
4
4
4
4
4
4
4
4
4
4
4
4
4
4
4
4
4
4
4
4
4
3
3
4
4
4
4
4
4
4
4
4
4
4
4
4
4
4
4
4
4
4
4
4
4
4
3
2
3
3
3
3
3
3
3
3
3
3
3
3
3
3
3
3
3
3
3
3
3
3
3
2
26 28
2 29
27 25
3 37
1 45
28 61
4 48
2 57
29 84
5 96
3 100
30 38
6 22
4 52
31 96
7 77
5 36
32 38
8 83
6 51
33 37
9 50
7 76
34 85
10 88
8 55
35 89
11 47
9 22
36 83
12 61
10 29
37 59
13 24
11 34
38 86
14 84
12 29
39 36
15 51
13 62
40 52
16 44
14 10
41 93
17 41
15 18
42 98
18 95
16 59
43 79
19 50
17 37
44 84
20 69
18 52
45 68
21 71
19 16
46 59
22 27
20 70
47 23
23 61
21 29
48 55
24 19
22 53
49 35
25 56
23 28
50 21
24 85
51 16
1 15
27 33
52 62
2 65
28 75
26 33
53 26
3 47
29 74
27 49
54 70
4 65
30 50
28 69
55 69
5 36
31 98
29 87
56 60
6 84
32 33
30 94
57 39
7 70
33 19
31 53
58 72
8 99
34 99
32 81
59 34
9 71
35 86
33 73
60 13
10 95
36 78
34 68
61 10
11 10
37 73
35 23
62 86
12 59
38 66
36 96
63 42
13 70
39 51
37 14
64 96
14 52
40 81
38 90
65 76
15 63
41 35
39 30
66 58
16 27
42 15
40 20
67 48
17 30
43 73
41 11
68 28
18 43
44 11
42 55
69 19
19 98
45 82
43 79
70 11
20 93
46 37
44 97
71 96
21 55
47 41
45 97
72 67
22 20
48 90
46 39
73 72
23 47
49 46
47 12
74 63
24 35
50 95
48 44
75 39
25 100
49 83
76 74
26 48
52 48
77 65
27 80
53 58
51 94
78 19
28 86
54 17
52 12
79 68
29 98
55 42
53 17
80 26
30 16
56 21
54 50
81 100
31 14
57 68
55 85
82 17
32 71
58 93
56 71
83 33
33 98
59 18
57 47
84 15
34 86
60 35
58 63
85 11
35 94
61 14
59 89
86 23
36 30
62 67
60 30
87 63
37 54
63 65
61 24
88 79
38 92
64 19
62 42
89 57
39 21
65 19
63 13
90 31
40 69
66 69
64 32
91 30
41 13
67 94
65 45
92 31
42 63
68 90
66 52
93 52
43 66
69 61
67 38
94 54
44 13
70 65
68 74
95 27
45 67
71 34
69 60
96 59
46 79
72 55
70 94
97 45
47 50
73 79
71 87
98 48
48 52
74 79
72 85
99 66
49 83
75 57
73 45
100 86
50 66
74 62
101 32
51 24
77 66
102 46
52 97
78 44
76 85
103 21
53 75
79 77
77 25
104 87
54 72
80 100
78 98
105 20
55 50
81 55
79 21
106 46
56 51
82 60
80 86
107 72
57 16
83 93
81 60
108 89
58 44
84 20
82 96
109 82
59 41
85 91
83 72
110 80
60 20
86 90
84 36
111 63
61 55
87 26
85 35
112 90
62 12
88 29
86 59
113 59
63 73
89 28
87 84
114 89
64 60
90 95
88 67
115 23
65 61
91 18
89 35
116 43
66 17
92 41
90 42
117 14
67 34
93 92
91 71
118 70
68 60
94 20
92 96
119 35
69 32
95 17
93 23
120 10
70 59
96 49
94 86
121 68
71 15
97 60
95 71
122 62
72 80
98 22
96 71
123 23
73 34
99 68
97 57
124 11
74 75
100 57
98 16
125 23
75 44
99 58
126 16
76 93
102 86
127 36
77 97
103 77
101 47
128 82
78 56
104 21
102 75
129 82
79 17
105 25
103 42
130 93
80 93
106 98
104 41
131 27
81 60
107 51
105 61
132 55
82 96
108 80
106 56
133 32
83 20
109 44
107 32
134 63
84 48
110 59
108 80
135 80
85 92
111 72
109 18
136 81
86 77
112 39
110 74
137 77
87 68
113 35
111 27
138 24
88 31
114 16
112 84
139 91
89 20
115 80
113 64
140 21
90 61
116 66
114 28
141 12
91 41
117 87
115 17
142 45
92 61
118 82
116 68
143 42
93 54
119 13
117 60
144 54
94 18
120 42
118 61
145 70
95 92
121 89
119 12
146 36
96 30
122 76
120 49
147 60
97 33
123 13
121 47
148 39
98 52
124 40
122 45
149 21
99 96
125 51
123 22
150 48
100 32
124 87
151 84
101 79
127 30
152 95
102 72
128 69
126 88
153 50
103 28
129 80
127 45
154 36
104 44
130 20
128 86
155 81
105 45
131 56
129 10
156 76
106 86
132 18
130 34
157 100
107 22
133 20
131 79
158 18
108 34
134 65
132 97
159 26
109 40
135 64
133 100
160 19
110 31
136 70
134 42
161 63
111 72
137 17
135 35
162 78
112 20
138 38
136 80
163 64
113 25
139 46
137 95
164 66
114 46
140 93
138 76
165 62
115 86
141 68
139 70
166 56
116 76
142 59
140 65
167 18
117 44
143 52
141 80
168 99
118 19
144 25
142 79
169 21
119 28
145 21
143 51
170 61
120 65
146 14
144 43
171 47
121 35
147 37
145 69
172 64
122 42
148 41
146 97
173 12
123 49
149 55
147 77
174 29
124 27
150 40
148 95
175 61
125 36
149 65
176 26
126 17
152 56
177 67
127 38
153 30
151 38
178 52
128 18
154 87
152 62
179 80
129 81
155 84
153 16
180 71
130 98
156 28
154 98
181 26
131 79
157 96
155 87
182 92
132 63
158 38
156 27
183 26
133 82
159 85
157 32
184 92
134 70
160 99
158 14
185 71
135 26
161 65
159 99
186 81
136 89
162 48
160 82
187 96
137 17
163 66
161 22
188 27
138 23
164 19
162 82
189 71
139 62
165 27
163 51
190 50
140 82
166 56
164 75
191 68
141 51
167 77
165 60
192 28
142 62
168 34
166 93
193 98
143 92
169 32
167 25
194 53
144 29
170 98
168 91
195 83
145 99
171 50
169 42
196 50
146 30
172 48
170 98
197 58
147 61
173 40
171 85
198 86
148 72
174 11
172 83
199 37
149 91
175 83
173 93
200 36
150 19
174 82
201 70
151 76
177 32
202 31
152 93
178 75
176 10
203 38
153 98
179 12
177 37
204 81
154 89
180 37
178 48
205 55
155 85
181 46
179 44
206 35
156 71
182 89
180 35
207 28
157 52
183 11
181 27
208 18
158 78
184 15
182 79
209 51
159 96
185 42
183 16
210 91
160 100
186 16
184 71
211 12
161 29
187 50
185 28
212 90
162 34
188 29
186 82
213 99
163 18
189 21
187 23
214 90
164 32
190 83
188 29
215 90
165 43
191 91
189 30
216 81
166 73
192 48
190 87
217 10
167 65
193 94
191 31
218 97
168 35
194 38
192 61
219 26
169 54
195 98
193 24
220 86
170 13
196 25
194 17
221 78
171 20
197 55
195 83
222 10
172 35
198 93
196 45
223 49
173 95
199 17
197 99
224 65
174 79
200 24
198 17
225 21
175 97
199 27
226 56
176 72
202 24
227 97
177 84
203 100
201 11
228 10
178 73
204 30
202 74
229 55
179 49
205 78
203 60
230 80
180 72
206 68
204 97
231 82
181 80
207 91
205 51
232 10
182 33
208 47
206 19
233 87
183 90
209 25
207 77
234 96
184 82
210 14
208 35
235 54
185 83
211 85
209 51
236 53
186 97
212 81
210 90
237 80
187 41
213 42
211 25
238 16
188 72
214 21
212 39
239 94
189 21
215 76
213 13
240 21
190 70
216 27
214 43
241 12
191 32
217 70
215 53
242 45
192 38
218 78
216 62
243 74
193 98
219 46
217 39
244 36
194 95
220 22
218 63
245 73
195 69
221 36
219 45
246 56
196 43
222 77
220 94
247 36
197 49
223 12
221 98
248 93
198 66
224 96
222 34
249 14
199 52
225 68
223 39
250 76
200 83
224 98
251 62
201 76
227 97
252 60
202 18
228 72
226 42
253 48
203 75
229 90
227 83
254 35
204 23
230 85
228 72
255 94
205 88
231 99
229 74
256 99
206 31
232 19
230 30
257 14
207 79
233 26
231 14
258 13
208 64
234 66
232 29
259 87
209 55
235 65
233 47
260 77
210 86
236 100
234 20
261 41
211 59
237 76
235 86
262 69
212 35
238 26
236 16
263 52
213 95
239 88
237 78
264 59
214 36
240 60
238 97
265 94
215 58
241 44
239 79
266 83
216 32
242 89
240 92
267 92
217 87
243 85
241 83
268 16
218 69
244 55
242 73
269 57
219 26
245 76
243 29
270 39
220 63
246 50
244 95
271 69
221 58
247 43
245 60
272 13
222 13
248 89
246 84
273 37
223 53
249 76
247 55
274 51
224 50
250 33
248 66
275 38
225 19
249 57
276 75
226 77
252 81
277 24
227 52
253 32
251 42
278 65
228 69
254 91
252 56
279 34
229 66
255 44
253 35
280 93
230 70
256 16
254 50
281 99
231 35
257 36
255 58
282 73
232 71
258 33
256 56
283 86
233 61
259 82
257 27
284 18
234 77
260 98
258 34
285 66
235 76
261 16
259 29
286 68
236 35
262 36
260 95
287 47
237 28
263 96
261 39
288 76
238 23
264 53
262 38
289 61
239 80
265 41
263 26
290 27
240 83
266 10
264 43
291 94
241 21
267 22
265 38
292 22
242 67
268 81
266 42
293 34
243 53
269 54
267 29
294 22
244 13
270 73
268 25
295 45
245 38
271 17
269 32
296 79
246 90
272 48
270 76
297 67
247 60
273 14
271 94
298 80
248 91
274 75
272 13
299 88
249 13
275 39
273 11
300 68
250 27
274 72
301 35
251 49
277 65
302 69
252 68
278 83
276 91
303 84
253 62
279 84
277 63
304 65
254 65
280 72
278 42
305 21
255 54
281 69
279 35
306 14
256 47
282 64
280 55
307 93
257 38
283 32
281 25
308 15
258 92
284 72
282 90
309 58
259 53
285 76
283 84
310 88
260 94
286 24
284 32
311 81
261 50
287 22
285 36
312 79
262 19
288 18
286 72
313 16
263 95
289 11
287 32
314 64
264 48
290 71
288 21
315 86
265 64
291 63
289 69
316 47
266 54
292 60
290 82
317 27
267 83
293 45
291 81
318 41
268 38
294 77
292 30
319 56
269 26
295 14
293 47
320 49
270 99
296 26
294 49
321 15
271 40
297 91
295 43
322 18
272 79
298 35
296 38
323 34
273 74
299 69
297 61
324 74
274 95
300 23
298 41
325 11
275 72
299 65
326 76
276 41
302 12
327 23
277 88
303 50
301 96
328 16
278 62
304 15
302 36
329 58
279 54
305 91
303 27
330 61
280 85
306 54
304 26
331 18
281 11
307 59
305 11
332 96
282 90
308 57
306 28
333 30
283 14
309 15
307 51
334 82
284 27
310 51
308 22
335 28
285 10
311 22
309 67
336 14
286 12
312 86
310 10
337 12
287 27
313 96
311 93
338 58
288 43
314 89
312 99
339 77
289 94
315 26
313 90
340 79
290 24
316 12
314 22
341 74
291 92
317 48
315 46
342 12
292 39
318 79
316 17
343 70
293 27
319 59
317 18
344 58
294 46
320 40
318 64
345 98
295 15
321 78
319 74
346 86
296 18
322 85
320 90
347 42
297 16
323 76
321 11
348 76
298 58
324 94
322 85
349 91
299 73
325 52
323 63
350 17
300 12
324 85
351 51
301 18
327 29
352 67
302 56
328 60
326 48
353 56
303 78
329 55
327 80
354 85
304 32
330 73
328 84
355 54
305 73
331 67
329 20
356 89
306 68
332 37
330 66
357 79
307 83
333 82
331 40
358 32
308 96
334 89
332 99
359 11
309 88
335 16
333 12
360 18
310 49
336 40
334 82
361 51
311 34
337 48
335 26
362 32
312 72
338 52
336 23
363 78
313 78
339 76
337 98
364 87
314 55
340 46
338 76
365 100
315 86
341 59
339 94
366 22
316 27
342 64
340 35
367 20
317 76
343 16
341 19
368 99
318 29
344 86
342 79
369 74
319 56
345 68
343 42
370 98
320 76
346 100
344 21
371 64
321 73
347 49
345 34
372 76
322 31
348 63
346 70
373 14
323 77
349 36
347 40
374 20
324 32
350 33
348 45
375 98
325 86
349 94
376 99
326 100
352 24
377 70
327 81
353 67
351 19
378 98
328 72
354 99
352 23
379 98
329 71
355 26
353 54
380 89
330 52
356 71
354 66
381 91
331 92
357 31
355 85
382 47
332 57
358 91
356 98
383 21
333 61
359 45
357 70
384 53
334 83
360 43
358 53
385 91
335 13
361 29
359 37
386 12
336 95
362 31
360 37
387 24
337 60
363 91
361 99
388 21
338 20
364 93
362 28
389 21
339 39
365 35
363 11
390 65
340 17
366 56
364 26
391 67
341 85
367 74
365 81
392 33
342 16
368 79
366 89
393 68
343 13
369 51
367 81
394 56
344 23
370 90
368 10
395 69
345 65
371 61
369 91
396 48
346 65
372 28
370 12
397 72
347 60
373 93
371 92
398 88
348 32
374 39
372 86
399 100
349 34
375 68
373 83
400 16
350 29
374 64
401 41
351 28
377 45
402 27
352 96
378 100
376 44
403 37
353 59
379 55
377 46
404 35
354 34
380 64
378 71
405 54
355 32
381 90
379 96
406 21
356 34
382 21
380 49
407 73
357 14
383 95
381 74
408 20
358 43
384 10
382 24
409 81
359 96
385 62
383 87
410 33
360 96
386 68
384 63
411 36
361 77
387 13
385 97
412 53
362 11
388 53
386 88
413 50
363 74
389 70
387 25
414 90
364 25
390 81
388 83
415 31
365 87
391 73
389 42
416 85
366 76
392 28
390 100
417 66
367 99
393 75
391 91
418 44
368 90
394 45
392 51
419 14
369 21
395 91
393 89
420 98
370 49
396 32
394 27
421 42
371 40
397 47
395 75
422 28
372 94
398 16
396 95
423 68
373 38
399 54
397 16
424 57
374 76
400 75
398 38
425 71
375 22
399 83
426 70
376 57
402 35
427 62
377 99
403 48
401 74
428 50
378 42
404 71
402 23
429 84
379 30
405 14
403 55
430 68
380 80
406 50
404 50
431 80
381 73
407 33
405 91
432 40
382 58
408 55
406 47
433 13
383 96
409 69
407 60
434 91
384 58
410 15
408 38
435 81
385 19
411 75
409 56
436 84
386 32
412 96
410 37
437 58
387 34
413 32
411 14
438 23
388 97
414 44
412 16
439 64
389 34
415 37
413 96
440 81
390 40
416 77
414 30
441 85
391 63
417 20
415 84
442 61
392 67
418 96
416 15
443 82
393 26
419 70
417 20
444 83
394 66
420 56
418 65
445 79
395 15
421 13
419 99
446 23
396 73
422 59
420 29
447 40
397 38
423 61
421 37
448 93
398 60
424 67
422 77
449 82
399 17
425 82
423 79
450 40
400 56
424 85
451 17
401 60
427 91
452 89
402 60
428 91
426 48
453 19
403 76
429 41
427 24
454 85
404 66
430 59
428 22
455 20
405 18
431 77
429 42
456 25
406 41
432 22
430 94
457 64
407 42
433 39
431 71
458 36
408 23
434 71
432 41
459 51
409 71
435 14
433 27
460 71
410 56
436 69
434 38
461 67
411 93
437 18
435 74
462 67
412 22
438 90
436 14
463 36
413 15
439 53
437 13
464 56
414 92
440 51
438 12
465 89
415 26
441 18
439 98
466 30
416 27
442 61
440 39
467 10
417 54
443 97
441 90
468 47
418 60
444 34
442 62
469 62
419 67
445 59
443 29
470 83
420 89
446 50
444 91
471 80
421 15
447 53
445 56
472 23
422 52
448 57
446 52
473 15
423 100
449 91
447 31
474 31
424 46
450 45
448 36
475 46
425 43
449 72
476 97
426 13
452 61
477 70
427 88
453 86
451 70
478 87
428 85
454 92
452 91
479 42
429 59
455 68
453 97
480 20
430 85
456 82
454 54
481 63
431 86
457 79
455 61
482 43
432 48
458 58
456 68
483 66
433 61
459 73
457 90
484 54
434 67
460 73
458 18
485 11
435 51
461 69
459 81
486 63
436 20
462 19
460 79
487 88
437 19
463 66
461 68
488 94
438 47
464 95
462 89
489 35
439 100
465 71
463 60
490 72
440 16
466 79
464 62
491 44
441 79
467 29
465 80
492 58
442 34
468 19
466 36
493 50
443 35
469 82
467 55
494 92
444 23
470 94
468 43
495 31
445 58
471 60
469 69
496 74
446 51
472 98
470 63
497 16
447 13
473 52
471 82
498 13
448 33
474 26
472 56
499 85
449 24
475 18
473 11
500 34
450 14
474 52
501 95
451 97
477 93
502 58
452 22
478 14
476 51
503 13
453 78
479 79
477 44
504 88
454 51
480 23
478 41
505 84
455 98
481 67
479 28
506 61
456 61
482 100
480 26
507 39
457 56
483 16
481 40
508 58
458 73
484 78
482 93
509 26
459 39
485 50
483 27
510 55
460 64
486 55
484 41
511 74
461 97
487 98
485 43
512 55
462 45
488 41
486 82
513 83
463 70
489 45
487 78
514 68
464 85
490 11
488 56
515 39
465 81
491 66
489 72
516 43
466 49
492 93
490 90
517 53
467 29
493 89
491 60
518 60
468 63
494 100
492 11
519 95
469 91
495 58
493 48
520 51
470 79
496 77
494 21
521 92
471 21
497 69
495 75
522 79
472 55
498 32
496 23
523 28
473 54
499 47
497 89
524 12
474 64
500 17
498 17
525 20
475 29
499 65
526 50
476 26
502 52
527 65
477 92
503 95
501 56
528 27
478 29
504 28
502 13
529 33
479 58
505 29
503 45
530 68
480 24
506 88
504 49
531 89
481 13
507 40
505 58
532 47
482 90
508 82
506 38
533 34
483 19
509 30
507 18
534 84
484 96
510 60
508 26
535 47
485 16
511 21
509 44
536 13
486 24
512 29
510 56
537 74
487 61
513 60
511 50
538 53
488 98
514 31
512 59
539 42
489 59
515 17
513 43
540 99
490 50
516 60
514 33
541 25
491 15
517 63
515 79
542 48
492 16
518 16
516 17
543 16
493 37
519 44
517 44
544 63
494 76
520 25
518 69
545 85
495 55
521 68
519 49
546 38
496 61
522 47
520 25
547 33
497 100
523 61
521 64
548 27
498 60
524 46
522 48
549 55
499 82
525 91
523 15
550 24
500 48
524 87
551 83
501 85
527 30
552 95
502 87
528 42
526 65
553 13
503 78
529 53
527 42
554 26
504 89
530 17
528 91
555 16
505 22
531 17
529 69
556 26
506 83
532 64
530 80
557 69
507 44
533 63
531 63
558 60
508 39
534 64
532 52
559 87
509 54
535 39
533 88
560 38
510 25
536 95
534 97
561 75
511 81
537 27
535 22
562 63
512 83
538 29
536 69
563 79
513 89
539 11
537 89
564 34
514 69
540 14
538 83
565 87
515 48
541 38
539 35
566 30
516 62
542 77
540 75
567 13
517 32
543 72
541 32
568 52
518 97
544 57
542 69
569 90
519 69
545 34
543 82
570 90
520 63
546 35
544 13
571 59
521 83
547 41
545 23
572 17
522 61
548 16
546 41
573 63
523 50
549 93
547 41
574 55
524 22
550 53
548 19
575 76
525 39
549 79
576 98
526 76
552 53
577 37
527 26
553 85
551 10
578 63
528 54
554 64
552 11
579 49
529 20
555 49
553 94
580 21
530 81
556 31
554 66
581 46
531 41
557 77
555 35
582 96
532 77
558 95
556 19
583 47
533 68
559 18
557 25
584 67
534 22
560 83
558 47
585 22
535 98
561 12
559 43
586 24
536 48
562 30
560 61
587 16
537 55
563 36
561 11
588 54
538 28
564 88
562 26
589 97
539 61
565 45
563 18
590 96
540 99
566 66
564 53
591 40
541 65
567 54
565 21
592 84
542 27
568 69
566 70
593 76
543 58
569 33
567 99
594 88
544 78
570 18
568 29
595 58
545 21
571 67
569 40
596 67
546 83
572 29
570 62
597 28
547 26
573 70
571 59
598 54
548 73
574 56
572 22
599 44
549 51
575 32
573 85
600 81
550 85
574 43
601 84
551 39
577 70
602 40
552 86
578 19
576 31
603 29
553 57
579 84
577 70
604 68
554 57
580 53
578 43
605 34
555 90
581 66
579 35
606 30
556 87
582 31
580 16
607 58
557 81
583 38
581 20
608 36
558 80
584 17
582 15
609 29
559 97
585 23
583 64
610 77
560 61
586 72
584 46
611 60
561 95
587 100
585 68
612 71
562 100
588 12
586 12
613 20
563 30
589 99
587 64
614 58
564 86
590 39
588 11
615 61
565 51
591 53
589 28
616 31
566 47
592 19
590 67
617 67
567 34
593 30
591 15
618 94
568 23
594 86
592 51
619 68
569 12
595 22
593 58
620 72
570 90
596 86
594 28
621 64
571 87
597 35
595 37
622 42
572 70
598 87
596 21
623 76
573 76
599 78
597 80
624 43
574 26
600 61
598 76
625 65
575 47
599 68
576 78
602 100
577 49
603 26
601 32
578 64
604 61
602 76
579 47
605 71
603 70
580 59
606 41
604 30
581 23
607 30
605 71
582 23
608 65
606 82
583 14
609 57
607 31
584 93
610 20
608 24
585 77
611 35
609 29
586 11
612 47
610 29
587 74
613 20
611 10
588 61
614 92
612 28
589 47
615 56
613 13
590 49
616 73
614 60
591 52
617 99
615 87
592 18
618 62
616 55
593 87
619 35
617 95
594 11
620 29
618 69
595 77
621 36
619 94
596 56
622 85
620 87
597 42
623 86
621 100
598 56
624 35
622 29
599 72
625 76
623 22
600 39
624 38
89
104
2 397 89 
1 215 
2 436 226 
4 242 463 280 282 
1 190 
3 279 271 179 
2 511 475 
2 249 386 
2 620 315 
2 197 410 
1 142 
4 493 422 72 311 
2 297 28 
2 616 327 
2 590 86 
3 390 540 192 
1 322 
1 411 
1 610 
2 14 29 
1 216 
2 332 416 
1 417 
1 604 
3 160 112 553 
3 227 337 570 
1 320 
1 67 
1 77 
2 200 338 
1 208 
1 601 
1 214 
3 450 74 68 
2 202 193 
1 304 
2 519 510 
2 446 307 
1 555 
1 136 
2 396 566 
2 599 488 
1 520 
3 470 505 562 
2 577 365 
3 558 40 423 
1 61 
2 134 65 
2 52 328 
2 253 275 
3 465 556 2 
1 472 
2 138 494 
3 523 163 608 
2 87 108 
4 171 516 191 188 
4 330 458 186 321 
2 559 76 
3 261 38 25 
3 155 480 127 
3 298 265 486 
2 572 535 
1 375 
1 454 
2 94 36 
3 542 213 137 
2 381 313 
1 158 
2 340 615 
1 294 
1 106 
2 551 442 
1 5 
1 277 
2 258 4 
1 19 
1 176 
1 560 
1 181 
2 564 618 
2 92 364 
1 468 
1 355 
1 169 
2 10 517 
3 466 114 578 
1 15 
1 295 
3 172 157 407 
1 256 
3 20 99 602 
1 514 
1 613 
1 196 
4 55 287 573 32 
2 31 219 
3 373 595 312 
5 534 617 195 73 66 
1 56 
2 455 575 
1 343 
1 383 
2 624 34 
2 431 600 
1 64 
3 481 170 376 
2 97 495 
1 43 
2 147 254 
4 85 430 268 90 
1 401 
2 152 140 
2 148 234 
1 283 
1 418 
2 452 349 
1 586 
1 104 
