400 1500 10 100 76
2
3
3
3
3
3
3
3
3
3
3
3
3
3
3
3
3
3
3
3
3
3
3
3
3
3
3
3
3
3
3
3
3
3
3
3
3
3
3
2
3
4
4
4
4
4
4
4
4
4
4
4
4
4
4
4
4
4
4
4
4
4
4
4
4
4
4
4
4
4
4
4
4
4
4
4
4
4
4
3
3
4
4
4
4
4
4
4
4
4
4
4
4
4
4
4
4
4
4
4
4
4
4
4
4
4
4
4
4
4
4
4
4
4
4
4
4
4
4
3
3
4
4
4
4
4
4
4
4
4
4
4
4
4
4
4
4
4
4
4
4
4
4
4
4
4
4
4
4
4
4
4
4
4
4
4
4
4
4
3
3
4
4
4
4
4
4
4
4
4
4
4
4
4
4
4
4
4
4
4
4
4
4
4
4
4
4
4
4
4
4
4
4
4
4
4
4
4
4
3
3
4
4
4
4
4
4
4
4
4
4
4
4
4
4
4
4
4
4
4
4
4
4
4
4
4
4
4
4
4
4
4
4
4
4
4
4
4
4
3
3
4
4
4
4
4
4
4
4
4
4
4
4
4
4
4
4
4
4
4
4
4
4
4
4
4
4
4
4
4
4
4
4
4
4
4
4
4
4
3
3
4
4
4
4
4
4
4
4
4
4
4
4
4
4
4
4
4
4
4
4
4
4
4
4
4
4
4
4
4
4
4
4
4
4
4
4
4
4
3
3
4
4
4
4
4
4
4
4
4
4
4
4
4
4
4
4
4
4
4
4
4
4
4
4
4
4
4
4
4
4
4
4
4
4
4
4
4
4
3
2
3
3
3
3
3
3
3
3
3
3
3
3
3
3
3
3
3
3
3
3
3
3
3
3
3
3
3
3
3
3
3
3
3
3
3
3
3
3
2
41 100
2 29
42 97
3 57
1 69
43 81
4 77
2 89
44 16
5 85
3 78
45 49
6 38
4 66
46 63
7 17
5 71
47 96
8 14
6 31
48 17
9 62
7 19
49 59
10 74
8 72
50 10
11 77
9 50
51 17
12 34
10 90
52 22
13 75
11 77
53 36
14 70
12 49
54 65
15 22
13 69
55 62
16 11
14 24
56 43
17 78
15 22
57 64
18 50
16 13
58 39
19 90
17 27
59 66
20 96
18 64
60 15
21 39
19 39
61 77
22 16
20 35
62 93
23 53
21 56
63 26
24 25
22 66
64 100
25 80
23 20
65 85
26 25
24 29
66 82
27 44
25 74
67 51
28 29
26 59
68 81
29 84
27 69
69 65
30 49
28 56
70 27
31 67
29 86
71 41
32 36
30 91
72 27
33 68
31 97
73 49
34 38
32 51
74 28
35 45
33 47
75 20
36 65
34 80
76 65
37 68
35 92
77 93
38 59
36 47
78 64
39 98
37 49
79 48
40 93
38 82
80 59
39 21
81 57
1 95
42 57
82 46
2 35
43 83
41 85
83 98
3 76
44 69
42 57
84 77
4 33
45 58
43 37
85 49
5 19
46 78
44 23
86 98
6 53
47 39
45 99
87 98
7 87
48 29
46 89
88 39
8 35
49 50
47 35
89 22
9 69
50 63
48 92
90 11
10 39
51 92
49 68
91 100
11 10
52 37
50 63
92 85
12 73
53 62
51 68
93 93
13 52
54 87
52 82
94 59
14 72
55 35
53 62
95 92
15 91
56 77
54 73
96 47
16 95
57 37
55 100
97 23
17 100
58 37
56 41
98 80
18 47
59 52
57 57
99 91
19 26
60 14
58 55
100 90
20 16
61 12
59 92
101 55
21 37
62 28
60 71
102 37
22 96
63 77
61 62
103 67
23 64
64 30
62 12
104 68
24 69
65 76
63 84
105 96
25 89
66 50
64 81
106 38
26 97
67 20
65 15
107 27
27 26
68 14
66 11
108 84
28 25
69 66
67 82
109 46
29 23
70 74
68 83
110 21
30 59
71 54
69 49
111 62
31 19
72 32
70 78
112 15
32 17
73 43
71 69
113 37
33 87
74 79
72 65
114 29
34 94
75 96
73 55
115 90
35 84
76 14
74 25
116 21
36 74
77 85
75 79
117 61
37 70
78 60
76 56
118 12
38 51
79 58
77 62
119 100
39 85
80 39
78 85
120 11
40 30
79 75
121 75
41 64
82 99
122 25
42 59
83 99
81 100
123 51
43 90
84 83
82 83
124 31
44 30
85 51
83 41
125 91
45 54
86 38
84 47
126 56
46 47
87 34
85 65
127 79
47 47
88 19
86 55
128 53
48 70
89 27
87 14
129 28
49 38
90 81
88 73
130 11
50 84
91 27
89 87
131 74
51 82
92 13
90 35
132 59
52 75
93 49
91 42
133 51
53 52
94 15
92 42
134 54
54 99
95 82
93 94
135 75
55 40
96 66
94 96
136 13
56 60
97 39
95 35
137 96
57 97
98 69
96 89
138 87
58 23
99 43
97 55
139 95
59 52
100 88
98 79
140 41
60 71
101 98
99 20
141 28
61 12
102 26
100 28
142 20
62 45
103 77
101 70
143 10
63 52
104 58
102 40
144 82
64 19
105 95
103 69
145 66
65 19
106 85
104 73
146 31
66 37
107 89
105 84
147 62
67 21
108 71
106 41
148 48
68 95
109 78
107 69
149 91
69 72
110 94
108 80
150 24
70 63
111 14
109 44
151 16
71 56
112 19
110 50
152 65
72 61
113 50
111 88
153 88
73 60
114 15
112 97
154 47
74 99
115 45
113 17
155 39
75 91
116 40
114 33
156 92
76 27
117 77
115 20
157 23
77 61
118 41
116 86
158 80
78 12
119 55
117 73
159 18
79 50
120 54
118 13
160 78
80 68
119 99
161 61
81 57
122 15
162 69
82 51
123 97
121 98
163 24
83 77
124 17
122 98
164 100
84 75
125 54
123 49
165 98
85 74
126 42
124 50
166 93
86 31
127 45
125 70
167 72
87 94
128 17
126 37
168 77
88 91
129 76
127 23
169 68
89 93
130 20
128 93
170 31
90 25
131 14
129 82
171 57
91 73
132 43
130 14
172 15
92 43
133 91
131 74
173 59
93 77
134 89
132 62
174 25
94 27
135 50
133 77
175 53
95 39
136 18
134 94
176 23
96 31
137 97
135 29
177 28
97 90
138 53
136 93
178 78
98 70
139 90
137 28
179 55
99 80
140 67
138 25
180 54
100 31
141 15
139 71
181 17
101 86
142 88
140 58
182 48
102 54
143 27
141 84
183 52
103 15
144 95
142 75
184 83
104 39
145 15
143 95
185 15
105 50
146 11
144 47
186 27
106 59
147 33
145 16
187 52
107 73
148 81
146 75
188 77
108 18
149 60
147 58
189 42
109 67
150 42
148 45
190 41
110 91
151 43
149 90
191 79
111 53
152 25
150 42
192 92
112 37
153 99
151 13
193 83
113 92
154 81
152 32
194 22
114 36
155 25
153 99
195 73
115 59
156 65
154 43
196 95
116 29
157 32
155 44
197 13
117 78
158 72
156 92
198 84
118 35
159 47
157 59
199 45
119 84
160 21
158 86
200 24
120 80
159 86
201 89
121 78
162 33
202 28
122 16
163 44
161 98
203 32
123 47
164 31
162 86
204 50
124 58
165 23
163 11
205 79
125 86
166 82
164 40
206 43
126 94
167 83
165 50
207 66
127 73
168 45
166 58
208 80
128 14
169 89
167 55
209 67
129 42
170 23
168 55
210 39
130 11
171 72
169 15
211 49
131 12
172 77
170 66
212 100
132 93
173 86
171 81
213 36
133 95
174 48
172 37
214 42
134 93
175 55
173 22
215 60
135 48
176 91
174 51
216 43
136 83
177 87
175 52
217 82
137 83
178 30
176 58
218 70
138 15
179 37
177 16
219 23
139 46
180 90
178 82
220 78
140 97
181 77
179 26
221 94
141 18
182 49
180 57
222 71
142 73
183 58
181 92
223 90
143 53
184 33
182 29
224 61
144 86
185 90
183 59
225 25
145 94
186 36
184 15
226 79
146 89
187 80
185 84
227 19
147 65
188 77
186 95
228 93
148 55
189 18
187 61
229 15
149 95
190 82
188 13
230 91
150 21
191 17
189 39
231 46
151 38
192 69
190 45
232 97
152 93
193 64
191 97
233 38
153 91
194 83
192 17
234 66
154 92
195 29
193 88
235 44
155 34
196 77
194 14
236 40
156 99
197 40
195 92
237 74
157 26
198 11
196 41
238 27
158 13
199 85
197 26
239 18
159 29
200 77
198 92
240 87
160 21
199 72
241 68
161 56
202 16
242 51
162 70
203 18
201 85
243 72
163 12
204 35
202 74
244 20
164 64
205 18
203 86
245 77
165 44
206 78
204 55
246 27
166 88
207 53
205 93
247 17
167 10
208 27
206 57
248 95
168 53
209 40
207 33
249 68
169 31
210 100
208 44
250 60
170 32
211 62
209 28
251 45
171 20
212 19
210 50
252 30
172 27
213 13
211 57
253 58
173 33
214 54
212 56
254 12
174 77
215 62
213 81
255 79
175 71
216 41
214 77
256 54
176 51
217 25
215 52
257 67
177 60
218 62
216 56
258 99
178 74
219 64
217 76
259 28
179 27
220 52
218 99
260 60
180 20
221 80
219 65
261 74
181 44
222 91
220 50
262 65
182 64
223 33
221 30
263 30
183 44
224 44
222 85
264 27
184 41
225 21
223 89
265 58
185 52
226 94
224 88
266 71
186 92
227 13
225 37
267 32
187 49
228 35
226 81
268 93
188 47
229 65
227 55
269 26
189 77
230 60
228 20
270 21
190 19
231 69
229 95
271 31
191 50
232 36
230 71
272 30
192 54
233 87
231 90
273 52
193 69
234 51
232 30
274 74
194 21
235 85
233 35
275 52
195 98
236 65
234 39
276 40
196 100
237 91
235 77
277 65
197 15
238 70
236 84
278 86
198 72
239 67
237 31
279 81
199 67
240 14
238 80
280 26
200 64
239 86
281 23
201 26
242 45
282 11
202 59
243 100
241 38
283 38
203 97
244 65
242 49
284 11
204 10
245 87
243 87
285 33
205 39
246 12
244 81
286 23
206 28
247 34
245 21
287 96
207 24
248 76
246 97
288 81
208 12
249 49
247 36
289 36
209 92
250 70
248 75
290 91
210 75
251 77
249 15
291 21
211 74
252 51
250 51
292 62
212 74
253 36
251 37
293 76
213 44
254 21
252 54
294 84
214 79
255 16
253 52
295 48
215 81
256 27
254 76
296 12
216 18
257 62
255 17
297 62
217 68
258 97
256 13
298 82
218 84
259 95
257 26
299 51
219 28
260 64
258 70
300 56
220 57
261 20
259 84
301 12
221 20
262 92
260 79
302 62
222 51
263 22
261 82
303 97
223 99
264 24
262 39
304 93
224 10
265 14
263 14
305 90
225 98
266 49
264 90
306 100
226 61
267 96
265 20
307 78
227 26
268 17
266 90
308 21
228 22
269 94
267 73
309 17
229 10
270 49
268 69
310 17
230 30
271 12
269 19
311 25
231 92
272 50
270 87
312 55
232 95
273 12
271 67
313 42
233 94
274 75
272 49
314 74
234 99
275 35
273 95
315 57
235 51
276 52
274 54
316 17
236 94
277 69
275 51
317 65
237 77
278 97
276 62
318 31
238 42
279 42
277 18
319 59
239 81
280 72
278 60
320 10
240 99
279 40
321 12
241 100
282 73
322 81
242 49
283 10
281 42
323 27
243 73
284 60
282 11
324 66
244 91
285 63
283 32
325 19
245 65
286 91
284 58
326 17
246 94
287 25
285 22
327 43
247 51
288 66
286 100
328 60
248 45
289 74
287 47
329 63
249 72
290 67
288 17
330 16
250 12
291 32
289 10
331 51
251 36
292 33
290 17
332 11
252 36
293 69
291 52
333 38
253 66
294 12
292 87
334 28
254 44
295 28
293 12
335 68
255 57
296 45
294 69
336 61
256 17
297 40
295 100
337 91
257 51
298 18
296 79
338 30
258 39
299 74
297 48
339 84
259 55
300 91
298 80
340 23
260 42
301 12
299 69
341 25
261 71
302 44
300 44
342 67
262 50
303 43
301 14
343 60
263 97
304 65
302 73
344 32
264 37
305 24
303 12
345 65
265 94
306 25
304 11
346 91
266 48
307 91
305 44
347 90
267 15
308 13
306 18
348 74
268 40
309 72
307 33
349 94
269 15
310 38
308 59
350 31
270 26
311 55
309 84
351 19
271 14
312 63
310 25
352 97
272 42
313 96
311 91
353 28
273 68
314 58
312 69
354 50
274 48
315 21
313 87
355 37
275 56
316 29
314 26
356 79
276 95
317 87
315 11
357 43
277 47
318 26
316 38
358 83
278 40
319 43
317 65
359 20
279 58
320 32
318 72
360 46
280 38
319 28
361 86
281 25
322 25
362 70
282 100
323 72
321 72
363 22
283 87
324 48
322 49
364 86
284 35
325 99
323 10
365 97
285 97
326 87
324 62
366 86
286 69
327 82
325 79
367 37
287 84
328 84
326 11
368 12
288 51
329 40
327 72
369 94
289 37
330 98
328 98
370 53
290 59
331 15
329 43
371 92
291 12
332 14
330 51
372 10
292 71
333 22
331 79
373 89
293 21
334 18
332 90
374 17
294 99
335 32
333 59
375 89
295 26
336 26
334 22
376 42
296 23
337 100
335 11
377 86
297 14
338 84
336 97
378 11
298 29
339 36
337 70
379 65
299 28
340 39
338 67
380 69
300 95
341 54
339 19
381 11
301 15
342 41
340 29
382 57
302 92
343 48
341 41
383 30
303 51
344 95
342 25
384 43
304 96
345 18
343 11
385 35
305 54
346 43
344 82
386 39
306 23
347 39
345 59
387 19
307 67
348 67
346 28
388 57
308 82
349 76
347 99
389 87
309 88
350 34
348 74
390 64
310 79
351 48
349 86
391 69
311 77
352 22
350 26
392 72
312 98
353 24
351 93
393 44
313 49
354 39
352 59
394 96
314 39
355 87
353 17
395 70
315 79
356 35
354 78
396 81
316 78
357 84
355 96
397 94
317 52
358 88
356 51
398 15
318 10
359 26
357 73
399 52
319 25
360 95
358 22
400 25
320 45
359 55
321 84
362 56
322 86
363 39
361 77
323 88
364 55
362 49
324 16
365 22
363 18
325 63
366 66
364 24
326 59
367 12
365 93
327 51
368 75
366 37
328 46
369 68
367 21
329 42
370 58
368 90
330 32
371 83
369 13
331 68
372 57
370 34
332 82
373 56
371 88
333 32
374 91
372 60
334 46
375 17
373 48
335 77
376 55
374 87
336 99
377 24
375 80
337 82
378 22
376 43
338 60
379 19
377 16
339 77
380 26
378 100
340 19
381 42
379 88
341 70
382 76
380 71
342 83
383 79
381 11
343 53
384 58
382 11
344 76
385 78
383 40
345 82
386 45
384 15
346 91
387 76
385 40
347 70
388 59
386 83
348 54
389 24
387 98
349 67
390 92
388 20
350 51
391 89
389 84
351 77
392 75
390 32
352 91
393 22
391 15
353 25
394 65
392 18
354 12
395 85
393 19
355 23
396 69
394 95
356 49
397 18
395 16
357 15
398 67
396 64
358 14
399 12
397 47
359 63
400 96
398 62
360 57
399 65
29
1
1 29 
3 325 59 363 
1 11 
2 47 58 
3 279 242 21 
1 190 
4 335 334 320 96 
1 267 
1 168 
1 82 
1 137 
1 356 
1 127 
2 150 60 
1 213 
1 287 
3 53 252 125 
2 109 375 
1 129 
1 302 
2 280 132 
3 162 158 207 
1 338 
1 118 
2 102 366 
1 41 
2 326 352 
3 103 130 81 
3 155 198 379 
3 123 310 199 
2 205 297 
1 84 
2 203 214 
3 197 35 399 
1 89 
2 225 222 
1 361 
2 388 354 
2 257 293 
3 322 271 236 
1 62 
2 227 258 
2 311 12 
5 262 153 5 156 270 
3 185 149 139 
2 290 122 
1 104 
2 285 17 
1 151 
2 184 202 
1 38 
4 73 114 368 219 
1 221 
2 289 259 
4 154 48 119 269 
3 373 323 189 
3 377 274 93 
2 13 316 
1 240 
1 395 
3 350 245 349 
3 135 345 40 
1 301 
3 255 108 43 
1 317 
1 390 
2 333 367 
1 244 
3 171 70 386 
1 173 
1 133 
1 148 
1 110 
1 117 
1 136 
1 1 
