100 342 11 100 19
2
3
3
2
3
4
4
3
3
4
4
3
3
4
4
3
3
4
4
3
3
4
4
3
3
4
4
3
3
4
4
3
3
4
4
3
3
4
4
3
3
4
4
3
3
4
4
3
3
4
4
3
3
4
4
3
3
4
4
3
3
4
4
3
3
4
4
3
3
4
4
3
3
4
4
3
3
4
4
3
3
4
4
3
3
4
4
3
3
4
4
3
3
4
4
3
2
3
3
2
5 60
2 29
6 58
3 57
1 69
7 39
4 77
2 89
8 99
3 78
9 99
1 62
6 85
10 83
2 85
7 38
5 66
11 51
3 75
8 17
6 71
12 38
4 100
7 31
13 34
5 83
10 14
14 19
6 41
11 62
9 19
15 27
7 47
12 74
10 72
16 81
8 65
11 50
17 27
9 55
14 77
18 13
10 14
15 34
13 90
19 49
11 73
16 75
14 77
20 15
12 87
15 49
21 82
13 35
18 70
22 66
14 42
19 22
17 69
23 39
15 42
20 11
18 24
24 69
16 94
19 22
25 43
17 96
22 78
26 88
18 35
23 50
21 13
27 98
19 89
24 90
22 27
28 26
20 55
23 64
29 77
21 79
26 96
30 58
22 20
27 39
25 39
31 95
23 28
28 16
26 35
32 85
24 70
27 56
33 89
25 40
30 53
34 71
26 69
31 25
29 66
35 78
27 73
32 80
30 20
36 94
28 84
31 29
37 14
29 41
34 25
38 19
30 69
35 44
33 74
39 50
31 80
36 29
34 59
40 15
32 44
35 69
41 45
33 50
38 84
42 40
34 88
39 49
37 56
43 77
35 97
40 67
38 86
44 41
36 17
39 91
45 55
37 33
42 36
46 54
38 20
43 68
41 97
47 15
39 86
44 38
42 51
48 97
40 73
43 47
49 17
41 13
46 45
50 54
42 99
47 65
45 80
51 42
43 98
48 68
46 92
52 45
44 98
47 47
53 17
45 49
50 59
54 76
46 50
51 98
49 49
55 20
47 70
52 93
50 82
56 14
48 37
51 21
57 43
49 23
54 57
58 91
50 93
55 83
53 85
59 89
51 82
56 69
54 57
60 50
52 14
55 37
61 18
53 74
58 58
62 97
54 62
59 78
57 23
63 53
55 77
60 39
58 99
64 90
56 94
59 89
65 67
57 29
62 29
66 15
58 93
63 50
61 35
67 88
59 28
64 63
62 92
68 27
60 25
63 68
69 95
61 71
66 92
70 15
62 58
67 37
65 63
71 11
63 84
68 62
66 68
72 33
64 75
67 82
73 81
65 95
70 87
74 60
66 47
71 35
69 62
75 42
67 16
72 77
70 73
76 43
68 75
71 100
77 25
69 58
74 37
78 99
70 45
75 37
73 41
79 81
71 90
76 52
74 57
80 25
72 42
75 55
81 65
73 13
78 14
82 32
74 32
79 12
77 92
83 72
75 99
80 28
78 71
84 47
76 43
79 62
85 21
77 44
82 77
86 33
78 92
83 30
81 12
87 44
79 59
84 76
82 84
88 31
80 86
83 81
89 23
81 86
86 50
90 82
82 98
87 20
85 15
91 83
83 86
88 14
86 11
92 45
84 11
87 82
93 89
85 40
90 66
94 23
86 50
91 74
89 83
95 72
87 58
92 54
90 49
96 77
88 55
91 78
97 86
89 55
94 32
98 48
90 15
95 43
93 69
99 55
91 66
96 79
94 65
100 91
92 81
95 55
93 37
98 96
94 22
99 14
97 25
95 51
100 85
98 79
96 52
99 56
53
24
2 91 53 
3 79 42 93 
1 70 
2 100 20 
1 12 
1 83 
3 66 22 27 
2 92 48 
1 58 
1 9 
2 29 47 
1 80 
1 75 
3 88 31 44 
1 11 
2 94 95 
2 17 71 
4 15 30 25 19 
2 37 24 
