196 728 10 100 37
2
3
3
3
3
3
3
3
3
3
3
3
3
2
3
4
4
4
4
4
4
4
4
4
4
4
4
3
3
4
4
4
4
4
4
4
4
4
4
4
4
3
3
4
4
4
4
4
4
4
4
4
4
4
4
3
3
4
4
4
4
4
4
4
4
4
4
4
4
3
3
4
4
4
4
4
4
4
4
4
4
4
4
3
3
4
4
4
4
4
4
4
4
4
4
4
4
3
3
4
4
4
4
4
4
4
4
4
4
4
4
3
3
4
4
4
4
4
4
4
4
4
4
4
4
3
3
4
4
4
4
4
4
4
4
4
4
4
4
3
3
4
4
4
4
4
4
4
4
4
4
4
4
3
3
4
4
4
4
4
4
4
4
4
4
4
4
3
3
4
4
4
4
4
4
4
4
4
4
4
4
3
2
3
3
3
3
3
3
3
3
3
3
3
3
2
15 94
2 29
16 18
3 88
1 66
17 54
4 76
2 78
18 54
5 58
3 13
19 92
6 55
4 83
20 10
7 86
5 73
21 49
8 56
6 12
22 96
9 44
7 67
23 65
10 80
8 68
24 58
11 55
9 60
25 62
12 58
10 90
26 33
13 60
11 14
27 27
14 42
12 45
28 84
13 60
29 68
1 40
16 56
30 14
2 63
17 33
15 98
31 18
3 99
18 47
16 69
32 64
4 30
19 44
17 52
33 34
5 36
20 94
18 92
34 16
6 72
21 50
19 57
35 47
7 47
22 26
20 71
36 31
8 40
23 80
21 78
37 88
9 40
24 38
22 32
38 32
10 69
25 95
23 93
39 87
11 32
26 32
24 28
40 82
12 19
27 33
25 54
41 68
13 31
28 89
26 33
42 28
14 12
27 74
43 94
15 83
30 81
44 49
16 66
31 28
29 80
45 36
17 70
32 76
30 11
46 78
18 24
33 34
31 37
47 28
19 94
34 88
32 83
48 19
20 91
35 44
33 58
49 20
21 63
36 19
34 31
50 56
22 80
37 45
35 84
51 98
23 18
38 85
36 22
52 64
24 16
39 24
37 10
53 71
25 23
40 73
38 26
54 52
26 65
41 93
39 22
55 22
27 22
42 12
40 79
56 23
28 93
41 89
57 94
29 71
44 95
58 47
30 58
45 30
43 44
59 22
31 31
46 90
44 46
60 83
32 20
47 60
45 67
61 50
33 19
48 82
46 63
62 45
34 27
49 38
47 88
63 18
35 67
50 75
48 28
64 40
36 92
51 74
49 89
65 14
37 37
52 50
50 65
66 100
38 68
53 18
51 40
67 22
39 89
54 41
52 28
68 73
40 59
55 68
53 89
69 73
41 97
56 24
54 84
70 86
42 79
55 33
71 34
43 90
58 62
72 91
44 80
59 80
57 34
73 63
45 59
60 38
58 54
74 90
46 87
61 67
59 84
75 16
47 29
62 81
60 77
76 78
48 19
63 47
61 88
77 87
49 36
64 48
62 58
78 81
50 68
65 93
63 88
79 29
51 60
66 20
64 58
80 48
52 84
67 34
65 22
81 69
53 52
68 22
66 13
82 11
54 68
69 56
67 49
83 29
55 55
70 85
68 70
84 38
56 33
69 81
85 45
57 49
72 41
86 34
58 56
73 89
71 62
87 66
59 91
74 54
72 12
88 10
60 94
75 99
73 33
89 47
61 64
76 15
74 97
90 79
62 28
77 30
75 40
91 40
63 86
78 20
76 95
92 46
64 75
79 73
77 75
93 74
65 72
80 26
78 37
94 56
66 34
81 65
79 31
95 16
67 47
82 56
80 86
96 14
68 85
83 48
81 100
97 22
69 78
84 20
82 84
98 19
70 25
83 24
99 37
71 38
86 90
100 78
72 24
87 38
85 79
101 57
73 76
88 58
86 87
102 59
74 61
89 37
87 54
103 75
75 43
90 77
88 51
104 99
76 23
91 70
89 22
105 13
77 96
92 38
90 67
106 46
78 72
93 24
91 28
107 17
79 54
94 25
92 99
108 19
80 67
95 33
93 35
109 48
81 79
96 85
94 79
110 99
82 81
97 26
95 44
111 33
83 80
98 38
96 26
112 68
84 10
97 75
113 97
85 13
100 94
114 75
86 38
101 45
99 93
115 84
87 38
102 56
100 56
116 36
88 98
103 46
101 56
117 71
89 70
104 49
102 47
118 72
90 17
105 88
103 42
119 24
91 32
106 38
104 44
120 64
92 11
107 50
105 22
121 85
93 45
108 40
106 24
122 52
94 77
109 89
107 73
123 73
95 61
110 77
108 26
124 35
96 61
111 64
109 10
125 53
97 84
112 95
110 24
126 39
98 11
111 15
127 95
99 47
114 31
128 61
100 42
115 47
113 88
129 59
101 40
116 57
114 93
130 61
102 44
117 18
115 39
131 82
103 83
118 20
116 26
132 16
104 74
119 61
117 51
133 43
105 46
120 42
118 32
134 65
106 91
121 40
119 97
135 48
107 73
122 13
120 31
136 57
108 53
123 79
121 50
137 11
109 78
124 40
122 16
138 12
110 51
125 54
123 50
139 59
111 45
126 68
124 45
140 90
112 31
125 16
141 88
113 81
128 83
142 75
114 32
129 27
127 83
143 36
115 70
130 84
128 70
144 93
116 91
131 74
129 24
145 12
117 13
132 43
130 14
146 99
118 76
133 88
131 79
147 79
119 24
134 16
132 52
148 51
120 39
135 27
133 51
149 38
121 97
136 21
134 24
150 64
122 28
137 69
135 84
151 62
123 100
138 24
136 97
152 10
124 50
139 22
137 98
153 95
125 19
140 96
138 81
154 17
126 73
139 36
155 47
127 83
142 17
156 33
128 69
143 56
141 42
157 53
129 41
144 48
142 49
158 62
130 74
145 72
143 42
159 82
131 24
146 19
144 47
160 68
132 37
147 92
145 100
161 65
133 96
148 93
146 91
162 75
134 66
149 32
147 61
163 16
135 84
150 87
148 17
164 59
136 56
151 35
149 53
165 72
137 73
152 97
150 25
166 54
138 27
153 91
151 62
167 95
139 97
154 93
152 85
168 93
140 49
153 11
169 15
141 10
156 86
170 86
142 53
157 61
155 56
171 100
143 75
158 81
156 13
172 49
144 53
159 27
157 33
173 20
145 25
160 70
158 29
174 43
146 47
161 34
159 60
175 76
147 100
162 30
160 79
176 96
148 54
163 65
161 92
177 26
149 30
164 69
162 70
178 29
150 72
165 18
163 90
179 93
151 30
166 18
164 90
180 93
152 42
167 93
165 40
181 40
153 21
168 61
166 64
182 68
154 20
167 76
183 19
155 40
170 61
184 95
156 64
171 39
169 82
185 24
157 48
172 44
170 45
186 79
158 89
173 49
171 50
187 19
159 76
174 100
172 31
188 46
160 68
175 91
173 82
189 86
161 45
176 48
174 34
190 46
162 61
177 58
175 49
191 44
163 88
178 93
176 39
192 54
164 25
179 61
177 58
193 85
165 61
180 67
178 25
194 29
166 48
181 99
179 54
195 33
167 73
182 65
180 21
196 11
168 43
181 37
169 57
184 14
170 38
185 98
183 33
171 15
186 61
184 65
172 67
187 13
185 51
173 68
188 29
186 32
174 77
189 74
187 91
175 85
190 55
188 17
176 76
191 51
189 50
177 24
192 40
190 100
178 28
193 37
191 52
179 86
194 11
192 74
180 25
195 76
193 92
181 10
196 90
194 13
182 76
195 63
101
100
1 101 
2 134 16 
1 150 
1 84 
1 62 
1 192 
2 151 162 
3 30 179 92 
1 121 
3 122 133 34 
1 177 
3 140 167 104 
2 115 8 
1 131 
2 160 64 
1 106 
2 40 59 
2 186 33 
2 119 93 
2 35 32 
1 109 
1 126 
1 26 
4 65 138 128 61 
2 105 52 
2 108 148 
1 46 
1 9 
2 107 169 
3 78 22 132 
1 117 
4 74 185 173 27 
3 110 75 159 
2 19 87 
1 49 
3 44 196 147 
2 102 100 
