400 1520 10 100 76
2
3
3
3
3
3
3
3
3
3
3
3
3
3
3
3
3
3
3
2
3
4
4
4
4
4
4
4
4
4
4
4
4
4
4
4
4
4
4
3
3
4
4
4
4
4
4
4
4
4
4
4
4
4
4
4
4
4
4
3
3
4
4
4
4
4
4
4
4
4
4
4
4
4
4
4
4
4
4
3
3
4
4
4
4
4
4
4
4
4
4
4
4
4
4
4
4
4
4
3
3
4
4
4
4
4
4
4
4
4
4
4
4
4
4
4
4
4
4
3
3
4
4
4
4
4
4
4
4
4
4
4
4
4
4
4
4
4
4
3
3
4
4
4
4
4
4
4
4
4
4
4
4
4
4
4
4
4
4
3
3
4
4
4
4
4
4
4
4
4
4
4
4
4
4
4
4
4
4
3
3
4
4
4
4
4
4
4
4
4
4
4
4
4
4
4
4
4
4
3
3
4
4
4
4
4
4
4
4
4
4
4
4
4
4
4
4
4
4
3
3
4
4
4
4
4
4
4
4
4
4
4
4
4
4
4
4
4
4
3
3
4
4
4
4
4
4
4
4
4
4
4
4
4
4
4
4
4
4
3
3
4
4
4
4
4
4
4
4
4
4
4
4
4
4
4
4
4
4
3
3
4
4
4
4
4
4
4
4
4
4
4
4
4
4
4
4
4
4
3
3
4
4
4
4
4
4
4
4
4
4
4
4
4
4
4
4
4
4
3
3
4
4
4
4
4
4
4
4
4
4
4
4
4
4
4
4
4
4
3
3
4
4
4
4
4
4
4
4
4
4
4
4
4
4
4
4
4
4
3
3
4
4
4
4
4
4
4
4
4
4
4
4
4
4
4
4
4
4
3
2
3
3
3
3
3
3
3
3
3
3
3
3
3
3
3
3
3
3
2
21 64
2 29
22 91
3 17
1 14
23 73
4 18
2 84
24 29
5 26
3 18
25 98
6 58
4 88
26 73
7 70
5 97
27 19
8 97
6 15
28 66
9 74
7 91
29 80
10 30
8 23
30 18
11 39
9 25
31 38
12 69
10 59
32 95
13 19
11 74
33 46
14 14
12 88
34 22
15 93
13 28
35 10
16 51
14 35
36 82
17 91
15 64
37 50
18 33
16 42
38 92
19 21
17 58
39 64
20 83
18 20
40 98
19 87
41 98
1 53
22 67
42 98
2 61
23 48
21 54
43 88
3 13
24 26
22 21
44 99
4 63
25 43
23 32
45 25
5 43
26 70
24 62
46 70
6 11
27 66
25 32
47 44
7 57
28 60
26 49
48 54
8 38
29 91
27 84
49 65
9 42
30 32
28 12
50 36
10 50
31 46
29 72
51 91
11 42
32 83
30 48
52 40
12 15
33 67
31 81
53 60
13 47
34 61
32 38
54 66
14 48
35 80
33 36
55 22
15 38
36 17
34 20
56 15
16 43
37 50
35 64
57 30
17 49
38 21
36 39
58 13
18 76
39 86
37 98
59 69
19 71
40 49
38 51
60 82
20 30
39 59
61 17
21 76
42 99
62 25
22 100
43 89
41 43
63 67
23 93
44 86
42 89
64 57
24 35
45 18
43 21
65 19
25 10
46 22
44 28
66 83
26 68
47 99
45 20
67 86
27 24
48 40
46 63
68 63
28 80
49 15
47 80
69 98
29 11
50 24
48 60
70 80
30 57
51 91
49 96
71 64
31 58
52 54
50 13
72 91
32 83
53 89
51 21
73 20
33 10
54 80
52 19
74 73
34 13
55 82
53 48
75 18
35 47
56 91
54 40
76 83
36 13
57 69
55 72
77 50
37 82
58 63
56 86
78 51
38 22
59 88
57 91
79 76
39 95
60 15
58 40
80 88
40 53
59 39
81 65
41 47
62 25
82 83
42 42
63 49
61 49
83 51
43 57
64 27
62 30
84 20
44 79
65 61
63 11
85 26
45 99
66 20
64 47
86 68
46 12
67 81
65 38
87 84
47 88
68 66
66 95
88 46
48 90
69 81
67 70
89 39
49 90
70 10
68 92
90 71
50 76
71 42
69 98
91 89
51 96
72 28
70 97
92 12
52 48
73 100
71 89
93 49
53 16
74 73
72 63
94 77
54 95
75 75
73 15
95 91
55 80
76 37
74 25
96 20
56 53
77 58
75 38
97 85
57 59
78 18
76 89
98 79
58 57
79 10
77 100
99 29
59 83
80 38
78 47
100 80
60 95
79 95
101 89
61 81
82 21
102 89
62 56
83 23
81 85
103 87
63 66
84 60
82 73
104 83
64 91
85 30
83 28
105 32
65 69
86 22
84 73
106 62
66 51
87 85
85 70
107 60
67 25
88 39
86 36
108 60
68 57
89 41
87 14
109 75
69 55
90 95
88 58
110 34
70 24
91 64
89 72
111 67
71 39
92 60
90 73
112 16
72 38
93 73
91 25
113 16
73 21
94 26
92 55
114 91
74 17
95 12
93 67
115 28
75 12
96 85
94 48
116 63
76 16
97 53
95 19
117 81
77 14
98 83
96 40
118 34
78 73
99 58
97 77
119 67
79 56
100 91
98 15
120 85
80 44
99 43
121 21
81 53
102 89
122 33
82 20
103 87
101 15
123 20
83 32
104 57
102 55
124 20
84 25
105 89
103 12
125 52
85 82
106 43
104 57
126 25
86 98
107 48
105 52
127 27
87 46
108 45
106 16
128 26
88 93
109 13
107 36
129 76
89 44
110 16
108 72
130 81
90 15
111 15
109 41
131 97
91 74
112 61
110 24
132 89
92 70
113 57
111 18
133 62
93 53
114 67
112 86
134 71
94 29
115 17
113 46
135 38
95 16
116 53
114 22
136 71
96 13
117 14
115 37
137 90
97 89
118 25
116 74
138 10
98 21
119 43
117 98
139 33
99 15
120 44
118 10
140 96
100 94
119 98
141 21
101 13
122 42
142 28
102 28
123 28
121 65
143 85
103 72
124 50
122 90
144 74
104 57
125 36
123 20
145 31
105 56
126 47
124 41
146 59
106 94
127 13
125 43
147 50
107 72
128 67
126 48
148 48
108 43
129 100
127 15
149 17
109 71
130 64
128 48
150 77
110 76
131 20
129 91
151 52
111 21
132 70
130 80
152 42
112 24
133 18
131 41
153 26
113 62
134 99
132 80
154 84
114 68
135 28
133 63
155 93
115 41
136 10
134 17
156 49
116 34
137 72
135 78
157 53
117 14
138 67
136 52
158 10
118 40
139 81
137 93
159 53
119 18
140 29
138 41
160 26
120 45
139 90
161 25
121 63
142 100
162 97
122 70
143 14
141 76
163 71
123 14
144 37
142 60
164 11
124 12
145 48
143 56
165 20
125 76
146 67
144 19
166 73
126 74
147 10
145 89
167 28
127 33
148 24
146 35
168 56
128 31
149 34
147 15
169 76
129 24
150 37
148 11
170 13
130 88
151 75
149 70
171 35
131 67
152 11
150 13
172 60
132 22
153 56
151 64
173 56
133 34
154 43
152 28
174 44
134 49
155 82
153 43
175 51
135 15
156 100
154 42
176 53
136 78
157 37
155 53
177 79
137 36
158 49
156 12
178 32
138 32
159 82
157 25
179 88
139 25
160 26
158 11
180 37
140 18
159 29
181 98
141 85
162 34
182 39
142 83
163 77
161 98
183 57
143 46
164 93
162 45
184 84
144 43
165 49
163 76
185 47
145 76
166 89
164 48
186 75
146 24
167 86
165 46
187 28
147 27
168 30
166 31
188 69
148 71
169 24
167 42
189 20
149 83
170 40
168 30
190 87
150 90
171 96
169 96
191 71
151 62
172 69
170 52
192 54
152 21
173 10
171 10
193 99
153 83
174 11
172 93
194 80
154 73
175 66
173 99
195 83
155 56
176 99
174 69
196 18
156 41
177 26
175 23
197 77
157 57
178 68
176 76
198 37
158 26
179 61
177 45
199 53
159 32
180 45
178 61
200 66
160 48
179 82
201 61
161 66
182 88
202 98
162 35
183 10
181 12
203 46
163 75
184 26
182 10
204 16
164 62
185 67
183 91
205 83
165 79
186 68
184 15
206 28
166 15
187 43
185 44
207 11
167 72
188 10
186 74
208 71
168 11
189 82
187 96
209 74
169 32
190 94
188 56
210 62
170 68
191 34
189 79
211 65
171 81
192 26
190 36
212 62
172 81
193 66
191 49
213 42
173 17
194 78
192 49
214 95
174 13
195 24
193 17
215 71
175 21
196 81
194 81
216 29
176 19
197 14
195 49
217 44
177 95
198 98
196 27
218 91
178 36
199 13
197 40
219 44
179 74
200 85
198 62
220 17
180 94
199 77
221 31
181 43
202 13
222 73
182 74
203 60
201 60
223 84
183 94
204 11
202 97
224 36
184 32
205 53
203 13
225 58
185 19
206 13
204 20
226 47
186 99
207 70
205 16
227 28
187 66
208 84
206 73
228 44
188 11
209 84
207 54
229 26
189 59
210 78
208 73
230 60
190 19
211 20
209 52
231 61
191 52
212 98
210 43
232 36
192 29
213 20
211 63
233 63
193 81
214 53
212 48
234 67
194 41
215 49
213 62
235 12
195 73
216 60
214 26
236 35
196 83
217 80
215 63
237 31
197 91
218 82
216 90
238 64
198 50
219 79
217 42
239 39
199 48
220 19
218 87
240 97
200 17
219 21
241 41
201 91
222 11
242 26
202 90
223 45
221 16
243 60
203 48
224 62
222 81
244 18
204 92
225 98
223 58
245 32
205 83
226 51
224 75
246 11
206 95
227 48
225 49
247 87
207 90
228 14
226 29
248 67
208 34
229 32
227 67
249 10
209 66
230 45
228 36
250 51
210 27
231 24
229 84
251 94
211 57
232 75
230 85
252 60
212 21
233 89
231 24
253 90
213 73
234 55
232 93
254 47
214 96
235 42
233 76
255 41
215 19
236 53
234 85
256 91
216 34
237 42
235 42
257 67
217 33
238 12
236 26
258 13
218 84
239 55
237 53
259 20
219 87
240 97
238 86
260 62
220 65
239 95
261 79
221 80
242 76
262 13
222 77
243 83
241 33
263 77
223 47
244 50
242 91
264 28
224 90
245 19
243 46
265 59
225 42
246 37
244 65
266 54
226 98
247 84
245 97
267 17
227 58
248 38
246 59
268 44
228 40
249 11
247 99
269 83
229 89
250 46
248 36
270 75
230 90
251 89
249 73
271 79
231 23
252 22
250 70
272 58
232 81
253 22
251 15
273 79
233 40
254 46
252 73
274 32
234 13
255 46
253 30
275 72
235 90
256 43
254 92
276 91
236 31
257 14
255 21
277 99
237 41
258 88
256 73
278 35
238 63
259 82
257 44
279 31
239 19
260 65
258 33
280 21
240 97
259 65
281 31
241 37
262 62
282 95
242 75
263 21
261 51
283 34
243 19
264 90
262 39
284 72
244 100
265 44
263 28
285 95
245 49
266 16
264 26
286 85
246 31
267 77
265 54
287 67
247 34
268 16
266 11
288 85
248 46
269 32
267 25
289 95
249 84
270 79
268 67
290 98
250 15
271 28
269 19
291 100
251 36
272 15
270 38
292 65
252 23
273 70
271 33
293 40
253 38
274 61
272 87
294 93
254 86
275 67
273 10
295 68
255 33
276 93
274 57
296 100
256 84
277 95
275 43
297 82
257 99
278 70
276 92
298 32
258 63
279 86
277 40
299 15
259 61
280 86
278 65
300 35
260 73
279 50
301 12
261 28
282 71
302 39
262 60
283 56
281 14
303 75
263 100
284 10
282 60
304 36
264 17
285 30
283 20
305 80
265 32
286 86
284 98
306 51
266 94
287 91
285 47
307 92
267 50
288 87
286 69
308 83
268 27
289 76
287 90
309 89
269 34
290 54
288 25
310 93
270 29
291 35
289 53
311 88
271 87
292 97
290 78
312 38
272 91
293 74
291 83
313 91
273 100
294 35
292 52
314 32
274 56
295 60
293 16
315 21
275 33
296 83
294 100
316 42
276 50
297 18
295 40
317 57
277 84
298 62
296 88
318 25
278 43
299 27
297 56
319 72
279 15
300 31
298 10
320 99
280 21
299 67
321 35
281 16
302 55
322 64
282 16
303 98
301 21
323 49
283 73
304 60
302 33
324 30
284 36
305 27
303 92
325 21
285 26
306 91
304 94
326 51
286 95
307 45
305 38
327 33
287 70
308 11
306 56
328 55
288 80
309 37
307 20
329 43
289 92
310 58
308 72
330 57
290 34
311 44
309 95
331 63
291 16
312 44
310 54
332 32
292 60
313 93
311 89
333 69
293 41
314 34
312 26
334 91
294 81
315 53
313 26
335 96
295 62
316 97
314 61
336 93
296 67
317 19
315 22
337 88
297 84
318 96
316 18
338 86
298 66
319 40
317 98
339 90
299 77
320 16
318 100
340 47
300 77
319 26
341 73
301 100
322 81
342 66
302 13
323 13
321 59
343 18
303 77
324 83
322 21
344 21
304 32
325 38
323 11
345 86
305 61
326 85
324 80
346 33
306 14
327 93
325 25
347 19
307 27
328 30
326 26
348 84
308 99
329 72
327 53
349 12
309 78
330 86
328 10
350 64
310 88
331 39
329 62
351 71
311 95
332 66
330 76
352 76
312 88
333 87
331 52
353 58
313 31
334 81
332 82
354 57
314 40
335 31
333 68
355 76
315 31
336 14
334 25
356 44
316 18
337 48
335 39
357 21
317 14
338 15
336 80
358 15
318 90
339 71
337 100
359 82
319 95
340 89
338 86
360 56
320 61
339 30
361 20
321 56
342 26
362 43
322 18
343 57
341 85
363 22
323 42
344 56
342 51
364 32
324 43
345 77
343 73
365 87
325 27
346 23
344 100
366 45
326 28
347 70
345 63
367 83
327 60
348 68
346 89
368 56
328 19
349 30
347 68
369 28
329 95
350 72
348 55
370 23
330 33
351 59
349 79
371 45
331 62
352 95
350 66
372 61
332 51
353 66
351 15
373 31
333 78
354 88
352 18
374 28
334 76
355 15
353 13
375 43
335 38
356 53
354 13
376 83
336 97
357 50
355 35
377 47
337 67
358 78
356 37
378 75
338 56
359 66
357 10
379 68
339 30
360 90
358 51
380 28
340 72
359 20
381 58
341 85
362 49
382 48
342 24
363 99
361 85
383 92
343 69
364 99
362 54
384 30
344 41
365 71
363 92
385 28
345 75
366 20
364 19
386 39
346 85
367 33
365 87
387 33
347 78
368 47
366 87
388 70
348 80
369 80
367 41
389 43
349 58
370 61
368 94
390 45
350 76
371 26
369 21
391 90
351 67
372 74
370 77
392 26
352 54
373 28
371 100
393 35
353 67
374 59
372 56
394 70
354 26
375 84
373 15
395 72
355 67
376 83
374 68
396 88
356 21
377 22
375 17
397 66
357 35
378 31
376 44
398 65
358 72
379 67
377 61
399 19
359 28
380 16
378 69
400 37
360 32
379 32
361 43
382 61
362 21
383 78
381 85
363 73
384 67
382 24
364 50
385 36
383 44
365 78
386 82
384 100
366 55
387 97
385 17
367 44
388 57
386 61
368 76
389 34
387 55
369 76
390 74
388 79
370 12
391 96
389 96
371 46
392 90
390 52
372 73
393 37
391 35
373 63
394 56
392 96
374 17
395 97
393 87
375 11
396 30
394 33
376 15
397 18
395 62
377 93
398 81
396 78
378 11
399 48
397 68
379 31
400 39
398 83
380 10
399 31
289
217
1 289 
1 380 
1 27 
2 397 33 
2 214 161 
2 191 71 
2 277 140 
2 383 333 
2 208 172 
3 125 178 83 
1 118 
1 46 
1 335 
1 203 
2 239 43 
4 393 108 268 307 
1 316 
1 279 
1 82 
2 111 40 
2 346 271 
1 89 
3 114 230 360 
2 138 109 
3 365 155 212 
3 356 210 99 
2 264 163 
2 22 67 
1 340 
2 59 238 
1 324 
1 145 
3 302 177 219 
2 379 37 
2 259 361 
2 218 21 
2 284 240 
2 295 400 
1 85 
2 196 231 
2 327 128 
2 77 119 
4 233 236 301 308 
2 156 100 
1 334 
3 16 66 17 
1 336 
4 241 359 294 103 
3 227 45 42 
2 188 91 
1 309 
1 200 
1 174 
1 179 
2 19 112 
1 367 
4 3 368 338 391 
1 144 
2 151 292 
1 2 
2 211 234 
2 150 320 
3 244 328 75 
1 199 
2 369 226 
1 261 
1 325 
1 153 
1 362 
2 299 55 
3 186 306 225 
2 337 331 
1 342 
2 175 376 
4 147 266 54 330 
1 217 
