144 528 10 100 27
2
3
3
3
3
3
3
3
3
3
3
2
3
4
4
4
4
4
4
4
4
4
4
3
3
4
4
4
4
4
4
4
4
4
4
3
3
4
4
4
4
4
4
4
4
4
4
3
3
4
4
4
4
4
4
4
4
4
4
3
3
4
4
4
4
4
4
4
4
4
4
3
3
4
4
4
4
4
4
4
4
4
4
3
3
4
4
4
4
4
4
4
4
4
4
3
3
4
4
4
4
4
4
4
4
4
4
3
3
4
4
4
4
4
4
4
4
4
4
3
3
4
4
4
4
4
4
4
4
4
4
3
2
3
3
3
3
3
3
3
3
3
3
2
13 59
2 29
14 79
3 15
1 49
15 43
4 95
2 66
16 40
5 19
3 16
17 46
6 44
4 73
18 11
7 45
5 36
19 87
8 13
6 42
20 53
9 92
7 38
21 30
10 77
8 89
22 25
11 14
9 54
23 75
12 80
10 36
24 65
11 88
25 24
1 73
14 33
26 40
2 54
15 77
13 11
27 37
3 55
16 72
14 83
28 61
4 43
17 56
15 17
29 37
5 23
18 29
16 41
30 97
6 57
19 11
17 65
31 41
7 48
20 37
18 53
32 67
8 67
21 78
19 61
33 63
9 53
22 34
20 88
34 14
10 98
23 60
21 52
35 66
11 68
24 83
22 47
36 73
12 94
23 22
37 62
13 51
26 17
38 42
14 85
27 61
25 60
39 18
15 91
28 83
26 57
40 15
16 68
29 99
27 40
41 71
17 14
30 68
28 47
42 32
18 78
31 98
29 37
43 28
19 90
32 41
30 56
44 77
20 26
33 17
31 30
45 33
21 55
34 75
32 33
46 31
22 51
35 76
33 100
47 18
23 59
36 30
34 43
48 73
24 100
35 43
49 18
25 55
38 100
50 75
26 15
39 37
37 39
51 94
27 99
40 69
38 41
52 95
28 54
41 28
39 75
53 60
29 81
42 23
40 93
54 16
30 48
43 60
41 63
55 83
31 71
44 18
42 48
56 87
32 12
45 80
43 50
57 86
33 69
46 77
44 34
58 51
34 86
47 77
45 49
59 35
35 52
48 25
46 94
60 22
36 67
47 40
61 34
37 64
50 38
62 48
38 98
51 66
49 28
63 11
39 57
52 59
50 20
64 72
40 91
53 21
51 100
65 34
41 77
54 44
52 75
66 32
42 49
55 93
53 67
67 60
43 95
56 83
54 22
68 61
44 54
57 62
55 65
69 15
45 59
58 28
56 69
70 74
46 20
59 60
57 21
71 72
47 65
60 55
58 27
72 11
48 28
59 40
73 13
49 92
62 13
74 82
50 82
63 82
61 10
75 75
51 16
64 82
62 86
76 80
52 88
65 99
63 97
77 75
53 45
66 54
64 96
78 82
54 20
67 36
65 42
79 54
55 18
68 31
66 71
80 18
56 39
69 91
67 37
81 82
57 53
70 16
68 14
82 22
58 61
71 28
69 55
83 61
59 17
72 43
70 94
84 91
60 88
71 74
85 72
61 29
74 57
86 24
62 45
75 11
73 91
87 24
63 19
76 54
74 79
88 84
64 38
77 80
75 67
89 10
65 78
78 92
76 76
90 73
66 96
79 19
77 40
91 52
67 79
80 87
78 45
92 38
68 29
81 92
79 67
93 35
69 36
82 40
80 23
94 26
70 56
83 40
81 49
95 96
71 15
84 36
82 40
96 98
72 49
83 12
97 64
73 37
86 31
98 67
74 22
87 77
85 55
99 34
75 25
88 75
86 92
100 27
76 20
89 37
87 66
101 54
77 73
90 82
88 28
102 42
78 32
91 54
89 67
103 84
79 44
92 85
90 12
104 45
80 87
93 81
91 42
105 79
81 90
94 99
92 56
106 95
82 65
95 40
93 11
107 25
83 92
96 65
94 84
108 64
84 29
95 53
109 71
85 78
98 60
110 21
86 90
99 22
97 25
111 80
87 13
100 24
98 17
112 21
88 31
101 68
99 68
113 82
89 29
102 58
100 58
114 67
90 74
103 46
101 62
115 18
91 87
104 23
102 40
116 71
92 16
105 27
103 70
117 68
93 42
106 52
104 83
118 50
94 68
107 56
105 11
119 57
95 96
108 90
106 99
120 57
96 37
107 52
121 52
97 90
110 44
122 65
98 36
111 70
109 35
123 67
99 29
112 88
110 88
124 41
100 82
113 95
111 48
125 65
101 54
114 19
112 60
126 36
102 85
115 37
113 49
127 24
103 62
116 29
114 22
128 65
104 75
117 61
115 12
129 62
105 92
118 34
116 78
130 96
106 43
119 92
117 77
131 70
107 32
120 91
118 19
132 36
108 99
119 17
133 56
109 22
122 44
134 62
110 28
123 25
121 31
135 27
111 71
124 66
122 68
136 90
112 96
125 78
123 14
137 15
113 93
126 59
124 95
138 59
114 99
127 73
125 27
139 100
115 60
128 78
126 44
140 94
116 95
129 79
127 84
141 76
117 47
130 32
128 92
142 61
118 97
131 99
129 69
143 18
119 47
132 80
130 57
144 86
120 16
131 17
121 84
134 24
122 75
135 62
133 55
123 80
136 16
134 61
124 12
137 56
135 16
125 80
138 20
136 66
126 100
139 73
137 83
127 50
140 36
138 47
128 28
141 100
139 29
129 83
142 19
140 70
130 13
143 73
141 79
131 98
144 70
142 91
132 85
143 73
13
38
2 49 13 
4 24 106 14 78 
1 7 
2 1 62 
2 28 135 
1 143 
1 18 
1 116 
3 89 74 29 
1 69 
3 126 19 134 
1 42 
2 138 88 
1 35 
2 41 111 
1 101 
2 114 3 
2 133 27 
1 109 
3 121 87 64 
5 81 99 20 76 61 
2 6 83 
2 140 12 
1 124 
1 70 
2 32 100 
1 38 
