144 528 10 100 27
2
3
3
3
3
3
3
3
3
3
3
2
3
4
4
4
4
4
4
4
4
4
4
3
3
4
4
4
4
4
4
4
4
4
4
3
3
4
4
4
4
4
4
4
4
4
4
3
3
4
4
4
4
4
4
4
4
4
4
3
3
4
4
4
4
4
4
4
4
4
4
3
3
4
4
4
4
4
4
4
4
4
4
3
3
4
4
4
4
4
4
4
4
4
4
3
3
4
4
4
4
4
4
4
4
4
4
3
3
4
4
4
4
4
4
4
4
4
4
3
3
4
4
4
4
4
4
4
4
4
4
3
2
3
3
3
3
3
3
3
3
3
3
2
13 78
2 29
14 48
3 63
1 38
15 28
4 24
2 76
16 28
5 34
3 58
17 28
6 91
4 29
18 11
7 49
5 85
19 60
8 67
6 18
20 10
9 84
7 98
21 69
10 61
8 29
22 72
11 18
9 27
23 28
12 54
10 72
24 36
11 17
25 75
1 22
14 35
26 12
2 24
15 77
13 75
27 79
3 40
16 18
14 33
28 51
4 47
17 36
15 63
29 77
5 68
18 75
16 100
30 84
6 50
19 80
17 90
31 27
7 87
20 64
18 67
32 56
8 66
21 17
19 79
33 44
9 13
22 65
20 43
34 27
10 67
23 93
21 29
35 39
11 71
24 67
22 18
36 97
12 46
23 78
37 99
13 60
26 70
38 55
14 72
27 94
25 75
39 56
15 89
28 25
26 11
40 22
16 71
29 17
27 38
41 97
17 37
30 43
28 80
42 48
18 78
31 97
29 62
43 94
19 57
32 44
30 11
44 66
20 53
33 66
31 29
45 14
21 25
34 49
32 92
46 23
22 12
35 64
33 38
47 79
23 97
36 78
34 94
48 22
24 53
35 19
49 28
25 62
38 65
50 37
26 68
39 40
37 81
51 76
27 72
40 21
38 52
52 91
28 95
41 46
39 77
53 50
29 16
42 54
40 35
54 18
30 19
43 88
41 53
55 34
31 15
44 45
42 52
56 71
32 18
45 54
43 47
57 25
33 87
46 21
44 44
58 99
34 46
47 89
45 63
59 22
35 13
48 51
46 43
60 10
36 56
47 13
61 94
37 60
50 40
62 76
38 16
51 57
49 59
63 75
39 23
52 87
50 25
64 36
40 54
53 16
51 98
65 69
41 91
54 38
52 76
66 26
42 80
55 47
53 84
67 72
43 99
56 87
54 94
68 36
44 73
57 43
55 42
69 51
45 93
58 28
56 73
70 100
46 32
59 33
57 85
71 11
47 28
60 70
58 92
72 20
48 83
59 91
73 43
49 39
62 80
74 52
50 75
63 25
61 85
75 43
51 34
64 48
62 19
76 31
52 12
65 78
63 20
77 73
53 52
66 66
64 69
78 99
54 41
67 77
65 35
79 90
55 31
68 21
66 97
80 91
56 78
69 86
67 23
81 78
57 50
70 55
68 42
82 49
58 32
71 23
69 23
83 60
59 96
72 80
70 59
84 16
60 52
71 35
85 94
61 13
74 70
86 82
62 34
75 98
73 39
87 86
63 89
76 100
74 68
88 29
64 27
77 89
75 90
89 32
65 55
78 91
76 78
90 52
66 76
79 47
77 16
91 55
67 60
80 55
78 65
92 54
68 82
81 44
79 72
93 88
69 86
82 56
80 20
94 12
70 86
83 31
81 45
95 84
71 22
84 44
82 87
96 47
72 94
83 31
97 42
73 28
86 81
98 53
74 18
87 83
85 96
99 89
75 92
88 52
86 56
100 53
76 97
89 67
87 37
101 11
77 50
90 65
88 66
102 88
78 70
91 44
89 73
103 49
79 77
92 27
90 88
104 49
80 61
93 85
91 84
105 15
81 12
94 88
92 56
106 32
82 19
95 77
93 53
107 64
83 44
96 86
94 55
108 71
84 36
95 30
109 71
85 33
98 72
110 38
86 84
99 64
97 91
111 16
87 90
100 58
98 40
112 63
88 22
101 18
99 10
113 73
89 46
102 20
100 28
114 41
90 82
103 91
101 26
115 59
91 16
104 46
102 90
116 32
92 76
105 84
103 18
117 47
93 47
106 14
104 16
118 16
94 76
107 12
105 22
119 37
95 77
108 81
106 96
120 90
96 66
107 81
121 69
97 80
110 32
122 51
98 77
111 82
109 20
123 42
99 27
112 43
110 53
124 93
100 22
113 77
111 27
125 63
101 88
114 22
112 34
126 82
102 89
115 34
113 43
127 97
103 46
116 75
114 99
128 18
104 45
117 46
115 86
129 63
105 14
118 43
116 36
130 10
106 58
119 71
117 85
131 65
107 49
120 97
118 59
132 57
108 43
119 40
133 14
109 25
122 85
134 60
110 16
123 19
121 79
135 40
111 70
124 82
122 19
136 10
112 28
125 74
123 99
137 26
113 93
126 79
124 40
138 91
114 79
127 94
125 50
139 87
115 98
128 58
126 70
140 61
116 57
129 27
127 45
141 56
117 80
130 87
128 39
142 51
118 56
131 70
129 33
143 84
119 93
132 46
130 50
144 64
120 96
131 95
121 41
134 94
122 54
135 40
133 13
123 96
136 20
134 39
124 10
137 94
135 17
125 60
138 18
136 62
126 36
139 58
137 80
127 36
140 86
138 14
128 20
141 44
139 93
129 61
142 19
140 20
130 55
143 14
141 22
131 88
144 98
142 62
132 100
143 56
15
37
2 74 15 
2 31 32 
1 85 
1 10 
3 120 5 83 
3 17 77 135 
1 124 
1 93 
2 21 105 
2 63 103 
2 69 19 
2 140 56 
2 91 61 
3 24 53 88 
2 3 45 
2 76 67 
1 123 
1 98 
2 47 112 
1 1 
1 7 
1 125 
5 16 130 13 44 38 
1 49 
1 14 
3 114 33 118 
2 92 37 
