400 1520 10 100 76
2
3
3
3
3
3
3
3
3
3
3
3
3
3
3
3
3
3
3
2
3
4
4
4
4
4
4
4
4
4
4
4
4
4
4
4
4
4
4
3
3
4
4
4
4
4
4
4
4
4
4
4
4
4
4
4
4
4
4
3
3
4
4
4
4
4
4
4
4
4
4
4
4
4
4
4
4
4
4
3
3
4
4
4
4
4
4
4
4
4
4
4
4
4
4
4
4
4
4
3
3
4
4
4
4
4
4
4
4
4
4
4
4
4
4
4
4
4
4
3
3
4
4
4
4
4
4
4
4
4
4
4
4
4
4
4
4
4
4
3
3
4
4
4
4
4
4
4
4
4
4
4
4
4
4
4
4
4
4
3
3
4
4
4
4
4
4
4
4
4
4
4
4
4
4
4
4
4
4
3
3
4
4
4
4
4
4
4
4
4
4
4
4
4
4
4
4
4
4
3
3
4
4
4
4
4
4
4
4
4
4
4
4
4
4
4
4
4
4
3
3
4
4
4
4
4
4
4
4
4
4
4
4
4
4
4
4
4
4
3
3
4
4
4
4
4
4
4
4
4
4
4
4
4
4
4
4
4
4
3
3
4
4
4
4
4
4
4
4
4
4
4
4
4
4
4
4
4
4
3
3
4
4
4
4
4
4
4
4
4
4
4
4
4
4
4
4
4
4
3
3
4
4
4
4
4
4
4
4
4
4
4
4
4
4
4
4
4
4
3
3
4
4
4
4
4
4
4
4
4
4
4
4
4
4
4
4
4
4
3
3
4
4
4
4
4
4
4
4
4
4
4
4
4
4
4
4
4
4
3
3
4
4
4
4
4
4
4
4
4
4
4
4
4
4
4
4
4
4
3
2
3
3
3
3
3
3
3
3
3
3
3
3
3
3
3
3
3
3
2
21 70
2 29
22 10
3 35
1 88
23 75
4 37
2 72
24 58
5 78
3 21
25 94
6 48
4 78
26 28
7 29
5 60
27 77
8 54
6 44
28 63
9 30
7 63
29 99
10 26
8 45
30 81
11 89
9 19
31 87
12 91
10 96
32 48
13 83
11 57
33 26
14 49
12 54
34 27
15 17
13 52
35 37
16 74
14 45
36 11
17 73
15 35
37 20
18 91
16 55
38 66
19 55
17 19
39 70
20 20
18 24
40 84
19 14
41 77
1 55
22 74
42 30
2 70
23 28
21 28
43 13
3 95
24 71
22 35
44 54
4 80
25 55
23 52
45 50
5 45
26 99
24 93
46 90
6 87
27 25
25 36
47 68
7 73
28 69
26 56
48 50
8 59
29 78
27 57
49 94
9 94
30 10
28 60
50 44
10 27
31 12
29 27
51 55
11 93
32 66
30 41
52 19
12 74
33 54
31 31
53 19
13 99
34 93
32 79
54 78
14 64
35 91
33 47
55 17
15 50
36 72
34 71
56 24
16 85
37 92
35 81
57 56
17 42
38 65
36 69
58 22
18 66
39 42
37 56
59 68
19 22
40 70
38 30
60 42
20 95
39 43
61 99
21 12
42 56
62 90
22 55
43 11
41 93
63 33
23 68
44 45
42 95
64 10
24 98
45 96
43 10
65 50
25 59
46 39
44 11
66 67
26 48
47 42
45 50
67 19
27 31
48 41
46 15
68 76
28 16
49 97
47 80
69 53
29 59
50 100
48 82
70 74
30 89
51 62
49 39
71 94
31 66
52 80
50 48
72 27
32 100
53 51
51 60
73 21
33 33
54 95
52 43
74 96
34 98
55 29
53 29
75 96
35 18
56 56
54 76
76 37
36 20
57 49
55 59
77 34
37 76
58 81
56 59
78 47
38 79
59 34
57 47
79 79
39 59
60 15
58 64
80 98
40 36
59 37
81 25
41 75
62 60
82 95
42 15
63 100
61 87
83 48
43 44
64 78
62 38
84 85
44 99
65 77
63 86
85 59
45 87
66 18
64 95
86 55
46 79
67 59
65 63
87 76
47 75
68 26
66 60
88 69
48 30
69 24
67 56
89 57
49 58
70 11
68 14
90 35
50 31
71 10
69 19
91 43
51 60
72 76
70 85
92 81
52 19
73 55
71 44
93 83
53 41
74 47
72 33
94 14
54 33
75 46
73 50
95 64
55 19
76 37
74 61
96 15
56 73
77 72
75 99
97 45
57 80
78 84
76 27
98 70
58 40
79 76
77 92
99 64
59 59
80 22
78 11
100 69
60 66
79 35
101 49
61 45
82 100
102 53
62 25
83 35
81 13
103 14
63 70
84 47
82 13
104 74
64 34
85 67
83 41
105 28
65 35
86 92
84 52
106 86
66 17
87 40
85 44
107 93
67 87
88 16
86 52
108 98
68 74
89 55
87 95
109 58
69 37
90 47
88 33
110 84
70 95
91 48
89 100
111 84
71 38
92 76
90 76
112 63
72 11
93 15
91 74
113 57
73 21
94 91
92 29
114 34
74 33
95 99
93 47
115 82
75 65
96 72
94 39
116 34
76 81
97 28
95 12
117 22
77 45
98 96
96 96
118 66
78 39
99 48
97 83
119 67
79 10
100 68
98 90
120 18
80 70
99 66
121 96
81 42
102 67
122 34
82 74
103 50
101 55
123 90
83 33
104 75
102 22
124 35
84 11
105 38
103 89
125 26
85 27
106 47
104 85
126 51
86 17
107 30
105 14
127 72
87 94
108 55
106 78
128 88
88 85
109 43
107 73
129 29
89 12
110 30
108 17
130 28
90 46
111 21
109 74
131 84
91 65
112 44
110 49
132 91
92 88
113 61
111 28
133 79
93 86
114 83
112 34
134 47
94 100
115 89
113 97
135 77
95 80
116 83
114 80
136 94
96 88
117 17
115 21
137 30
97 43
118 10
116 99
138 34
98 70
119 96
117 45
139 91
99 73
120 43
118 64
140 99
100 23
119 85
141 69
101 18
122 61
142 16
102 73
123 46
121 43
143 87
103 79
124 60
122 89
144 32
104 42
125 32
123 88
145 84
105 78
126 53
124 49
146 100
106 29
127 27
125 41
147 93
107 29
128 73
126 81
148 47
108 85
129 81
127 19
149 17
109 77
130 38
128 25
150 17
110 95
131 20
129 100
151 36
111 38
132 100
130 45
152 27
112 33
133 17
131 82
153 86
113 64
134 12
132 79
154 67
114 24
135 39
133 14
155 29
115 36
136 88
134 39
156 50
116 77
137 86
135 67
157 69
117 14
138 32
136 95
158 16
118 56
139 95
137 52
159 26
119 75
140 41
138 65
160 82
120 27
139 29
161 19
121 29
142 15
162 79
122 50
143 38
141 83
163 41
123 35
144 76
142 15
164 54
124 56
145 92
143 99
165 58
125 20
146 46
144 72
166 60
126 70
147 11
145 39
167 54
127 47
148 42
146 30
168 50
128 27
149 57
147 57
169 35
129 16
150 62
148 92
170 34
130 80
151 57
149 84
171 14
131 40
152 81
150 69
172 22
132 50
153 19
151 11
173 65
133 38
154 93
152 65
174 68
134 91
155 91
153 96
175 39
135 59
156 90
154 13
176 99
136 24
157 39
155 61
177 32
137 29
158 25
156 38
178 15
138 92
159 58
157 11
179 38
139 96
160 23
158 31
180 54
140 97
159 56
181 79
141 93
162 79
182 67
142 99
163 73
161 63
183 56
143 96
164 66
162 57
184 84
144 25
165 62
163 71
185 32
145 49
166 90
164 72
186 18
146 55
167 89
165 19
187 27
147 31
168 95
166 93
188 11
148 67
169 82
167 92
189 91
149 24
170 11
168 53
190 93
150 76
171 36
169 95
191 25
151 48
172 49
170 66
192 87
152 65
173 28
171 32
193 64
153 33
174 42
172 66
194 98
154 67
175 36
173 19
195 84
155 55
176 50
174 39
196 100
156 88
177 92
175 21
197 93
157 13
178 21
176 31
198 44
158 16
179 31
177 72
199 26
159 48
180 41
178 35
200 70
160 81
179 74
201 30
161 70
182 32
202 69
162 12
183 56
181 52
203 88
163 32
184 12
182 55
204 27
164 41
185 76
183 49
205 94
165 42
186 100
184 93
206 12
166 58
187 78
185 48
207 87
167 68
188 21
186 33
208 68
168 13
189 80
187 64
209 49
169 25
190 14
188 48
210 86
170 41
191 83
189 15
211 60
171 70
192 74
190 24
212 51
172 32
193 74
191 68
213 48
173 60
194 42
192 26
214 81
174 44
195 95
193 42
215 65
175 43
196 59
194 26
216 68
176 66
197 73
195 40
217 53
177 99
198 57
196 99
218 83
178 44
199 70
197 99
219 21
179 41
200 63
198 68
220 42
180 58
199 99
221 32
181 30
202 20
222 33
182 81
203 13
201 36
223 13
183 56
204 53
202 25
224 20
184 90
205 11
203 100
225 100
185 60
206 61
204 45
226 80
186 81
207 66
205 95
227 81
187 86
208 91
206 98
228 19
188 91
209 60
207 49
229 54
189 45
210 23
208 12
230 17
190 16
211 65
209 61
231 28
191 62
212 55
210 48
232 94
192 80
213 27
211 95
233 79
193 83
214 67
212 13
234 100
194 20
215 18
213 14
235 43
195 24
216 45
214 85
236 55
196 38
217 72
215 82
237 55
197 76
218 20
216 96
238 30
198 97
219 81
217 43
239 14
199 32
220 52
218 41
240 60
200 95
219 72
241 90
201 37
222 55
242 98
202 57
223 95
221 46
243 98
203 55
224 51
222 54
244 27
204 79
225 96
223 87
245 43
205 58
226 90
224 43
246 36
206 31
227 25
225 94
247 90
207 91
228 93
226 11
248 85
208 78
229 76
227 69
249 55
209 81
230 56
228 47
250 10
210 14
231 51
229 83
251 93
211 39
232 39
230 61
252 59
212 100
233 72
231 78
253 27
213 95
234 45
232 34
254 28
214 84
235 13
233 91
255 97
215 100
236 75
234 76
256 77
216 20
237 28
235 70
257 68
217 62
238 61
236 69
258 23
218 76
239 57
237 41
259 81
219 42
240 78
238 32
260 73
220 16
239 46
261 99
221 55
242 97
262 68
222 73
243 59
241 94
263 74
223 11
244 21
242 16
264 95
224 46
245 91
243 38
265 27
225 14
246 14
244 79
266 78
226 72
247 50
245 91
267 25
227 79
248 34
246 60
268 83
228 36
249 100
247 18
269 42
229 76
250 41
248 43
270 46
230 62
251 53
249 20
271 28
231 19
252 46
250 80
272 79
232 78
253 78
251 89
273 48
233 95
254 36
252 25
274 55
234 47
255 21
253 52
275 38
235 23
256 93
254 26
276 54
236 78
257 68
255 28
277 95
237 76
258 67
256 50
278 47
238 81
259 36
257 51
279 20
239 88
260 61
258 57
280 66
240 17
259 52
281 62
241 33
262 79
282 28
242 67
263 14
261 21
283 96
243 88
264 84
262 40
284 31
244 20
265 85
263 39
285 89
245 50
266 14
264 85
286 68
246 98
267 88
265 44
287 50
247 62
268 43
266 57
288 25
248 27
269 84
267 76
289 73
249 18
270 67
268 71
290 29
250 90
271 87
269 61
291 34
251 33
272 86
270 76
292 11
252 92
273 39
271 18
293 75
253 19
274 19
272 42
294 83
254 30
275 69
273 57
295 11
255 15
276 97
274 87
296 100
256 24
277 96
275 80
297 21
257 91
278 51
276 20
298 16
258 42
279 84
277 44
299 69
259 43
280 100
278 94
300 11
260 11
279 91
301 86
261 93
282 39
302 64
262 84
283 84
281 64
303 83
263 57
284 43
282 34
304 37
264 46
285 54
283 10
305 83
265 77
286 26
284 58
306 31
266 30
287 39
285 52
307 91
267 50
288 12
286 40
308 27
268 17
289 37
287 95
309 99
269 86
290 68
288 99
310 65
270 41
291 78
289 69
311 91
271 65
292 52
290 51
312 14
272 48
293 33
291 45
313 50
273 54
294 49
292 28
314 94
274 66
295 95
293 98
315 84
275 64
296 15
294 85
316 79
276 51
297 87
295 58
317 37
277 71
298 67
296 33
318 71
278 62
299 98
297 61
319 62
279 25
300 30
298 33
320 65
280 38
299 87
321 91
281 50
302 37
322 42
282 64
303 64
301 75
323 49
283 56
304 84
302 84
324 15
284 98
305 18
303 79
325 35
285 52
306 53
304 79
326 72
286 82
307 100
305 35
327 99
287 60
308 27
306 58
328 61
288 25
309 67
307 49
329 17
289 93
310 43
308 53
330 32
290 61
311 86
309 48
331 63
291 51
312 83
310 13
332 36
292 60
313 36
311 77
333 71
293 84
314 86
312 63
334 80
294 34
315 95
313 71
335 31
295 29
316 77
314 64
336 11
296 59
317 73
315 51
337 77
297 35
318 61
316 75
338 63
298 83
319 81
317 16
339 21
299 25
320 74
318 39
340 77
300 50
319 27
341 43
301 29
322 96
342 48
302 34
323 77
321 77
343 96
303 84
324 42
322 79
344 40
304 25
325 92
323 69
345 44
305 80
326 12
324 43
346 94
306 55
327 100
325 17
347 65
307 28
328 53
326 96
348 100
308 13
329 72
327 72
349 86
309 64
330 21
328 73
350 20
310 39
331 59
329 36
351 17
311 71
332 29
330 46
352 96
312 22
333 79
331 56
353 52
313 36
334 92
332 98
354 65
314 74
335 41
333 10
355 86
315 33
336 45
334 52
356 59
316 40
337 66
335 56
357 82
317 66
338 17
336 49
358 63
318 40
339 52
337 31
359 86
319 60
340 69
338 51
360 99
320 100
339 91
361 67
321 98
342 37
362 20
322 60
343 18
341 71
363 52
323 53
344 20
342 96
364 12
324 62
345 44
343 37
365 89
325 42
346 24
344 91
366 25
326 23
347 100
345 75
367 32
327 46
348 63
346 71
368 26
328 63
349 62
347 94
369 97
329 69
350 14
348 48
370 91
330 30
351 40
349 53
371 46
331 99
352 91
350 91
372 96
332 50
353 12
351 96
373 81
333 18
354 61
352 85
374 24
334 58
355 68
353 13
375 35
335 52
356 98
354 79
376 29
336 96
357 30
355 13
377 83
337 79
358 39
356 50
378 92
338 62
359 38
357 38
379 100
339 45
360 57
358 21
380 52
340 59
359 32
381 91
341 86
362 89
382 13
342 20
363 74
361 41
383 31
343 50
364 52
362 16
384 68
344 17
365 33
363 30
385 33
345 77
366 40
364 69
386 70
346 91
367 82
365 72
387 52
347 43
368 21
366 16
388 39
348 41
369 91
367 41
389 18
349 63
370 16
368 99
390 37
350 96
371 75
369 19
391 66
351 16
372 47
370 63
392 46
352 16
373 87
371 11
393 83
353 94
374 97
372 100
394 32
354 52
375 42
373 80
395 34
355 66
376 94
374 95
396 86
356 89
377 94
375 79
397 76
357 76
378 81
376 47
398 12
358 38
379 33
377 65
399 23
359 52
380 69
378 23
400 43
360 48
379 36
361 40
382 95
362 41
383 92
381 51
363 90
384 98
382 90
364 67
385 98
383 10
365 43
386 100
384 64
366 46
387 56
385 64
367 93
388 26
386 14
368 14
389 84
387 75
369 30
390 100
388 68
370 24
391 92
389 62
371 45
392 78
390 26
372 55
393 60
391 90
373 72
394 29
392 90
374 38
395 73
393 78
375 71
396 26
394 45
376 42
397 66
395 24
377 55
398 35
396 11
378 77
399 88
397 15
379 38
400 62
398 73
380 100
399 92
326
270
2 284 326 
1 219 
1 83 
3 203 387 228 
2 352 109 
2 150 89 
2 304 291 
1 192 
1 198 
3 266 36 73 
1 81 
4 60 136 368 162 
2 247 311 
2 111 277 
2 373 261 
1 285 
1 294 
1 144 
1 94 
1 45 
3 131 245 200 
2 19 133 
1 232 
2 93 38 
3 222 202 253 
2 105 90 
2 148 305 
1 216 
3 340 280 215 
1 120 
5 384 282 140 66 299 
1 101 
4 269 177 6 159 
2 175 353 
1 26 
1 393 
1 91 
2 27 314 
1 298 
2 82 382 
1 156 
4 343 376 223 365 
3 288 234 171 
3 85 75 7 
4 385 258 130 292 
1 209 
1 129 
4 103 279 54 381 
2 367 354 
1 39 
2 358 241 
1 319 
1 32 
1 329 
1 398 
1 257 
2 65 13 
3 160 229 286 
1 322 
1 379 
1 132 
2 218 317 
1 50 
2 18 347 
2 30 9 
3 56 84 236 
1 178 
1 127 
3 283 248 128 
2 315 250 
3 207 370 296 
1 221 
1 137 
3 356 174 55 
1 15 
1 270 
