100 342 10 100 19
2
3
3
2
3
4
4
3
3
4
4
3
3
4
4
3
3
4
4
3
3
4
4
3
3
4
4
3
3
4
4
3
3
4
4
3
3
4
4
3
3
4
4
3
3
4
4
3
3
4
4
3
3
4
4
3
3
4
4
3
3
4
4
3
3
4
4
3
3
4
4
3
3
4
4
3
3
4
4
3
3
4
4
3
3
4
4
3
3
4
4
3
3
4
4
3
2
3
3
2
5 34
2 29
6 59
3 61
1 73
7 89
4 10
2 59
8 100
3 56
9 97
1 33
6 28
10 82
2 48
7 77
5 14
11 62
3 78
8 23
6 24
12 59
4 28
7 45
13 72
5 31
10 73
14 71
6 24
11 10
9 45
15 31
7 13
12 17
10 94
16 57
8 85
11 55
17 78
9 68
14 83
18 15
10 39
15 65
13 48
19 74
11 81
16 49
14 31
20 88
12 23
15 89
21 34
13 28
18 49
22 85
14 49
19 89
17 88
23 79
15 100
20 41
18 45
24 69
16 60
19 77
25 22
17 46
22 13
26 70
18 10
23 59
21 22
27 12
19 23
24 80
22 62
28 81
20 45
23 30
29 33
21 84
26 11
30 14
22 69
27 32
25 44
31 86
23 92
28 14
26 28
32 68
24 76
27 44
33 26
25 94
30 33
34 56
26 34
31 44
29 68
35 43
27 39
32 85
30 73
36 50
28 21
31 36
37 10
29 52
34 41
38 56
30 97
35 56
33 28
39 44
31 81
36 20
34 43
40 23
32 29
35 87
41 18
33 25
38 72
42 13
34 56
39 39
37 87
43 17
35 20
40 92
38 11
44 95
36 35
39 45
45 49
37 80
42 58
46 86
38 12
43 79
41 10
47 70
39 37
44 28
42 10
48 72
40 12
43 42
49 65
41 24
46 57
50 59
42 18
47 27
45 55
51 18
43 90
48 69
46 54
52 37
44 59
47 54
53 16
45 60
50 79
54 80
46 97
51 28
49 77
55 20
47 20
52 50
50 56
56 31
48 100
51 57
57 94
49 44
54 65
58 42
50 87
55 49
53 100
59 57
51 83
56 80
54 57
60 20
52 89
55 83
61 87
53 14
58 53
62 16
54 11
59 68
57 26
63 26
55 49
60 38
58 81
64 58
56 60
59 99
65 32
57 88
62 17
66 26
58 96
63 32
61 76
67 46
59 93
64 38
62 11
68 47
60 35
63 47
69 39
61 33
66 28
70 65
62 71
67 51
65 38
71 59
63 18
68 89
66 97
72 29
64 100
67 59
73 90
65 27
70 23
74 42
66 55
71 56
69 10
75 99
67 95
72 24
70 34
76 34
68 35
71 33
77 13
69 75
74 62
78 77
70 83
75 96
73 40
79 42
71 23
76 92
74 56
80 77
72 47
75 66
81 97
73 87
78 13
82 73
74 39
79 37
77 68
83 55
75 40
80 93
78 44
84 11
76 45
79 66
85 30
77 50
82 53
86 72
78 73
83 32
81 30
87 11
79 18
84 95
82 22
88 44
80 80
83 52
89 12
81 14
86 96
90 37
82 71
87 61
85 99
91 75
83 52
88 22
86 60
92 53
84 38
87 10
93 42
85 29
90 85
94 36
86 91
91 82
89 33
95 78
87 15
92 54
90 59
96 90
88 76
91 94
97 69
89 28
94 96
98 69
90 56
95 18
93 47
99 52
91 62
96 29
94 32
100 34
92 43
95 72
93 47
98 84
94 79
99 27
97 50
95 54
100 86
98 35
96 89
99 47
36
100
2 41 36 
4 17 26 4 38 
2 84 2 
1 69 
2 66 55 
1 15 
2 54 13 
2 48 21 
2 35 39 
1 27 
2 24 61 
1 62 
1 42 
1 74 
3 46 14 81 
3 70 80 78 
1 7 
3 96 91 8 
1 100 
