600 2276 10 100 114
2
3
3
3
3
3
3
3
3
3
3
3
3
3
3
3
3
3
3
3
3
3
3
3
3
3
3
3
3
3
3
3
3
3
3
3
3
3
3
3
3
3
3
3
3
3
3
3
3
2
3
4
4
4
4
4
4
4
4
4
4
4
4
4
4
4
4
4
4
4
4
4
4
4
4
4
4
4
4
4
4
4
4
4
4
4
4
4
4
4
4
4
4
4
4
4
4
4
4
3
3
4
4
4
4
4
4
4
4
4
4
4
4
4
4
4
4
4
4
4
4
4
4
4
4
4
4
4
4
4
4
4
4
4
4
4
4
4
4
4
4
4
4
4
4
4
4
4
4
3
3
4
4
4
4
4
4
4
4
4
4
4
4
4
4
4
4
4
4
4
4
4
4
4
4
4
4
4
4
4
4
4
4
4
4
4
4
4
4
4
4
4
4
4
4
4
4
4
4
3
3
4
4
4
4
4
4
4
4
4
4
4
4
4
4
4
4
4
4
4
4
4
4
4
4
4
4
4
4
4
4
4
4
4
4
4
4
4
4
4
4
4
4
4
4
4
4
4
4
3
3
4
4
4
4
4
4
4
4
4
4
4
4
4
4
4
4
4
4
4
4
4
4
4
4
4
4
4
4
4
4
4
4
4
4
4
4
4
4
4
4
4
4
4
4
4
4
4
4
3
3
4
4
4
4
4
4
4
4
4
4
4
4
4
4
4
4
4
4
4
4
4
4
4
4
4
4
4
4
4
4
4
4
4
4
4
4
4
4
4
4
4
4
4
4
4
4
4
4
3
3
4
4
4
4
4
4
4
4
4
4
4
4
4
4
4
4
4
4
4
4
4
4
4
4
4
4
4
4
4
4
4
4
4
4
4
4
4
4
4
4
4
4
4
4
4
4
4
4
3
3
4
4
4
4
4
4
4
4
4
4
4
4
4
4
4
4
4
4
4
4
4
4
4
4
4
4
4
4
4
4
4
4
4
4
4
4
4
4
4
4
4
4
4
4
4
4
4
4
3
3
4
4
4
4
4
4
4
4
4
4
4
4
4
4
4
4
4
4
4
4
4
4
4
4
4
4
4
4
4
4
4
4
4
4
4
4
4
4
4
4
4
4
4
4
4
4
4
4
3
3
4
4
4
4
4
4
4
4
4
4
4
4
4
4
4
4
4
4
4
4
4
4
4
4
4
4
4
4
4
4
4
4
4
4
4
4
4
4
4
4
4
4
4
4
4
4
4
4
3
2
3
3
3
3
3
3
3
3
3
3
3
3
3
3
3
3
3
3
3
3
3
3
3
3
3
3
3
3
3
3
3
3
3
3
3
3
3
3
3
3
3
3
3
3
3
3
3
3
2
51 42
2 29
52 48
3 77
1 16
53 97
4 19
2 95
54 42
5 53
3 83
55 59
6 41
4 71
56 61
7 92
5 95
57 63
8 55
6 34
58 38
9 92
7 44
59 10
10 24
8 28
60 38
11 62
9 15
61 27
12 45
10 59
62 35
13 34
11 46
63 92
14 42
12 92
64 24
15 58
13 37
65 62
16 29
14 52
66 33
17 31
15 17
67 50
18 38
16 94
68 84
19 17
17 84
69 31
20 39
18 26
70 67
21 79
19 56
71 54
22 75
20 10
72 74
23 41
21 45
73 63
24 63
22 96
74 58
25 27
23 53
75 77
26 58
24 99
76 16
27 14
25 91
77 74
28 39
26 69
78 99
29 87
27 92
79 69
30 19
28 27
80 30
31 25
29 97
81 30
32 15
30 89
82 80
33 84
31 77
83 21
34 98
32 55
84 44
35 17
33 74
85 10
36 30
34 31
86 48
37 65
35 29
87 36
38 72
36 29
88 33
39 53
37 77
89 61
40 88
38 62
90 79
41 50
39 66
91 45
42 48
40 38
92 57
43 87
41 32
93 24
44 20
42 90
94 92
45 95
43 70
95 58
46 41
44 74
96 40
47 60
45 50
97 76
48 90
46 97
98 30
49 12
47 32
99 61
50 37
48 41
100 55
49 56
101 43
1 91
52 86
102 96
2 37
53 75
51 89
103 22
3 57
54 54
52 46
104 44
4 31
55 63
53 70
105 16
5 49
56 66
54 20
106 94
6 15
57 62
55 41
107 25
7 63
58 58
56 48
108 26
8 10
59 77
57 19
109 69
9 50
60 82
58 97
110 47
10 11
61 13
59 83
111 88
11 73
62 52
60 13
112 12
12 74
63 27
61 15
113 21
13 69
64 16
62 36
114 66
14 40
65 45
63 19
115 67
15 48
66 60
64 36
116 16
16 16
67 16
65 16
117 33
17 25
68 73
66 22
118 100
18 55
69 19
67 27
119 71
19 93
70 47
68 77
120 36
20 34
71 55
69 14
121 14
21 37
72 91
70 44
122 55
22 13
73 88
71 43
123 45
23 76
74 97
72 85
124 20
24 16
75 81
73 18
125 89
25 40
76 97
74 77
126 98
26 40
77 30
75 57
127 25
27 100
78 42
76 17
128 79
28 18
79 31
77 57
129 91
29 99
80 42
78 86
130 80
30 93
81 69
79 33
131 76
31 74
82 92
80 49
132 76
32 86
83 48
81 69
133 94
33 91
84 100
82 57
134 58
34 92
85 91
83 32
135 54
35 13
86 96
84 58
136 44
36 88
87 75
85 46
137 35
37 21
88 67
86 58
138 13
38 82
89 26
87 48
139 24
39 80
90 67
88 77
140 11
40 74
91 44
89 11
141 24
41 34
92 35
90 64
142 43
42 18
93 63
91 63
143 67
43 61
94 41
92 38
144 87
44 77
95 13
93 43
145 79
45 36
96 41
94 57
146 96
46 84
97 23
95 49
147 14
47 32
98 83
96 51
148 86
48 14
99 86
97 52
149 21
49 55
100 26
98 31
150 66
50 58
99 18
151 90
51 31
102 65
152 46
52 61
103 81
101 12
153 93
53 76
104 17
102 18
154 69
54 70
105 62
103 59
155 73
55 89
106 34
104 98
156 12
56 96
107 10
105 41
157 19
57 47
108 56
106 66
158 17
58 49
109 93
107 96
159 100
59 50
110 94
108 95
160 78
60 10
111 63
109 91
161 35
61 90
112 16
110 70
162 67
62 49
113 42
111 58
163 84
63 80
114 79
112 10
164 66
64 18
115 30
113 85
165 27
65 24
116 70
114 100
166 22
66 12
117 42
115 70
167 15
67 85
118 43
116 77
168 14
68 52
119 29
117 88
169 35
69 62
120 36
118 58
170 19
70 45
121 59
119 12
171 74
71 93
122 26
120 55
172 20
72 19
123 37
121 71
173 12
73 43
124 47
122 73
174 79
74 96
125 99
123 52
175 48
75 75
126 21
124 39
176 70
76 18
127 21
125 75
177 93
77 39
128 28
126 52
178 38
78 42
129 17
127 19
179 92
79 53
130 45
128 78
180 94
80 19
131 47
129 72
181 90
81 94
132 80
130 84
182 97
82 19
133 65
131 59
183 68
83 13
134 100
132 93
184 96
84 30
135 43
133 54
185 72
85 21
136 79
134 21
186 90
86 62
137 81
135 49
187 60
87 99
138 85
136 58
188 72
88 54
139 11
137 76
189 29
89 32
140 62
138 37
190 36
90 34
141 32
139 16
191 51
91 81
142 42
140 65
192 16
92 33
143 84
141 57
193 46
93 73
144 42
142 85
194 89
94 79
145 48
143 86
195 83
95 88
146 14
144 93
196 21
96 81
147 98
145 77
197 60
97 63
148 55
146 67
198 23
98 22
149 95
147 59
199 47
99 59
150 98
148 10
200 43
100 77
149 55
201 60
101 86
152 54
202 38
102 98
153 11
151 96
203 52
103 24
154 100
152 56
204 51
104 99
155 42
153 32
205 21
105 100
156 22
154 75
206 93
106 67
157 48
155 74
207 36
107 34
158 40
156 10
208 61
108 54
159 48
157 65
209 34
109 70
160 100
158 98
210 80
110 67
161 61
159 58
211 92
111 97
162 91
160 62
212 92
112 66
163 17
161 73
213 81
113 34
164 90
162 94
214 59
114 88
165 22
163 39
215 85
115 91
166 88
164 64
216 98
116 45
167 66
165 76
217 69
117 82
168 40
166 16
218 85
118 20
169 32
167 18
219 52
119 37
170 77
168 57
220 37
120 62
171 17
169 19
221 56
121 21
172 14
170 50
222 47
122 28
173 51
171 93
223 14
123 92
174 11
172 29
224 79
124 49
175 38
173 78
225 73
125 100
176 24
174 69
226 84
126 76
177 27
175 18
227 12
127 92
178 34
176 85
228 82
128 35
179 83
177 81
229 26
129 87
180 90
178 24
230 64
130 35
181 40
179 51
231 69
131 24
182 28
180 66
232 99
132 50
183 78
181 73
233 77
133 27
184 82
182 42
234 97
134 77
185 85
183 94
235 37
135 98
186 16
184 16
236 98
136 91
187 49
185 81
237 72
137 48
188 78
186 70
238 70
138 65
189 51
187 58
239 38
139 50
190 44
188 21
240 12
140 75
191 82
189 64
241 23
141 36
192 61
190 87
242 71
142 49
193 48
191 77
243 32
143 13
194 18
192 12
244 29
144 81
195 24
193 52
245 82
145 21
196 43
194 20
246 10
146 69
197 51
195 69
247 41
147 34
198 13
196 98
248 34
148 43
199 63
197 93
249 26
149 72
200 94
198 57
250 83
150 15
199 55
251 27
151 38
202 35
252 64
152 89
203 13
201 46
253 85
153 67
204 78
202 93
254 24
154 55
205 34
203 37
255 32
155 41
206 27
204 21
256 70
156 79
207 31
205 26
257 20
157 50
208 46
206 81
258 14
158 70
209 28
207 43
259 22
159 95
210 34
208 64
260 99
160 64
211 67
209 95
261 54
161 30
212 99
210 39
262 98
162 32
213 51
211 75
263 73
163 45
214 14
212 11
264 94
164 44
215 24
213 75
265 38
165 78
216 67
214 66
266 46
166 52
217 75
215 66
267 14
167 51
218 34
216 76
268 76
168 91
219 25
217 52
269 47
169 60
220 100
218 94
270 67
170 30
221 85
219 60
271 90
171 42
222 44
220 70
272 34
172 99
223 33
221 54
273 74
173 28
224 38
222 82
274 17
174 75
225 14
223 45
275 22
175 49
226 30
224 84
276 46
176 17
227 38
225 86
277 72
177 78
228 85
226 72
278 91
178 54
229 90
227 100
279 39
179 16
230 18
228 58
280 35
180 87
231 93
229 98
281 47
181 100
232 28
230 63
282 93
182 57
233 65
231 58
283 37
183 58
234 20
232 43
284 78
184 33
235 13
233 44
285 35
185 41
236 32
234 57
286 95
186 81
237 49
235 94
287 56
187 29
238 90
236 28
288 21
188 30
239 88
237 26
289 99
189 23
240 61
238 61
290 64
190 35
241 38
239 86
291 27
191 46
242 37
240 18
292 57
192 14
243 90
241 15
293 18
193 52
244 92
242 26
294 29
194 41
245 55
243 78
295 63
195 21
246 59
244 24
296 37
196 54
247 96
245 67
297 61
197 92
248 96
246 73
298 83
198 37
249 13
247 63
299 100
199 11
250 52
248 96
300 39
200 95
249 86
301 32
201 27
252 36
302 30
202 73
253 58
251 12
303 84
203 78
254 30
252 44
304 62
204 59
255 70
253 92
305 72
205 90
256 50
254 10
306 63
206 19
257 21
255 47
307 85
207 74
258 73
256 65
308 67
208 43
259 95
257 99
309 12
209 96
260 92
258 57
310 80
210 75
261 58
259 80
311 45
211 78
262 90
260 73
312 11
212 99
263 96
261 89
313 60
213 66
264 42
262 10
314 38
214 18
265 79
263 99
315 97
215 73
266 21
264 12
316 74
216 70
267 10
265 28
317 99
217 30
268 40
266 77
318 40
218 90
269 36
267 44
319 88
219 47
270 68
268 32
320 69
220 16
271 23
269 46
321 30
221 85
272 79
270 52
322 13
222 69
273 18
271 89
323 49
223 21
274 13
272 97
324 83
224 84
275 96
273 76
325 78
225 42
276 40
274 33
326 73
226 30
277 16
275 61
327 19
227 56
278 35
276 85
328 53
228 68
279 54
277 21
329 45
229 17
280 12
278 99
330 51
230 68
281 47
279 57
331 55
231 68
282 76
280 19
332 52
232 61
283 21
281 33
333 99
233 81
284 66
282 80
334 82
234 94
285 27
283 13
335 61
235 57
286 58
284 31
336 81
236 48
287 60
285 45
337 73
237 10
288 11
286 10
338 35
238 10
289 10
287 57
339 87
239 67
290 24
288 34
340 91
240 77
291 28
289 18
341 75
241 12
292 86
290 71
342 57
242 71
293 11
291 51
343 49
243 25
294 40
292 57
344 100
244 82
295 73
293 10
345 76
245 92
296 58
294 100
346 76
246 15
297 46
295 34
347 38
247 20
298 68
296 59
348 11
248 27
299 87
297 38
349 41
249 36
300 63
298 71
350 44
250 70
299 77
351 78
251 14
302 83
352 84
252 11
303 48
301 46
353 56
253 27
304 58
302 69
354 72
254 52
305 90
303 58
355 52
255 95
306 62
304 70
356 57
256 20
307 94
305 66
357 86
257 93
308 48
306 70
358 15
258 15
309 68
307 52
359 25
259 81
310 47
308 52
360 53
260 52
311 21
309 28
361 32
261 14
312 75
310 89
362 28
262 43
313 59
311 28
363 92
263 73
314 45
312 58
364 35
264 91
315 67
313 18
365 82
265 95
316 84
314 19
366 74
266 24
317 43
315 72
367 73
267 62
318 38
316 22
368 22
268 92
319 11
317 84
369 87
269 84
320 99
318 54
370 37
270 78
321 12
319 19
371 34
271 97
322 35
320 87
372 57
272 83
323 44
321 58
373 97
273 35
324 39
322 78
374 14
274 47
325 48
323 63
375 96
275 94
326 36
324 70
376 61
276 42
327 78
325 37
377 22
277 25
328 18
326 59
378 100
278 27
329 69
327 46
379 34
279 20
330 56
328 88
380 53
280 31
331 15
329 100
381 15
281 89
332 22
330 32
382 71
282 94
333 26
331 35
383 13
283 54
334 21
332 43
384 24
284 49
335 55
333 86
385 84
285 90
336 90
334 22
386 69
286 20
337 30
335 59
387 77
287 68
338 53
336 81
388 24
288 74
339 66
337 44
389 68
289 90
340 28
338 36
390 13
290 87
341 89
339 77
391 47
291 62
342 67
340 89
392 59
292 43
343 13
341 99
393 49
293 86
344 42
342 74
394 57
294 28
345 97
343 32
395 21
295 17
346 16
344 90
396 13
296 39
347 13
345 89
397 99
297 80
348 80
346 86
398 43
298 24
349 95
347 61
399 35
299 92
350 86
348 70
400 90
300 46
349 42
401 88
301 76
352 27
402 85
302 45
353 21
351 51
403 98
303 80
354 38
352 20
404 58
304 43
355 53
353 72
405 14
305 50
356 24
354 31
406 12
306 19
357 94
355 90
407 62
307 47
358 38
356 41
408 41
308 56
359 47
357 73
409 80
309 50
360 78
358 19
410 79
310 87
361 89
359 24
411 64
311 26
362 95
360 43
412 44
312 31
363 61
361 99
413 95
313 13
364 14
362 62
414 78
314 93
365 100
363 83
415 26
315 64
366 52
364 60
416 83
316 74
367 54
365 79
417 11
317 38
368 71
366 36
418 77
318 93
369 13
367 54
419 51
319 62
370 88
368 70
420 93
320 50
371 10
369 58
421 89
321 12
372 57
370 74
422 73
322 73
373 18
371 17
423 33
323 28
374 81
372 40
424 69
324 40
375 90
373 95
425 81
325 11
376 97
374 43
426 13
326 11
377 27
375 59
427 49
327 89
378 56
376 30
428 32
328 54
379 28
377 100
429 88
329 27
380 70
378 70
430 43
330 87
381 45
379 97
431 29
331 18
382 41
380 55
432 91
332 10
383 26
381 42
433 77
333 91
384 23
382 53
434 14
334 42
385 97
383 59
435 11
335 98
386 64
384 88
436 65
336 86
387 84
385 41
437 45
337 45
388 17
386 97
438 53
338 59
389 14
387 73
439 13
339 11
390 46
388 87
440 39
340 46
391 16
389 16
441 23
341 45
392 78
390 89
442 95
342 87
393 91
391 30
443 66
343 42
394 89
392 46
444 98
344 85
395 85
393 47
445 74
345 15
396 92
394 53
446 79
346 67
397 82
395 73
447 32
347 100
398 62
396 99
448 34
348 39
399 90
397 43
449 94
349 56
400 17
398 97
450 70
350 90
399 84
451 62
351 70
402 44
452 50
352 93
403 90
401 73
453 15
353 63
404 85
402 15
454 77
354 93
405 25
403 59
455 24
355 10
406 31
404 52
456 64
356 35
407 19
405 98
457 36
357 61
408 14
406 29
458 15
358 38
409 45
407 20
459 81
359 80
410 93
408 78
460 97
360 90
411 14
409 91
461 81
361 51
412 84
410 85
462 62
362 78
413 23
411 20
463 18
363 30
414 36
412 18
464 85
364 29
415 43
413 92
465 73
365 56
416 23
414 95
466 35
366 95
417 47
415 96
467 48
367 70
418 52
416 94
468 38
368 89
419 19
417 31
469 26
369 91
420 31
418 49
470 16
370 98
421 96
419 41
471 84
371 79
422 22
420 51
472 48
372 32
423 25
421 78
473 59
373 45
424 74
422 94
474 21
374 82
425 90
423 29
475 84
375 22
426 73
424 55
476 94
376 93
427 88
425 42
477 92
377 75
428 97
426 86
478 75
378 74
429 15
427 34
479 20
379 66
430 33
428 25
480 41
380 51
431 12
429 33
481 39
381 83
432 10
430 27
482 56
382 100
433 69
431 96
483 35
383 59
434 71
432 21
484 32
384 50
435 26
433 79
485 86
385 65
436 96
434 63
486 24
386 41
437 24
435 96
487 46
387 65
438 54
436 81
488 23
388 76
439 10
437 67
489 43
389 96
440 54
438 31
490 70
390 69
441 45
439 97
491 95
391 46
442 52
440 30
492 60
392 52
443 20
441 88
493 94
393 50
444 57
442 83
494 35
394 26
445 37
443 40
495 52
395 61
446 55
444 56
496 35
396 38
447 43
445 64
497 37
397 48
448 21
446 90
498 55
398 88
449 44
447 12
499 65
399 46
450 89
448 47
500 22
400 47
449 81
501 30
401 66
452 42
502 75
402 30
453 46
451 35
503 92
403 17
454 68
452 73
504 91
404 61
455 50
453 87
505 36
405 34
456 77
454 42
506 84
406 40
457 71
455 86
507 41
407 96
458 84
456 98
508 52
408 89
459 69
457 85
509 33
409 79
460 11
458 56
510 27
410 53
461 12
459 82
511 77
411 45
462 66
460 38
512 46
412 24
463 15
461 23
513 51
413 91
464 94
462 21
514 49
414 86
465 77
463 43
515 22
415 73
466 12
464 100
516 80
416 96
467 18
465 33
517 31
417 20
468 64
466 36
518 11
418 82
469 87
467 76
519 22
419 74
470 92
468 10
520 25
420 33
471 23
469 88
521 32
421 18
472 30
470 65
522 83
422 91
473 56
471 80
523 85
423 82
474 68
472 33
524 55
424 17
475 85
473 32
525 67
425 49
476 41
474 52
526 24
426 24
477 85
475 24
527 67
427 92
478 93
476 65
528 92
428 17
479 77
477 49
529 32
429 77
480 56
478 81
530 71
430 74
481 64
479 96
531 45
431 44
482 64
480 29
532 89
432 47
483 53
481 39
533 86
433 76
484 26
482 17
534 58
434 91
485 27
483 87
535 10
435 92
486 15
484 31
536 22
436 81
487 43
485 17
537 23
437 11
488 26
486 74
538 58
438 39
489 97
487 43
539 68
439 46
490 64
488 21
540 19
440 67
491 24
489 97
541 97
441 30
492 35
490 52
542 86
442 53
493 45
491 73
543 78
443 49
494 45
492 83
544 74
444 85
495 68
493 32
545 91
445 21
496 69
494 63
546 51
446 59
497 11
495 17
547 82
447 61
498 39
496 91
548 38
448 50
499 28
497 83
549 64
449 88
500 84
498 81
550 45
450 35
499 17
551 83
451 63
502 75
552 84
452 77
503 92
501 18
553 67
453 34
504 59
502 38
554 33
454 28
505 92
503 95
555 34
455 15
506 13
504 54
556 76
456 18
507 49
505 63
557 86
457 74
508 50
506 75
558 11
458 66
509 20
507 14
559 93
459 10
510 99
508 36
560 82
460 32
511 10
509 22
561 72
461 33
512 10
510 77
562 36
462 33
513 38
511 67
563 19
463 66
514 58
512 97
564 77
464 87
515 34
513 19
565 76
465 42
516 28
514 54
566 27
466 74
517 98
515 44
567 57
467 10
518 61
516 67
568 80
468 42
519 47
517 27
569 28
469 100
520 17
518 55
570 42
470 38
521 38
519 11
571 44
471 79
522 87
520 14
572 51
472 44
523 17
521 23
573 69
473 28
524 66
522 38
574 88
474 45
525 25
523 41
575 69
475 86
526 77
524 58
576 78
476 87
527 81
525 88
577 11
477 65
528 19
526 19
578 39
478 25
529 21
527 85
579 78
479 18
530 99
528 40
580 89
480 44
531 89
529 83
581 20
481 78
532 76
530 60
582 91
482 45
533 67
531 37
583 24
483 85
534 51
532 79
584 25
484 41
535 83
533 38
585 47
485 50
536 84
534 73
586 54
486 79
537 82
535 62
587 33
487 15
538 41
536 76
588 53
488 46
539 46
537 95
589 74
489 22
540 99
538 95
590 27
490 26
541 47
539 46
591 20
491 15
542 30
540 36
592 82
492 58
543 27
541 68
593 92
493 20
544 71
542 64
594 83
494 61
545 53
543 30
595 21
495 64
546 92
544 94
596 47
496 43
547 38
545 53
597 63
497 94
548 91
546 59
598 24
498 49
549 64
547 14
599 91
499 74
550 95
548 39
600 53
500 63
549 58
501 66
552 35
502 10
553 67
551 72
503 90
554 55
552 13
504 34
555 85
553 88
505 71
556 84
554 95
506 50
557 22
555 88
507 67
558 40
556 47
508 14
559 87
557 57
509 26
560 63
558 66
510 99
561 48
559 75
511 60
562 36
560 21
512 63
563 24
561 23
513 23
564 78
562 92
514 10
565 11
563 59
515 15
566 80
564 58
516 96
567 85
565 95
517 89
568 33
566 89
518 67
569 43
567 67
519 95
570 18
568 41
520 54
571 99
569 81
521 59
572 12
570 80
522 44
573 40
571 94
523 34
574 20
572 52
524 89
575 25
573 55
525 49
576 96
574 30
526 29
577 41
575 38
527 74
578 61
576 87
528 15
579 46
577 68
529 42
580 97
578 69
530 78
581 31
579 24
531 12
582 42
580 35
532 33
583 26
581 45
533 88
584 44
582 69
534 54
585 22
583 53
535 29
586 71
584 84
536 59
587 91
585 67
537 44
588 33
586 82
538 62
589 29
587 39
539 77
590 77
588 96
540 43
591 96
589 38
541 37
592 88
590 22
542 42
593 63
591 55
543 49
594 37
592 31
544 12
595 26
593 66
545 42
596 10
594 90
546 24
597 37
595 70
547 11
598 12
596 11
548 47
599 86
597 79
549 33
600 64
598 31
550 55
599 17
438
477
1 438 
4 196 543 301 66 
2 296 569 
3 151 532 499 
1 121 
2 558 244 
2 239 343 
2 488 322 
2 205 61 
4 3 290 252 2 
1 389 
1 330 
2 523 325 
2 117 442 
2 311 277 
4 398 454 399 243 
2 327 140 
1 30 
4 251 600 411 207 
1 424 
1 200 
1 84 
1 22 
1 70 
2 37 303 
3 274 73 375 
1 130 
1 68 
1 516 
2 318 284 
1 127 
3 562 36 102 
1 279 
2 220 57 
1 515 
2 597 13 
1 65 
3 112 346 378 
3 282 23 483 
1 5 
1 64 
3 589 177 391 
2 429 530 
2 304 124 
2 247 492 
2 334 486 
3 222 521 496 
2 421 397 
2 413 564 
1 74 
2 148 493 
2 352 118 
1 236 
3 33 536 212 
3 8 145 453 
1 79 
1 227 
3 160 328 414 
1 537 
2 524 193 
2 201 549 
1 323 
4 379 388 401 97 
1 426 
3 25 192 95 
2 581 513 
1 428 
3 50 167 38 
1 242 
2 155 324 
1 444 
4 497 100 419 256 
1 450 
2 51 133 
2 580 384 
1 478 
1 77 
1 365 
1 197 
1 563 
1 206 
2 420 404 
1 308 
2 412 260 
3 210 216 126 
3 377 376 337 
1 310 
2 58 500 
1 75 
4 18 437 144 374 
1 356 
2 149 162 
3 314 194 184 
2 255 578 
2 503 386 
2 487 439 
2 26 446 
2 128 363 
2 166 361 
1 548 
1 54 
2 43 10 
2 185 509 
1 315 
1 473 
2 357 465 
2 396 1 
1 163 
1 107 
5 202 409 547 575 96 
1 329 
1 514 
1 555 
1 477 
