625 2400 10 100 118
2
3
3
3
3
3
3
3
3
3
3
3
3
3
3
3
3
3
3
3
3
3
3
3
2
3
4
4
4
4
4
4
4
4
4
4
4
4
4
4
4
4
4
4
4
4
4
4
4
3
3
4
4
4
4
4
4
4
4
4
4
4
4
4
4
4
4
4
4
4
4
4
4
4
3
3
4
4
4
4
4
4
4
4
4
4
4
4
4
4
4
4
4
4
4
4
4
4
4
3
3
4
4
4
4
4
4
4
4
4
4
4
4
4
4
4
4
4
4
4
4
4
4
4
3
3
4
4
4
4
4
4
4
4
4
4
4
4
4
4
4
4
4
4
4
4
4
4
4
3
3
4
4
4
4
4
4
4
4
4
4
4
4
4
4
4
4
4
4
4
4
4
4
4
3
3
4
4
4
4
4
4
4
4
4
4
4
4
4
4
4
4
4
4
4
4
4
4
4
3
3
4
4
4
4
4
4
4
4
4
4
4
4
4
4
4
4
4
4
4
4
4
4
4
3
3
4
4
4
4
4
4
4
4
4
4
4
4
4
4
4
4
4
4
4
4
4
4
4
3
3
4
4
4
4
4
4
4
4
4
4
4
4
4
4
4
4
4
4
4
4
4
4
4
3
3
4
4
4
4
4
4
4
4
4
4
4
4
4
4
4
4
4
4
4
4
4
4
4
3
3
4
4
4
4
4
4
4
4
4
4
4
4
4
4
4
4
4
4
4
4
4
4
4
3
3
4
4
4
4
4
4
4
4
4
4
4
4
4
4
4
4
4
4
4
4
4
4
4
3
3
4
4
4
4
4
4
4
4
4
4
4
4
4
4
4
4
4
4
4
4
4
4
4
3
3
4
4
4
4
4
4
4
4
4
4
4
4
4
4
4
4
4
4
4
4
4
4
4
3
3
4
4
4
4
4
4
4
4
4
4
4
4
4
4
4
4
4
4
4
4
4
4
4
3
3
4
4
4
4
4
4
4
4
4
4
4
4
4
4
4
4
4
4
4
4
4
4
4
3
3
4
4
4
4
4
4
4
4
4
4
4
4
4
4
4
4
4
4
4
4
4
4
4
3
3
4
4
4
4
4
4
4
4
4
4
4
4
4
4
4
4
4
4
4
4
4
4
4
3
3
4
4
4
4
4
4
4
4
4
4
4
4
4
4
4
4
4
4
4
4
4
4
4
3
3
4
4
4
4
4
4
4
4
4
4
4
4
4
4
4
4
4
4
4
4
4
4
4
3
3
4
4
4
4
4
4
4
4
4
4
4
4
4
4
4
4
4
4
4
4
4
4
4
3
3
4
4
4
4
4
4
4
4
4
4
4
4
4
4
4
4
4
4
4
4
4
4
4
3
2
3
3
3
3
3
3
3
3
3
3
3
3
3
3
3
3
3
3
3
3
3
3
3
2
26 20
2 29
27 46
3 49
1 59
28 23
4 29
2 58
29 59
5 16
3 33
30 99
6 50
4 78
31 89
7 96
5 75
32 92
8 78
6 94
33 20
9 76
7 60
34 87
10 98
8 29
35 17
11 65
9 39
36 23
12 63
10 84
37 63
13 37
11 78
38 71
14 21
12 59
39 86
15 70
13 29
40 55
16 42
14 73
41 98
17 27
15 93
42 95
18 31
16 86
43 51
19 20
17 49
44 13
20 85
18 41
45 40
21 52
19 30
46 97
22 20
20 49
47 27
23 93
21 82
48 35
24 77
22 61
49 40
25 70
23 96
50 76
24 15
51 13
1 51
27 83
52 100
2 16
28 20
26 76
53 44
3 82
29 47
27 91
54 58
4 91
30 16
28 33
55 25
5 81
31 68
29 87
56 75
6 62
32 17
30 53
57 77
7 14
33 84
31 94
58 34
8 17
34 44
32 91
59 93
9 46
35 57
33 41
60 43
10 18
36 22
34 55
61 18
11 53
37 50
35 39
62 38
12 36
38 67
36 75
63 11
13 15
39 20
37 34
64 96
14 82
40 54
38 84
65 49
15 29
41 88
39 43
66 36
16 84
42 40
40 39
67 75
17 28
43 61
41 55
68 75
18 85
44 46
42 56
69 39
19 64
45 67
43 36
70 88
20 92
46 98
44 16
71 82
21 96
47 39
45 44
72 82
22 11
48 54
46 69
73 78
23 75
49 84
47 44
74 92
24 37
50 21
48 73
75 13
25 35
49 19
76 36
26 21
52 38
77 27
27 96
53 100
51 20
78 47
28 78
54 99
52 100
79 64
29 33
55 33
53 38
80 28
30 30
56 84
54 76
81 100
31 84
57 92
55 60
82 90
32 40
58 77
56 52
83 44
33 29
59 11
57 43
84 53
34 53
60 64
58 59
85 15
35 22
61 14
59 32
86 97
36 69
62 52
60 49
87 58
37 16
63 79
61 34
88 57
38 27
64 36
62 54
89 86
39 70
65 25
63 67
90 83
40 53
66 37
64 27
91 22
41 82
67 49
65 48
92 33
42 29
68 30
66 30
93 21
43 30
69 87
67 95
94 57
44 86
70 29
68 42
95 71
45 98
71 58
69 92
96 49
46 96
72 54
70 31
97 48
47 51
73 88
71 45
98 35
48 80
74 94
72 21
99 84
49 66
75 89
73 38
100 100
50 33
74 21
101 23
51 52
77 29
102 98
52 32
78 81
76 67
103 80
53 15
79 82
77 75
104 54
54 15
80 21
78 72
105 17
55 58
81 57
79 27
106 49
56 49
82 29
80 67
107 72
57 52
83 97
81 69
108 58
58 23
84 13
82 62
109 32
59 44
85 86
83 97
110 73
60 96
86 30
84 75
111 98
61 85
87 88
85 24
112 36
62 66
88 50
86 26
113 41
63 88
89 95
87 31
114 68
64 16
90 18
88 53
115 59
65 22
91 38
89 58
116 14
66 82
92 14
90 33
117 64
67 60
93 99
91 49
118 64
68 84
94 92
92 27
119 33
69 29
95 53
93 16
120 61
70 46
96 87
94 73
121 45
71 76
97 27
95 13
122 60
72 19
98 50
96 86
123 54
73 12
99 69
97 40
124 43
74 51
100 85
98 76
125 65
75 39
99 71
126 36
76 24
102 33
127 54
77 17
103 90
101 12
128 86
78 71
104 96
102 83
129 63
79 66
105 75
103 59
130 23
80 72
106 56
104 22
131 76
81 68
107 23
105 47
132 84
82 99
108 28
106 48
133 81
83 94
109 35
107 26
134 19
84 97
110 12
108 20
135 78
85 70
111 58
109 12
136 11
86 27
112 90
110 77
137 55
87 36
113 23
111 73
138 41
88 48
114 36
112 100
139 70
89 25
115 62
113 60
140 85
90 100
116 90
114 70
141 93
91 44
117 98
115 72
142 95
92 25
118 93
116 29
143 97
93 71
119 15
117 36
144 42
94 47
120 23
118 94
145 78
95 87
121 69
119 12
146 33
96 62
122 81
120 82
147 30
97 17
123 87
121 78
148 51
98 34
124 56
122 22
149 73
99 36
125 13
123 86
150 72
100 79
124 28
151 77
101 60
127 44
152 17
102 51
128 89
126 47
153 99
103 59
129 59
127 78
154 35
104 23
130 18
128 93
155 19
105 65
131 68
129 72
156 73
106 99
132 19
130 15
157 38
107 58
133 71
131 81
158 98
108 38
134 34
132 47
159 36
109 50
135 98
133 11
160 10
110 40
136 63
134 72
161 85
111 98
137 19
135 42
162 42
112 23
138 63
136 70
163 78
113 63
139 76
137 92
164 42
114 64
140 14
138 86
165 26
115 18
141 63
139 81
166 27
116 48
142 45
140 96
167 51
117 12
143 85
141 57
168 48
118 35
144 81
142 30
169 12
119 18
145 79
143 34
170 48
120 100
146 26
144 26
171 85
121 91
147 96
145 48
172 45
122 84
148 95
146 30
173 32
123 39
149 42
147 41
174 97
124 93
150 65
148 65
175 21
125 61
149 25
176 60
126 30
152 95
177 15
127 10
153 19
151 60
178 43
128 61
154 61
152 43
179 90
129 97
155 48
153 31
180 22
130 14
156 52
154 47
181 30
131 92
157 69
155 18
182 97
132 75
158 12
156 34
183 17
133 10
159 91
157 39
184 50
134 92
160 41
158 32
185 54
135 59
161 15
159 40
186 21
136 90
162 30
160 50
187 63
137 31
163 94
161 97
188 61
138 23
164 45
162 48
189 39
139 28
165 19
163 61
190 50
140 99
166 96
164 64
191 54
141 30
167 44
165 49
192 67
142 98
168 81
166 61
193 53
143 16
169 99
167 58
194 33
144 74
170 30
168 53
195 98
145 72
171 92
169 14
196 58
146 23
172 88
170 18
197 75
147 51
173 59
171 25
198 39
148 56
174 50
172 73
199 93
149 92
175 30
173 68
200 61
150 78
174 19
201 87
151 76
177 96
202 13
152 48
178 63
176 90
203 65
153 74
179 23
177 45
204 93
154 34
180 67
178 68
205 88
155 76
181 73
179 89
206 42
156 60
182 94
180 97
207 78
157 33
183 77
181 78
208 27
158 84
184 52
182 83
209 56
159 78
185 10
183 95
210 29
160 13
186 78
184 29
211 49
161 67
187 58
185 83
212 78
162 28
188 29
186 14
213 49
163 15
189 12
187 73
214 24
164 13
190 45
188 62
215 43
165 48
191 10
189 69
216 37
166 99
192 84
190 89
217 13
167 75
193 86
191 56
218 52
168 20
194 98
192 84
219 49
169 71
195 62
193 18
220 60
170 53
196 12
194 65
221 31
171 55
197 54
195 80
222 55
172 94
198 91
196 89
223 19
173 25
199 89
197 12
224 54
174 76
200 88
198 80
225 73
175 97
199 35
226 17
176 62
202 34
227 86
177 28
203 91
201 20
228 14
178 18
204 22
202 67
229 59
179 90
205 59
203 31
230 75
180 46
206 20
204 90
231 24
181 20
207 94
205 65
232 84
182 32
208 11
206 59
233 44
183 36
209 57
207 82
234 56
184 76
210 37
208 52
235 10
185 42
211 68
209 55
236 58
186 39
212 74
210 92
237 14
187 20
213 95
211 91
238 20
188 73
214 64
212 32
239 83
189 79
215 96
213 53
240 100
190 100
216 73
214 88
241 24
191 49
217 97
215 18
242 24
192 97
218 50
216 91
243 96
193 98
219 80
217 25
244 84
194 23
220 42
218 75
245 44
195 57
221 33
219 88
246 13
196 42
222 51
220 47
247 63
197 46
223 90
221 62
248 86
198 25
224 68
222 34
249 39
199 62
225 100
223 27
250 86
200 64
224 94
251 70
201 63
227 40
252 92
202 71
228 73
226 13
253 98
203 44
229 48
227 87
254 17
204 38
230 91
228 45
255 56
205 25
231 84
229 52
256 22
206 91
232 47
230 97
257 85
207 84
233 13
231 93
258 95
208 52
234 98
232 24
259 23
209 56
235 13
233 94
260 60
210 55
236 62
234 87
261 87
211 59
237 10
235 88
262 12
212 27
238 77
236 97
263 47
213 23
239 32
237 89
264 33
214 15
240 63
238 26
265 28
215 45
241 91
239 96
266 25
216 20
242 78
240 51
267 18
217 53
243 56
241 15
268 63
218 90
244 85
242 59
269 44
219 17
245 58
243 27
270 75
220 32
246 26
244 97
271 90
221 92
247 56
245 72
272 34
222 89
248 33
246 13
273 59
223 63
249 74
247 89
274 65
224 91
250 34
248 21
275 85
225 77
249 63
276 94
226 54
252 78
277 47
227 70
253 97
251 75
278 96
228 13
254 78
252 49
279 85
229 13
255 82
253 77
280 42
230 49
256 73
254 51
281 21
231 59
257 36
255 100
282 57
232 98
258 44
256 55
283 18
233 22
259 97
257 60
284 79
234 27
260 56
258 23
285 30
235 65
261 62
259 59
286 21
236 71
262 18
260 64
287 49
237 83
263 41
261 31
288 71
238 74
264 23
262 94
289 71
239 57
265 28
263 25
290 99
240 92
266 23
264 28
291 12
241 98
267 22
265 28
292 95
242 84
268 47
266 22
293 66
243 96
269 49
267 20
294 71
244 50
270 95
268 64
295 48
245 87
271 10
269 61
296 31
246 51
272 11
270 12
297 68
247 46
273 62
271 45
298 36
248 40
274 41
272 65
299 32
249 13
275 59
273 53
300 93
250 25
274 63
301 18
251 62
277 38
302 45
252 67
278 77
276 77
303 87
253 58
279 78
277 73
304 60
254 55
280 86
278 92
305 97
255 53
281 41
279 46
306 39
256 49
282 30
280 52
307 38
257 56
283 71
281 10
308 14
258 34
284 90
282 47
309 33
259 93
285 91
283 70
310 79
260 85
286 35
284 19
311 49
261 48
287 15
285 21
312 98
262 78
288 25
286 90
313 56
263 59
289 42
287 14
314 69
264 80
290 29
288 62
315 16
265 68
291 58
289 41
316 100
266 65
292 27
290 74
317 48
267 15
293 44
291 60
318 49
268 36
294 16
292 40
319 16
269 20
295 61
293 43
320 71
270 40
296 48
294 66
321 15
271 98
297 96
295 12
322 36
272 78
298 21
296 13
323 61
273 72
299 99
297 68
324 63
274 37
300 18
298 58
325 63
275 63
299 68
326 57
276 35
302 65
327 31
277 64
303 31
301 13
328 38
278 55
304 50
302 44
329 35
279 70
305 18
303 23
330 50
280 79
306 65
304 70
331 27
281 48
307 69
305 31
332 81
282 75
308 67
306 93
333 66
283 43
309 63
307 10
334 87
284 89
310 53
308 52
335 50
285 78
311 97
309 88
336 15
286 55
312 35
310 13
337 62
287 33
313 28
311 84
338 59
288 90
314 97
312 23
339 81
289 10
315 88
313 89
340 16
290 67
316 56
314 59
341 30
291 49
317 75
315 88
342 68
292 45
318 71
316 43
343 74
293 62
319 40
317 30
344 15
294 73
320 28
318 59
345 90
295 27
321 85
319 99
346 61
296 90
322 68
320 98
347 31
297 61
323 28
321 64
348 59
298 60
324 63
322 18
349 19
299 42
325 22
323 14
350 36
300 77
324 69
351 81
301 29
327 81
352 82
302 95
328 67
326 26
353 49
303 91
329 33
327 98
354 85
304 40
330 34
328 76
355 77
305 47
331 97
329 100
356 93
306 10
332 100
330 38
357 59
307 97
333 28
331 59
358 58
308 97
334 41
332 83
359 99
309 35
335 11
333 63
360 26
310 83
336 61
334 22
361 16
311 48
337 100
335 59
362 62
312 76
338 52
336 75
363 14
313 19
339 59
337 75
364 49
314 16
340 20
338 48
365 65
315 42
341 57
339 69
366 79
316 72
342 31
340 57
367 21
317 68
343 57
341 48
368 28
318 53
344 38
342 37
369 75
319 39
345 14
343 94
370 74
320 33
346 72
344 38
371 65
321 12
347 99
345 13
372 31
322 22
348 72
346 34
373 94
323 64
349 90
347 67
374 96
324 49
350 42
348 79
375 26
325 57
349 32
376 89
326 73
352 35
377 32
327 86
353 69
351 25
378 18
328 62
354 62
352 80
379 25
329 25
355 38
353 81
380 76
330 22
356 85
354 53
381 16
331 84
357 60
355 13
382 18
332 44
358 13
356 37
383 66
333 61
359 50
357 66
384 77
334 84
360 77
358 93
385 99
335 75
361 100
359 79
386 34
336 67
362 70
360 25
387 43
337 50
363 50
361 79
388 40
338 90
364 72
362 96
389 78
339 56
365 66
363 11
390 13
340 17
366 25
364 42
391 59
341 31
367 63
365 83
392 67
342 12
368 91
366 64
393 38
343 57
369 17
367 44
394 48
344 87
370 49
368 15
395 71
345 74
371 82
369 69
396 89
346 77
372 92
370 60
397 99
347 84
373 82
371 77
398 36
348 95
374 56
372 47
399 20
349 65
375 98
373 15
400 92
350 75
374 33
401 30
351 62
377 86
402 79
352 75
378 38
376 92
403 87
353 47
379 19
377 17
404 27
354 87
380 44
378 46
405 82
355 32
381 46
379 67
406 60
356 14
382 96
380 54
407 11
357 29
383 52
381 41
408 55
358 56
384 90
382 90
409 11
359 27
385 18
383 62
410 90
360 50
386 61
384 31
411 77
361 83
387 85
385 37
412 64
362 98
388 85
386 96
413 95
363 73
389 39
387 90
414 46
364 62
390 31
388 40
415 40
365 79
391 76
389 95
416 18
366 27
392 38
390 67
417 58
367 49
393 39
391 42
418 92
368 73
394 17
392 15
419 75
369 36
395 14
393 76
420 64
370 56
396 31
394 23
421 18
371 30
397 90
395 62
422 64
372 18
398 51
396 57
423 35
373 64
399 17
397 52
424 37
374 88
400 87
398 63
425 75
375 67
399 99
426 85
376 28
402 47
427 27
377 88
403 79
401 69
428 48
378 32
404 39
402 92
429 40
379 63
405 82
403 43
430 62
380 56
406 27
404 85
431 18
381 19
407 16
405 73
432 75
382 26
408 46
406 76
433 78
383 69
409 13
407 45
434 35
384 34
410 36
408 91
435 51
385 94
411 94
409 68
436 72
386 25
412 86
410 53
437 19
387 99
413 69
411 72
438 59
388 54
414 94
412 56
439 28
389 30
415 43
413 54
440 54
390 80
416 30
414 88
441 55
391 27
417 87
415 93
442 31
392 45
418 30
416 84
443 89
393 44
419 41
417 69
444 44
394 58
420 44
418 33
445 44
395 22
421 44
419 16
446 33
396 70
422 24
420 73
447 23
397 13
423 69
421 88
448 19
398 95
424 65
422 69
449 93
399 94
425 92
423 91
450 98
400 41
424 44
451 74
401 20
427 76
452 90
402 14
428 100
426 71
453 96
403 100
429 44
427 92
454 78
404 86
430 25
428 31
455 87
405 86
431 65
429 56
456 42
406 14
432 51
430 94
457 96
407 94
433 85
431 88
458 54
408 72
434 78
432 88
459 91
409 72
435 36
433 69
460 45
410 46
436 76
434 86
461 96
411 30
437 83
435 44
462 72
412 52
438 16
436 19
463 34
413 63
439 45
437 59
464 29
414 76
440 91
438 89
465 70
415 70
441 19
439 49
466 46
416 50
442 96
440 13
467 33
417 90
443 14
441 38
468 74
418 64
444 16
442 93
469 100
419 14
445 25
443 92
470 57
420 23
446 77
444 96
471 91
421 87
447 50
445 35
472 89
422 69
448 40
446 17
473 59
423 84
449 71
447 30
474 66
424 37
450 64
448 71
475 65
425 27
449 28
476 78
426 24
452 29
477 30
427 64
453 26
451 64
478 80
428 56
454 66
452 72
479 43
429 58
455 68
453 17
480 65
430 88
456 91
454 31
481 24
431 49
457 92
455 35
482 57
432 86
458 18
456 51
483 92
433 12
459 18
457 95
484 70
434 69
460 89
458 94
485 73
435 99
461 97
459 27
486 99
436 94
462 27
460 40
487 57
437 16
463 44
461 58
488 84
438 94
464 39
462 59
489 62
439 98
465 75
463 30
490 29
440 69
466 100
464 61
491 56
441 96
467 59
465 36
492 31
442 31
468 62
466 83
493 36
443 62
469 87
467 71
494 59
444 16
470 34
468 96
495 90
445 74
471 28
469 71
496 26
446 90
472 98
470 16
497 25
447 41
473 98
471 82
498 20
448 15
474 68
472 16
499 55
449 94
475 30
473 52
500 41
450 42
474 61
501 75
451 62
477 17
502 70
452 82
478 38
476 88
503 36
453 90
479 77
477 75
504 29
454 69
480 22
478 42
505 98
455 37
481 82
479 49
506 20
456 34
482 12
480 26
507 47
457 79
483 29
481 16
508 34
458 12
484 12
482 91
509 57
459 89
485 92
483 34
510 46
460 22
486 53
484 35
511 70
461 62
487 39
485 15
512 52
462 79
488 60
486 15
513 82
463 49
489 60
487 39
514 11
464 97
490 29
488 53
515 97
465 28
491 53
489 52
516 94
466 53
492 89
490 52
517 12
467 73
493 12
491 73
518 12
468 35
494 40
492 14
519 32
469 50
495 96
493 10
520 95
470 50
496 64
494 34
521 85
471 31
497 75
495 85
522 100
472 18
498 99
496 84
523 98
473 99
499 18
497 17
524 85
474 83
500 14
498 45
525 90
475 10
499 41
526 90
476 33
502 65
527 73
477 97
503 92
501 12
528 54
478 56
504 24
502 13
529 48
479 17
505 80
503 28
530 22
480 71
506 98
504 90
531 20
481 32
507 60
505 28
532 73
482 85
508 54
506 88
533 89
483 21
509 46
507 43
534 36
484 79
510 63
508 34
535 36
485 30
511 69
509 29
536 44
486 90
512 65
510 96
537 20
487 12
513 54
511 35
538 51
488 71
514 18
512 38
539 10
489 25
515 20
513 99
540 20
490 75
516 45
514 91
541 45
491 70
517 62
515 62
542 30
492 63
518 25
516 24
543 20
493 27
519 10
517 43
544 57
494 12
520 83
518 56
545 90
495 43
521 59
519 78
546 73
496 27
522 10
520 10
547 71
497 41
523 64
521 94
548 15
498 75
524 71
522 42
549 91
499 44
525 83
523 80
550 76
500 12
524 93
551 29
501 14
527 72
552 72
502 19
528 53
526 61
553 68
503 65
529 90
527 52
554 42
504 53
530 19
528 83
555 75
505 60
531 18
529 49
556 31
506 50
532 72
530 10
557 55
507 49
533 44
531 55
558 28
508 75
534 13
532 31
559 38
509 94
535 30
533 45
560 33
510 89
536 80
534 85
561 89
511 30
537 15
535 62
562 50
512 50
538 86
536 43
563 67
513 92
539 30
537 19
564 78
514 56
540 88
538 40
565 27
515 20
541 19
539 59
566 31
516 10
542 49
540 37
567 82
517 27
543 27
541 92
568 60
518 69
544 14
542 17
569 50
519 60
545 85
543 70
570 78
520 10
546 11
544 62
571 42
521 90
547 30
545 10
572 99
522 95
548 20
546 81
573 24
523 27
549 54
547 48
574 96
524 60
550 68
548 39
575 54
525 10
549 59
576 62
526 20
552 73
577 85
527 29
553 30
551 13
578 75
528 27
554 90
552 81
579 40
529 70
555 30
553 12
580 38
530 30
556 98
554 70
581 32
531 95
557 44
555 46
582 71
532 88
558 65
556 96
583 85
533 95
559 78
557 30
584 53
534 71
560 28
558 72
585 76
535 71
561 88
559 38
586 15
536 69
562 74
560 57
587 28
537 35
563 21
561 61
588 86
538 92
564 46
562 59
589 20
539 63
565 91
563 66
590 81
540 64
566 40
564 22
591 89
541 52
567 53
565 45
592 99
542 12
568 17
566 65
593 26
543 73
569 34
567 78
594 51
544 98
570 51
568 34
595 65
545 61
571 41
569 50
596 57
546 75
572 21
570 87
597 14
547 27
573 24
571 77
598 60
548 89
574 58
572 94
599 31
549 85
575 66
573 86
600 31
550 23
574 23
601 80
551 24
577 11
602 72
552 22
578 92
576 38
603 66
553 67
579 81
577 48
604 24
554 93
580 47
578 44
605 22
555 45
581 84
579 30
606 45
556 92
582 42
580 67
607 91
557 92
583 19
581 58
608 11
558 22
584 67
582 43
609 82
559 36
585 75
583 99
610 96
560 53
586 89
584 48
611 28
561 15
587 80
585 80
612 47
562 92
588 12
586 24
613 96
563 39
589 39
587 90
614 50
564 76
590 23
588 84
615 96
565 10
591 34
589 78
616 10
566 49
592 86
590 45
617 13
567 99
593 98
591 14
618 23
568 76
594 81
592 91
619 98
569 32
595 65
593 35
620 50
570 35
596 23
594 92
621 85
571 63
597 50
595 53
622 52
572 18
598 35
596 17
623 82
573 86
599 64
597 75
624 19
574 37
600 17
598 26
625 26
575 11
599 64
576 15
602 15
577 45
603 48
601 42
578 54
604 33
602 41
579 67
605 65
603 19
580 70
606 99
604 96
581 40
607 16
605 95
582 84
608 12
606 47
583 59
609 99
607 72
584 67
610 89
608 58
585 24
611 38
609 34
586 41
612 27
610 17
587 96
613 24
611 68
588 62
614 47
612 91
589 79
615 20
613 64
590 40
616 70
614 62
591 71
617 34
615 14
592 26
618 49
616 57
593 40
619 99
617 96
594 47
620 40
618 70
595 60
621 12
619 61
596 75
622 80
620 34
597 12
623 55
621 54
598 95
624 73
622 19
599 58
625 85
623 82
600 69
624 79
601
229
1 601 
3 533 527 71 
2 253 252 
1 196 
3 465 111 217 
3 34 369 144 
1 291 
1 557 
4 293 20 1 184 
3 93 405 185 
1 66 
1 188 
2 75 467 
1 212 
1 197 
2 562 414 
1 156 
2 588 80 
2 606 287 
1 195 
1 371 
2 607 96 
2 325 158 
3 559 567 344 
1 587 
1 624 
3 517 103 466 
3 330 584 213 
3 296 464 298 
1 354 
1 274 
2 509 570 
3 317 378 550 
1 313 
1 609 
2 215 560 
1 520 
3 233 194 403 
1 251 
1 246 
1 586 
5 277 30 132 55 137 
2 542 491 
1 361 
1 68 
4 247 547 353 225 
2 40 569 
2 139 285 
1 232 
3 345 434 12 
2 572 311 
3 605 463 447 
1 269 
2 148 421 
1 308 
2 174 510 
2 471 64 
3 342 125 541 
1 258 
1 301 
1 507 
3 176 511 404 
1 268 
3 108 558 512 
1 485 
1 350 
2 335 398 
1 495 
2 563 76 
4 461 591 255 595 
2 365 262 
4 267 65 477 22 
1 259 
2 484 508 
3 450 278 52 
2 554 544 
4 284 234 41 201 
2 19 446 
1 63 
2 299 117 
1 307 
1 208 
1 61 
2 140 444 
6 614 23 305 382 370 496 
3 24 69 86 
2 152 556 
1 236 
4 456 250 275 130 
3 377 492 426 
1 32 
1 531 
1 532 
1 596 
1 322 
1 539 
1 67 
1 478 
4 519 583 438 265 
2 442 504 
1 399 
1 10 
1 146 
3 395 612 435 
1 416 
1 116 
1 264 
1 490 
2 578 105 
1 43 
1 423 
1 412 
3 147 424 431 
2 425 538 
2 29 506 
2 42 394 
1 324 
1 229 
