196 728 10 100 37
2
3
3
3
3
3
3
3
3
3
3
3
3
2
3
4
4
4
4
4
4
4
4
4
4
4
4
3
3
4
4
4
4
4
4
4
4
4
4
4
4
3
3
4
4
4
4
4
4
4
4
4
4
4
4
3
3
4
4
4
4
4
4
4
4
4
4
4
4
3
3
4
4
4
4
4
4
4
4
4
4
4
4
3
3
4
4
4
4
4
4
4
4
4
4
4
4
3
3
4
4
4
4
4
4
4
4
4
4
4
4
3
3
4
4
4
4
4
4
4
4
4
4
4
4
3
3
4
4
4
4
4
4
4
4
4
4
4
4
3
3
4
4
4
4
4
4
4
4
4
4
4
4
3
3
4
4
4
4
4
4
4
4
4
4
4
4
3
3
4
4
4
4
4
4
4
4
4
4
4
4
3
2
3
3
3
3
3
3
3
3
3
3
3
3
2
15 56
2 29
16 48
3 67
1 50
17 57
4 50
2 79
18 55
5 58
3 49
19 51
6 78
4 19
20 41
7 31
5 32
21 34
8 90
6 89
22 50
9 86
7 72
23 40
10 76
8 65
24 80
11 92
9 92
25 12
12 13
10 28
26 21
13 54
11 71
27 40
14 49
12 37
28 34
13 79
29 59
1 38
16 73
30 41
2 21
17 91
15 45
31 47
3 32
18 13
16 14
32 53
4 53
19 16
17 72
33 53
5 47
20 43
18 89
34 14
6 64
21 70
19 66
35 66
7 36
22 96
20 44
36 90
8 49
23 80
21 73
37 59
9 28
24 90
22 76
38 50
10 61
25 61
23 90
39 61
11 90
26 60
24 12
40 13
12 38
27 17
25 35
41 67
13 51
28 75
26 24
42 72
14 61
27 19
43 66
15 34
30 62
44 61
16 59
31 70
29 47
45 41
17 48
32 44
30 88
46 50
18 83
33 99
31 10
47 17
19 68
34 97
32 70
48 28
20 64
35 55
33 69
49 31
21 79
36 32
34 21
50 47
22 25
37 79
35 85
51 27
23 76
38 34
36 48
52 55
24 33
39 64
37 77
53 73
25 28
40 23
38 57
54 75
26 93
41 90
39 52
55 20
27 57
42 14
40 36
56 47
28 71
41 66
57 15
29 15
44 29
58 79
30 39
45 88
43 93
59 23
31 52
46 59
44 77
60 53
32 33
47 78
45 20
61 67
33 100
48 29
46 17
62 10
34 13
49 42
47 28
63 99
35 78
50 91
48 70
64 59
36 79
51 89
49 85
65 99
37 83
52 28
50 99
66 63
38 12
53 15
51 48
67 31
39 15
54 51
52 71
68 13
40 97
55 98
53 61
69 26
41 59
56 77
54 14
70 91
42 79
55 18
71 33
43 72
58 56
72 100
44 16
59 62
57 72
73 16
45 50
60 90
58 72
74 42
46 65
61 48
59 51
75 15
47 27
62 68
60 22
76 42
48 13
63 37
61 23
77 35
49 98
64 86
62 97
78 36
50 100
65 25
63 80
79 18
51 23
66 44
64 50
80 18
52 32
67 10
65 82
81 14
53 69
68 87
66 84
82 27
54 23
69 82
67 18
83 82
55 58
70 51
68 34
84 28
56 59
69 81
85 90
57 10
72 97
86 12
58 49
73 19
71 23
87 62
59 24
74 73
72 20
88 45
60 18
75 56
73 37
89 33
61 27
76 23
74 48
90 16
62 95
77 15
75 52
91 90
63 52
78 86
76 76
92 27
64 13
79 20
77 21
93 25
65 78
80 21
78 61
94 91
66 26
81 26
79 29
95 49
67 61
82 16
80 38
96 36
68 42
83 74
81 36
97 30
69 25
84 98
82 86
98 69
70 37
83 71
99 68
71 28
86 20
100 77
72 62
87 52
85 47
101 59
73 51
88 52
86 63
102 83
74 90
89 28
87 100
103 75
75 62
90 39
88 26
104 50
76 67
91 47
89 55
105 10
77 63
92 80
90 61
106 78
78 21
93 10
91 39
107 98
79 42
94 40
92 74
108 100
80 16
95 29
93 55
109 41
81 74
96 39
94 74
110 56
82 84
97 66
95 91
111 46
83 64
98 64
96 54
112 55
84 50
97 34
113 91
85 24
100 25
114 61
86 67
101 10
99 76
115 92
87 81
102 78
100 29
116 20
88 43
103 22
101 33
117 85
89 76
104 44
102 31
118 97
90 78
105 85
103 41
119 77
91 49
106 16
104 90
120 75
92 99
107 62
105 87
121 13
93 95
108 100
106 44
122 73
94 33
109 37
107 64
123 17
95 16
110 86
108 55
124 22
96 82
111 31
109 90
125 63
97 22
112 33
110 61
126 71
98 62
111 40
127 45
99 62
114 50
128 23
100 75
115 45
113 70
129 72
101 95
116 21
114 47
130 43
102 59
117 28
115 36
131 14
103 46
118 14
116 42
132 91
104 30
119 57
117 46
133 57
105 88
120 13
118 67
134 62
106 83
121 97
119 40
135 26
107 18
122 46
120 72
136 59
108 28
123 10
121 90
137 67
109 32
124 44
122 19
138 60
110 62
125 91
123 58
139 55
111 100
126 47
124 76
140 46
112 85
125 31
141 83
113 35
128 58
142 69
114 74
129 89
127 74
143 18
115 40
130 99
128 78
144 21
116 99
131 81
129 47
145 55
117 12
132 67
130 70
146 97
118 12
133 84
131 27
147 84
119 68
134 23
132 54
148 76
120 21
135 64
133 46
149 74
121 84
136 16
134 80
150 71
122 52
137 93
135 77
151 35
123 48
138 12
136 22
152 57
124 46
139 21
137 52
153 23
125 87
140 56
138 95
154 36
126 58
139 27
155 73
127 13
142 84
156 30
128 77
143 53
141 93
157 96
129 35
144 53
142 54
158 79
130 83
145 56
143 87
159 37
131 52
146 29
144 33
160 36
132 12
147 98
145 96
161 56
133 95
148 80
146 41
162 100
134 11
149 47
147 72
163 22
135 56
150 84
148 95
164 90
136 39
151 43
149 87
165 78
137 97
152 53
150 26
166 51
138 62
153 63
151 66
167 37
139 65
154 25
152 32
168 66
140 30
153 41
169 78
141 72
156 31
170 66
142 81
157 53
155 70
171 32
143 44
158 44
156 10
172 80
144 33
159 29
157 86
173 99
145 97
160 84
158 42
174 41
146 29
161 66
159 93
175 75
147 18
162 16
160 84
176 83
148 69
163 49
161 41
177 69
149 90
164 77
162 70
178 55
150 38
165 36
163 13
179 96
151 92
166 82
164 13
180 73
152 97
167 49
165 31
181 97
153 25
168 78
166 66
182 42
154 35
167 11
183 27
155 58
170 54
184 87
156 42
171 37
169 84
185 19
157 66
172 30
170 67
186 93
158 37
173 26
171 73
187 95
159 15
174 88
172 20
188 11
160 15
175 17
173 52
189 63
161 76
176 93
174 47
190 60
162 48
177 21
175 55
191 85
163 75
178 90
176 40
192 76
164 51
179 61
177 92
193 40
165 78
180 30
178 73
194 64
166 33
181 58
179 56
195 100
167 10
182 88
180 24
196 43
168 75
181 69
169 77
184 66
170 76
185 89
183 71
171 59
186 90
184 21
172 94
187 80
185 57
173 96
188 14
186 95
174 43
189 43
187 99
175 87
190 59
188 96
176 66
191 37
189 30
177 33
192 53
190 56
178 33
193 41
191 72
179 30
194 97
192 53
180 82
195 32
193 52
181 79
196 62
194 80
182 41
195 94
25
21
2 9 25 
1 118 
2 38 47 
2 194 49 
3 45 11 20 
3 74 96 13 
1 115 
3 56 77 97 
1 152 
3 196 151 189 
2 39 91 
1 147 
3 164 6 191 
1 92 
2 117 33 
4 149 18 172 22 
2 30 105 
1 127 
2 83 167 
1 109 
1 185 
2 155 37 
1 107 
1 63 
2 52 192 
2 73 138 
1 62 
1 98 
3 187 71 51 
2 170 72 
2 14 136 
3 84 128 59 
1 179 
1 181 
1 148 
2 50 4 
2 100 21 
