600 2276 10 100 114
2
3
3
3
3
3
3
3
3
3
3
3
3
3
3
3
3
3
3
3
3
3
3
3
3
3
3
3
3
3
3
3
3
3
3
3
3
3
3
3
3
3
3
3
3
3
3
3
3
2
3
4
4
4
4
4
4
4
4
4
4
4
4
4
4
4
4
4
4
4
4
4
4
4
4
4
4
4
4
4
4
4
4
4
4
4
4
4
4
4
4
4
4
4
4
4
4
4
4
3
3
4
4
4
4
4
4
4
4
4
4
4
4
4
4
4
4
4
4
4
4
4
4
4
4
4
4
4
4
4
4
4
4
4
4
4
4
4
4
4
4
4
4
4
4
4
4
4
4
3
3
4
4
4
4
4
4
4
4
4
4
4
4
4
4
4
4
4
4
4
4
4
4
4
4
4
4
4
4
4
4
4
4
4
4
4
4
4
4
4
4
4
4
4
4
4
4
4
4
3
3
4
4
4
4
4
4
4
4
4
4
4
4
4
4
4
4
4
4
4
4
4
4
4
4
4
4
4
4
4
4
4
4
4
4
4
4
4
4
4
4
4
4
4
4
4
4
4
4
3
3
4
4
4
4
4
4
4
4
4
4
4
4
4
4
4
4
4
4
4
4
4
4
4
4
4
4
4
4
4
4
4
4
4
4
4
4
4
4
4
4
4
4
4
4
4
4
4
4
3
3
4
4
4
4
4
4
4
4
4
4
4
4
4
4
4
4
4
4
4
4
4
4
4
4
4
4
4
4
4
4
4
4
4
4
4
4
4
4
4
4
4
4
4
4
4
4
4
4
3
3
4
4
4
4
4
4
4
4
4
4
4
4
4
4
4
4
4
4
4
4
4
4
4
4
4
4
4
4
4
4
4
4
4
4
4
4
4
4
4
4
4
4
4
4
4
4
4
4
3
3
4
4
4
4
4
4
4
4
4
4
4
4
4
4
4
4
4
4
4
4
4
4
4
4
4
4
4
4
4
4
4
4
4
4
4
4
4
4
4
4
4
4
4
4
4
4
4
4
3
3
4
4
4
4
4
4
4
4
4
4
4
4
4
4
4
4
4
4
4
4
4
4
4
4
4
4
4
4
4
4
4
4
4
4
4
4
4
4
4
4
4
4
4
4
4
4
4
4
3
3
4
4
4
4
4
4
4
4
4
4
4
4
4
4
4
4
4
4
4
4
4
4
4
4
4
4
4
4
4
4
4
4
4
4
4
4
4
4
4
4
4
4
4
4
4
4
4
4
3
2
3
3
3
3
3
3
3
3
3
3
3
3
3
3
3
3
3
3
3
3
3
3
3
3
3
3
3
3
3
3
3
3
3
3
3
3
3
3
3
3
3
3
3
3
3
3
3
3
2
51 54
2 29
52 59
3 86
1 18
53 78
4 64
2 93
54 40
5 41
3 25
55 93
6 81
4 17
56 91
7 37
5 97
57 41
8 27
6 96
58 43
9 25
7 54
59 98
10 18
8 57
60 66
11 97
9 58
61 59
12 88
10 66
62 14
13 28
11 37
63 56
14 98
12 70
64 13
15 23
13 50
65 94
16 63
14 42
66 30
17 80
15 87
67 66
18 39
16 48
68 13
19 99
17 75
69 84
20 93
18 28
70 57
21 30
19 68
71 45
22 81
20 36
72 49
23 48
21 39
73 24
24 40
22 92
74 66
25 75
23 93
75 76
26 25
24 96
76 50
27 83
25 56
77 71
28 85
26 82
78 47
29 80
27 71
79 91
30 81
28 41
80 20
31 67
29 74
81 13
32 32
30 61
82 99
33 38
31 56
83 37
34 24
32 97
84 43
35 39
33 86
85 46
36 13
34 80
86 23
37 23
35 75
87 82
38 63
36 68
88 31
39 82
37 54
89 75
40 34
38 92
90 19
41 91
39 71
91 90
42 93
40 37
92 21
43 85
41 91
93 45
44 17
42 89
94 16
45 87
43 16
95 36
46 38
44 97
96 23
47 81
45 68
97 55
48 37
46 68
98 37
49 17
47 60
99 51
50 50
48 96
100 67
49 86
101 40
1 18
52 34
102 97
2 99
53 54
51 29
103 34
3 69
54 10
52 96
104 93
4 94
55 97
53 59
105 71
5 29
56 61
54 99
106 74
6 15
57 26
55 42
107 15
7 91
58 83
56 85
108 44
8 76
59 61
57 78
109 43
9 60
60 93
58 37
110 74
10 41
61 81
59 25
111 69
11 36
62 15
60 11
112 40
12 45
63 77
61 11
113 51
13 34
64 33
62 13
114 98
14 28
65 12
63 44
115 34
15 98
66 79
64 63
116 95
16 41
67 19
65 74
117 19
17 75
68 83
66 56
118 100
18 49
69 35
67 97
119 92
19 42
70 96
68 37
120 90
20 28
71 99
69 74
121 73
21 85
72 74
70 44
122 87
22 10
73 88
71 96
123 55
23 66
74 90
72 20
124 75
24 45
75 79
73 21
125 31
25 32
76 65
74 71
126 84
26 69
77 64
75 98
127 73
27 48
78 69
76 90
128 81
28 34
79 93
77 23
129 36
29 14
80 86
78 12
130 10
30 30
81 44
79 68
131 26
31 36
82 84
80 24
132 65
32 56
83 58
81 68
133 37
33 16
84 77
82 63
134 30
34 34
85 67
83 68
135 66
35 50
86 97
84 58
136 81
36 97
87 57
85 15
137 93
37 29
88 67
86 60
138 92
38 93
89 82
87 50
139 67
39 12
90 98
88 67
140 34
40 46
91 84
89 37
141 86
41 51
92 14
90 86
142 26
42 79
93 92
91 43
143 63
43 95
94 72
92 92
144 48
44 16
95 81
93 27
145 57
45 87
96 82
94 68
146 77
46 38
97 46
95 89
147 31
47 78
98 60
96 98
148 35
48 67
99 52
97 40
149 21
49 42
100 36
98 19
150 22
50 91
99 36
151 56
51 34
102 68
152 43
52 58
103 62
101 66
153 15
53 67
104 20
102 46
154 52
54 47
105 82
103 44
155 57
55 68
106 27
104 27
156 65
56 89
107 81
105 100
157 74
57 52
108 84
106 10
158 20
58 13
109 19
107 28
159 93
59 51
110 79
108 47
160 32
60 22
111 66
109 46
161 67
61 93
112 93
110 39
162 65
62 88
113 64
111 67
163 35
63 27
114 83
112 25
164 18
64 73
115 54
113 88
165 34
65 62
116 26
114 98
166 98
66 75
117 18
115 54
167 58
67 56
118 59
116 41
168 75
68 47
119 12
117 80
169 37
69 92
120 52
118 85
170 33
70 57
121 11
119 56
171 71
71 12
122 40
120 87
172 30
72 46
123 60
121 90
173 81
73 74
124 26
122 18
174 86
74 13
125 55
123 36
175 60
75 48
126 46
124 58
176 45
76 13
127 16
125 66
177 54
77 35
128 70
126 86
178 47
78 31
129 20
127 73
179 94
79 90
130 60
128 83
180 45
80 67
131 90
129 14
181 27
81 26
132 46
130 37
182 41
82 54
133 22
131 15
183 76
83 64
134 31
132 95
184 99
84 19
135 22
133 13
185 53
85 65
136 43
134 19
186 41
86 12
137 85
135 86
187 66
87 46
138 80
136 60
188 46
88 49
139 19
137 50
189 77
89 74
140 42
138 19
190 98
90 21
141 53
139 54
191 12
91 40
142 77
140 95
192 87
92 61
143 63
141 40
193 71
93 98
144 27
142 13
194 24
94 34
145 21
143 58
195 40
95 74
146 95
144 91
196 48
96 27
147 36
145 77
197 35
97 12
148 24
146 93
198 65
98 84
149 53
147 40
199 26
99 33
150 31
148 66
200 25
100 33
149 26
201 38
101 64
152 76
202 44
102 63
153 45
151 23
203 18
103 24
154 50
152 30
204 64
104 41
155 85
153 75
205 47
105 55
156 98
154 69
206 81
106 33
157 88
155 41
207 33
107 82
158 26
156 54
208 83
108 87
159 20
157 15
209 81
109 44
160 56
158 21
210 32
110 93
161 41
159 67
211 83
111 50
162 10
160 50
212 44
112 51
163 83
161 62
213 40
113 27
164 54
162 82
214 46
114 17
165 77
163 82
215 79
115 25
166 95
164 61
216 21
116 56
167 89
165 10
217 45
117 20
168 36
166 38
218 34
118 23
169 87
167 98
219 69
119 99
170 58
168 83
220 88
120 88
171 15
169 72
221 38
121 37
172 16
170 74
222 35
122 49
173 54
171 62
223 45
123 80
174 62
172 100
224 26
124 27
175 36
173 32
225 10
125 60
176 56
174 92
226 94
126 29
177 24
175 59
227 62
127 66
178 43
176 52
228 73
128 49
179 48
177 22
229 44
129 67
180 49
178 31
230 36
130 19
181 87
179 82
231 91
131 64
182 44
180 61
232 82
132 48
183 66
181 89
233 68
133 86
184 86
182 40
234 26
134 98
185 48
183 84
235 42
135 96
186 82
184 99
236 31
136 76
187 78
185 11
237 66
137 55
188 11
186 69
238 95
138 10
189 56
187 74
239 84
139 24
190 74
188 65
240 26
140 88
191 68
189 46
241 50
141 80
192 43
190 28
242 80
142 45
193 64
191 88
243 96
143 61
194 66
192 70
244 100
144 100
195 68
193 39
245 25
145 20
196 47
194 60
246 28
146 13
197 91
195 67
247 72
147 63
198 35
196 30
248 79
148 68
199 59
197 81
249 32
149 92
200 72
198 66
250 49
150 35
199 14
251 40
151 47
202 91
252 58
152 51
203 75
201 81
253 56
153 41
204 85
202 59
254 39
154 35
205 14
203 54
255 35
155 55
206 75
204 36
256 85
156 21
207 49
205 48
257 54
157 87
208 33
206 15
258 57
158 49
209 98
207 52
259 15
159 87
210 21
208 36
260 65
160 60
211 28
209 87
261 20
161 48
212 79
210 70
262 74
162 42
213 93
211 14
263 18
163 77
214 42
212 45
264 85
164 100
215 38
213 55
265 63
165 46
216 75
214 76
266 29
166 63
217 64
215 79
267 81
167 78
218 56
216 50
268 95
168 70
219 65
217 68
269 65
169 56
220 48
218 81
270 53
170 68
221 44
219 82
271 91
171 58
222 91
220 88
272 64
172 17
223 41
221 72
273 75
173 42
224 59
222 91
274 31
174 10
225 17
223 26
275 58
175 58
226 43
224 72
276 14
176 26
227 78
225 93
277 63
177 43
228 100
226 45
278 95
178 95
229 33
227 52
279 23
179 64
230 57
228 11
280 29
180 71
231 99
229 49
281 46
181 55
232 94
230 34
282 45
182 53
233 44
231 75
283 66
183 60
234 59
232 55
284 13
184 35
235 44
233 26
285 33
185 72
236 86
234 47
286 68
186 72
237 41
235 73
287 75
187 17
238 34
236 64
288 44
188 74
239 96
237 77
289 95
189 91
240 71
238 24
290 98
190 48
241 32
239 66
291 21
191 69
242 71
240 51
292 93
192 75
243 50
241 81
293 15
193 33
244 95
242 58
294 52
194 19
245 46
243 72
295 17
195 67
246 18
244 24
296 20
196 24
247 79
245 10
297 75
197 53
248 18
246 64
298 48
198 99
249 11
247 57
299 28
199 100
250 47
248 28
300 64
200 86
249 79
301 60
201 98
252 81
302 91
202 20
253 57
251 76
303 86
203 34
254 45
252 97
304 72
204 95
255 76
253 21
305 48
205 18
256 79
254 57
306 28
206 10
257 77
255 30
307 25
207 44
258 47
256 34
308 58
208 87
259 80
257 31
309 46
209 64
260 36
258 68
310 50
210 82
261 49
259 57
311 36
211 28
262 56
260 17
312 57
212 31
263 53
261 79
313 82
213 26
264 19
262 90
314 83
214 51
265 97
263 17
315 18
215 77
266 47
264 15
316 96
216 20
267 95
265 53
317 53
217 35
268 48
266 47
318 24
218 34
269 37
267 43
319 27
219 90
270 26
268 88
320 55
220 73
271 41
269 52
321 92
221 57
272 35
270 83
322 47
222 66
273 84
271 39
323 71
223 26
274 91
272 35
324 41
224 40
275 31
273 36
325 66
225 67
276 49
274 84
326 59
226 13
277 69
275 40
327 10
227 41
278 65
276 32
328 78
228 98
279 41
277 65
329 51
229 95
280 59
278 95
330 11
230 12
281 64
279 74
331 91
231 87
282 79
280 42
332 39
232 65
283 88
281 95
333 68
233 29
284 61
282 85
334 46
234 95
285 19
283 21
335 44
235 17
286 13
284 10
336 14
236 23
287 66
285 14
337 98
237 74
288 85
286 75
338 55
238 52
289 46
287 27
339 98
239 11
290 17
288 52
340 34
240 63
291 10
289 34
341 88
241 22
292 74
290 42
342 35
242 38
293 19
291 88
343 89
243 86
294 35
292 89
344 91
244 49
295 91
293 14
345 12
245 47
296 55
294 56
346 39
246 50
297 67
295 51
347 58
247 98
298 62
296 18
348 48
248 55
299 67
297 74
349 73
249 99
300 22
298 87
350 33
250 28
299 51
351 51
251 54
302 33
352 75
252 22
303 38
301 43
353 68
253 35
304 43
302 87
354 36
254 69
305 33
303 66
355 35
255 54
306 91
304 60
356 40
256 58
307 88
305 75
357 73
257 74
308 27
306 28
358 15
258 98
309 100
307 100
359 80
259 97
310 26
308 33
360 92
260 28
311 83
309 90
361 74
261 58
312 28
310 39
362 19
262 46
313 30
311 67
363 69
263 32
314 61
312 66
364 62
264 78
315 13
313 15
365 40
265 99
316 15
314 26
366 44
266 21
317 98
315 89
367 26
267 86
318 86
316 80
368 26
268 28
319 22
317 49
369 42
269 42
320 94
318 62
370 74
270 27
321 98
319 12
371 25
271 48
322 52
320 95
372 17
272 96
323 58
321 67
373 73
273 22
324 63
322 53
374 84
274 19
325 69
323 28
375 49
275 43
326 25
324 69
376 63
276 59
327 79
325 30
377 25
277 84
328 96
326 64
378 14
278 21
329 28
327 47
379 63
279 31
330 69
328 74
380 11
280 90
331 18
329 77
381 58
281 59
332 86
330 26
382 35
282 64
333 36
331 95
383 67
283 61
334 67
332 87
384 53
284 77
335 28
333 82
385 39
285 92
336 58
334 12
386 62
286 73
337 52
335 92
387 45
287 18
338 10
336 15
388 47
288 74
339 64
337 57
389 42
289 94
340 64
338 91
390 18
290 13
341 83
339 51
391 96
291 20
342 71
340 98
392 35
292 49
343 30
341 61
393 17
293 45
344 59
342 30
394 82
294 23
345 25
343 100
395 42
295 53
346 31
344 54
396 94
296 56
347 62
345 43
397 90
297 98
348 78
346 61
398 11
298 13
349 69
347 12
399 27
299 29
350 74
348 93
400 55
300 64
349 15
401 74
301 41
352 34
402 70
302 58
353 35
351 24
403 85
303 46
354 32
352 81
404 55
304 42
355 11
353 58
405 29
305 44
356 85
354 34
406 78
306 36
357 59
355 37
407 70
307 75
358 32
356 12
408 55
308 69
359 70
357 25
409 49
309 78
360 96
358 87
410 82
310 62
361 82
359 12
411 22
311 98
362 24
360 36
412 25
312 36
363 26
361 66
413 89
313 42
364 27
362 56
414 91
314 58
365 60
363 69
415 86
315 73
366 47
364 72
416 12
316 26
367 87
365 37
417 95
317 41
368 19
366 96
418 45
318 80
369 18
367 79
419 43
319 90
370 25
368 78
420 25
320 76
371 70
369 29
421 35
321 77
372 44
370 30
422 39
322 64
373 42
371 80
423 59
323 18
374 43
372 71
424 76
324 35
375 84
373 83
425 50
325 44
376 89
374 50
426 74
326 17
377 48
375 92
427 56
327 15
378 76
376 63
428 16
328 55
379 98
377 49
429 93
329 92
380 31
378 82
430 15
330 70
381 61
379 14
431 40
331 42
382 20
380 59
432 84
332 65
383 57
381 30
433 67
333 91
384 50
382 30
434 62
334 47
385 79
383 67
435 35
335 72
386 66
384 32
436 78
336 23
387 77
385 50
437 88
337 12
388 54
386 52
438 52
338 32
389 71
387 59
439 80
339 12
390 23
388 49
440 18
340 96
391 100
389 24
441 40
341 40
392 89
390 90
442 79
342 46
393 59
391 50
443 12
343 64
394 33
392 62
444 34
344 86
395 48
393 44
445 37
345 84
396 90
394 85
446 70
346 18
397 59
395 22
447 74
347 66
398 100
396 99
448 10
348 47
399 80
397 52
449 100
349 96
400 64
398 73
450 42
350 20
399 93
451 19
351 63
402 94
452 15
352 41
403 82
401 93
453 45
353 83
404 98
402 94
454 37
354 31
405 98
403 34
455 56
355 83
406 93
404 22
456 30
356 56
407 28
405 76
457 95
357 85
408 11
406 27
458 92
358 32
409 37
407 58
459 94
359 21
410 93
408 70
460 21
360 40
411 65
409 78
461 84
361 99
412 87
410 77
462 45
362 69
413 90
411 93
463 34
363 77
414 42
412 66
464 66
364 74
415 100
413 31
465 58
365 90
416 86
414 38
466 91
366 67
417 13
415 71
467 44
367 21
418 82
416 54
468 51
368 13
419 76
417 18
469 69
369 12
420 60
418 89
470 60
370 24
421 89
419 98
471 17
371 18
422 97
420 95
472 39
372 78
423 15
421 26
473 59
373 44
424 12
422 17
474 10
374 81
425 51
423 83
475 76
375 15
426 50
424 48
476 57
376 24
427 50
425 13
477 24
377 92
428 87
426 57
478 55
378 96
429 46
427 37
479 31
379 28
430 71
428 20
480 63
380 32
431 79
429 96
481 44
381 41
432 31
430 40
482 61
382 29
433 55
431 52
483 21
383 42
434 12
432 70
484 73
384 45
435 65
433 38
485 84
385 37
436 43
434 73
486 48
386 100
437 39
435 46
487 73
387 72
438 92
436 34
488 47
388 76
439 55
437 23
489 69
389 87
440 71
438 75
490 11
390 78
441 73
439 88
491 60
391 55
442 26
440 23
492 59
392 87
443 49
441 79
493 83
393 73
444 15
442 74
494 64
394 58
445 23
443 17
495 86
395 16
446 46
444 63
496 89
396 52
447 15
445 62
497 37
397 43
448 99
446 100
498 83
398 29
449 80
447 78
499 32
399 23
450 28
448 89
500 54
400 17
449 45
501 100
401 72
452 60
502 81
402 24
453 36
451 42
503 52
403 33
454 30
452 47
504 14
404 89
455 32
453 48
505 58
405 42
456 22
454 42
506 40
406 93
457 33
455 70
507 17
407 86
458 82
456 32
508 92
408 45
459 100
457 33
509 16
409 30
460 13
458 33
510 18
410 31
461 81
459 65
511 60
411 89
462 94
460 73
512 30
412 36
463 86
461 99
513 91
413 89
464 13
462 83
514 88
414 87
465 58
463 61
515 38
415 25
466 43
464 76
516 78
416 96
467 45
465 49
517 72
417 72
468 65
466 83
518 83
418 29
469 64
467 87
519 96
419 27
470 55
468 88
520 75
420 35
471 20
469 61
521 65
421 17
472 28
470 59
522 86
422 79
473 66
471 35
523 37
423 60
474 41
472 90
524 45
424 29
475 14
473 76
525 28
425 82
476 73
474 16
526 92
426 34
477 30
475 75
527 60
427 40
478 35
476 53
528 36
428 31
479 20
477 62
529 11
429 74
480 61
478 60
530 89
430 46
481 96
479 51
531 22
431 68
482 39
480 78
532 78
432 53
483 72
481 19
533 75
433 77
484 31
482 97
534 58
434 19
485 26
483 69
535 28
435 88
486 61
484 27
536 89
436 73
487 70
485 40
537 16
437 21
488 95
486 38
538 30
438 82
489 19
487 50
539 14
439 25
490 32
488 53
540 39
440 69
491 23
489 71
541 77
441 56
492 88
490 86
542 56
442 47
493 87
491 59
543 64
443 42
494 36
492 99
544 43
444 49
495 88
493 46
545 63
445 48
496 72
494 51
546 36
446 36
497 11
495 99
547 92
447 63
498 41
496 82
548 77
448 85
499 21
497 89
549 82
449 47
500 44
498 13
550 92
450 91
499 37
551 51
451 61
502 13
552 60
452 50
503 48
501 76
553 38
453 82
504 61
502 13
554 68
454 39
505 91
503 94
555 27
455 13
506 18
504 43
556 30
456 20
507 83
505 77
557 65
457 12
508 24
506 77
558 66
458 88
509 29
507 42
559 44
459 60
510 91
508 99
560 98
460 97
511 50
509 88
561 31
461 24
512 48
510 62
562 56
462 27
513 100
511 13
563 21
463 91
514 66
512 12
564 60
464 14
515 28
513 16
565 84
465 13
516 96
514 54
566 64
466 88
517 21
515 46
567 60
467 47
518 51
516 65
568 91
468 49
519 20
517 40
569 68
469 24
520 18
518 60
570 15
470 80
521 70
519 33
571 73
471 99
522 90
520 80
572 69
472 77
523 57
521 20
573 21
473 11
524 31
522 53
574 16
474 50
525 40
523 72
575 71
475 60
526 24
524 27
576 77
476 54
527 81
525 93
577 21
477 70
528 73
526 88
578 79
478 46
529 69
527 61
579 66
479 21
530 10
528 63
580 93
480 95
531 64
529 96
581 72
481 49
532 44
530 35
582 39
482 41
533 68
531 83
583 67
483 77
534 86
532 23
584 57
484 67
535 63
533 94
585 70
485 82
536 97
534 64
586 64
486 71
537 59
535 70
587 43
487 68
538 67
536 44
588 92
488 98
539 85
537 27
589 46
489 22
540 14
538 71
590 29
490 29
541 59
539 97
591 59
491 62
542 63
540 34
592 96
492 44
543 54
541 56
593 25
493 30
544 72
542 29
594 28
494 80
545 64
543 13
595 26
495 91
546 100
544 23
596 28
496 15
547 32
545 35
597 83
497 58
548 80
546 21
598 35
498 85
549 48
547 78
599 91
499 14
550 43
548 88
600 55
500 19
549 15
501 44
552 60
502 11
553 10
551 51
503 30
554 98
552 53
504 15
555 45
553 90
505 16
556 52
554 83
506 19
557 61
555 36
507 63
558 24
556 100
508 80
559 55
557 86
509 31
560 35
558 61
510 70
561 79
559 82
511 12
562 98
560 98
512 18
563 14
561 84
513 26
564 59
562 30
514 11
565 24
563 79
515 17
566 38
564 92
516 69
567 78
565 46
517 68
568 75
566 67
518 57
569 37
567 71
519 19
570 21
568 56
520 69
571 100
569 32
521 15
572 55
570 51
522 48
573 76
571 26
523 75
574 84
572 85
524 24
575 46
573 60
525 16
576 68
574 50
526 18
577 96
575 97
527 57
578 73
576 51
528 53
579 81
577 44
529 10
580 93
578 76
530 38
581 85
579 47
531 50
582 99
580 45
532 30
583 80
581 43
533 42
584 53
582 63
534 32
585 32
583 83
535 92
586 79
584 12
536 23
587 83
585 46
537 34
588 82
586 82
538 13
589 78
587 14
539 90
590 73
588 87
540 75
591 13
589 80
541 24
592 81
590 65
542 63
593 95
591 45
543 19
594 45
592 76
544 55
595 45
593 53
545 11
596 54
594 50
546 46
597 53
595 97
547 97
598 29
596 17
548 36
599 50
597 26
549 59
600 97
598 64
550 39
599 48
521
567
2 422 521 
2 101 271 
3 581 446 297 
2 577 263 
1 277 
1 99 
1 503 
2 487 374 
2 347 175 
3 279 213 167 
3 46 311 8 
2 26 121 
3 28 190 362 
1 2 
1 149 
2 288 549 
2 463 488 
3 63 453 253 
1 337 
1 145 
1 22 
3 430 280 448 
1 368 
1 469 
4 447 305 32 418 
1 313 
1 10 
5 296 265 500 434 222 
2 478 170 
2 87 238 
2 62 66 
1 479 
1 329 
3 373 435 391 
3 304 580 159 
2 516 504 
1 415 
2 354 55 
1 574 
2 340 60 
2 172 372 
3 344 217 157 
2 150 565 
1 412 
2 356 237 
3 378 21 272 
2 160 17 
2 3 486 
1 582 
2 193 236 
1 395 
1 144 
2 210 460 
2 596 251 
2 130 54 
2 182 346 
1 561 
1 439 
3 558 120 82 
3 413 278 83 
1 112 
3 360 403 235 
3 129 573 511 
2 166 429 
1 300 
3 384 52 260 
2 200 370 
2 309 254 
1 402 
1 42 
2 203 462 
2 351 559 
2 539 232 
1 207 
2 133 108 
2 255 173 
1 404 
1 156 
1 78 
1 455 
2 240 4 
3 562 522 575 
1 257 
1 424 
2 592 194 
2 27 477 
2 452 544 
3 419 471 247 
1 546 
1 123 
1 564 
1 375 
1 410 
2 551 20 
1 449 
2 135 472 
3 107 557 514 
2 31 398 
1 239 
2 475 58 
1 527 
2 64 29 
3 388 102 6 
2 124 436 
1 80 
6 495 387 56 1 437 590 
2 314 507 
1 443 
2 290 389 
1 383 
1 195 
1 386 
1 169 
3 555 262 567 
