144 528 10 100 27
2
3
3
3
3
3
3
3
3
3
3
2
3
4
4
4
4
4
4
4
4
4
4
3
3
4
4
4
4
4
4
4
4
4
4
3
3
4
4
4
4
4
4
4
4
4
4
3
3
4
4
4
4
4
4
4
4
4
4
3
3
4
4
4
4
4
4
4
4
4
4
3
3
4
4
4
4
4
4
4
4
4
4
3
3
4
4
4
4
4
4
4
4
4
4
3
3
4
4
4
4
4
4
4
4
4
4
3
3
4
4
4
4
4
4
4
4
4
4
3
3
4
4
4
4
4
4
4
4
4
4
3
2
3
3
3
3
3
3
3
3
3
3
2
13 32
2 29
14 75
3 45
1 62
15 36
4 98
2 30
16 94
5 62
3 69
17 25
6 49
4 80
18 19
7 66
5 26
19 63
8 74
6 46
20 82
9 91
7 75
21 71
10 46
8 22
22 80
11 36
9 93
23 47
12 51
10 35
24 44
11 42
25 17
1 53
14 17
26 28
2 52
15 35
13 30
27 28
3 40
16 81
14 36
28 14
4 37
17 38
15 13
29 86
5 96
18 95
16 78
30 79
6 29
19 40
17 50
31 21
7 67
20 19
18 93
32 47
8 52
21 37
19 96
33 41
9 67
22 95
20 22
34 12
10 31
23 12
21 16
35 21
11 24
24 65
22 75
36 56
12 15
23 67
37 13
13 26
26 29
38 67
14 10
27 27
25 19
39 43
15 65
28 41
26 25
40 70
16 12
29 54
27 64
41 71
17 50
30 83
28 62
42 84
18 23
31 12
29 72
43 14
19 47
32 88
30 12
44 49
20 71
33 91
31 91
45 46
21 67
34 89
32 75
46 85
22 60
35 11
33 24
47 66
23 77
36 30
34 50
48 10
24 58
35 39
49 23
25 46
38 12
50 100
26 40
39 29
37 56
51 59
27 88
40 18
38 84
52 45
28 98
41 48
39 92
53 55
29 11
42 48
40 44
54 56
30 76
43 99
41 78
55 73
31 12
44 98
42 70
56 15
32 93
45 72
43 72
57 73
33 40
46 60
44 88
58 52
34 16
47 66
45 82
59 11
35 96
48 96
46 74
60 56
36 59
47 94
61 17
37 76
50 42
62 87
38 94
51 21
49 60
63 15
39 83
52 30
50 22
64 73
40 33
53 82
51 55
65 79
41 90
54 53
52 34
66 27
42 94
55 75
53 57
67 34
43 46
56 56
54 98
68 56
44 90
57 12
55 56
69 98
45 20
58 70
56 34
70 12
46 86
59 44
57 33
71 39
47 85
60 48
58 75
72 14
48 100
59 96
73 28
49 81
62 44
74 66
50 62
63 28
61 90
75 54
51 31
64 94
62 13
76 14
52 19
65 10
63 83
77 99
53 17
66 90
64 100
78 94
54 95
67 52
65 62
79 53
55 49
68 11
66 16
80 88
56 37
69 89
67 31
81 88
57 76
70 76
68 83
82 74
58 26
71 67
69 56
83 24
59 92
72 86
70 19
84 73
60 39
71 82
85 31
61 90
74 32
86 51
62 45
75 17
73 82
87 18
63 42
76 10
74 72
88 34
64 38
77 77
75 61
89 74
65 35
78 69
76 37
90 47
66 15
79 45
77 72
91 71
67 97
80 19
78 35
92 12
68 12
81 34
79 98
93 81
69 34
82 49
80 81
94 76
70 38
83 58
81 82
95 80
71 13
84 86
82 33
96 90
72 58
83 13
97 36
73 13
86 36
98 96
74 42
87 32
85 37
99 14
75 98
88 18
86 15
100 90
76 98
89 74
87 45
101 35
77 71
90 64
88 52
102 46
78 98
91 42
89 45
103 23
79 59
92 86
90 46
104 45
80 87
93 75
91 74
105 47
81 65
94 22
92 76
106 43
82 17
95 48
93 63
107 73
83 62
96 35
94 69
108 85
84 43
95 16
109 65
85 76
98 62
110 33
86 79
99 46
97 13
111 82
87 85
100 96
98 95
112 81
88 56
101 98
99 75
113 72
89 82
102 69
100 70
114 87
90 54
103 49
101 48
115 41
91 70
104 45
102 24
116 23
92 96
105 87
103 19
117 27
93 37
106 49
104 87
118 55
94 27
107 84
105 73
119 40
95 46
108 58
106 38
120 44
96 50
107 10
121 28
97 51
110 49
122 45
98 52
111 100
109 48
123 60
99 88
112 85
110 27
124 36
100 78
113 18
111 86
125 68
101 64
114 82
112 87
126 82
102 93
115 59
113 87
127 79
103 88
116 97
114 17
128 87
104 73
117 61
115 36
129 35
105 74
118 16
116 12
130 78
106 99
119 87
117 16
131 47
107 72
120 33
118 20
132 49
108 34
119 68
133 58
109 22
122 94
134 79
110 26
123 48
121 88
135 66
111 97
124 20
122 78
136 56
112 27
125 71
123 44
137 77
113 31
126 62
124 81
138 99
114 81
127 79
125 50
139 53
115 49
128 96
126 66
140 72
116 29
129 99
127 44
141 65
117 81
130 17
128 73
142 70
118 11
131 37
129 28
143 90
119 59
132 70
130 93
144 79
120 59
131 19
121 43
134 18
122 76
135 27
133 10
123 20
136 22
134 74
124 86
137 30
135 60
125 28
138 16
136 45
126 68
139 72
137 77
127 38
140 41
138 88
128 26
141 83
139 90
129 89
142 74
140 66
130 22
143 58
141 12
131 72
144 62
142 77
132 23
143 61
50
124
2 138 50 
2 112 56 
2 12 143 
2 67 129 
2 142 42 
2 114 15 
2 141 57 
3 32 75 13 
1 97 
2 35 70 
1 110 
1 25 
1 103 
1 126 
1 82 
1 34 
2 8 77 
2 47 64 
2 66 21 
1 43 
3 79 65 24 
2 116 6 
3 4 16 39 
3 63 102 144 
2 92 128 
2 113 120 
2 3 124 
