196 728 10 100 37
2
3
3
3
3
3
3
3
3
3
3
3
3
2
3
4
4
4
4
4
4
4
4
4
4
4
4
3
3
4
4
4
4
4
4
4
4
4
4
4
4
3
3
4
4
4
4
4
4
4
4
4
4
4
4
3
3
4
4
4
4
4
4
4
4
4
4
4
4
3
3
4
4
4
4
4
4
4
4
4
4
4
4
3
3
4
4
4
4
4
4
4
4
4
4
4
4
3
3
4
4
4
4
4
4
4
4
4
4
4
4
3
3
4
4
4
4
4
4
4
4
4
4
4
4
3
3
4
4
4
4
4
4
4
4
4
4
4
4
3
3
4
4
4
4
4
4
4
4
4
4
4
4
3
3
4
4
4
4
4
4
4
4
4
4
4
4
3
3
4
4
4
4
4
4
4
4
4
4
4
4
3
2
3
3
3
3
3
3
3
3
3
3
3
3
2
15 90
2 29
16 54
3 100
1 95
17 29
4 61
2 53
18 72
5 48
3 63
19 99
6 70
4 100
20 46
7 57
5 10
21 74
8 70
6 77
22 56
9 87
7 41
23 25
10 53
8 71
24 17
11 27
9 14
25 35
12 98
10 53
26 59
13 72
11 75
27 49
14 56
12 98
28 22
13 80
29 86
1 78
16 50
30 51
2 61
17 82
15 84
31 72
3 35
18 40
16 44
32 90
4 22
19 14
17 24
33 83
5 85
20 41
18 80
34 62
6 12
21 72
19 88
35 88
7 63
22 80
20 78
36 44
8 75
23 53
21 68
37 63
9 48
24 66
22 46
38 66
10 91
25 95
23 27
39 52
11 97
26 60
24 47
40 31
12 85
27 33
25 18
41 98
13 66
28 36
26 51
42 49
14 78
27 26
43 63
15 45
30 18
44 33
16 46
31 55
29 67
45 85
17 78
32 66
30 12
46 89
18 92
33 33
31 15
47 36
19 60
34 24
32 83
48 23
20 17
35 37
33 31
49 39
21 18
36 100
34 26
50 75
22 31
37 84
35 29
51 52
23 66
38 35
36 23
52 71
24 30
39 20
37 22
53 69
25 95
40 47
38 85
54 67
26 97
41 96
39 85
55 82
27 61
42 94
40 20
56 92
28 39
41 61
57 77
29 22
44 72
58 37
30 29
45 63
43 59
59 69
31 39
46 86
44 21
60 33
32 18
47 32
45 27
61 23
33 98
48 28
46 13
62 81
34 40
49 41
47 99
63 49
35 55
50 39
48 60
64 27
36 82
51 58
49 69
65 27
37 42
52 49
50 76
66 64
38 39
53 91
51 55
67 50
39 18
54 61
52 70
68 28
40 23
55 26
53 51
69 37
41 89
56 28
54 95
70 35
42 41
55 54
71 84
43 42
58 49
72 21
44 51
59 84
57 59
73 48
45 62
60 13
58 38
74 94
46 58
61 62
59 94
75 51
47 20
62 26
60 42
76 19
48 19
63 26
61 16
77 20
49 12
64 89
62 97
78 82
50 50
65 78
63 84
79 88
51 76
66 19
64 94
80 52
52 91
67 16
65 11
81 49
53 67
68 42
66 72
82 90
54 59
69 65
67 63
83 56
55 90
70 91
68 85
84 53
56 78
69 84
85 36
57 15
72 83
86 24
58 38
73 96
71 58
87 53
59 69
74 12
72 15
88 79
60 66
75 10
73 70
89 51
61 84
76 37
74 30
90 49
62 73
77 35
75 58
91 25
63 16
78 46
76 89
92 66
64 34
79 83
77 95
93 61
65 73
80 84
78 39
94 61
66 89
81 98
79 96
95 87
67 81
82 90
80 64
96 26
68 79
83 19
81 60
97 73
69 31
84 13
82 68
98 60
70 77
83 67
99 75
71 42
86 57
100 16
72 65
87 35
85 81
101 90
73 13
88 25
86 87
102 83
74 93
89 65
87 14
103 60
75 44
90 88
88 13
104 49
76 98
91 57
89 67
105 15
77 37
92 80
90 33
106 38
78 23
93 55
91 20
107 59
79 30
94 17
92 58
108 91
80 38
95 61
93 62
109 77
81 34
96 21
94 69
110 11
82 16
97 55
95 52
111 69
83 75
98 31
96 22
112 22
84 73
97 88
113 53
85 11
100 58
114 59
86 53
101 45
99 49
115 91
87 22
102 70
100 37
116 42
88 47
103 91
101 57
117 59
89 76
104 40
102 64
118 64
90 79
105 31
103 97
119 78
91 69
106 48
104 47
120 33
92 95
107 69
105 67
121 52
93 41
108 41
106 46
122 13
94 60
109 46
107 34
123 22
95 86
110 64
108 86
124 29
96 71
111 47
109 11
125 91
97 81
112 52
110 15
126 82
98 23
111 20
127 68
99 63
114 46
128 42
100 30
115 41
113 58
129 31
101 14
116 54
114 15
130 15
102 61
117 75
115 24
131 87
103 83
118 34
116 96
132 21
104 77
119 65
117 85
133 44
105 22
120 89
118 100
134 54
106 59
121 79
119 38
135 42
107 28
122 96
120 94
136 28
108 33
123 73
121 26
137 57
109 90
124 25
122 15
138 87
110 21
125 41
123 96
139 91
111 59
126 77
124 68
140 94
112 82
125 90
141 66
113 81
128 18
142 95
114 38
129 98
127 56
143 51
115 12
130 99
128 30
144 62
116 85
131 58
129 26
145 51
117 36
132 56
130 12
146 34
118 13
133 79
131 57
147 51
119 49
134 21
132 56
148 22
120 73
135 62
133 38
149 91
121 72
136 17
134 54
150 49
122 69
137 65
135 78
151 49
123 20
138 18
136 96
152 50
124 84
139 18
137 46
153 19
125 85
140 47
138 89
154 27
126 75
139 17
155 84
127 51
142 36
156 56
128 70
143 35
141 70
157 98
129 86
144 100
142 13
158 43
130 51
145 61
143 83
159 17
131 16
146 78
144 38
160 45
132 33
147 16
145 40
161 43
133 28
148 26
146 42
162 69
134 29
149 60
147 82
163 97
135 26
150 62
148 40
164 90
136 73
151 46
149 77
165 26
137 49
152 25
150 59
166 28
138 46
153 31
151 85
167 61
139 78
154 83
152 94
168 21
140 94
153 93
169 98
141 26
156 85
170 82
142 70
157 91
155 31
171 44
143 40
158 20
156 43
172 40
144 29
159 99
157 86
173 27
145 55
160 32
158 31
174 11
146 13
161 82
159 87
175 40
147 57
162 36
160 89
176 35
148 94
163 69
161 50
177 46
149 74
164 52
162 98
178 84
150 63
165 43
163 16
179 55
151 60
166 20
164 46
180 90
152 58
167 76
165 36
181 31
153 86
168 31
166 87
182 29
154 54
167 10
183 82
155 70
170 10
184 33
156 87
171 61
169 99
185 36
157 19
172 95
170 100
186 81
158 79
173 46
171 80
187 86
159 68
174 39
172 51
188 100
160 31
175 21
173 13
189 71
161 57
176 54
174 47
190 29
162 88
177 12
175 59
191 19
163 63
178 76
176 56
192 16
164 57
179 54
177 18
193 19
165 70
180 73
178 76
194 41
166 42
181 61
179 100
195 42
167 71
182 25
180 57
196 20
168 23
181 22
169 49
184 68
170 63
185 68
183 55
171 94
186 68
184 99
172 53
187 52
185 43
173 60
188 83
186 90
174 36
189 53
187 87
175 57
190 43
188 73
176 70
191 95
189 82
177 77
192 30
190 11
178 89
193 17
191 59
179 91
194 33
192 11
180 14
195 10
193 46
181 10
196 82
194 14
182 64
195 23
123
50
1 123 
1 67 
4 121 114 88 143 
1 180 
1 145 
1 194 
1 147 
1 2 
1 177 
2 181 116 
3 52 131 111 
3 161 20 49 
2 7 5 
5 84 152 11 174 168 
1 27 
2 29 141 
1 155 
3 94 107 103 
2 15 14 
3 60 12 34 
3 160 158 167 
1 77 
1 61 
2 196 195 
2 192 130 
1 115 
3 39 42 132 
2 182 31 
1 65 
2 57 3 
1 78 
2 38 51 
2 117 72 
1 9 
2 144 74 
2 48 95 
1 50 
