144 528 10 100 27
2
3
3
3
3
3
3
3
3
3
3
2
3
4
4
4
4
4
4
4
4
4
4
3
3
4
4
4
4
4
4
4
4
4
4
3
3
4
4
4
4
4
4
4
4
4
4
3
3
4
4
4
4
4
4
4
4
4
4
3
3
4
4
4
4
4
4
4
4
4
4
3
3
4
4
4
4
4
4
4
4
4
4
3
3
4
4
4
4
4
4
4
4
4
4
3
3
4
4
4
4
4
4
4
4
4
4
3
3
4
4
4
4
4
4
4
4
4
4
3
3
4
4
4
4
4
4
4
4
4
4
3
2
3
3
3
3
3
3
3
3
3
3
2
13 86
2 29
14 46
3 39
1 85
15 65
4 58
2 100
16 27
5 32
3 76
17 62
6 48
4 76
18 18
7 58
5 18
19 27
8 57
6 92
20 77
9 15
7 48
21 83
10 78
8 51
22 77
11 27
9 56
23 51
12 12
10 54
24 11
11 94
25 97
1 63
14 11
26 84
2 21
15 35
13 83
27 33
3 70
16 97
14 45
28 34
4 28
17 79
15 14
29 97
5 96
18 96
16 50
30 14
6 43
19 82
17 91
31 49
7 80
20 56
18 66
32 67
8 53
21 68
19 60
33 78
9 56
22 31
20 22
34 76
10 94
23 36
21 61
35 75
11 19
24 99
22 42
36 100
12 20
23 46
37 32
13 99
26 12
38 41
14 37
27 51
25 80
39 57
15 70
28 66
26 26
40 57
16 96
29 35
27 68
41 20
17 97
30 42
28 86
42 52
18 22
31 14
29 21
43 65
19 23
32 83
30 11
44 71
20 17
33 83
31 93
45 83
21 36
34 49
32 50
46 11
22 48
35 35
33 56
47 35
23 91
36 27
34 39
48 21
24 62
35 87
49 94
25 34
38 81
50 85
26 25
39 22
37 63
51 96
27 53
40 23
38 61
52 53
28 16
41 13
39 89
53 75
29 51
42 77
40 69
54 50
30 44
43 44
41 99
55 80
31 33
44 44
42 62
56 46
32 82
45 33
43 79
57 14
33 95
46 82
44 68
58 47
34 96
47 41
45 55
59 35
35 83
48 44
46 83
60 79
36 82
47 56
61 79
37 86
50 38
62 32
38 77
51 38
49 88
63 69
39 60
52 64
50 13
64 54
40 17
53 92
51 58
65 11
41 62
54 66
52 33
66 39
42 33
55 76
53 24
67 10
43 39
56 47
54 44
68 14
44 53
57 49
55 10
69 26
45 42
58 69
56 26
70 51
46 61
59 97
57 86
71 70
47 68
60 19
58 36
72 87
48 80
59 85
73 60
49 96
62 92
74 36
50 76
63 51
61 33
75 29
51 84
64 70
62 56
76 21
52 79
65 52
63 54
77 12
53 93
66 67
64 63
78 59
54 54
67 61
65 78
79 73
55 24
68 32
66 55
80 34
56 50
69 98
67 59
81 96
57 81
70 90
68 25
82 20
58 84
71 77
69 30
83 26
59 25
72 12
70 89
84 40
60 21
71 70
85 78
61 30
74 98
86 27
62 67
75 26
73 95
87 75
63 84
76 99
74 94
88 53
64 60
77 58
75 17
89 29
65 80
78 72
76 33
90 88
66 56
79 80
77 28
91 66
67 46
80 82
78 85
92 72
68 88
81 40
79 87
93 66
69 25
82 18
80 86
94 13
70 68
83 76
81 92
95 13
71 92
84 71
82 30
96 11
72 59
83 66
97 80
73 31
86 27
98 33
74 51
87 21
85 44
99 85
75 55
88 62
86 88
100 40
76 35
89 13
87 13
101 30
77 26
90 97
88 67
102 45
78 22
91 61
89 31
103 94
79 83
92 19
90 76
104 38
80 47
93 67
91 81
105 84
81 40
94 43
92 77
106 79
82 20
95 65
93 71
107 84
83 68
96 85
94 38
108 70
84 28
95 62
109 64
85 74
98 38
110 89
86 91
99 54
97 62
111 29
87 21
100 29
98 51
112 88
88 74
101 16
99 10
113 90
89 49
102 54
100 40
114 48
90 39
103 49
101 29
115 50
91 30
104 92
102 15
116 11
92 68
105 65
103 32
117 70
93 28
106 34
104 39
118 32
94 11
107 80
105 52
119 80
95 84
108 77
106 43
120 68
96 84
107 42
121 86
97 69
110 73
122 73
98 61
111 77
109 78
123 20
99 92
112 84
110 98
124 23
100 17
113 54
111 35
125 72
101 86
114 74
112 48
126 81
102 85
115 65
113 98
127 26
103 28
116 96
114 44
128 89
104 42
117 90
115 69
129 34
105 49
118 89
116 96
130 68
106 70
119 38
117 90
131 56
107 38
120 20
118 30
132 97
108 54
119 22
133 52
109 15
122 13
134 83
110 50
123 60
121 83
135 40
111 99
124 78
122 86
136 33
112 74
125 78
123 56
137 56
113 30
126 22
124 99
138 35
114 30
127 37
125 96
139 80
115 64
128 44
126 14
140 48
116 14
129 20
127 31
141 15
117 17
130 91
128 89
142 90
118 93
131 94
129 100
143 48
119 57
132 48
130 16
144 32
120 79
131 46
121 38
134 61
122 27
135 71
133 93
123 78
136 16
134 28
124 89
137 46
135 58
125 68
138 20
136 52
126 14
139 11
137 83
127 65
140 32
138 64
128 43
141 13
139 52
129 43
142 75
140 73
130 31
143 84
141 34
131 92
144 96
142 44
132 84
143 95
46
126
2 114 46 
2 82 3 
3 59 141 135 
2 123 86 
3 115 14 7 
2 74 33 
1 130 
1 63 
1 89 
2 38 143 
1 55 
2 110 139 
2 68 12 
1 20 
1 73 
4 62 41 108 103 
4 30 47 18 124 
1 65 
1 22 
1 25 
2 127 131 
1 67 
1 129 
2 77 8 
4 128 54 80 94 
2 105 87 
1 126 
