625 2400 10 100 118
2
3
3
3
3
3
3
3
3
3
3
3
3
3
3
3
3
3
3
3
3
3
3
3
2
3
4
4
4
4
4
4
4
4
4
4
4
4
4
4
4
4
4
4
4
4
4
4
4
3
3
4
4
4
4
4
4
4
4
4
4
4
4
4
4
4
4
4
4
4
4
4
4
4
3
3
4
4
4
4
4
4
4
4
4
4
4
4
4
4
4
4
4
4
4
4
4
4
4
3
3
4
4
4
4
4
4
4
4
4
4
4
4
4
4
4
4
4
4
4
4
4
4
4
3
3
4
4
4
4
4
4
4
4
4
4
4
4
4
4
4
4
4
4
4
4
4
4
4
3
3
4
4
4
4
4
4
4
4
4
4
4
4
4
4
4
4
4
4
4
4
4
4
4
3
3
4
4
4
4
4
4
4
4
4
4
4
4
4
4
4
4
4
4
4
4
4
4
4
3
3
4
4
4
4
4
4
4
4
4
4
4
4
4
4
4
4
4
4
4
4
4
4
4
3
3
4
4
4
4
4
4
4
4
4
4
4
4
4
4
4
4
4
4
4
4
4
4
4
3
3
4
4
4
4
4
4
4
4
4
4
4
4
4
4
4
4
4
4
4
4
4
4
4
3
3
4
4
4
4
4
4
4
4
4
4
4
4
4
4
4
4
4
4
4
4
4
4
4
3
3
4
4
4
4
4
4
4
4
4
4
4
4
4
4
4
4
4
4
4
4
4
4
4
3
3
4
4
4
4
4
4
4
4
4
4
4
4
4
4
4
4
4
4
4
4
4
4
4
3
3
4
4
4
4
4
4
4
4
4
4
4
4
4
4
4
4
4
4
4
4
4
4
4
3
3
4
4
4
4
4
4
4
4
4
4
4
4
4
4
4
4
4
4
4
4
4
4
4
3
3
4
4
4
4
4
4
4
4
4
4
4
4
4
4
4
4
4
4
4
4
4
4
4
3
3
4
4
4
4
4
4
4
4
4
4
4
4
4
4
4
4
4
4
4
4
4
4
4
3
3
4
4
4
4
4
4
4
4
4
4
4
4
4
4
4
4
4
4
4
4
4
4
4
3
3
4
4
4
4
4
4
4
4
4
4
4
4
4
4
4
4
4
4
4
4
4
4
4
3
3
4
4
4
4
4
4
4
4
4
4
4
4
4
4
4
4
4
4
4
4
4
4
4
3
3
4
4
4
4
4
4
4
4
4
4
4
4
4
4
4
4
4
4
4
4
4
4
4
3
3
4
4
4
4
4
4
4
4
4
4
4
4
4
4
4
4
4
4
4
4
4
4
4
3
3
4
4
4
4
4
4
4
4
4
4
4
4
4
4
4
4
4
4
4
4
4
4
4
3
2
3
3
3
3
3
3
3
3
3
3
3
3
3
3
3
3
3
3
3
3
3
3
3
2
26 58
2 29
27 30
3 37
1 37
28 58
4 46
2 24
29 37
5 15
3 87
30 73
6 74
4 11
31 61
7 10
5 42
32 25
8 28
6 85
33 39
9 87
7 35
34 44
10 16
8 40
35 22
11 70
9 53
36 85
12 42
10 30
37 66
13 70
11 26
38 35
14 91
12 17
39 37
15 63
13 35
40 47
16 18
14 49
41 68
17 38
15 68
42 92
18 78
16 87
43 27
19 61
17 49
44 53
20 20
18 31
45 15
21 34
19 19
46 51
22 37
20 19
47 20
23 18
21 48
48 74
24 48
22 44
49 68
25 94
23 53
50 90
24 68
51 78
1 48
27 58
52 20
2 86
28 29
26 91
53 14
3 44
29 47
27 94
54 93
4 12
30 65
28 12
55 32
5 87
31 88
29 41
56 41
6 32
32 25
30 39
57 30
7 56
33 84
31 28
58 46
8 26
34 29
32 54
59 99
9 46
35 31
33 14
60 93
10 52
36 76
34 89
61 13
11 33
37 41
35 30
62 18
12 73
38 23
36 34
63 75
13 69
39 94
37 40
64 62
14 62
40 66
38 10
65 36
15 34
41 66
39 21
66 85
16 66
42 39
40 44
67 18
17 37
43 96
41 71
68 82
18 43
44 76
42 23
69 46
19 22
45 89
43 77
70 41
20 34
46 49
44 36
71 93
21 74
47 38
45 65
72 62
22 59
48 44
46 38
73 95
23 65
49 27
47 83
74 84
24 73
50 58
48 53
75 24
25 91
49 89
76 38
26 77
52 98
77 62
27 31
53 69
51 81
78 27
28 94
54 34
52 75
79 27
29 67
55 35
53 22
80 41
30 98
56 14
54 52
81 100
31 32
57 78
55 60
82 51
32 92
58 98
56 24
83 19
33 14
59 17
57 86
84 18
34 92
60 31
58 33
85 41
35 96
61 25
59 96
86 14
36 57
62 84
60 20
87 31
37 97
63 80
61 77
88 37
38 16
64 28
62 31
89 54
39 22
65 31
63 46
90 15
40 16
66 88
64 91
91 38
41 50
67 22
65 40
92 35
42 33
68 12
66 34
93 63
43 100
69 53
67 65
94 93
44 48
70 44
68 14
95 76
45 22
71 67
69 29
96 40
46 32
72 99
70 44
97 74
47 51
73 27
71 54
98 70
48 14
74 39
72 90
99 31
49 97
75 60
73 44
100 44
50 96
74 31
101 26
51 43
77 89
102 54
52 44
78 79
76 29
103 64
53 31
79 17
77 63
104 48
54 21
80 89
78 96
105 95
55 76
81 25
79 44
106 40
56 47
82 93
80 85
107 94
57 83
83 66
81 88
108 88
58 40
84 18
82 33
109 67
59 80
85 14
83 84
110 10
60 27
86 46
84 76
111 49
61 66
87 51
85 48
112 34
62 45
88 46
86 21
113 27
63 67
89 86
87 29
114 38
64 24
90 87
88 18
115 57
65 22
91 32
89 21
116 45
66 82
92 59
90 70
117 85
67 83
93 37
91 20
118 59
68 60
94 42
92 12
119 88
69 27
95 83
93 67
120 61
70 12
96 86
94 27
121 25
71 27
97 89
95 65
122 25
72 80
98 75
96 42
123 47
73 94
99 92
97 48
124 82
74 41
100 76
98 83
125 55
75 24
99 37
126 76
76 44
102 88
127 36
77 71
103 78
101 28
128 55
78 62
104 94
102 57
129 80
79 96
105 95
103 85
130 30
80 43
106 99
104 51
131 85
81 51
107 89
105 24
132 98
82 79
108 17
106 52
133 44
83 78
109 61
107 33
134 60
84 83
110 27
108 93
135 31
85 86
111 68
109 75
136 75
86 51
112 21
110 23
137 69
87 64
113 46
111 12
138 56
88 97
114 19
112 12
139 51
89 86
115 23
113 45
140 61
90 31
116 55
114 15
141 27
91 69
117 74
115 74
142 13
92 28
118 92
116 62
143 77
93 28
119 17
117 60
144 31
94 26
120 41
118 33
145 39
95 83
121 85
119 35
146 76
96 11
122 28
120 54
147 84
97 48
123 38
121 71
148 73
98 29
124 13
122 93
149 28
99 87
125 70
123 28
150 37
100 17
124 10
151 93
101 54
127 91
152 74
102 45
128 73
126 68
153 18
103 63
129 29
127 73
154 57
104 38
130 17
128 42
155 11
105 60
131 90
129 93
156 71
106 20
132 20
130 10
157 17
107 90
133 93
131 83
158 42
108 87
134 98
132 72
159 45
109 80
135 38
133 82
160 60
110 47
136 92
134 99
161 59
111 74
137 99
135 94
162 80
112 26
138 61
136 16
163 67
113 51
139 80
137 66
164 90
114 47
140 59
138 15
165 30
115 15
141 36
139 34
166 71
116 79
142 45
140 20
167 11
117 75
143 11
141 47
168 37
118 83
144 39
142 89
169 15
119 44
145 17
143 31
170 37
120 40
146 15
144 68
171 73
121 27
147 12
145 41
172 63
122 65
148 98
146 52
173 72
123 53
149 53
147 100
174 66
124 60
150 53
148 84
175 100
125 26
149 57
176 55
126 75
152 60
177 59
127 31
153 55
151 34
178 81
128 31
154 38
152 71
179 87
129 54
155 40
153 68
180 81
130 89
156 17
154 59
181 33
131 57
157 34
155 48
182 45
132 74
158 68
156 97
183 21
133 38
159 97
157 22
184 71
134 31
160 57
158 59
185 39
135 32
161 84
159 92
186 60
136 22
162 93
160 22
187 35
137 88
163 95
161 48
188 92
138 12
164 12
162 52
189 11
139 33
165 12
163 93
190 39
140 92
166 96
164 42
191 99
141 69
167 62
165 85
192 79
142 49
168 88
166 67
193 70
143 97
169 56
167 30
194 27
144 33
170 16
168 20
195 56
145 93
171 49
169 23
196 66
146 74
172 77
170 50
197 68
147 89
173 99
171 30
198 31
148 18
174 73
172 52
199 85
149 48
175 30
173 12
200 14
150 50
174 32
201 22
151 77
177 84
202 89
152 88
178 42
176 57
203 65
153 53
179 33
177 75
204 69
154 77
180 48
178 87
205 72
155 57
181 85
179 25
206 94
156 27
182 65
180 82
207 65
157 61
183 54
181 55
208 46
158 21
184 39
182 53
209 94
159 63
185 49
183 85
210 42
160 16
186 52
184 95
211 92
161 78
187 65
185 98
212 12
162 34
188 64
186 34
213 38
163 58
189 50
187 71
214 57
164 54
190 23
188 91
215 25
165 65
191 52
189 24
216 22
166 65
192 48
190 23
217 84
167 16
193 12
191 90
218 69
168 29
194 59
192 59
219 57
169 28
195 77
193 70
220 15
170 43
196 46
194 16
221 91
171 28
197 42
195 66
222 95
172 88
198 21
196 13
223 95
173 21
199 73
197 83
224 68
174 72
200 77
198 44
225 84
175 86
199 20
226 28
176 31
202 88
227 65
177 37
203 37
201 28
228 62
178 62
204 61
202 38
229 97
179 13
205 100
203 28
230 59
180 58
206 35
204 61
231 18
181 70
207 28
205 77
232 69
182 42
208 48
206 49
233 41
183 80
209 74
207 30
234 33
184 26
210 47
208 100
235 52
185 40
211 53
209 70
236 51
186 45
212 12
210 82
237 47
187 82
213 16
211 81
238 80
188 63
214 10
212 15
239 39
189 84
215 23
213 100
240 21
190 58
216 68
214 13
241 69
191 98
217 64
215 45
242 74
192 35
218 94
216 15
243 24
193 86
219 98
217 58
244 34
194 73
220 48
218 96
245 75
195 47
221 88
219 91
246 54
196 87
222 85
220 39
247 74
197 20
223 91
221 77
248 35
198 69
224 32
222 80
249 62
199 25
225 36
223 39
250 27
200 58
224 90
251 19
201 75
227 59
252 64
202 15
228 18
226 79
253 17
203 40
229 47
227 90
254 70
204 85
230 84
228 10
255 35
205 73
231 93
229 78
256 57
206 87
232 71
230 53
257 80
207 89
233 81
231 26
258 64
208 99
234 47
232 76
259 82
209 57
235 47
233 90
260 11
210 74
236 40
234 78
261 36
211 94
237 65
235 56
262 65
212 88
238 32
236 100
263 20
213 17
239 73
237 52
264 44
214 64
240 89
238 66
265 16
215 22
241 97
239 88
266 32
216 10
242 90
240 38
267 90
217 35
243 19
241 13
268 81
218 30
244 43
242 13
269 32
219 21
245 98
243 24
270 16
220 27
246 61
244 43
271 75
221 43
247 68
245 25
272 64
222 53
248 87
246 76
273 22
223 37
249 50
247 95
274 32
224 58
250 23
248 60
275 23
225 14
249 23
276 54
226 12
252 41
277 55
227 75
253 63
251 24
278 55
228 32
254 22
252 21
279 84
229 81
255 47
253 92
280 20
230 20
256 33
254 74
281 43
231 80
257 81
255 23
282 53
232 19
258 54
256 31
283 27
233 11
259 87
257 89
284 99
234 85
260 41
258 92
285 33
235 10
261 45
259 27
286 60
236 69
262 13
260 37
287 63
237 85
263 16
261 13
288 67
238 38
264 88
262 85
289 11
239 14
265 85
263 69
290 60
240 88
266 23
264 60
291 53
241 39
267 78
265 19
292 10
242 42
268 62
266 16
293 94
243 43
269 66
267 24
294 56
244 26
270 46
268 98
295 61
245 16
271 49
269 76
296 80
246 17
272 36
270 23
297 92
247 56
273 82
271 36
298 32
248 41
274 68
272 99
299 28
249 58
275 43
273 100
300 47
250 92
274 55
301 37
251 29
277 71
302 36
252 55
278 14
276 41
303 56
253 100
279 62
277 36
304 21
254 69
280 19
278 68
305 39
255 18
281 84
279 79
306 38
256 73
282 35
280 16
307 59
257 14
283 59
281 43
308 12
258 18
284 61
282 66
309 68
259 38
285 82
283 46
310 83
260 53
286 34
284 98
311 78
261 69
287 43
285 32
312 69
262 72
288 77
286 83
313 68
263 97
289 58
287 77
314 95
264 74
290 94
288 29
315 92
265 60
291 88
289 96
316 55
266 41
292 67
290 34
317 99
267 47
293 21
291 65
318 78
268 68
294 100
292 27
319 96
269 61
295 80
293 51
320 22
270 79
296 34
294 25
321 15
271 69
297 100
295 19
322 30
272 77
298 32
296 25
323 85
273 47
299 57
297 63
324 31
274 65
300 82
298 62
325 29
275 89
299 36
326 97
276 76
302 55
327 15
277 77
303 60
301 77
328 80
278 83
304 13
302 50
329 72
279 61
305 12
303 19
330 52
280 96
306 86
304 63
331 47
281 35
307 43
305 14
332 91
282 96
308 30
306 80
333 42
283 91
309 94
307 76
334 69
284 64
310 66
308 80
335 34
285 13
311 37
309 61
336 50
286 93
312 58
310 60
337 49
287 51
313 14
311 77
338 71
288 29
314 93
312 47
339 16
289 85
315 17
313 78
340 64
290 70
316 83
314 69
341 48
291 57
317 31
315 80
342 94
292 63
318 98
316 10
343 55
293 58
319 12
317 19
344 69
294 75
320 64
318 44
345 37
295 95
321 80
319 54
346 96
296 74
322 87
320 93
347 78
297 44
323 42
321 53
348 43
298 62
324 71
322 97
349 12
299 15
325 52
323 61
350 63
300 66
324 43
351 85
301 39
327 81
352 61
302 26
328 51
326 86
353 65
303 47
329 58
327 45
354 74
304 69
330 22
328 69
355 74
305 93
331 10
329 33
356 85
306 95
332 76
330 81
357 87
307 41
333 16
331 87
358 35
308 30
334 91
332 11
359 95
309 68
335 97
333 74
360 66
310 79
336 46
334 61
361 42
311 15
337 55
335 20
362 65
312 34
338 86
336 86
363 25
313 58
339 91
337 77
364 38
314 27
340 42
338 34
365 79
315 72
341 45
339 93
366 94
316 89
342 59
340 77
367 78
317 26
343 48
341 50
368 69
318 86
344 19
342 80
369 77
319 92
345 92
343 93
370 30
320 98
346 25
344 53
371 77
321 84
347 51
345 73
372 15
322 72
348 80
346 37
373 85
323 30
349 34
347 91
374 48
324 18
350 74
348 75
375 66
325 42
349 91
376 69
326 61
352 33
377 78
327 79
353 25
351 53
378 61
328 99
354 17
352 40
379 76
329 98
355 37
353 82
380 30
330 30
356 29
354 18
381 18
331 88
357 16
355 53
382 27
332 67
358 70
356 40
383 14
333 38
359 78
357 16
384 75
334 63
360 95
358 60
385 83
335 28
361 37
359 71
386 53
336 31
362 24
360 61
387 49
337 76
363 26
361 85
388 68
338 26
364 42
362 20
389 15
339 81
365 70
363 12
390 46
340 86
366 100
364 89
391 87
341 51
367 99
365 86
392 16
342 78
368 34
366 64
393 91
343 27
369 33
367 68
394 42
344 63
370 82
368 64
395 61
345 83
371 90
369 39
396 12
346 52
372 67
370 57
397 10
347 15
373 95
371 53
398 25
348 92
374 60
372 70
399 75
349 91
375 57
373 68
400 68
350 81
374 18
401 78
351 23
377 53
402 90
352 34
378 17
376 21
403 74
353 71
379 79
377 37
404 87
354 31
380 95
378 13
405 49
355 43
381 53
379 88
406 94
356 64
382 25
380 47
407 49
357 77
383 26
381 23
408 51
358 21
384 69
382 79
409 87
359 81
385 82
383 75
410 37
360 22
386 32
384 26
411 45
361 42
387 34
385 87
412 51
362 14
388 22
386 34
413 54
363 38
389 46
387 21
414 76
364 83
390 33
388 25
415 81
365 49
391 11
389 85
416 39
366 40
392 47
390 38
417 62
367 63
393 20
391 11
418 44
368 82
394 95
392 18
419 60
369 60
395 73
393 76
420 58
370 96
396 99
394 75
421 76
371 90
397 14
395 40
422 16
372 19
398 59
396 81
423 75
373 53
399 41
397 60
424 43
374 97
400 18
398 84
425 21
375 61
399 91
426 76
376 14
402 57
427 98
377 67
403 94
401 64
428 35
378 58
404 57
402 95
429 80
379 47
405 28
403 66
430 68
380 70
406 42
404 36
431 44
381 41
407 81
405 12
432 60
382 21
408 83
406 67
433 44
383 68
409 32
407 77
434 31
384 58
410 21
408 12
435 93
385 24
411 54
409 67
436 62
386 99
412 55
410 44
437 42
387 30
413 21
411 42
438 22
388 96
414 12
412 80
439 20
389 73
415 71
413 41
440 31
390 36
416 46
414 81
441 85
391 41
417 89
415 55
442 61
392 49
418 19
416 53
443 39
393 83
419 50
417 66
444 54
394 96
420 68
418 17
445 47
395 62
421 60
419 46
446 64
396 91
422 28
420 78
447 31
397 36
423 52
421 64
448 80
398 45
424 41
422 86
449 68
399 70
425 10
423 45
450 58
400 17
424 42
451 33
401 54
427 40
452 23
402 30
428 51
426 80
453 60
403 42
429 36
427 50
454 84
404 23
430 74
428 73
455 65
405 55
431 100
429 46
456 34
406 36
432 53
430 71
457 11
407 83
433 68
431 12
458 58
408 23
434 27
432 95
459 80
409 39
435 67
433 83
460 90
410 82
436 26
434 70
461 76
411 53
437 26
435 64
462 31
412 44
438 19
436 13
463 100
413 48
439 96
437 99
464 84
414 84
440 92
438 54
465 18
415 97
441 99
439 52
466 71
416 26
442 24
440 13
467 99
417 88
443 33
441 83
468 51
418 91
444 24
442 30
469 53
419 36
445 28
443 57
470 46
420 46
446 77
444 67
471 21
421 59
447 93
445 84
472 22
422 60
448 82
446 32
473 98
423 46
449 30
447 75
474 51
424 75
450 91
448 34
475 48
425 94
449 34
476 28
426 79
452 57
477 75
427 53
453 64
451 35
478 17
428 76
454 67
452 33
479 10
429 56
455 23
453 37
480 60
430 46
456 66
454 46
481 70
431 74
457 12
455 46
482 47
432 17
458 40
456 59
483 69
433 60
459 26
457 31
484 16
434 13
460 92
458 70
485 93
435 51
461 99
459 82
486 51
436 67
462 34
460 51
487 98
437 71
463 13
461 49
488 31
438 11
464 23
462 10
489 85
439 39
465 44
463 49
490 94
440 14
466 28
464 48
491 10
441 55
467 97
465 43
492 86
442 17
468 21
466 44
493 47
443 75
469 80
467 51
494 31
444 90
470 51
468 52
495 40
445 76
471 79
469 73
496 65
446 78
472 18
470 20
497 11
447 76
473 93
471 83
498 26
448 79
474 70
472 71
499 51
449 30
475 40
473 20
500 82
450 20
474 92
501 81
451 54
477 19
502 57
452 89
478 59
476 74
503 78
453 10
479 87
477 33
504 46
454 84
480 78
478 88
505 76
455 85
481 85
479 79
506 74
456 56
482 96
480 82
507 64
457 87
483 17
481 41
508 47
458 95
484 34
482 90
509 51
459 87
485 72
483 97
510 72
460 65
486 28
484 40
511 55
461 42
487 22
485 82
512 15
462 87
488 31
486 24
513 70
463 88
489 39
487 27
514 42
464 74
490 34
488 38
515 68
465 61
491 76
489 11
516 71
466 68
492 40
490 42
517 55
467 32
493 69
491 61
518 85
468 11
494 23
492 28
519 91
469 59
495 61
493 56
520 31
470 94
496 42
494 69
521 90
471 97
497 92
495 60
522 16
472 76
498 55
496 69
523 58
473 25
499 49
497 23
524 13
474 43
500 79
498 91
525 83
475 95
499 54
526 57
476 74
502 43
527 12
477 89
503 89
501 29
528 77
478 45
504 43
502 59
529 60
479 72
505 46
503 12
530 72
480 10
506 39
504 35
531 85
481 71
507 89
505 36
532 39
482 81
508 41
506 87
533 92
483 45
509 82
507 53
534 85
484 19
510 20
508 87
535 71
485 31
511 100
509 16
536 37
486 46
512 96
510 50
537 98
487 94
513 49
511 57
538 26
488 71
514 41
512 19
539 62
489 30
515 45
513 34
540 41
490 96
516 44
514 74
541 51
491 39
517 38
515 13
542 48
492 26
518 44
516 75
543 47
493 18
519 14
517 43
544 28
494 58
520 99
518 80
545 60
495 89
521 52
519 35
546 59
496 89
522 80
520 20
547 70
497 23
523 32
521 51
548 27
498 21
524 37
522 59
549 10
499 90
525 30
523 91
550 30
500 27
524 52
551 38
501 43
527 40
552 52
502 74
528 18
526 69
553 38
503 89
529 19
527 62
554 55
504 55
530 20
528 19
555 81
505 36
531 18
529 88
556 47
506 66
532 91
530 28
557 54
507 87
533 49
531 14
558 57
508 60
534 47
532 93
559 40
509 73
535 11
533 41
560 62
510 77
536 89
534 75
561 77
511 65
537 72
535 85
562 72
512 100
538 22
536 31
563 58
513 83
539 23
537 83
564 47
514 67
540 74
538 26
565 20
515 19
541 83
539 11
566 10
516 44
542 71
540 83
567 64
517 34
543 100
541 88
568 22
518 45
544 56
542 28
569 38
519 52
545 96
543 94
570 34
520 66
546 92
544 37
571 96
521 63
547 32
545 22
572 12
522 46
548 81
546 83
573 36
523 98
549 54
547 65
574 40
524 82
550 81
548 91
575 57
525 19
549 98
576 99
526 96
552 78
577 48
527 66
553 72
551 28
578 74
528 14
554 79
552 84
579 77
529 34
555 59
553 77
580 18
530 76
556 78
554 28
581 77
531 97
557 49
555 10
582 14
532 52
558 62
556 49
583 28
533 50
559 62
557 34
584 63
534 11
560 48
558 83
585 31
535 81
561 97
559 79
586 86
536 53
562 100
560 20
587 16
537 64
563 41
561 25
588 45
538 91
564 89
562 43
589 55
539 42
565 86
563 86
590 90
540 91
566 74
564 75
591 64
541 18
567 52
565 54
592 43
542 89
568 51
566 83
593 28
543 40
569 46
567 14
594 29
544 70
570 24
568 84
595 59
545 27
571 87
569 59
596 72
546 34
572 36
570 53
597 36
547 40
573 41
571 94
598 89
548 58
574 14
572 66
599 89
549 70
575 51
573 52
600 21
550 71
574 16
601 88
551 79
577 61
602 31
552 46
578 20
576 90
603 76
553 87
579 79
577 97
604 54
554 10
580 99
578 21
605 12
555 62
581 78
579 72
606 58
556 63
582 86
580 89
607 86
557 90
583 82
581 68
608 47
558 16
584 88
582 90
609 73
559 39
585 86
583 62
610 33
560 11
586 35
584 16
611 46
561 13
587 73
585 34
612 16
562 16
588 45
586 24
613 49
563 70
589 43
587 45
614 20
564 67
590 32
588 79
615 58
565 43
591 40
589 31
616 60
566 39
592 31
590 59
617 11
567 100
593 68
591 70
618 64
568 43
594 55
592 35
619 33
569 15
595 46
593 72
620 76
570 78
596 47
594 69
621 47
571 42
597 97
595 56
622 39
572 51
598 69
596 13
623 53
573 37
599 18
597 93
624 20
574 92
600 47
598 49
625 95
575 25
599 15
576 16
602 54
577 98
603 67
601 17
578 11
604 89
602 21
579 50
605 37
603 55
580 57
606 36
604 97
581 78
607 48
605 70
582 81
608 58
606 62
583 52
609 44
607 85
584 89
610 81
608 89
585 80
611 51
609 61
586 45
612 55
610 75
587 24
613 51
611 95
588 85
614 42
612 78
589 38
615 91
613 28
590 54
616 56
614 30
591 53
617 79
615 87
592 55
618 73
616 25
593 45
619 52
617 74
594 33
620 61
618 37
595 45
621 26
619 54
596 80
622 54
620 67
597 19
623 73
621 49
598 72
624 72
622 66
599 34
625 81
623 66
600 28
624 12
268
260
1 268 
2 422 24 
2 53 509 
1 201 
3 274 504 555 
3 514 432 349 
1 127 
2 271 5 
1 386 
1 381 
1 235 
1 395 
2 27 145 
2 593 33 
1 211 
3 409 200 215 
1 331 
2 180 32 
1 544 
1 25 
1 346 
3 502 178 450 
1 486 
1 497 
4 525 18 444 618 
1 360 
2 526 356 
3 184 468 412 
1 89 
1 520 
2 175 404 
3 519 17 151 
2 113 613 
3 282 475 359 
2 405 114 
1 557 
1 456 
3 338 126 565 
1 216 
3 58 153 105 
2 100 605 
1 465 
1 543 
2 275 330 
2 580 206 
1 52 
3 300 466 233 
1 313 
1 225 
1 95 
2 515 103 
2 581 188 
1 615 
3 366 592 328 
2 98 318 
2 76 87 
1 319 
2 64 171 
1 535 
1 446 
2 390 293 
1 596 
1 97 
2 90 252 
2 234 415 
1 533 
2 367 158 
2 531 167 
4 314 424 63 157 
2 34 152 
1 562 
2 75 441 
1 251 
2 622 322 
1 418 
2 572 66 
2 244 549 
1 350 
3 289 243 50 
2 339 311 
2 232 177 
3 492 508 65 
2 10 288 
2 506 297 
2 599 481 
3 470 582 594 
1 170 
3 393 542 347 
2 556 601 
3 137 26 576 
3 287 237 474 
1 467 
1 537 
2 443 8 
2 164 490 
1 436 
2 48 15 
2 102 142 
1 59 
3 186 221 603 
1 459 
1 80 
4 335 337 471 101 
3 130 584 217 
3 257 438 264 
2 374 136 
2 575 298 
1 425 
3 619 154 608 
2 433 176 
2 365 372 
2 336 194 
2 403 530 
1 220 
2 340 281 
3 369 110 453 
3 14 262 246 
1 260 
