400 1520 10 100 76
2
3
3
3
3
3
3
3
3
3
3
3
3
3
3
3
3
3
3
2
3
4
4
4
4
4
4
4
4
4
4
4
4
4
4
4
4
4
4
3
3
4
4
4
4
4
4
4
4
4
4
4
4
4
4
4
4
4
4
3
3
4
4
4
4
4
4
4
4
4
4
4
4
4
4
4
4
4
4
3
3
4
4
4
4
4
4
4
4
4
4
4
4
4
4
4
4
4
4
3
3
4
4
4
4
4
4
4
4
4
4
4
4
4
4
4
4
4
4
3
3
4
4
4
4
4
4
4
4
4
4
4
4
4
4
4
4
4
4
3
3
4
4
4
4
4
4
4
4
4
4
4
4
4
4
4
4
4
4
3
3
4
4
4
4
4
4
4
4
4
4
4
4
4
4
4
4
4
4
3
3
4
4
4
4
4
4
4
4
4
4
4
4
4
4
4
4
4
4
3
3
4
4
4
4
4
4
4
4
4
4
4
4
4
4
4
4
4
4
3
3
4
4
4
4
4
4
4
4
4
4
4
4
4
4
4
4
4
4
3
3
4
4
4
4
4
4
4
4
4
4
4
4
4
4
4
4
4
4
3
3
4
4
4
4
4
4
4
4
4
4
4
4
4
4
4
4
4
4
3
3
4
4
4
4
4
4
4
4
4
4
4
4
4
4
4
4
4
4
3
3
4
4
4
4
4
4
4
4
4
4
4
4
4
4
4
4
4
4
3
3
4
4
4
4
4
4
4
4
4
4
4
4
4
4
4
4
4
4
3
3
4
4
4
4
4
4
4
4
4
4
4
4
4
4
4
4
4
4
3
3
4
4
4
4
4
4
4
4
4
4
4
4
4
4
4
4
4
4
3
2
3
3
3
3
3
3
3
3
3
3
3
3
3
3
3
3
3
3
2
21 13
2 29
22 83
3 45
1 47
23 46
4 94
2 55
24 86
5 84
3 42
25 94
6 62
4 89
26 84
7 22
5 38
27 35
8 55
6 23
28 12
9 74
7 85
29 27
10 83
8 84
30 70
11 82
9 65
31 46
12 13
10 36
32 26
13 18
11 25
33 65
14 49
12 98
34 67
15 15
13 75
35 18
16 78
14 91
36 15
17 89
15 88
37 15
18 96
16 13
38 45
19 41
17 27
39 75
20 31
18 54
40 12
19 29
41 96
1 56
22 21
42 30
2 24
23 33
21 96
43 60
3 40
24 69
22 23
44 80
4 11
25 87
23 49
45 65
5 90
26 13
24 68
46 27
6 20
27 91
25 82
47 40
7 87
28 53
26 89
48 48
8 89
29 29
27 62
49 30
9 91
30 42
28 48
50 57
10 56
31 68
29 11
51 69
11 36
32 75
30 72
52 52
12 47
33 36
31 25
53 61
13 75
34 53
32 61
54 11
14 25
35 12
33 24
55 69
15 81
36 99
34 80
56 31
16 77
37 56
35 71
57 82
17 74
38 24
36 51
58 31
18 28
39 42
37 54
59 99
19 31
40 18
38 66
60 30
20 99
39 60
61 91
21 98
42 71
62 28
22 56
43 56
41 25
63 38
23 81
44 27
42 10
64 47
24 77
45 99
43 23
65 39
25 68
46 79
44 79
66 73
26 20
47 29
45 43
67 97
27 54
48 38
46 29
68 65
28 45
49 20
47 58
69 91
29 35
50 83
48 74
70 11
30 65
51 100
49 72
71 17
31 79
52 61
50 47
72 73
32 86
53 97
51 33
73 35
33 41
54 88
52 43
74 24
34 85
55 90
53 66
75 50
35 95
56 55
54 39
76 53
36 20
57 63
55 73
77 72
37 10
58 57
56 72
78 51
38 44
59 43
57 84
79 44
39 16
60 20
58 31
80 19
40 99
59 28
81 12
41 75
62 25
82 87
42 19
63 44
61 63
83 100
43 87
64 29
62 22
84 28
44 48
65 69
63 38
85 77
45 21
66 35
64 81
86 16
46 39
67 36
65 57
87 42
47 41
68 22
66 72
88 27
48 100
69 93
67 19
89 50
49 99
70 71
68 72
90 83
50 75
71 80
69 54
91 72
51 27
72 83
70 20
92 88
52 65
73 99
71 62
93 78
53 61
74 63
72 87
94 63
54 82
75 79
73 47
95 98
55 75
76 50
74 70
96 49
56 61
77 64
75 65
97 29
57 59
78 12
76 79
98 15
58 78
79 21
77 66
99 56
59 65
80 37
78 79
100 77
60 60
79 78
101 64
61 45
82 26
102 98
62 86
83 12
81 11
103 26
63 43
84 68
82 95
104 51
64 50
85 13
83 71
105 69
65 59
86 11
84 71
106 87
66 47
87 67
85 41
107 43
67 13
88 92
86 71
108 74
68 76
89 30
87 59
109 79
69 32
90 100
88 54
110 16
70 27
91 96
89 70
111 98
71 14
92 75
90 37
112 67
72 49
93 71
91 33
113 17
73 53
94 41
92 97
114 13
74 74
95 90
93 27
115 57
75 78
96 46
94 93
116 33
76 68
97 81
95 49
117 96
77 98
98 37
96 56
118 100
78 54
99 64
97 82
119 59
79 27
100 92
98 97
120 76
80 93
99 62
121 52
81 21
102 34
122 57
82 86
103 52
101 45
123 70
83 59
104 87
102 35
124 20
84 71
105 24
103 93
125 16
85 97
106 98
104 96
126 42
86 94
107 10
105 69
127 83
87 70
108 70
106 46
128 32
88 91
109 74
107 76
129 52
89 36
110 24
108 91
130 72
90 27
111 87
109 23
131 58
91 47
112 88
110 41
132 15
92 39
113 25
111 26
133 33
93 91
114 38
112 73
134 17
94 31
115 93
113 53
135 65
95 17
116 11
114 73
136 98
96 97
117 71
115 43
137 81
97 79
118 20
116 19
138 52
98 96
119 38
117 66
139 16
99 49
120 79
118 44
140 16
100 39
119 25
141 86
101 91
122 58
142 33
102 89
123 72
121 96
143 54
103 61
124 92
122 76
144 86
104 63
125 56
123 92
145 98
105 47
126 54
124 77
146 56
106 29
127 75
125 41
147 43
107 100
128 100
126 32
148 82
108 32
129 26
127 72
149 18
109 67
130 14
128 64
150 96
110 77
131 15
129 77
151 66
111 16
132 98
130 44
152 13
112 35
133 21
131 88
153 96
113 41
134 36
132 84
154 19
114 22
135 16
133 39
155 64
115 92
136 30
134 53
156 29
116 19
137 26
135 89
157 66
117 72
138 40
136 37
158 63
118 41
139 17
137 39
159 40
119 24
140 10
138 94
160 52
120 10
139 22
161 40
121 10
142 97
162 57
122 54
143 63
141 72
163 69
123 12
144 66
142 40
164 15
124 87
145 32
143 62
165 55
125 67
146 45
144 26
166 84
126 39
147 56
145 81
167 28
127 14
148 84
146 26
168 92
128 74
149 21
147 88
169 60
129 11
150 13
148 68
170 96
130 39
151 44
149 75
171 97
131 49
152 69
150 95
172 76
132 12
153 25
151 91
173 32
133 37
154 78
152 19
174 88
134 81
155 20
153 28
175 12
135 74
156 16
154 78
176 12
136 67
157 63
155 25
177 72
137 58
158 46
156 62
178 87
138 57
159 81
157 71
179 69
139 88
160 71
158 26
180 61
140 98
159 72
181 31
141 24
162 49
182 87
142 26
163 51
161 53
183 26
143 69
164 20
162 32
184 22
144 14
165 22
163 37
185 16
145 49
166 90
164 90
186 16
146 100
167 37
165 39
187 76
147 43
168 31
166 65
188 39
148 55
169 41
167 47
189 60
149 61
170 89
168 46
190 41
150 100
171 40
169 22
191 46
151 83
172 31
170 25
192 13
152 31
173 46
171 64
193 83
153 18
174 12
172 87
194 69
154 39
175 21
173 20
195 77
155 98
176 100
174 45
196 95
156 100
177 86
175 25
197 59
157 15
178 35
176 50
198 33
158 18
179 34
177 80
199 39
159 59
180 10
178 81
200 60
160 96
179 70
201 60
161 58
182 68
202 46
162 55
183 43
181 85
203 30
163 100
184 98
182 92
204 76
164 19
185 67
183 59
205 64
165 61
186 64
184 86
206 51
166 58
187 88
185 47
207 88
167 35
188 32
186 66
208 15
168 69
189 39
187 43
209 83
169 45
190 33
188 79
210 52
170 84
191 74
189 13
211 76
171 22
192 58
190 21
212 95
172 63
193 29
191 50
213 46
173 64
194 72
192 86
214 95
174 22
195 98
193 47
215 70
175 21
196 69
194 14
216 18
176 39
197 83
195 97
217 58
177 31
198 98
196 48
218 21
178 63
199 71
197 94
219 70
179 78
200 50
198 12
220 64
180 86
199 86
221 74
181 79
202 61
222 39
182 72
203 29
201 56
223 84
183 32
204 65
202 25
224 11
184 32
205 31
203 34
225 36
185 67
206 25
204 63
226 53
186 95
207 57
205 69
227 11
187 74
208 33
206 56
228 54
188 39
209 61
207 87
229 13
189 61
210 55
208 76
230 67
190 57
211 95
209 94
231 54
191 21
212 62
210 50
232 96
192 67
213 12
211 72
233 95
193 40
214 68
212 23
234 65
194 59
215 21
213 34
235 98
195 76
216 99
214 10
236 41
196 43
217 37
215 97
237 81
197 23
218 98
216 73
238 22
198 28
219 21
217 83
239 68
199 22
220 15
218 95
240 56
200 19
219 19
241 83
201 25
222 60
242 14
202 69
223 30
221 74
243 93
203 82
224 25
222 59
244 81
204 51
225 98
223 68
245 53
205 35
226 52
224 22
246 26
206 67
227 44
225 20
247 92
207 43
228 27
226 62
248 27
208 59
229 52
227 26
249 76
209 31
230 80
228 60
250 65
210 31
231 19
229 93
251 45
211 99
232 88
230 53
252 68
212 27
233 22
231 62
253 85
213 75
234 59
232 37
254 70
214 68
235 42
233 78
255 49
215 32
236 100
234 72
256 41
216 61
237 13
235 91
257 29
217 19
238 15
236 62
258 69
218 59
239 51
237 58
259 67
219 76
240 96
238 34
260 87
220 100
239 89
261 76
221 71
242 36
262 23
222 53
243 91
241 79
263 91
223 97
244 98
242 69
264 11
224 90
245 82
243 71
265 67
225 87
246 29
244 28
266 14
226 78
247 62
245 34
267 76
227 19
248 86
246 83
268 57
228 93
249 44
247 75
269 25
229 29
250 77
248 94
270 33
230 92
251 49
249 60
271 81
231 92
252 79
250 87
272 55
232 88
253 23
251 60
273 50
233 62
254 39
252 57
274 17
234 82
255 15
253 76
275 83
235 11
256 13
254 47
276 18
236 43
257 42
255 29
277 77
237 36
258 10
256 74
278 54
238 71
259 81
257 51
279 93
239 60
260 31
258 30
280 78
240 63
259 80
281 70
241 71
262 97
282 97
242 53
263 13
261 54
283 83
243 84
264 45
262 77
284 90
244 44
265 92
263 78
285 92
245 17
266 70
264 99
286 23
246 59
267 38
265 62
287 41
247 12
268 77
266 37
288 99
248 58
269 92
267 20
289 43
249 24
270 78
268 73
290 67
250 77
271 39
269 33
291 13
251 48
272 32
270 18
292 97
252 10
273 91
271 33
293 76
253 58
274 44
272 35
294 56
254 40
275 42
273 10
295 12
255 48
276 22
274 64
296 100
256 83
277 76
275 12
297 39
257 41
278 87
276 67
298 87
258 34
279 83
277 79
299 73
259 24
280 40
278 31
300 43
260 66
279 13
301 33
261 96
282 59
302 27
262 40
283 59
281 71
303 22
263 45
284 95
282 86
304 43
264 97
285 73
283 14
305 79
265 73
286 85
284 94
306 32
266 43
287 12
285 37
307 67
267 51
288 63
286 37
308 73
268 64
289 72
287 29
309 95
269 86
290 39
288 52
310 15
270 14
291 21
289 95
311 94
271 62
292 78
290 95
312 16
272 61
293 66
291 26
313 61
273 22
294 55
292 77
314 13
274 44
295 14
293 60
315 54
275 21
296 51
294 51
316 20
276 46
297 60
295 95
317 89
277 47
298 51
296 18
318 44
278 56
299 19
297 67
319 57
279 51
300 73
298 59
320 93
280 47
299 100
321 42
281 86
302 23
322 33
282 21
303 77
301 98
323 67
283 47
304 17
302 73
324 64
284 55
305 30
303 69
325 96
285 56
306 47
304 52
326 12
286 96
307 37
305 54
327 89
287 70
308 85
306 77
328 15
288 16
309 33
307 62
329 55
289 55
310 18
308 27
330 21
290 94
311 97
309 93
331 57
291 67
312 96
310 48
332 88
292 69
313 37
311 39
333 55
293 79
314 57
312 75
334 87
294 25
315 24
313 92
335 65
295 82
316 90
314 10
336 71
296 89
317 68
315 57
337 54
297 48
318 58
316 47
338 67
298 42
319 82
317 94
339 43
299 68
320 19
318 17
340 22
300 29
319 58
341 58
301 86
322 32
342 79
302 51
323 30
321 57
343 89
303 97
324 56
322 72
344 67
304 85
325 24
323 71
345 44
305 41
326 15
324 98
346 88
306 48
327 40
325 28
347 57
307 43
328 51
326 52
348 46
308 78
329 62
327 28
349 61
309 89
330 25
328 93
350 90
310 26
331 55
329 41
351 59
311 41
332 73
330 87
352 85
312 95
333 87
331 94
353 37
313 100
334 91
332 86
354 67
314 75
335 57
333 31
355 73
315 49
336 71
334 38
356 20
316 63
337 89
335 91
357 46
317 98
338 94
336 17
358 84
318 78
339 90
337 83
359 83
319 48
340 60
338 12
360 14
320 17
339 91
361 44
321 72
342 56
362 63
322 92
343 49
341 92
363 20
323 53
344 55
342 45
364 63
324 54
345 14
343 46
365 53
325 74
346 37
344 31
366 58
326 89
347 75
345 100
367 52
327 84
348 17
346 21
368 20
328 59
349 26
347 67
369 87
329 56
350 97
348 34
370 61
330 52
351 84
349 89
371 100
331 60
352 56
350 44
372 36
332 89
353 40
351 49
373 65
333 76
354 50
352 98
374 52
334 90
355 41
353 50
375 85
335 60
356 86
354 87
376 13
336 90
357 23
355 78
377 56
337 23
358 75
356 100
378 46
338 94
359 69
357 40
379 44
339 68
360 96
358 35
380 67
340 63
359 30
381 22
341 95
362 79
382 32
342 63
363 51
361 44
383 33
343 46
364 57
362 26
384 99
344 12
365 24
363 99
385 58
345 42
366 80
364 23
386 69
346 53
367 60
365 11
387 21
347 12
368 58
366 66
388 55
348 30
369 30
367 73
389 20
349 34
370 80
368 69
390 12
350 93
371 92
369 57
391 77
351 35
372 72
370 77
392 54
352 82
373 71
371 74
393 46
353 81
374 55
372 68
394 94
354 14
375 74
373 85
395 48
355 55
376 79
374 89
396 66
356 23
377 88
375 13
397 18
357 37
378 71
376 44
398 76
358 43
379 16
377 53
399 74
359 71
380 50
378 89
400 58
360 44
379 53
361 25
382 37
362 42
383 24
381 17
363 15
384 51
382 27
364 62
385 24
383 68
365 45
386 75
384 80
366 99
387 89
385 62
367 52
388 92
386 32
368 68
389 83
387 28
369 18
390 88
388 95
370 29
391 82
389 47
371 16
392 14
390 100
372 58
393 86
391 33
373 67
394 60
392 87
374 10
395 13
393 30
375 21
396 54
394 77
376 50
397 57
395 100
377 48
398 46
396 86
378 25
399 83
397 98
379 21
400 69
398 73
380 19
399 61
148
224
1 148 
2 91 203 
2 48 328 
3 176 144 85 
2 58 262 
3 6 192 1 
1 9 
2 143 181 
2 174 346 
2 141 246 
1 344 
1 133 
2 102 359 
1 112 
3 78 18 5 
1 152 
3 80 71 4 
4 84 221 122 265 
2 322 351 
1 96 
1 282 
2 42 44 
2 55 290 
3 285 269 170 
1 135 
2 136 308 
1 66 
2 180 31 
2 389 337 
2 287 107 
1 179 
1 217 
1 67 
2 62 372 
2 347 129 
1 165 
1 263 
3 150 93 10 
1 178 
1 13 
2 266 393 
1 216 
1 250 
1 146 
5 209 19 52 371 215 
3 206 276 307 
1 253 
4 120 334 399 196 
2 17 145 
1 27 
1 278 
1 157 
2 111 166 
3 97 313 387 
1 40 
3 242 319 73 
1 369 
2 244 213 
2 293 94 
1 332 
4 35 193 34 115 
3 29 82 3 
2 396 330 
1 264 
3 390 207 69 
1 320 
1 273 
1 315 
2 65 60 
2 199 30 
2 175 368 
2 106 380 
3 22 72 125 
1 310 
2 20 38 
1 224 
