600 2276 10 100 114
2
3
3
3
3
3
3
3
3
3
3
3
3
3
3
3
3
3
3
3
3
3
3
3
3
3
3
3
3
3
3
3
3
3
3
3
3
3
3
3
3
3
3
3
3
3
3
3
3
2
3
4
4
4
4
4
4
4
4
4
4
4
4
4
4
4
4
4
4
4
4
4
4
4
4
4
4
4
4
4
4
4
4
4
4
4
4
4
4
4
4
4
4
4
4
4
4
4
4
3
3
4
4
4
4
4
4
4
4
4
4
4
4
4
4
4
4
4
4
4
4
4
4
4
4
4
4
4
4
4
4
4
4
4
4
4
4
4
4
4
4
4
4
4
4
4
4
4
4
3
3
4
4
4
4
4
4
4
4
4
4
4
4
4
4
4
4
4
4
4
4
4
4
4
4
4
4
4
4
4
4
4
4
4
4
4
4
4
4
4
4
4
4
4
4
4
4
4
4
3
3
4
4
4
4
4
4
4
4
4
4
4
4
4
4
4
4
4
4
4
4
4
4
4
4
4
4
4
4
4
4
4
4
4
4
4
4
4
4
4
4
4
4
4
4
4
4
4
4
3
3
4
4
4
4
4
4
4
4
4
4
4
4
4
4
4
4
4
4
4
4
4
4
4
4
4
4
4
4
4
4
4
4
4
4
4
4
4
4
4
4
4
4
4
4
4
4
4
4
3
3
4
4
4
4
4
4
4
4
4
4
4
4
4
4
4
4
4
4
4
4
4
4
4
4
4
4
4
4
4
4
4
4
4
4
4
4
4
4
4
4
4
4
4
4
4
4
4
4
3
3
4
4
4
4
4
4
4
4
4
4
4
4
4
4
4
4
4
4
4
4
4
4
4
4
4
4
4
4
4
4
4
4
4
4
4
4
4
4
4
4
4
4
4
4
4
4
4
4
3
3
4
4
4
4
4
4
4
4
4
4
4
4
4
4
4
4
4
4
4
4
4
4
4
4
4
4
4
4
4
4
4
4
4
4
4
4
4
4
4
4
4
4
4
4
4
4
4
4
3
3
4
4
4
4
4
4
4
4
4
4
4
4
4
4
4
4
4
4
4
4
4
4
4
4
4
4
4
4
4
4
4
4
4
4
4
4
4
4
4
4
4
4
4
4
4
4
4
4
3
3
4
4
4
4
4
4
4
4
4
4
4
4
4
4
4
4
4
4
4
4
4
4
4
4
4
4
4
4
4
4
4
4
4
4
4
4
4
4
4
4
4
4
4
4
4
4
4
4
3
2
3
3
3
3
3
3
3
3
3
3
3
3
3
3
3
3
3
3
3
3
3
3
3
3
3
3
3
3
3
3
3
3
3
3
3
3
3
3
3
3
3
3
3
3
3
3
3
3
2
51 41
2 29
52 23
3 63
1 30
53 21
4 21
2 43
54 64
5 45
3 45
55 20
6 51
4 79
56 98
7 72
5 91
57 37
8 11
6 52
58 61
9 30
7 57
59 14
10 79
8 14
60 79
11 41
9 58
61 42
12 35
10 72
62 19
13 81
11 99
63 41
14 84
12 64
64 85
15 31
13 98
65 39
16 10
14 10
66 90
17 71
15 60
67 64
18 63
16 26
68 51
19 75
17 79
69 94
20 59
18 58
70 45
21 29
19 46
71 29
22 13
20 69
72 24
23 23
21 37
73 44
24 99
22 69
74 67
25 42
23 99
75 23
26 50
24 85
76 52
27 62
25 96
77 14
28 16
26 35
78 28
29 21
27 96
79 30
30 34
28 56
80 79
31 58
29 65
81 36
32 23
30 67
82 98
33 85
31 11
83 96
34 23
32 35
84 78
35 63
33 40
85 87
36 99
34 88
86 77
37 69
35 81
87 35
38 89
36 12
88 39
39 39
37 46
89 84
40 28
38 43
90 95
41 70
39 75
91 75
42 77
40 16
92 95
43 86
41 12
93 30
44 96
42 61
94 75
45 63
43 73
95 19
46 38
44 72
96 41
47 11
45 58
97 49
48 69
46 96
98 72
49 71
47 16
99 72
50 87
48 82
100 66
49 72
101 81
1 46
52 58
102 32
2 19
53 12
51 66
103 10
3 81
54 36
52 47
104 30
4 14
55 20
53 75
105 54
5 98
56 43
54 60
106 48
6 56
57 74
55 45
107 86
7 22
58 79
56 39
108 96
8 47
59 21
57 55
109 24
9 47
60 59
58 27
110 40
10 52
61 95
59 11
111 20
11 31
62 80
60 30
112 89
12 50
63 86
61 23
113 38
13 47
64 33
62 38
114 43
14 49
65 14
63 81
115 20
15 61
66 73
64 37
116 45
16 46
67 36
65 95
117 45
17 58
68 72
66 85
118 100
18 52
69 48
67 66
119 69
19 40
70 40
68 99
120 72
20 89
71 54
69 18
121 36
21 16
72 37
70 57
122 19
22 64
73 51
71 82
123 17
23 87
74 50
72 16
124 52
24 85
75 78
73 35
125 30
25 26
76 78
74 17
126 43
26 25
77 87
75 59
127 83
27 35
78 21
76 43
128 12
28 90
79 14
77 19
129 66
29 71
80 24
78 30
130 16
30 89
81 56
79 34
131 15
31 39
82 50
80 83
132 78
32 75
83 81
81 50
133 97
33 67
84 21
82 15
134 83
34 45
85 69
83 87
135 20
35 62
86 45
84 49
136 74
36 55
87 52
85 28
137 26
37 19
88 79
86 98
138 57
38 35
89 91
87 39
139 69
39 40
90 13
88 82
140 90
40 38
91 16
89 70
141 46
41 48
92 86
90 98
142 60
42 61
93 33
91 84
143 97
43 44
94 55
92 42
144 10
44 79
95 50
93 21
145 68
45 39
96 53
94 88
146 48
46 75
97 69
95 81
147 19
47 29
98 12
96 85
148 33
48 23
99 16
97 86
149 64
49 32
100 14
98 93
150 22
50 12
99 78
151 28
51 97
102 63
152 87
52 95
103 11
101 33
153 56
53 70
104 83
102 30
154 92
54 65
105 81
103 16
155 57
55 93
106 14
104 23
156 77
56 35
107 39
105 36
157 91
57 27
108 93
106 57
158 79
58 71
109 71
107 66
159 43
59 51
110 28
108 36
160 44
60 53
111 54
109 22
161 65
61 46
112 74
110 13
162 52
62 26
113 41
111 40
163 28
63 40
114 73
112 27
164 60
64 17
115 96
113 44
165 76
65 67
116 91
114 13
166 86
66 54
117 78
115 99
167 93
67 52
118 77
116 12
168 58
68 47
119 91
117 73
169 12
69 33
120 11
118 75
170 62
70 75
121 52
119 69
171 43
71 62
122 59
120 86
172 45
72 64
123 89
121 39
173 97
73 29
124 15
122 65
174 14
74 69
125 98
123 76
175 31
75 30
126 79
124 40
176 75
76 26
127 16
125 86
177 83
77 82
128 37
126 100
178 35
78 83
129 20
127 38
179 16
79 60
130 40
128 83
180 40
80 52
131 28
129 80
181 88
81 57
132 17
130 75
182 57
82 31
133 40
131 77
183 91
83 10
134 96
132 80
184 41
84 69
135 31
133 89
185 50
85 30
136 21
134 27
186 43
86 68
137 13
135 52
187 55
87 49
138 87
136 80
188 38
88 81
139 14
137 85
189 93
89 89
140 77
138 14
190 81
90 59
141 25
139 78
191 65
91 16
142 57
140 30
192 38
92 94
143 11
141 21
193 10
93 15
144 45
142 39
194 71
94 72
145 38
143 59
195 24
95 13
146 26
144 89
196 48
96 78
147 48
145 60
197 77
97 61
148 79
146 38
198 51
98 89
149 37
147 56
199 92
99 43
150 30
148 80
200 64
100 83
149 50
201 75
101 76
152 98
202 92
102 69
153 65
151 33
203 55
103 17
154 22
152 88
204 88
104 29
155 57
153 57
205 64
105 14
156 68
154 46
206 46
106 19
157 93
155 99
207 63
107 51
158 47
156 18
208 100
108 85
159 84
157 44
209 39
109 59
160 35
158 32
210 25
110 28
161 92
159 23
211 86
111 13
162 40
160 12
212 96
112 57
163 96
161 35
213 53
113 22
164 98
162 97
214 74
114 42
165 60
163 69
215 94
115 64
166 71
164 21
216 56
116 74
167 11
165 39
217 100
117 89
168 65
166 86
218 65
118 84
169 43
167 60
219 27
119 71
170 82
168 31
220 23
120 12
171 51
169 15
221 78
121 30
172 60
170 23
222 64
122 49
173 80
171 97
223 42
123 96
174 95
172 16
224 55
124 88
175 97
173 55
225 41
125 16
176 12
174 62
226 93
126 71
177 90
175 34
227 66
127 75
178 85
176 47
228 53
128 90
179 77
177 17
229 53
129 35
180 96
178 73
230 76
130 99
181 32
179 51
231 25
131 83
182 43
180 25
232 72
132 50
183 36
181 11
233 38
133 96
184 45
182 71
234 95
134 58
185 32
183 40
235 29
135 27
186 16
184 100
236 53
136 79
187 36
185 69
237 90
137 44
188 36
186 62
238 31
138 60
189 78
187 71
239 83
139 68
190 47
188 50
240 65
140 82
191 51
189 87
241 92
141 39
192 57
190 30
242 97
142 22
193 37
191 61
243 51
143 76
194 28
192 19
244 91
144 43
195 68
193 16
245 83
145 17
196 73
194 32
246 77
146 41
197 16
195 45
247 77
147 53
198 80
196 31
248 77
148 91
199 73
197 89
249 20
149 77
200 52
198 57
250 96
150 99
199 82
251 38
151 95
202 40
252 79
152 60
203 37
201 81
253 47
153 21
204 91
202 15
254 47
154 63
205 49
203 12
255 15
155 33
206 19
204 56
256 90
156 80
207 18
205 14
257 61
157 10
208 82
206 79
258 81
158 91
209 81
207 77
259 78
159 10
210 83
208 70
260 60
160 97
211 29
209 25
261 12
161 63
212 36
210 79
262 57
162 41
213 22
211 84
263 62
163 16
214 48
212 50
264 58
164 41
215 13
213 70
265 79
165 76
216 80
214 12
266 48
166 30
217 15
215 31
267 24
167 81
218 97
216 98
268 77
168 77
219 91
217 81
269 34
169 10
220 21
218 65
270 10
170 91
221 15
219 44
271 56
171 27
222 96
220 28
272 66
172 17
223 90
221 71
273 19
173 51
224 46
222 91
274 28
174 97
225 52
223 29
275 39
175 73
226 96
224 25
276 55
176 37
227 49
225 69
277 85
177 40
228 13
226 94
278 23
178 24
229 31
227 63
279 60
179 87
230 89
228 28
280 60
180 93
231 63
229 14
281 18
181 14
232 53
230 45
282 25
182 39
233 77
231 71
283 68
183 19
234 57
232 40
284 18
184 26
235 67
233 49
285 48
185 50
236 69
234 85
286 69
186 71
237 64
235 64
287 68
187 52
238 97
236 42
288 93
188 51
239 29
237 28
289 54
189 70
240 82
238 84
290 51
190 15
241 42
239 85
291 58
191 79
242 72
240 10
292 88
192 62
243 14
241 97
293 68
193 26
244 11
242 97
294 78
194 46
245 80
243 43
295 84
195 65
246 29
244 100
296 71
196 100
247 81
245 98
297 85
197 70
248 63
246 72
298 80
198 78
249 96
247 36
299 52
199 12
250 80
248 51
300 11
200 29
249 58
301 17
201 25
252 36
302 42
202 74
253 27
251 53
303 95
203 84
254 23
252 68
304 84
204 75
255 97
253 24
305 88
205 83
256 39
254 77
306 28
206 90
257 42
255 89
307 57
207 44
258 68
256 67
308 40
208 42
259 49
257 52
309 74
209 42
260 13
258 83
310 100
210 53
261 53
259 71
311 82
211 43
262 67
260 77
312 33
212 56
263 97
261 75
313 11
213 18
264 12
262 55
314 27
214 87
265 60
263 19
315 42
215 69
266 92
264 81
316 83
216 70
267 45
265 57
317 43
217 59
268 27
266 94
318 20
218 55
269 78
267 49
319 52
219 29
270 68
268 85
320 30
220 23
271 82
269 82
321 45
221 27
272 54
270 59
322 34
222 50
273 27
271 55
323 73
223 75
274 87
272 30
324 37
224 17
275 38
273 59
325 66
225 46
276 97
274 95
326 21
226 50
277 25
275 54
327 47
227 14
278 51
276 42
328 36
228 67
279 79
277 99
329 12
229 29
280 33
278 34
330 73
230 40
281 52
279 35
331 51
231 83
282 64
280 20
332 66
232 56
283 32
281 68
333 66
233 27
284 25
282 79
334 100
234 41
285 68
283 53
335 91
235 89
286 49
284 51
336 88
236 78
287 74
285 36
337 61
237 84
288 37
286 23
338 73
238 58
289 56
287 54
339 33
239 46
290 90
288 72
340 15
240 99
291 71
289 82
341 69
241 73
292 96
290 29
342 50
242 11
293 43
291 61
343 68
243 87
294 42
292 32
344 35
244 84
295 22
293 56
345 42
245 99
296 100
294 37
346 19
246 74
297 92
295 52
347 54
247 22
298 10
296 78
348 27
248 38
299 63
297 91
349 59
249 25
300 94
298 99
350 12
250 87
299 46
351 13
251 61
302 48
352 57
252 56
303 44
301 98
353 40
253 80
304 70
302 28
354 86
254 89
305 17
303 21
355 88
255 86
306 66
304 45
356 31
256 48
307 70
305 14
357 96
257 23
308 31
306 86
358 15
258 96
309 23
307 13
359 88
259 59
310 31
308 12
360 63
260 41
311 77
309 46
361 51
261 13
312 46
310 59
362 17
262 54
313 94
311 75
363 50
263 48
314 15
312 39
364 70
264 21
315 78
313 38
365 33
265 23
316 33
314 61
366 24
266 44
317 47
315 19
367 52
267 67
318 74
316 32
368 53
268 51
319 62
317 47
369 34
269 92
320 51
318 65
370 64
270 73
321 75
319 15
371 93
271 80
322 36
320 58
372 60
272 43
323 79
321 97
373 92
273 15
324 12
322 11
374 75
274 71
325 68
323 65
375 45
275 79
326 12
324 66
376 55
276 41
327 16
325 18
377 49
277 88
328 96
326 78
378 85
278 33
329 71
327 14
379 43
279 28
330 40
328 68
380 49
280 18
331 67
329 60
381 26
281 44
332 10
330 78
382 19
282 92
333 19
331 90
383 47
283 60
334 71
332 10
384 64
284 16
335 38
333 22
385 38
285 100
336 14
334 21
386 100
286 44
337 12
335 94
387 12
287 37
338 57
336 93
388 86
288 89
339 40
337 28
389 24
289 21
340 66
338 63
390 41
290 92
341 53
339 68
391 100
291 28
342 77
340 39
392 43
292 71
343 23
341 74
393 21
293 92
344 94
342 51
394 66
294 11
345 40
343 62
395 89
295 16
346 94
344 56
396 94
296 55
347 36
345 22
397 19
297 82
348 41
346 68
398 20
298 75
349 63
347 96
399 36
299 87
350 29
348 42
400 90
300 100
349 91
401 65
301 79
352 27
402 53
302 10
353 10
351 79
403 69
303 29
354 77
352 38
404 97
304 69
355 100
353 72
405 83
305 88
356 19
354 86
406 47
306 75
357 32
355 85
407 46
307 26
358 41
356 73
408 21
308 38
359 34
357 75
409 40
309 38
360 50
358 56
410 21
310 32
361 45
359 64
411 63
311 67
362 38
360 76
412 49
312 62
363 93
361 20
413 62
313 43
364 32
362 59
414 63
314 63
365 90
363 26
415 75
315 92
366 70
364 76
416 32
316 49
367 31
365 47
417 76
317 17
368 73
366 56
418 19
318 33
369 12
367 44
419 61
319 83
370 71
368 58
420 27
320 99
371 38
369 74
421 13
321 48
372 81
370 93
422 78
322 16
373 86
371 34
423 29
323 64
374 92
372 44
424 81
324 20
375 48
373 18
425 16
325 41
376 62
374 76
426 84
326 31
377 43
375 49
427 57
327 51
378 23
376 85
428 65
328 34
379 78
377 13
429 60
329 43
380 93
378 75
430 17
330 37
381 18
379 89
431 70
331 18
382 33
380 80
432 28
332 89
383 80
381 21
433 46
333 16
384 50
382 89
434 41
334 27
385 13
383 61
435 52
335 79
386 91
384 20
436 63
336 99
387 32
385 46
437 30
337 98
388 92
386 63
438 33
338 27
389 20
387 32
439 63
339 46
390 92
388 58
440 100
340 81
391 49
389 33
441 77
341 61
392 25
390 31
442 38
342 33
393 90
391 28
443 44
343 59
394 38
392 93
444 31
344 74
395 93
393 96
445 50
345 61
396 10
394 13
446 52
346 56
397 47
395 19
447 19
347 12
398 42
396 53
448 65
348 80
399 95
397 34
449 77
349 24
400 69
398 88
450 40
350 95
399 16
451 86
351 60
402 46
452 95
352 79
403 71
401 37
453 16
353 58
404 45
402 42
454 63
354 69
405 35
403 93
455 58
355 47
406 76
404 28
456 25
356 55
407 20
405 67
457 56
357 85
408 81
406 18
458 95
358 44
409 90
407 73
459 61
359 82
410 75
408 73
460 27
360 61
411 52
409 34
461 45
361 70
412 75
410 11
462 64
362 83
413 35
411 55
463 12
363 41
414 90
412 49
464 91
364 81
415 47
413 26
465 92
365 18
416 63
414 91
466 33
366 43
417 44
415 60
467 10
367 17
418 59
416 72
468 83
368 80
419 65
417 83
469 25
369 32
420 34
418 96
470 33
370 10
421 30
419 87
471 91
371 38
422 20
420 12
472 15
372 12
423 23
421 64
473 88
373 29
424 63
422 78
474 50
374 46
425 40
423 66
475 70
375 56
426 17
424 27
476 17
376 90
427 39
425 95
477 23
377 39
428 98
426 10
478 65
378 14
429 81
427 71
479 71
379 68
430 83
428 82
480 22
380 54
431 92
429 12
481 58
381 99
432 95
430 83
482 17
382 79
433 91
431 74
483 75
383 49
434 70
432 67
484 64
384 50
435 57
433 100
485 40
385 80
436 30
434 15
486 90
386 40
437 78
435 27
487 45
387 59
438 46
436 40
488 19
388 10
439 96
437 67
489 92
389 60
440 47
438 29
490 79
390 66
441 100
439 82
491 86
391 72
442 36
440 36
492 28
392 44
443 47
441 86
493 31
393 48
444 37
442 20
494 12
394 80
445 99
443 14
495 29
395 38
446 57
444 81
496 46
396 36
447 46
445 80
497 14
397 31
448 48
446 62
498 39
398 33
449 29
447 40
499 78
399 67
450 63
448 32
500 92
400 49
449 100
501 12
401 87
452 99
502 92
402 52
453 97
451 55
503 18
403 46
454 93
452 47
504 61
404 81
455 18
453 84
505 14
405 96
456 94
454 25
506 38
406 78
457 34
455 13
507 12
407 14
458 50
456 75
508 59
408 98
459 68
457 92
509 60
409 44
460 47
458 14
510 80
410 59
461 26
459 98
511 46
411 32
462 66
460 13
512 12
412 39
463 21
461 21
513 41
413 95
464 91
462 52
514 90
414 66
465 71
463 89
515 26
415 53
466 44
464 40
516 29
416 93
467 80
465 41
517 89
417 44
468 96
466 39
518 24
418 43
469 91
467 20
519 43
419 79
470 66
468 73
520 61
420 98
471 25
469 28
521 59
421 58
472 63
470 10
522 69
422 94
473 44
471 50
523 35
423 61
474 42
472 59
524 21
424 11
475 65
473 57
525 13
425 43
476 20
474 42
526 93
426 86
477 77
475 13
527 24
427 15
478 21
476 27
528 86
428 78
479 62
477 83
529 14
429 26
480 66
478 94
530 51
430 99
481 23
479 58
531 82
431 43
482 23
480 39
532 54
432 84
483 58
481 57
533 47
433 80
484 47
482 33
534 36
434 88
485 20
483 11
535 28
435 34
486 95
484 80
536 50
436 88
487 36
485 82
537 35
437 25
488 41
486 33
538 52
438 98
489 59
487 55
539 23
439 20
490 100
488 16
540 93
440 53
491 35
489 59
541 21
441 86
492 58
490 96
542 38
442 32
493 49
491 43
543 62
443 82
494 35
492 68
544 40
444 54
495 80
493 47
545 51
445 16
496 69
494 69
546 79
446 55
497 37
495 56
547 80
447 35
498 94
496 57
548 80
448 28
499 97
497 74
549 63
449 58
500 20
498 73
550 96
450 74
499 96
551 22
451 19
502 45
552 28
452 26
503 17
501 33
553 63
453 41
504 49
502 43
554 70
454 12
505 84
503 43
555 48
455 79
506 14
504 68
556 50
456 84
507 30
505 87
557 71
457 47
508 21
506 62
558 92
458 14
509 77
507 73
559 79
459 88
510 74
508 57
560 74
460 70
511 19
509 82
561 80
461 69
512 43
510 84
562 81
462 43
513 21
511 67
563 15
463 21
514 56
512 34
564 22
464 62
515 43
513 34
565 25
465 44
516 60
514 39
566 64
466 58
517 97
515 11
567 89
467 10
518 86
516 35
568 46
468 33
519 81
517 28
569 89
469 29
520 18
518 70
570 32
470 92
521 36
519 94
571 41
471 86
522 51
520 30
572 23
472 79
523 89
521 23
573 34
473 36
524 65
522 39
574 33
474 59
525 93
523 42
575 78
475 40
526 92
524 32
576 19
476 36
527 31
525 27
577 48
477 72
528 82
526 13
578 23
478 12
529 69
527 52
579 54
479 49
530 13
528 26
580 86
480 33
531 17
529 68
581 49
481 32
532 34
530 87
582 20
482 18
533 39
531 32
583 23
483 89
534 39
532 42
584 39
484 96
535 58
533 28
585 32
485 92
536 93
534 87
586 73
486 60
537 71
535 23
587 15
487 33
538 54
536 41
588 41
488 87
539 86
537 47
589 75
489 56
540 19
538 51
590 27
490 11
541 26
539 94
591 59
491 30
542 75
540 86
592 53
492 50
543 38
541 68
593 82
493 84
544 41
542 75
594 54
494 19
545 21
543 59
595 66
495 23
546 91
544 34
596 41
496 29
547 57
545 96
597 72
497 32
548 25
546 57
598 13
498 92
549 70
547 62
599 79
499 31
550 18
548 99
600 85
500 40
549 74
501 61
552 79
502 42
553 12
551 38
503 59
554 24
552 62
504 13
555 25
553 32
505 76
556 22
554 57
506 13
557 93
555 89
507 44
558 50
556 23
508 49
559 75
557 10
509 48
560 71
558 31
510 94
561 41
559 71
511 15
562 46
560 38
512 62
563 90
561 57
513 23
564 46
562 11
514 92
565 48
563 14
515 96
566 87
564 16
516 86
567 78
565 53
517 89
568 86
566 44
518 41
569 75
567 86
519 69
570 40
568 35
520 86
571 12
569 72
521 96
572 64
570 45
522 73
573 29
571 50
523 16
574 17
572 66
524 87
575 71
573 79
525 20
576 87
574 84
526 41
577 75
575 90
527 18
578 34
576 17
528 85
579 72
577 76
529 36
580 13
578 94
530 68
581 57
579 28
531 19
582 76
580 47
532 24
583 71
581 54
533 23
584 85
582 31
534 60
585 52
583 26
535 31
586 81
584 42
536 29
587 64
585 39
537 52
588 57
586 27
538 60
589 67
587 90
539 48
590 13
588 99
540 40
591 46
589 75
541 22
592 89
590 97
542 31
593 75
591 97
543 36
594 90
592 62
544 70
595 12
593 36
545 95
596 87
594 90
546 82
597 79
595 38
547 24
598 86
596 10
548 18
599 64
597 94
549 43
600 29
598 44
550 91
599 12
572
451
4 312 212 198 572 
1 206 
3 20 349 47 
1 418 
1 83 
3 344 405 304 
1 202 
1 70 
1 239 
1 63 
3 385 17 338 
2 449 561 
1 117 
2 552 330 
2 241 177 
1 574 
1 200 
1 150 
1 524 
1 437 
1 77 
1 91 
3 105 491 128 
2 252 22 
2 600 430 
1 108 
1 382 
2 38 250 
1 275 
2 120 182 
4 53 526 595 586 
3 507 28 416 
2 225 459 
2 279 511 
2 16 294 
4 283 523 567 276 
2 219 207 
1 570 
2 195 426 
3 486 242 1 
2 293 357 
2 513 85 
3 448 323 144 
2 168 583 
2 534 187 
3 93 528 522 
1 55 
3 265 7 135 
3 379 506 232 
2 542 246 
1 46 
1 111 
1 302 
1 25 
2 95 500 
1 209 
3 337 104 75 
1 452 
2 587 516 
1 2 
2 27 88 
2 72 455 
2 556 166 
2 151 34 
1 578 
1 51 
1 419 
2 109 332 
3 428 331 359 
5 453 119 398 44 539 
3 43 161 548 
1 274 
3 178 458 268 
3 582 504 158 
2 566 355 
3 49 132 103 
1 147 
1 90 
3 215 454 443 
1 376 
1 216 
2 271 325 
1 456 
1 272 
1 509 
2 553 137 
1 78 
3 352 8 141 
1 408 
2 412 30 
3 364 176 192 
3 235 590 14 
2 255 126 
2 264 559 
1 434 
2 146 273 
1 41 
2 519 460 
1 594 
2 565 106 
2 483 371 
1 482 
2 221 365 
2 12 555 
1 592 
1 243 
1 160 
3 256 164 554 
1 588 
1 82 
1 310 
2 446 598 
3 465 527 440 
3 145 13 451 
