400 1500 10 100 76
2
3
3
3
3
3
3
3
3
3
3
3
3
3
3
3
3
3
3
3
3
3
3
3
3
3
3
3
3
3
3
3
3
3
3
3
3
3
3
2
3
4
4
4
4
4
4
4
4
4
4
4
4
4
4
4
4
4
4
4
4
4
4
4
4
4
4
4
4
4
4
4
4
4
4
4
4
4
4
3
3
4
4
4
4
4
4
4
4
4
4
4
4
4
4
4
4
4
4
4
4
4
4
4
4
4
4
4
4
4
4
4
4
4
4
4
4
4
4
3
3
4
4
4
4
4
4
4
4
4
4
4
4
4
4
4
4
4
4
4
4
4
4
4
4
4
4
4
4
4
4
4
4
4
4
4
4
4
4
3
3
4
4
4
4
4
4
4
4
4
4
4
4
4
4
4
4
4
4
4
4
4
4
4
4
4
4
4
4
4
4
4
4
4
4
4
4
4
4
3
3
4
4
4
4
4
4
4
4
4
4
4
4
4
4
4
4
4
4
4
4
4
4
4
4
4
4
4
4
4
4
4
4
4
4
4
4
4
4
3
3
4
4
4
4
4
4
4
4
4
4
4
4
4
4
4
4
4
4
4
4
4
4
4
4
4
4
4
4
4
4
4
4
4
4
4
4
4
4
3
3
4
4
4
4
4
4
4
4
4
4
4
4
4
4
4
4
4
4
4
4
4
4
4
4
4
4
4
4
4
4
4
4
4
4
4
4
4
4
3
3
4
4
4
4
4
4
4
4
4
4
4
4
4
4
4
4
4
4
4
4
4
4
4
4
4
4
4
4
4
4
4
4
4
4
4
4
4
4
3
2
3
3
3
3
3
3
3
3
3
3
3
3
3
3
3
3
3
3
3
3
3
3
3
3
3
3
3
3
3
3
3
3
3
3
3
3
3
3
2
41 31
2 29
42 20
3 68
1 35
43 23
4 45
2 13
44 77
5 79
3 22
45 72
6 91
4 27
46 78
7 78
5 43
47 32
8 70
6 66
48 53
9 69
7 82
49 96
10 22
8 36
50 51
11 47
9 64
51 23
12 66
10 30
52 43
13 55
11 53
53 71
14 63
12 13
54 45
15 98
13 27
55 17
16 40
14 32
56 80
17 97
15 24
57 63
18 72
16 35
58 17
19 65
17 23
59 54
20 65
18 24
60 68
21 22
19 51
61 96
22 11
20 62
62 19
23 94
21 25
63 47
24 28
22 72
64 94
25 46
23 61
65 17
26 66
24 92
66 43
27 74
25 50
67 24
28 98
26 18
68 42
29 10
27 23
69 89
30 24
28 86
70 86
31 83
29 82
71 80
32 45
30 20
72 15
33 97
31 15
73 65
34 13
32 86
74 12
35 75
33 36
75 72
36 61
34 63
76 81
37 70
35 44
77 18
38 17
36 19
78 26
39 61
37 74
79 45
40 76
38 18
80 61
39 21
81 41
1 22
42 78
82 46
2 34
43 43
41 31
83 25
3 41
44 98
42 12
84 27
4 77
45 91
43 16
85 28
5 21
46 53
44 77
86 68
6 71
47 38
45 54
87 61
7 83
48 90
46 68
88 20
8 37
49 51
47 46
89 95
9 15
50 46
48 26
90 71
10 96
51 23
49 61
91 68
11 50
52 72
50 47
92 48
12 31
53 39
51 96
93 39
13 28
54 64
52 24
94 56
14 94
55 41
53 23
95 91
15 73
56 81
54 21
96 35
16 58
57 99
55 69
97 41
17 65
58 47
56 38
98 60
18 28
59 60
57 54
99 82
19 60
60 59
58 38
100 49
20 58
61 30
59 78
101 36
21 90
62 55
60 94
102 25
22 78
63 61
61 27
103 52
23 94
64 35
62 56
104 76
24 23
65 34
63 19
105 85
25 21
66 28
64 99
106 48
26 41
67 77
65 88
107 85
27 20
68 81
66 43
108 74
28 91
69 67
67 85
109 30
29 73
70 48
68 49
110 65
30 37
71 53
69 27
111 60
31 68
72 100
70 73
112 64
32 67
73 25
71 61
113 48
33 65
74 91
72 74
114 50
34 50
75 66
73 52
115 18
35 50
76 91
74 41
116 49
36 97
77 89
75 15
117 87
37 59
78 86
76 35
118 88
38 94
79 15
77 82
119 36
39 55
80 74
78 84
120 11
40 29
79 37
121 80
41 33
82 57
122 83
42 52
83 47
81 12
123 32
43 54
84 79
82 89
124 88
44 44
85 32
83 89
125 63
45 78
86 90
84 53
126 90
46 43
87 82
85 68
127 38
47 41
88 14
86 41
128 63
48 26
89 84
87 32
129 19
49 12
90 67
88 47
130 99
50 27
91 65
89 18
131 40
51 82
92 18
90 63
132 87
52 73
93 19
91 15
133 17
53 43
94 15
92 51
134 22
54 13
95 98
93 98
135 23
55 76
96 69
94 62
136 45
56 13
97 93
95 63
137 58
57 61
98 69
96 15
138 69
58 17
99 82
97 75
139 67
59 50
100 89
98 90
140 96
60 85
101 18
99 52
141 27
61 74
102 28
100 51
142 46
62 36
103 58
101 39
143 45
63 83
104 38
102 85
144 24
64 46
105 72
103 73
145 69
65 23
106 87
104 81
146 60
66 75
107 66
105 64
147 84
67 51
108 78
106 67
148 96
68 30
109 36
107 94
149 33
69 43
110 76
108 37
150 47
70 35
111 49
109 98
151 91
71 70
112 20
110 79
152 22
72 72
113 35
111 100
153 64
73 89
114 81
112 41
154 71
74 90
115 69
113 63
155 43
75 70
116 65
114 60
156 71
76 65
117 19
115 91
157 98
77 96
118 40
116 54
158 21
78 70
119 84
117 12
159 18
79 93
120 43
118 86
160 39
80 21
119 79
161 14
81 87
122 15
162 72
82 92
123 34
121 78
163 62
83 64
124 46
122 91
164 57
84 89
125 20
123 76
165 88
85 54
126 74
124 32
166 80
86 55
127 72
125 82
167 58
87 84
128 15
126 58
168 63
88 91
129 40
127 30
169 37
89 86
130 21
128 32
170 99
90 51
131 57
129 84
171 49
91 81
132 78
130 64
172 86
92 13
133 59
131 15
173 25
93 92
134 99
132 27
174 19
94 61
135 66
133 52
175 59
95 29
136 99
134 55
176 73
96 73
137 31
135 86
177 41
97 35
138 78
136 56
178 91
98 47
139 55
137 53
179 56
99 98
140 71
138 95
180 38
100 18
141 88
139 67
181 84
101 59
142 73
140 92
182 92
102 96
143 76
141 55
183 63
103 92
144 45
142 45
184 40
104 88
145 95
143 62
185 20
105 82
146 87
144 67
186 77
106 34
147 22
145 77
187 37
107 42
148 57
146 20
188 65
108 83
149 61
147 55
189 93
109 31
150 94
148 94
190 43
110 79
151 21
149 13
191 29
111 47
152 86
150 55
192 70
112 32
153 43
151 16
193 46
113 85
154 74
152 95
194 52
114 11
155 18
153 89
195 75
115 10
156 10
154 48
196 81
116 69
157 43
155 14
197 56
117 26
158 30
156 89
198 93
118 63
159 47
157 94
199 99
119 40
160 44
158 27
200 92
120 88
159 42
201 61
121 46
162 40
202 27
122 25
163 98
161 76
203 59
123 68
164 18
162 92
204 20
124 76
165 87
163 32
205 77
125 48
166 15
164 58
206 84
126 51
167 63
165 62
207 21
127 68
168 18
166 87
208 14
128 94
169 18
167 16
209 36
129 25
170 56
168 34
210 50
130 46
171 88
169 72
211 16
131 75
172 64
170 11
212 22
132 99
173 42
171 76
213 95
133 44
174 10
172 15
214 57
134 83
175 91
173 73
215 85
135 97
176 40
174 58
216 90
136 13
177 22
175 100
217 96
137 24
178 68
176 19
218 96
138 74
179 56
177 98
219 20
139 65
180 38
178 64
220 75
140 48
181 17
179 45
221 85
141 71
182 52
180 78
222 64
142 76
183 33
181 11
223 27
143 63
184 69
182 30
224 94
144 29
185 75
183 48
225 90
145 37
186 90
184 57
226 42
146 65
187 33
185 20
227 69
147 30
188 70
186 82
228 81
148 98
189 48
187 93
229 37
149 91
190 76
188 49
230 56
150 18
191 97
189 28
231 94
151 48
192 100
190 55
232 85
152 22
193 84
191 46
233 25
153 35
194 98
192 30
234 70
154 57
195 88
193 63
235 11
155 47
196 61
194 18
236 87
156 42
197 94
195 84
237 88
157 65
198 49
196 48
238 31
158 80
199 77
197 34
239 26
159 14
200 10
198 56
240 11
160 20
199 78
241 20
161 41
202 76
242 73
162 37
203 85
201 79
243 77
163 49
204 99
202 86
244 58
164 15
205 48
203 29
245 11
165 44
206 60
204 44
246 23
166 24
207 27
205 31
247 74
167 52
208 43
206 15
248 100
168 24
209 19
207 50
249 85
169 84
210 38
208 99
250 52
170 62
211 36
209 67
251 99
171 97
212 36
210 68
252 32
172 53
213 51
211 64
253 57
173 88
214 92
212 12
254 21
174 38
215 100
213 90
255 54
175 10
216 85
214 95
256 79
176 63
217 26
215 47
257 82
177 56
218 75
216 15
258 39
178 58
219 58
217 21
259 91
179 60
220 26
218 100
260 90
180 46
221 72
219 35
261 24
181 53
222 56
220 100
262 68
182 32
223 47
221 87
263 48
183 10
224 30
222 61
264 68
184 67
225 32
223 92
265 15
185 40
226 53
224 50
266 60
186 58
227 60
225 18
267 90
187 12
228 88
226 61
268 100
188 33
229 39
227 30
269 43
189 81
230 11
228 61
270 88
190 58
231 72
229 74
271 17
191 39
232 50
230 97
272 79
192 85
233 92
231 46
273 50
193 43
234 64
232 38
274 48
194 19
235 38
233 13
275 23
195 42
236 68
234 56
276 98
196 90
237 24
235 30
277 66
197 63
238 60
236 81
278 71
198 94
239 57
237 50
279 40
199 93
240 38
238 83
280 50
200 20
239 23
281 96
201 87
242 76
282 87
202 15
243 34
241 56
283 67
203 98
244 76
242 44
284 91
204 26
245 86
243 44
285 89
205 11
246 71
244 48
286 74
206 90
247 80
245 89
287 56
207 32
248 28
246 72
288 56
208 48
249 12
247 79
289 51
209 81
250 59
248 39
290 53
210 94
251 48
249 50
291 94
211 58
252 68
250 51
292 69
212 33
253 36
251 72
293 100
213 42
254 61
252 52
294 25
214 85
255 28
253 18
295 21
215 13
256 83
254 51
296 62
216 75
257 85
255 57
297 60
217 22
258 36
256 18
298 42
218 32
259 49
257 65
299 91
219 98
260 69
258 40
300 19
220 38
261 100
259 22
301 26
221 71
262 88
260 96
302 61
222 47
263 67
261 13
303 90
223 69
264 86
262 38
304 14
224 35
265 40
263 53
305 76
225 24
266 37
264 32
306 100
226 79
267 90
265 60
307 63
227 70
268 93
266 97
308 15
228 12
269 43
267 17
309 19
229 58
270 36
268 97
310 21
230 44
271 45
269 69
311 72
231 20
272 42
270 49
312 50
232 42
273 22
271 54
313 23
233 71
274 25
272 88
314 83
234 86
275 62
273 77
315 70
235 27
276 89
274 63
316 10
236 26
277 26
275 94
317 37
237 75
278 38
276 80
318 67
238 66
279 26
277 27
319 16
239 27
280 24
278 94
320 93
240 96
279 90
321 33
241 98
282 98
322 54
242 38
283 50
281 91
323 16
243 16
284 36
282 26
324 20
244 94
285 43
283 31
325 30
245 97
286 11
284 31
326 54
246 35
287 97
285 44
327 87
247 50
288 69
286 18
328 79
248 21
289 43
287 29
329 96
249 52
290 17
288 57
330 59
250 29
291 41
289 82
331 98
251 93
292 37
290 47
332 71
252 23
293 12
291 11
333 57
253 20
294 92
292 21
334 92
254 60
295 53
293 33
335 17
255 98
296 10
294 38
336 15
256 77
297 100
295 27
337 46
257 51
298 94
296 70
338 16
258 32
299 12
297 54
339 82
259 41
300 46
298 16
340 68
260 76
301 37
299 45
341 16
261 49
302 37
300 15
342 48
262 26
303 82
301 98
343 55
263 17
304 90
302 84
344 76
264 65
305 10
303 99
345 48
265 24
306 72
304 29
346 11
266 46
307 49
305 16
347 12
267 15
308 17
306 71
348 55
268 38
309 64
307 90
349 45
269 93
310 44
308 43
350 35
270 29
311 76
309 24
351 65
271 39
312 25
310 60
352 36
272 56
313 13
311 38
353 47
273 65
314 57
312 49
354 79
274 42
315 11
313 99
355 100
275 99
316 50
314 47
356 13
276 44
317 88
315 63
357 82
277 100
318 91
316 98
358 18
278 30
319 64
317 10
359 89
279 25
320 22
318 30
360 75
280 27
319 90
361 43
281 30
322 68
362 67
282 19
323 78
321 38
363 67
283 23
324 89
322 34
364 37
284 60
325 66
323 64
365 44
285 78
326 52
324 37
366 32
286 58
327 59
325 86
367 33
287 32
328 85
326 41
368 89
288 95
329 61
327 13
369 23
289 92
330 94
328 95
370 90
290 87
331 48
329 24
371 29
291 78
332 88
330 18
372 31
292 13
333 97
331 17
373 23
293 67
334 35
332 40
374 60
294 33
335 71
333 50
375 63
295 84
336 10
334 32
376 66
296 42
337 27
335 91
377 36
297 32
338 28
336 91
378 37
298 28
339 57
337 19
379 34
299 77
340 69
338 80
380 18
300 21
341 30
339 64
381 70
301 48
342 82
340 26
382 80
302 17
343 86
341 26
383 81
303 50
344 34
342 17
384 52
304 89
345 57
343 85
385 44
305 80
346 97
344 30
386 28
306 65
347 71
345 34
387 81
307 84
348 51
346 76
388 99
308 52
349 10
347 31
389 98
309 84
350 15
348 33
390 19
310 12
351 11
349 42
391 76
311 76
352 33
350 82
392 99
312 66
353 59
351 59
393 17
313 14
354 82
352 62
394 43
314 36
355 70
353 52
395 28
315 96
356 83
354 99
396 52
316 28
357 35
355 50
397 63
317 22
358 85
356 17
398 62
318 44
359 21
357 13
399 17
319 64
360 24
358 19
400 52
320 52
359 88
321 44
362 47
322 29
363 19
361 25
323 29
364 57
362 34
324 47
365 79
363 22
325 52
366 69
364 82
326 50
367 50
365 42
327 55
368 66
366 10
328 14
369 37
367 34
329 49
370 53
368 93
330 62
371 56
369 33
331 85
372 81
370 74
332 12
373 56
371 64
333 24
374 14
372 54
334 10
375 71
373 24
335 52
376 26
374 15
336 94
377 34
375 37
337 58
378 28
376 98
338 36
379 89
377 71
339 75
380 51
378 74
340 25
381 11
379 84
341 20
382 43
380 17
342 47
383 38
381 50
343 84
384 47
382 66
344 78
385 81
383 39
345 65
386 54
384 18
346 91
387 31
385 15
347 51
388 21
386 99
348 69
389 37
387 11
349 23
390 31
388 61
350 35
391 64
389 88
351 45
392 13
390 46
352 14
393 97
391 15
353 37
394 59
392 100
354 95
395 64
393 33
355 31
396 79
394 60
356 58
397 82
395 58
357 38
398 93
396 69
358 31
399 39
397 92
359 94
400 37
398 47
360 30
399 74
298
74
2 21 298 
2 168 328 
1 307 
2 97 276 
1 182 
1 255 
2 306 73 
2 388 365 
7 70 192 2 50 379 259 283 
3 337 206 250 
3 377 18 179 
3 132 242 26 
1 219 
2 37 35 
2 134 294 
1 212 
1 319 
2 23 362 
2 253 344 
1 291 
1 381 
3 72 119 154 
3 223 205 342 
2 207 394 
4 172 385 400 80 
2 115 305 
1 16 
4 157 155 87 392 
1 94 
3 329 220 33 
1 279 
2 334 45 
2 85 308 
1 55 
1 221 
2 347 217 
1 105 
1 343 
1 129 
2 6 169 
1 399 
2 238 237 
1 383 
1 187 
2 197 257 
4 88 99 110 131 
2 227 10 
1 209 
1 144 
1 230 
1 100 
2 374 83 
1 386 
1 320 
1 151 
3 175 146 164 
4 336 135 299 232 
1 201 
2 56 203 
2 116 142 
4 34 352 183 367 
3 107 30 106 
1 62 
1 235 
2 202 360 
2 125 139 
2 108 325 
1 324 
1 178 
1 49 
1 371 
2 348 281 
3 375 262 358 
1 310 
1 373 
1 74 
