196 728 10 100 37
2
3
3
3
3
3
3
3
3
3
3
3
3
2
3
4
4
4
4
4
4
4
4
4
4
4
4
3
3
4
4
4
4
4
4
4
4
4
4
4
4
3
3
4
4
4
4
4
4
4
4
4
4
4
4
3
3
4
4
4
4
4
4
4
4
4
4
4
4
3
3
4
4
4
4
4
4
4
4
4
4
4
4
3
3
4
4
4
4
4
4
4
4
4
4
4
4
3
3
4
4
4
4
4
4
4
4
4
4
4
4
3
3
4
4
4
4
4
4
4
4
4
4
4
4
3
3
4
4
4
4
4
4
4
4
4
4
4
4
3
3
4
4
4
4
4
4
4
4
4
4
4
4
3
3
4
4
4
4
4
4
4
4
4
4
4
4
3
3
4
4
4
4
4
4
4
4
4
4
4
4
3
2
3
3
3
3
3
3
3
3
3
3
3
3
2
15 68
2 29
16 66
3 73
1 95
17 63
4 83
2 92
18 15
5 29
3 92
19 12
6 53
4 82
20 56
7 19
5 58
21 65
8 32
6 54
22 68
9 90
7 70
23 87
10 99
8 83
24 74
11 79
9 41
25 81
12 86
10 11
26 44
13 15
11 84
27 66
14 70
12 40
28 91
13 82
29 48
1 67
16 95
30 71
2 48
17 65
15 70
31 30
3 41
18 93
16 12
32 72
4 51
19 12
17 21
33 52
5 71
20 39
18 62
34 66
6 91
21 76
19 40
35 39
7 26
22 49
20 54
36 45
8 35
23 88
21 57
37 69
9 88
24 17
22 77
38 99
10 59
25 73
23 84
39 33
11 21
26 61
24 25
40 66
12 89
27 66
25 74
41 70
13 95
28 47
26 13
42 95
14 21
27 40
43 56
15 67
30 21
44 67
16 19
31 23
29 17
45 82
17 49
32 19
30 41
46 77
18 20
33 83
31 25
47 76
19 44
34 58
32 20
48 13
20 12
35 94
33 47
49 56
21 77
36 53
34 37
50 39
22 43
37 95
35 99
51 100
23 47
38 36
36 64
52 12
24 25
39 22
37 95
53 59
25 48
40 95
38 48
54 50
26 15
41 17
39 60
55 23
27 69
42 72
40 79
56 91
28 65
41 53
57 18
29 36
44 66
58 46
30 98
45 14
43 84
59 70
31 12
46 50
44 90
60 84
32 80
47 31
45 42
61 25
33 94
48 26
46 97
62 41
34 93
49 39
47 60
63 40
35 10
50 26
48 38
64 53
36 87
51 89
49 36
65 64
37 53
52 91
50 31
66 66
38 94
53 60
51 68
67 89
39 26
54 83
52 68
68 57
40 57
55 64
53 31
69 58
41 57
56 20
54 75
70 15
42 55
55 33
71 97
43 73
58 35
72 45
44 32
59 38
57 34
73 21
45 85
60 41
58 61
74 14
46 44
61 90
59 88
75 31
47 97
62 33
60 82
76 64
48 30
63 93
61 93
77 80
49 23
64 96
62 97
78 81
50 41
65 92
63 92
79 45
51 92
66 61
64 90
80 30
52 26
67 26
65 51
81 27
53 64
68 44
66 49
82 33
54 39
69 32
67 60
83 95
55 61
70 79
68 96
84 11
56 25
69 90
85 19
57 26
72 56
86 49
58 18
73 70
71 38
87 36
59 68
74 72
72 96
88 56
60 71
75 100
73 46
89 88
61 14
76 66
74 85
90 25
62 28
77 73
75 70
91 75
63 37
78 59
76 26
92 55
64 77
79 25
77 62
93 41
65 64
80 29
78 88
94 91
66 33
81 59
79 48
95 71
67 28
82 57
80 24
96 96
68 60
83 91
81 17
97 68
69 41
84 25
82 30
98 42
70 67
83 59
99 89
71 70
86 40
100 76
72 72
87 92
85 58
101 60
73 27
88 63
86 43
102 83
74 100
89 46
87 23
103 30
75 99
90 96
88 79
104 47
76 69
91 76
89 91
105 25
77 76
92 81
90 69
106 48
78 26
93 54
91 74
107 71
79 96
94 63
92 27
108 72
80 82
95 34
93 77
109 57
81 46
96 77
94 58
110 12
82 62
97 33
95 64
111 24
83 97
98 57
96 49
112 46
84 29
97 14
113 67
85 76
100 35
114 54
86 25
101 23
99 86
115 90
87 86
102 54
100 53
116 85
88 54
103 46
101 15
117 96
89 75
104 32
102 38
118 88
90 79
105 15
103 27
119 80
91 17
106 23
104 54
120 40
92 88
107 83
105 28
121 38
93 24
108 13
106 50
122 74
94 23
109 62
107 65
123 32
95 44
110 19
108 57
124 43
96 49
111 79
109 35
125 55
97 17
112 91
110 14
126 13
98 35
111 70
127 23
99 65
114 40
128 81
100 31
115 33
113 34
129 42
101 35
116 28
114 44
130 49
102 65
117 78
115 91
131 51
103 67
118 73
116 23
132 65
104 80
119 82
117 71
133 19
105 71
120 59
118 75
134 39
106 11
121 43
119 33
135 73
107 48
122 15
120 47
136 56
108 44
123 16
121 78
137 36
109 22
124 78
122 98
138 49
110 30
125 32
123 80
139 72
111 67
126 47
124 52
140 97
112 78
125 25
141 32
113 84
128 28
142 56
114 56
129 24
127 19
143 26
115 45
130 99
128 26
144 52
116 58
131 12
129 77
145 42
117 83
132 35
130 76
146 91
118 13
133 68
131 25
147 75
119 10
134 18
132 59
148 97
120 87
135 58
133 23
149 33
121 48
136 19
134 92
150 97
122 12
137 100
135 81
151 79
123 55
138 30
136 64
152 35
124 70
139 12
137 34
153 10
125 80
140 28
138 76
154 98
126 19
139 88
155 16
127 36
142 30
156 18
128 56
143 89
141 23
157 12
129 98
144 12
142 23
158 62
130 78
145 73
143 76
159 68
131 34
146 85
144 49
160 61
132 77
147 32
145 20
161 17
133 75
148 100
146 42
162 100
134 64
149 88
147 12
163 64
135 57
150 18
148 21
164 92
136 50
151 51
149 58
165 14
137 46
152 58
150 34
166 73
138 13
153 57
151 33
167 17
139 15
154 17
152 36
168 21
140 40
153 16
169 48
141 25
156 11
170 23
142 49
157 77
155 42
171 68
143 33
158 63
156 18
172 50
144 21
159 57
157 86
173 64
145 60
160 21
158 11
174 40
146 74
161 21
159 74
175 61
147 43
162 77
160 100
176 28
148 55
163 20
161 69
177 92
149 40
164 92
162 62
178 52
150 21
165 56
163 23
179 63
151 87
166 77
164 22
180 34
152 71
167 39
165 46
181 80
153 27
168 29
166 38
182 93
154 92
167 10
183 10
155 94
170 15
184 16
156 88
171 18
169 40
185 70
157 16
172 44
170 74
186 58
158 74
173 86
171 93
187 67
159 84
174 30
172 23
188 96
160 63
175 28
173 28
189 88
161 20
176 67
174 48
190 58
162 75
177 86
175 67
191 70
163 39
178 47
176 87
192 79
164 69
179 39
177 52
193 68
165 54
180 67
178 83
194 87
166 59
181 69
179 99
195 15
167 12
182 81
180 34
196 64
168 100
181 20
169 84
184 73
170 38
185 25
183 23
171 73
186 25
184 71
172 61
187 88
185 15
173 78
188 38
186 81
174 21
189 73
187 62
175 87
190 11
188 27
176 76
191 28
189 94
177 74
192 74
190 12
178 18
193 59
191 33
179 30
194 86
192 17
180 59
195 56
193 34
181 54
196 29
194 66
182 18
195 62
122
109
1 122 
1 163 
1 140 
2 11 53 
2 80 2 
3 96 166 164 
4 182 128 42 19 
1 13 
2 73 39 
2 51 179 
1 161 
1 59 
2 154 26 
1 129 
2 20 21 
2 95 193 
1 68 
1 74 
1 101 
2 30 83 
2 175 133 
1 165 
1 168 
4 184 14 117 71 
1 16 
3 54 90 82 
1 86 
3 89 173 97 
2 64 103 
2 151 62 
3 8 3 157 
1 32 
4 57 108 24 48 
2 88 47 
2 17 120 
2 44 78 
1 109 
