144 528 10 100 27
2
3
3
3
3
3
3
3
3
3
3
2
3
4
4
4
4
4
4
4
4
4
4
3
3
4
4
4
4
4
4
4
4
4
4
3
3
4
4
4
4
4
4
4
4
4
4
3
3
4
4
4
4
4
4
4
4
4
4
3
3
4
4
4
4
4
4
4
4
4
4
3
3
4
4
4
4
4
4
4
4
4
4
3
3
4
4
4
4
4
4
4
4
4
4
3
3
4
4
4
4
4
4
4
4
4
4
3
3
4
4
4
4
4
4
4
4
4
4
3
3
4
4
4
4
4
4
4
4
4
4
3
2
3
3
3
3
3
3
3
3
3
3
2
13 67
2 29
14 74
3 59
1 33
15 60
4 91
2 15
16 63
5 91
3 81
17 17
6 51
4 81
18 53
7 42
5 42
19 41
8 99
6 95
20 66
9 45
7 72
21 19
10 27
8 98
22 23
11 12
9 21
23 32
12 23
10 23
24 27
11 63
25 92
1 19
14 62
26 46
2 51
15 98
13 35
27 88
3 30
16 43
14 14
28 63
4 85
17 97
15 42
29 99
5 54
18 49
16 45
30 33
6 25
19 71
17 81
31 66
7 62
20 74
18 32
32 24
8 43
21 11
19 22
33 94
9 96
22 72
20 38
34 44
10 79
23 95
21 36
35 75
11 20
24 87
22 30
36 88
12 29
23 76
37 59
13 22
26 51
38 88
14 48
27 89
25 22
39 43
15 83
28 99
26 95
40 32
16 89
29 96
27 84
41 51
17 30
30 52
28 96
42 56
18 46
31 18
29 44
43 86
19 55
32 54
30 72
44 22
20 47
33 41
31 13
45 92
21 45
34 28
32 47
46 16
22 53
35 52
33 35
47 66
23 12
36 87
34 44
48 40
24 34
35 23
49 97
25 89
38 53
50 41
26 11
39 78
37 14
51 42
27 45
40 20
38 90
52 81
28 15
41 26
39 70
53 71
29 65
42 32
40 98
54 47
30 62
43 40
41 78
55 73
31 85
44 37
42 16
56 59
32 45
45 89
43 32
57 96
33 46
46 100
44 44
58 17
34 49
47 94
45 17
59 81
35 52
48 61
46 40
60 71
36 46
47 31
61 37
37 94
50 41
62 58
38 13
51 69
49 49
63 41
39 77
52 14
50 75
64 24
40 69
53 41
51 88
65 71
41 40
54 11
52 97
66 66
42 32
55 33
53 17
67 23
43 37
56 60
54 65
68 10
44 47
57 16
55 65
69 82
45 16
58 98
56 34
70 40
46 14
59 86
57 33
71 17
47 51
60 45
58 68
72 90
48 67
59 92
73 100
49 28
62 22
74 55
50 62
63 76
61 86
75 15
51 94
64 48
62 99
76 98
52 33
65 53
63 44
77 28
53 75
66 91
64 96
78 37
54 73
67 11
65 31
79 41
55 14
68 18
66 79
80 80
56 18
69 67
67 85
81 70
57 97
70 100
68 72
82 25
58 31
71 73
69 30
83 32
59 44
72 71
70 100
84 59
60 49
71 15
85 50
61 10
74 51
86 75
62 67
75 90
73 89
87 71
63 69
76 100
74 59
88 50
64 29
77 26
75 73
89 72
65 51
78 26
76 99
90 71
66 63
79 97
77 49
91 18
67 28
80 67
78 48
92 85
68 16
81 31
79 47
93 36
69 84
82 54
80 64
94 77
70 25
83 58
81 53
95 32
71 91
84 43
82 25
96 97
72 96
83 67
97 92
73 76
86 31
98 22
74 33
87 81
85 93
99 12
75 73
88 55
86 36
100 51
76 57
89 69
87 90
101 47
77 25
90 55
88 83
102 48
78 36
91 23
89 16
103 23
79 93
92 81
90 68
104 68
80 47
93 32
91 71
105 33
81 84
94 83
92 30
106 44
82 49
95 10
93 45
107 26
83 78
96 34
94 28
108 84
84 68
95 37
109 90
85 43
98 69
110 37
86 83
99 39
97 84
111 61
87 69
100 76
98 72
112 67
88 30
101 66
99 45
113 22
89 54
102 92
100 78
114 31
90 56
103 51
101 51
115 65
91 18
104 45
102 65
116 40
92 30
105 14
103 28
117 42
93 55
106 32
104 12
118 35
94 75
107 99
105 63
119 68
95 20
108 25
106 33
120 90
96 93
107 75
121 70
97 74
110 76
122 29
98 41
111 36
109 57
123 46
99 10
112 52
110 88
124 50
100 14
113 94
111 61
125 74
101 32
114 86
112 96
126 82
102 60
115 50
113 33
127 62
103 76
116 20
114 71
128 13
104 11
117 90
115 85
129 77
105 68
118 47
116 51
130 56
106 16
119 35
117 19
131 71
107 95
120 12
118 91
132 75
108 71
119 26
133 84
109 45
122 77
134 64
110 48
123 45
121 60
135 97
111 56
124 17
122 62
136 10
112 28
125 43
123 16
137 37
113 79
126 24
124 90
138 62
114 79
127 10
125 20
139 19
115 56
128 26
126 59
140 63
116 31
129 63
127 35
141 99
117 100
130 21
128 46
142 35
118 36
131 22
129 72
143 35
119 96
132 41
130 40
144 87
120 17
131 48
121 11
134 27
122 29
135 47
133 63
123 69
136 20
134 67
124 47
137 90
135 87
125 63
138 17
136 69
126 23
139 41
137 79
127 57
140 35
138 30
128 72
141 93
139 62
129 47
142 51
140 71
130 98
143 44
141 50
131 14
144 30
142 96
132 42
143 88
23
88
1 23 
1 85 
1 80 
4 120 131 105 84 
3 97 28 41 
2 7 140 
1 60 
3 35 6 92 
1 134 
3 121 137 143 
1 37 
1 31 
2 112 20 
1 79 
3 29 122 102 
2 126 10 
1 78 
1 43 
1 109 
1 9 
1 110 
3 1 98 64 
4 22 93 87 53 
3 63 139 118 
1 133 
2 82 103 
2 71 88 
