600 2276 10 100 114
2
3
3
3
3
3
3
3
3
3
3
3
3
3
3
3
3
3
3
3
3
3
3
3
3
3
3
3
3
3
3
3
3
3
3
3
3
3
3
3
3
3
3
3
3
3
3
3
3
2
3
4
4
4
4
4
4
4
4
4
4
4
4
4
4
4
4
4
4
4
4
4
4
4
4
4
4
4
4
4
4
4
4
4
4
4
4
4
4
4
4
4
4
4
4
4
4
4
4
3
3
4
4
4
4
4
4
4
4
4
4
4
4
4
4
4
4
4
4
4
4
4
4
4
4
4
4
4
4
4
4
4
4
4
4
4
4
4
4
4
4
4
4
4
4
4
4
4
4
3
3
4
4
4
4
4
4
4
4
4
4
4
4
4
4
4
4
4
4
4
4
4
4
4
4
4
4
4
4
4
4
4
4
4
4
4
4
4
4
4
4
4
4
4
4
4
4
4
4
3
3
4
4
4
4
4
4
4
4
4
4
4
4
4
4
4
4
4
4
4
4
4
4
4
4
4
4
4
4
4
4
4
4
4
4
4
4
4
4
4
4
4
4
4
4
4
4
4
4
3
3
4
4
4
4
4
4
4
4
4
4
4
4
4
4
4
4
4
4
4
4
4
4
4
4
4
4
4
4
4
4
4
4
4
4
4
4
4
4
4
4
4
4
4
4
4
4
4
4
3
3
4
4
4
4
4
4
4
4
4
4
4
4
4
4
4
4
4
4
4
4
4
4
4
4
4
4
4
4
4
4
4
4
4
4
4
4
4
4
4
4
4
4
4
4
4
4
4
4
3
3
4
4
4
4
4
4
4
4
4
4
4
4
4
4
4
4
4
4
4
4
4
4
4
4
4
4
4
4
4
4
4
4
4
4
4
4
4
4
4
4
4
4
4
4
4
4
4
4
3
3
4
4
4
4
4
4
4
4
4
4
4
4
4
4
4
4
4
4
4
4
4
4
4
4
4
4
4
4
4
4
4
4
4
4
4
4
4
4
4
4
4
4
4
4
4
4
4
4
3
3
4
4
4
4
4
4
4
4
4
4
4
4
4
4
4
4
4
4
4
4
4
4
4
4
4
4
4
4
4
4
4
4
4
4
4
4
4
4
4
4
4
4
4
4
4
4
4
4
3
3
4
4
4
4
4
4
4
4
4
4
4
4
4
4
4
4
4
4
4
4
4
4
4
4
4
4
4
4
4
4
4
4
4
4
4
4
4
4
4
4
4
4
4
4
4
4
4
4
3
2
3
3
3
3
3
3
3
3
3
3
3
3
3
3
3
3
3
3
3
3
3
3
3
3
3
3
3
3
3
3
3
3
3
3
3
3
3
3
3
3
3
3
3
3
3
3
3
3
2
51 59
2 29
52 79
3 98
1 40
53 92
4 47
2 35
54 86
5 42
3 61
55 69
6 56
4 85
56 47
7 32
5 40
57 20
8 77
6 13
58 29
9 14
7 79
59 34
10 10
8 45
60 47
11 92
9 43
61 60
12 18
10 29
62 18
13 85
11 89
63 18
14 28
12 21
64 29
15 29
13 44
65 59
16 87
14 66
66 52
17 69
15 21
67 92
18 84
16 47
68 42
19 58
17 75
69 60
20 67
18 38
70 38
21 47
19 79
71 88
22 64
20 66
72 44
23 32
21 72
73 54
24 69
22 17
74 63
25 51
23 45
75 21
26 50
24 43
76 98
27 74
25 41
77 79
28 86
26 79
78 77
29 30
27 92
79 94
30 61
28 87
80 44
31 58
29 88
81 64
32 32
30 36
82 33
33 53
31 93
83 84
34 50
32 34
84 51
35 76
33 52
85 98
36 22
34 88
86 87
37 68
35 25
87 67
38 80
36 62
88 57
39 71
37 36
89 64
40 55
38 24
90 48
41 92
39 66
91 55
42 58
40 21
92 14
43 54
41 34
93 78
44 86
42 48
94 63
45 45
43 87
95 24
46 39
44 76
96 17
47 90
45 99
97 97
48 94
46 29
98 42
49 71
47 80
99 71
50 81
48 26
100 94
49 25
101 74
1 53
52 65
102 19
2 40
53 28
51 54
103 76
3 87
54 98
52 20
104 59
4 35
55 77
53 82
105 64
5 51
56 75
54 99
106 67
6 48
57 96
55 70
107 62
7 98
58 78
56 42
108 33
8 43
59 93
57 13
109 64
9 66
60 82
58 63
110 57
10 84
61 48
59 54
111 77
11 52
62 14
60 59
112 29
12 21
63 86
61 34
113 50
13 37
64 27
62 35
114 63
14 49
65 51
63 71
115 54
15 45
66 16
64 72
116 41
16 30
67 38
65 70
117 97
17 70
68 26
66 86
118 100
18 80
69 20
67 34
119 40
19 91
70 87
68 100
120 24
20 20
71 54
69 61
121 17
21 85
72 44
70 35
122 61
22 67
73 52
71 27
123 47
23 86
74 28
72 14
124 11
24 99
75 20
73 11
125 51
25 69
76 67
74 18
126 24
26 89
77 37
75 20
127 50
27 43
78 93
76 66
128 65
28 53
79 35
77 97
129 34
29 96
80 21
78 85
130 59
30 73
81 75
79 48
131 80
31 78
82 79
80 54
132 60
32 23
83 40
81 80
133 46
33 38
84 61
82 62
134 95
34 76
85 12
83 44
135 32
35 59
86 10
84 64
136 43
36 61
87 66
85 17
137 58
37 64
88 90
86 95
138 89
38 37
89 88
87 86
139 21
39 78
90 53
88 30
140 50
40 30
91 55
89 67
141 91
41 17
92 65
90 10
142 39
42 10
93 61
91 83
143 72
43 56
94 73
92 47
144 26
44 55
95 19
93 67
145 28
45 11
96 57
94 21
146 42
46 90
97 23
95 81
147 94
47 95
98 69
96 91
148 84
48 78
99 88
97 74
149 22
49 52
100 47
98 95
150 37
50 11
99 63
151 86
51 82
102 70
152 46
52 95
103 42
101 40
153 75
53 99
104 68
102 17
154 31
54 43
105 16
103 67
155 63
55 89
106 38
104 23
156 10
56 36
107 55
105 93
157 74
57 37
108 68
106 28
158 40
58 78
109 100
107 56
159 37
59 51
110 57
108 10
160 39
60 88
111 42
109 17
161 28
61 62
112 18
110 36
162 75
62 25
113 12
111 82
163 86
63 37
114 28
112 80
164 36
64 62
115 78
113 85
165 64
65 46
116 28
114 64
166 81
66 69
117 16
115 30
167 51
67 37
118 41
116 12
168 66
68 48
119 87
117 58
169 23
69 61
120 14
118 22
170 70
70 41
121 60
119 63
171 31
71 67
122 83
120 16
172 78
72 25
123 94
121 56
173 17
73 93
124 71
122 36
174 72
74 34
125 72
123 14
175 46
75 69
126 76
124 63
176 64
76 97
127 18
125 26
177 78
77 35
128 48
126 65
178 22
78 30
129 19
127 78
179 84
79 67
130 39
128 82
180 65
80 90
131 26
129 80
181 38
81 29
132 16
130 58
182 80
82 88
133 84
131 80
183 33
83 23
134 42
132 44
184 45
84 49
135 23
133 68
185 31
85 74
136 39
134 45
186 86
86 22
137 40
135 66
187 10
87 61
138 16
136 16
188 30
88 30
139 19
137 35
189 20
89 19
140 25
138 28
190 89
90 30
141 95
139 86
191 81
91 100
142 48
140 98
192 95
92 90
143 75
141 90
193 73
93 24
144 20
142 20
194 45
94 54
145 18
143 36
195 95
95 89
146 84
144 32
196 39
96 41
147 48
145 57
197 77
97 88
148 59
146 60
198 91
98 60
149 17
147 66
199 79
99 96
150 54
148 38
200 36
100 75
149 81
201 82
101 94
152 85
202 40
102 41
153 81
151 11
203 66
103 90
154 85
152 91
204 13
104 39
155 28
153 13
205 58
105 97
156 93
154 86
206 77
106 54
157 71
155 14
207 45
107 86
158 48
156 94
208 95
108 48
159 48
157 42
209 63
109 13
160 55
158 70
210 83
110 97
161 75
159 62
211 23
111 90
162 17
160 18
212 56
112 22
163 83
161 84
213 45
113 32
164 36
162 46
214 92
114 23
165 70
163 76
215 41
115 21
166 48
164 89
216 24
116 40
167 13
165 43
217 77
117 25
168 79
166 29
218 31
118 12
169 98
167 66
219 30
119 68
170 18
168 78
220 83
120 39
171 83
169 93
221 17
121 97
172 17
170 39
222 49
122 42
173 66
171 48
223 97
123 13
174 83
172 41
224 55
124 24
175 26
173 93
225 70
125 72
176 75
174 74
226 31
126 46
177 12
175 32
227 73
127 69
178 73
176 66
228 28
128 18
179 70
177 45
229 32
129 95
180 62
178 62
230 19
130 62
181 47
179 92
231 97
131 39
182 70
180 87
232 34
132 18
183 60
181 74
233 61
133 60
184 52
182 19
234 34
134 27
185 10
183 86
235 50
135 82
186 13
184 70
236 39
136 19
187 35
185 56
237 22
137 90
188 48
186 44
238 68
138 56
189 39
187 40
239 100
139 94
190 22
188 90
240 26
140 27
191 53
189 85
241 73
141 32
192 100
190 77
242 96
142 61
193 76
191 11
243 44
143 95
194 45
192 54
244 22
144 10
195 85
193 58
245 97
145 83
196 59
194 96
246 80
146 74
197 37
195 83
247 59
147 91
198 89
196 22
248 35
148 45
199 20
197 20
249 98
149 34
200 32
198 69
250 59
150 46
199 43
251 98
151 43
202 76
252 77
152 58
203 49
201 69
253 72
153 93
204 48
202 69
254 59
154 84
205 88
203 15
255 18
155 65
206 66
204 79
256 77
156 62
207 64
205 33
257 99
157 65
208 96
206 24
258 87
158 89
209 86
207 62
259 67
159 49
210 74
208 53
260 80
160 97
211 10
209 41
261 97
161 93
212 85
210 53
262 63
162 70
213 35
211 78
263 98
163 76
214 89
212 31
264 15
164 60
215 20
213 22
265 15
165 68
216 70
214 55
266 83
166 20
217 10
215 76
267 96
167 97
218 22
216 58
268 100
168 11
219 64
217 53
269 80
169 28
220 84
218 34
270 56
170 40
221 17
219 70
271 24
171 74
222 72
220 93
272 22
172 14
223 96
221 97
273 82
173 32
224 61
222 88
274 88
174 95
225 24
223 61
275 89
175 15
226 34
224 46
276 58
176 77
227 54
225 46
277 51
177 27
228 32
226 22
278 50
178 37
229 84
227 91
279 64
179 32
230 23
228 15
280 10
180 62
231 29
229 58
281 96
181 97
232 39
230 66
282 14
182 63
233 90
231 72
283 25
183 86
234 18
232 91
284 92
184 40
235 18
233 77
285 85
185 76
236 80
234 55
286 46
186 75
237 29
235 86
287 43
187 29
238 71
236 67
288 94
188 14
239 47
237 33
289 32
189 83
240 30
238 26
290 88
190 96
241 88
239 30
291 59
191 55
242 60
240 98
292 24
192 63
243 88
241 18
293 71
193 73
244 28
242 51
294 58
194 100
245 57
243 32
295 47
195 23
246 54
244 64
296 53
196 75
247 22
245 61
297 33
197 55
248 75
246 93
298 99
198 93
249 46
247 42
299 66
199 38
250 88
248 96
300 91
200 96
249 65
301 49
201 93
252 36
302 12
202 62
253 47
251 100
303 79
203 76
254 55
252 68
304 91
204 67
255 90
253 42
305 29
205 29
256 96
254 89
306 40
206 50
257 82
255 57
307 84
207 54
258 73
256 52
308 73
208 42
259 15
257 39
309 16
209 90
260 70
258 24
310 87
210 38
261 49
259 24
311 69
211 65
262 90
260 26
312 28
212 36
263 38
261 86
313 31
213 14
264 93
262 86
314 75
214 16
265 55
263 74
315 59
215 82
266 99
264 91
316 97
216 64
267 70
265 41
317 75
217 78
268 29
266 56
318 92
218 38
269 10
267 100
319 30
219 85
270 42
268 40
320 47
220 27
271 99
269 61
321 72
221 56
272 98
270 27
322 44
222 48
273 100
271 75
323 32
223 82
274 67
272 59
324 27
224 70
275 79
273 94
325 70
225 74
276 45
274 29
326 28
226 55
277 81
275 98
327 49
227 64
278 95
276 13
328 36
228 17
279 50
277 89
329 44
229 22
280 61
278 16
330 74
230 73
281 36
279 63
331 15
231 83
282 27
280 49
332 26
232 70
283 73
281 32
333 19
233 78
284 86
282 26
334 23
234 40
285 80
283 57
335 48
235 42
286 64
284 50
336 18
236 56
287 90
285 10
337 54
237 46
288 92
286 89
338 36
238 94
289 28
287 19
339 17
239 98
290 31
288 94
340 65
240 44
291 97
289 27
341 36
241 46
292 63
290 29
342 94
242 67
293 61
291 93
343 90
243 65
294 62
292 85
344 70
244 36
295 10
293 46
345 13
245 58
296 26
294 83
346 95
246 83
297 14
295 45
347 54
247 62
298 68
296 22
348 19
248 57
299 45
297 81
349 11
249 97
300 48
298 13
350 20
250 63
299 63
351 24
251 97
302 69
352 90
252 26
303 98
301 67
353 22
253 94
304 31
302 60
354 75
254 20
305 93
303 93
355 96
255 16
306 67
304 13
356 52
256 82
307 11
305 82
357 31
257 54
308 31
306 95
358 15
258 41
309 80
307 21
359 86
259 87
310 90
308 23
360 68
260 27
311 37
309 99
361 15
261 13
312 92
310 73
362 53
262 70
313 58
311 79
363 29
263 66
314 25
312 81
364 78
264 90
315 19
313 60
365 89
265 57
316 86
314 31
366 98
266 98
317 84
315 100
367 24
267 30
318 79
316 93
368 98
268 95
319 82
317 92
369 32
269 83
320 94
318 88
370 98
270 43
321 24
319 43
371 43
271 12
322 27
320 57
372 32
272 37
323 69
321 74
373 38
273 93
324 59
322 29
374 97
274 24
325 93
323 76
375 37
275 96
326 38
324 41
376 37
276 65
327 29
325 10
377 69
277 92
328 10
326 53
378 87
278 45
329 44
327 98
379 37
279 89
330 22
328 22
380 30
280 58
331 75
329 65
381 96
281 19
332 55
330 24
382 88
282 25
333 13
331 18
383 32
283 90
334 80
332 63
384 96
284 78
335 91
333 63
385 54
285 26
336 67
334 10
386 69
286 45
337 71
335 49
387 18
287 83
338 23
336 15
388 43
288 34
339 20
337 42
389 63
289 81
340 20
338 30
390 92
290 76
341 74
339 48
391 17
291 29
342 35
340 74
392 37
292 32
343 90
341 65
393 25
293 58
344 61
342 62
394 54
294 94
345 69
343 72
395 65
295 96
346 75
344 95
396 98
296 82
347 63
345 42
397 50
297 72
348 43
346 95
398 75
298 66
349 21
347 63
399 24
299 12
350 17
348 90
400 43
300 34
349 65
401 85
301 58
352 97
402 56
302 55
353 17
351 57
403 70
303 38
354 95
352 90
404 89
304 24
355 57
353 22
405 79
305 48
356 17
354 29
406 76
306 35
357 89
355 22
407 22
307 98
358 28
356 12
408 43
308 85
359 86
357 68
409 66
309 95
360 60
358 84
410 91
310 61
361 49
359 12
411 69
311 34
362 99
360 12
412 76
312 48
363 85
361 16
413 18
313 32
364 19
362 87
414 45
314 36
365 85
363 72
415 43
315 27
366 34
364 96
416 53
316 87
367 83
365 15
417 50
317 86
368 60
366 43
418 43
318 86
369 51
367 94
419 34
319 55
370 45
368 59
420 77
320 52
371 10
369 100
421 37
321 44
372 84
370 63
422 55
322 69
373 35
371 60
423 39
323 51
374 24
372 78
424 71
324 77
375 19
373 10
425 22
325 95
376 19
374 61
426 47
326 97
377 75
375 79
427 22
327 77
378 14
376 68
428 80
328 38
379 57
377 90
429 52
329 43
380 93
378 52
430 53
330 37
381 54
379 83
431 47
331 80
382 19
380 74
432 94
332 90
383 32
381 40
433 54
333 19
384 41
382 59
434 61
334 88
385 99
383 99
435 46
335 15
386 79
384 29
436 23
336 53
387 18
385 50
437 21
337 26
388 77
386 90
438 96
338 44
389 56
387 82
439 69
339 19
390 14
388 25
440 32
340 60
391 76
389 15
441 70
341 58
392 67
390 69
442 20
342 38
393 49
391 58
443 70
343 59
394 18
392 67
444 87
344 63
395 31
393 41
445 41
345 15
396 54
394 62
446 85
346 39
397 45
395 71
447 36
347 23
398 35
396 69
448 42
348 83
399 43
397 61
449 22
349 70
400 45
398 41
450 83
350 84
399 81
451 80
351 37
402 19
452 64
352 63
403 31
401 94
453 24
353 62
404 38
402 12
454 33
354 57
405 55
403 63
455 14
355 22
406 83
404 89
456 45
356 80
407 90
405 90
457 11
357 77
408 87
406 34
458 34
358 57
409 35
407 95
459 50
359 90
410 14
408 10
460 73
360 42
411 57
409 81
461 78
361 72
412 64
410 93
462 99
362 63
413 75
411 63
463 44
363 25
414 38
412 62
464 86
364 25
415 25
413 55
465 70
365 67
416 19
414 22
466 51
366 32
417 95
415 26
467 38
367 100
418 27
416 56
468 26
368 54
419 34
417 100
469 84
369 56
420 68
418 41
470 94
370 59
421 39
419 56
471 21
371 56
422 62
420 14
472 89
372 16
423 12
421 48
473 69
373 84
424 28
422 92
474 78
374 74
425 11
423 77
475 22
375 50
426 19
424 34
476 65
376 94
427 10
425 29
477 48
377 31
428 53
426 37
478 24
378 82
429 43
427 44
479 91
379 14
430 21
428 71
480 23
380 24
431 78
429 40
481 34
381 17
432 41
430 37
482 58
382 80
433 36
431 52
483 81
383 73
434 85
432 25
484 65
384 44
435 58
433 10
485 24
385 48
436 39
434 17
486 72
386 90
437 38
435 75
487 22
387 78
438 49
436 75
488 88
388 89
439 13
437 99
489 45
389 17
440 20
438 30
490 47
390 53
441 45
439 34
491 54
391 71
442 89
440 17
492 81
392 73
443 11
441 16
493 91
393 51
444 14
442 22
494 59
394 64
445 68
443 87
495 81
395 17
446 71
444 49
496 10
396 28
447 95
445 51
497 83
397 22
448 76
446 92
498 12
398 46
449 72
447 51
499 73
399 92
450 25
448 22
500 79
400 66
449 81
501 45
401 30
452 59
502 42
402 68
453 29
451 30
503 27
403 18
454 61
452 56
504 39
404 85
455 47
453 97
505 80
405 95
456 53
454 22
506 87
406 55
457 15
455 83
507 28
407 46
458 44
456 25
508 71
408 24
459 51
457 72
509 83
409 98
460 20
458 53
510 70
410 81
461 65
459 19
511 75
411 22
462 43
460 71
512 47
412 60
463 75
461 95
513 51
413 56
464 19
462 82
514 43
414 70
465 55
463 96
515 10
415 83
466 33
464 17
516 21
416 68
467 44
465 18
517 77
417 12
468 44
466 97
518 37
418 98
469 54
467 37
519 15
419 39
470 90
468 42
520 98
420 84
471 18
469 32
521 29
421 50
472 36
470 94
522 66
422 43
473 77
471 11
523 85
423 36
474 18
472 91
524 95
424 37
475 34
473 13
525 82
425 98
476 98
474 10
526 69
426 26
477 47
475 99
527 87
427 13
478 64
476 44
528 82
428 56
479 41
477 74
529 47
429 77
480 56
478 75
530 78
430 20
481 73
479 92
531 51
431 46
482 88
480 88
532 37
432 30
483 15
481 30
533 37
433 14
484 48
482 83
534 73
434 27
485 60
483 23
535 22
435 34
486 84
484 83
536 93
436 35
487 54
485 65
537 66
437 46
488 48
486 54
538 25
438 27
489 78
487 45
539 27
439 35
490 58
488 97
540 87
440 49
491 46
489 58
541 60
441 57
492 91
490 69
542 79
442 89
493 68
491 13
543 100
443 17
494 71
492 23
544 26
444 27
495 56
493 100
545 50
445 91
496 43
494 43
546 42
446 92
497 24
495 10
547 66
447 21
498 95
496 72
548 92
448 21
499 64
497 36
549 28
449 84
500 13
498 26
550 13
450 84
499 83
551 20
451 29
502 73
552 89
452 14
503 53
501 54
553 62
453 32
504 38
502 32
554 24
454 53
505 66
503 68
555 46
455 92
506 19
504 61
556 62
456 37
507 16
505 35
557 38
457 100
508 96
506 25
558 60
458 100
509 24
507 43
559 37
459 25
510 74
508 76
560 48
460 33
511 57
509 40
561 13
461 89
512 69
510 52
562 62
462 49
513 42
511 56
563 54
463 98
514 10
512 86
564 30
464 97
515 81
513 96
565 61
465 93
516 37
514 94
566 51
466 73
517 56
515 38
567 10
467 89
518 30
516 55
568 26
468 27
519 19
517 13
569 11
469 16
520 18
518 21
570 12
470 88
521 52
519 15
571 24
471 10
522 84
520 30
572 33
472 34
523 23
521 49
573 29
473 30
524 51
522 57
574 29
474 42
525 31
523 82
575 96
475 21
526 57
524 94
576 25
476 78
527 55
525 13
577 91
477 37
528 80
526 24
578 73
478 32
529 84
527 75
579 48
479 61
530 37
528 19
580 67
480 28
531 43
529 50
581 10
481 39
532 61
530 39
582 69
482 89
533 26
531 72
583 82
483 11
534 75
532 90
584 58
484 100
535 73
533 29
585 58
485 65
536 96
534 53
586 55
486 20
537 90
535 69
587 89
487 73
538 67
536 27
588 83
488 58
539 72
537 67
589 66
489 29
540 100
538 31
590 60
490 40
541 16
539 83
591 45
491 98
542 74
540 30
592 90
492 15
543 25
541 83
593 100
493 82
544 93
542 71
594 29
494 84
545 59
543 49
595 88
495 67
546 12
544 69
596 25
496 75
547 48
545 31
597 54
497 57
548 60
546 10
598 46
498 38
549 38
547 36
599 69
499 23
550 16
548 34
600 65
500 19
549 51
501 39
552 40
502 81
553 58
551 67
503 61
554 12
552 33
504 53
555 11
553 37
505 24
556 53
554 73
506 64
557 27
555 18
507 17
558 11
556 73
508 19
559 82
557 36
509 49
560 80
558 52
510 34
561 64
559 25
511 57
562 81
560 82
512 95
563 58
561 21
513 87
564 75
562 63
514 48
565 64
563 86
515 85
566 20
564 40
516 66
567 80
565 88
517 92
568 23
566 89
518 41
569 43
567 29
519 72
570 68
568 34
520 83
571 37
569 22
521 36
572 34
570 95
522 60
573 65
571 63
523 40
574 47
572 26
524 64
575 52
573 15
525 24
576 34
574 50
526 98
577 92
575 51
527 59
578 65
576 56
528 19
579 75
577 91
529 94
580 57
578 62
530 62
581 25
579 82
531 58
582 35
580 10
532 65
583 99
581 97
533 69
584 29
582 86
534 81
585 76
583 80
535 21
586 45
584 16
536 92
587 38
585 28
537 25
588 52
586 58
538 28
589 39
587 63
539 53
590 53
588 22
540 88
591 49
589 100
541 60
592 18
590 30
542 17
593 68
591 44
543 18
594 12
592 100
544 91
595 90
593 38
545 56
596 18
594 37
546 15
597 61
595 67
547 87
598 16
596 81
548 52
599 22
597 59
549 30
600 71
598 37
550 40
599 61
60
15
2 439 60 
2 203 448 
1 156 
1 41 
1 157 
2 112 12 
3 345 119 255 
1 164 
1 100 
1 584 
2 402 320 
1 500 
3 369 62 115 
1 333 
2 77 179 
1 32 
4 427 510 560 566 
2 217 51 
2 484 567 
2 443 47 
1 46 
2 407 172 
3 303 90 11 
1 239 
3 378 50 180 
2 88 472 
4 426 495 96 600 
2 124 360 
3 488 592 417 
1 297 
2 259 537 
1 593 
2 598 26 
1 202 
3 313 150 391 
1 490 
1 40 
3 186 388 19 
2 481 44 
1 87 
1 85 
2 361 482 
2 452 434 
2 175 400 
1 165 
2 325 375 
1 349 
3 221 278 97 
2 332 219 
3 73 148 189 
2 347 459 
2 13 365 
1 299 
2 542 196 
3 63 264 294 
3 158 126 354 
1 572 
2 589 230 
1 541 
1 570 
2 420 79 
2 506 521 
1 1 
2 487 292 
3 316 286 444 
1 485 
1 554 
2 309 531 
3 505 18 184 
2 280 405 
1 395 
2 89 57 
2 24 290 
3 399 20 226 
2 58 440 
2 206 522 
3 337 574 464 
1 474 
2 526 276 
1 341 
2 489 534 
1 483 
1 339 
2 234 75 
2 145 160 
3 174 343 453 
2 127 182 
1 209 
1 480 
1 269 
2 42 147 
1 142 
2 597 528 
1 45 
4 392 149 153 244 
2 553 596 
1 207 
3 363 229 555 
3 545 410 53 
1 390 
3 563 291 279 
3 104 547 123 
1 334 
2 449 318 
2 27 71 
1 187 
2 218 178 
1 473 
1 569 
1 301 
1 371 
2 176 296 
2 3 515 
3 195 588 15 
