400 1520 10 100 76
2
3
3
3
3
3
3
3
3
3
3
3
3
3
3
3
3
3
3
2
3
4
4
4
4
4
4
4
4
4
4
4
4
4
4
4
4
4
4
3
3
4
4
4
4
4
4
4
4
4
4
4
4
4
4
4
4
4
4
3
3
4
4
4
4
4
4
4
4
4
4
4
4
4
4
4
4
4
4
3
3
4
4
4
4
4
4
4
4
4
4
4
4
4
4
4
4
4
4
3
3
4
4
4
4
4
4
4
4
4
4
4
4
4
4
4
4
4
4
3
3
4
4
4
4
4
4
4
4
4
4
4
4
4
4
4
4
4
4
3
3
4
4
4
4
4
4
4
4
4
4
4
4
4
4
4
4
4
4
3
3
4
4
4
4
4
4
4
4
4
4
4
4
4
4
4
4
4
4
3
3
4
4
4
4
4
4
4
4
4
4
4
4
4
4
4
4
4
4
3
3
4
4
4
4
4
4
4
4
4
4
4
4
4
4
4
4
4
4
3
3
4
4
4
4
4
4
4
4
4
4
4
4
4
4
4
4
4
4
3
3
4
4
4
4
4
4
4
4
4
4
4
4
4
4
4
4
4
4
3
3
4
4
4
4
4
4
4
4
4
4
4
4
4
4
4
4
4
4
3
3
4
4
4
4
4
4
4
4
4
4
4
4
4
4
4
4
4
4
3
3
4
4
4
4
4
4
4
4
4
4
4
4
4
4
4
4
4
4
3
3
4
4
4
4
4
4
4
4
4
4
4
4
4
4
4
4
4
4
3
3
4
4
4
4
4
4
4
4
4
4
4
4
4
4
4
4
4
4
3
3
4
4
4
4
4
4
4
4
4
4
4
4
4
4
4
4
4
4
3
2
3
3
3
3
3
3
3
3
3
3
3
3
3
3
3
3
3
3
2
21 15
2 29
22 23
3 69
1 98
23 11
4 62
2 64
24 10
5 75
3 37
25 53
6 53
4 84
26 99
7 80
5 100
27 15
8 28
6 96
28 16
9 14
7 85
29 98
10 47
8 76
30 73
11 50
9 95
31 36
12 74
10 53
32 24
13 87
11 48
33 90
14 84
12 11
34 77
15 15
13 89
35 30
16 60
14 10
36 31
17 71
15 88
37 28
18 20
16 76
38 46
19 38
17 15
39 75
20 28
18 95
40 30
19 46
41 16
1 22
22 92
42 34
2 52
23 79
21 24
43 92
3 42
24 80
22 70
44 93
4 19
25 25
23 91
45 89
5 20
26 17
24 38
46 68
6 32
27 25
25 85
47 24
7 31
28 81
26 92
48 10
8 20
29 57
27 11
49 62
9 20
30 19
28 56
50 13
10 54
31 39
29 57
51 89
11 47
32 66
30 64
52 27
12 49
33 63
31 92
53 60
13 65
34 61
32 70
54 67
14 34
35 27
33 46
55 73
15 20
36 85
34 83
56 86
16 56
37 15
35 81
57 58
17 65
38 64
36 13
58 83
18 82
39 33
37 15
59 23
19 44
40 10
38 21
60 95
20 32
39 23
61 37
21 59
42 83
62 76
22 46
43 33
41 84
63 70
23 76
44 25
42 100
64 46
24 19
45 64
43 32
65 66
25 89
46 30
44 88
66 68
26 70
47 24
45 64
67 28
27 88
48 42
46 19
68 36
28 91
49 85
47 30
69 56
29 76
50 34
48 15
70 82
30 34
51 61
49 13
71 67
31 36
52 74
50 83
72 63
32 12
53 58
51 13
73 74
33 17
54 20
52 30
74 60
34 21
55 91
53 93
75 73
35 28
56 21
54 83
76 98
36 26
57 81
55 98
77 48
37 10
58 12
56 84
78 96
38 15
59 32
57 50
79 17
39 31
60 88
58 22
80 50
40 25
59 74
81 79
41 12
62 83
82 54
42 60
63 53
61 40
83 72
43 22
64 12
62 67
84 53
44 57
65 77
63 98
85 87
45 88
66 12
64 91
86 14
46 81
67 96
65 53
87 57
47 31
68 59
66 95
88 64
48 65
69 26
67 30
89 40
49 90
70 55
68 15
90 99
50 32
71 73
69 78
91 82
51 13
72 31
70 86
92 57
52 91
73 55
71 87
93 45
53 62
74 55
72 11
94 33
54 35
75 48
73 86
95 49
55 93
76 15
74 59
96 95
56 40
77 14
75 75
97 99
57 51
78 73
76 27
98 18
58 71
79 26
77 53
99 27
59 69
80 94
78 34
100 93
60 57
79 22
101 43
61 26
82 29
102 27
62 91
83 33
81 68
103 47
63 79
84 66
82 27
104 51
64 47
85 97
83 11
105 88
65 32
86 51
84 83
106 73
66 87
87 79
85 91
107 64
67 37
88 50
86 100
108 50
68 53
89 21
87 19
109 37
69 76
90 61
88 21
110 74
70 16
91 58
89 97
111 42
71 97
92 73
90 32
112 36
72 85
93 55
91 23
113 14
73 51
94 40
92 25
114 35
74 40
95 78
93 49
115 32
75 42
96 100
94 37
116 23
76 57
97 46
95 17
117 39
77 12
98 65
96 51
118 73
78 56
99 52
97 16
119 87
79 70
100 22
98 90
120 67
80 74
99 72
121 15
81 35
102 34
122 67
82 35
103 31
101 44
123 18
83 64
104 18
102 23
124 71
84 57
105 45
103 73
125 92
85 86
106 78
104 92
126 25
86 12
107 15
105 92
127 60
87 19
108 81
106 37
128 89
88 75
109 68
107 73
129 87
89 83
110 47
108 75
130 22
90 80
111 87
109 45
131 21
91 24
112 73
110 39
132 35
92 61
113 90
111 93
133 67
93 46
114 72
112 29
134 29
94 21
115 33
113 29
135 83
95 83
116 54
114 30
136 80
96 71
117 63
115 74
137 14
97 64
118 83
116 49
138 73
98 60
119 32
117 96
139 91
99 63
120 71
118 86
140 46
100 22
119 85
141 95
101 82
122 25
142 36
102 43
123 42
121 28
143 41
103 34
124 63
122 36
144 70
104 95
125 40
123 82
145 61
105 52
126 76
124 71
146 59
106 74
127 32
125 59
147 37
107 44
128 38
126 52
148 76
108 48
129 55
127 48
149 17
109 30
130 35
128 48
150 32
110 82
131 22
129 40
151 69
111 59
132 20
130 10
152 52
112 22
133 16
131 31
153 72
113 88
134 11
132 77
154 96
114 16
135 37
133 14
155 85
115 74
136 87
134 22
156 74
116 40
137 39
135 70
157 67
117 76
138 69
136 58
158 32
118 75
139 88
137 30
159 51
119 33
140 58
138 84
160 17
120 86
139 43
161 46
121 18
142 42
162 66
122 10
143 58
141 20
163 77
123 97
144 81
142 55
164 69
124 20
145 40
143 22
165 61
125 46
146 26
144 79
166 79
126 90
147 93
145 16
167 67
127 32
148 15
146 99
168 36
128 69
149 33
147 38
169 25
129 28
150 42
148 70
170 24
130 80
151 23
149 26
171 12
131 67
152 81
150 66
172 100
132 67
153 90
151 33
173 26
133 79
154 72
152 75
174 15
134 62
155 25
153 53
175 51
135 45
156 78
154 44
176 89
136 35
157 55
155 39
177 67
137 53
158 87
156 42
178 74
138 85
159 29
157 57
179 36
139 78
160 48
158 71
180 15
140 50
159 62
181 34
141 42
162 57
182 55
142 56
163 74
161 49
183 42
143 96
164 30
162 56
184 24
144 82
165 82
163 18
185 57
145 95
166 73
164 20
186 70
146 41
167 66
165 25
187 34
147 51
168 82
166 50
188 19
148 48
169 20
167 41
189 24
149 13
170 20
168 60
190 37
150 20
171 13
169 72
191 84
151 62
172 51
170 71
192 25
152 62
173 43
171 66
193 80
153 23
174 96
172 72
194 31
154 12
175 64
173 67
195 87
155 80
176 82
174 26
196 37
156 42
177 49
175 36
197 61
157 78
178 99
176 74
198 71
158 42
179 19
177 98
199 50
159 24
180 61
178 73
200 40
160 19
179 86
201 66
161 41
182 95
202 100
162 18
183 70
181 50
203 68
163 48
184 91
182 75
204 66
164 61
185 70
183 77
205 21
165 91
186 65
184 81
206 42
166 84
187 92
185 89
207 89
167 89
188 48
186 94
208 22
168 58
189 12
187 36
209 16
169 69
190 22
188 87
210 45
170 96
191 61
189 60
211 88
171 31
192 71
190 85
212 87
172 13
193 73
191 55
213 73
173 84
194 54
192 99
214 45
174 79
195 56
193 11
215 39
175 88
196 34
194 66
216 63
176 100
197 75
195 37
217 25
177 98
198 99
196 55
218 32
178 86
199 18
197 48
219 23
179 92
200 80
198 13
220 62
180 71
199 50
221 24
181 81
202 37
222 46
182 17
203 91
201 100
223 91
183 22
204 74
202 63
224 43
184 51
205 20
203 92
225 82
185 99
206 99
204 67
226 10
186 95
207 46
205 16
227 38
187 54
208 36
206 60
228 61
188 55
209 72
207 36
229 72
189 99
210 71
208 66
230 73
190 60
211 13
209 64
231 98
191 26
212 11
210 71
232 25
192 42
213 72
211 23
233 37
193 57
214 80
212 49
234 49
194 100
215 23
213 90
235 25
195 55
216 36
214 69
236 24
196 12
217 54
215 98
237 74
197 89
218 69
216 70
238 89
198 31
219 94
217 37
239 32
199 56
220 93
218 22
240 60
200 42
219 24
241 67
201 75
222 62
242 41
202 59
223 85
221 88
243 26
203 93
224 46
222 98
244 80
204 17
225 21
223 47
245 70
205 38
226 63
224 15
246 27
206 87
227 88
225 63
247 55
207 84
228 94
226 37
248 78
208 36
229 52
227 43
249 22
209 88
230 62
228 73
250 31
210 35
231 66
229 79
251 12
211 45
232 11
230 93
252 55
212 30
233 10
231 99
253 26
213 48
234 50
232 11
254 74
214 75
235 33
233 19
255 71
215 85
236 38
234 13
256 35
216 16
237 52
235 57
257 41
217 81
238 27
236 23
258 79
218 18
239 42
237 61
259 17
219 63
240 91
238 33
260 99
220 77
239 97
261 87
221 45
242 58
262 41
222 72
243 11
241 31
263 84
223 85
244 31
242 77
264 14
224 29
245 57
243 61
265 60
225 26
246 79
244 13
266 96
226 99
247 68
245 96
267 96
227 39
248 73
246 93
268 36
228 58
249 54
247 54
269 22
229 54
250 29
248 40
270 56
230 64
251 36
249 31
271 76
231 18
252 63
250 34
272 67
232 92
253 55
251 78
273 53
233 47
254 61
252 80
274 31
234 20
255 53
253 14
275 86
235 31
256 13
254 47
276 25
236 41
257 18
255 34
277 94
237 10
258 75
256 95
278 75
238 65
259 36
257 59
279 12
239 36
260 81
258 13
280 53
240 56
259 53
281 36
241 94
262 20
282 57
242 98
263 98
261 39
283 15
243 86
264 50
262 51
284 50
244 26
265 34
263 98
285 65
245 96
266 19
264 70
286 95
246 100
267 55
265 31
287 89
247 100
268 100
266 89
288 43
248 19
269 79
267 29
289 38
249 77
270 90
268 19
290 60
250 39
271 28
269 72
291 46
251 44
272 76
270 15
292 31
252 68
273 33
271 73
293 18
253 82
274 26
272 53
294 79
254 45
275 95
273 40
295 62
255 80
276 99
274 49
296 100
256 80
277 29
275 40
297 83
257 19
278 24
276 65
298 59
258 41
279 11
277 22
299 49
259 28
280 53
278 62
300 53
260 11
279 21
301 26
261 30
282 21
302 23
262 62
283 64
281 93
303 13
263 53
284 85
282 69
304 18
264 47
285 92
283 35
305 51
265 87
286 81
284 10
306 84
266 37
287 83
285 23
307 59
267 49
288 74
286 31
308 70
268 51
289 65
287 77
309 74
269 11
290 52
288 36
310 47
270 40
291 41
289 98
311 40
271 61
292 92
290 15
312 25
272 92
293 94
291 83
313 62
273 33
294 61
292 31
314 62
274 80
295 19
293 97
315 26
275 49
296 30
294 58
316 20
276 53
297 51
295 33
317 80
277 99
298 39
296 90
318 32
278 28
299 39
297 83
319 16
279 31
300 56
298 69
320 45
280 89
299 87
321 66
281 23
302 95
322 57
282 30
303 82
301 16
323 100
283 95
304 13
302 45
324 99
284 77
305 98
303 69
325 19
285 95
306 70
304 34
326 32
286 29
307 23
305 29
327 57
287 66
308 86
306 92
328 77
288 63
309 49
307 39
329 74
289 65
310 88
308 58
330 82
290 28
311 16
309 65
331 82
291 63
312 46
310 73
332 67
292 40
313 87
311 18
333 77
293 37
314 70
312 44
334 13
294 79
315 96
313 38
335 15
295 41
316 19
314 41
336 62
296 99
317 73
315 60
337 71
297 56
318 27
316 83
338 58
298 54
319 48
317 27
339 75
299 18
320 34
318 91
340 100
300 46
319 41
341 10
301 38
322 50
342 24
302 16
323 42
321 81
343 85
303 70
324 53
322 30
344 35
304 79
325 32
323 91
345 92
305 16
326 65
324 14
346 11
306 26
327 45
325 97
347 77
307 81
328 58
326 66
348 17
308 96
329 92
327 26
349 73
309 83
330 64
328 95
350 52
310 11
331 98
329 64
351 28
311 53
332 19
330 45
352 64
312 32
333 70
331 33
353 67
313 28
334 49
332 25
354 54
314 18
335 67
333 21
355 81
315 68
336 72
334 27
356 45
316 93
337 79
335 48
357 59
317 20
338 22
336 25
358 88
318 19
339 25
337 24
359 37
319 46
340 51
338 96
360 31
320 65
339 96
361 100
321 17
342 45
362 25
322 41
343 63
341 17
363 33
323 100
344 14
342 24
364 56
324 29
345 52
343 90
365 44
325 69
346 76
344 41
366 17
326 41
347 63
345 64
367 51
327 43
348 31
346 26
368 34
328 90
349 28
347 17
369 21
329 45
350 85
348 63
370 57
330 22
351 86
349 20
371 17
331 15
352 22
350 71
372 70
332 77
353 61
351 41
373 61
333 74
354 37
352 76
374 14
334 33
355 35
353 24
375 35
335 47
356 36
354 89
376 69
336 24
357 11
355 51
377 70
337 48
358 66
356 71
378 64
338 24
359 40
357 65
379 15
339 92
360 16
358 79
380 92
340 27
359 80
381 11
341 50
362 77
382 29
342 79
363 54
361 15
383 25
343 14
364 59
362 85
384 100
344 47
365 51
363 82
385 15
345 32
366 88
364 19
386 65
346 87
367 81
365 14
387 76
347 69
368 78
366 44
388 97
348 77
369 78
367 70
389 46
349 56
370 67
368 93
390 89
350 44
371 85
369 47
391 58
351 35
372 51
370 11
392 64
352 73
373 57
371 38
393 30
353 69
374 88
372 95
394 91
354 85
375 29
373 16
395 11
355 12
376 89
374 51
396 52
356 43
377 59
375 100
397 79
357 33
378 42
376 14
398 72
358 75
379 20
377 52
399 54
359 91
380 17
378 74
400 28
360 47
379 38
361 21
382 69
362 62
383 64
381 77
363 31
384 10
382 60
364 49
385 47
383 36
365 98
386 31
384 97
366 45
387 27
385 56
367 40
388 74
386 90
368 15
389 26
387 14
369 59
390 91
388 52
370 53
391 71
389 49
371 15
392 78
390 95
372 74
393 96
391 84
373 64
394 14
392 84
374 28
395 24
393 97
375 87
396 16
394 15
376 68
397 61
395 61
377 73
398 22
396 21
378 26
399 74
397 20
379 84
400 48
398 100
380 96
399 51
238
269
2 274 238 
1 228 
1 358 
2 297 83 
1 382 
1 313 
4 381 68 48 257 
1 247 
2 312 308 
1 14 
2 191 173 
4 391 30 310 2 
2 78 157 
1 16 
1 347 
2 261 317 
1 56 
3 72 21 42 
1 395 
1 153 
2 384 69 
2 332 73 
1 140 
3 264 50 327 
1 309 
1 77 
2 379 199 
1 318 
1 52 
1 279 
2 81 219 
2 299 45 
1 333 
3 197 63 396 
5 152 275 366 58 111 
3 252 287 96 
1 95 
1 303 
1 324 
1 174 
1 61 
1 127 
2 220 110 
1 192 
1 277 
1 321 
1 212 
2 125 49 
1 136 
4 164 207 208 375 
3 249 186 293 
3 398 383 198 
6 302 280 306 105 5 196 
2 51 28 
1 132 
2 40 360 
2 292 25 
2 94 343 
3 278 91 209 
3 266 120 15 
2 144 85 
3 44 374 355 
2 392 37 
1 182 
1 70 
1 13 
2 359 10 
1 90 
3 204 316 114 
3 33 337 254 
2 393 348 
1 11 
3 178 346 57 
1 134 
2 224 43 
1 269 
