600 2276 10 100 114
2
3
3
3
3
3
3
3
3
3
3
3
3
3
3
3
3
3
3
3
3
3
3
3
3
3
3
3
3
3
3
3
3
3
3
3
3
3
3
3
3
3
3
3
3
3
3
3
3
2
3
4
4
4
4
4
4
4
4
4
4
4
4
4
4
4
4
4
4
4
4
4
4
4
4
4
4
4
4
4
4
4
4
4
4
4
4
4
4
4
4
4
4
4
4
4
4
4
4
3
3
4
4
4
4
4
4
4
4
4
4
4
4
4
4
4
4
4
4
4
4
4
4
4
4
4
4
4
4
4
4
4
4
4
4
4
4
4
4
4
4
4
4
4
4
4
4
4
4
3
3
4
4
4
4
4
4
4
4
4
4
4
4
4
4
4
4
4
4
4
4
4
4
4
4
4
4
4
4
4
4
4
4
4
4
4
4
4
4
4
4
4
4
4
4
4
4
4
4
3
3
4
4
4
4
4
4
4
4
4
4
4
4
4
4
4
4
4
4
4
4
4
4
4
4
4
4
4
4
4
4
4
4
4
4
4
4
4
4
4
4
4
4
4
4
4
4
4
4
3
3
4
4
4
4
4
4
4
4
4
4
4
4
4
4
4
4
4
4
4
4
4
4
4
4
4
4
4
4
4
4
4
4
4
4
4
4
4
4
4
4
4
4
4
4
4
4
4
4
3
3
4
4
4
4
4
4
4
4
4
4
4
4
4
4
4
4
4
4
4
4
4
4
4
4
4
4
4
4
4
4
4
4
4
4
4
4
4
4
4
4
4
4
4
4
4
4
4
4
3
3
4
4
4
4
4
4
4
4
4
4
4
4
4
4
4
4
4
4
4
4
4
4
4
4
4
4
4
4
4
4
4
4
4
4
4
4
4
4
4
4
4
4
4
4
4
4
4
4
3
3
4
4
4
4
4
4
4
4
4
4
4
4
4
4
4
4
4
4
4
4
4
4
4
4
4
4
4
4
4
4
4
4
4
4
4
4
4
4
4
4
4
4
4
4
4
4
4
4
3
3
4
4
4
4
4
4
4
4
4
4
4
4
4
4
4
4
4
4
4
4
4
4
4
4
4
4
4
4
4
4
4
4
4
4
4
4
4
4
4
4
4
4
4
4
4
4
4
4
3
3
4
4
4
4
4
4
4
4
4
4
4
4
4
4
4
4
4
4
4
4
4
4
4
4
4
4
4
4
4
4
4
4
4
4
4
4
4
4
4
4
4
4
4
4
4
4
4
4
3
2
3
3
3
3
3
3
3
3
3
3
3
3
3
3
3
3
3
3
3
3
3
3
3
3
3
3
3
3
3
3
3
3
3
3
3
3
3
3
3
3
3
3
3
3
3
3
3
3
2
51 72
2 29
52 73
3 69
1 98
53 98
4 62
2 64
54 25
5 75
3 37
55 37
6 53
4 84
56 49
7 80
5 100
57 25
8 28
6 96
58 24
9 14
7 85
59 74
10 47
8 76
60 89
11 50
9 95
61 32
12 74
10 53
62 60
13 87
11 48
63 67
14 84
12 11
64 41
15 15
13 89
65 26
16 60
14 10
66 80
17 71
15 88
67 70
18 20
16 76
68 27
19 38
17 15
69 55
20 28
18 95
70 78
21 92
19 46
71 22
22 79
20 24
72 31
23 80
21 70
73 12
24 25
22 91
74 55
25 17
23 38
75 26
26 25
24 85
76 74
27 81
25 92
77 71
28 57
26 11
78 35
29 19
27 56
79 41
30 39
28 57
80 79
31 66
29 64
81 17
32 63
30 92
82 99
33 61
31 70
83 87
34 27
32 46
84 41
35 85
33 83
85 84
36 15
34 81
86 14
37 64
35 13
87 60
38 33
36 15
88 96
39 10
37 21
89 96
40 83
38 23
90 36
41 33
39 84
91 22
42 25
40 100
92 56
43 64
41 32
93 76
44 30
42 88
94 67
45 24
43 64
95 53
46 42
44 19
96 31
47 85
45 30
97 86
48 34
46 15
98 25
49 61
47 13
99 94
50 74
48 83
100 75
49 13
101 12
1 88
52 58
102 53
2 35
53 20
51 30
103 36
3 45
54 91
52 93
104 57
4 30
55 21
53 83
105 15
5 48
56 81
54 98
106 50
6 75
57 12
55 84
107 65
7 85
58 32
56 50
108 95
8 16
59 88
57 22
109 89
9 81
60 83
58 74
110 43
10 18
61 53
59 40
111 38
11 63
62 12
60 67
112 60
12 77
63 77
61 98
113 46
13 45
64 12
62 91
114 31
14 72
65 96
63 53
115 18
15 85
66 59
64 95
116 79
16 29
67 26
65 30
117 62
17 26
68 55
66 15
118 100
18 99
69 73
67 78
119 83
19 39
70 31
68 86
120 59
20 58
71 55
69 87
121 49
21 54
72 55
70 11
122 53
22 64
73 48
71 86
123 26
23 18
74 15
72 59
124 23
24 92
75 14
73 75
125 13
25 47
76 73
74 27
126 18
26 20
77 26
75 53
127 51
27 31
78 94
76 34
128 84
28 41
79 29
77 22
129 59
29 10
80 33
78 68
130 70
30 65
81 66
79 27
131 74
31 36
82 97
80 11
132 47
32 56
83 51
81 83
133 40
33 94
84 79
82 91
134 25
34 98
85 50
83 100
135 62
35 86
86 21
84 19
136 62
36 26
87 61
85 21
137 26
37 96
88 58
86 97
138 20
38 100
89 73
87 32
139 80
39 100
90 55
88 23
140 32
40 19
91 40
89 25
141 16
41 77
92 78
90 49
142 45
42 39
93 100
91 37
143 66
43 44
94 46
92 17
144 57
44 68
95 65
93 51
145 100
45 82
96 52
94 16
146 99
46 45
97 22
95 90
147 19
47 80
98 34
96 72
148 32
48 80
99 31
97 44
149 57
49 19
100 18
98 23
150 77
50 41
99 73
151 74
51 28
102 45
152 82
52 11
103 78
101 92
153 82
53 30
104 15
102 92
154 67
54 62
105 81
103 37
155 77
55 53
106 68
104 73
156 13
56 47
107 47
105 75
157 15
57 87
108 87
106 45
158 62
58 37
109 73
107 39
159 71
59 49
110 90
108 93
160 58
60 51
111 72
109 29
161 75
61 11
112 33
110 29
162 100
62 40
113 54
111 30
163 10
63 61
114 63
112 74
164 24
64 92
115 83
113 49
165 85
65 33
116 32
114 96
166 35
66 80
117 71
115 86
167 92
67 49
118 25
116 85
168 11
68 53
119 42
117 28
169 77
69 99
120 63
118 36
170 17
70 28
121 40
119 82
171 73
71 31
122 76
120 71
172 52
72 89
123 32
121 59
173 28
73 23
124 38
122 52
174 64
74 30
125 55
123 48
175 67
75 95
126 35
124 48
176 54
76 77
127 22
125 40
177 81
77 95
128 20
126 10
178 45
78 29
129 16
127 31
179 59
79 66
130 11
128 77
180 88
80 63
131 37
129 14
181 37
81 65
132 87
130 22
182 31
82 28
133 39
131 70
183 100
83 63
134 69
132 58
184 25
84 40
135 88
133 30
185 33
85 37
136 58
134 84
186 56
86 79
137 42
135 43
187 44
87 41
138 58
136 20
188 17
88 99
139 81
137 55
189 51
89 56
140 40
138 22
190 34
90 54
141 26
139 79
191 21
91 18
142 93
140 16
192 57
92 46
143 15
141 99
193 17
93 38
144 33
142 38
194 70
94 16
145 42
143 70
195 61
95 70
146 23
144 26
196 14
96 79
147 81
145 66
197 35
97 16
148 90
146 33
198 69
98 26
149 72
147 75
199 70
99 81
150 25
148 53
200 64
100 96
149 44
201 15
101 83
152 78
202 92
102 11
153 55
151 39
203 11
103 53
154 87
152 42
204 29
104 32
155 29
153 57
205 25
105 28
156 48
154 71
206 100
106 18
157 57
155 62
207 15
107 68
158 74
156 49
208 65
108 93
159 30
157 56
209 76
109 20
160 82
158 18
210 97
110 19
161 73
159 20
211 46
111 46
162 66
160 25
212 89
112 65
163 82
161 50
213 58
113 17
164 20
162 41
214 64
114 41
165 20
163 60
215 30
115 100
166 13
164 72
216 91
116 29
167 51
165 71
217 11
117 69
168 43
166 66
218 52
118 41
169 96
167 72
219 79
119 43
170 64
168 67
220 72
120 90
171 82
169 26
221 54
121 45
172 49
170 36
222 28
122 22
173 99
171 74
223 54
123 15
174 19
172 98
224 71
124 77
175 61
173 73
225 19
125 74
176 95
174 86
226 14
126 33
177 70
175 50
227 42
127 47
178 91
176 75
228 30
128 24
179 70
177 77
229 61
129 48
180 65
178 81
230 64
130 24
181 92
179 89
231 22
131 92
182 48
180 94
232 88
132 27
183 12
181 36
233 11
133 50
184 22
182 87
234 85
134 79
185 61
183 60
235 69
135 14
186 71
184 85
236 30
136 47
187 73
185 55
237 55
137 32
188 54
186 99
238 89
138 87
189 56
187 11
239 50
139 69
190 34
188 66
240 25
140 77
191 75
189 37
241 76
141 56
192 99
190 55
242 80
142 44
193 18
191 48
243 27
143 35
194 80
192 13
244 87
144 73
195 37
193 50
245 76
145 69
196 91
194 100
246 37
146 85
197 74
195 63
247 52
147 12
198 20
196 92
248 70
148 43
199 99
197 67
249 33
149 33
200 46
198 16
250 56
150 75
199 60
251 71
151 91
202 36
252 95
152 47
203 72
201 36
253 53
153 21
204 71
202 66
254 82
154 62
205 13
203 64
255 92
155 31
206 11
204 71
256 86
156 49
207 72
205 23
257 98
157 98
208 80
206 49
258 76
158 45
209 23
207 90
259 22
159 40
210 36
208 69
260 89
160 15
211 54
209 98
261 92
161 59
212 69
210 70
262 94
162 53
213 94
211 37
263 99
163 15
214 93
212 22
264 71
164 74
215 62
213 24
265 66
165 64
216 85
214 88
266 13
166 28
217 46
215 98
267 17
167 87
218 21
216 47
268 84
168 68
219 63
217 15
269 89
169 73
220 88
218 63
270 35
170 26
221 94
219 37
271 25
171 84
222 52
220 43
272 93
172 96
223 62
221 73
273 70
173 64
224 66
222 79
274 61
174 49
225 11
223 93
275 50
175 82
226 10
224 99
276 23
176 29
227 50
225 11
277 81
177 44
228 33
226 19
278 53
178 97
229 38
227 13
279 83
179 100
230 52
228 57
280 82
180 97
231 27
229 23
281 46
181 29
232 42
230 61
282 52
182 91
233 91
231 33
283 96
183 65
234 58
232 97
284 91
184 85
235 11
233 31
285 70
185 26
236 31
234 77
286 78
186 84
237 57
235 61
287 79
187 29
238 79
236 13
288 47
188 37
239 68
237 96
289 17
189 91
240 73
238 93
290 91
190 11
241 54
239 54
291 69
191 79
242 29
240 40
292 51
192 31
243 36
241 31
293 69
193 61
244 63
242 34
294 73
194 72
245 55
243 78
295 69
195 57
246 61
244 80
296 49
196 28
247 53
245 14
297 73
197 89
248 13
246 47
298 22
198 15
249 18
247 34
299 77
199 55
250 75
248 95
300 72
200 94
249 59
301 80
201 19
252 36
302 74
202 23
253 81
251 13
303 31
203 97
254 20
252 53
304 51
204 20
255 98
253 39
305 71
205 59
256 50
254 51
306 72
206 97
257 34
255 98
307 30
207 82
258 19
256 70
308 83
208 43
259 55
257 31
309 28
209 98
260 100
258 89
310 96
210 72
261 79
259 29
311 35
211 11
262 90
260 19
312 41
212 51
263 28
261 72
313 17
213 14
264 76
262 15
314 23
214 74
265 33
263 73
315 76
215 33
266 26
264 53
316 10
216 91
267 95
265 40
317 72
217 11
268 99
266 49
318 92
218 19
269 29
267 40
319 38
219 13
270 24
268 65
320 23
220 85
271 11
269 22
321 50
221 24
272 53
270 62
322 37
222 59
273 21
271 21
323 19
223 51
274 64
272 93
324 51
224 89
275 85
273 69
325 81
225 29
276 92
274 35
326 36
226 75
277 81
275 10
327 62
227 35
278 83
276 23
328 78
228 15
279 74
277 31
329 28
229 70
280 65
278 77
330 60
230 84
281 52
279 36
331 53
231 43
282 41
280 98
332 80
232 21
283 92
281 15
333 40
233 28
284 94
282 83
334 51
234 44
285 61
283 31
335 29
235 81
286 19
284 97
336 88
236 82
287 30
285 58
337 26
237 31
288 51
286 33
338 16
238 86
289 39
287 90
339 42
239 55
290 39
288 83
340 28
240 54
291 56
289 69
341 18
241 17
292 95
290 87
342 97
242 54
293 82
291 16
343 32
243 99
294 13
292 45
344 76
244 64
295 98
293 69
345 47
245 87
296 70
294 34
346 32
246 79
297 23
295 29
347 14
247 58
298 86
296 92
348 63
248 33
299 49
297 39
349 89
249 30
300 88
298 58
350 18
250 36
299 65
351 45
251 90
302 16
352 100
252 97
303 46
301 73
353 51
253 37
304 87
302 18
354 89
254 10
305 70
303 44
355 17
255 36
306 96
304 38
356 23
256 86
307 19
305 41
357 71
257 91
308 73
306 60
358 15
258 41
309 27
307 83
359 73
259 61
310 48
308 27
360 66
260 25
311 34
309 91
361 39
261 14
312 50
310 41
362 54
262 13
313 42
311 81
363 44
263 94
314 53
312 30
364 91
264 92
315 32
313 91
365 98
265 37
316 65
314 14
366 29
266 31
317 45
315 97
367 20
267 94
318 58
316 66
368 46
268 91
319 92
317 26
369 36
269 11
320 64
318 95
370 13
270 56
321 98
319 64
371 31
271 39
322 19
320 45
372 13
272 29
323 70
321 33
373 66
273 67
324 49
322 25
374 72
274 39
325 67
323 21
375 65
275 57
326 72
324 27
376 88
276 51
327 79
325 48
377 94
277 53
328 22
326 25
378 69
278 19
329 25
327 24
379 88
279 64
330 51
328 96
380 80
280 94
331 45
329 96
381 74
281 63
332 63
330 17
382 47
282 12
333 14
331 24
383 60
283 76
334 52
332 90
384 31
284 20
335 76
333 41
385 96
285 61
336 63
334 64
386 87
286 29
337 31
335 26
387 65
287 44
338 28
336 17
388 34
288 18
339 85
337 63
389 89
289 75
340 86
338 20
390 18
290 92
341 22
339 71
391 78
291 21
342 61
340 41
392 13
292 47
343 37
341 76
393 77
293 62
344 35
342 24
394 40
294 38
345 36
343 89
395 95
295 58
346 11
344 51
396 15
296 58
347 66
345 71
397 64
297 65
348 40
346 65
398 66
298 26
349 16
347 79
399 76
299 88
350 77
348 80
400 72
300 15
349 15
401 52
301 10
352 54
402 78
302 77
353 59
351 85
403 90
303 78
354 51
352 82
404 27
304 69
355 88
353 19
405 62
305 88
356 81
354 14
406 41
306 31
357 78
355 44
407 78
307 100
358 78
356 70
408 40
308 99
359 67
357 93
409 49
309 51
360 85
358 47
410 56
310 25
361 51
359 11
411 44
311 77
362 57
360 38
412 31
312 79
363 88
361 95
413 71
313 97
364 29
362 16
414 73
314 98
365 89
363 51
415 19
315 25
366 59
364 100
416 40
316 68
367 42
365 14
417 51
317 55
368 20
366 52
418 37
318 41
369 17
367 74
419 40
319 83
370 69
368 38
420 64
320 49
371 64
369 77
421 73
321 17
372 10
370 60
422 98
322 19
373 47
371 36
423 48
323 19
374 31
372 97
424 86
324 98
375 27
373 56
425 69
325 50
376 74
374 90
426 35
326 67
377 26
375 14
427 24
327 58
378 91
376 52
428 67
328 24
379 71
377 49
429 65
329 93
380 78
378 95
430 93
330 70
381 96
379 84
431 94
331 29
382 14
380 84
432 90
332 69
383 24
381 97
433 49
333 10
384 16
382 15
434 87
334 78
385 61
383 61
435 16
335 76
386 22
384 21
436 27
336 44
387 74
385 20
437 54
337 35
388 48
386 100
438 91
338 46
389 15
387 51
439 100
339 99
390 23
388 22
440 97
340 23
391 11
389 52
441 59
341 77
392 10
390 42
442 16
342 16
393 53
391 19
443 10
343 17
394 99
392 20
444 48
344 94
395 15
393 32
445 51
345 15
396 16
394 31
446 95
346 96
397 98
395 20
447 85
347 58
398 73
396 20
448 66
348 58
399 36
397 54
449 86
349 32
400 24
398 47
450 10
350 74
399 49
451 92
351 29
402 90
452 45
352 32
403 77
401 65
453 29
353 99
404 30
402 34
454 22
354 35
405 31
403 20
455 83
355 41
406 28
404 56
456 54
356 53
407 46
405 65
457 27
357 55
408 75
406 82
458 61
358 30
409 30
407 44
459 57
359 94
410 16
408 32
460 89
360 18
411 34
409 59
461 63
361 61
412 92
410 46
462 29
362 47
413 93
411 76
463 99
363 68
414 89
412 19
464 48
364 13
415 68
413 89
465 75
365 33
416 24
414 70
466 65
366 30
417 10
415 88
467 52
367 40
418 62
416 91
468 79
368 11
419 13
417 76
469 93
369 50
420 89
418 34
470 94
370 59
421 27
419 36
471 91
371 33
422 60
420 12
472 68
372 93
423 67
421 17
473 36
373 11
424 73
422 21
474 17
374 85
425 86
423 28
475 90
375 83
426 58
424 26
476 87
376 38
427 83
425 10
477 19
377 20
428 23
426 15
478 95
378 16
429 95
427 31
479 10
379 69
430 37
428 25
480 66
380 62
431 76
429 12
481 96
381 73
432 70
430 60
482 19
382 35
433 46
431 22
483 89
383 35
434 66
432 57
484 74
384 71
435 68
433 88
485 74
385 17
436 28
434 81
486 78
386 95
437 36
435 31
487 38
387 95
438 56
436 65
488 16
388 35
439 82
437 90
489 42
389 73
440 67
438 32
490 80
390 76
441 63
439 13
491 39
391 54
442 74
440 91
492 16
392 98
443 60
441 62
493 22
393 86
444 73
442 35
494 44
394 47
445 98
443 93
495 40
395 79
446 48
444 40
496 100
396 23
447 96
445 51
497 54
397 58
448 17
446 71
498 35
398 31
449 50
447 69
499 62
399 64
450 79
448 57
500 54
400 76
449 26
501 78
401 99
452 54
502 88
402 33
453 72
451 91
503 82
403 71
454 53
452 79
504 75
404 15
455 87
453 47
505 19
405 82
456 14
454 32
506 29
406 15
457 57
455 87
507 28
407 61
458 64
456 37
508 45
408 61
459 40
457 53
509 49
409 35
460 99
458 76
510 28
410 60
461 82
459 16
511 23
411 55
462 57
460 97
512 63
412 64
463 45
461 85
513 33
413 87
464 33
462 51
514 15
414 56
465 49
463 40
515 26
415 87
466 95
464 42
516 49
416 53
467 99
465 57
517 31
417 96
468 18
466 12
518 37
418 39
469 27
467 56
519 43
419 69
470 93
468 70
520 69
420 31
471 43
469 74
521 52
421 77
472 27
470 35
522 72
422 38
473 47
471 35
523 31
423 64
474 51
472 64
524 76
424 27
475 88
473 57
525 43
425 47
476 73
474 86
526 97
426 95
477 64
475 12
527 96
427 32
478 50
476 19
528 24
428 92
479 37
477 75
529 80
429 23
480 74
478 83
530 50
430 41
481 42
479 80
531 98
431 80
482 36
480 24
532 19
432 91
483 14
481 61
533 88
433 28
484 35
482 46
534 52
434 80
485 32
483 21
535 96
435 42
486 23
484 83
536 12
436 26
487 39
485 71
537 79
437 52
488 73
486 64
538 71
438 62
489 87
487 60
539 30
439 32
490 67
488 63
540 65
440 56
491 15
489 22
541 76
441 91
492 67
490 82
542 17
442 20
493 18
491 43
543 15
443 43
494 71
492 34
544 39
444 90
495 92
493 95
545 17
445 84
496 25
494 52
546 90
446 28
497 60
495 74
547 88
447 59
498 89
496 44
548 71
448 62
499 87
497 48
549 97
449 90
500 22
498 30
550 76
450 34
499 82
551 90
451 95
502 21
552 45
452 11
503 35
501 59
553 33
453 52
504 67
502 22
554 91
454 91
505 29
503 88
555 65
455 58
506 83
504 16
556 27
456 83
507 80
505 74
557 87
457 64
508 14
506 40
558 46
458 70
509 73
507 76
559 79
459 22
510 91
508 75
560 95
460 14
511 46
509 33
561 24
461 47
512 95
510 86
562 80
462 45
513 36
511 18
563 23
463 89
514 41
512 10
564 41
464 47
515 70
513 97
565 28
465 95
516 61
514 20
566 18
466 93
517 59
515 46
567 58
467 51
518 37
516 90
568 66
468 30
519 76
517 32
569 71
469 25
520 17
518 69
570 35
470 18
521 32
519 28
571 15
471 16
522 69
520 80
572 59
472 12
523 52
521 67
573 48
473 82
524 72
522 67
574 94
474 83
525 96
523 79
575 40
475 39
526 85
524 62
576 99
476 18
527 74
525 45
577 34
477 40
528 67
526 35
578 26
478 22
529 32
527 53
579 91
479 19
530 51
528 85
580 26
480 33
531 17
529 78
581 24
481 76
532 46
530 50
582 27
482 64
533 66
531 42
583 91
483 78
534 77
532 56
584 30
484 35
535 69
533 96
585 24
485 81
536 61
534 82
586 91
486 66
537 79
535 95
587 29
487 27
538 67
536 41
588 59
488 41
539 36
537 51
589 59
489 19
540 25
538 48
590 51
490 38
541 24
539 13
591 10
491 72
542 12
540 20
592 43
492 57
543 100
541 62
593 88
493 68
544 26
542 62
594 31
494 34
545 15
543 23
595 12
495 63
546 51
544 12
596 19
496 84
547 89
545 80
597 67
497 54
548 67
546 42
598 15
498 36
549 74
547 78
599 10
499 76
550 36
548 42
600 30
500 81
549 24
501 58
552 15
502 55
553 34
551 19
503 84
554 55
552 41
504 63
555 42
553 18
505 17
556 24
554 48
506 62
557 57
555 61
507 14
558 70
556 91
508 67
559 34
557 84
509 36
560 19
558 89
510 88
561 24
559 58
511 24
562 37
560 69
512 86
563 84
561 96
513 70
564 25
562 31
514 85
565 80
563 13
515 23
566 31
564 84
516 90
567 87
565 79
517 33
568 37
566 88
518 59
569 61
567 100
519 32
570 71
568 98
520 61
571 50
569 86
521 32
572 40
570 92
522 92
573 66
571 71
523 67
574 100
572 81
524 81
575 68
573 17
525 77
576 66
574 22
526 38
577 21
575 51
527 62
578 42
576 99
528 50
579 89
577 95
529 76
580 22
578 54
530 66
581 16
579 55
531 49
582 45
580 99
532 38
583 88
581 60
533 22
584 87
582 26
534 61
585 73
583 42
535 14
586 45
584 57
536 64
587 39
585 100
537 33
588 63
586 55
538 38
589 25
587 12
539 14
590 32
588 89
540 62
591 23
589 31
541 64
592 62
590 56
542 15
593 24
591 42
543 44
594 46
592 75
544 35
595 91
593 59
545 55
596 43
594 93
546 83
597 82
595 17
547 90
598 10
596 38
548 63
599 38
597 87
549 16
600 61
598 84
550 42
599 36
229
542
3 486 236 229 
1 514 
2 558 373 
1 442 
4 286 4 430 225 
3 203 269 578 
1 379 
2 307 388 
1 285 
3 310 579 489 
2 263 538 
2 271 501 
1 51 
3 153 363 5 
5 572 390 28 422 437 
3 402 242 449 
3 493 224 569 
1 499 
3 353 413 181 
1 575 
2 348 500 
1 405 
2 554 260 
1 2 
3 537 107 112 
3 580 397 92 
1 176 
2 126 306 
2 331 71 
2 561 38 
1 197 
1 498 
1 18 
1 477 
2 261 200 
1 63 
4 517 95 324 428 
2 194 516 
1 410 
2 468 330 
4 152 507 145 292 
1 343 
1 84 
1 360 
2 276 140 
2 420 47 
2 137 427 
2 407 35 
1 221 
3 277 403 24 
2 118 27 
2 94 136 
2 182 451 
1 217 
1 519 
3 325 26 563 
3 568 458 204 
1 249 
2 251 169 
1 278 
1 371 
3 367 283 480 
1 248 
1 120 
2 336 425 
1 281 
1 255 
2 211 81 
2 154 381 
3 90 543 167 
1 219 
3 344 474 96 
1 31 
1 447 
1 124 
2 122 460 
2 49 39 
2 45 323 
1 401 
3 582 406 52 
1 553 
1 253 
1 175 
2 280 334 
3 524 539 467 
1 404 
1 1 
2 256 492 
3 457 272 512 
1 60 
1 436 
3 15 273 527 
2 339 48 
1 308 
2 162 87 
2 267 135 
3 597 513 180 
2 234 171 
2 531 133 
1 485 
2 462 214 
2 235 570 
3 163 144 215 
2 522 202 
1 37 
1 102 
1 298 
3 529 9 156 
2 450 34 
2 361 258 
1 433 
1 240 
1 445 
2 170 542 
