400 1520 10 100 76
2
3
3
3
3
3
3
3
3
3
3
3
3
3
3
3
3
3
3
2
3
4
4
4
4
4
4
4
4
4
4
4
4
4
4
4
4
4
4
3
3
4
4
4
4
4
4
4
4
4
4
4
4
4
4
4
4
4
4
3
3
4
4
4
4
4
4
4
4
4
4
4
4
4
4
4
4
4
4
3
3
4
4
4
4
4
4
4
4
4
4
4
4
4
4
4
4
4
4
3
3
4
4
4
4
4
4
4
4
4
4
4
4
4
4
4
4
4
4
3
3
4
4
4
4
4
4
4
4
4
4
4
4
4
4
4
4
4
4
3
3
4
4
4
4
4
4
4
4
4
4
4
4
4
4
4
4
4
4
3
3
4
4
4
4
4
4
4
4
4
4
4
4
4
4
4
4
4
4
3
3
4
4
4
4
4
4
4
4
4
4
4
4
4
4
4
4
4
4
3
3
4
4
4
4
4
4
4
4
4
4
4
4
4
4
4
4
4
4
3
3
4
4
4
4
4
4
4
4
4
4
4
4
4
4
4
4
4
4
3
3
4
4
4
4
4
4
4
4
4
4
4
4
4
4
4
4
4
4
3
3
4
4
4
4
4
4
4
4
4
4
4
4
4
4
4
4
4
4
3
3
4
4
4
4
4
4
4
4
4
4
4
4
4
4
4
4
4
4
3
3
4
4
4
4
4
4
4
4
4
4
4
4
4
4
4
4
4
4
3
3
4
4
4
4
4
4
4
4
4
4
4
4
4
4
4
4
4
4
3
3
4
4
4
4
4
4
4
4
4
4
4
4
4
4
4
4
4
4
3
3
4
4
4
4
4
4
4
4
4
4
4
4
4
4
4
4
4
4
3
2
3
3
3
3
3
3
3
3
3
3
3
3
3
3
3
3
3
3
2
21 65
2 29
22 68
3 100
1 95
23 67
4 61
2 53
24 51
5 48
3 63
25 60
6 70
4 100
26 83
7 57
5 10
27 40
8 70
6 77
28 81
9 87
7 41
29 95
10 53
8 71
30 29
11 27
9 14
31 75
12 98
10 53
32 11
13 72
11 75
33 92
14 56
12 98
34 10
15 50
13 80
35 47
16 82
14 84
36 88
17 40
15 44
37 48
18 14
16 24
38 27
19 41
17 80
39 35
20 72
18 88
40 84
19 78
41 20
1 78
22 80
42 27
2 98
23 53
21 68
43 96
3 57
24 66
22 46
44 79
4 52
25 95
23 27
45 79
5 16
26 60
24 47
46 96
6 86
27 33
25 18
47 45
7 35
28 36
26 51
48 17
8 76
29 18
27 26
49 75
9 54
30 55
28 67
50 30
10 61
31 66
29 12
51 58
11 83
32 33
30 15
52 63
12 70
33 24
31 83
53 98
13 39
34 37
32 31
54 17
14 67
35 100
33 26
55 22
15 90
36 84
34 29
56 11
16 47
37 35
35 23
57 15
17 16
38 20
36 22
58 99
18 38
39 47
37 85
59 86
19 95
40 96
38 85
60 71
20 75
39 20
61 22
21 43
42 94
62 90
22 60
43 72
41 61
63 37
23 58
44 63
42 59
64 33
24 35
45 86
43 21
65 14
25 97
46 32
44 27
66 34
26 43
47 28
45 13
67 18
27 16
48 41
46 99
68 76
28 77
49 39
47 60
69 100
29 57
50 58
48 69
70 60
30 42
51 49
49 76
71 77
31 52
52 91
50 55
72 18
32 43
53 61
51 70
73 42
33 40
54 26
52 51
74 23
34 32
55 28
53 95
75 35
35 46
56 49
54 54
76 52
36 76
57 84
55 59
77 43
37 51
58 13
56 38
78 13
38 42
59 62
57 94
79 72
39 91
60 26
58 42
80 95
40 53
59 16
81 55
41 26
62 26
82 94
42 75
63 89
61 97
83 76
43 74
64 78
62 84
84 95
44 24
65 19
63 94
85 64
45 17
66 16
64 11
86 96
46 30
67 42
65 72
87 70
47 24
68 65
66 63
88 26
48 74
69 91
67 85
89 10
49 23
70 83
68 84
90 68
50 77
71 96
69 58
91 68
51 12
72 12
70 15
92 94
52 17
73 10
71 70
93 79
53 81
74 37
72 30
94 16
54 46
75 35
73 58
95 64
55 43
76 46
74 89
96 12
56 38
77 83
75 95
97 74
57 46
78 84
76 39
98 33
58 37
79 98
77 96
99 61
59 50
80 90
78 64
100 81
60 14
79 60
101 18
61 26
82 19
102 86
62 21
83 13
81 68
103 78
63 73
84 57
82 67
104 66
64 50
85 35
83 81
105 34
65 59
86 25
84 87
106 94
66 52
87 65
85 14
107 38
67 55
88 88
86 13
108 17
68 26
89 57
87 67
109 35
69 74
90 80
88 33
110 52
70 49
91 55
89 20
111 46
71 98
92 17
90 58
112 79
72 100
93 61
91 62
113 68
73 51
94 21
92 69
114 100
74 14
95 55
93 52
115 33
75 45
96 31
94 22
116 72
76 40
97 58
95 88
117 77
77 80
98 45
96 49
118 81
78 52
99 70
97 37
119 57
79 25
100 91
98 57
120 87
80 30
99 64
121 12
81 23
102 40
122 66
82 66
103 31
101 97
123 83
83 63
104 48
102 47
124 47
84 50
105 69
103 67
125 76
85 25
106 41
104 46
126 72
86 86
107 46
105 34
127 76
87 90
108 64
106 86
128 76
88 28
109 47
107 11
129 43
89 47
110 52
108 15
130 18
90 89
111 46
109 20
131 43
91 69
112 41
110 58
132 32
92 92
113 54
111 15
133 71
93 82
114 75
112 24
134 99
94 54
115 34
113 96
135 17
95 68
116 65
114 85
136 11
96 66
117 89
115 100
137 53
97 79
118 79
116 38
138 63
98 38
119 96
117 94
139 25
99 58
120 73
118 26
140 41
100 19
119 15
141 15
101 42
122 25
142 26
102 89
123 41
121 96
143 68
103 23
124 77
122 68
144 19
104 30
125 18
123 90
145 64
105 45
126 98
124 56
146 21
106 60
127 99
125 30
147 25
107 25
128 58
126 26
148 77
108 98
129 56
127 12
149 17
109 21
130 79
128 57
150 72
110 49
131 21
129 56
151 34
111 61
132 62
130 38
152 76
112 99
133 17
131 54
153 32
113 55
134 65
132 78
154 64
114 29
135 18
133 96
155 10
115 52
136 18
134 46
156 41
116 90
137 47
135 89
157 10
117 75
138 36
136 17
158 21
118 78
139 35
137 70
159 96
119 29
140 100
138 13
160 45
120 54
139 83
161 86
121 13
142 61
162 96
122 74
143 78
141 38
163 98
123 92
144 16
142 40
164 88
124 69
145 26
143 42
165 88
125 78
146 60
144 82
166 70
126 97
147 62
145 40
167 54
127 38
148 46
146 77
168 46
128 44
149 25
147 59
169 94
129 40
150 31
148 85
170 80
130 63
151 83
149 94
171 17
131 20
152 85
150 93
172 43
132 51
153 91
151 31
173 11
133 72
154 20
152 43
174 96
134 53
155 99
153 86
175 10
135 63
156 32
154 31
176 13
136 94
157 82
155 87
177 55
137 95
158 36
156 89
178 42
138 77
159 69
157 50
179 29
139 20
160 52
158 98
180 17
140 99
159 16
181 65
141 89
162 43
182 38
142 60
163 20
161 46
183 14
143 13
164 76
162 36
184 24
144 51
165 31
163 87
185 81
145 18
166 10
164 10
186 14
146 80
167 61
165 99
187 67
147 75
168 95
166 100
188 26
148 24
169 46
167 80
189 86
149 50
170 39
168 51
190 88
150 74
171 21
169 13
191 39
151 56
172 54
170 47
192 92
152 19
173 12
171 59
193 78
153 75
174 76
172 56
194 31
154 83
175 54
173 18
195 85
155 83
176 73
174 76
196 22
156 24
177 61
175 100
197 95
157 30
178 25
176 57
198 90
158 28
179 68
177 22
199 96
159 90
180 68
178 55
200 93
160 86
179 99
201 87
161 94
182 68
202 87
162 56
183 52
181 43
203 90
163 29
184 83
182 90
204 77
164 35
185 53
183 87
205 62
165 32
186 43
184 73
206 100
166 42
187 95
185 82
207 55
167 96
188 30
186 11
208 87
168 85
189 17
187 59
209 59
169 81
190 33
188 11
210 65
170 50
191 10
189 46
211 36
171 20
192 82
190 14
212 13
172 34
193 90
191 23
213 93
173 43
194 54
192 78
214 70
174 88
195 29
193 61
215 20
175 20
196 72
194 35
216 58
176 52
197 99
195 22
217 40
177 61
198 46
196 85
218 46
178 41
199 74
197 12
219 63
179 86
200 56
198 63
220 81
180 70
199 75
221 83
181 71
202 25
222 83
182 36
203 17
201 48
223 58
183 86
204 35
202 91
224 69
184 45
205 59
203 97
225 12
185 31
206 49
204 85
226 46
186 36
207 22
205 66
227 71
187 51
208 86
206 78
228 41
188 43
209 51
207 45
229 55
189 33
210 72
208 46
230 84
190 34
211 90
209 78
231 63
191 100
212 83
210 92
232 19
192 18
213 62
211 60
233 40
193 54
214 88
212 17
234 55
194 74
215 44
213 18
235 66
195 46
216 63
214 31
236 20
196 55
217 66
215 66
237 94
197 84
218 52
216 30
238 24
198 43
219 31
217 95
239 44
199 81
220 98
218 97
240 31
200 94
219 61
241 16
201 45
222 49
242 42
202 83
223 63
221 39
243 25
203 51
224 33
222 22
244 65
204 38
225 85
223 29
245 51
205 19
226 89
224 39
246 46
206 11
227 36
225 18
247 21
207 52
228 23
226 98
248 79
208 53
229 39
227 40
249 69
209 63
230 75
228 55
250 99
210 25
231 52
229 82
251 43
211 45
232 71
230 42
252 58
212 20
233 69
231 39
253 39
213 72
234 67
232 18
254 14
214 64
235 82
233 23
255 39
215 41
236 92
234 89
256 27
216 39
237 77
235 41
257 39
217 64
238 37
236 42
258 62
218 91
239 69
237 51
259 98
219 78
240 33
238 62
260 81
220 69
239 58
261 53
221 56
242 23
262 10
222 19
243 81
241 20
263 60
223 84
244 49
242 19
264 85
224 11
245 27
243 12
265 83
225 42
246 27
244 50
266 26
226 52
247 64
245 76
267 52
227 96
248 50
246 91
268 93
228 64
249 28
247 67
269 60
229 15
250 37
248 59
270 74
230 50
251 35
249 90
271 39
231 55
252 84
250 78
272 34
232 66
253 21
251 15
273 74
233 46
254 48
252 38
274 23
234 84
255 94
253 69
275 82
235 22
256 51
254 66
276 86
236 54
257 19
255 84
277 40
237 42
258 20
256 73
278 56
238 35
259 82
257 16
279 92
239 72
260 88
258 34
280 70
240 67
259 73
281 45
241 40
262 52
282 17
242 81
263 49
261 89
283 33
243 92
264 90
262 81
284 28
244 38
265 56
263 79
285 44
245 32
266 53
264 31
286 64
246 49
267 36
265 77
287 87
247 53
268 24
266 42
288 81
248 82
269 53
267 65
289 45
249 37
270 79
268 13
290 55
250 37
271 51
269 93
291 34
251 20
272 49
270 44
292 30
252 14
273 25
271 98
293 81
253 85
274 66
272 37
294 65
254 48
275 61
273 23
295 98
255 81
276 61
274 30
296 100
256 58
277 87
275 38
297 94
257 64
278 26
276 34
298 55
258 46
279 73
277 16
299 50
259 59
280 60
278 75
300 32
260 24
279 73
301 84
261 73
282 75
302 43
262 52
283 16
281 11
303 90
263 64
284 90
282 53
304 48
264 59
285 83
283 22
305 15
265 72
286 60
284 47
306 56
266 82
287 49
285 76
307 60
267 50
288 15
286 79
308 73
268 69
289 38
287 69
309 87
269 46
290 59
288 95
310 63
270 20
291 91
289 41
311 34
271 68
292 77
290 60
312 96
272 74
293 11
291 86
313 100
273 18
294 69
292 71
314 50
274 33
295 22
293 81
315 12
275 88
296 53
294 23
316 48
276 52
297 59
295 63
317 22
277 30
298 91
296 30
318 46
278 26
299 42
297 14
319 64
279 44
300 59
298 61
320 100
280 91
299 83
321 33
281 87
302 64
322 34
282 41
303 78
301 77
323 69
283 93
304 33
302 22
324 33
284 95
305 52
303 59
325 26
285 82
306 13
304 28
326 88
286 81
307 22
305 33
327 69
287 82
308 29
306 90
328 66
288 33
309 91
307 21
329 27
289 64
310 82
308 59
330 93
290 42
311 68
309 82
331 52
291 67
312 42
310 81
332 29
292 70
313 31
311 38
333 73
293 56
314 15
312 12
334 92
294 98
315 87
313 85
335 92
295 95
316 21
314 36
336 48
296 22
317 44
315 13
337 59
297 17
318 54
316 49
338 66
298 86
319 42
317 73
339 38
299 14
320 28
318 72
340 80
300 91
319 69
341 91
301 65
322 57
342 24
302 41
323 87
321 20
343 76
303 59
324 91
322 84
344 34
304 30
325 94
323 85
345 71
305 14
326 66
324 75
346 31
306 17
327 95
325 51
347 61
307 49
328 51
326 70
348 82
308 27
329 62
327 86
349 11
309 74
330 51
328 51
350 96
310 93
331 34
329 16
351 87
311 32
332 51
330 33
352 61
312 21
333 22
331 28
353 77
313 50
334 91
332 29
354 41
314 81
335 49
333 26
355 64
315 64
336 49
334 73
356 50
316 57
337 50
335 49
357 79
317 55
338 19
336 46
358 100
318 41
339 27
337 78
359 29
319 43
340 84
338 94
360 81
320 60
339 26
361 52
321 39
342 56
362 63
322 62
343 98
341 70
363 75
323 51
344 43
342 40
364 88
324 27
345 17
343 29
365 71
325 13
346 45
344 55
366 80
326 50
347 43
345 13
367 13
327 66
348 69
346 57
368 53
328 47
349 97
347 94
369 89
329 28
350 90
348 74
370 64
330 27
351 26
349 63
371 16
331 76
352 28
350 60
372 42
332 79
353 61
351 58
373 99
333 53
354 21
352 86
374 21
334 33
355 98
353 54
375 19
335 84
356 82
354 70
376 38
336 86
357 44
355 87
377 71
337 28
358 40
356 19
378 96
338 46
359 27
357 79
379 24
339 97
360 11
358 68
380 82
340 49
359 31
381 16
341 17
362 40
382 26
342 26
363 35
361 57
383 95
343 76
364 46
362 88
384 37
344 88
365 84
363 63
385 98
345 59
366 55
364 57
386 44
346 15
367 90
365 70
387 76
347 97
368 31
366 42
388 87
348 81
369 29
367 71
389 89
349 78
370 82
368 23
390 41
350 72
371 33
369 49
391 68
351 89
372 36
370 63
392 31
352 46
373 81
371 94
393 70
353 24
374 86
372 53
394 64
354 42
375 100
373 60
395 14
355 44
376 71
374 36
396 55
356 21
377 29
375 57
397 93
357 87
378 19
376 70
398 10
358 42
379 16
377 77
399 16
359 81
380 19
378 89
400 18
360 81
379 91
361 87
382 41
362 27
383 42
381 14
363 63
384 20
382 10
364 20
385 65
383 64
365 35
386 32
384 66
366 29
387 34
385 70
367 80
388 33
386 17
368 27
389 33
387 11
369 14
390 18
388 100
370 33
391 48
389 45
371 15
392 99
390 77
372 12
393 88
391 22
373 49
394 28
392 34
374 84
395 95
393 51
375 47
396 23
394 85
376 84
397 72
395 65
377 15
398 39
396 10
378 98
399 38
397 46
379 73
400 70
398 86
380 99
399 100
43
179
1 43 
1 96 
1 263 
1 292 
1 69 
1 15 
2 35 7 
1 86 
3 166 369 397 
3 301 194 294 
2 126 367 
2 119 76 
2 161 335 
2 162 158 
2 77 251 
1 222 
2 118 361 
3 313 114 132 
3 302 336 372 
1 10 
2 149 320 
3 185 135 257 
1 218 
1 168 
1 108 
3 288 61 87 
2 371 232 
1 66 
2 84 255 
1 207 
1 272 
2 240 246 
2 26 159 
2 65 145 
4 122 21 83 127 
1 282 
2 312 200 
1 328 
2 13 104 
1 188 
1 275 
1 380 
1 334 
3 141 214 341 
3 40 63 212 
2 171 134 
1 286 
1 111 
1 284 
1 182 
1 277 
3 71 352 4 
1 289 
3 193 70 174 
4 147 393 262 315 
3 368 245 400 
2 306 250 
5 55 12 265 140 359 
1 29 
2 260 319 
1 374 
1 89 
1 205 
3 210 236 331 
3 252 92 150 
1 311 
1 382 
2 271 112 
2 360 81 
3 9 16 50 
4 297 191 107 217 
4 340 74 157 321 
1 385 
1 388 
1 163 
1 179 
