400 1520 10 100 76
2
3
3
3
3
3
3
3
3
3
3
3
3
3
3
3
3
3
3
2
3
4
4
4
4
4
4
4
4
4
4
4
4
4
4
4
4
4
4
3
3
4
4
4
4
4
4
4
4
4
4
4
4
4
4
4
4
4
4
3
3
4
4
4
4
4
4
4
4
4
4
4
4
4
4
4
4
4
4
3
3
4
4
4
4
4
4
4
4
4
4
4
4
4
4
4
4
4
4
3
3
4
4
4
4
4
4
4
4
4
4
4
4
4
4
4
4
4
4
3
3
4
4
4
4
4
4
4
4
4
4
4
4
4
4
4
4
4
4
3
3
4
4
4
4
4
4
4
4
4
4
4
4
4
4
4
4
4
4
3
3
4
4
4
4
4
4
4
4
4
4
4
4
4
4
4
4
4
4
3
3
4
4
4
4
4
4
4
4
4
4
4
4
4
4
4
4
4
4
3
3
4
4
4
4
4
4
4
4
4
4
4
4
4
4
4
4
4
4
3
3
4
4
4
4
4
4
4
4
4
4
4
4
4
4
4
4
4
4
3
3
4
4
4
4
4
4
4
4
4
4
4
4
4
4
4
4
4
4
3
3
4
4
4
4
4
4
4
4
4
4
4
4
4
4
4
4
4
4
3
3
4
4
4
4
4
4
4
4
4
4
4
4
4
4
4
4
4
4
3
3
4
4
4
4
4
4
4
4
4
4
4
4
4
4
4
4
4
4
3
3
4
4
4
4
4
4
4
4
4
4
4
4
4
4
4
4
4
4
3
3
4
4
4
4
4
4
4
4
4
4
4
4
4
4
4
4
4
4
3
3
4
4
4
4
4
4
4
4
4
4
4
4
4
4
4
4
4
4
3
2
3
3
3
3
3
3
3
3
3
3
3
3
3
3
3
3
3
3
2
21 62
2 29
22 24
3 25
1 23
23 78
4 66
2 24
24 97
5 94
3 64
25 45
6 46
4 75
26 63
7 82
5 93
27 89
8 33
6 43
28 51
9 61
7 51
29 64
10 97
8 67
30 98
11 51
9 37
31 92
12 40
10 66
32 88
13 58
11 73
33 90
14 63
12 78
34 35
15 45
13 68
35 65
16 20
14 77
36 75
17 51
15 84
37 53
18 51
16 60
38 65
19 92
17 36
39 93
20 95
18 42
40 22
19 96
41 84
1 27
22 54
42 79
2 24
23 44
21 40
43 80
3 60
24 77
22 86
44 29
4 74
25 81
23 37
45 63
5 70
26 80
24 76
46 45
6 26
27 99
25 46
47 43
7 78
28 84
26 48
48 91
8 92
29 73
27 52
49 55
9 30
30 100
28 49
50 42
10 39
31 27
29 42
51 33
11 92
32 42
30 81
52 18
12 50
33 19
31 78
53 21
13 55
34 85
32 44
54 24
14 28
35 61
33 45
55 23
15 76
36 40
34 11
56 20
16 40
37 65
35 14
57 45
17 82
38 22
36 55
58 18
18 24
39 35
37 20
59 52
19 46
40 92
38 16
60 93
20 75
39 98
61 12
21 17
42 13
62 52
22 48
43 14
41 25
63 98
23 38
44 17
42 27
64 80
24 34
45 41
43 22
65 25
25 13
46 12
44 30
66 41
26 93
47 79
45 26
67 63
27 33
48 40
46 28
68 51
28 83
49 81
47 99
69 96
29 57
50 80
48 51
70 99
30 72
51 41
49 24
71 51
31 64
52 17
50 61
72 73
32 32
53 26
51 64
73 90
33 71
54 43
52 78
74 33
34 86
55 45
53 92
75 92
35 48
56 42
54 27
76 22
36 41
57 54
55 86
77 56
37 23
58 23
56 43
78 90
38 94
59 23
57 89
79 80
39 98
60 94
58 37
80 82
40 53
59 62
81 76
41 68
62 25
82 71
42 10
63 100
61 92
83 26
43 39
64 66
62 67
84 35
44 44
65 11
63 19
85 80
45 89
66 24
64 83
86 40
46 84
67 29
65 96
87 98
47 62
68 66
66 37
88 67
48 15
69 72
67 56
89 68
49 67
70 27
68 99
90 75
50 76
71 79
69 46
91 19
51 89
72 44
70 88
92 21
52 79
73 100
71 16
93 18
53 42
74 18
72 96
94 47
54 52
75 24
73 63
95 28
55 27
76 28
74 51
96 28
56 68
77 34
75 72
97 95
57 72
78 42
76 47
98 35
58 76
79 13
77 12
99 89
59 26
80 77
78 30
100 79
60 85
79 38
101 69
61 45
82 22
102 92
62 90
83 33
81 12
103 95
63 60
84 62
82 79
104 100
64 40
85 25
83 66
105 30
65 79
86 19
84 59
106 30
66 50
87 15
85 36
107 81
67 87
88 80
86 59
108 12
68 88
89 25
87 53
109 24
69 35
90 18
88 83
110 15
70 90
91 73
89 32
111 89
71 71
92 13
90 89
112 44
72 67
93 86
91 79
113 56
73 82
94 30
92 41
114 82
74 21
95 60
93 81
115 23
75 70
96 48
94 74
116 55
76 83
97 48
95 40
117 85
77 38
98 31
96 32
118 79
78 93
99 47
97 27
119 78
79 87
100 91
98 65
120 82
80 58
99 23
121 30
81 83
102 47
122 92
82 65
103 51
101 24
123 47
83 92
104 65
102 62
124 85
84 90
105 19
103 48
125 29
85 47
106 46
104 68
126 69
86 19
107 50
105 70
127 69
87 92
108 26
106 37
128 67
88 66
109 69
107 60
129 17
89 42
110 70
108 38
130 52
90 32
111 75
109 62
131 60
91 80
112 82
110 81
132 55
92 48
113 61
111 20
133 54
93 25
114 58
112 56
134 42
94 94
115 91
113 87
135 59
95 56
116 41
114 49
136 39
96 50
117 30
115 64
137 35
97 99
118 63
116 19
138 48
98 94
119 81
117 11
139 41
99 64
120 15
118 84
140 60
100 78
119 90
141 26
101 74
122 60
142 29
102 58
123 14
121 35
143 11
103 30
124 23
122 21
144 39
104 85
125 55
123 40
145 89
105 66
126 88
124 25
146 97
106 36
127 17
125 55
147 74
107 28
128 77
126 69
148 18
108 79
129 53
127 18
149 18
109 31
130 50
128 40
150 83
110 11
131 18
129 35
151 69
111 71
132 78
130 30
152 99
112 40
133 19
131 28
153 20
113 69
134 42
132 81
154 14
114 16
135 37
133 30
155 85
115 30
136 94
134 79
156 56
116 68
137 98
135 68
157 96
117 44
138 98
136 87
158 90
118 92
139 37
137 26
159 10
119 97
140 50
138 69
160 98
120 35
139 96
161 55
121 22
142 47
162 99
122 65
143 41
141 23
163 45
123 26
144 58
142 80
164 25
124 47
145 69
143 71
165 43
125 73
146 74
144 47
166 77
126 51
147 49
145 48
167 93
127 28
148 93
146 85
168 66
128 17
149 43
147 62
169 59
129 98
150 43
148 27
170 37
130 22
151 66
149 45
171 53
131 23
152 27
150 23
172 78
132 84
153 21
151 98
173 10
133 87
154 66
152 12
174 82
134 45
155 64
153 91
175 91
135 58
156 76
154 52
176 93
136 62
157 84
155 19
177 12
137 68
158 61
156 26
178 21
138 79
159 95
157 90
179 57
139 30
160 90
158 15
180 57
140 28
159 41
181 40
141 80
162 25
182 40
142 15
163 44
161 59
183 100
143 79
164 20
162 54
184 53
144 34
165 68
163 65
185 12
145 42
166 76
164 86
186 45
146 59
167 20
165 83
187 81
147 71
168 57
166 54
188 22
148 27
169 94
167 96
189 44
149 24
170 41
168 99
190 87
150 15
171 80
169 88
191 12
151 68
172 84
170 57
192 16
152 24
173 98
171 51
193 29
153 90
174 37
172 39
194 38
154 64
175 79
173 90
195 81
155 29
176 34
174 63
196 14
156 58
177 82
175 37
197 59
157 84
178 20
176 95
198 75
158 24
179 53
177 68
199 10
159 66
180 22
178 67
200 38
160 100
179 66
201 34
161 38
182 18
202 18
162 15
183 58
181 72
203 94
163 30
184 59
182 21
204 46
164 88
185 80
183 94
205 12
165 35
186 93
184 48
206 48
166 79
187 82
185 97
207 59
167 49
188 81
186 46
208 55
168 27
189 57
187 42
209 90
169 75
190 64
188 11
210 59
170 85
191 59
189 21
211 94
171 51
192 61
190 58
212 19
172 37
193 43
191 75
213 82
173 83
194 12
192 21
214 30
174 28
195 19
193 65
215 32
175 21
196 91
194 35
216 91
176 76
197 21
195 76
217 48
177 38
198 59
196 59
218 45
178 31
199 43
197 69
219 26
179 62
200 23
198 61
220 43
180 27
199 80
221 69
181 14
202 91
222 63
182 22
203 12
201 72
223 19
183 11
204 79
202 11
224 94
184 19
205 47
203 19
225 12
185 97
206 68
204 45
226 49
186 72
207 27
205 57
227 75
187 82
208 83
206 68
228 46
188 71
209 25
207 64
229 87
189 86
210 84
208 100
230 36
190 95
211 42
209 25
231 59
191 96
212 23
210 84
232 53
192 40
213 70
211 65
233 85
193 17
214 18
212 80
234 79
194 98
215 54
213 15
235 50
195 100
216 58
214 22
236 50
196 19
217 94
215 60
237 58
197 98
218 22
216 59
238 13
198 57
219 37
217 80
239 34
199 14
220 31
218 76
240 72
200 31
219 72
241 66
201 46
222 64
242 100
202 97
223 28
221 85
243 96
203 44
224 90
222 49
244 62
204 54
225 20
223 87
245 12
205 56
226 12
224 21
246 67
206 87
227 60
225 80
247 62
207 38
228 96
226 52
248 56
208 15
229 25
227 94
249 42
209 69
230 16
228 17
250 94
210 28
231 88
229 87
251 54
211 69
232 79
230 37
252 62
212 23
233 18
231 100
253 50
213 73
234 43
232 77
254 79
214 36
235 94
233 37
255 44
215 88
236 15
234 82
256 63
216 29
237 99
235 43
257 95
217 94
238 78
236 10
258 55
218 77
239 41
237 54
259 33
219 97
240 71
238 19
260 43
220 62
239 42
261 13
221 12
242 39
262 15
222 44
243 85
241 46
263 94
223 100
244 51
242 71
264 62
224 77
245 11
243 79
265 35
225 42
246 48
244 81
266 81
226 54
247 13
245 27
267 73
227 21
248 26
246 27
268 87
228 16
249 86
247 40
269 14
229 72
250 55
248 14
270 76
230 39
251 52
249 56
271 27
231 82
252 52
250 62
272 83
232 96
253 22
251 15
273 84
233 33
254 44
252 17
274 40
234 33
255 89
253 82
275 62
235 67
256 34
254 27
276 96
236 100
257 100
255 49
277 67
237 40
258 66
256 73
278 15
238 91
259 82
257 72
279 62
239 56
260 43
258 32
280 64
240 35
259 56
281 16
241 34
262 72
282 83
242 69
263 84
261 13
283 35
243 38
264 90
262 89
284 26
244 71
265 32
263 68
285 56
245 66
266 71
264 20
286 16
246 13
267 27
265 30
287 46
247 15
268 98
266 70
288 89
248 11
269 10
267 75
289 54
249 41
270 79
268 30
290 50
250 85
271 96
269 36
291 75
251 53
272 72
270 33
292 100
252 32
273 24
271 59
293 89
253 83
274 56
272 46
294 31
254 34
275 73
273 88
295 39
255 76
276 34
274 85
296 100
256 19
277 11
275 47
297 70
257 44
278 23
276 59
298 99
258 81
279 98
277 64
299 71
259 64
280 21
278 56
300 37
260 32
279 26
301 31
261 73
282 68
302 36
262 67
283 96
281 18
303 59
263 46
284 21
282 68
304 25
264 65
285 69
283 19
305 54
265 82
286 21
284 58
306 46
266 14
287 43
285 18
307 33
267 50
288 67
286 60
308 93
268 77
289 22
287 21
309 91
269 23
290 50
288 46
310 32
270 37
291 70
289 65
311 50
271 15
292 27
290 96
312 71
272 18
293 45
291 79
313 82
273 91
294 93
292 33
314 13
274 79
295 99
293 41
315 30
275 69
296 22
294 86
316 35
276 49
297 69
295 16
317 92
277 48
298 33
296 55
318 96
278 60
299 11
297 98
319 81
279 77
300 95
298 50
320 97
280 41
299 50
321 37
281 36
302 46
322 94
282 82
303 27
301 56
323 28
283 52
304 87
302 44
324 27
284 67
305 93
303 33
325 17
285 61
306 79
304 69
326 14
286 17
307 69
305 43
327 88
287 57
308 84
306 23
328 44
288 36
309 75
307 19
329 59
289 30
310 33
308 85
330 21
290 25
311 20
309 16
331 74
291 57
312 46
310 26
332 35
292 50
313 64
311 49
333 65
293 26
314 54
312 40
334 90
294 65
315 18
313 58
335 100
295 29
316 82
314 85
336 48
296 22
317 85
315 32
337 26
297 61
318 46
316 78
338 16
298 47
319 39
317 32
339 50
299 48
320 95
318 37
340 14
300 63
319 74
341 56
301 44
322 15
342 18
302 76
323 31
321 97
343 51
303 96
324 75
322 49
344 100
304 34
325 73
323 28
345 100
305 16
326 13
324 85
346 36
306 10
327 91
325 91
347 69
307 97
328 10
326 72
348 86
308 80
329 82
327 20
349 13
309 81
330 29
328 60
350 33
310 83
331 44
329 17
351 54
311 66
332 81
330 27
352 92
312 64
333 61
331 77
353 39
313 12
334 71
332 44
354 72
314 89
335 12
333 18
355 88
315 88
336 69
334 68
356 37
316 70
337 47
335 28
357 54
317 64
338 12
336 23
358 22
318 47
339 25
337 30
359 43
319 55
340 94
338 78
360 31
320 61
339 35
361 79
321 74
342 86
362 23
322 65
343 16
341 100
363 61
323 32
344 68
342 62
364 67
324 59
345 46
343 27
365 12
325 40
346 92
344 54
366 10
326 98
347 98
345 22
367 61
327 54
348 67
346 31
368 59
328 83
349 55
347 42
369 58
329 71
350 53
348 36
370 73
330 39
351 92
349 95
371 74
331 49
352 71
350 73
372 80
332 23
353 72
351 64
373 54
333 13
354 64
352 41
374 35
334 28
355 22
353 62
375 68
335 83
356 23
354 47
376 37
336 17
357 55
355 73
377 24
337 16
358 25
356 55
378 53
338 67
359 15
357 31
379 22
339 54
360 79
358 33
380 65
340 96
359 10
381 99
341 62
362 57
382 70
342 22
363 72
361 21
383 88
343 63
364 61
362 20
384 24
344 85
365 57
363 29
385 50
345 92
366 76
364 72
386 35
346 63
367 67
365 13
387 82
347 59
368 63
366 42
388 53
348 79
369 40
367 11
389 89
349 38
370 40
368 74
390 49
350 81
371 19
369 83
391 21
351 45
372 22
370 90
392 21
352 62
373 67
371 14
393 90
353 19
374 32
372 60
394 77
354 100
375 68
373 61
395 39
355 89
376 95
374 100
396 30
356 22
377 15
375 68
397 40
357 75
378 42
376 18
398 30
358 12
379 26
377 46
399 22
359 67
380 13
378 49
400 56
360 74
379 64
361 90
382 80
362 14
383 24
381 66
363 82
384 24
382 38
364 79
385 97
383 25
365 30
386 41
384 42
366 81
387 69
385 56
367 98
388 80
386 14
368 35
389 35
387 99
369 47
390 39
388 57
370 82
391 53
389 56
371 76
392 81
390 27
372 42
393 77
391 47
373 77
394 83
392 68
374 41
395 99
393 32
375 66
396 37
394 71
376 38
397 55
395 60
377 80
398 32
396 54
378 15
399 58
397 89
379 80
400 100
398 80
380 13
399 52
134
254
1 134 
2 231 266 
1 191 
2 311 173 
1 255 
3 161 366 123 
2 34 273 
1 182 
1 347 
1 272 
2 26 269 
1 16 
3 195 308 335 
1 243 
1 232 
2 239 392 
1 268 
3 360 300 29 
3 290 373 187 
4 387 378 66 70 
2 333 218 
2 27 315 
2 322 94 
2 111 43 
1 314 
1 105 
2 143 86 
2 194 65 
2 258 20 
2 39 265 
2 382 376 
1 38 
2 4 278 
1 334 
2 46 189 
1 164 
2 177 277 
2 217 75 
1 60 
2 289 275 
3 188 206 379 
1 248 
2 132 285 
1 250 
1 49 
2 133 306 
1 383 
1 85 
3 176 101 197 
2 51 389 
3 125 98 343 
3 96 95 391 
4 385 247 357 50 
3 200 78 166 
1 301 
4 17 240 55 328 
1 126 
2 5 319 
1 149 
1 83 
3 279 353 88 
1 144 
2 72 342 
1 61 
2 325 291 
2 54 201 
2 93 259 
2 131 179 
1 226 
3 139 129 53 
1 219 
4 56 349 193 344 
1 294 
2 180 361 
2 192 97 
1 254 
