144 528 10 100 27
2
3
3
3
3
3
3
3
3
3
3
2
3
4
4
4
4
4
4
4
4
4
4
3
3
4
4
4
4
4
4
4
4
4
4
3
3
4
4
4
4
4
4
4
4
4
4
3
3
4
4
4
4
4
4
4
4
4
4
3
3
4
4
4
4
4
4
4
4
4
4
3
3
4
4
4
4
4
4
4
4
4
4
3
3
4
4
4
4
4
4
4
4
4
4
3
3
4
4
4
4
4
4
4
4
4
4
3
3
4
4
4
4
4
4
4
4
4
4
3
3
4
4
4
4
4
4
4
4
4
4
3
2
3
3
3
3
3
3
3
3
3
3
2
13 65
2 29
14 99
3 31
1 76
15 38
4 10
2 69
16 97
5 55
3 30
17 40
6 60
4 88
18 11
7 46
5 22
19 78
8 31
6 64
20 99
9 28
7 88
21 73
10 11
8 99
22 71
11 15
9 45
23 59
12 41
10 48
24 86
11 95
25 41
1 56
14 64
26 61
2 74
15 77
13 93
27 51
3 50
16 54
14 97
28 58
4 14
17 19
15 63
29 50
5 68
18 45
16 30
30 93
6 85
19 64
17 73
31 36
7 31
20 77
18 88
32 94
8 97
21 57
19 37
33 87
9 40
22 44
20 12
34 19
10 27
23 41
21 75
35 57
11 99
24 47
22 67
36 81
12 78
23 41
37 44
13 23
26 65
38 16
14 81
27 42
25 65
39 31
15 60
28 33
26 11
40 78
16 39
29 11
27 69
41 19
17 82
30 60
28 28
42 68
18 48
31 37
29 76
43 50
19 18
32 12
30 41
44 73
20 96
33 33
31 60
45 57
21 75
34 97
32 53
46 89
22 38
35 12
33 49
47 99
23 11
36 46
34 30
48 56
24 24
35 96
49 52
25 88
38 58
50 93
26 94
39 99
37 22
51 27
27 90
40 22
38 45
52 33
28 38
41 64
39 76
53 26
29 59
42 33
40 13
54 17
30 38
43 39
41 59
55 67
31 82
44 27
42 80
56 21
32 45
45 11
43 49
57 66
33 14
46 59
44 68
58 67
34 12
47 50
45 54
59 61
35 70
48 64
46 77
60 18
36 63
47 92
61 54
37 63
50 39
62 88
38 71
51 63
49 69
63 93
39 76
52 99
50 22
64 30
40 48
53 50
51 39
65 16
41 51
54 12
52 75
66 30
42 29
55 48
53 73
67 94
43 96
56 84
54 76
68 53
44 91
57 86
55 57
69 88
45 70
58 28
56 40
70 22
46 24
59 21
57 73
71 82
47 22
60 60
58 79
72 44
48 46
59 87
73 84
49 74
62 66
74 42
50 49
63 63
61 35
75 64
51 22
64 70
62 33
76 64
52 32
65 92
63 11
77 13
53 47
66 28
64 26
78 27
54 27
67 19
65 70
79 66
55 83
68 28
66 19
80 12
56 22
69 59
67 93
81 80
57 83
70 90
68 84
82 62
58 82
71 87
69 45
83 61
59 13
72 86
70 82
84 35
60 15
71 30
85 80
61 23
74 61
86 13
62 41
75 10
73 13
87 45
63 43
76 100
74 75
88 96
64 65
77 22
75 75
89 17
65 70
78 31
76 76
90 35
66 29
79 89
77 93
91 83
67 73
80 16
78 52
92 43
68 47
81 15
79 38
93 53
69 22
82 15
80 83
94 51
70 36
83 37
81 18
95 92
71 48
84 69
82 86
96 21
72 64
83 48
97 87
73 34
86 18
98 63
74 82
87 18
85 38
99 22
75 17
88 67
86 49
100 36
76 46
89 16
87 26
101 10
77 65
90 76
88 10
102 57
78 45
91 20
89 99
103 42
79 24
92 35
90 37
104 77
80 18
93 52
91 56
105 28
81 94
94 34
92 25
106 13
82 80
95 22
93 55
107 99
83 46
96 72
94 75
108 97
84 92
95 76
109 10
85 93
98 33
110 87
86 88
99 97
97 47
111 29
87 69
100 66
98 25
112 96
88 89
101 21
99 79
113 79
89 65
102 15
100 48
114 28
90 77
103 61
101 80
115 62
91 33
104 91
102 56
116 28
92 66
105 16
103 53
117 61
93 44
106 69
104 30
118 69
94 10
107 72
105 45
119 51
95 60
108 57
106 98
120 68
96 47
107 31
121 88
97 56
110 71
122 30
98 80
111 74
109 60
123 28
99 58
112 12
110 76
124 28
100 92
113 89
111 11
125 95
101 65
114 20
112 81
126 81
102 26
115 97
113 77
127 48
103 87
116 75
114 78
128 79
104 65
117 87
115 67
129 62
105 66
118 98
116 34
130 68
106 78
119 55
117 49
131 68
107 38
120 32
118 93
132 43
108 20
119 85
133 12
109 53
122 88
134 92
110 24
123 23
121 47
135 62
111 70
124 41
122 82
136 33
112 73
125 16
123 72
137 79
113 93
126 96
124 16
138 69
114 31
127 50
125 35
139 35
115 73
128 71
126 83
140 53
116 52
129 92
127 10
141 100
117 58
130 51
128 13
142 58
118 53
131 89
129 87
143 40
119 62
132 38
130 85
144 79
120 12
131 43
121 69
134 17
122 68
135 85
133 11
123 24
136 17
134 84
124 72
137 38
135 16
125 74
138 19
136 65
126 78
139 68
137 82
127 15
140 22
138 97
128 56
141 20
139 81
129 15
142 49
140 83
130 27
143 53
141 90
131 34
144 49
142 21
132 59
143 67
62
85
1 62 
2 105 111 
1 129 
3 24 128 91 
1 68 
2 46 42 
2 94 4 
1 59 
1 6 
2 13 80 
2 54 98 
3 31 112 95 
3 133 124 77 
1 3 
2 89 40 
2 72 138 
2 125 43 
1 101 
1 15 
2 29 41 
2 53 45 
5 28 27 8 92 97 
2 86 21 
1 2 
1 52 
1 60 
3 99 103 85 
