144 528 10 100 27
2
3
3
3
3
3
3
3
3
3
3
2
3
4
4
4
4
4
4
4
4
4
4
3
3
4
4
4
4
4
4
4
4
4
4
3
3
4
4
4
4
4
4
4
4
4
4
3
3
4
4
4
4
4
4
4
4
4
4
3
3
4
4
4
4
4
4
4
4
4
4
3
3
4
4
4
4
4
4
4
4
4
4
3
3
4
4
4
4
4
4
4
4
4
4
3
3
4
4
4
4
4
4
4
4
4
4
3
3
4
4
4
4
4
4
4
4
4
4
3
3
4
4
4
4
4
4
4
4
4
4
3
2
3
3
3
3
3
3
3
3
3
3
2
13 84
2 29
14 68
3 79
1 64
15 24
4 31
2 80
16 85
5 70
3 72
17 22
6 15
4 45
18 11
7 50
5 72
19 51
8 85
6 41
20 56
9 21
7 57
21 22
10 86
8 39
22 27
11 19
9 18
23 12
12 15
10 83
24 56
11 23
25 92
1 97
14 67
26 33
2 44
15 77
13 67
27 94
3 35
16 92
14 47
28 48
4 18
17 89
15 17
29 90
5 23
18 90
16 90
30 80
6 78
19 43
17 98
31 22
7 70
20 12
18 11
32 83
8 96
21 87
19 55
33 68
9 90
22 76
20 58
34 32
10 87
23 74
21 52
35 30
11 11
24 31
22 38
36 14
12 30
23 97
37 80
13 33
26 28
38 29
14 67
27 75
25 80
39 69
15 57
28 66
26 57
40 85
16 42
29 20
27 67
41 45
17 14
30 35
28 61
42 84
18 48
31 36
29 10
43 25
19 76
32 14
30 87
44 62
20 32
33 83
31 59
45 38
21 45
34 71
32 20
46 80
22 90
35 90
33 79
47 69
23 49
36 93
34 80
48 96
24 68
35 72
49 61
25 94
38 23
50 55
26 56
39 11
37 64
51 100
27 62
40 65
38 56
52 29
28 79
41 82
39 77
53 16
29 85
42 64
40 46
54 19
30 100
43 67
41 49
55 18
31 27
44 54
42 84
56 96
32 50
45 76
43 46
57 96
33 32
46 93
44 78
58 23
34 63
47 63
45 67
59 49
35 31
48 90
46 27
60 98
36 52
47 65
61 23
37 58
50 41
62 24
38 80
51 54
49 100
63 66
39 42
52 36
50 26
64 85
40 11
53 45
51 37
65 50
41 65
54 96
52 76
66 23
42 59
55 93
53 89
67 16
43 100
56 88
54 58
68 28
44 19
57 68
55 34
69 32
45 14
58 28
56 44
70 48
46 37
59 85
57 46
71 21
47 76
60 74
58 53
72 53
48 11
59 47
73 22
49 21
62 42
74 12
50 42
63 96
61 18
75 32
51 41
64 37
62 57
76 15
52 47
65 71
63 25
77 12
53 55
66 39
64 90
78 44
54 48
67 60
65 62
79 11
55 95
68 17
66 45
80 85
56 61
69 54
67 79
81 76
57 80
70 37
68 22
82 89
58 53
71 82
69 12
83 60
59 92
72 32
70 47
84 52
60 70
71 82
85 11
61 99
74 74
86 71
62 31
75 97
73 52
87 16
63 22
76 55
74 64
88 40
64 54
77 31
75 97
89 40
65 48
78 30
76 78
90 15
66 100
79 26
77 69
91 86
67 53
80 75
78 72
92 59
68 100
81 58
79 43
93 15
69 72
82 30
80 80
94 38
70 66
83 29
81 13
95 80
71 54
84 77
82 43
96 60
72 18
83 67
97 65
73 26
86 68
98 49
74 77
87 24
85 80
99 77
75 84
88 45
86 13
100 61
76 31
89 47
87 88
101 58
77 43
90 60
88 48
102 12
78 83
91 10
89 15
103 98
79 58
92 69
90 22
104 80
80 83
93 56
91 98
105 55
81 16
94 24
92 25
106 41
82 33
95 59
93 97
107 47
83 88
96 93
94 45
108 13
84 100
95 53
109 11
85 49
98 45
110 13
86 82
99 47
97 22
111 55
87 56
100 99
98 47
112 47
88 80
101 62
99 21
113 70
89 82
102 68
100 18
114 93
90 85
103 15
101 44
115 12
91 54
104 23
102 16
116 79
92 35
105 72
103 92
117 40
93 48
106 32
104 54
118 35
94 18
107 28
105 55
119 31
95 41
108 47
106 95
120 10
96 76
107 60
121 13
97 47
110 58
122 16
98 30
111 86
109 45
123 94
99 57
112 58
110 41
124 80
100 32
113 71
111 81
125 92
101 100
114 24
112 56
126 36
102 30
115 93
113 72
127 30
103 71
116 30
114 64
128 33
104 35
117 72
115 50
129 63
105 79
118 16
116 83
130 73
106 93
119 34
117 58
131 64
107 55
120 39
118 42
132 64
108 55
119 17
133 60
109 57
122 37
134 90
110 12
123 16
121 95
135 75
111 70
124 57
122 33
136 45
112 96
125 12
123 66
137 90
113 93
126 24
124 52
138 10
114 11
127 71
125 58
139 22
115 19
128 52
126 18
140 19
116 14
129 41
127 62
141 80
117 90
130 14
128 51
142 48
118 12
131 61
129 51
143 15
119 18
132 95
130 79
144 57
120 93
131 30
121 27
134 87
122 47
135 63
133 60
123 41
136 21
134 61
124 70
137 76
135 17
125 54
138 17
136 61
126 15
139 53
137 79
127 93
140 72
138 63
128 47
141 55
139 54
129 84
142 49
140 34
130 68
143 85
141 34
131 24
144 78
142 83
132 75
143 50
64
84
2 118 64 
5 47 97 134 93 65 
1 59 
3 18 85 40 
2 54 15 
5 126 42 78 91 35 
1 113 
2 74 36 
2 28 83 
2 123 117 
1 125 
1 108 
1 51 
1 57 
2 32 120 
2 43 103 
1 17 
2 58 24 
3 12 14 13 
1 127 
1 135 
1 138 
3 73 49 45 
1 72 
1 139 
2 79 76 
1 84 
