400 1520 10 100 76
2
3
3
3
3
3
3
3
3
3
3
3
3
3
3
3
3
3
3
2
3
4
4
4
4
4
4
4
4
4
4
4
4
4
4
4
4
4
4
3
3
4
4
4
4
4
4
4
4
4
4
4
4
4
4
4
4
4
4
3
3
4
4
4
4
4
4
4
4
4
4
4
4
4
4
4
4
4
4
3
3
4
4
4
4
4
4
4
4
4
4
4
4
4
4
4
4
4
4
3
3
4
4
4
4
4
4
4
4
4
4
4
4
4
4
4
4
4
4
3
3
4
4
4
4
4
4
4
4
4
4
4
4
4
4
4
4
4
4
3
3
4
4
4
4
4
4
4
4
4
4
4
4
4
4
4
4
4
4
3
3
4
4
4
4
4
4
4
4
4
4
4
4
4
4
4
4
4
4
3
3
4
4
4
4
4
4
4
4
4
4
4
4
4
4
4
4
4
4
3
3
4
4
4
4
4
4
4
4
4
4
4
4
4
4
4
4
4
4
3
3
4
4
4
4
4
4
4
4
4
4
4
4
4
4
4
4
4
4
3
3
4
4
4
4
4
4
4
4
4
4
4
4
4
4
4
4
4
4
3
3
4
4
4
4
4
4
4
4
4
4
4
4
4
4
4
4
4
4
3
3
4
4
4
4
4
4
4
4
4
4
4
4
4
4
4
4
4
4
3
3
4
4
4
4
4
4
4
4
4
4
4
4
4
4
4
4
4
4
3
3
4
4
4
4
4
4
4
4
4
4
4
4
4
4
4
4
4
4
3
3
4
4
4
4
4
4
4
4
4
4
4
4
4
4
4
4
4
4
3
3
4
4
4
4
4
4
4
4
4
4
4
4
4
4
4
4
4
4
3
2
3
3
3
3
3
3
3
3
3
3
3
3
3
3
3
3
3
3
2
21 80
2 29
22 76
3 88
1 73
23 91
4 78
2 20
24 73
5 47
3 27
25 70
6 94
4 33
26 99
7 62
5 68
27 58
8 20
6 69
28 27
9 98
7 16
29 18
10 62
8 82
30 94
11 32
9 29
31 21
12 77
10 90
32 31
13 14
11 22
33 77
14 35
12 56
34 60
15 44
13 86
35 16
16 58
14 59
36 40
17 50
15 19
37 57
18 61
16 25
38 55
19 83
17 80
39 50
20 98
18 78
40 86
19 67
41 99
1 11
22 63
42 35
2 15
23 70
21 38
43 28
3 79
24 82
22 13
44 94
4 44
25 66
23 11
45 83
5 11
26 85
24 95
46 80
6 89
27 99
25 71
47 21
7 58
28 44
26 66
48 26
8 26
29 17
27 29
49 39
9 84
30 13
28 46
50 72
10 52
31 86
29 57
51 50
11 24
32 41
30 92
52 22
12 83
33 23
31 17
53 42
13 38
34 23
32 85
54 19
14 59
35 74
33 90
55 96
15 61
36 47
34 63
56 51
16 71
37 26
35 14
57 46
17 94
38 66
36 72
58 49
18 32
39 31
37 91
59 30
19 57
40 17
38 11
60 74
20 44
39 88
61 72
21 40
42 72
62 91
22 44
43 71
41 66
63 26
23 87
44 98
42 75
64 53
24 40
45 25
43 78
65 32
25 74
46 53
44 69
66 42
26 59
47 70
45 33
67 22
27 61
48 40
46 29
68 76
28 75
49 30
47 29
69 51
29 65
50 92
48 17
70 12
30 90
51 87
49 56
71 37
31 94
52 59
50 33
72 45
32 33
53 30
51 40
73 70
33 18
54 51
52 26
74 61
34 47
55 31
53 79
75 35
35 53
56 70
54 30
76 98
36 90
57 70
55 59
77 17
37 35
58 34
56 10
78 24
38 62
59 68
57 45
79 94
39 85
60 85
58 16
80 12
40 93
59 80
81 57
41 82
62 37
82 96
42 78
63 31
61 68
83 83
43 74
64 79
62 36
84 64
44 68
65 11
63 70
85 49
45 45
66 21
64 81
86 65
46 86
67 93
65 45
87 88
47 85
68 38
66 54
88 64
48 32
69 72
67 88
89 60
49 38
70 49
68 54
90 61
50 31
71 20
69 31
91 84
51 66
72 21
70 43
92 54
52 23
73 55
71 83
93 90
53 52
74 67
72 39
94 11
54 98
75 70
73 35
95 66
55 64
76 17
74 95
96 23
56 52
77 51
75 15
97 76
57 57
78 82
76 93
98 54
58 45
79 33
77 84
99 71
59 77
80 67
78 87
100 45
60 80
79 77
101 20
61 81
82 78
102 78
62 33
83 77
81 85
103 67
63 64
84 26
82 86
104 89
64 92
85 40
83 51
105 14
65 78
86 44
84 75
106 69
66 39
87 81
85 14
107 21
67 62
88 52
86 38
108 79
68 78
89 53
87 61
109 14
69 54
90 71
88 32
110 56
70 96
91 33
89 77
111 68
71 100
92 11
90 21
112 30
72 13
93 15
91 99
113 34
73 52
94 50
92 39
114 83
74 70
95 95
93 37
115 89
75 13
96 62
94 73
116 49
76 71
97 57
95 43
117 94
77 67
98 16
96 100
118 37
78 11
99 95
97 84
119 88
79 72
100 23
98 65
120 61
80 60
99 71
121 81
81 79
102 31
122 63
82 91
103 87
101 63
123 11
83 62
104 37
102 63
124 12
84 22
105 67
103 40
125 17
85 31
106 61
104 72
126 10
86 62
107 88
105 63
127 63
87 100
108 39
106 63
128 22
88 16
109 36
107 15
129 91
89 32
110 78
108 22
130 49
90 49
111 62
109 93
131 74
91 59
112 51
110 30
132 27
92 80
113 76
111 53
133 94
93 96
114 98
112 54
134 33
94 100
115 17
113 99
135 16
95 12
116 27
114 70
136 78
96 41
117 54
115 45
137 73
97 64
118 54
116 40
138 67
98 44
119 94
117 37
139 41
99 13
120 75
118 50
140 34
100 32
119 44
141 85
101 60
122 42
142 85
102 43
123 58
121 27
143 34
103 99
124 25
122 40
144 57
104 66
125 59
123 83
145 32
105 53
126 54
124 36
146 77
106 59
127 65
125 64
147 46
107 36
128 13
126 100
148 78
108 60
129 40
127 33
149 18
109 99
130 49
128 51
150 90
110 95
131 19
129 96
151 40
111 82
132 84
130 59
152 20
112 81
133 18
131 48
153 13
113 81
134 87
132 80
154 74
114 12
135 82
133 30
155 67
115 94
136 48
134 25
156 68
116 50
137 75
135 24
157 95
117 74
138 25
136 69
158 98
118 10
139 33
137 15
159 68
119 77
140 13
138 78
160 66
120 64
139 12
161 69
121 61
142 15
162 47
122 91
143 51
141 82
163 18
123 12
144 15
142 55
164 78
124 29
145 43
143 32
165 90
125 86
146 18
144 51
166 40
126 16
147 90
145 36
167 54
127 65
148 34
146 28
168 59
128 83
149 31
147 52
169 99
129 58
150 33
148 16
170 32
130 22
151 95
149 62
171 97
131 81
152 73
150 21
172 71
132 47
153 57
151 63
173 82
133 62
154 56
152 17
174 11
134 76
155 76
153 24
175 97
135 51
156 24
154 68
176 88
136 67
157 46
155 99
177 75
137 80
158 92
156 28
178 51
138 30
159 35
157 22
179 56
139 67
160 57
158 80
180 37
140 95
159 44
181 17
141 100
162 60
182 34
142 84
163 89
161 97
183 48
143 79
164 48
162 99
184 23
144 63
165 32
163 38
185 24
145 20
166 68
164 15
186 26
146 97
167 54
165 40
187 39
147 35
168 96
166 78
188 71
148 63
169 63
167 25
189 11
149 64
170 46
168 57
190 13
150 78
171 68
169 77
191 87
151 30
172 40
170 14
192 77
152 68
173 60
171 68
193 37
153 40
174 65
172 88
194 50
154 36
175 93
173 22
195 83
155 88
176 96
174 56
196 74
156 35
177 61
175 44
197 89
157 71
178 13
176 71
198 43
158 82
179 47
177 81
199 68
159 54
180 77
178 86
200 23
160 70
179 26
201 98
161 23
182 49
202 34
162 17
183 65
181 71
203 84
163 38
184 53
182 76
204 20
164 53
185 31
183 63
205 67
165 60
186 30
184 43
206 18
166 92
187 44
185 72
207 60
167 14
188 95
186 77
208 32
168 50
189 23
187 74
209 28
169 97
190 67
188 31
210 38
170 22
191 48
189 44
211 17
171 78
192 60
190 43
212 37
172 27
193 42
191 69
213 49
173 94
194 18
192 12
214 13
174 46
195 45
193 95
215 65
175 89
196 33
194 10
216 88
176 94
197 22
195 74
217 79
177 83
198 80
196 37
218 65
178 51
199 62
197 89
219 27
179 42
200 77
198 79
220 53
180 33
199 55
221 20
181 39
202 100
222 24
182 80
203 96
201 13
223 13
183 85
204 89
202 76
224 14
184 90
205 97
203 15
225 95
185 26
206 87
204 56
226 59
186 80
207 63
205 63
227 99
187 66
208 10
206 49
228 67
188 98
209 77
207 57
229 50
189 68
210 17
208 36
230 64
190 71
211 15
209 26
231 49
191 77
212 92
210 50
232 64
192 21
213 47
211 75
233 64
193 50
214 25
212 98
234 99
194 93
215 57
213 98
235 87
195 70
216 100
214 13
236 34
196 97
217 84
215 22
237 68
197 59
218 47
216 46
238 42
198 24
219 89
217 31
239 43
199 26
220 51
218 21
240 27
200 95
219 94
241 55
201 20
222 68
242 26
202 97
223 69
221 60
243 60
203 64
224 88
222 25
244 43
204 69
225 28
223 21
245 25
205 46
226 90
224 53
246 17
206 69
227 92
225 64
247 45
207 79
228 51
226 19
248 98
208 39
229 58
227 36
249 25
209 27
230 19
228 30
250 13
210 84
231 50
229 85
251 13
211 26
232 65
230 98
252 61
212 79
233 78
231 65
253 95
213 50
234 91
232 66
254 57
214 31
235 59
233 47
255 31
215 35
236 41
234 50
256 88
216 72
237 20
235 36
257 36
217 58
238 16
236 33
258 37
218 48
239 33
237 19
259 47
219 62
240 78
238 65
260 56
220 93
239 22
261 98
221 53
242 64
262 93
222 90
243 16
241 60
263 100
223 46
244 56
242 11
264 22
224 23
245 39
243 90
265 97
225 48
246 81
244 47
266 91
226 22
247 22
245 30
267 63
227 47
248 91
246 89
268 63
228 72
249 63
247 12
269 95
229 15
250 49
248 12
270 81
230 85
251 89
249 62
271 97
231 36
252 60
250 84
272 78
232 12
253 11
251 55
273 86
233 100
254 11
252 89
274 29
234 65
255 59
253 18
275 41
235 26
256 85
254 38
276 81
236 36
257 75
255 98
277 21
237 52
258 70
256 96
278 29
238 83
259 36
257 30
279 58
239 30
260 98
258 10
280 57
240 100
259 11
281 94
241 19
262 43
282 51
242 39
263 35
261 67
283 40
243 82
264 73
262 49
284 35
244 74
265 52
263 52
285 89
245 88
266 28
264 13
286 75
246 14
267 10
265 69
287 66
247 79
268 81
266 86
288 97
248 98
269 53
267 97
289 37
249 71
270 45
268 95
290 66
250 14
271 67
269 87
291 35
251 58
272 67
270 48
292 65
252 66
273 67
271 41
293 61
253 69
274 14
272 52
294 28
254 87
275 86
273 34
295 19
255 64
276 80
274 21
296 100
256 46
277 23
275 72
297 55
257 53
278 10
276 82
298 30
258 35
279 15
277 99
299 15
259 11
280 88
278 40
300 58
260 78
279 37
301 92
261 42
282 59
302 15
262 56
283 40
281 78
303 70
263 43
284 42
282 85
304 16
264 20
285 88
283 77
305 38
265 87
286 48
284 80
306 72
266 18
287 19
285 95
307 62
267 50
288 97
286 55
308 24
268 94
289 36
287 57
309 33
269 76
290 87
288 15
310 68
270 83
291 52
289 34
311 25
271 59
292 92
290 32
312 31
272 86
293 76
291 53
313 43
273 35
294 99
292 35
314 89
274 40
295 61
293 41
315 47
275 16
296 29
294 27
316 51
276 50
297 51
295 49
317 68
277 61
298 19
296 38
318 30
278 43
299 28
297 64
319 58
279 80
300 63
298 68
320 87
280 22
299 96
321 24
281 68
302 75
322 57
282 20
303 36
301 72
323 99
283 72
304 97
302 25
324 69
284 12
305 42
303 28
325 54
285 82
306 42
304 92
326 39
286 82
307 75
305 39
327 67
287 14
308 23
306 86
328 51
288 100
309 21
307 14
329 88
289 61
310 56
308 42
330 91
290 99
311 31
309 70
331 84
291 18
312 73
310 57
332 50
292 40
313 44
311 65
333 68
293 48
314 46
312 76
334 57
294 88
315 19
313 42
335 92
295 80
316 98
314 29
336 28
296 42
317 40
315 37
337 23
297 71
318 74
316 37
338 58
298 77
319 69
317 83
339 77
299 45
320 75
318 64
340 71
300 61
319 35
341 40
301 48
322 84
342 97
302 21
323 59
321 99
343 46
303 43
324 35
322 69
344 52
304 15
325 89
323 39
345 79
305 30
326 85
324 71
346 40
306 41
327 18
325 40
347 75
307 77
328 58
326 57
348 45
308 76
329 92
327 43
349 52
309 44
330 51
328 25
350 49
310 24
331 18
329 76
351 60
311 57
332 76
330 72
352 76
312 23
333 11
331 20
353 92
313 99
334 95
332 53
354 22
314 61
335 25
333 69
355 40
315 60
336 37
334 10
356 76
316 96
337 99
335 69
357 88
317 87
338 14
336 56
358 80
318 37
339 11
337 26
359 18
319 94
340 39
338 55
360 43
320 89
339 37
361 96
321 33
342 90
362 25
322 56
343 38
341 73
363 97
323 56
344 65
342 26
364 43
324 42
345 96
343 53
365 35
325 99
346 73
344 74
366 97
326 61
347 33
345 16
367 70
327 98
348 50
346 100
368 63
328 96
349 84
347 94
369 20
329 59
350 43
348 89
370 55
330 35
351 70
349 33
371 14
331 53
352 36
350 63
372 21
332 82
353 96
351 82
373 44
333 41
354 52
352 82
374 30
334 16
355 97
353 22
375 68
335 81
356 38
354 98
376 12
336 26
357 91
355 47
377 17
337 91
358 38
356 20
378 85
338 94
359 62
357 45
379 71
339 32
360 58
358 17
380 85
340 79
359 34
381 59
341 43
362 97
382 77
342 97
363 62
361 99
383 85
343 90
364 65
362 54
384 40
344 55
365 21
363 55
385 86
345 24
366 100
364 92
386 32
346 61
367 66
365 75
387 94
347 26
368 92
366 56
388 36
348 51
369 33
367 72
389 57
349 34
370 66
368 70
390 29
350 55
371 69
369 51
391 63
351 54
372 69
370 64
392 76
352 45
373 97
371 28
393 18
353 52
374 27
372 12
394 61
354 72
375 17
373 29
395 73
355 17
376 47
374 32
396 58
356 44
377 43
375 33
397 41
357 53
378 23
376 92
398 14
358 30
379 66
377 40
399 37
359 86
380 78
378 74
400 94
360 74
379 19
361 35
382 21
362 70
383 10
381 34
363 53
384 71
382 68
364 70
385 72
383 84
365 57
386 52
384 59
366 80
387 100
385 52
367 27
388 13
386 97
368 81
389 97
387 23
369 61
390 80
388 95
370 96
391 88
389 95
371 15
392 36
390 15
372 52
393 95
391 44
373 28
394 30
392 19
374 36
395 29
393 41
375 28
396 32
394 56
376 51
397 53
395 33
377 44
398 26
396 13
378 35
399 97
397 46
379 58
400 47
398 48
380 11
399 77
90
53
3 156 102 90 
3 336 350 70 
3 67 319 130 
2 112 104 
1 193 
2 354 239 
1 55 
1 11 
1 204 
2 218 41 
1 317 
2 160 338 
3 232 183 262 
2 134 118 
1 280 
2 2 8 
1 154 
2 286 180 
2 380 343 
3 246 389 128 
1 357 
2 327 284 
1 253 
2 263 188 
1 144 
3 313 150 100 
1 37 
2 181 119 
1 142 
2 311 348 
1 341 
1 214 
1 163 
1 359 
3 74 52 234 
4 398 195 14 222 
2 109 276 
3 187 153 277 
1 279 
2 273 371 
1 329 
2 26 333 
2 349 248 
2 261 145 
1 43 
2 169 362 
4 387 356 101 223 
3 240 203 116 
1 87 
1 158 
2 111 171 
1 133 
2 372 331 
2 330 225 
2 75 168 
2 162 381 
1 334 
1 143 
1 94 
1 98 
2 159 58 
1 369 
3 275 16 132 
4 307 146 296 383 
3 379 375 114 
2 211 85 
2 251 184 
3 267 137 164 
2 395 224 
2 235 258 
1 44 
2 220 30 
2 377 47 
1 200 
1 108 
2 64 53 
