625 2400 10 100 118
2
3
3
3
3
3
3
3
3
3
3
3
3
3
3
3
3
3
3
3
3
3
3
3
2
3
4
4
4
4
4
4
4
4
4
4
4
4
4
4
4
4
4
4
4
4
4
4
4
3
3
4
4
4
4
4
4
4
4
4
4
4
4
4
4
4
4
4
4
4
4
4
4
4
3
3
4
4
4
4
4
4
4
4
4
4
4
4
4
4
4
4
4
4
4
4
4
4
4
3
3
4
4
4
4
4
4
4
4
4
4
4
4
4
4
4
4
4
4
4
4
4
4
4
3
3
4
4
4
4
4
4
4
4
4
4
4
4
4
4
4
4
4
4
4
4
4
4
4
3
3
4
4
4
4
4
4
4
4
4
4
4
4
4
4
4
4
4
4
4
4
4
4
4
3
3
4
4
4
4
4
4
4
4
4
4
4
4
4
4
4
4
4
4
4
4
4
4
4
3
3
4
4
4
4
4
4
4
4
4
4
4
4
4
4
4
4
4
4
4
4
4
4
4
3
3
4
4
4
4
4
4
4
4
4
4
4
4
4
4
4
4
4
4
4
4
4
4
4
3
3
4
4
4
4
4
4
4
4
4
4
4
4
4
4
4
4
4
4
4
4
4
4
4
3
3
4
4
4
4
4
4
4
4
4
4
4
4
4
4
4
4
4
4
4
4
4
4
4
3
3
4
4
4
4
4
4
4
4
4
4
4
4
4
4
4
4
4
4
4
4
4
4
4
3
3
4
4
4
4
4
4
4
4
4
4
4
4
4
4
4
4
4
4
4
4
4
4
4
3
3
4
4
4
4
4
4
4
4
4
4
4
4
4
4
4
4
4
4
4
4
4
4
4
3
3
4
4
4
4
4
4
4
4
4
4
4
4
4
4
4
4
4
4
4
4
4
4
4
3
3
4
4
4
4
4
4
4
4
4
4
4
4
4
4
4
4
4
4
4
4
4
4
4
3
3
4
4
4
4
4
4
4
4
4
4
4
4
4
4
4
4
4
4
4
4
4
4
4
3
3
4
4
4
4
4
4
4
4
4
4
4
4
4
4
4
4
4
4
4
4
4
4
4
3
3
4
4
4
4
4
4
4
4
4
4
4
4
4
4
4
4
4
4
4
4
4
4
4
3
3
4
4
4
4
4
4
4
4
4
4
4
4
4
4
4
4
4
4
4
4
4
4
4
3
3
4
4
4
4
4
4
4
4
4
4
4
4
4
4
4
4
4
4
4
4
4
4
4
3
3
4
4
4
4
4
4
4
4
4
4
4
4
4
4
4
4
4
4
4
4
4
4
4
3
3
4
4
4
4
4
4
4
4
4
4
4
4
4
4
4
4
4
4
4
4
4
4
4
3
2
3
3
3
3
3
3
3
3
3
3
3
3
3
3
3
3
3
3
3
3
3
3
3
2
26 25
2 29
27 67
3 41
1 42
28 75
4 70
2 85
29 59
5 49
3 64
30 63
6 22
4 50
31 89
7 16
5 85
32 13
8 87
6 100
33 33
9 35
7 60
34 14
10 49
8 62
35 89
11 76
9 59
36 65
12 73
10 78
37 67
13 44
11 71
38 60
14 70
12 57
39 54
15 39
13 55
40 48
16 48
14 70
41 100
17 63
15 33
42 61
18 87
16 95
43 48
19 51
17 84
44 60
20 26
18 88
45 97
21 28
19 24
46 63
22 35
20 12
47 21
23 89
21 36
48 37
24 68
22 47
49 39
25 99
23 15
50 79
24 75
51 46
1 59
27 74
52 93
2 70
28 41
26 45
53 81
3 25
29 38
27 78
54 59
4 51
30 54
28 30
55 78
5 41
31 78
29 71
56 16
6 55
32 50
30 56
57 42
7 38
33 14
31 72
58 93
8 59
34 41
32 57
59 58
9 37
35 22
33 64
60 42
10 27
36 87
34 85
61 15
11 17
37 94
35 96
62 93
12 35
38 24
36 88
63 65
13 20
39 23
37 47
64 32
14 72
40 87
38 38
65 57
15 22
41 23
39 86
66 78
16 54
42 48
40 80
67 58
17 37
43 61
41 86
68 37
18 57
44 87
42 23
69 23
19 41
45 84
43 33
70 67
20 94
46 39
44 40
71 58
21 27
47 38
45 47
72 97
22 56
48 32
46 48
73 97
23 75
49 10
47 33
74 63
24 13
50 34
48 63
75 46
25 99
49 68
76 26
26 68
52 34
77 79
27 67
53 83
51 57
78 97
28 30
54 61
52 13
79 87
29 46
55 63
53 90
80 72
30 42
56 34
54 91
81 100
31 85
57 25
55 21
82 45
32 51
58 32
56 48
83 53
33 81
59 75
57 85
84 91
34 20
60 71
58 32
85 42
35 72
61 25
59 17
86 69
36 70
62 19
60 87
87 29
37 23
63 54
61 49
88 29
38 25
64 94
62 34
89 94
39 68
65 33
63 63
90 92
40 41
66 17
64 28
91 35
41 73
67 68
65 11
92 97
42 82
68 52
66 26
93 22
43 27
69 62
67 23
94 94
44 72
70 62
68 34
95 91
45 93
71 75
69 70
96 67
46 37
72 99
70 53
97 45
47 51
73 90
71 70
98 65
48 85
74 13
72 68
99 68
49 91
75 100
73 12
100 49
50 55
74 48
101 23
51 53
77 76
102 71
52 53
78 91
76 54
103 54
53 72
79 19
77 19
104 98
54 33
80 63
78 88
105 94
55 49
81 25
79 16
106 41
56 46
82 53
80 48
107 63
57 65
83 67
81 92
108 78
58 93
84 15
82 52
109 20
59 20
85 13
83 32
110 99
60 83
86 57
84 58
111 31
61 76
87 72
85 14
112 16
62 33
88 84
86 40
113 21
63 11
89 47
87 41
114 92
64 39
90 91
88 44
115 39
65 39
91 99
89 29
116 97
66 44
92 20
90 97
117 41
67 31
93 39
91 13
118 57
68 38
94 66
92 20
119 88
69 87
95 65
93 34
120 17
70 99
96 38
94 83
121 48
71 47
97 18
95 15
122 85
72 29
98 24
96 17
123 57
73 86
99 92
97 73
124 62
74 33
100 55
98 73
125 39
75 53
99 41
126 22
76 21
102 70
127 12
77 14
103 82
101 77
128 27
78 98
104 59
102 29
129 74
79 82
105 51
103 91
130 37
80 36
106 54
104 14
131 41
81 23
107 80
105 80
132 77
82 19
108 91
106 19
133 90
83 42
109 88
107 62
134 15
84 38
110 12
108 13
135 60
85 18
111 33
109 12
136 22
86 95
112 68
110 25
137 32
87 53
113 42
111 88
138 92
88 42
114 56
112 78
139 13
89 87
115 17
113 14
140 21
90 74
116 63
114 29
141 24
91 100
117 47
115 92
142 30
92 16
118 65
116 19
143 35
93 64
119 48
117 52
144 57
94 96
120 95
118 74
145 72
95 21
121 79
119 65
146 15
96 83
122 60
120 65
147 73
97 73
123 92
121 82
148 46
98 53
124 79
122 85
149 45
99 67
125 27
123 80
150 45
100 63
124 21
151 30
101 17
127 96
152 17
102 68
128 49
126 25
153 65
103 13
129 21
127 23
154 27
104 92
130 16
128 14
155 81
105 67
131 94
129 23
156 40
106 55
132 20
130 94
157 26
107 42
133 19
131 83
158 99
108 27
134 57
132 55
159 49
109 23
135 79
133 22
160 27
110 50
136 59
134 48
161 36
111 22
137 70
135 65
162 68
112 58
138 39
136 73
163 11
113 63
139 91
137 34
164 21
114 23
140 33
138 19
165 48
115 83
141 95
139 99
166 92
116 39
142 10
140 30
167 22
117 94
143 22
141 100
168 81
118 89
144 88
142 12
169 12
119 10
145 36
143 56
170 93
120 51
146 49
144 92
171 26
121 15
147 62
145 64
172 87
122 18
148 56
146 60
173 18
123 50
149 49
147 88
174 88
124 81
150 61
148 44
175 56
125 34
149 74
176 66
126 19
152 43
177 11
127 21
153 21
151 72
178 18
128 76
154 29
152 95
179 90
129 89
155 28
153 73
180 64
130 91
156 85
154 42
181 95
131 92
157 86
155 55
182 77
132 78
158 29
156 38
183 49
133 14
159 38
157 24
184 27
134 68
160 98
158 66
185 94
135 43
161 68
159 72
186 40
136 23
162 56
160 73
187 84
137 62
163 13
161 43
188 73
138 73
164 51
162 71
189 92
139 52
165 70
163 66
190 70
140 68
166 18
164 99
191 34
141 92
167 51
165 20
192 62
142 91
168 43
166 56
193 25
143 10
169 48
167 72
194 51
144 48
170 23
168 68
195 61
145 24
171 93
169 43
196 99
146 41
172 90
170 23
197 73
147 25
173 14
171 70
198 16
148 43
174 87
172 49
199 74
149 79
175 12
173 64
200 23
150 39
174 41
201 58
151 47
177 14
202 83
152 73
178 38
176 23
203 13
153 14
179 67
177 78
204 43
154 89
180 58
178 33
205 22
155 85
181 64
179 10
206 97
156 84
182 36
180 42
207 82
157 55
183 15
181 11
208 49
158 23
184 52
182 24
209 36
159 87
185 69
183 20
210 82
160 17
186 42
184 80
211 74
161 61
187 97
185 25
212 99
162 93
188 94
186 11
213 52
163 88
189 16
187 88
214 35
164 47
190 41
188 10
215 100
165 36
191 86
189 37
216 37
166 44
192 60
190 55
217 55
167 19
193 10
191 68
218 85
168 24
194 19
192 36
219 95
169 64
195 35
193 38
220 67
170 26
196 72
194 32
221 15
171 70
197 11
195 34
222 49
172 17
198 81
196 58
223 55
173 28
199 67
197 85
224 95
174 71
200 98
198 96
225 40
175 86
199 22
226 14
176 27
202 31
227 31
177 49
203 34
201 31
228 94
178 74
204 88
202 96
229 68
179 88
205 33
203 49
230 58
180 50
206 80
204 58
231 60
181 20
207 90
205 82
232 94
182 72
208 97
206 62
233 57
183 62
209 84
207 62
234 20
184 85
210 54
208 75
235 68
185 88
211 78
209 71
236 53
186 56
212 40
210 53
237 25
187 15
213 64
211 12
238 20
188 63
214 54
212 13
239 96
189 43
215 30
213 53
240 16
190 37
216 83
214 89
241 43
191 43
217 42
215 64
242 97
192 55
218 55
216 55
243 91
193 56
219 79
217 84
244 81
194 79
220 85
218 39
245 96
195 43
221 56
219 75
246 70
196 87
222 46
220 54
247 22
197 19
223 26
221 95
248 63
198 25
224 84
222 50
249 70
199 59
225 77
223 96
250 61
200 82
224 58
251 52
201 10
227 10
252 14
202 32
228 49
226 70
253 94
203 60
229 33
227 91
254 95
204 29
230 86
228 31
255 83
205 83
231 57
229 70
256 31
206 77
232 19
230 45
257 13
207 60
233 16
231 52
258 61
208 64
234 28
232 74
259 30
209 87
235 30
233 45
260 96
210 33
236 27
234 70
261 21
211 33
237 13
235 57
262 76
212 85
238 18
236 67
263 49
213 24
239 55
237 25
264 65
214 87
240 90
238 73
265 85
215 78
241 52
239 33
266 13
216 36
242 86
240 55
267 96
217 55
243 70
241 21
268 37
218 67
244 52
242 69
269 27
219 79
245 92
243 54
270 89
220 47
246 53
244 13
271 22
221 25
247 72
245 59
272 10
222 79
248 68
246 22
273 60
223 71
249 19
247 45
274 37
224 42
250 23
248 15
275 99
225 94
249 86
276 30
226 65
252 40
277 62
227 81
253 84
251 96
278 66
228 43
254 17
252 79
279 70
229 33
255 90
253 15
280 34
230 74
256 21
254 74
281 17
231 88
257 81
255 37
282 78
232 28
258 88
256 30
283 95
233 59
259 92
257 39
284 89
234 99
260 27
258 28
285 21
235 37
261 90
259 98
286 75
236 20
262 98
260 58
287 33
237 43
263 88
261 10
288 66
238 55
264 17
262 73
289 75
239 67
265 81
263 98
290 85
240 91
266 58
264 86
291 86
241 34
267 78
265 46
292 64
242 18
268 50
266 70
293 44
243 27
269 95
267 21
294 12
244 39
270 23
268 20
295 93
245 63
271 46
269 55
296 64
246 95
272 85
270 62
297 62
247 20
273 98
271 50
298 48
248 54
274 27
272 55
299 70
249 58
275 20
273 83
300 25
250 61
274 21
301 92
251 64
277 31
302 58
252 55
278 73
276 36
303 87
253 38
279 61
277 70
304 49
254 66
280 84
278 24
305 65
255 48
281 44
279 82
306 46
256 73
282 54
280 15
307 71
257 51
283 72
281 69
308 73
258 29
284 36
282 51
309 90
259 21
285 27
283 41
310 50
260 80
286 98
284 64
311 98
261 98
287 41
285 88
312 44
262 31
288 49
286 89
313 82
263 24
289 68
287 41
314 66
264 24
290 80
288 73
315 39
265 92
291 26
289 86
316 12
266 44
292 86
290 92
317 45
267 25
293 82
291 58
318 51
268 36
294 80
292 61
319 22
269 28
295 65
293 80
320 29
270 29
296 72
294 91
321 15
271 58
297 41
295 39
322 97
272 47
298 27
296 17
323 33
273 16
299 67
297 35
324 28
274 15
300 49
298 67
325 16
275 56
299 98
326 30
276 13
302 43
327 78
277 39
303 54
301 19
328 26
278 81
304 25
302 52
329 95
279 36
305 48
303 48
330 78
280 94
306 60
304 17
331 80
281 48
307 76
305 20
332 26
282 90
308 64
306 41
333 54
283 71
309 50
307 62
334 71
284 54
310 97
308 59
335 11
285 66
311 92
309 68
336 20
286 47
312 41
310 30
337 65
287 53
313 52
311 44
338 41
288 45
314 35
312 52
339 48
289 27
315 37
313 17
340 73
290 54
316 37
314 82
341 64
291 12
317 70
315 94
342 22
292 95
318 65
316 79
343 87
293 40
319 67
317 83
344 85
294 23
320 60
318 13
345 95
295 69
321 52
319 62
346 27
296 98
322 51
320 95
347 75
297 89
323 87
321 40
348 37
298 93
324 61
322 74
349 48
299 35
325 12
323 45
350 70
300 87
324 68
351 34
301 43
327 98
352 97
302 69
328 53
326 18
353 63
303 21
329 20
327 21
354 13
304 72
330 100
328 36
355 52
305 84
331 51
329 60
356 25
306 76
332 67
330 11
357 50
307 76
333 89
331 63
358 44
308 31
334 44
332 97
359 94
309 20
335 96
333 91
360 38
310 60
336 23
334 72
361 30
311 19
337 12
335 61
362 45
312 96
338 25
336 43
363 34
313 39
339 24
337 39
364 56
314 44
340 94
338 85
365 37
315 87
341 75
339 24
366 52
316 13
342 48
340 54
367 48
317 84
343 61
341 30
368 45
318 95
344 64
342 96
369 17
319 86
345 13
343 80
370 22
320 23
346 16
344 89
371 78
321 33
347 68
345 36
372 30
322 99
348 23
346 86
373 51
323 86
349 83
347 70
374 13
324 85
350 16
348 87
375 72
325 93
349 71
376 35
326 22
352 37
377 35
327 80
353 55
351 25
378 64
328 65
354 66
352 59
379 51
329 82
355 10
353 91
380 56
330 21
356 95
354 75
381 84
331 55
357 56
355 89
382 78
332 62
358 75
356 81
383 29
333 38
359 19
357 75
384 82
334 94
360 76
358 43
385 25
335 49
361 31
359 85
386 91
336 22
362 98
360 87
387 85
337 42
363 43
361 48
388 74
338 79
364 95
362 43
389 94
339 56
365 50
363 43
390 59
340 25
366 90
364 34
391 23
341 33
367 96
365 26
392 28
342 16
368 98
366 25
393 20
343 11
369 52
367 25
394 100
344 54
370 68
368 66
395 62
345 86
371 37
369 62
396 25
346 56
372 28
370 73
397 19
347 53
373 92
371 79
398 69
348 83
374 66
372 57
399 49
349 41
375 36
373 15
400 64
350 96
374 99
401 14
351 95
377 97
402 46
352 88
378 27
376 37
403 91
353 36
379 97
377 27
404 24
354 18
380 27
378 65
405 89
355 13
381 38
379 78
406 76
356 57
382 50
380 18
407 28
357 52
383 12
381 43
408 62
358 86
384 35
382 10
409 34
359 58
385 37
383 97
410 56
360 37
386 60
384 15
411 29
361 14
387 58
385 67
412 55
362 12
388 64
386 67
413 38
363 98
389 66
387 73
414 61
364 65
390 46
388 10
415 84
365 76
391 12
389 12
416 77
366 23
392 51
390 58
417 89
367 16
393 38
391 55
418 60
368 76
394 25
392 98
419 20
369 65
395 78
393 42
420 17
370 37
396 39
394 74
421 98
371 56
397 59
395 96
422 28
372 54
398 71
396 68
423 33
373 32
399 89
397 42
424 97
374 71
400 52
398 62
425 83
375 45
399 97
426 81
376 35
402 30
427 25
377 33
403 43
401 32
428 35
378 54
404 46
402 57
429 65
379 88
405 20
403 31
430 66
380 92
406 34
404 17
431 23
381 23
407 76
405 97
432 72
382 10
408 19
406 16
433 96
383 59
409 74
407 11
434 73
384 20
410 88
408 30
435 82
385 19
411 60
409 71
436 27
386 36
412 82
410 80
437 90
387 21
413 63
411 61
438 64
388 82
414 59
412 33
439 69
389 11
415 13
413 57
440 22
390 80
416 60
414 100
441 75
391 60
417 51
415 89
442 21
392 72
418 57
416 76
443 71
393 59
419 40
417 82
444 72
394 62
420 64
418 37
445 65
395 33
421 70
419 18
446 37
396 60
422 47
420 32
447 56
397 58
423 85
421 20
448 86
398 87
424 40
422 53
449 41
399 66
425 75
423 50
450 17
400 43
424 89
451 82
401 10
427 35
452 24
402 45
428 54
426 58
453 56
403 80
429 98
427 12
454 21
404 90
430 63
428 76
455 88
405 17
431 35
429 20
456 70
406 57
432 32
430 11
457 52
407 39
433 23
431 49
458 64
408 70
434 29
432 49
459 93
409 100
435 74
433 97
460 81
410 18
436 28
434 85
461 86
411 62
437 17
435 54
462 33
412 85
438 25
436 15
463 39
413 94
439 94
437 54
464 15
414 48
440 14
438 19
465 12
415 82
441 68
439 36
466 76
416 33
442 35
440 95
467 16
417 69
443 36
441 65
468 60
418 62
444 48
442 71
469 36
419 18
445 17
443 48
470 98
420 24
446 26
444 99
471 25
421 83
447 92
445 47
472 14
422 66
448 46
446 20
473 52
423 71
449 24
447 75
474 32
424 11
450 37
448 76
475 85
425 28
449 50
476 82
426 22
452 46
477 92
427 15
453 44
451 94
478 15
428 36
454 58
452 57
479 71
429 26
455 83
453 10
480 15
430 17
456 69
454 99
481 57
431 31
457 77
455 98
482 82
432 60
458 88
456 23
483 47
433 74
459 68
457 94
484 52
434 74
460 97
458 65
485 53
435 97
461 47
459 64
486 32
436 61
462 67
460 69
487 88
437 70
463 66
461 46
488 88
438 57
464 96
462 30
489 94
439 68
465 75
463 100
490 80
440 92
466 35
464 47
491 44
441 91
467 17
465 28
492 16
442 76
468 35
466 60
493 12
443 54
469 82
467 87
494 50
444 58
470 61
468 39
495 30
445 81
471 38
469 43
496 18
446 31
472 48
470 34
497 14
447 24
473 78
471 22
498 28
448 43
474 84
472 27
499 10
449 23
475 44
473 95
500 54
450 60
474 34
501 74
451 42
477 24
502 31
452 19
478 37
476 86
503 56
453 74
479 26
477 44
504 57
454 29
480 77
478 58
505 19
455 64
481 29
479 86
506 60
456 17
482 97
480 52
507 36
457 34
483 21
481 64
508 38
458 14
484 43
482 29
509 31
459 73
485 25
483 39
510 69
460 81
486 57
484 69
511 84
461 61
487 32
485 42
512 44
462 68
488 98
486 93
513 100
463 20
489 13
487 14
514 84
464 18
490 70
488 37
515 87
465 73
491 42
489 65
516 88
466 69
492 99
490 90
517 72
467 77
493 43
491 96
518 69
468 62
494 64
492 59
519 70
469 15
495 14
493 43
520 76
470 85
496 37
494 43
521 27
471 10
497 94
495 33
522 23
472 33
498 78
496 28
523 51
473 10
499 100
497 59
524 37
474 50
500 77
498 70
525 16
475 89
499 47
526 100
476 76
502 47
527 76
477 90
503 27
501 14
528 56
478 84
504 11
502 28
529 65
479 89
505 33
503 37
530 26
480 56
506 73
504 49
531 92
481 47
507 66
505 87
532 18
482 50
508 62
506 12
533 50
483 45
509 57
507 31
534 100
484 43
510 82
508 59
535 68
485 97
511 86
509 42
536 47
486 98
512 77
510 63
537 50
487 48
513 78
511 82
538 86
488 62
514 37
512 72
539 52
489 79
515 76
513 83
540 75
490 74
516 100
514 94
541 58
491 88
517 68
515 98
542 42
492 11
518 17
516 47
543 79
493 45
519 33
517 12
544 26
494 97
520 58
518 15
545 92
495 25
521 80
519 75
546 70
496 17
522 38
520 15
547 22
497 64
523 32
521 30
548 84
498 26
524 45
522 57
549 83
499 17
525 58
523 51
550 78
500 15
524 24
551 80
501 20
527 24
552 14
502 81
528 83
526 68
553 26
503 84
529 31
527 96
554 60
504 13
530 51
528 17
555 10
505 19
531 18
529 81
556 48
506 24
532 94
530 65
557 80
507 27
533 12
531 72
558 16
508 12
534 30
532 26
559 54
509 87
535 99
533 26
560 60
510 99
536 54
534 11
561 82
511 48
537 68
535 38
562 67
512 59
538 71
536 52
563 24
513 24
539 90
537 29
564 31
514 63
540 68
538 42
565 60
515 70
541 16
539 80
566 40
516 26
542 61
540 40
567 26
517 62
543 25
541 48
568 25
518 97
544 11
542 71
569 55
519 79
545 82
543 60
570 91
520 18
546 53
544 53
571 29
521 95
547 89
545 18
572 70
522 88
548 83
546 66
573 23
523 60
549 41
547 37
574 83
524 34
550 86
548 67
575 80
525 70
549 31
576 27
526 16
552 24
577 34
527 98
553 84
551 90
578 78
528 96
554 88
552 47
579 44
529 21
555 22
553 80
580 24
530 89
556 100
554 29
581 12
531 54
557 69
555 14
582 36
532 86
558 82
556 44
583 11
533 89
559 83
557 66
584 58
534 27
560 60
558 92
585 49
535 42
561 92
559 47
586 52
536 91
562 85
560 19
587 81
537 27
563 97
561 42
588 86
538 52
564 14
562 24
589 29
539 13
565 41
563 72
590 55
540 79
566 96
564 65
591 80
541 14
567 83
565 32
592 48
542 23
568 34
566 51
593 72
543 45
569 77
567 38
594 47
544 16
570 96
568 26
595 92
545 40
571 17
569 93
596 38
546 92
572 94
570 61
597 62
547 10
573 86
571 69
598 30
548 94
574 75
572 30
599 54
549 81
575 32
573 83
600 95
550 50
574 39
601 57
551 74
577 72
602 11
552 25
578 44
576 32
603 28
553 60
579 78
577 59
604 70
554 83
580 97
578 21
605 38
555 47
581 23
579 10
606 94
556 95
582 60
580 14
607 66
557 94
583 15
581 20
608 69
558 27
584 74
582 39
609 60
559 18
585 73
583 74
610 39
560 99
586 40
584 47
611 36
561 77
587 97
585 99
612 38
562 74
588 15
586 28
613 75
563 43
589 53
587 84
614 48
564 64
590 87
588 73
615 69
565 90
591 64
589 18
616 83
566 40
592 23
590 21
617 24
567 92
593 30
591 100
618 41
568 31
594 53
592 48
619 73
569 22
595 61
593 64
620 39
570 91
596 25
594 91
621 84
571 64
597 72
595 61
622 42
572 34
598 82
596 72
623 55
573 40
599 44
597 31
624 73
574 34
600 32
598 63
625 83
575 13
599 75
576 86
602 56
577 97
603 44
601 20
578 99
604 79
602 70
579 56
605 96
603 38
580 90
606 55
604 58
581 84
607 44
605 47
582 41
608 71
606 20
583 97
609 28
607 38
584 19
610 13
608 70
585 62
611 52
609 93
586 25
612 79
610 71
587 92
613 52
611 24
588 25
614 28
612 68
589 79
615 79
613 75
590 50
616 55
614 31
591 89
617 88
615 93
592 27
618 39
616 26
593 90
619 13
617 75
594 45
620 34
618 98
595 70
621 79
619 43
596 86
622 22
620 18
597 70
623 93
621 34
598 25
624 24
622 63
599 90
625 23
623 26
600 38
624 56
230
301
1 230 
1 394 
1 518 
2 517 590 
1 354 
3 449 75 127 
1 273 
2 260 480 
1 551 
3 306 266 513 
3 433 362 208 
2 19 350 
2 299 81 
2 396 411 
2 613 36 
2 64 286 
2 430 274 
1 548 
2 475 16 
2 192 287 
2 250 184 
3 442 96 133 
1 190 
2 586 614 
4 571 336 332 422 
1 167 
1 612 
1 39 
2 218 158 
1 105 
2 108 216 
1 140 
2 255 313 
2 294 441 
1 254 
3 564 174 15 
2 329 252 
2 574 595 
1 327 
2 538 355 
3 561 62 407 
3 600 546 142 
2 129 331 
1 268 
5 594 30 620 185 323 
3 27 47 609 
1 194 
5 48 436 220 2 391 
1 406 
2 526 429 
2 304 418 
1 178 
1 540 
1 58 
1 593 
2 77 405 
1 28 
2 511 116 
1 611 
2 553 85 
3 440 159 93 
2 466 346 
3 110 132 271 
1 63 
1 562 
3 80 617 603 
2 236 602 
2 439 72 
3 73 416 604 
1 463 
3 210 464 198 
1 303 
3 615 214 541 
2 484 607 
2 186 435 
1 35 
1 556 
3 92 136 515 
1 14 
1 359 
1 157 
2 8 189 
1 608 
3 113 498 179 
1 472 
2 618 13 
3 104 312 143 
1 117 
1 507 
1 425 
2 516 284 
2 147 470 
1 508 
2 398 141 
1 170 
2 454 339 
1 558 
2 499 76 
2 479 542 
2 533 164 
4 124 1 60 275 
1 375 
1 554 
2 338 572 
1 584 
3 509 319 53 
2 382 428 
1 570 
2 399 552 
1 162 
3 432 415 376 
1 489 
1 597 
2 20 501 
2 107 309 
1 465 
3 38 91 154 
3 259 374 301 
