400 1500 10 100 76
2
3
3
3
3
3
3
3
3
3
3
3
3
3
3
3
3
3
3
3
3
3
3
3
3
3
3
3
3
3
3
3
3
3
3
3
3
3
3
2
3
4
4
4
4
4
4
4
4
4
4
4
4
4
4
4
4
4
4
4
4
4
4
4
4
4
4
4
4
4
4
4
4
4
4
4
4
4
4
3
3
4
4
4
4
4
4
4
4
4
4
4
4
4
4
4
4
4
4
4
4
4
4
4
4
4
4
4
4
4
4
4
4
4
4
4
4
4
4
3
3
4
4
4
4
4
4
4
4
4
4
4
4
4
4
4
4
4
4
4
4
4
4
4
4
4
4
4
4
4
4
4
4
4
4
4
4
4
4
3
3
4
4
4
4
4
4
4
4
4
4
4
4
4
4
4
4
4
4
4
4
4
4
4
4
4
4
4
4
4
4
4
4
4
4
4
4
4
4
3
3
4
4
4
4
4
4
4
4
4
4
4
4
4
4
4
4
4
4
4
4
4
4
4
4
4
4
4
4
4
4
4
4
4
4
4
4
4
4
3
3
4
4
4
4
4
4
4
4
4
4
4
4
4
4
4
4
4
4
4
4
4
4
4
4
4
4
4
4
4
4
4
4
4
4
4
4
4
4
3
3
4
4
4
4
4
4
4
4
4
4
4
4
4
4
4
4
4
4
4
4
4
4
4
4
4
4
4
4
4
4
4
4
4
4
4
4
4
4
3
3
4
4
4
4
4
4
4
4
4
4
4
4
4
4
4
4
4
4
4
4
4
4
4
4
4
4
4
4
4
4
4
4
4
4
4
4
4
4
3
2
3
3
3
3
3
3
3
3
3
3
3
3
3
3
3
3
3
3
3
3
3
3
3
3
3
3
3
3
3
3
3
3
3
3
3
3
3
3
2
41 16
2 29
42 94
3 94
1 35
43 42
4 23
2 65
44 24
5 99
3 84
45 11
6 17
4 46
46 13
7 26
5 87
47 36
8 18
6 90
48 58
9 66
7 54
49 72
10 67
8 24
50 74
11 86
9 37
51 66
12 78
10 72
52 66
13 20
11 44
53 68
14 49
12 71
54 64
15 53
13 25
55 20
16 57
14 45
56 83
17 43
15 56
57 20
18 75
16 38
58 31
19 68
17 41
59 32
20 61
18 72
60 31
21 53
19 74
61 97
22 66
20 73
62 50
23 52
21 85
63 36
24 50
22 15
64 33
25 46
23 83
65 74
26 33
24 36
66 100
27 62
25 87
67 11
28 95
26 95
68 98
29 41
27 74
69 62
30 71
28 57
70 37
31 33
29 72
71 23
32 10
30 83
72 65
33 41
31 90
73 72
34 59
32 74
74 25
35 64
33 56
75 82
36 60
34 22
76 33
37 67
35 62
77 50
38 60
36 55
78 90
39 49
37 99
79 50
40 98
38 50
80 49
39 30
81 27
1 16
42 84
82 100
2 63
43 92
41 97
83 100
3 90
44 43
42 33
84 31
4 67
45 91
43 92
85 23
5 44
46 55
44 84
86 98
6 45
47 40
45 94
87 68
7 73
48 11
46 89
88 30
8 15
49 21
47 79
89 29
9 62
50 95
48 71
90 30
10 78
51 54
49 47
91 20
11 65
52 51
50 49
92 19
12 74
53 92
51 24
93 87
13 91
54 71
52 44
94 99
14 17
55 56
53 43
95 66
15 99
56 36
54 47
96 21
16 55
57 71
55 46
97 99
17 22
58 19
56 43
98 34
18 100
59 54
57 14
99 36
19 31
60 82
58 52
100 18
20 79
61 23
59 78
101 54
21 53
62 40
60 86
102 84
22 40
63 19
61 31
103 45
23 18
64 25
62 17
104 34
24 56
65 32
63 42
105 41
25 31
66 61
64 10
106 29
26 20
67 88
65 77
107 38
27 13
68 17
66 37
108 66
28 47
69 93
67 15
109 24
29 42
70 79
68 59
110 90
30 25
71 54
69 51
111 74
31 75
72 72
70 18
112 35
32 53
73 78
71 49
113 73
33 61
74 79
72 47
114 10
34 42
75 32
73 85
115 81
35 60
76 55
74 84
116 68
36 26
77 36
75 63
117 37
37 43
78 28
76 75
118 88
38 22
79 34
77 34
119 66
39 20
80 62
78 30
120 20
40 30
79 45
121 16
41 83
82 74
122 28
42 92
83 82
81 35
123 41
43 49
84 41
82 42
124 98
44 89
85 51
83 79
125 17
45 23
86 83
84 78
126 88
46 86
87 64
85 44
127 51
47 90
88 14
86 96
128 25
48 37
89 85
87 70
129 28
49 79
90 21
88 79
130 59
50 27
91 92
89 94
131 42
51 100
92 53
90 74
132 62
52 13
93 41
91 94
133 100
53 59
94 80
92 24
134 84
54 77
95 31
93 81
135 22
55 63
96 91
94 26
136 66
56 84
97 18
95 46
137 94
57 39
98 23
96 57
138 29
58 56
99 90
97 10
139 93
59 17
100 14
98 70
140 28
60 31
101 43
99 46
141 92
61 10
102 14
100 90
142 24
62 81
103 86
101 35
143 42
63 52
104 22
102 54
144 35
64 49
105 25
103 10
145 54
65 34
106 56
104 56
146 77
66 76
107 28
105 65
147 32
67 85
108 84
106 17
148 96
68 27
109 44
107 27
149 25
69 72
110 10
108 100
150 30
70 25
111 47
109 32
151 21
71 33
112 72
110 61
152 41
72 79
113 18
111 23
153 92
73 61
114 20
112 66
154 53
74 71
115 14
113 67
155 53
75 73
116 55
114 17
156 83
76 48
117 76
115 38
157 18
77 66
118 78
116 61
158 79
78 87
119 93
117 27
159 18
79 76
120 73
118 11
160 49
80 38
119 53
161 30
81 40
122 96
162 40
82 87
123 17
121 24
163 54
83 52
124 46
122 96
164 66
84 36
125 66
123 25
165 61
85 18
126 95
124 58
166 96
86 92
127 83
125 22
167 13
87 94
128 18
126 54
168 89
88 99
129 44
127 44
169 13
89 27
130 19
128 85
170 52
90 66
131 22
129 81
171 46
91 83
132 66
130 97
172 71
92 43
133 65
131 26
173 89
93 90
134 26
132 39
174 20
94 87
135 72
133 72
175 39
95 84
136 46
134 10
176 88
96 84
137 28
135 77
177 80
97 94
138 66
136 63
178 67
98 64
139 48
137 43
179 63
99 91
140 54
138 25
180 95
100 69
141 14
139 66
181 65
101 29
142 46
140 72
182 62
102 70
143 29
141 74
183 70
103 18
144 40
142 65
184 39
104 41
145 61
143 87
185 83
105 40
146 61
144 28
186 27
106 54
147 88
145 44
187 48
107 74
148 40
146 98
188 43
108 50
149 76
147 43
189 32
109 91
150 50
148 28
190 75
110 57
151 63
149 14
191 42
111 76
152 97
150 76
192 57
112 88
153 12
151 28
193 80
113 44
154 33
152 84
194 23
114 32
155 67
153 71
195 44
115 39
156 60
154 84
196 72
116 21
157 30
155 99
197 10
117 16
158 64
156 23
198 58
118 28
159 84
157 83
199 97
119 69
160 46
158 76
200 36
120 63
159 43
201 88
121 26
162 36
202 94
122 71
163 50
161 45
203 53
123 56
164 70
162 27
204 86
124 51
165 47
163 19
205 81
125 83
166 24
164 87
206 25
126 78
167 56
165 48
207 98
127 59
168 96
166 86
208 94
128 42
169 35
167 99
209 13
129 93
170 84
168 93
210 48
130 79
171 12
169 38
211 78
131 29
172 70
170 96
212 42
132 33
173 35
171 77
213 28
133 12
174 45
172 39
214 65
134 57
175 87
173 75
215 82
135 86
176 83
174 90
216 100
136 55
177 64
175 36
217 51
137 91
178 33
176 47
218 65
138 99
179 10
177 16
219 62
139 21
180 18
178 89
220 36
140 67
181 49
179 90
221 84
141 80
182 27
180 66
222 51
142 70
183 80
181 10
223 11
143 45
184 27
182 56
224 32
144 74
185 22
183 42
225 12
145 90
186 43
184 69
226 66
146 93
187 86
185 59
227 37
147 68
188 92
186 43
228 76
148 35
189 36
187 13
229 59
149 34
190 42
188 62
230 50
150 87
191 63
189 21
231 49
151 47
192 95
190 26
232 17
152 48
193 74
191 61
233 78
153 96
194 16
192 42
234 35
154 50
195 76
193 100
235 38
155 49
196 91
194 57
236 15
156 95
197 38
195 44
237 89
157 19
198 94
196 80
238 69
158 17
199 92
197 19
239 74
159 15
200 83
198 52
240 91
160 58
199 48
241 93
161 33
202 99
242 77
162 62
203 32
201 45
243 13
163 98
204 78
202 64
244 86
164 35
205 90
203 56
245 47
165 89
206 77
204 74
246 68
166 91
207 58
205 12
247 65
167 17
208 39
206 32
248 27
168 70
209 67
207 54
249 17
169 56
210 38
208 40
250 76
170 51
211 30
209 55
251 51
171 86
212 95
210 88
252 82
172 41
213 69
211 69
253 41
173 46
214 57
212 59
254 30
174 12
215 38
213 81
255 11
175 62
216 39
214 87
256 14
176 14
217 33
215 21
257 72
177 100
218 41
216 92
258 44
178 52
219 61
217 43
259 27
179 88
220 38
218 35
260 68
180 14
221 32
219 65
261 74
181 64
222 67
220 13
262 62
182 74
223 30
221 33
263 87
183 48
224 66
222 16
264 81
184 90
225 75
223 87
265 78
185 45
226 22
224 40
266 45
186 95
227 70
225 54
267 35
187 18
228 14
226 54
268 23
188 51
229 98
227 86
269 57
189 46
230 12
228 93
270 42
190 83
231 40
229 60
271 71
191 32
232 42
230 66
272 50
192 80
233 91
231 66
273 44
193 84
234 13
232 15
274 25
194 86
235 36
233 27
275 79
195 49
236 17
234 70
276 89
196 63
237 34
235 19
277 82
197 17
238 33
236 70
278 73
198 71
239 20
237 59
279 89
199 97
240 37
238 68
280 59
200 39
239 88
281 13
201 81
242 36
282 51
202 34
243 96
241 59
283 67
203 51
244 55
242 63
284 58
204 77
245 15
243 72
285 56
205 18
246 59
244 10
286 40
206 91
247 56
245 78
287 87
207 81
248 55
246 93
288 14
208 88
249 92
247 80
289 13
209 92
250 79
248 34
290 89
210 68
251 94
249 28
291 83
211 25
252 99
250 96
292 19
212 65
253 36
251 51
293 18
213 63
254 13
252 100
294 91
214 82
255 50
253 27
295 36
215 25
256 14
254 16
296 68
216 56
257 50
255 18
297 28
217 19
258 88
256 36
298 55
218 77
259 91
257 54
299 97
219 93
260 86
258 51
300 99
220 92
261 75
259 85
301 62
221 11
262 14
260 90
302 45
222 46
263 90
261 90
303 75
223 27
264 49
262 32
304 72
224 79
265 64
263 89
305 66
225 55
266 78
264 61
306 100
226 64
267 11
265 21
307 46
227 96
268 22
266 93
308 81
228 59
269 13
267 42
309 34
229 59
270 52
268 53
310 60
230 54
271 65
269 57
311 83
231 85
272 47
270 94
312 13
232 80
273 40
271 32
313 58
233 50
274 11
272 42
314 76
234 30
275 92
273 12
315 64
235 55
276 28
274 91
316 68
236 46
277 25
275 30
317 63
237 42
278 68
276 72
318 100
238 94
279 28
277 27
319 79
239 38
280 14
278 93
320 45
240 67
279 50
321 19
241 93
282 87
322 33
242 96
283 38
281 98
323 36
243 35
284 55
282 43
324 98
244 70
285 62
283 68
325 54
245 28
286 100
284 73
326 92
246 66
287 51
285 66
327 94
247 34
288 45
286 83
328 60
248 93
289 29
287 17
329 42
249 35
290 21
288 55
330 40
250 70
291 42
289 81
331 71
251 76
292 84
290 27
332 56
252 85
293 65
291 98
333 38
253 71
294 68
292 38
334 89
254 12
295 51
293 30
335 96
255 57
296 94
294 79
336 12
256 72
297 23
295 75
337 40
257 51
298 32
296 50
338 43
258 17
299 93
297 43
339 32
259 68
300 32
298 84
340 64
260 66
301 72
299 36
341 24
261 27
302 15
300 97
342 75
262 53
303 36
301 11
343 65
263 96
304 52
302 81
344 10
264 57
305 91
303 80
345 27
265 65
306 38
304 86
346 17
266 49
307 85
305 43
347 68
267 79
308 64
306 24
348 28
268 78
309 89
307 90
349 48
269 36
310 60
308 82
350 92
270 60
311 45
309 11
351 49
271 83
312 88
310 85
352 60
272 47
313 34
311 94
353 93
273 34
314 95
312 14
354 87
274 81
315 29
313 22
355 44
275 17
316 47
314 52
356 19
276 69
317 31
315 29
357 44
277 28
318 39
316 21
358 24
278 22
319 89
317 24
359 76
279 60
320 32
318 18
360 48
280 93
319 63
361 70
281 94
322 77
362 19
282 100
323 21
321 20
363 10
283 82
324 65
322 81
364 11
284 30
325 82
323 16
365 26
285 32
326 19
324 93
366 25
286 53
327 11
325 55
367 68
287 77
328 56
326 65
368 16
288 85
329 75
327 16
369 12
289 24
330 11
328 36
370 47
290 97
331 67
329 88
371 94
291 52
332 66
330 71
372 56
292 23
333 45
331 18
373 57
293 35
334 30
332 62
374 69
294 85
335 52
333 57
375 93
295 65
336 50
334 41
376 93
296 16
337 11
335 85
377 77
297 16
338 54
336 30
378 42
298 39
339 27
337 33
379 20
299 92
340 11
338 29
380 25
300 89
341 29
339 97
381 13
301 59
342 94
340 68
382 35
302 51
343 41
341 90
383 38
303 62
344 78
342 95
384 35
304 75
345 57
343 54
385 19
305 57
346 57
344 82
386 23
306 67
347 38
345 10
387 91
307 79
348 27
346 76
388 92
308 73
349 90
347 33
389 59
309 19
350 69
348 39
390 22
310 67
351 72
349 27
391 45
311 69
352 12
350 49
392 94
312 91
353 65
351 96
393 14
313 71
354 36
352 74
394 81
314 77
355 11
353 76
395 80
315 18
356 74
354 87
396 52
316 68
357 92
355 65
397 39
317 25
358 35
356 91
398 46
318 98
359 48
357 72
399 91
319 64
360 96
358 33
400 100
320 39
359 53
321 65
362 64
322 84
363 75
361 51
323 60
364 80
362 54
324 71
365 98
363 14
325 92
366 73
364 64
326 58
367 33
365 56
327 75
368 37
366 71
328 56
369 77
367 27
329 72
370 81
368 96
330 97
371 98
369 13
331 72
372 35
370 43
332 73
373 83
371 19
333 85
374 61
372 10
334 88
375 50
373 70
335 81
376 90
374 16
336 21
377 33
375 81
337 12
378 53
376 39
338 73
379 29
377 57
339 88
380 77
378 79
340 59
381 33
379 19
341 60
382 52
380 19
342 97
383 34
381 31
343 16
384 96
382 89
344 37
385 31
383 22
345 79
386 37
384 40
346 44
387 80
385 54
347 60
388 58
386 41
348 76
389 13
387 85
349 24
390 47
388 91
350 83
391 11
389 25
351 70
392 94
390 37
352 42
393 27
391 33
353 60
394 33
392 91
354 47
395 76
393 52
355 44
396 68
394 100
356 31
397 42
395 78
357 22
398 61
396 97
358 72
399 52
397 89
359 62
400 40
398 75
360 80
399 21
28
175
2 44 28 
2 132 114 
1 383 
2 398 374 
2 307 351 
1 6 
1 31 
1 138 
3 213 390 180 
3 168 258 244 
1 53 
2 286 292 
1 198 
1 277 
2 237 171 
1 227 
2 42 68 
1 387 
1 328 
2 32 226 
4 248 192 302 20 
2 14 283 
2 173 54 
2 2 108 
3 137 179 261 
2 342 80 
2 81 255 
2 385 200 
1 33 
2 300 184 
1 230 
2 249 316 
3 50 93 158 
3 305 288 148 
2 326 122 
1 172 
2 15 318 
3 399 373 89 
4 304 228 78 324 
2 380 251 
2 119 320 
2 142 354 
1 154 
2 194 139 
2 229 219 
2 381 106 
1 384 
2 36 315 
2 303 301 
1 367 
3 202 84 378 
1 128 
2 186 98 
3 245 51 73 
1 4 
2 7 126 
1 203 
1 130 
1 262 
2 55 299 
2 267 17 
1 135 
2 335 29 
2 11 266 
1 235 
2 268 371 
1 360 
1 9 
2 146 210 
2 250 83 
2 234 395 
1 377 
2 386 243 
3 333 319 22 
2 343 311 
3 124 222 175 
