144 528 10 100 27
2
3
3
3
3
3
3
3
3
3
3
2
3
4
4
4
4
4
4
4
4
4
4
3
3
4
4
4
4
4
4
4
4
4
4
3
3
4
4
4
4
4
4
4
4
4
4
3
3
4
4
4
4
4
4
4
4
4
4
3
3
4
4
4
4
4
4
4
4
4
4
3
3
4
4
4
4
4
4
4
4
4
4
3
3
4
4
4
4
4
4
4
4
4
4
3
3
4
4
4
4
4
4
4
4
4
4
3
3
4
4
4
4
4
4
4
4
4
4
3
3
4
4
4
4
4
4
4
4
4
4
3
2
3
3
3
3
3
3
3
3
3
3
2
13 49
2 29
14 14
3 11
1 45
15 75
4 71
2 96
16 75
5 76
3 39
17 36
6 96
4 33
18 53
7 39
5 83
19 68
8 45
6 28
20 19
9 53
7 13
21 70
10 43
8 67
22 67
11 99
9 48
23 79
12 49
10 78
24 57
11 43
25 41
1 69
14 59
26 74
2 80
15 98
13 61
27 45
3 45
16 96
14 64
28 73
4 81
17 26
15 87
29 59
5 100
18 95
16 76
30 46
6 32
19 93
17 56
31 80
7 23
20 47
18 19
32 34
8 43
21 72
19 95
33 21
9 45
22 40
20 84
34 31
10 19
23 62
21 59
35 11
11 17
24 12
22 59
36 64
12 77
23 19
37 23
13 13
26 88
38 75
14 62
27 56
25 98
39 96
15 86
28 66
26 50
40 26
16 85
29 86
27 86
41 25
17 98
30 77
28 63
42 40
18 45
31 19
29 19
43 20
19 88
32 51
30 26
44 33
20 20
33 83
31 14
45 20
21 75
34 53
32 80
46 25
22 92
35 65
33 97
47 96
23 65
36 40
34 84
48 91
24 81
35 48
49 88
25 82
38 88
50 79
26 49
39 75
37 63
51 60
27 73
40 68
38 78
52 85
28 65
41 100
39 69
53 81
29 39
42 92
40 65
54 44
30 91
43 12
41 89
55 31
31 50
44 100
42 12
56 74
32 39
45 23
43 36
57 66
33 28
46 66
44 34
58 60
34 89
47 81
45 94
59 93
35 91
48 35
46 90
60 83
36 58
47 58
61 68
37 98
50 39
62 30
38 96
51 78
49 18
63 69
39 20
52 77
50 70
64 60
40 16
53 46
51 90
65 37
41 26
54 17
52 96
66 72
42 93
55 79
53 91
67 11
43 33
56 55
54 83
68 35
44 28
57 35
55 88
69 46
45 73
58 98
56 30
70 14
46 93
59 22
57 60
71 78
47 88
60 30
58 94
72 81
48 11
59 41
73 70
49 81
62 45
74 86
50 69
63 42
61 12
75 48
51 76
64 82
62 75
76 56
52 18
65 74
63 30
77 30
53 67
66 80
64 32
78 20
54 53
67 61
65 38
79 97
55 93
68 29
66 53
80 98
56 70
69 71
67 100
81 74
57 99
70 61
68 43
82 89
58 60
71 78
69 63
83 33
59 56
72 34
70 44
84 43
60 85
71 54
85 28
61 25
74 39
86 17
62 78
75 94
73 50
87 100
63 90
76 54
74 70
88 14
64 40
77 17
75 51
89 49
65 73
78 27
76 97
90 92
66 83
79 69
77 73
91 15
67 47
80 99
78 28
92 69
68 54
81 80
79 42
93 74
69 34
82 39
80 67
94 90
70 85
83 67
81 58
95 44
71 84
84 35
82 69
96 58
72 51
83 48
97 23
73 84
86 72
98 36
74 38
87 76
85 52
99 47
75 97
88 77
86 73
100 26
76 71
89 38
87 28
101 90
77 47
90 71
88 45
102 93
78 89
91 33
89 10
103 58
79 60
92 47
90 83
104 64
80 72
93 28
91 29
105 96
81 72
94 94
92 30
106 17
82 95
95 64
93 94
107 77
83 35
96 14
94 57
108 77
84 61
95 60
109 90
85 87
98 58
110 19
86 89
99 89
97 17
111 35
87 82
100 43
98 50
112 25
88 39
101 25
99 12
113 31
89 37
102 38
100 17
114 57
90 48
103 97
101 87
115 24
91 89
104 23
102 15
116 79
92 61
105 48
103 80
117 64
93 50
106 70
104 78
118 69
94 67
107 52
105 53
119 88
95 39
108 34
106 35
120 57
96 64
107 46
121 53
97 83
110 89
122 44
98 91
111 24
109 72
123 71
99 12
112 97
110 32
124 89
100 74
113 21
111 81
125 76
101 89
114 82
112 31
126 36
102 56
115 53
113 38
127 81
103 91
116 64
114 84
128 60
104 41
117 14
115 11
129 76
105 55
118 38
116 93
130 50
106 93
119 55
117 11
131 76
107 78
120 97
118 50
132 54
108 36
119 94
133 36
109 41
122 36
134 66
110 60
123 52
121 13
135 84
111 57
124 92
122 21
136 90
112 96
125 47
123 22
137 26
113 79
126 95
124 53
138 30
114 99
127 80
125 88
139 32
115 19
128 46
126 33
140 97
116 69
129 24
127 74
141 28
117 68
130 58
128 100
142 45
118 77
131 51
129 17
143 59
119 49
132 75
130 46
144 18
120 27
131 61
121 54
134 48
122 50
135 69
133 14
123 53
136 17
134 89
124 49
137 52
135 86
125 83
138 20
136 72
126 87
139 56
137 82
127 71
140 76
138 64
128 80
141 58
139 89
129 70
142 52
140 29
130 57
143 12
141 16
131 24
144 92
142 34
132 27
143 14
21
89
1 21 
1 131 
4 129 114 133 4 
2 101 135 
3 34 18 94 
1 5 
2 69 98 
2 138 115 
1 58 
2 76 108 
1 13 
5 81 128 55 50 19 
3 60 121 49 
2 142 29 
1 27 
1 48 
2 70 106 
2 140 116 
1 105 
2 71 72 
1 17 
1 26 
1 33 
1 53 
3 51 31 47 
1 86 
3 83 64 89 
