600 2276 10 100 114
2
3
3
3
3
3
3
3
3
3
3
3
3
3
3
3
3
3
3
3
3
3
3
3
3
3
3
3
3
3
3
3
3
3
3
3
3
3
3
3
3
3
3
3
3
3
3
3
3
2
3
4
4
4
4
4
4
4
4
4
4
4
4
4
4
4
4
4
4
4
4
4
4
4
4
4
4
4
4
4
4
4
4
4
4
4
4
4
4
4
4
4
4
4
4
4
4
4
4
3
3
4
4
4
4
4
4
4
4
4
4
4
4
4
4
4
4
4
4
4
4
4
4
4
4
4
4
4
4
4
4
4
4
4
4
4
4
4
4
4
4
4
4
4
4
4
4
4
4
3
3
4
4
4
4
4
4
4
4
4
4
4
4
4
4
4
4
4
4
4
4
4
4
4
4
4
4
4
4
4
4
4
4
4
4
4
4
4
4
4
4
4
4
4
4
4
4
4
4
3
3
4
4
4
4
4
4
4
4
4
4
4
4
4
4
4
4
4
4
4
4
4
4
4
4
4
4
4
4
4
4
4
4
4
4
4
4
4
4
4
4
4
4
4
4
4
4
4
4
3
3
4
4
4
4
4
4
4
4
4
4
4
4
4
4
4
4
4
4
4
4
4
4
4
4
4
4
4
4
4
4
4
4
4
4
4
4
4
4
4
4
4
4
4
4
4
4
4
4
3
3
4
4
4
4
4
4
4
4
4
4
4
4
4
4
4
4
4
4
4
4
4
4
4
4
4
4
4
4
4
4
4
4
4
4
4
4
4
4
4
4
4
4
4
4
4
4
4
4
3
3
4
4
4
4
4
4
4
4
4
4
4
4
4
4
4
4
4
4
4
4
4
4
4
4
4
4
4
4
4
4
4
4
4
4
4
4
4
4
4
4
4
4
4
4
4
4
4
4
3
3
4
4
4
4
4
4
4
4
4
4
4
4
4
4
4
4
4
4
4
4
4
4
4
4
4
4
4
4
4
4
4
4
4
4
4
4
4
4
4
4
4
4
4
4
4
4
4
4
3
3
4
4
4
4
4
4
4
4
4
4
4
4
4
4
4
4
4
4
4
4
4
4
4
4
4
4
4
4
4
4
4
4
4
4
4
4
4
4
4
4
4
4
4
4
4
4
4
4
3
3
4
4
4
4
4
4
4
4
4
4
4
4
4
4
4
4
4
4
4
4
4
4
4
4
4
4
4
4
4
4
4
4
4
4
4
4
4
4
4
4
4
4
4
4
4
4
4
4
3
2
3
3
3
3
3
3
3
3
3
3
3
3
3
3
3
3
3
3
3
3
3
3
3
3
3
3
3
3
3
3
3
3
3
3
3
3
3
3
3
3
3
3
3
3
3
3
3
3
2
51 80
2 29
52 88
3 79
1 64
53 51
4 31
2 80
54 47
5 70
3 72
55 42
6 15
4 45
56 87
7 50
5 72
57 49
8 85
6 41
58 19
9 21
7 57
59 40
10 86
8 39
60 93
11 19
9 18
61 48
12 15
10 83
62 51
13 67
11 23
63 30
14 77
12 67
64 43
15 92
13 47
65 25
16 89
14 17
66 90
17 90
15 90
67 45
18 43
16 98
68 52
19 12
17 11
69 70
20 87
18 55
70 18
21 76
19 58
71 85
22 74
20 52
72 62
23 31
21 38
73 53
24 28
22 97
74 58
25 75
23 80
75 44
26 66
24 57
76 24
27 20
25 67
77 29
28 35
26 61
78 24
29 36
27 10
79 99
30 14
28 87
80 86
31 83
29 59
81 34
32 71
30 20
82 75
33 90
31 79
83 73
34 93
32 80
84 90
35 23
33 72
85 83
36 11
34 64
86 79
37 65
35 56
87 30
38 82
36 77
88 63
39 64
37 46
89 98
40 67
38 49
90 21
41 54
39 84
91 73
42 76
40 46
92 80
43 93
41 78
93 57
44 63
42 67
94 53
45 90
43 27
95 82
46 41
44 65
96 20
47 54
45 100
97 51
48 36
46 26
98 76
49 45
47 37
99 53
50 96
48 76
100 50
49 89
101 28
1 24
52 93
102 15
2 82
53 88
51 58
103 18
3 14
54 68
52 34
104 64
4 77
55 28
53 44
105 39
5 49
56 85
54 46
106 82
6 91
57 74
55 53
107 38
7 57
58 42
56 47
108 54
8 77
59 96
57 18
109 86
9 88
60 37
58 57
110 93
10 55
61 71
59 25
111 78
11 52
62 39
60 90
112 23
12 96
63 60
61 62
113 60
13 29
64 17
62 45
114 29
14 31
65 54
63 79
115 11
15 84
66 37
64 22
116 91
16 36
67 82
65 12
117 49
17 48
68 32
66 47
118 100
18 66
69 74
67 82
119 68
19 84
70 97
68 52
120 53
20 96
71 55
69 64
121 51
21 32
72 31
70 97
122 56
22 46
73 30
71 78
123 73
23 68
74 26
72 69
124 19
24 88
75 75
73 72
125 85
25 16
76 58
74 43
126 27
26 45
77 30
75 80
127 64
27 49
78 29
76 13
128 78
28 58
79 77
77 43
129 30
29 53
80 68
78 67
130 14
30 55
81 24
79 80
131 31
31 84
82 45
80 13
132 38
32 71
83 47
81 88
133 62
33 22
84 60
82 48
134 89
34 45
85 10
83 15
135 51
35 63
86 69
84 22
136 16
36 12
87 56
85 98
137 37
37 71
88 24
86 25
138 57
38 32
89 59
87 97
139 33
39 98
90 93
88 45
140 51
40 42
91 45
89 53
141 49
41 23
92 47
90 22
142 88
42 36
93 99
91 47
143 22
43 42
94 62
92 21
144 27
44 56
95 68
93 18
145 29
45 25
96 15
94 44
146 72
46 48
97 23
95 16
147 59
47 21
98 72
96 92
148 77
48 21
99 32
97 54
149 12
49 18
100 28
98 55
150 63
50 17
99 95
151 72
51 99
102 47
152 37
52 28
103 58
101 60
153 73
53 87
104 86
102 45
154 47
54 49
105 58
103 41
155 72
55 98
106 71
104 81
156 58
56 62
107 24
105 56
157 88
57 37
108 93
106 72
158 74
58 97
109 30
107 64
159 85
59 50
110 72
108 50
160 38
60 45
111 16
109 83
161 26
61 88
112 34
110 58
162 13
62 74
113 39
111 42
163 57
63 40
114 37
112 17
164 54
64 68
115 16
113 95
165 12
65 44
116 57
114 33
166 64
66 18
117 12
115 66
167 65
67 71
118 24
116 52
168 37
68 51
119 71
117 58
169 25
69 98
120 52
118 18
170 43
70 26
121 41
119 62
171 52
71 18
122 14
120 51
172 80
72 92
123 61
121 51
173 76
73 48
124 95
122 79
174 60
74 44
125 87
123 30
175 20
75 92
126 63
124 60
176 97
76 71
127 21
125 61
177 28
77 48
128 76
126 17
178 82
78 69
129 17
127 61
179 55
79 27
130 53
128 79
180 73
80 53
131 72
129 63
181 57
81 33
132 55
130 54
182 68
82 17
133 49
131 34
183 37
83 68
134 85
132 34
184 45
84 50
135 78
133 83
185 58
85 63
136 84
134 50
186 99
86 13
137 68
135 97
187 19
87 22
138 24
136 44
188 41
88 88
139 85
137 35
189 92
89 95
140 22
138 18
190 60
90 97
141 11
139 23
191 81
91 74
142 51
140 78
192 97
92 75
143 56
141 70
193 76
93 13
144 22
142 96
194 93
94 49
145 27
143 90
195 21
95 25
146 12
144 87
196 23
96 13
147 56
145 11
197 43
97 74
148 92
146 30
198 57
98 44
149 33
147 33
199 41
99 99
150 94
148 67
200 15
100 95
149 57
201 26
101 41
152 48
202 48
102 29
153 90
151 42
203 17
103 86
154 80
152 14
204 56
104 47
155 22
153 48
205 89
105 27
156 83
154 76
206 46
106 11
157 68
155 32
207 65
107 94
158 32
156 45
208 37
108 44
159 30
157 90
209 46
109 37
160 14
158 49
210 53
110 79
161 80
159 68
211 12
111 42
162 29
160 94
212 25
112 89
163 69
161 56
213 41
113 16
164 85
162 62
214 81
114 100
165 45
163 79
215 54
115 65
166 84
164 85
216 54
116 26
167 25
165 100
217 15
117 86
168 62
166 27
218 25
118 83
169 38
167 50
219 68
119 13
170 80
168 32
220 50
120 33
171 69
169 63
221 34
121 83
172 96
170 31
222 75
122 29
173 61
171 52
223 95
123 66
174 55
172 58
224 13
124 19
175 100
173 80
225 18
125 15
176 29
174 42
226 78
126 64
177 16
175 11
227 27
127 35
178 19
176 65
228 95
128 15
179 18
177 59
229 63
129 52
180 96
178 100
230 42
130 83
181 96
179 19
231 81
131 99
182 23
180 14
232 56
132 56
183 49
181 37
233 48
133 67
184 98
182 76
234 99
134 99
185 23
183 11
235 75
135 97
186 24
184 21
236 92
136 11
187 66
185 42
237 76
137 98
188 85
186 41
238 88
138 83
189 50
187 47
239 35
139 45
190 23
188 55
240 77
140 52
191 16
189 48
241 10
141 54
192 28
190 95
242 47
142 50
193 32
191 61
243 33
143 76
194 48
192 80
244 83
144 38
195 21
193 53
245 38
145 100
196 53
194 92
246 27
146 88
197 22
195 70
247 61
147 85
198 12
196 99
248 25
148 44
199 32
197 31
249 70
149 14
200 15
198 22
250 89
150 91
199 54
251 16
151 48
202 12
252 56
152 32
203 44
201 48
253 47
153 79
204 11
202 100
254 54
154 76
205 85
203 53
255 40
155 43
206 76
204 100
256 89
156 41
207 89
205 72
257 46
157 15
208 60
206 66
258 22
158 54
209 52
207 54
259 90
159 63
210 11
208 18
260 79
160 31
211 71
209 26
261 22
161 91
212 16
210 77
262 31
162 27
213 40
211 84
263 66
163 76
214 40
212 31
264 77
164 82
215 15
213 43
265 100
165 13
216 86
214 83
266 32
166 12
217 59
215 58
267 58
167 64
218 15
216 83
268 96
168 28
219 38
217 16
269 14
169 57
220 80
218 33
270 75
170 31
221 60
219 88
271 38
171 100
222 65
220 100
272 42
172 99
223 49
221 49
273 29
173 65
224 77
222 82
274 97
174 59
225 61
223 56
275 38
175 19
226 58
224 80
276 29
176 59
227 12
225 82
277 70
177 64
228 98
226 85
278 78
178 43
229 80
227 54
279 96
179 17
230 55
228 35
280 69
180 85
231 41
229 48
281 25
181 27
232 47
230 18
282 13
182 94
233 13
231 41
283 45
183 79
234 11
232 76
284 98
184 88
235 13
233 47
285 95
185 44
236 55
234 30
286 99
186 80
237 47
235 57
287 27
187 74
238 70
236 32
288 38
188 29
239 93
237 100
289 29
189 29
240 12
238 30
290 58
190 87
241 79
239 71
291 85
191 84
242 40
240 35
292 35
192 55
243 35
241 79
293 50
193 27
244 31
242 93
294 41
194 56
245 10
243 55
295 61
195 12
246 13
244 55
296 57
196 84
247 16
245 57
297 13
197 70
248 94
246 12
298 30
198 43
249 80
247 70
299 15
199 23
250 92
248 96
300 98
200 49
249 93
301 43
201 98
252 36
302 19
202 17
253 30
251 11
303 29
203 96
254 33
252 19
304 20
204 69
255 63
253 14
305 49
205 75
256 73
254 90
306 61
206 67
257 64
255 12
307 30
207 72
258 64
256 18
308 86
208 43
259 60
257 93
309 31
209 95
260 90
258 27
310 99
210 53
261 75
259 47
311 47
211 50
262 45
260 41
312 95
212 20
263 90
261 70
313 48
213 33
264 10
262 54
314 87
214 73
265 22
263 15
315 11
215 37
266 19
264 93
316 21
216 88
267 80
265 47
317 60
217 35
268 48
266 84
318 27
218 84
269 15
267 68
319 100
219 78
270 57
268 24
320 57
220 90
271 94
269 75
321 25
221 55
272 62
270 49
322 53
222 94
273 62
271 60
323 57
223 36
274 91
272 75
324 69
224 82
275 31
273 78
325 77
225 45
276 49
274 78
326 14
226 87
277 23
275 28
327 77
227 39
278 68
276 32
328 70
228 35
279 26
277 64
329 73
229 27
280 89
278 36
330 26
230 86
281 92
279 85
331 78
231 51
282 16
280 22
332 67
232 26
283 72
281 14
333 91
233 72
284 13
282 56
334 22
234 62
285 41
283 53
335 68
235 74
286 22
284 15
336 11
236 85
287 90
285 41
337 16
237 50
288 92
286 73
338 17
238 37
289 48
287 71
339 98
239 25
290 43
288 22
340 15
240 37
291 90
289 28
341 89
241 34
292 84
290 21
342 24
242 52
293 16
291 37
343 53
243 29
294 70
292 14
344 61
244 41
295 67
293 87
345 15
245 25
296 55
294 26
346 87
246 22
297 52
295 35
347 22
247 79
298 40
296 28
348 21
248 48
299 74
297 15
349 74
249 15
300 80
298 29
350 51
250 33
299 58
351 18
251 40
302 55
352 12
252 58
303 71
301 84
353 34
253 25
304 73
302 14
354 91
254 40
305 27
303 62
355 84
255 42
306 54
304 10
356 20
256 72
307 22
305 95
357 90
257 71
308 65
306 27
358 15
258 100
309 33
307 67
359 59
259 18
310 70
308 58
360 28
260 13
311 87
309 35
361 31
261 14
312 59
310 78
362 21
262 73
313 41
311 61
363 13
263 45
314 43
312 42
364 67
264 45
315 53
313 22
365 56
265 63
316 66
314 66
366 86
266 22
317 20
315 66
367 87
267 77
318 78
316 11
368 38
268 92
319 82
317 76
369 54
269 11
320 16
318 66
370 89
270 84
321 13
319 30
371 35
271 43
322 61
320 30
372 46
272 51
323 37
321 87
373 82
273 96
324 14
322 91
374 68
274 72
325 44
323 28
375 81
275 58
326 72
324 58
376 31
276 62
327 100
325 80
377 26
277 41
328 17
326 22
378 17
278 74
329 58
327 96
379 43
279 99
330 34
328 63
380 23
280 16
331 30
329 33
381 69
281 28
332 80
330 58
382 100
282 23
333 52
331 15
383 24
283 48
334 36
332 100
384 67
284 80
335 95
333 29
385 81
285 29
336 97
334 57
386 41
286 87
337 52
335 67
387 35
287 51
338 59
336 29
388 89
288 43
339 62
337 17
389 86
289 71
340 36
338 17
390 12
290 41
341 60
339 56
391 62
291 95
342 91
340 33
392 93
292 42
343 76
341 59
393 65
293 93
344 89
342 64
394 84
294 71
345 67
343 63
395 25
295 52
346 86
344 99
396 12
296 34
347 91
345 93
397 85
297 16
348 22
346 23
398 83
298 92
349 70
347 34
399 70
299 48
350 88
348 45
400 49
300 99
349 71
401 51
301 46
352 89
402 18
302 36
353 12
351 88
403 31
303 12
354 34
352 27
404 43
304 60
355 44
353 39
405 48
305 41
356 32
354 58
406 73
306 84
357 76
355 11
407 58
307 34
358 73
356 10
408 87
308 23
359 87
357 91
409 42
309 73
360 76
358 80
410 17
310 57
361 31
359 50
411 46
311 81
362 59
360 22
412 48
312 42
363 55
361 99
413 78
313 15
364 32
362 74
414 56
314 24
365 35
363 91
415 73
315 51
366 50
364 73
416 71
316 75
367 11
365 27
417 24
317 34
368 15
366 55
418 65
318 83
369 81
367 94
419 31
319 34
370 93
368 78
420 10
320 50
371 64
369 53
421 93
321 79
372 23
370 54
422 44
322 63
373 10
371 12
423 97
323 30
374 94
372 25
424 87
324 71
375 37
373 14
425 39
325 92
376 80
374 54
426 52
326 65
377 95
375 70
427 56
327 52
378 24
376 25
428 46
328 62
379 40
377 44
429 48
329 10
380 45
378 41
430 53
330 45
381 55
379 32
431 58
331 15
382 94
380 48
432 46
332 18
383 27
381 96
433 83
333 65
384 25
382 18
434 19
334 56
385 16
383 35
435 79
335 35
386 75
384 37
436 97
336 28
387 87
385 24
437 88
337 25
388 77
386 51
438 67
338 39
389 82
387 55
439 37
339 57
390 52
388 36
440 93
340 75
391 86
389 52
441 83
341 38
392 95
390 32
442 24
342 37
393 33
391 33
443 12
343 26
394 18
392 76
444 88
344 37
395 79
393 74
445 34
345 15
396 42
394 36
446 98
346 37
397 33
395 64
447 87
347 65
398 14
396 96
448 71
348 80
399 58
397 63
449 96
349 39
400 38
398 64
450 62
350 25
399 47
451 55
351 58
402 32
452 97
352 62
403 48
401 30
453 79
353 53
404 53
402 78
454 91
354 62
405 46
403 23
455 32
355 48
406 54
404 74
456 44
356 30
407 81
405 61
457 60
357 63
408 21
406 84
458 26
358 85
409 71
407 82
459 41
359 54
410 22
408 89
460 31
360 85
411 55
409 99
461 17
361 26
412 36
410 95
462 48
362 40
413 74
411 52
463 21
363 65
414 45
412 41
464 94
364 56
415 14
413 70
465 28
365 39
416 22
414 33
466 73
366 89
417 79
415 53
467 92
367 55
418 49
416 72
468 73
368 85
419 66
417 20
469 32
369 78
420 17
418 75
470 88
370 40
421 45
419 88
471 14
371 67
422 80
420 84
472 43
372 39
423 60
421 48
473 87
373 76
424 96
422 66
474 90
374 35
425 46
423 52
475 59
375 97
426 31
424 62
476 27
376 84
427 44
425 95
477 88
377 44
428 47
426 81
478 24
378 20
429 63
427 81
479 91
379 43
430 77
428 93
480 57
380 48
431 64
429 61
481 93
381 40
432 86
430 19
482 65
382 25
433 29
431 91
483 66
383 87
434 27
432 13
484 90
384 68
435 84
433 54
485 89
385 54
436 45
434 13
486 11
386 74
437 89
435 21
487 26
387 11
438 53
436 16
488 93
388 87
439 83
437 61
489 43
389 79
440 51
438 31
490 68
390 22
441 63
439 72
491 18
391 21
442 92
440 84
492 26
392 63
443 10
441 26
493 66
393 41
444 52
442 50
494 10
394 21
445 67
443 26
495 100
395 57
446 11
444 37
496 42
396 64
447 76
445 45
497 32
397 91
448 90
446 26
498 59
398 11
449 19
447 43
499 66
399 41
450 47
448 90
500 82
400 85
449 26
501 40
401 35
452 17
502 26
402 52
453 17
451 89
503 49
403 72
454 49
452 71
504 95
404 27
455 86
453 52
505 41
405 67
456 93
454 68
506 75
406 69
457 74
455 40
507 21
407 82
458 44
456 91
508 100
408 28
459 31
457 47
509 29
409 45
460 58
458 74
510 95
410 74
461 63
459 30
511 22
411 88
462 45
460 68
512 64
412 37
463 30
461 75
513 33
413 24
464 41
462 82
514 57
414 94
465 38
463 66
515 66
415 92
466 14
464 46
516 65
416 84
467 66
465 95
517 99
417 92
468 98
466 42
518 50
418 47
469 11
467 82
519 85
419 97
470 46
468 41
520 60
420 11
471 41
469 46
521 96
421 94
472 76
470 49
522 18
422 59
473 58
471 46
523 76
423 87
474 72
472 93
524 50
424 37
475 17
473 48
525 96
425 72
476 10
474 66
526 28
426 51
477 91
475 50
527 14
427 84
478 36
476 54
528 19
428 21
479 65
477 43
529 42
429 68
480 74
478 35
530 99
430 14
481 47
479 32
531 100
431 35
482 94
480 53
532 84
432 82
483 86
481 11
533 63
433 88
484 92
482 33
534 59
434 93
485 94
483 35
535 11
435 59
486 58
484 63
536 47
436 49
487 90
485 95
537 100
437 24
488 83
486 54
538 54
438 10
489 77
487 61
539 10
439 26
490 64
488 56
540 53
440 92
491 72
489 48
541 57
441 60
492 95
490 90
542 13
442 84
493 75
491 13
543 72
443 27
494 38
492 50
544 60
444 16
495 40
493 39
545 42
445 73
496 57
494 43
546 41
446 44
497 21
495 25
547 34
447 39
498 72
496 80
548 52
448 93
499 59
497 24
549 79
449 42
500 77
498 48
550 60
450 58
499 69
551 59
451 78
502 20
552 48
452 70
503 61
501 31
553 76
453 52
504 11
502 65
554 41
454 12
505 62
503 74
555 26
455 96
506 86
504 64
556 65
456 93
507 18
505 15
557 18
457 31
508 36
506 15
558 25
458 42
509 29
507 45
559 51
459 29
510 33
508 49
560 78
460 14
511 70
509 88
561 85
461 29
512 79
510 74
562 48
462 98
513 84
511 12
563 86
463 60
514 17
512 96
564 18
464 97
515 93
513 90
565 20
465 75
516 65
514 86
566 30
466 47
517 39
515 89
567 80
467 45
518 22
516 39
568 84
468 68
519 17
517 71
569 17
469 28
520 17
518 97
570 20
470 88
521 85
519 75
571 96
471 27
522 23
520 88
572 49
472 52
523 54
521 34
573 28
473 37
524 19
522 76
574 64
474 81
525 53
523 100
575 99
475 98
526 75
524 80
576 27
476 13
527 61
525 99
577 28
477 72
528 52
526 83
578 88
478 71
529 18
527 48
579 30
479 40
530 20
528 75
580 60
480 70
531 84
529 62
581 19
481 11
532 38
530 85
582 16
482 40
533 45
531 14
583 30
483 41
534 44
532 62
584 46
484 65
535 64
533 46
585 75
485 88
536 67
534 71
586 91
486 36
537 37
535 53
587 11
487 57
538 80
536 62
588 29
488 93
539 49
537 83
589 100
489 69
540 26
538 16
590 21
490 45
541 99
539 32
591 23
491 69
542 80
540 62
592 92
492 81
543 54
541 24
593 47
493 54
544 37
542 65
594 95
494 91
545 63
543 32
595 91
495 64
546 57
544 46
596 99
496 10
547 48
545 24
597 17
497 81
548 51
546 18
598 26
498 76
549 61
547 44
599 44
499 51
550 87
548 84
600 82
500 59
549 21
501 45
552 18
502 44
553 75
551 17
503 24
554 33
552 51
504 27
555 96
553 38
505 39
556 54
554 83
506 24
557 59
555 26
507 80
558 55
556 13
508 69
559 77
557 28
509 92
560 28
558 37
510 10
561 77
559 33
511 68
562 14
560 54
512 57
563 55
561 95
513 11
564 23
562 17
514 59
565 16
563 71
515 58
566 92
564 29
516 75
567 84
565 30
517 80
568 78
566 89
518 92
569 16
567 36
519 20
570 96
568 49
520 30
571 20
569 56
521 21
572 51
570 54
522 54
573 33
571 100
523 71
574 23
572 68
524 68
575 37
573 42
525 65
576 81
574 77
526 27
577 46
575 12
527 100
578 89
576 38
528 52
579 13
577 16
529 56
580 48
578 50
530 13
581 12
579 38
531 71
582 41
580 41
532 99
583 79
581 86
533 13
584 79
582 34
534 75
585 100
583 10
535 55
586 78
584 23
536 80
587 13
585 35
537 24
588 26
586 43
538 67
589 75
587 69
539 93
590 20
588 52
540 84
591 46
589 17
541 30
592 27
590 59
542 94
593 72
591 82
543 28
594 34
592 65
544 74
595 78
593 90
545 16
596 47
594 67
546 78
597 49
595 15
547 82
598 57
596 73
548 65
599 52
597 77
549 60
600 64
598 41
550 81
599 58
40
11
1 40 
3 487 67 405 
1 168 
1 514 
1 545 
2 377 461 
3 72 287 334 
1 306 
2 127 304 
1 181 
1 502 
2 255 286 
1 546 
1 551 
2 45 386 
3 84 199 343 
3 228 321 180 
3 372 193 210 
1 363 
4 278 542 32 385 
1 425 
1 451 
2 313 256 
1 83 
2 186 347 
2 589 139 
1 416 
3 142 421 152 
2 409 320 
1 43 
1 406 
1 450 
1 189 
2 536 554 
1 440 
1 296 
2 96 420 
2 103 36 
1 496 
1 369 
1 2 
2 267 94 
2 10 37 
3 359 329 204 
1 271 
2 66 289 
2 174 59 
2 293 182 
3 567 581 346 
1 79 
4 134 379 18 307 
3 316 178 561 
1 177 
1 508 
1 437 
2 273 101 
2 472 77 
2 1 457 
1 477 
1 471 
1 439 
4 30 232 82 583 
3 470 435 505 
1 51 
3 264 556 5 
2 150 263 
2 140 20 
1 325 
3 309 454 55 
3 547 310 515 
2 331 197 
5 38 268 388 419 288 
1 555 
2 160 494 
2 115 148 
1 179 
1 231 
1 80 
1 443 
1 238 
2 442 414 
2 497 592 
1 491 
2 493 236 
3 448 348 184 
1 162 
1 235 
1 46 
1 114 
1 4 
2 69 34 
5 544 412 211 260 520 
2 462 219 
1 341 
3 65 476 311 
1 214 
2 225 360 
1 568 
2 344 574 
2 518 110 
1 22 
2 558 23 
2 393 129 
3 577 552 201 
2 187 133 
2 312 259 
2 516 381 
2 81 12 
1 272 
4 374 317 490 58 
3 441 365 155 
1 128 
2 85 430 
4 237 598 596 11 
