400 1520 10 100 76
2
3
3
3
3
3
3
3
3
3
3
3
3
3
3
3
3
3
3
2
3
4
4
4
4
4
4
4
4
4
4
4
4
4
4
4
4
4
4
3
3
4
4
4
4
4
4
4
4
4
4
4
4
4
4
4
4
4
4
3
3
4
4
4
4
4
4
4
4
4
4
4
4
4
4
4
4
4
4
3
3
4
4
4
4
4
4
4
4
4
4
4
4
4
4
4
4
4
4
3
3
4
4
4
4
4
4
4
4
4
4
4
4
4
4
4
4
4
4
3
3
4
4
4
4
4
4
4
4
4
4
4
4
4
4
4
4
4
4
3
3
4
4
4
4
4
4
4
4
4
4
4
4
4
4
4
4
4
4
3
3
4
4
4
4
4
4
4
4
4
4
4
4
4
4
4
4
4
4
3
3
4
4
4
4
4
4
4
4
4
4
4
4
4
4
4
4
4
4
3
3
4
4
4
4
4
4
4
4
4
4
4
4
4
4
4
4
4
4
3
3
4
4
4
4
4
4
4
4
4
4
4
4
4
4
4
4
4
4
3
3
4
4
4
4
4
4
4
4
4
4
4
4
4
4
4
4
4
4
3
3
4
4
4
4
4
4
4
4
4
4
4
4
4
4
4
4
4
4
3
3
4
4
4
4
4
4
4
4
4
4
4
4
4
4
4
4
4
4
3
3
4
4
4
4
4
4
4
4
4
4
4
4
4
4
4
4
4
4
3
3
4
4
4
4
4
4
4
4
4
4
4
4
4
4
4
4
4
4
3
3
4
4
4
4
4
4
4
4
4
4
4
4
4
4
4
4
4
4
3
3
4
4
4
4
4
4
4
4
4
4
4
4
4
4
4
4
4
4
3
2
3
3
3
3
3
3
3
3
3
3
3
3
3
3
3
3
3
3
2
21 33
2 29
22 75
3 41
1 57
23 24
4 75
2 60
24 76
5 28
3 91
25 79
6 10
4 41
26 43
7 60
5 74
27 75
8 15
6 32
28 84
9 52
7 50
29 51
10 13
8 92
30 70
11 30
9 87
31 55
12 21
10 77
32 57
13 43
11 88
33 77
14 56
12 81
34 12
15 14
13 17
35 73
16 99
14 83
36 86
17 70
15 23
37 32
18 31
16 41
38 35
19 29
17 59
39 33
20 31
18 39
40 94
19 17
41 31
1 96
22 10
42 81
2 43
23 14
21 23
43 40
3 61
24 85
22 88
44 68
4 80
25 10
23 65
45 18
5 53
26 22
24 57
46 12
6 95
27 25
25 18
47 93
7 11
28 42
26 19
48 36
8 45
29 92
27 78
49 46
9 73
30 24
28 54
50 43
10 67
31 98
29 73
51 16
11 69
32 66
30 75
52 32
12 81
33 67
31 31
53 81
13 48
34 90
32 20
54 61
14 65
35 40
33 90
55 56
15 96
36 92
34 43
56 26
16 87
37 67
35 81
57 59
17 76
38 18
36 30
58 23
18 90
39 28
37 86
59 92
19 55
40 26
38 16
60 76
20 92
39 13
61 98
21 82
42 51
62 24
22 41
43 90
41 34
63 89
23 34
44 16
42 57
64 18
24 25
45 48
43 88
65 73
25 58
46 71
44 36
66 68
26 36
47 15
45 71
67 78
27 25
48 43
46 21
68 62
28 83
49 33
47 50
69 12
29 85
50 47
48 72
70 86
30 52
51 16
49 45
71 54
31 66
52 26
50 55
72 36
32 13
53 61
51 81
73 55
33 55
54 28
52 69
74 88
34 74
55 76
53 79
75 17
35 34
56 49
54 87
76 82
36 75
57 96
55 71
77 10
37 23
58 23
56 51
78 29
38 74
59 77
57 97
79 31
39 17
60 79
58 92
80 72
40 64
59 92
81 60
41 27
62 94
82 79
42 37
63 75
61 16
83 38
43 57
64 25
62 36
84 82
44 81
65 77
63 58
85 56
45 43
66 100
64 90
86 39
46 83
67 70
65 93
87 47
47 55
68 30
66 21
88 61
48 82
69 27
67 63
89 32
49 61
70 78
68 61
90 85
50 78
71 14
69 63
91 56
51 80
72 100
70 41
92 91
52 35
73 10
71 63
93 26
53 73
74 13
72 45
94 88
54 81
75 94
73 59
95 87
55 39
76 96
74 13
96 90
56 24
77 31
75 18
97 81
57 37
78 22
76 73
98 37
58 40
79 47
77 34
99 100
59 29
80 85
78 91
100 59
60 52
79 61
101 85
61 62
82 85
102 14
62 33
83 77
81 50
103 19
63 84
84 30
82 34
104 39
64 98
85 20
83 87
105 72
65 31
86 76
84 98
106 21
66 76
87 53
85 69
107 95
67 12
88 21
86 79
108 26
68 43
89 49
87 26
109 27
69 95
90 23
88 61
110 24
70 22
91 18
89 51
111 22
71 35
92 72
90 56
112 23
72 31
93 75
91 42
113 83
73 21
94 59
92 23
114 36
74 89
95 22
93 96
115 98
75 76
96 23
94 36
116 18
76 46
97 55
95 19
117 48
77 41
98 50
96 29
118 30
78 64
99 100
97 74
119 96
79 55
100 45
98 91
120 46
80 75
99 29
121 66
81 31
102 17
122 39
82 61
103 67
101 83
123 73
83 35
104 80
102 24
124 89
84 81
105 93
103 65
125 79
85 71
106 93
104 95
126 57
86 56
107 54
105 85
127 54
87 27
108 94
106 62
128 44
88 25
109 35
107 28
129 70
89 73
110 55
108 58
130 19
90 97
111 75
109 76
131 35
91 94
112 41
110 79
132 98
92 93
113 13
111 34
133 16
93 25
114 21
112 27
134 20
94 27
115 50
113 41
135 40
95 39
116 39
114 51
136 28
96 63
117 86
115 55
137 51
97 28
118 74
116 70
138 92
98 10
119 46
117 31
139 91
99 13
120 40
118 52
140 20
100 67
119 39
141 62
101 68
122 99
142 92
102 28
123 85
121 20
143 63
103 12
124 64
122 55
144 88
104 76
125 44
123 34
145 95
105 39
126 43
124 81
146 39
106 97
127 80
125 67
147 100
107 51
128 65
126 83
148 45
108 29
129 42
127 63
149 17
109 97
130 34
128 59
150 40
110 75
131 23
129 11
151 40
111 69
132 26
130 39
152 64
112 62
133 16
131 51
153 65
113 100
134 55
132 76
154 65
114 12
135 82
133 14
155 68
115 48
136 41
134 59
156 86
116 22
137 16
135 25
157 66
117 15
138 87
136 40
158 39
118 84
139 84
137 20
159 18
119 12
140 21
138 93
160 75
120 25
139 50
161 60
121 57
142 10
162 14
122 36
143 68
141 79
163 50
123 83
144 38
142 30
164 31
124 93
145 14
143 75
165 17
125 60
146 61
144 82
166 43
126 55
147 44
145 96
167 28
127 70
148 47
146 42
168 29
128 44
149 21
147 29
169 66
129 79
150 32
148 58
170 19
130 80
151 52
149 43
171 57
131 34
152 35
150 65
172 93
132 30
153 34
151 90
173 98
133 54
154 62
152 80
174 34
134 93
155 37
153 77
175 57
135 38
156 26
154 60
176 84
136 41
157 17
155 29
177 39
137 65
158 27
156 43
178 13
138 37
159 60
157 81
179 35
139 23
160 15
158 45
180 87
140 26
159 65
181 12
141 62
162 91
182 49
142 34
163 28
161 87
183 80
143 97
164 58
162 10
184 85
144 19
165 47
163 82
185 69
145 73
166 65
164 39
186 50
146 80
167 100
165 73
187 83
147 15
168 30
166 74
188 69
148 84
169 80
167 61
189 81
149 53
170 25
168 18
190 54
150 83
171 92
169 61
191 67
151 24
172 98
170 28
192 85
152 14
173 96
171 83
193 88
153 63
174 33
172 29
194 43
154 76
175 78
173 91
195 88
155 48
176 53
174 19
196 97
156 19
177 28
175 44
197 90
157 65
178 93
176 50
198 40
158 100
179 13
177 19
199 17
159 12
180 25
178 92
200 24
160 80
179 46
201 38
161 26
182 35
202 24
162 20
183 76
181 48
203 59
163 56
184 85
182 39
204 39
164 25
185 21
183 46
205 75
165 25
186 94
184 75
206 12
166 97
187 54
185 64
207 91
167 54
188 62
186 34
208 90
168 80
189 69
187 67
209 45
169 91
190 25
188 16
210 24
170 33
191 50
189 83
211 11
171 57
192 70
190 70
212 14
172 94
193 72
191 49
213 39
173 96
194 60
192 90
214 28
174 97
195 82
193 40
215 72
175 65
196 68
194 40
216 60
176 27
197 76
195 36
217 56
177 52
198 30
196 33
218 52
178 15
199 38
197 69
219 25
179 71
200 43
198 31
220 72
180 77
199 25
221 66
181 16
202 45
222 99
182 76
203 84
201 40
223 85
183 96
204 85
202 36
224 54
184 32
205 69
203 87
225 73
185 28
206 27
204 78
226 20
186 11
207 81
205 22
227 63
187 38
208 54
206 40
228 82
188 82
209 33
207 30
229 35
189 81
210 95
208 93
230 10
190 36
211 78
209 65
231 88
191 98
212 80
210 37
232 36
192 23
213 50
211 33
233 16
193 89
214 87
212 67
234 69
194 95
215 25
213 82
235 62
195 25
216 77
214 61
236 99
196 89
217 44
215 61
237 84
197 51
218 93
216 57
238 27
198 89
219 55
217 79
239 41
199 67
220 22
218 57
240 14
200 15
219 46
241 55
201 49
222 66
242 58
202 60
223 34
221 64
243 82
203 22
224 43
222 75
244 62
204 31
225 29
223 72
245 84
205 28
226 50
224 47
246 69
206 70
227 29
225 48
247 38
207 35
228 50
226 96
248 29
208 60
229 85
227 75
249 97
209 46
230 65
228 86
250 41
210 91
231 28
229 78
251 62
211 93
232 88
230 64
252 54
212 86
233 70
231 64
253 71
213 25
234 98
232 90
254 52
214 71
235 88
233 28
255 59
215 32
236 64
234 72
256 59
216 59
237 65
235 50
257 73
217 45
238 56
236 45
258 62
218 80
239 35
237 26
259 31
219 28
240 98
238 80
260 21
220 17
239 77
261 81
221 86
242 83
262 28
222 27
243 32
241 44
263 90
223 31
244 36
242 16
264 64
224 66
245 85
243 72
265 31
225 31
246 21
244 70
266 15
226 67
247 77
245 99
267 87
227 65
248 48
246 63
268 13
228 23
249 32
247 26
269 12
229 88
250 23
248 39
270 61
230 20
251 73
249 37
271 54
231 63
252 71
250 57
272 61
232 98
253 43
251 27
273 55
233 23
254 29
252 62
274 19
234 52
255 23
253 41
275 64
235 81
256 65
254 58
276 10
236 68
257 84
255 83
277 48
237 22
258 79
256 27
278 90
238 57
259 82
257 17
279 99
239 10
260 45
258 82
280 47
240 31
259 98
281 24
241 79
262 82
282 26
242 69
263 50
261 94
283 20
243 39
264 33
262 11
284 59
244 28
265 53
263 82
285 98
245 27
266 67
264 62
286 64
246 11
267 38
265 71
287 17
247 73
268 84
266 13
288 51
248 15
269 32
267 51
289 21
249 16
270 56
268 85
290 76
250 60
271 89
269 32
291 97
251 50
272 71
270 31
292 86
252 10
273 76
271 55
293 81
253 69
274 74
272 58
294 76
254 99
275 17
273 78
295 42
255 68
276 54
274 75
296 100
256 17
277 40
275 66
297 68
257 29
278 11
276 88
298 81
258 86
279 19
277 56
299 85
259 66
280 29
278 46
300 74
260 56
279 32
301 87
261 90
282 13
302 93
262 51
283 99
281 63
303 23
263 51
284 14
282 87
304 100
264 93
285 21
283 93
305 35
265 92
286 18
284 32
306 20
266 41
287 60
285 100
307 88
267 49
288 13
286 26
308 91
268 68
289 78
287 23
309 16
269 64
290 89
288 96
310 83
270 85
291 22
289 67
311 15
271 14
292 66
290 42
312 77
272 69
293 34
291 57
313 23
273 68
294 66
292 33
314 46
274 42
295 72
293 96
315 42
275 87
296 38
294 91
316 35
276 54
297 33
295 66
317 55
277 21
298 25
296 73
318 57
278 11
299 55
297 48
319 84
279 33
300 23
298 87
320 34
280 69
299 42
321 53
281 54
302 33
322 20
282 58
303 91
301 31
323 80
283 24
304 23
302 26
324 50
284 21
305 47
303 64
325 56
285 26
306 33
304 57
326 57
286 94
307 29
305 26
327 36
287 24
308 24
306 64
328 85
288 37
309 86
307 34
329 12
289 97
310 19
308 15
330 62
290 11
311 27
309 28
331 91
291 24
312 73
310 13
332 82
292 30
313 67
311 35
333 80
293 58
314 63
312 80
334 71
294 10
315 97
313 22
335 97
295 92
316 35
314 76
336 42
296 29
317 28
315 65
337 68
297 66
318 56
316 42
338 100
298 84
319 78
317 78
339 11
299 15
320 14
318 27
340 66
300 44
319 93
341 85
301 42
322 28
342 12
302 53
323 69
321 82
343 79
303 17
324 13
322 51
344 78
304 60
325 48
323 11
345 71
305 30
326 46
324 90
346 15
306 56
327 64
325 46
347 82
307 61
328 15
326 51
348 67
308 92
329 11
327 49
349 22
309 46
330 86
328 61
350 68
310 43
331 72
329 32
351 34
311 44
332 15
330 90
352 47
312 82
333 19
331 67
353 28
313 24
334 73
332 33
354 94
314 81
335 79
333 72
355 33
315 40
336 39
334 61
356 84
316 29
337 40
335 90
357 93
317 42
338 24
336 59
358 55
318 99
339 11
337 21
359 13
319 84
340 88
338 73
360 42
320 93
339 99
361 25
321 68
342 49
362 27
322 32
343 85
341 80
363 69
323 33
344 10
342 78
364 32
324 12
345 11
343 25
365 67
325 37
346 57
344 61
366 13
326 96
347 89
345 58
367 60
327 87
348 15
346 95
368 37
328 12
349 57
347 69
369 75
329 33
350 75
348 25
370 40
330 18
351 63
349 49
371 49
331 19
352 78
350 61
372 11
332 45
353 86
351 58
373 51
333 11
354 25
352 26
374 10
334 20
355 18
353 75
375 35
335 44
356 50
354 48
376 44
336 34
357 47
355 25
377 63
337 32
358 80
356 35
378 96
338 51
359 87
357 78
379 64
339 69
360 86
358 62
380 21
340 11
359 13
381 62
341 32
362 26
382 37
342 64
363 44
361 92
383 22
343 41
364 63
362 29
384 24
344 17
365 15
363 18
385 51
345 55
366 20
364 39
386 63
346 85
367 80
365 76
387 89
347 36
368 16
366 58
388 80
348 49
369 71
367 40
389 15
349 53
370 93
368 90
390 69
350 18
371 44
369 16
391 100
351 44
372 98
370 76
392 28
352 56
373 87
371 51
393 49
353 11
374 84
372 48
394 75
354 57
375 69
373 76
395 45
355 31
376 41
374 74
396 81
356 65
377 86
375 65
397 80
357 11
378 23
376 89
398 57
358 94
379 60
377 45
399 69
359 19
380 81
378 99
400 66
360 46
379 84
361 57
382 10
362 27
383 50
381 45
363 93
384 57
382 90
364 40
385 22
383 95
365 35
386 43
384 23
366 44
387 58
385 52
367 60
388 98
386 82
368 60
389 88
387 29
369 74
390 41
388 89
370 68
391 15
389 88
371 45
392 33
390 84
372 83
393 23
391 81
373 15
394 52
392 35
374 23
395 46
393 16
375 49
396 11
394 91
376 80
397 58
395 34
377 36
398 16
396 71
378 46
399 22
397 67
379 62
400 86
398 68
380 95
399 76
194
68
1 194 
2 162 33 
1 295 
1 11 
1 319 
1 27 
1 45 
3 66 310 81 
2 23 166 
3 357 191 187 
1 225 
2 97 324 
4 92 328 50 88 
1 285 
2 346 391 
1 335 
1 339 
1 188 
3 9 112 145 
1 210 
1 204 
1 40 
1 296 
3 312 224 71 
2 190 140 
3 156 96 69 
1 151 
1 368 
2 392 171 
1 362 
2 87 186 
2 387 220 
1 221 
1 18 
2 268 150 
1 144 
1 95 
2 65 107 
1 138 
2 198 273 
3 371 265 10 
1 213 
1 78 
1 86 
3 217 58 276 
2 292 377 
1 55 
3 389 205 89 
2 337 26 
1 147 
1 126 
2 79 345 
3 348 270 82 
1 85 
4 170 325 141 397 
2 275 7 
1 240 
2 247 175 
2 281 160 
1 35 
1 57 
2 374 182 
4 99 260 215 241 
1 105 
2 159 302 
4 231 197 56 308 
2 313 331 
2 132 62 
4 181 193 212 102 
3 386 49 52 
1 179 
4 338 355 390 113 
1 222 
3 385 351 364 
2 60 51 
3 375 46 68 
