400 1500 10 100 76
2
3
3
3
3
3
3
3
3
3
3
3
3
3
3
3
3
3
3
3
3
3
3
3
3
3
3
3
3
3
3
3
3
3
3
3
3
3
3
2
3
4
4
4
4
4
4
4
4
4
4
4
4
4
4
4
4
4
4
4
4
4
4
4
4
4
4
4
4
4
4
4
4
4
4
4
4
4
4
3
3
4
4
4
4
4
4
4
4
4
4
4
4
4
4
4
4
4
4
4
4
4
4
4
4
4
4
4
4
4
4
4
4
4
4
4
4
4
4
3
3
4
4
4
4
4
4
4
4
4
4
4
4
4
4
4
4
4
4
4
4
4
4
4
4
4
4
4
4
4
4
4
4
4
4
4
4
4
4
3
3
4
4
4
4
4
4
4
4
4
4
4
4
4
4
4
4
4
4
4
4
4
4
4
4
4
4
4
4
4
4
4
4
4
4
4
4
4
4
3
3
4
4
4
4
4
4
4
4
4
4
4
4
4
4
4
4
4
4
4
4
4
4
4
4
4
4
4
4
4
4
4
4
4
4
4
4
4
4
3
3
4
4
4
4
4
4
4
4
4
4
4
4
4
4
4
4
4
4
4
4
4
4
4
4
4
4
4
4
4
4
4
4
4
4
4
4
4
4
3
3
4
4
4
4
4
4
4
4
4
4
4
4
4
4
4
4
4
4
4
4
4
4
4
4
4
4
4
4
4
4
4
4
4
4
4
4
4
4
3
3
4
4
4
4
4
4
4
4
4
4
4
4
4
4
4
4
4
4
4
4
4
4
4
4
4
4
4
4
4
4
4
4
4
4
4
4
4
4
3
2
3
3
3
3
3
3
3
3
3
3
3
3
3
3
3
3
3
3
3
3
3
3
3
3
3
3
3
3
3
3
3
3
3
3
3
3
3
3
2
41 28
2 29
42 39
3 29
1 28
43 67
4 89
2 85
44 41
5 38
3 41
45 92
6 86
4 23
46 27
7 88
5 46
47 100
8 92
6 57
48 98
9 100
7 76
49 17
10 39
8 88
50 74
11 58
9 42
51 32
12 71
10 23
52 69
13 32
11 27
53 76
14 42
12 27
54 39
15 21
13 87
55 81
16 49
14 98
56 78
17 77
15 48
57 42
18 60
16 69
58 64
19 82
17 71
59 50
20 100
18 99
60 45
21 48
19 10
61 95
22 42
20 33
62 97
23 57
21 74
63 47
24 10
22 39
64 95
25 85
23 38
65 68
26 25
24 53
66 22
27 96
25 92
67 52
28 64
26 36
68 21
29 88
27 67
69 43
30 17
28 72
70 99
31 67
29 97
71 10
32 40
30 31
72 65
33 97
31 47
73 68
34 51
32 96
74 92
35 52
33 98
75 28
36 27
34 80
76 66
37 22
35 18
77 51
38 55
36 27
78 90
39 23
37 44
79 95
40 61
38 72
80 63
39 62
81 44
1 27
42 23
82 18
2 68
43 73
41 42
83 79
3 59
44 53
42 22
84 13
4 64
45 98
43 76
85 84
5 95
46 69
44 30
86 83
6 84
47 39
45 10
87 59
7 99
48 69
46 18
88 64
8 43
49 62
47 92
89 36
9 80
50 17
48 34
90 33
10 98
51 44
49 40
91 81
11 33
52 41
50 39
92 20
12 68
53 70
51 16
93 59
13 10
54 72
52 69
94 88
14 79
55 63
53 66
95 61
15 61
56 93
54 47
96 72
16 60
57 48
55 67
97 14
17 37
58 82
56 88
98 77
18 39
59 43
57 36
99 83
19 34
60 25
58 73
100 76
20 34
61 34
59 68
101 29
21 67
62 40
60 40
102 71
22 97
63 77
61 23
103 48
23 10
64 27
62 10
104 32
24 31
65 49
63 33
105 42
25 94
66 21
64 98
106 32
26 55
67 21
65 48
107 100
27 38
68 36
66 57
108 13
28 84
69 98
67 66
109 28
29 100
70 51
68 38
110 79
30 99
71 100
69 25
111 14
31 33
72 82
70 21
112 93
32 85
73 90
71 41
113 100
33 31
74 69
72 18
114 17
34 27
75 22
73 89
115 74
35 39
76 54
74 71
116 60
36 75
77 14
75 59
117 91
37 94
78 50
76 22
118 79
38 68
79 23
77 10
119 90
39 55
80 83
78 67
120 52
40 76
79 82
121 54
41 41
82 63
122 12
42 94
83 23
81 85
123 30
43 100
84 17
82 98
124 32
44 76
85 26
83 19
125 66
45 91
86 10
84 25
126 50
46 31
87 62
85 73
127 87
47 33
88 71
86 95
128 11
48 40
89 78
87 58
129 38
49 89
90 80
88 97
130 81
50 80
91 46
89 16
131 34
51 27
92 32
90 34
132 30
52 17
93 84
91 89
133 15
53 56
94 30
92 41
134 72
54 60
95 91
93 97
135 63
55 39
96 51
94 73
136 45
56 49
97 87
95 93
137 90
57 72
98 91
96 90
138 41
58 13
99 26
97 12
139 79
59 71
100 33
98 28
140 38
60 77
101 70
99 20
141 42
61 41
102 74
100 21
142 83
62 82
103 93
101 74
143 50
63 22
104 97
102 33
144 74
64 68
105 17
103 94
145 24
65 53
106 52
104 27
146 69
66 25
107 97
105 67
147 99
67 50
108 59
106 72
148 67
68 13
109 47
107 18
149 91
69 57
110 17
108 21
150 88
70 65
111 54
109 41
151 75
71 52
112 36
110 62
152 30
72 87
113 35
111 18
153 20
73 30
114 38
112 78
154 66
74 32
115 36
113 38
155 73
75 75
116 54
114 58
156 71
76 70
117 46
115 76
157 86
77 69
118 23
116 41
158 49
78 53
119 99
117 65
159 18
79 41
120 55
118 32
160 85
80 85
119 51
161 32
81 37
122 19
162 82
82 83
123 63
121 17
163 17
83 56
124 65
122 16
164 69
84 81
125 81
123 80
165 81
85 30
126 29
124 65
166 14
86 23
127 43
125 81
167 72
87 59
128 18
126 98
168 85
88 40
129 82
127 51
169 34
89 43
130 19
128 22
170 89
90 70
131 59
129 81
171 70
91 59
132 88
130 14
172 54
92 28
133 45
131 20
173 31
93 54
134 66
132 18
174 78
94 99
135 68
133 59
175 100
95 26
136 15
134 83
176 78
96 53
137 60
135 38
177 80
97 97
138 21
136 100
178 71
98 51
139 100
137 88
179 95
99 57
140 23
138 90
180 49
100 24
141 80
139 33
181 61
101 97
142 32
140 61
182 41
102 94
143 69
141 73
183 33
103 27
144 37
142 18
184 11
104 35
145 94
143 85
185 21
105 24
146 92
144 35
186 22
106 40
147 62
145 33
187 24
107 13
148 36
146 74
188 16
108 27
149 95
147 24
189 41
109 46
150 32
148 50
190 21
110 30
151 55
149 23
191 56
111 92
152 64
150 57
192 86
112 63
153 61
151 93
193 31
113 78
154 22
152 33
194 83
114 18
155 56
153 31
195 86
115 72
156 32
154 17
196 76
116 85
157 66
155 47
197 62
117 25
158 27
156 40
198 43
118 10
159 75
157 13
199 11
119 44
160 77
158 59
200 41
120 80
159 14
201 73
121 46
162 24
202 89
122 70
163 78
161 56
203 40
123 22
164 70
162 20
204 62
124 89
165 83
163 31
205 80
125 79
166 87
164 89
206 12
126 99
167 72
165 38
207 96
127 85
168 92
166 14
208 48
128 56
169 51
167 72
209 34
129 78
170 50
168 12
210 24
130 78
171 86
169 39
211 21
131 33
172 47
170 59
212 24
132 72
173 65
171 89
213 26
133 95
174 41
172 13
214 15
134 30
175 49
173 34
215 23
135 25
176 56
174 70
216 12
136 30
177 28
175 12
217 83
137 47
178 37
176 56
218 47
138 51
179 31
177 71
219 52
139 86
180 41
178 51
220 58
140 69
181 15
179 20
221 17
141 71
182 10
180 32
222 89
142 25
183 71
181 32
223 57
143 94
184 90
182 61
224 43
144 59
185 94
183 79
225 58
145 61
186 25
184 38
226 76
146 66
187 79
185 69
227 50
147 52
188 76
186 88
228 22
148 23
189 24
187 52
229 16
149 83
190 17
188 43
230 11
150 81
191 50
189 13
231 88
151 23
192 70
190 43
232 58
152 95
193 85
191 75
233 32
153 99
194 12
192 37
234 77
154 56
195 83
193 15
235 35
155 58
196 85
194 81
236 50
156 20
197 34
195 32
237 99
157 82
198 21
196 14
238 48
158 36
199 44
197 22
239 72
159 51
200 96
198 12
240 24
160 49
199 78
241 58
161 82
202 52
242 62
162 60
203 37
201 66
243 51
163 24
204 87
202 68
244 40
164 81
205 42
203 22
245 23
165 21
206 52
204 57
246 11
166 14
207 31
205 59
247 26
167 55
208 95
206 67
248 33
168 74
209 46
207 51
249 77
169 11
210 11
208 37
250 14
170 38
211 12
209 19
251 33
171 45
212 10
210 12
252 47
172 86
213 37
211 44
253 22
173 16
214 15
212 98
254 84
174 58
215 83
213 25
255 93
175 91
216 45
214 98
256 95
176 59
217 65
215 28
257 50
177 44
218 59
216 32
258 50
178 10
219 72
217 10
259 12
179 99
220 38
218 40
260 70
180 87
221 21
219 50
261 34
181 26
222 46
220 17
262 63
182 45
223 66
221 62
263 75
183 77
224 47
222 98
264 96
184 36
225 74
223 88
265 45
185 23
226 80
224 58
266 95
186 79
227 73
225 93
267 64
187 10
228 83
226 69
268 76
188 14
229 29
227 64
269 40
189 89
230 86
228 80
270 34
190 83
231 82
229 89
271 25
191 24
232 65
230 93
272 17
192 55
233 79
231 55
273 57
193 88
234 58
232 76
274 34
194 35
235 20
233 15
275 23
195 88
236 86
234 53
276 50
196 83
237 97
235 16
277 55
197 57
238 98
236 96
278 63
198 96
239 99
237 88
279 71
199 25
240 23
238 83
280 31
200 29
239 57
281 93
201 75
242 20
282 96
202 24
243 77
241 11
283 41
203 74
244 59
242 48
284 90
204 97
245 33
243 93
285 12
205 77
246 21
244 12
286 99
206 72
247 22
245 61
287 51
207 79
248 43
246 79
288 96
208 73
249 19
247 63
289 32
209 57
250 30
248 86
290 85
210 15
251 52
249 63
291 100
211 24
252 55
250 73
292 31
212 28
253 81
251 86
293 81
213 81
254 77
252 32
294 93
214 25
255 77
253 97
295 81
215 87
256 69
254 39
296 72
216 77
257 45
255 68
297 82
217 94
258 26
256 88
298 91
218 50
259 52
257 18
299 34
219 63
260 47
258 18
300 72
220 13
261 94
259 100
301 63
221 65
262 45
260 10
302 27
222 58
263 79
261 56
303 68
223 76
264 85
262 90
304 90
224 42
265 10
263 30
305 70
225 56
266 92
264 72
306 100
226 88
267 54
265 26
307 64
227 39
268 30
266 36
308 42
228 14
269 50
267 99
309 53
229 75
270 61
268 94
310 38
230 95
271 90
269 42
311 86
231 78
272 58
270 31
312 34
232 65
273 79
271 51
313 52
233 47
274 66
272 60
314 65
234 11
275 70
273 65
315 41
235 74
276 73
274 71
316 43
236 95
277 88
275 18
317 94
237 50
278 33
276 83
318 53
238 38
279 18
277 94
319 92
239 19
280 11
278 55
320 46
240 29
279 77
321 77
241 15
282 87
322 41
242 83
283 48
281 11
323 78
243 60
284 42
282 71
324 50
244 53
285 37
283 59
325 35
245 53
286 31
284 32
326 32
246 31
287 31
285 24
327 18
247 61
288 28
286 100
328 85
248 90
289 82
287 79
329 40
249 19
290 49
288 50
330 96
250 57
291 18
289 84
331 38
251 96
292 49
290 74
332 64
252 25
293 36
291 70
333 18
253 64
294 41
292 42
334 70
254 90
295 37
293 28
335 14
255 62
296 55
294 50
336 86
256 20
297 80
295 95
337 70
257 51
298 72
296 11
338 38
258 56
299 81
297 45
339 22
259 17
300 30
298 52
340 93
260 87
301 49
299 64
341 34
261 24
302 67
300 92
342 82
262 26
303 54
301 68
343 63
263 41
304 92
302 12
344 89
264 90
305 95
303 29
345 57
265 41
306 18
304 47
346 71
266 48
307 92
305 28
347 87
267 29
308 29
306 52
348 26
268 23
309 27
307 37
349 30
269 18
310 67
308 17
350 88
270 97
311 84
309 44
351 93
271 46
312 43
310 51
352 85
272 70
313 73
311 53
353 22
273 87
314 86
312 71
354 93
274 83
315 71
313 17
355 16
275 78
316 45
314 37
356 83
276 69
317 68
315 88
357 48
277 96
318 44
316 78
358 42
278 14
319 91
317 50
359 59
279 89
320 42
318 94
360 62
280 21
319 84
361 92
281 77
322 46
362 54
282 90
323 46
321 40
363 75
283 18
324 43
322 94
364 35
284 57
325 48
323 44
365 49
285 57
326 20
324 71
366 34
286 90
327 94
325 39
367 71
287 95
328 51
326 44
368 70
288 82
329 92
327 22
369 69
289 34
330 10
328 40
370 64
290 57
331 92
329 40
371 18
291 16
332 51
330 28
372 13
292 16
333 26
331 82
373 34
293 60
334 41
332 62
374 84
294 80
335 29
333 23
375 21
295 39
336 76
334 49
376 37
296 54
337 81
335 31
377 96
297 86
338 20
336 92
378 15
298 25
339 20
337 47
379 27
299 82
340 67
338 29
380 52
300 36
341 44
339 72
381 43
301 97
342 18
340 57
382 89
302 52
343 13
341 31
383 20
303 47
344 29
342 43
384 38
304 68
345 97
343 52
385 35
305 26
346 26
344 42
386 14
306 50
347 54
345 19
387 12
307 89
348 12
346 92
388 88
308 72
349 89
347 64
389 45
309 36
350 80
348 88
390 84
310 16
351 28
349 70
391 29
311 37
352 62
350 51
392 80
312 89
353 14
351 80
393 41
313 73
354 42
352 94
394 21
314 22
355 51
353 43
395 15
315 47
356 59
354 98
396 78
316 41
357 84
355 67
397 15
317 96
358 25
356 65
398 89
318 23
359 19
357 42
399 20
319 14
360 30
358 18
400 96
320 41
359 23
321 88
362 15
322 54
363 86
361 51
323 25
364 86
362 63
324 95
365 18
363 61
325 61
366 15
364 84
326 68
367 55
365 25
327 35
368 12
366 93
328 73
369 48
367 96
329 20
370 97
368 84
330 16
371 57
369 38
331 50
372 89
370 80
332 67
373 42
371 56
333 60
374 47
372 90
334 16
375 83
373 16
335 100
376 66
374 13
336 97
377 55
375 76
337 49
378 46
376 36
338 32
379 81
377 31
339 74
380 67
378 47
340 84
381 77
379 36
341 79
382 31
380 60
342 66
383 97
381 99
343 86
384 96
382 53
344 47
385 100
383 49
345 10
386 40
384 91
346 22
387 74
385 13
347 49
388 53
386 42
348 72
389 63
387 55
349 86
390 39
388 78
350 50
391 16
389 18
351 22
392 36
390 15
352 56
393 35
391 97
353 87
394 40
392 37
354 94
395 19
393 80
355 51
396 13
394 37
356 48
397 78
395 79
357 34
398 43
396 44
358 60
399 57
397 73
359 77
400 92
398 24
360 71
399 78
162
241
1 162 
2 179 322 
1 327 
2 153 272 
1 89 
2 24 209 
3 28 33 344 
1 31 
3 65 369 40 
2 7 23 
4 380 191 99 128 
1 118 
1 192 
1 370 
3 227 202 142 
1 383 
3 75 362 355 
2 41 381 
2 167 5 
2 239 342 
3 208 64 325 
1 8 
1 271 
2 295 47 
2 62 298 
2 229 152 
2 130 137 
3 124 340 305 
2 171 231 
3 285 177 365 
1 341 
1 1 
2 159 133 
1 265 
2 39 129 
4 194 45 324 232 
2 105 243 
2 397 102 
2 108 46 
1 286 
1 195 
2 104 224 
2 56 166 
1 14 
3 379 199 364 
2 43 111 
1 55 
2 238 68 
1 261 
1 279 
5 92 42 32 60 2 
1 388 
3 66 193 101 
1 278 
1 306 
1 237 
1 91 
2 235 113 
3 259 222 53 
3 50 11 93 
1 303 
1 122 
2 347 266 
1 333 
2 88 310 
1 48 
1 205 
2 134 277 
4 384 26 294 276 
2 175 343 
2 16 360 
2 59 287 
1 393 
1 169 
1 398 
2 197 241 
