196 728 10 100 37
2
3
3
3
3
3
3
3
3
3
3
3
3
2
3
4
4
4
4
4
4
4
4
4
4
4
4
3
3
4
4
4
4
4
4
4
4
4
4
4
4
3
3
4
4
4
4
4
4
4
4
4
4
4
4
3
3
4
4
4
4
4
4
4
4
4
4
4
4
3
3
4
4
4
4
4
4
4
4
4
4
4
4
3
3
4
4
4
4
4
4
4
4
4
4
4
4
3
3
4
4
4
4
4
4
4
4
4
4
4
4
3
3
4
4
4
4
4
4
4
4
4
4
4
4
3
3
4
4
4
4
4
4
4
4
4
4
4
4
3
3
4
4
4
4
4
4
4
4
4
4
4
4
3
3
4
4
4
4
4
4
4
4
4
4
4
4
3
3
4
4
4
4
4
4
4
4
4
4
4
4
3
2
3
3
3
3
3
3
3
3
3
3
3
3
2
15 33
2 29
16 66
3 13
1 100
17 26
4 85
2 23
18 31
5 83
3 41
19 57
6 19
4 49
20 72
7 64
5 54
21 44
8 38
6 92
22 25
9 35
7 66
23 19
10 87
8 93
24 39
11 33
9 20
25 69
12 38
10 11
26 56
13 45
11 29
27 76
14 35
12 48
28 46
13 100
29 40
1 18
16 26
30 22
2 39
17 21
15 14
31 29
3 12
18 65
16 99
32 100
4 81
19 24
17 33
33 91
5 10
20 31
18 24
34 87
6 72
21 78
19 54
35 25
7 17
22 74
20 82
36 92
8 76
23 50
21 61
37 16
9 100
24 46
22 34
38 73
10 94
25 23
23 30
39 67
11 10
26 65
24 100
40 10
12 53
27 50
25 25
41 59
13 86
28 48
26 96
42 30
14 75
27 10
43 100
15 50
30 100
44 93
16 59
31 43
29 85
45 46
17 20
32 56
30 42
46 25
18 67
33 58
31 31
47 88
19 61
34 45
32 36
48 64
20 78
35 49
33 34
49 81
21 40
36 90
34 77
50 15
22 28
37 96
35 25
51 38
23 19
38 88
36 89
52 73
24 15
39 20
37 76
53 33
25 23
40 67
38 91
54 16
26 47
41 27
39 22
55 17
27 86
42 51
40 85
56 73
28 73
41 98
57 60
29 97
44 80
58 25
30 43
45 29
43 74
59 16
31 57
46 98
44 21
60 19
32 79
47 27
45 73
61 95
33 64
48 18
46 16
62 82
34 99
49 41
47 81
63 95
35 45
50 27
48 70
64 23
36 83
51 41
49 19
65 78
37 64
52 24
50 86
66 74
38 32
53 27
51 34
67 44
39 10
54 75
52 46
68 19
40 49
55 53
53 80
69 41
41 87
56 55
54 71
70 17
42 87
55 92
71 53
43 34
58 70
72 22
44 52
59 31
57 20
73 47
45 28
60 38
58 62
74 24
46 31
61 30
59 92
75 47
47 27
62 66
60 41
76 62
48 55
63 25
61 27
77 100
49 29
64 24
62 73
78 82
50 58
65 52
63 57
79 31
51 41
66 85
64 98
80 57
52 30
67 18
65 29
81 35
53 37
68 62
66 10
82 44
54 93
69 20
67 33
83 50
55 36
70 40
68 78
84 35
56 28
69 43
85 56
57 61
72 92
86 20
58 10
73 24
71 78
87 88
59 50
74 20
72 56
88 79
60 34
75 100
73 79
89 40
61 98
76 10
74 47
90 78
62 73
77 100
75 36
91 93
63 30
78 87
76 57
92 64
64 34
79 70
77 21
93 18
65 23
80 96
78 64
94 77
66 24
81 99
79 52
95 45
67 60
82 64
80 55
96 93
68 99
83 20
81 32
97 34
69 28
84 64
82 31
98 27
70 66
83 70
99 73
71 72
86 58
100 81
72 90
87 33
85 100
101 50
73 40
88 24
86 35
102 11
74 56
89 75
87 88
103 73
75 41
90 18
88 70
104 25
76 20
91 94
89 86
105 51
77 17
92 42
90 46
106 11
78 62
93 60
91 46
107 57
79 43
94 84
92 66
108 63
80 86
95 22
93 89
109 87
81 18
96 23
94 62
110 88
82 73
97 79
95 59
111 98
83 70
98 13
96 80
112 41
84 16
97 53
113 22
85 58
100 10
114 39
86 57
101 64
99 90
115 76
87 21
102 19
100 12
116 80
88 72
103 91
101 82
117 90
89 61
104 19
102 54
118 59
90 74
105 14
103 11
119 88
91 34
106 53
104 97
120 92
92 60
107 34
105 40
121 39
93 47
108 87
106 51
122 98
94 23
109 92
107 89
123 34
95 39
110 54
108 51
124 66
96 61
111 30
109 69
125 64
97 48
112 79
110 44
126 24
98 16
111 30
127 10
99 97
114 31
128 88
100 59
115 97
113 86
129 62
101 81
116 10
114 17
130 70
102 81
117 71
115 100
131 70
103 75
118 71
116 71
132 59
104 49
119 59
117 53
133 77
105 27
120 97
118 23
134 75
106 30
121 52
119 56
135 86
107 61
122 69
120 51
136 67
108 36
123 13
121 18
137 24
109 28
124 79
122 56
138 50
110 66
125 34
123 35
139 87
111 65
126 18
124 79
140 66
112 43
125 100
141 30
113 68
128 73
142 48
114 18
129 72
127 48
143 41
115 19
130 56
128 82
144 22
116 56
131 62
129 37
145 68
117 94
132 33
130 59
146 37
118 18
133 72
131 98
147 13
119 79
134 20
132 28
148 100
120 86
135 66
133 59
149 40
121 86
136 17
134 47
150 40
122 47
137 82
135 79
151 32
123 85
138 68
136 80
152 95
124 53
139 59
137 77
153 17
125 93
140 14
138 38
154 94
126 78
139 80
155 41
127 38
142 97
156 87
128 48
143 12
141 36
157 32
129 70
144 19
142 73
158 95
130 76
145 35
143 86
159 47
131 39
146 46
144 12
160 34
132 100
147 72
145 50
161 57
133 86
148 37
146 94
162 23
134 55
149 18
147 96
163 18
135 47
150 81
148 64
164 81
136 49
151 80
149 11
165 43
137 44
152 75
150 83
166 61
138 63
153 79
151 93
167 18
139 89
154 79
152 82
168 54
140 44
153 53
169 11
141 74
156 93
170 22
142 32
157 74
155 47
171 93
143 91
158 77
156 81
172 13
144 51
159 90
157 19
173 92
145 32
160 20
158 37
174 50
146 84
161 59
159 70
175 44
147 73
162 88
160 96
176 67
148 81
163 30
161 83
177 27
149 19
164 84
162 100
178 77
150 26
165 84
163 23
179 38
151 18
166 94
164 27
180 16
152 36
167 39
165 86
181 84
153 98
168 40
166 81
182 100
154 33
167 29
183 72
155 41
170 49
184 29
156 16
171 28
169 72
185 100
157 28
172 17
170 66
186 100
158 45
173 35
171 15
187 72
159 14
174 85
172 41
188 46
160 71
175 13
173 55
189 32
161 25
176 61
174 95
190 26
162 71
177 56
175 80
191 25
163 77
178 89
176 29
192 87
164 83
179 60
177 59
193 63
165 33
180 86
178 73
194 51
166 65
181 44
179 62
195 60
167 10
182 47
180 67
196 44
168 58
181 79
169 80
184 65
170 24
185 11
183 58
171 51
186 78
184 45
172 55
187 31
185 28
173 83
188 54
186 50
174 52
189 15
187 43
175 82
190 56
188 44
176 57
191 23
189 17
177 24
192 20
190 88
178 79
193 50
191 78
179 16
194 63
192 79
180 95
195 68
193 63
181 63
196 99
194 25
182 54
195 36
61
104
4 134 183 165 61 
1 25 
2 194 174 
3 103 56 133 
2 119 22 
1 147 
1 48 
1 26 
2 17 118 
4 68 44 12 163 
1 64 
2 109 178 
1 112 
2 70 58 
1 181 
3 30 144 173 
1 126 
2 6 69 
2 154 10 
4 90 59 34 189 
2 91 158 
1 177 
1 20 
2 32 24 
2 141 88 
1 193 
2 142 122 
1 36 
3 27 180 1 
1 78 
1 172 
2 100 77 
2 129 46 
2 151 47 
2 145 161 
2 116 140 
1 104 
