600 2276 10 100 114
2
3
3
3
3
3
3
3
3
3
3
3
3
3
3
3
3
3
3
3
3
3
3
3
3
3
3
3
3
3
3
3
3
3
3
3
3
3
3
3
3
3
3
3
3
3
3
3
3
2
3
4
4
4
4
4
4
4
4
4
4
4
4
4
4
4
4
4
4
4
4
4
4
4
4
4
4
4
4
4
4
4
4
4
4
4
4
4
4
4
4
4
4
4
4
4
4
4
4
3
3
4
4
4
4
4
4
4
4
4
4
4
4
4
4
4
4
4
4
4
4
4
4
4
4
4
4
4
4
4
4
4
4
4
4
4
4
4
4
4
4
4
4
4
4
4
4
4
4
3
3
4
4
4
4
4
4
4
4
4
4
4
4
4
4
4
4
4
4
4
4
4
4
4
4
4
4
4
4
4
4
4
4
4
4
4
4
4
4
4
4
4
4
4
4
4
4
4
4
3
3
4
4
4
4
4
4
4
4
4
4
4
4
4
4
4
4
4
4
4
4
4
4
4
4
4
4
4
4
4
4
4
4
4
4
4
4
4
4
4
4
4
4
4
4
4
4
4
4
3
3
4
4
4
4
4
4
4
4
4
4
4
4
4
4
4
4
4
4
4
4
4
4
4
4
4
4
4
4
4
4
4
4
4
4
4
4
4
4
4
4
4
4
4
4
4
4
4
4
3
3
4
4
4
4
4
4
4
4
4
4
4
4
4
4
4
4
4
4
4
4
4
4
4
4
4
4
4
4
4
4
4
4
4
4
4
4
4
4
4
4
4
4
4
4
4
4
4
4
3
3
4
4
4
4
4
4
4
4
4
4
4
4
4
4
4
4
4
4
4
4
4
4
4
4
4
4
4
4
4
4
4
4
4
4
4
4
4
4
4
4
4
4
4
4
4
4
4
4
3
3
4
4
4
4
4
4
4
4
4
4
4
4
4
4
4
4
4
4
4
4
4
4
4
4
4
4
4
4
4
4
4
4
4
4
4
4
4
4
4
4
4
4
4
4
4
4
4
4
3
3
4
4
4
4
4
4
4
4
4
4
4
4
4
4
4
4
4
4
4
4
4
4
4
4
4
4
4
4
4
4
4
4
4
4
4
4
4
4
4
4
4
4
4
4
4
4
4
4
3
3
4
4
4
4
4
4
4
4
4
4
4
4
4
4
4
4
4
4
4
4
4
4
4
4
4
4
4
4
4
4
4
4
4
4
4
4
4
4
4
4
4
4
4
4
4
4
4
4
3
2
3
3
3
3
3
3
3
3
3
3
3
3
3
3
3
3
3
3
3
3
3
3
3
3
3
3
3
3
3
3
3
3
3
3
3
3
3
3
3
3
3
3
3
3
3
3
3
3
2
51 16
2 29
52 19
3 84
1 61
53 33
4 52
2 17
54 36
5 24
3 36
55 19
6 15
4 43
56 65
7 80
5 30
57 54
8 88
6 89
58 62
9 96
7 41
59 68
10 47
8 46
60 10
11 49
9 55
61 38
12 27
10 42
62 89
13 86
11 60
63 27
14 63
12 95
64 85
15 80
13 40
65 39
16 94
14 77
66 65
17 21
15 14
67 71
18 35
16 43
68 45
19 13
17 58
69 45
20 44
18 91
70 14
21 33
19 66
71 14
22 82
20 85
72 61
23 58
21 45
73 34
24 76
22 90
74 66
25 27
23 66
75 18
26 16
24 47
76 42
27 77
25 79
77 24
28 90
26 90
78 31
29 40
27 62
79 61
30 86
28 71
80 55
31 100
29 21
81 100
32 66
30 39
82 13
33 32
31 55
83 77
34 29
32 72
84 88
35 33
33 88
85 65
36 32
34 47
86 83
37 23
35 48
87 87
38 53
36 19
88 92
39 71
37 85
89 38
40 55
38 14
90 76
41 87
39 53
91 62
42 64
40 30
92 89
43 79
41 46
93 12
44 65
42 21
94 56
45 92
43 60
95 12
46 38
44 15
96 44
47 87
45 18
97 80
48 91
46 48
98 82
49 75
47 55
99 60
50 82
48 61
100 72
49 53
101 55
1 85
52 27
102 87
2 53
53 41
51 59
103 38
3 20
54 88
52 16
104 74
4 48
55 42
53 85
105 48
5 29
56 42
54 73
106 86
6 29
57 13
55 30
107 93
7 97
58 100
56 86
108 16
8 100
59 41
57 78
109 25
9 22
60 48
58 76
110 27
10 88
61 23
59 82
111 79
11 56
62 28
60 24
112 30
12 23
63 44
61 54
113 12
13 73
64 31
62 96
114 44
14 37
65 93
63 75
115 90
15 62
66 10
64 78
116 20
16 22
67 45
65 77
117 94
17 53
68 33
66 31
118 100
18 38
69 71
67 42
119 95
19 52
70 46
68 62
120 73
20 57
71 99
69 23
121 36
21 89
72 42
70 81
122 87
22 69
73 55
71 61
123 28
23 75
74 70
72 36
124 76
24 64
75 86
73 58
125 35
25 57
76 14
74 13
126 64
26 65
77 63
75 75
127 34
27 99
78 83
76 94
128 82
28 86
79 48
77 37
129 96
29 60
80 60
78 30
130 76
30 69
81 89
79 21
131 71
31 27
82 40
80 60
132 12
32 72
83 59
81 49
133 69
33 85
84 26
82 71
134 90
34 81
85 56
83 85
135 69
35 90
86 33
84 94
136 18
36 81
87 76
85 55
137 91
37 70
88 20
86 93
138 48
38 52
89 49
87 91
139 58
39 85
90 72
88 99
140 85
40 78
91 83
89 86
141 61
41 62
92 93
90 37
142 72
42 62
93 56
91 59
143 17
43 22
94 51
92 18
144 18
44 36
95 26
93 52
145 17
45 99
96 17
94 81
146 10
46 74
97 46
95 31
147 78
47 90
98 70
96 58
148 45
48 60
99 15
97 38
149 30
49 78
100 34
98 86
150 25
50 41
99 50
151 74
51 56
102 86
152 52
52 91
103 84
101 18
153 35
53 56
104 42
102 19
154 74
54 68
105 87
103 61
155 58
55 59
106 81
104 43
156 20
56 31
107 68
105 86
157 95
57 62
108 46
106 96
158 54
58 56
109 82
107 59
159 17
59 51
110 10
108 92
160 72
60 77
111 22
109 54
161 77
61 95
112 74
110 51
162 28
62 63
113 67
111 83
163 62
63 68
114 34
112 18
164 30
64 23
115 67
113 79
165 48
65 42
116 40
114 74
166 56
66 70
117 48
115 58
167 100
67 69
118 77
116 66
168 51
68 47
119 61
117 20
169 47
69 56
120 36
118 34
170 10
70 76
121 29
119 97
171 94
71 88
122 52
120 91
172 61
72 63
123 36
121 18
173 16
73 69
124 69
122 13
174 14
74 65
125 67
123 57
175 88
75 30
126 95
124 37
176 19
76 50
127 16
125 80
177 28
77 26
128 23
126 30
178 94
78 95
129 20
127 31
179 40
79 25
130 52
128 83
180 66
80 32
131 65
129 22
181 60
81 87
132 71
130 67
182 70
82 57
133 38
131 41
183 16
83 100
134 46
132 64
184 58
84 90
135 79
133 76
185 66
85 24
136 37
134 81
186 32
86 62
137 98
135 39
187 16
87 31
138 51
136 73
188 77
88 15
139 36
137 90
189 14
89 11
140 82
138 38
190 75
90 48
141 74
139 47
191 73
91 47
142 67
140 83
192 97
92 18
143 92
141 28
193 41
93 67
144 47
142 92
194 19
94 64
145 42
143 54
195 11
95 47
146 97
144 97
196 46
96 94
147 77
145 51
197 52
97 92
148 78
146 39
198 31
98 62
149 24
147 67
199 31
99 84
150 36
148 100
200 53
100 15
149 24
201 73
101 18
152 82
202 34
102 42
153 57
151 77
203 53
103 54
154 70
152 72
204 59
104 93
155 13
153 59
205 71
105 37
156 37
154 68
206 37
106 89
157 68
155 84
207 96
107 22
158 35
156 19
208 16
108 97
159 38
157 80
209 69
109 77
160 52
158 70
210 59
110 81
161 22
159 57
211 71
111 14
162 72
160 18
212 20
112 28
163 31
161 79
213 80
113 45
164 59
162 23
214 25
114 96
165 54
163 42
215 20
115 50
166 99
164 40
216 65
116 74
167 40
165 77
217 99
117 16
168 14
166 28
218 94
118 51
169 80
167 66
219 53
119 33
170 55
168 17
220 74
120 26
171 54
169 28
221 60
121 66
172 25
170 93
222 98
122 48
173 43
171 11
223 55
123 15
174 18
172 71
224 92
124 57
175 64
173 31
225 64
125 54
176 51
174 28
226 99
126 41
177 35
175 67
227 47
127 32
178 57
176 72
228 60
128 69
179 22
177 44
229 98
129 11
180 43
178 46
230 59
130 62
181 32
179 23
231 79
131 81
182 49
180 23
232 34
132 43
183 96
181 34
233 97
133 47
184 71
182 96
234 23
134 76
185 19
183 75
235 96
135 98
186 73
184 93
236 37
136 65
187 61
185 50
237 62
137 96
188 96
186 99
238 77
138 84
189 57
187 85
239 87
139 28
190 95
188 30
240 52
140 20
191 43
189 62
241 63
141 63
192 75
190 20
242 14
142 44
193 79
191 12
243 95
143 89
194 36
192 93
244 47
144 52
195 71
193 38
245 69
145 32
196 36
194 80
246 11
146 86
197 29
195 66
247 52
147 12
198 37
196 29
248 88
148 68
199 90
197 52
249 79
149 59
200 60
198 10
250 42
150 50
199 15
251 51
151 38
202 23
252 66
152 18
203 44
201 79
253 94
153 29
204 60
202 52
254 99
154 14
205 54
203 38
255 28
155 52
206 26
204 48
256 67
156 59
207 82
205 93
257 28
157 31
208 19
206 29
258 50
158 66
209 74
207 41
259 38
159 27
210 44
208 82
260 85
160 93
211 25
209 66
261 52
161 78
212 72
210 32
262 50
162 47
213 13
211 95
263 24
163 47
214 16
212 25
264 11
164 62
215 47
213 88
265 93
165 20
216 57
214 59
266 44
166 11
217 80
215 87
267 36
167 64
218 75
216 43
268 74
168 41
219 52
217 13
269 98
169 59
220 68
218 50
270 45
170 67
221 69
219 54
271 52
171 92
222 70
220 59
272 56
172 17
223 26
221 77
273 29
173 97
224 21
222 90
274 42
174 26
225 62
223 15
275 42
175 88
226 16
224 76
276 31
176 75
227 13
225 97
277 65
177 58
228 88
226 32
278 17
178 14
229 43
227 98
279 57
179 62
230 20
228 33
280 86
180 74
231 59
229 98
281 69
181 37
232 75
230 79
282 35
182 16
233 97
231 92
283 58
183 39
234 69
232 23
284 84
184 70
235 43
233 22
285 65
185 68
236 63
234 74
286 64
186 72
237 43
235 19
287 13
187 63
238 54
236 60
288 27
188 75
239 91
237 95
289 74
189 85
240 29
238 55
290 14
190 87
241 82
239 81
291 54
191 32
242 69
240 34
292 24
192 33
243 14
241 17
293 73
193 58
244 65
242 83
294 40
194 95
245 91
243 94
295 18
195 76
246 64
244 84
296 91
196 86
247 68
245 19
297 32
197 75
248 21
246 35
298 10
198 94
249 35
247 50
299 22
199 88
250 98
248 28
300 95
200 40
249 72
301 49
201 28
252 81
302 11
202 76
253 85
251 76
303 50
203 16
254 43
252 31
304 23
204 86
255 83
253 99
305 70
205 33
256 56
254 68
306 31
206 52
257 35
255 65
307 80
207 46
258 56
256 80
308 39
208 87
259 25
257 37
309 27
209 65
260 39
258 99
310 31
210 13
261 32
259 89
311 33
211 57
262 10
260 49
312 65
212 19
263 59
261 98
313 94
213 58
264 51
262 46
314 34
214 87
265 63
263 10
315 12
215 22
266 48
264 25
316 57
216 93
267 26
265 33
317 92
217 30
268 40
266 40
318 37
218 39
269 58
267 19
319 14
219 59
270 37
268 96
320 67
220 90
271 61
269 24
321 97
221 87
272 52
270 85
322 98
222 41
273 39
271 68
323 64
223 10
274 12
272 57
324 55
224 42
275 97
273 34
325 67
225 64
276 40
274 39
326 27
226 47
277 62
275 73
327 44
227 59
278 32
276 85
328 61
228 39
279 69
277 22
329 23
229 86
280 73
278 67
330 36
230 84
281 20
279 46
331 68
231 12
282 47
280 39
332 24
232 100
283 37
281 22
333 76
233 39
284 22
282 17
334 16
234 37
285 95
283 71
335 36
235 91
286 49
284 26
336 84
236 77
287 36
285 18
337 64
237 34
288 95
286 13
338 73
238 25
289 99
287 13
339 87
239 54
290 89
288 64
340 18
240 12
291 40
289 24
341 73
241 92
292 76
290 91
342 68
242 56
293 14
291 11
343 85
243 82
294 96
292 40
344 39
244 90
295 98
293 29
345 73
245 23
296 58
294 40
346 28
246 43
297 61
295 50
347 75
247 39
298 89
296 49
348 38
248 34
299 80
297 97
349 40
249 29
300 96
298 38
350 26
250 65
299 71
351 19
251 28
302 61
352 56
252 66
303 15
301 95
353 90
253 38
304 28
302 52
354 18
254 82
305 97
303 63
355 94
255 16
306 99
304 30
356 77
256 97
307 69
305 46
357 69
257 96
308 10
306 71
358 15
258 14
309 45
307 85
359 46
259 69
310 94
308 27
360 27
260 67
311 18
309 83
361 76
261 58
312 44
310 50
362 25
262 16
313 49
311 35
363 57
263 60
314 63
312 82
364 31
264 32
315 27
313 10
365 66
265 39
316 33
314 70
366 32
266 23
317 30
315 95
367 13
267 71
318 46
316 91
368 100
268 28
319 42
317 57
369 75
269 24
320 85
318 50
370 22
270 21
321 97
319 92
371 24
271 11
322 26
320 62
372 29
272 37
323 64
321 38
373 88
273 53
324 89
322 40
374 30
274 85
325 73
323 63
375 64
275 79
326 80
324 81
376 93
276 38
327 56
325 78
377 20
277 68
328 97
326 10
378 98
278 64
329 40
327 87
379 54
279 42
330 90
328 99
380 40
280 14
331 94
329 53
381 96
281 30
332 29
330 91
382 97
282 43
333 10
331 24
383 56
283 67
334 52
332 30
384 100
284 47
335 79
333 48
385 42
285 62
336 51
334 68
386 89
286 98
337 30
335 84
387 88
287 35
338 95
336 67
388 72
288 15
339 68
337 85
389 25
289 22
340 55
338 19
390 19
290 60
341 20
339 72
391 81
291 78
342 46
340 63
392 92
292 50
343 59
341 10
393 93
293 38
344 12
342 41
394 55
294 71
345 55
343 69
395 38
295 18
346 52
344 44
396 95
296 61
347 75
345 39
397 13
297 71
348 46
346 32
398 62
298 36
349 95
347 39
399 83
299 74
350 71
348 28
400 96
300 11
349 77
401 20
301 70
352 63
402 46
302 66
353 45
351 78
403 61
303 23
354 36
352 74
404 70
304 25
355 20
353 90
405 86
305 54
356 76
354 98
406 17
306 62
357 78
355 26
407 74
307 88
358 88
356 43
408 100
308 11
359 29
357 98
409 87
309 55
360 98
358 26
410 53
310 92
361 50
359 77
411 40
311 43
362 60
360 57
412 22
312 26
363 33
361 65
413 15
313 40
364 99
362 45
414 22
314 36
365 35
363 61
415 39
315 86
366 49
364 60
416 24
316 24
367 39
365 89
417 82
317 45
368 74
366 78
418 57
318 90
369 42
367 38
419 63
319 27
370 20
368 70
420 17
320 76
371 15
369 34
421 31
321 10
372 78
370 49
422 68
322 74
373 49
371 85
423 85
323 16
374 31
372 85
424 58
324 95
375 46
373 74
425 92
325 53
376 15
374 39
426 35
326 54
377 71
375 80
427 49
327 53
378 17
376 68
428 94
328 47
379 86
377 14
429 42
329 18
380 55
378 20
430 96
330 20
381 51
379 79
431 11
331 45
382 59
380 66
432 39
332 56
383 57
381 67
433 61
333 25
384 48
382 66
434 58
334 33
385 70
383 90
435 59
335 44
386 55
384 84
436 46
336 81
387 74
385 68
437 44
337 32
388 84
386 98
438 39
338 51
389 94
387 76
439 56
339 56
390 17
388 100
440 56
340 68
391 30
389 79
441 72
341 48
392 72
390 56
442 59
342 96
393 27
391 47
443 67
343 80
394 13
392 33
444 44
344 43
395 54
393 17
445 76
345 84
396 49
394 11
446 51
346 48
397 17
395 31
447 19
347 10
398 57
396 11
448 64
348 97
399 21
397 32
449 98
349 22
400 43
398 15
450 50
350 85
399 39
451 26
351 75
402 15
452 59
352 71
403 33
401 45
453 71
353 92
404 39
402 31
454 23
354 62
405 77
403 70
455 48
355 46
406 69
404 91
456 50
356 60
407 57
405 22
457 70
357 83
408 95
406 63
458 81
358 76
409 11
407 86
459 42
359 47
410 74
408 59
460 87
360 44
411 24
409 70
461 56
361 33
412 44
410 67
462 60
362 16
413 40
411 61
463 32
363 41
414 33
412 44
464 57
364 48
415 38
413 53
465 12
365 17
416 86
414 100
466 53
366 73
417 72
415 24
467 91
367 36
418 85
416 76
468 16
368 16
419 29
417 29
469 63
369 25
420 75
418 63
470 80
370 83
421 49
419 51
471 87
371 30
422 38
420 62
472 45
372 71
423 71
421 56
473 30
373 12
424 80
422 44
474 32
374 36
425 96
423 61
475 10
375 30
426 92
424 41
476 32
376 33
427 95
425 51
477 29
377 33
428 46
426 62
478 14
378 59
429 89
427 82
479 51
379 51
430 27
428 42
480 47
380 35
431 27
429 68
481 81
381 84
432 46
430 48
482 51
382 13
433 95
431 56
483 80
383 13
434 56
432 78
484 15
384 28
435 98
433 63
485 81
385 48
436 94
434 32
486 61
386 68
437 64
435 30
487 93
387 34
438 92
436 98
488 68
388 65
439 73
437 29
489 69
389 13
440 74
438 75
490 14
390 34
441 55
439 22
491 45
391 80
442 77
440 61
492 94
392 75
443 59
441 50
493 20
393 82
444 19
442 17
494 89
394 64
445 83
443 31
495 37
395 20
446 89
444 82
496 83
396 26
447 73
445 81
497 42
397 91
448 30
446 73
498 78
398 15
449 14
447 47
499 31
399 27
450 71
448 46
500 85
400 70
449 100
501 90
401 12
452 86
502 39
402 93
453 65
451 79
503 95
403 69
454 49
452 49
504 10
404 32
455 87
453 83
505 54
405 100
456 97
454 16
506 49
406 64
457 30
455 25
507 36
407 100
458 32
456 39
508 45
408 15
459 47
457 71
509 20
409 65
460 58
458 15
510 41
410 10
461 30
459 26
511 24
411 46
462 24
460 43
512 12
412 23
463 71
461 46
513 19
413 66
464 66
462 22
514 80
414 80
465 96
463 37
515 85
415 97
466 41
464 39
516 93
416 17
467 88
465 77
517 94
417 91
468 31
466 77
518 44
418 64
469 49
467 81
519 33
419 95
470 100
468 57
520 40
420 58
471 93
469 12
521 93
421 32
472 73
470 74
522 60
422 20
473 64
471 70
523 46
423 56
474 36
472 29
524 50
424 100
475 83
473 60
525 91
425 59
476 13
474 93
526 88
426 97
477 24
475 49
527 22
427 48
478 93
476 64
528 19
428 28
479 32
477 69
529 91
429 83
480 43
478 15
530 61
430 15
481 22
479 24
531 58
431 77
482 100
480 54
532 83
432 18
483 40
481 47
533 98
433 65
484 56
482 81
534 57
434 16
485 49
483 30
535 27
435 30
486 18
484 85
536 64
436 14
487 24
485 53
537 29
437 100
488 38
486 59
538 33
438 20
489 39
487 32
539 73
439 44
490 33
488 18
540 96
440 44
491 67
489 30
541 26
441 26
492 28
490 48
542 39
442 16
493 57
491 28
543 71
443 63
494 43
492 41
544 57
444 27
495 25
493 39
545 22
445 87
496 84
494 72
546 46
446 51
497 92
495 91
547 48
447 85
498 99
496 93
548 62
448 43
499 81
497 57
549 68
449 93
500 51
498 45
550 77
450 68
499 76
551 75
451 46
502 68
552 95
452 56
503 79
501 63
553 30
453 64
504 17
502 78
554 60
454 54
505 30
503 24
555 35
455 24
506 35
504 34
556 40
456 36
507 23
505 34
557 43
457 55
508 38
506 45
558 52
458 21
509 19
507 12
559 86
459 40
510 66
508 86
560 10
460 24
511 82
509 23
561 19
461 28
512 70
510 64
562 44
462 53
513 54
511 69
563 45
463 96
514 16
512 13
564 28
464 94
515 60
513 35
565 49
465 71
516 59
514 23
566 61
466 25
517 80
515 92
567 38
467 12
518 90
516 93
568 87
468 23
519 50
517 87
569 79
469 96
520 18
518 18
570 36
470 29
521 23
519 60
571 21
471 61
522 63
520 96
572 70
472 69
523 20
521 99
573 62
473 92
524 78
522 14
574 41
474 14
525 12
523 14
575 41
475 48
526 26
524 96
576 37
476 37
527 11
525 82
577 95
477 64
528 40
526 24
578 30
478 91
529 72
527 98
579 24
479 89
530 89
528 28
580 32
480 69
531 68
529 27
581 73
481 25
532 81
530 10
582 23
482 46
533 90
531 16
583 62
483 30
534 92
532 40
584 35
484 43
535 82
533 86
585 42
485 44
536 23
534 66
586 28
486 22
537 13
535 79
587 65
487 25
538 28
536 58
588 26
488 51
539 83
537 39
589 19
489 67
540 87
538 59
590 35
490 100
541 98
539 21
591 56
491 99
542 13
540 98
592 86
492 21
543 27
541 100
593 70
493 87
544 15
542 28
594 15
494 51
545 54
543 11
595 46
495 91
546 44
544 71
596 66
496 48
547 22
545 65
597 39
497 70
548 29
546 63
598 33
498 59
549 50
547 48
599 48
499 37
550 51
548 43
600 26
500 23
549 52
501 65
552 78
502 67
553 93
551 15
503 97
554 30
552 14
504 22
555 34
553 50
505 48
556 83
554 94
506 45
557 24
555 98
507 50
558 99
556 43
508 25
559 64
557 24
509 56
560 69
558 90
510 68
561 50
559 32
511 95
562 29
560 65
512 24
563 75
561 12
513 37
564 23
562 14
514 53
565 18
563 67
515 65
566 26
564 30
516 90
567 78
565 19
517 77
568 30
566 67
518 32
569 64
567 11
519 95
570 34
568 47
520 94
571 88
569 56
521 54
572 16
570 77
522 37
573 83
571 20
523 38
574 82
572 70
524 45
575 34
573 73
525 91
576 83
574 93
526 21
577 91
575 32
527 31
578 45
576 100
528 17
579 23
577 96
529 86
580 52
578 95
530 13
581 13
579 32
531 81
582 100
580 38
532 54
583 27
581 93
533 25
584 19
582 97
534 11
585 45
583 34
535 66
586 72
584 73
536 93
587 70
585 77
537 54
588 89
586 30
538 98
589 32
587 76
539 74
590 39
588 40
540 35
591 64
589 10
541 31
592 52
590 28
542 11
593 86
591 19
543 40
594 47
592 41
544 83
595 84
593 28
545 37
596 17
594 74
546 83
597 42
595 61
547 26
598 74
596 47
548 17
599 84
597 28
549 32
600 97
598 55
550 13
599 98
319
434
1 319 
1 534 
1 98 
1 250 
1 454 
3 204 144 483 
1 513 
5 588 531 20 263 388 
2 542 533 
2 151 591 
3 37 453 493 
2 210 163 
1 140 
3 509 5 490 
1 38 
1 446 
2 427 442 
1 71 
2 192 179 
1 183 
2 202 393 
2 302 78 
1 126 
1 451 
2 220 366 
1 544 
3 553 266 317 
1 133 
3 119 224 354 
3 433 110 475 
2 234 379 
1 127 
1 408 
4 279 325 353 495 
1 229 
2 543 212 
2 351 54 
2 372 386 
2 201 558 
1 287 
2 161 424 
2 462 444 
2 108 452 
1 315 
3 30 592 448 
2 23 461 
3 538 385 443 
1 92 
1 193 
3 392 562 223 
2 134 578 
2 298 295 
3 415 159 515 
2 560 555 
2 425 66 
2 581 309 
2 67 103 
2 96 390 
2 57 137 
1 397 
2 97 214 
2 575 577 
1 93 
1 197 
2 439 374 
1 503 
1 171 
2 476 565 
1 587 
3 41 94 449 
2 262 100 
3 242 254 519 
1 128 
1 430 
3 464 599 333 
1 465 
1 237 
2 527 436 
3 323 81 418 
3 4 435 168 
1 377 
2 590 370 
1 63 
2 294 429 
2 131 122 
2 53 36 
1 15 
1 90 
3 299 355 506 
3 178 45 494 
1 275 
1 13 
1 361 
3 512 419 246 
4 116 147 269 525 
1 88 
2 203 596 
2 99 200 
2 301 29 
3 420 59 491 
2 89 564 
3 320 75 14 
2 293 367 
1 556 
2 566 406 
1 191 
1 125 
1 593 
1 225 
2 471 416 
1 356 
2 463 169 
3 62 85 283 
2 472 434 
