196 728 10 100 37
2
3
3
3
3
3
3
3
3
3
3
3
3
2
3
4
4
4
4
4
4
4
4
4
4
4
4
3
3
4
4
4
4
4
4
4
4
4
4
4
4
3
3
4
4
4
4
4
4
4
4
4
4
4
4
3
3
4
4
4
4
4
4
4
4
4
4
4
4
3
3
4
4
4
4
4
4
4
4
4
4
4
4
3
3
4
4
4
4
4
4
4
4
4
4
4
4
3
3
4
4
4
4
4
4
4
4
4
4
4
4
3
3
4
4
4
4
4
4
4
4
4
4
4
4
3
3
4
4
4
4
4
4
4
4
4
4
4
4
3
3
4
4
4
4
4
4
4
4
4
4
4
4
3
3
4
4
4
4
4
4
4
4
4
4
4
4
3
3
4
4
4
4
4
4
4
4
4
4
4
4
3
2
3
3
3
3
3
3
3
3
3
3
3
3
2
15 73
2 29
16 54
3 69
1 98
17 56
4 62
2 64
18 34
5 75
3 37
19 75
6 53
4 84
20 99
7 80
5 100
21 18
8 28
6 96
22 80
9 14
7 85
23 37
10 47
8 76
24 91
11 50
9 95
25 74
12 74
10 53
26 20
13 87
11 48
27 99
14 84
12 11
28 46
13 89
29 36
1 99
16 15
30 72
2 11
17 60
15 10
31 71
3 66
18 71
16 88
32 13
4 37
19 20
17 76
33 11
5 55
20 38
18 15
34 72
6 48
21 28
19 95
35 80
7 13
22 92
20 46
36 23
8 50
23 79
21 24
37 36
9 100
24 80
22 70
38 54
10 63
25 25
23 91
39 69
11 92
26 17
24 38
40 94
12 67
27 25
25 85
41 93
13 16
28 81
26 92
42 62
14 60
27 11
43 85
15 36
30 57
44 46
16 66
31 19
29 56
45 21
17 64
32 39
30 57
46 63
18 71
33 66
31 64
47 88
19 23
34 63
32 92
48 94
20 49
35 61
33 70
49 52
21 90
36 27
34 46
50 62
22 69
37 85
35 83
51 66
23 98
38 15
36 81
52 11
24 70
39 64
37 13
53 10
25 37
40 33
38 15
54 50
26 22
41 10
39 21
55 33
27 24
42 83
40 23
56 38
28 88
41 84
57 52
29 98
44 33
58 27
30 47
45 25
43 100
59 42
31 15
46 64
44 32
60 91
32 63
47 30
45 88
61 58
33 37
48 24
46 64
62 11
34 43
49 42
47 19
63 31
35 73
50 85
48 30
64 57
36 79
51 34
49 15
65 79
37 93
52 61
50 13
66 68
38 99
53 74
51 83
67 73
39 11
54 58
52 13
68 54
40 19
55 20
53 30
69 29
41 13
56 91
54 93
70 36
42 57
55 83
71 63
43 23
58 21
72 55
44 61
59 81
57 98
73 61
45 33
60 12
58 84
74 53
46 97
61 32
59 50
75 13
47 31
62 88
60 22
76 18
48 77
63 83
61 74
77 75
49 61
64 53
62 40
78 36
50 13
65 12
63 67
79 81
51 96
66 77
64 98
80 20
52 93
67 12
65 91
81 98
53 54
68 96
66 53
82 50
54 40
69 59
67 95
83 34
55 31
70 26
68 30
84 19
56 34
69 15
85 55
57 78
72 55
86 100
58 80
73 73
71 78
87 79
59 14
74 31
72 86
88 90
60 47
75 55
73 87
89 28
61 34
76 55
74 11
90 76
62 95
77 48
75 86
91 33
63 59
78 15
76 59
92 26
64 13
79 14
77 75
93 95
65 53
80 73
78 27
94 99
66 39
81 26
79 53
95 29
67 51
82 94
80 34
96 24
68 98
83 29
81 22
97 11
69 70
84 33
82 68
98 53
70 31
83 27
99 21
71 89
86 66
100 64
72 29
87 97
85 11
101 85
73 19
88 51
86 83
102 92
74 72
89 79
87 91
103 81
75 15
90 50
88 100
104 83
76 73
91 21
89 19
105 74
77 53
92 61
90 21
106 65
78 40
93 58
91 97
107 52
79 49
94 73
92 32
108 41
80 40
95 55
93 23
109 92
81 65
96 40
94 25
110 94
82 22
97 78
95 49
111 61
83 62
98 100
96 37
112 19
84 21
97 17
113 30
85 93
100 46
114 51
86 69
101 65
99 51
115 39
87 35
102 52
100 16
116 39
88 10
103 22
101 90
117 56
89 23
104 34
102 72
118 95
90 31
105 31
103 44
119 82
91 77
106 18
104 23
120 13
92 36
107 45
105 73
121 98
93 98
108 78
106 92
122 70
94 15
109 15
107 92
123 23
95 83
110 81
108 37
124 86
96 31
111 68
109 73
125 49
97 97
112 47
110 75
126 88
98 58
111 45
127 16
99 33
114 87
128 46
100 90
115 73
113 39
129 87
101 83
116 90
114 93
130 70
102 69
117 72
115 29
131 96
103 87
118 33
116 29
132 19
104 16
119 54
117 30
133 73
105 45
120 63
118 74
134 27
106 69
121 83
119 49
135 48
107 34
122 32
120 96
136 34
108 29
123 71
121 86
137 50
109 92
124 25
122 85
138 42
110 39
125 42
123 28
139 53
111 58
126 63
124 36
140 32
112 65
125 82
141 65
113 73
128 40
142 45
114 18
129 76
127 71
143 58
115 44
130 32
128 59
144 92
116 38
131 38
129 52
145 64
117 41
132 55
130 48
146 98
118 60
133 35
131 48
147 19
119 83
134 22
132 40
148 70
120 27
135 20
133 10
149 49
121 91
136 16
134 31
150 67
122 41
137 11
135 77
151 72
123 81
138 37
136 14
152 79
124 30
139 87
137 22
153 22
125 91
140 39
138 70
154 25
126 14
139 58
155 51
127 97
142 69
156 45
128 66
143 88
141 30
157 63
129 26
144 58
142 84
158 14
130 95
145 42
143 43
159 52
131 64
146 58
144 20
160 76
132 45
147 81
145 55
161 63
133 33
148 40
146 22
162 31
134 25
149 26
147 79
163 28
135 21
150 93
148 16
164 85
136 27
151 15
149 99
165 86
137 48
152 33
150 38
166 22
138 25
153 42
151 70
167 61
139 24
154 23
152 26
168 37
140 96
153 66
169 35
141 96
156 81
170 36
142 17
157 90
155 33
171 11
143 24
158 72
156 75
172 66
144 90
159 25
157 53
173 40
145 41
160 78
158 44
174 16
146 64
161 55
159 39
175 77
147 26
162 87
160 42
176 54
148 17
163 29
161 57
177 59
149 63
164 48
162 71
178 51
150 20
165 57
163 62
179 88
151 71
166 74
164 49
180 81
152 41
167 30
165 56
181 78
153 76
168 82
166 18
182 78
154 24
167 20
183 67
155 89
170 73
184 85
156 51
171 66
169 25
185 51
157 71
172 82
170 50
186 57
158 65
173 20
171 41
187 88
159 79
174 20
172 60
188 29
160 80
175 13
173 72
189 89
161 15
176 51
174 71
190 59
162 85
177 43
175 66
191 42
163 82
178 96
176 72
192 20
164 19
179 64
177 67
193 17
165 14
180 82
178 26
194 69
166 44
181 49
179 36
195 64
167 70
182 99
180 74
196 10
168 93
181 98
169 47
184 19
170 11
185 61
183 73
171 38
186 95
184 86
172 95
187 70
185 50
173 16
188 91
186 75
174 51
189 70
187 77
175 100
190 65
188 81
176 14
191 92
189 89
177 52
192 48
190 94
178 74
193 12
191 36
179 38
194 22
192 87
180 77
195 61
193 60
181 60
196 71
194 85
182 36
195 55
190
47
2 147 190 
1 96 
1 159 
4 83 17 196 23 
6 72 144 10 176 98 57 
1 185 
1 161 
1 105 
2 180 21 
4 187 143 5 112 
3 29 51 64 
1 12 
1 49 
2 54 36 
2 134 9 
3 155 135 39 
1 186 
1 7 
3 142 60 165 
2 178 183 
1 179 
1 87 
3 148 25 88 
1 170 
2 71 167 
1 172 
2 20 59 
2 80 1 
1 116 
2 114 108 
1 182 
2 156 166 
2 28 160 
2 195 102 
1 194 
1 125 
1 47 
