400 1500 10 100 76
2
3
3
3
3
3
3
3
3
3
3
3
3
3
3
3
3
3
3
3
3
3
3
3
3
3
3
3
3
3
3
3
3
3
3
3
3
3
3
2
3
4
4
4
4
4
4
4
4
4
4
4
4
4
4
4
4
4
4
4
4
4
4
4
4
4
4
4
4
4
4
4
4
4
4
4
4
4
4
3
3
4
4
4
4
4
4
4
4
4
4
4
4
4
4
4
4
4
4
4
4
4
4
4
4
4
4
4
4
4
4
4
4
4
4
4
4
4
4
3
3
4
4
4
4
4
4
4
4
4
4
4
4
4
4
4
4
4
4
4
4
4
4
4
4
4
4
4
4
4
4
4
4
4
4
4
4
4
4
3
3
4
4
4
4
4
4
4
4
4
4
4
4
4
4
4
4
4
4
4
4
4
4
4
4
4
4
4
4
4
4
4
4
4
4
4
4
4
4
3
3
4
4
4
4
4
4
4
4
4
4
4
4
4
4
4
4
4
4
4
4
4
4
4
4
4
4
4
4
4
4
4
4
4
4
4
4
4
4
3
3
4
4
4
4
4
4
4
4
4
4
4
4
4
4
4
4
4
4
4
4
4
4
4
4
4
4
4
4
4
4
4
4
4
4
4
4
4
4
3
3
4
4
4
4
4
4
4
4
4
4
4
4
4
4
4
4
4
4
4
4
4
4
4
4
4
4
4
4
4
4
4
4
4
4
4
4
4
4
3
3
4
4
4
4
4
4
4
4
4
4
4
4
4
4
4
4
4
4
4
4
4
4
4
4
4
4
4
4
4
4
4
4
4
4
4
4
4
4
3
2
3
3
3
3
3
3
3
3
3
3
3
3
3
3
3
3
3
3
3
3
3
3
3
3
3
3
3
3
3
3
3
3
3
3
3
3
3
3
2
41 24
2 29
42 11
3 35
1 81
43 32
4 34
2 39
44 96
5 89
3 98
45 87
6 99
4 37
46 91
7 52
5 65
47 80
8 90
6 78
48 10
9 67
7 23
49 38
10 44
8 30
50 62
11 21
9 51
51 90
12 72
10 96
52 100
13 38
11 49
53 24
14 56
12 42
54 100
15 30
13 26
55 19
16 49
14 84
56 81
17 70
15 86
57 41
18 73
16 82
58 69
19 66
17 32
59 43
20 63
18 94
60 95
21 38
19 17
61 51
22 39
20 68
62 35
23 28
21 55
63 41
24 84
22 43
64 18
25 46
23 27
65 46
26 50
24 19
66 71
27 23
25 23
67 18
28 51
26 11
68 70
29 26
27 94
69 76
30 93
28 72
70 62
31 58
29 77
71 52
32 27
30 97
72 40
33 23
31 52
73 23
34 36
32 80
74 64
35 70
33 91
75 77
36 60
34 88
76 57
37 23
35 98
77 80
38 84
36 82
78 12
39 55
37 41
79 93
40 87
38 34
80 100
39 25
81 34
1 19
42 35
82 73
2 49
43 67
41 64
83 17
3 20
44 70
42 68
84 74
4 72
45 46
43 100
85 71
5 78
46 54
44 80
86 83
6 58
47 39
45 74
87 19
7 78
48 51
46 79
88 70
8 26
49 81
47 63
89 62
9 84
50 25
48 48
90 51
10 41
51 39
49 54
91 44
11 58
52 62
50 48
92 33
12 98
53 20
51 15
93 63
13 14
54 22
52 34
94 32
14 55
55 49
53 78
95 78
15 86
56 59
54 34
96 28
16 57
57 85
55 12
97 24
17 89
58 33
56 86
98 47
18 64
59 11
57 34
99 59
19 91
60 70
58 45
100 34
20 23
61 26
59 78
101 91
21 26
62 93
60 90
102 100
22 13
63 86
61 74
103 94
23 11
64 30
62 37
104 55
24 40
65 78
63 31
105 18
25 72
66 44
64 55
106 38
26 76
67 37
65 37
107 62
27 16
68 94
66 40
108 25
28 69
69 80
67 50
109 73
29 57
70 18
68 54
110 32
30 31
71 99
69 85
111 67
31 26
72 86
70 91
112 49
32 60
73 97
71 55
113 15
33 17
74 39
72 60
114 30
34 91
75 95
73 68
115 50
35 55
76 27
74 63
116 59
36 16
77 17
75 39
117 16
37 51
78 11
76 100
118 88
38 58
79 70
77 58
119 51
39 38
80 68
78 12
120 16
40 75
79 41
121 94
41 58
82 20
122 10
42 72
83 65
81 69
123 36
43 97
84 15
82 65
124 48
44 67
85 87
83 84
125 85
45 51
86 41
84 65
126 89
46 65
87 73
85 56
127 45
47 65
88 14
86 68
128 90
48 31
89 39
87 51
129 69
49 91
90 89
88 63
130 79
50 27
91 33
89 11
131 86
51 45
92 36
90 69
132 29
52 88
93 30
91 54
133 13
53 51
94 47
92 83
134 53
54 45
95 64
93 44
135 68
55 24
96 34
94 90
136 10
56 94
97 10
95 55
137 30
57 50
98 91
96 81
138 49
58 82
99 86
97 42
139 80
59 33
100 52
98 34
140 16
60 13
101 76
99 94
141 59
61 42
102 21
100 70
142 80
62 58
103 26
101 37
143 89
63 22
104 30
102 24
144 75
64 47
105 94
103 41
145 62
65 74
106 71
104 68
146 69
66 30
107 47
105 19
147 58
67 68
108 81
106 88
148 96
68 28
109 40
107 15
149 74
69 57
110 43
108 68
150 84
70 30
111 94
109 19
151 11
71 97
112 92
110 24
152 77
72 76
113 26
111 61
153 78
73 30
114 96
112 99
154 62
74 81
115 87
113 65
155 94
75 26
116 14
114 39
156 77
76 56
117 47
115 64
157 58
77 35
118 59
116 57
158 50
78 33
119 43
117 65
159 18
79 84
120 12
118 94
160 44
80 75
119 21
161 22
81 18
122 56
162 10
82 89
123 25
121 97
163 58
83 12
124 46
122 48
164 62
84 17
125 43
123 96
165 74
85 36
126 85
124 90
166 43
86 74
127 78
125 52
167 81
87 89
128 17
126 56
168 76
88 95
129 42
127 37
169 71
89 57
130 20
128 58
170 75
90 13
131 85
129 82
171 47
91 82
132 72
130 80
172 78
92 28
133 62
131 21
173 11
93 46
134 17
132 33
174 20
94 28
135 23
133 62
175 49
95 56
136 27
134 78
176 35
96 78
137 75
135 36
177 15
97 64
138 72
136 59
178 79
98 55
139 97
137 48
179 60
99 49
140 62
138 60
180 21
100 89
141 51
139 66
181 29
101 44
142 60
140 82
182 32
102 83
143 98
141 19
183 21
103 55
144 43
142 55
184 40
104 64
145 32
143 29
185 97
105 61
146 28
144 48
186 52
106 44
147 55
145 15
187 88
107 12
148 94
146 59
188 100
108 66
149 23
147 95
189 17
109 61
150 27
148 61
190 59
110 22
151 42
149 14
191 81
111 16
152 46
150 65
192 18
112 60
153 28
151 22
193 63
113 19
154 54
152 89
194 83
114 21
155 88
153 80
195 14
115 24
156 35
154 20
196 31
116 91
157 37
155 11
197 33
117 66
158 93
156 56
198 30
118 45
159 20
157 88
199 98
119 55
160 90
158 97
200 64
120 30
159 43
201 74
121 81
162 83
202 15
122 93
163 74
161 61
203 56
123 16
164 44
162 59
204 99
124 63
165 67
163 26
205 79
125 20
166 65
164 27
206 54
126 19
167 60
165 100
207 14
127 63
168 57
166 87
208 99
128 68
169 27
167 12
209 70
129 14
170 70
168 18
210 49
130 63
171 95
169 55
211 93
131 52
172 21
170 99
212 32
132 20
173 38
171 31
213 62
133 28
174 73
172 73
214 61
134 24
175 89
173 29
215 38
135 91
176 61
174 74
216 95
136 79
177 43
175 23
217 73
137 12
178 96
176 33
218 81
138 87
179 79
177 11
219 86
139 43
180 28
178 77
220 55
140 58
181 33
179 67
221 85
141 30
182 85
180 26
222 12
142 27
183 57
181 56
223 19
143 99
184 94
182 43
224 63
144 97
185 48
183 91
225 96
145 64
186 21
184 63
226 54
146 33
187 14
185 85
227 99
147 49
188 36
186 62
228 33
148 66
189 42
187 53
229 48
149 62
190 13
188 10
230 99
150 98
191 80
189 25
231 26
151 48
192 52
190 86
232 51
152 35
193 79
191 99
233 97
153 65
194 57
192 81
234 98
154 54
195 82
193 36
235 70
155 48
196 76
194 83
236 97
156 23
197 66
195 64
237 89
157 87
198 26
196 18
238 50
158 94
199 39
197 27
239 95
159 60
200 92
198 100
240 51
160 85
199 63
241 11
161 37
202 88
242 75
162 95
203 58
201 62
243 90
163 28
204 88
202 75
244 27
164 70
205 24
203 42
245 74
165 21
206 23
204 14
246 45
166 12
207 88
205 22
247 24
167 80
208 86
206 23
248 18
168 92
209 89
207 97
249 51
169 25
210 83
208 70
250 64
170 56
211 33
209 61
251 29
171 92
212 20
210 78
252 12
172 47
213 60
211 66
253 94
173 67
214 74
212 36
254 71
174 71
215 69
213 86
255 78
175 36
216 16
214 91
256 92
176 84
217 29
215 79
257 77
177 78
218 12
216 99
258 87
178 55
219 14
217 32
259 13
179 28
220 78
218 22
260 34
180 30
221 52
219 50
261 95
181 13
222 61
220 11
262 65
182 99
223 38
221 60
263 67
183 74
224 93
222 84
264 29
184 33
225 99
223 90
265 92
185 88
226 38
224 90
266 52
186 77
227 65
225 81
267 62
187 61
228 97
226 57
268 62
188 42
229 68
227 12
269 50
189 18
230 57
228 31
270 20
190 71
231 10
229 22
271 90
191 36
232 92
230 36
272 64
192 37
233 46
231 10
273 93
193 18
234 84
232 26
274 36
194 53
235 83
233 20
275 96
195 91
236 88
234 63
276 48
196 77
237 74
235 25
277 74
197 86
238 92
236 75
278 72
198 37
239 39
237 100
279 65
199 95
240 38
238 30
280 100
200 75
239 55
281 100
201 38
242 56
282 69
202 70
243 19
241 58
283 22
203 74
244 66
242 99
284 29
204 52
245 51
243 12
285 27
205 60
246 20
244 29
286 57
206 91
247 68
245 83
287 26
207 11
248 87
246 82
288 80
208 23
249 52
247 34
289 77
209 87
250 24
248 82
290 25
210 81
251 71
249 85
291 89
211 87
252 84
250 74
292 90
212 94
253 81
251 16
293 59
213 98
254 83
252 31
294 58
214 84
255 84
253 23
295 28
215 64
256 48
254 79
296 65
216 20
257 22
255 37
297 44
217 66
258 62
256 73
298 48
218 54
259 25
257 60
299 94
219 50
260 32
258 91
300 13
220 20
261 87
259 99
301 90
221 41
262 97
260 93
302 99
222 92
263 33
261 51
303 83
223 93
264 68
262 35
304 43
224 57
265 98
263 71
305 26
225 85
266 12
264 92
306 100
226 26
267 50
265 86
307 54
227 83
268 58
266 95
308 93
228 81
269 74
267 29
309 72
229 13
270 89
268 75
310 40
230 49
271 55
269 17
311 78
231 52
272 90
270 26
312 32
232 15
273 31
271 43
313 41
233 15
274 18
272 65
314 34
234 58
275 32
273 90
315 67
235 41
276 58
274 77
316 39
236 36
277 26
275 62
317 96
237 13
278 53
276 76
318 38
238 34
279 27
277 27
319 47
239 78
280 19
278 94
320 23
240 81
279 70
321 72
241 50
282 47
322 43
242 21
283 90
281 95
323 72
243 25
284 46
282 80
324 59
244 37
285 98
283 95
325 42
245 17
286 56
284 52
326 73
246 51
287 74
285 55
327 45
247 42
288 11
286 50
328 24
248 57
289 82
287 68
329 23
249 44
290 19
288 56
330 50
250 49
291 42
289 36
331 85
251 39
292 15
290 37
332 64
252 54
293 38
291 100
333 48
253 91
294 34
292 75
334 91
254 81
295 52
293 77
335 56
255 32
296 52
294 13
336 59
256 74
297 62
295 51
337 43
257 51
298 63
296 60
338 29
258 70
299 98
297 49
339 57
259 100
300 39
298 50
340 66
260 71
301 100
299 86
341 65
261 84
302 26
300 56
342 16
262 85
303 59
301 100
343 60
263 11
304 71
302 37
344 43
264 16
305 50
303 44
345 83
265 90
306 10
304 57
346 59
266 47
307 67
305 29
347 40
267 47
308 86
306 48
348 87
268 58
309 76
307 90
349 92
269 64
310 52
308 63
350 18
270 44
311 61
309 63
351 12
271 61
312 57
310 73
352 48
272 97
313 24
311 20
353 70
273 49
314 31
312 77
354 38
274 61
315 66
313 60
355 72
275 13
316 94
314 49
356 62
276 56
317 14
315 46
357 17
277 18
318 65
316 59
358 21
278 26
319 31
317 17
359 82
279 88
320 72
318 70
360 61
280 14
319 31
361 11
281 62
322 72
362 88
282 59
323 49
321 75
363 84
283 52
324 32
322 12
364 24
284 91
325 29
323 40
365 35
285 10
326 35
324 20
366 74
286 10
327 80
325 25
367 50
287 100
328 70
326 99
368 98
288 90
329 68
327 60
369 63
289 12
330 98
328 20
370 68
290 92
331 57
329 11
371 16
291 20
332 77
330 45
372 43
292 18
333 71
331 63
373 86
293 51
334 33
332 51
374 19
294 59
335 16
333 54
375 78
295 74
336 30
334 37
376 34
296 29
337 19
335 43
377 11
297 24
338 41
336 15
378 85
298 79
339 87
337 72
379 27
299 39
340 86
338 54
380 21
300 100
341 30
339 81
381 42
301 99
342 43
340 92
382 12
302 79
343 18
341 58
383 14
303 10
344 10
342 56
384 44
304 82
345 11
343 24
385 77
305 23
346 77
344 11
386 25
306 21
347 55
345 22
387 86
307 81
348 39
346 30
388 95
308 17
349 50
347 78
389 33
309 52
350 88
348 81
390 21
310 85
351 42
349 80
391 15
311 73
352 68
350 66
392 96
312 33
353 16
351 78
393 61
313 88
354 13
352 23
394 62
314 57
355 41
353 64
395 99
315 57
356 33
354 93
396 97
316 48
357 18
355 58
397 51
317 24
358 60
356 99
398 99
318 25
359 35
357 42
399 54
319 18
360 60
358 71
400 76
320 45
359 25
321 100
362 10
322 56
363 92
361 38
323 44
364 69
362 90
324 59
365 89
363 64
325 72
366 71
364 27
326 99
367 42
365 49
327 19
368 97
366 41
328 35
369 11
367 31
329 61
370 21
368 49
330 34
371 77
369 69
331 78
372 13
370 13
332 42
373 24
371 42
333 55
374 37
372 32
334 49
375 60
373 92
335 67
376 12
374 61
336 58
377 79
375 14
337 35
378 86
376 69
338 54
379 13
377 64
339 36
380 64
378 31
340 87
381 22
379 51
341 86
382 47
380 64
342 27
383 36
381 86
343 50
384 71
382 32
344 12
385 10
383 31
345 72
386 46
384 74
346 22
387 10
385 34
347 56
388 85
386 70
348 27
389 71
387 94
349 23
390 39
388 31
350 59
391 38
389 57
351 57
392 53
390 41
352 28
393 62
391 24
353 94
394 92
392 50
354 71
395 24
393 88
355 37
396 74
394 34
356 90
397 62
395 68
357 30
398 77
396 83
358 52
399 91
397 45
359 78
400 38
398 15
360 55
399 47
163
125
1 163 
2 42 222 
3 200 132 345 
1 326 
2 152 267 
1 331 
2 251 250 
1 248 
2 117 31 
1 48 
1 316 
3 311 11 158 
3 262 344 9 
1 358 
3 99 67 34 
1 21 
2 94 393 
2 187 374 
1 136 
4 118 190 377 259 
3 18 233 400 
1 218 
1 195 
2 390 53 
1 369 
1 392 
1 333 
2 253 95 
3 113 71 65 
2 330 108 
2 169 255 
1 378 
1 35 
2 399 298 
2 366 371 
1 397 
2 97 10 
2 207 17 
3 182 339 28 
5 273 343 387 373 12 
2 103 159 
4 230 102 335 293 
2 203 74 
3 101 322 362 
1 45 
2 59 123 
2 271 396 
4 172 179 76 263 
2 112 27 
1 296 
1 46 
2 160 303 
1 51 
1 398 
1 86 
1 150 
1 19 
1 363 
2 324 40 
2 317 26 
3 265 364 388 
1 315 
2 221 58 
2 321 61 
1 106 
2 256 69 
3 249 144 338 
1 173 
2 211 391 
1 264 
3 309 161 185 
1 139 
3 193 226 295 
1 359 
1 148 
2 49 125 
