400 1500 10 100 76
2
3
3
3
3
3
3
3
3
3
3
3
3
3
3
3
3
3
3
3
3
3
3
3
3
3
3
3
3
3
3
3
3
3
3
3
3
3
3
2
3
4
4
4
4
4
4
4
4
4
4
4
4
4
4
4
4
4
4
4
4
4
4
4
4
4
4
4
4
4
4
4
4
4
4
4
4
4
4
3
3
4
4
4
4
4
4
4
4
4
4
4
4
4
4
4
4
4
4
4
4
4
4
4
4
4
4
4
4
4
4
4
4
4
4
4
4
4
4
3
3
4
4
4
4
4
4
4
4
4
4
4
4
4
4
4
4
4
4
4
4
4
4
4
4
4
4
4
4
4
4
4
4
4
4
4
4
4
4
3
3
4
4
4
4
4
4
4
4
4
4
4
4
4
4
4
4
4
4
4
4
4
4
4
4
4
4
4
4
4
4
4
4
4
4
4
4
4
4
3
3
4
4
4
4
4
4
4
4
4
4
4
4
4
4
4
4
4
4
4
4
4
4
4
4
4
4
4
4
4
4
4
4
4
4
4
4
4
4
3
3
4
4
4
4
4
4
4
4
4
4
4
4
4
4
4
4
4
4
4
4
4
4
4
4
4
4
4
4
4
4
4
4
4
4
4
4
4
4
3
3
4
4
4
4
4
4
4
4
4
4
4
4
4
4
4
4
4
4
4
4
4
4
4
4
4
4
4
4
4
4
4
4
4
4
4
4
4
4
3
3
4
4
4
4
4
4
4
4
4
4
4
4
4
4
4
4
4
4
4
4
4
4
4
4
4
4
4
4
4
4
4
4
4
4
4
4
4
4
3
2
3
3
3
3
3
3
3
3
3
3
3
3
3
3
3
3
3
3
3
3
3
3
3
3
3
3
3
3
3
3
3
3
3
3
3
3
3
3
2
41 78
2 29
42 95
3 43
1 90
43 77
4 82
2 70
44 18
5 67
3 53
45 50
6 87
4 24
46 85
7 65
5 61
47 82
8 25
6 16
48 75
9 54
7 73
49 68
10 21
8 73
50 77
11 33
9 62
51 77
12 43
10 12
52 81
13 76
11 48
53 16
14 14
12 32
54 30
15 73
13 65
55 56
16 17
14 35
56 56
17 31
15 15
57 40
18 92
16 100
58 16
19 46
17 10
59 33
20 74
18 26
60 10
21 25
19 26
61 84
22 34
20 54
62 12
23 79
21 29
63 94
24 32
22 48
64 67
25 56
23 41
65 46
26 83
24 33
66 76
27 47
25 21
67 33
28 33
26 70
68 75
29 94
27 39
69 58
30 73
28 41
70 73
31 17
29 19
71 47
32 71
30 94
72 66
33 47
31 59
73 53
34 17
32 89
74 87
35 93
33 83
75 83
36 75
34 38
76 15
37 24
35 24
77 57
38 33
36 96
78 91
39 98
37 98
79 91
40 92
38 73
80 28
39 98
81 20
1 69
42 52
82 55
2 84
43 90
41 93
83 86
3 28
44 93
42 69
84 34
4 53
45 36
43 10
85 54
5 26
46 34
44 87
86 23
6 55
47 38
45 38
87 25
7 20
48 26
46 98
88 18
8 64
49 47
47 54
89 66
9 60
50 67
48 68
90 44
10 87
51 93
49 12
91 54
11 90
52 90
50 90
92 22
12 47
53 74
51 73
93 38
13 49
54 76
52 78
94 47
14 54
55 90
53 65
95 41
15 89
56 44
54 47
96 91
16 82
57 44
55 60
97 38
17 97
58 59
56 84
98 67
18 67
59 91
57 31
99 88
19 46
60 70
58 68
100 37
20 38
61 77
59 30
101 21
21 32
62 42
60 36
102 18
22 53
63 36
61 82
103 63
23 71
64 34
62 72
104 25
24 21
65 26
63 88
105 46
25 72
66 45
64 87
106 47
26 13
67 27
65 23
107 72
27 48
68 21
66 47
108 71
28 49
69 26
67 89
109 41
29 61
70 33
68 45
110 32
30 31
71 99
69 12
111 47
31 47
72 31
70 33
112 52
32 28
73 46
71 12
113 23
33 91
74 30
72 87
114 47
34 56
75 70
73 11
115 47
35 46
76 52
74 21
116 27
36 89
77 20
75 43
117 38
37 25
78 50
76 84
118 40
38 74
79 71
77 92
119 91
39 14
80 78
78 30
120 88
40 75
79 48
121 24
41 51
82 22
122 38
42 12
83 60
81 16
123 76
43 32
84 12
82 51
124 38
44 24
85 17
83 50
125 81
45 88
86 82
84 88
126 81
46 80
87 57
85 95
127 49
47 78
88 28
86 93
128 44
48 51
89 48
87 11
129 79
49 34
90 42
88 78
130 77
50 17
91 46
89 65
131 95
51 100
92 40
90 55
132 88
52 32
93 78
91 69
133 40
53 44
94 10
92 18
134 26
54 85
95 59
93 66
135 45
55 34
96 73
94 81
136 54
56 93
97 89
95 95
137 72
57 21
98 92
96 39
138 90
58 22
99 44
97 22
139 21
59 14
100 16
98 43
140 79
60 79
101 85
99 10
141 22
61 74
102 41
100 15
142 46
62 87
103 29
101 48
143 80
63 83
104 32
102 41
144 46
64 51
105 75
103 63
145 83
65 41
106 37
104 93
146 37
66 96
107 11
105 76
147 95
67 92
108 49
106 18
148 43
68 49
109 61
107 72
149 82
69 88
110 47
108 71
150 48
70 44
111 85
109 81
151 16
71 36
112 75
110 65
152 78
72 30
113 14
111 89
153 95
73 89
114 21
112 36
154 26
74 55
115 34
113 10
155 61
75 83
116 52
114 43
156 24
76 68
117 18
115 48
157 82
77 82
118 77
116 49
158 21
78 98
119 30
117 35
159 18
79 82
120 76
118 25
160 49
80 91
119 41
161 39
81 23
122 74
162 67
82 67
123 66
121 81
163 52
83 75
124 51
122 60
164 82
84 82
125 53
123 26
165 66
85 75
126 37
124 94
166 50
86 20
127 63
125 43
167 33
87 99
128 16
126 91
168 65
88 78
129 50
127 79
169 28
89 14
130 21
128 46
170 57
90 88
131 28
129 84
171 78
91 53
132 82
130 47
172 80
92 59
133 55
131 83
173 76
93 94
134 43
132 23
174 34
94 56
135 55
133 97
175 72
95 67
136 74
134 11
176 38
96 21
137 96
135 64
177 80
97 20
138 20
136 66
178 89
98 91
139 33
137 86
179 42
99 100
140 84
138 80
180 45
100 25
141 73
139 81
181 47
101 95
142 66
140 19
182 49
102 99
143 46
141 68
183 66
103 62
144 21
142 13
184 78
104 12
145 42
143 76
185 47
105 50
146 35
144 64
186 93
106 78
147 46
145 81
187 21
107 42
148 20
146 69
188 89
108 28
149 79
147 37
189 77
109 50
150 50
148 46
190 79
110 13
151 25
149 61
191 23
111 66
152 22
150 76
192 19
112 55
153 74
151 79
193 15
113 32
154 66
152 13
194 52
114 55
155 10
153 54
195 70
115 22
156 100
154 25
196 92
116 67
157 28
155 23
197 86
117 61
158 59
156 17
198 74
118 32
159 38
157 98
199 31
119 38
160 18
158 86
200 63
120 55
159 81
201 15
121 37
162 71
202 68
122 64
163 99
161 98
203 77
123 70
164 70
162 82
204 57
124 60
165 46
163 79
205 77
125 63
166 66
164 96
206 50
126 94
167 44
165 92
207 87
127 96
168 72
166 92
208 46
128 23
169 24
167 54
209 27
129 19
170 97
168 55
210 21
130 73
171 17
169 45
211 67
131 48
172 48
170 92
212 43
132 43
173 94
171 45
213 18
133 61
174 25
172 91
214 91
134 16
175 81
173 52
215 59
135 58
176 39
174 80
216 23
136 23
177 63
175 97
217 30
137 55
178 53
176 93
218 65
138 43
179 22
177 22
219 11
139 76
180 41
178 80
220 52
140 74
181 58
179 10
221 23
141 36
182 33
180 79
222 60
142 30
183 37
181 28
223 59
143 16
184 68
182 80
224 89
144 87
185 18
183 45
225 57
145 37
186 45
184 96
226 25
146 51
187 49
185 16
227 12
147 76
188 12
186 89
228 78
148 64
189 66
187 25
229 29
149 96
190 99
188 58
230 34
150 60
191 89
189 70
231 64
151 19
192 59
190 22
232 41
152 14
193 40
191 40
233 32
153 20
194 86
192 19
234 65
154 81
195 20
193 35
235 25
155 95
196 64
194 85
236 98
156 87
197 18
195 76
237 45
157 64
198 93
196 24
238 53
158 20
199 33
197 33
239 66
159 12
200 57
198 34
240 27
160 11
199 13
241 100
161 98
202 45
242 92
162 51
203 57
201 57
243 22
163 93
204 30
202 84
244 39
164 86
205 30
203 69
245 21
165 21
206 44
204 78
246 60
166 70
207 13
205 63
247 51
167 23
208 45
206 26
248 58
168 87
209 54
207 38
249 46
169 13
210 88
208 23
250 39
170 80
211 31
209 57
251 54
171 63
212 33
210 75
252 86
172 85
213 91
211 35
253 39
173 75
214 32
212 73
254 24
174 58
215 81
213 75
255 58
175 24
216 69
214 52
256 57
176 57
217 12
215 57
257 52
177 93
218 41
216 67
258 76
178 24
219 27
217 61
259 45
179 55
220 39
218 59
260 77
180 15
221 64
219 81
261 55
181 56
222 52
220 33
262 67
182 18
223 31
221 87
263 27
183 11
224 64
222 65
264 62
184 91
225 72
223 92
265 94
185 24
226 41
224 42
266 25
186 13
227 85
225 66
267 90
187 67
228 85
226 41
268 13
188 49
229 29
227 65
269 63
189 76
230 18
228 28
270 92
190 84
231 67
229 23
271 24
191 82
232 66
230 20
272 67
192 44
233 32
231 12
273 19
193 15
234 57
232 50
274 70
194 15
235 45
233 57
275 73
195 64
236 90
234 76
276 76
196 69
237 75
235 97
277 39
197 33
238 84
236 18
278 23
198 18
239 50
237 25
279 87
199 98
240 57
238 51
280 10
200 76
239 23
281 48
201 51
242 44
282 94
202 72
243 94
241 90
283 26
203 75
244 75
242 76
284 38
204 83
245 13
243 87
285 17
205 38
246 49
244 21
286 62
206 85
247 69
245 83
287 85
207 72
248 85
246 26
288 59
208 16
249 95
247 86
289 17
209 96
250 15
248 17
290 68
210 78
251 66
249 22
291 74
211 20
252 61
250 74
292 77
212 62
253 81
251 44
293 60
213 61
254 60
252 30
294 11
214 71
255 94
253 14
295 79
215 64
256 20
254 41
296 86
216 67
257 22
255 87
297 24
217 29
258 50
256 22
298 52
218 30
259 79
257 54
299 53
219 33
260 73
258 68
300 57
220 59
261 79
259 68
301 65
221 100
262 75
260 53
302 43
222 16
263 33
261 14
303 41
223 87
264 45
262 52
304 71
224 77
265 63
263 65
305 87
225 62
266 57
264 27
306 100
226 94
267 45
265 45
307 42
227 82
268 64
266 82
308 70
228 18
269 14
267 57
309 37
229 51
270 97
268 79
310 43
230 79
271 99
269 75
311 97
231 49
272 12
270 50
312 28
232 100
273 57
271 34
313 25
233 34
274 14
272 42
314 23
234 29
275 71
273 93
315 40
235 58
276 70
274 84
316 34
236 18
277 64
275 60
317 36
237 85
278 79
276 36
318 48
238 90
279 70
277 89
319 49
239 35
280 90
278 84
320 53
240 60
279 92
321 35
241 67
282 85
322 76
242 31
283 85
281 25
323 63
243 70
284 81
282 92
324 40
244 75
285 27
283 22
325 51
245 60
286 27
284 49
326 67
246 76
287 40
285 36
327 80
247 78
288 50
286 76
328 94
248 75
289 21
287 54
329 32
249 46
290 70
288 32
330 48
250 99
291 13
289 94
331 87
251 85
292 91
290 79
332 94
252 61
293 11
291 49
333 27
253 36
294 25
292 58
334 87
254 39
295 72
293 21
335 52
255 83
296 79
294 25
336 22
256 86
297 37
295 83
337 98
257 51
298 50
296 35
338 18
258 29
299 31
297 53
339 73
259 88
300 21
298 17
340 30
260 80
301 47
299 85
341 77
261 12
302 93
300 69
342 19
262 11
303 35
301 21
343 56
263 93
304 73
302 100
344 42
264 38
305 21
303 95
345 87
265 35
306 29
304 71
346 14
266 46
307 32
305 61
347 70
267 10
308 71
306 73
348 17
268 75
309 51
307 100
349 53
269 36
310 93
308 32
350 76
270 65
311 60
309 88
351 86
271 81
312 44
310 10
352 91
272 72
313 48
311 68
353 12
273 29
314 48
312 25
354 25
274 93
315 58
313 88
355 86
275 47
316 38
314 67
356 64
276 70
317 33
315 51
357 67
277 96
318 63
316 34
358 23
278 73
319 11
317 63
359 83
279 26
320 83
318 36
360 30
280 97
319 81
361 86
281 11
322 16
362 13
282 49
323 54
321 30
363 65
283 37
324 47
322 54
364 40
284 75
325 94
323 65
365 47
285 67
326 25
324 73
366 67
286 55
327 62
325 66
367 83
287 76
328 35
326 50
368 14
288 70
329 67
327 49
369 24
289 75
330 95
328 54
370 43
290 78
331 11
329 32
371 75
291 55
332 82
330 37
372 23
292 81
333 40
331 67
373 33
293 70
334 82
332 66
374 54
294 61
335 29
333 65
375 94
295 30
336 90
334 81
376 89
296 26
337 88
335 88
377 80
297 93
338 68
336 65
378 88
298 60
339 86
337 13
379 57
299 43
340 19
338 28
380 71
300 96
341 11
339 62
381 70
301 70
342 76
340 17
382 31
302 55
343 85
341 65
383 37
303 82
344 16
342 14
384 51
304 40
345 78
343 47
385 10
305 80
346 85
344 60
386 70
306 73
347 25
345 56
387 62
307 40
348 44
346 68
388 74
308 66
349 88
347 96
389 78
309 12
350 36
348 12
390 58
310 85
351 31
349 62
391 57
311 90
352 77
350 55
392 27
312 80
353 81
351 14
393 57
313 78
354 66
352 80
394 55
314 73
355 27
353 92
395 30
315 70
356 89
354 55
396 93
316 26
357 52
355 75
397 99
317 18
358 76
356 54
398 82
318 89
359 86
357 13
399 100
319 85
360 39
358 51
400 80
320 51
359 87
321 86
362 94
322 28
363 40
361 51
323 70
364 16
362 95
324 11
365 61
363 67
325 26
366 55
364 73
326 19
367 53
365 81
327 59
368 90
366 92
328 46
369 23
367 96
329 85
370 72
368 34
330 57
371 74
369 49
331 55
372 32
370 45
332 40
373 61
371 22
333 48
374 85
372 46
334 92
375 31
373 73
335 84
376 62
374 94
336 36
377 51
375 53
337 16
378 18
376 21
338 53
379 14
377 17
339 16
380 29
378 10
340 92
381 70
379 11
341 64
382 39
380 38
342 35
383 76
381 99
343 93
384 99
382 94
344 87
385 12
383 66
345 94
386 53
384 22
346 23
387 47
385 32
347 95
388 36
386 46
348 58
389 80
387 24
349 62
390 99
388 28
350 10
391 36
389 79
351 13
392 77
390 16
352 21
393 68
391 79
353 13
394 69
392 96
354 100
395 62
393 99
355 80
396 64
394 61
356 25
397 40
395 84
357 84
398 62
396 14
358 10
399 76
397 99
359 49
400 27
398 94
360 34
399 36
298
103
1 298 
2 238 354 
1 102 
5 16 209 230 142 264 
2 172 237 
1 225 
2 352 397 
2 47 9 
1 286 
2 290 347 
2 257 35 
2 260 214 
2 37 165 
2 161 338 
2 59 22 
2 65 203 
2 176 308 
1 364 
3 98 244 310 
1 14 
4 52 39 160 362 
2 368 106 
2 78 361 
1 189 
2 380 63 
2 269 49 
1 69 
2 379 343 
1 235 
1 294 
1 7 
2 382 349 
1 36 
3 241 83 344 
1 163 
1 84 
3 303 333 366 
1 164 
1 135 
1 44 
2 71 111 
4 20 104 234 126 
2 129 208 
3 205 26 302 
3 25 28 144 
4 199 64 305 133 
2 43 323 
1 263 
1 109 
2 256 327 
1 92 
2 1 202 
1 100 
1 288 
3 32 62 311 
3 370 192 287 
1 54 
3 233 392 42 
2 324 13 
2 58 67 
2 266 245 
1 60 
1 21 
2 174 210 
1 218 
2 274 341 
1 393 
2 123 156 
2 191 157 
4 276 158 346 173 
1 217 
1 325 
1 185 
1 369 
3 186 30 335 
1 103 
