600 2276 10 100 114
2
3
3
3
3
3
3
3
3
3
3
3
3
3
3
3
3
3
3
3
3
3
3
3
3
3
3
3
3
3
3
3
3
3
3
3
3
3
3
3
3
3
3
3
3
3
3
3
3
2
3
4
4
4
4
4
4
4
4
4
4
4
4
4
4
4
4
4
4
4
4
4
4
4
4
4
4
4
4
4
4
4
4
4
4
4
4
4
4
4
4
4
4
4
4
4
4
4
4
3
3
4
4
4
4
4
4
4
4
4
4
4
4
4
4
4
4
4
4
4
4
4
4
4
4
4
4
4
4
4
4
4
4
4
4
4
4
4
4
4
4
4
4
4
4
4
4
4
4
3
3
4
4
4
4
4
4
4
4
4
4
4
4
4
4
4
4
4
4
4
4
4
4
4
4
4
4
4
4
4
4
4
4
4
4
4
4
4
4
4
4
4
4
4
4
4
4
4
4
3
3
4
4
4
4
4
4
4
4
4
4
4
4
4
4
4
4
4
4
4
4
4
4
4
4
4
4
4
4
4
4
4
4
4
4
4
4
4
4
4
4
4
4
4
4
4
4
4
4
3
3
4
4
4
4
4
4
4
4
4
4
4
4
4
4
4
4
4
4
4
4
4
4
4
4
4
4
4
4
4
4
4
4
4
4
4
4
4
4
4
4
4
4
4
4
4
4
4
4
3
3
4
4
4
4
4
4
4
4
4
4
4
4
4
4
4
4
4
4
4
4
4
4
4
4
4
4
4
4
4
4
4
4
4
4
4
4
4
4
4
4
4
4
4
4
4
4
4
4
3
3
4
4
4
4
4
4
4
4
4
4
4
4
4
4
4
4
4
4
4
4
4
4
4
4
4
4
4
4
4
4
4
4
4
4
4
4
4
4
4
4
4
4
4
4
4
4
4
4
3
3
4
4
4
4
4
4
4
4
4
4
4
4
4
4
4
4
4
4
4
4
4
4
4
4
4
4
4
4
4
4
4
4
4
4
4
4
4
4
4
4
4
4
4
4
4
4
4
4
3
3
4
4
4
4
4
4
4
4
4
4
4
4
4
4
4
4
4
4
4
4
4
4
4
4
4
4
4
4
4
4
4
4
4
4
4
4
4
4
4
4
4
4
4
4
4
4
4
4
3
3
4
4
4
4
4
4
4
4
4
4
4
4
4
4
4
4
4
4
4
4
4
4
4
4
4
4
4
4
4
4
4
4
4
4
4
4
4
4
4
4
4
4
4
4
4
4
4
4
3
2
3
3
3
3
3
3
3
3
3
3
3
3
3
3
3
3
3
3
3
3
3
3
3
3
3
3
3
3
3
3
3
3
3
3
3
3
3
3
3
3
3
3
3
3
3
3
3
3
2
51 67
2 29
52 52
3 57
1 76
53 85
4 79
2 30
54 71
5 74
3 92
55 60
6 77
4 16
56 94
7 85
5 66
57 46
8 69
6 88
58 37
9 25
7 60
59 47
10 56
8 87
60 16
11 54
9 18
61 31
12 53
10 90
62 56
13 29
11 86
63 14
14 63
12 60
64 25
15 100
13 95
65 61
16 36
14 77
66 59
17 82
15 63
67 44
18 67
16 77
68 90
19 79
17 15
69 80
20 54
18 85
70 97
21 75
19 36
71 70
22 96
20 85
72 36
23 96
21 37
73 73
24 87
22 75
74 58
25 41
23 86
75 81
26 91
24 46
76 26
27 90
25 16
77 63
28 57
26 14
78 96
29 69
27 35
79 38
30 58
28 12
80 55
31 74
29 50
81 57
32 62
30 25
82 74
33 46
31 33
83 40
34 92
32 18
84 34
35 48
33 26
85 33
36 97
34 72
86 41
37 20
35 63
87 74
38 16
36 21
88 70
39 21
37 38
89 16
40 61
38 91
90 98
41 33
39 89
91 57
42 60
40 25
92 63
43 95
41 89
93 42
44 51
42 39
94 20
45 66
43 84
95 65
46 41
44 40
96 37
47 75
45 90
97 44
48 68
46 54
98 20
49 99
47 84
99 74
50 43
48 62
100 48
49 75
101 69
1 52
52 26
102 40
2 94
53 46
51 96
103 85
3 26
54 94
52 77
104 92
4 89
55 42
53 60
105 22
5 27
56 67
54 98
106 56
6 42
57 32
55 56
107 18
7 79
58 38
56 93
108 15
8 49
59 56
57 87
109 68
9 75
60 94
58 47
110 59
10 66
61 86
59 11
111 30
11 47
62 13
60 19
112 71
12 11
63 69
61 74
113 47
13 42
64 17
62 70
114 66
14 52
65 57
63 25
115 88
15 47
66 31
64 86
116 42
16 41
67 99
65 34
117 75
17 31
68 21
66 76
118 100
18 69
69 88
67 50
119 44
19 82
70 41
68 23
120 35
20 66
71 100
69 100
121 14
21 54
72 85
70 20
122 79
22 99
73 84
71 64
123 34
23 89
74 77
72 65
124 87
24 38
75 74
73 85
125 84
25 10
76 71
74 81
126 78
26 92
77 53
75 41
127 74
27 36
78 71
76 57
128 100
28 23
79 88
77 39
129 61
29 19
80 97
78 86
130 20
30 23
81 35
79 46
131 19
31 86
82 10
80 72
132 52
32 89
83 69
81 70
133 31
33 73
84 95
82 92
134 51
34 56
85 13
83 33
135 96
35 76
86 17
84 13
136 100
36 62
87 52
85 20
137 61
37 61
88 36
86 62
138 23
38 65
89 68
87 87
139 35
39 35
90 100
88 60
140 16
40 35
91 68
89 86
141 10
41 20
92 27
90 35
142 31
42 17
93 40
91 88
143 57
43 83
94 45
92 62
144 80
44 29
95 36
93 12
145 39
45 67
96 77
94 64
146 43
46 85
97 45
95 98
147 47
47 63
98 24
96 79
148 74
48 68
99 86
97 100
149 55
49 100
100 97
98 39
150 62
50 30
99 46
151 44
51 71
102 43
152 80
52 65
103 98
101 27
153 22
53 90
104 58
102 29
154 87
54 66
105 57
103 14
155 72
55 32
106 57
104 77
156 69
56 100
107 73
105 82
157 14
57 12
108 12
106 28
158 42
58 64
109 83
107 11
159 36
59 50
110 21
108 39
160 51
60 76
111 95
109 59
161 23
61 41
112 16
110 32
162 91
62 12
113 15
111 16
163 50
63 52
114 27
112 19
164 97
64 12
115 59
113 51
165 54
65 49
116 31
114 39
166 52
66 87
117 73
115 20
167 100
67 68
118 43
116 23
168 20
68 51
119 59
117 50
169 91
69 39
120 10
118 99
170 71
70 44
121 82
119 75
171 23
71 67
122 33
120 50
172 96
72 19
123 89
121 92
173 92
73 94
124 84
122 34
174 78
74 100
125 39
123 70
175 81
75 74
126 96
124 42
176 35
76 84
127 21
125 81
177 57
77 95
128 42
126 31
178 70
78 30
129 17
127 26
179 69
79 89
130 32
128 79
180 68
80 39
131 10
129 39
181 26
81 63
132 26
130 92
182 83
82 85
133 68
131 96
183 52
83 14
134 59
132 19
184 78
84 100
135 86
133 67
185 55
85 28
136 62
134 58
186 10
86 69
137 87
135 63
187 100
87 26
138 31
136 64
188 33
88 28
139 80
137 70
189 17
89 19
140 57
138 13
190 43
90 45
141 74
139 47
191 43
91 49
142 31
140 13
192 48
92 17
143 94
141 50
193 15
93 21
144 39
142 31
194 49
94 87
145 44
143 91
195 96
95 54
146 34
144 85
196 24
96 64
147 69
145 86
197 85
97 32
148 55
146 66
198 43
98 50
149 17
147 49
199 17
99 18
150 93
148 81
200 54
100 54
149 81
201 63
101 53
152 69
202 96
102 34
153 19
151 52
203 54
103 78
154 52
152 72
204 80
104 34
155 86
153 29
205 14
105 77
156 53
154 54
206 12
106 88
157 74
155 89
207 94
107 63
158 53
156 100
208 54
108 42
159 94
157 28
209 94
109 51
160 83
158 60
210 46
110 14
161 40
159 24
211 15
111 96
162 59
160 56
212 77
112 95
163 82
161 29
213 53
113 11
164 38
162 77
214 18
114 34
165 28
163 66
215 68
115 14
166 60
164 45
216 89
116 44
167 37
165 38
217 70
117 64
168 91
166 75
218 56
118 53
169 86
167 13
219 26
119 75
170 13
168 71
220 77
120 48
171 14
169 97
221 74
121 76
172 48
170 71
222 14
122 29
173 87
171 87
223 93
123 82
174 88
172 65
224 42
124 80
175 70
173 12
225 50
125 62
176 76
174 13
226 77
126 15
177 82
175 77
227 31
127 44
178 61
176 60
228 75
128 56
179 47
177 54
229 73
129 20
180 52
178 51
230 81
130 73
181 41
179 79
231 16
131 26
182 22
180 69
232 45
132 58
183 19
181 50
233 18
133 77
184 56
182 16
234 77
134 60
185 99
183 58
235 62
135 28
186 49
184 23
236 22
136 14
187 24
185 10
237 99
137 88
188 18
186 33
238 24
138 41
189 72
187 44
239 35
139 90
190 87
188 41
240 25
140 47
191 90
189 89
241 52
141 13
192 43
190 97
242 63
142 28
193 97
191 34
243 79
143 92
194 10
192 29
244 74
144 72
195 21
193 30
245 95
145 97
196 79
194 64
246 76
146 24
197 38
195 48
247 66
147 76
198 57
196 100
248 23
148 66
199 47
197 38
249 58
149 90
200 86
198 13
250 46
150 64
199 30
251 13
151 95
202 51
252 77
152 40
203 98
201 48
253 37
153 59
204 17
202 56
254 62
154 13
205 29
203 11
255 19
155 21
206 20
204 28
256 94
156 99
207 58
205 38
257 53
157 29
208 18
206 40
258 46
158 96
209 35
207 80
259 62
159 78
210 73
208 52
260 74
160 68
211 72
209 54
261 14
161 15
212 63
210 87
262 14
162 25
213 61
211 64
263 19
163 15
214 46
212 36
264 50
164 23
215 81
213 57
265 24
165 43
216 90
214 19
266 51
166 70
217 10
215 10
267 92
167 68
218 56
216 39
268 79
168 35
219 64
217 30
269 74
169 10
220 52
218 18
270 31
170 54
221 31
219 50
271 93
171 69
222 71
220 39
272 44
172 100
223 98
221 48
273 63
173 74
224 64
222 83
274 94
174 55
225 95
223 58
275 19
175 34
226 19
224 34
276 70
176 70
227 74
225 58
277 92
177 60
228 10
226 43
278 97
178 63
229 78
227 65
279 42
179 41
230 87
228 52
280 100
180 16
231 96
229 13
281 87
181 77
232 98
230 29
282 83
182 81
233 46
231 37
283 47
183 39
234 100
232 61
284 12
184 79
235 36
233 71
285 19
185 22
236 38
234 68
286 100
186 80
237 69
235 48
287 20
187 17
238 42
236 10
288 87
188 97
239 26
237 50
289 80
189 99
240 23
238 90
290 10
190 54
241 90
239 90
291 31
191 93
242 40
240 84
292 30
192 43
243 90
241 95
293 13
193 20
244 38
242 41
294 67
194 83
245 44
243 27
295 38
195 10
246 25
244 40
296 16
196 68
247 19
245 55
297 24
197 88
248 48
246 19
298 62
198 22
249 74
247 49
299 39
199 26
250 34
248 27
300 45
200 83
249 72
301 91
201 24
252 82
302 62
202 72
253 91
251 80
303 38
203 55
254 11
252 81
304 32
204 49
255 84
253 18
305 89
205 48
256 33
254 20
306 60
206 57
257 29
255 71
307 62
207 71
258 85
256 52
308 68
208 88
259 29
257 23
309 58
209 72
260 66
258 42
310 59
210 25
261 79
259 61
311 93
211 65
262 56
260 10
312 70
212 45
263 43
261 66
313 68
213 25
264 94
262 19
314 31
214 18
265 76
263 16
315 36
215 28
266 65
264 67
316 99
216 46
267 29
265 52
317 51
217 59
268 27
266 40
318 24
218 15
269 56
267 74
319 35
219 18
270 99
268 22
320 32
220 40
271 44
269 14
321 70
221 24
272 81
270 26
322 40
222 78
273 96
271 76
323 58
223 86
274 88
272 69
324 65
224 59
275 37
273 10
325 77
225 23
276 97
274 90
326 67
226 33
277 70
275 43
327 23
227 12
278 54
276 42
328 28
228 95
279 65
277 98
329 34
229 52
280 63
278 65
330 88
230 23
281 80
279 46
331 39
231 47
282 93
280 91
332 94
232 17
283 16
281 78
333 89
233 69
284 68
282 51
334 75
234 99
285 91
283 86
335 25
235 55
286 59
284 57
336 84
236 49
287 98
285 63
337 70
237 60
288 44
286 20
338 35
238 44
289 57
287 98
339 32
239 60
290 25
288 41
340 87
240 73
291 60
289 76
341 70
241 85
292 15
290 100
342 39
242 25
293 40
291 10
343 31
243 30
294 77
292 49
344 96
244 77
295 88
293 37
345 46
245 76
296 99
294 98
346 67
246 46
297 76
295 35
347 18
247 93
298 79
296 89
348 92
248 31
299 71
297 32
349 60
249 32
300 61
298 41
350 30
250 92
299 53
351 71
251 47
302 70
352 85
252 93
303 77
301 48
353 97
253 70
304 100
302 45
354 50
254 59
305 11
303 17
355 46
255 74
306 29
304 86
356 11
256 62
307 95
305 34
357 22
257 20
308 69
306 85
358 15
258 98
309 47
307 71
359 67
259 71
310 75
308 37
360 89
260 26
311 80
309 83
361 98
261 59
312 77
310 98
362 20
262 80
313 14
311 69
363 84
263 61
314 88
312 15
364 75
264 80
315 27
313 46
365 49
265 78
316 84
314 100
366 66
266 45
317 60
315 87
367 22
267 58
318 66
316 53
368 65
268 24
319 32
317 74
369 46
269 61
320 64
318 70
370 79
270 40
321 82
319 33
371 13
271 75
322 45
320 83
372 88
272 89
323 58
321 26
373 10
273 88
324 53
322 49
374 59
274 33
325 42
323 64
375 77
275 94
326 59
324 55
376 23
276 45
327 38
325 68
377 50
277 44
328 17
326 36
378 87
278 86
329 100
327 64
379 23
279 97
330 97
328 57
380 61
280 35
331 79
329 16
381 37
281 12
332 94
330 19
382 85
282 51
333 36
331 10
383 95
283 47
334 40
332 23
384 78
284 19
335 14
333 60
385 80
285 36
336 53
334 66
386 80
286 58
337 12
335 69
387 93
287 70
338 15
336 16
388 37
288 58
339 38
337 78
389 68
289 89
340 38
338 80
390 34
290 29
341 30
339 74
391 66
291 13
342 97
340 65
392 11
292 64
343 68
341 72
393 69
293 49
344 33
342 84
394 68
294 59
345 82
343 26
395 72
295 15
346 58
344 11
396 12
296 33
347 65
345 71
397 13
297 91
348 76
346 31
398 93
298 64
349 63
347 28
399 79
299 14
350 43
348 84
400 84
300 45
349 56
401 42
301 85
352 81
402 92
302 80
353 77
351 52
403 15
303 86
354 79
352 74
404 85
304 86
355 42
353 54
405 11
305 84
356 57
354 19
406 43
306 33
357 48
355 59
407 34
307 76
358 82
356 71
408 53
308 83
359 51
357 49
409 33
309 33
360 30
358 50
410 47
310 27
361 84
359 11
411 87
311 49
362 73
360 62
412 71
312 67
363 30
361 54
413 51
313 16
364 37
362 77
414 28
314 29
365 64
363 48
415 62
315 71
366 72
364 76
416 90
316 98
367 46
365 37
417 96
317 10
368 69
366 14
418 39
318 35
369 75
367 59
419 49
319 27
370 49
368 57
420 12
320 73
371 33
369 97
421 71
321 50
372 60
370 27
422 82
322 15
373 54
371 56
423 68
323 76
374 51
372 90
424 92
324 56
375 92
373 39
425 97
325 90
376 53
374 79
426 62
326 78
377 90
375 27
427 57
327 88
378 62
376 46
428 95
328 41
379 20
377 98
429 15
329 51
380 16
378 33
430 55
330 12
381 12
379 15
431 88
331 82
382 16
380 69
432 80
332 43
383 50
381 87
433 62
333 82
384 25
382 77
434 89
334 36
385 41
383 30
435 95
335 42
386 100
384 24
436 82
336 13
387 42
385 20
437 30
337 20
388 24
386 62
438 47
338 34
389 30
387 28
439 20
339 92
390 31
388 45
440 84
340 59
391 35
389 61
441 29
341 58
392 31
390 63
442 75
342 24
393 63
391 11
443 44
343 22
394 23
392 15
444 85
344 26
395 32
393 35
445 47
345 83
396 53
394 54
446 80
346 75
397 21
395 62
447 32
347 11
398 47
396 49
448 35
348 22
399 73
397 45
449 73
349 58
400 43
398 79
450 60
350 100
399 61
451 31
351 55
402 75
452 86
352 100
403 37
401 64
453 50
353 28
404 90
402 26
454 26
354 100
405 74
403 82
455 34
355 11
406 37
404 80
456 39
356 29
407 74
405 51
457 21
357 63
408 91
406 75
458 28
358 97
409 32
407 97
459 100
359 24
410 95
408 92
460 37
360 16
411 42
409 56
461 69
361 88
412 24
410 30
462 67
362 53
413 18
411 14
463 90
363 29
414 93
412 24
464 28
364 63
415 52
413 65
465 62
365 57
416 90
414 86
466 14
366 65
417 19
415 42
467 58
367 51
418 26
416 89
468 14
368 62
419 55
417 85
469 79
369 98
420 81
418 82
470 60
370 25
421 77
419 77
471 87
371 87
422 95
420 92
472 19
372 64
423 69
421 86
473 26
373 61
424 57
422 37
474 40
374 92
425 35
423 35
475 53
375 48
426 89
424 41
476 79
376 59
427 33
425 86
477 86
377 81
428 57
426 35
478 34
378 30
429 98
427 24
479 41
379 82
430 88
428 65
480 16
380 70
431 77
429 68
481 16
381 97
432 60
430 63
482 22
382 75
433 65
431 22
483 29
383 95
434 84
432 10
484 82
384 72
435 75
433 25
485 44
385 97
436 32
434 46
486 53
386 13
437 37
435 93
487 89
387 89
438 99
436 23
488 65
388 21
439 33
437 14
489 66
389 52
440 27
438 77
490 45
390 10
441 91
439 66
491 44
391 38
442 11
440 97
492 86
392 20
443 98
441 34
493 14
393 16
444 74
442 87
494 50
394 42
445 52
443 23
495 44
395 78
446 23
444 55
496 89
396 48
447 16
445 63
497 99
397 79
448 39
446 79
498 15
398 14
449 58
447 96
499 21
399 86
450 81
448 33
500 29
400 27
449 81
501 43
401 50
452 56
502 37
402 80
453 78
451 11
503 16
403 85
454 22
452 70
504 50
404 19
455 72
453 88
505 87
405 30
456 74
454 51
506 73
406 53
457 75
455 74
507 16
407 10
458 11
456 44
508 66
408 81
459 90
457 15
509 73
409 59
460 92
458 56
510 67
410 11
461 98
459 63
511 99
411 31
462 18
460 99
512 46
412 40
463 56
461 88
513 74
413 30
464 28
462 51
514 59
414 73
465 51
463 95
515 54
415 29
466 15
464 10
516 16
416 81
467 10
465 88
517 25
417 65
468 39
466 89
518 82
418 61
469 37
467 15
519 33
419 58
470 58
468 26
520 46
420 73
471 45
469 12
521 89
421 44
472 19
470 91
522 92
422 74
473 36
471 60
523 74
423 88
474 73
472 63
524 26
424 19
475 68
473 29
525 81
425 32
476 48
474 92
526 29
426 12
477 46
475 79
527 70
427 59
478 21
476 28
528 68
428 67
479 16
477 64
529 45
429 20
480 79
478 69
530 60
430 67
481 65
479 39
531 69
431 10
482 78
480 14
532 60
432 23
483 71
481 49
533 35
433 91
484 17
482 60
534 37
434 71
485 88
483 67
535 11
435 96
486 92
484 26
536 99
436 64
487 56
485 46
537 28
437 27
488 29
486 48
538 76
438 26
489 27
487 66
539 18
439 21
490 41
488 19
540 16
440 76
491 84
489 35
541 93
441 90
492 65
490 100
542 85
442 69
493 37
491 89
543 70
443 68
494 37
492 19
544 57
444 21
495 33
493 40
545 29
445 41
496 54
494 60
546 84
446 63
497 46
495 73
547 23
447 11
498 35
496 54
548 56
448 35
499 44
497 100
549 60
449 54
500 53
498 17
550 64
450 41
499 37
551 30
451 36
502 52
552 16
452 46
503 30
501 80
553 10
453 11
504 90
502 94
554 43
454 77
505 54
503 24
555 47
455 71
506 82
504 89
556 85
456 66
507 56
505 25
557 23
457 66
508 33
506 92
558 51
458 59
509 77
507 75
559 86
459 57
510 17
508 98
560 55
460 78
511 39
509 81
561 42
461 74
512 74
510 96
562 74
462 24
513 95
511 66
563 80
463 81
514 97
512 27
564 71
464 54
515 17
513 17
565 52
465 15
516 29
514 71
566 30
466 17
517 24
515 54
567 17
467 100
518 57
516 100
568 39
468 52
519 78
517 59
569 37
469 33
520 17
518 17
570 38
470 10
521 51
519 46
571 64
471 14
522 75
520 39
572 94
472 54
523 86
521 37
573 41
473 62
524 52
522 63
574 81
474 91
525 15
523 69
575 15
475 78
526 52
524 85
576 60
476 86
527 10
525 33
577 55
477 73
528 61
526 99
578 32
478 37
529 17
527 39
579 18
479 69
530 23
528 38
580 52
480 99
531 38
529 33
581 87
481 85
532 29
530 46
582 88
482 16
533 17
531 53
583 77
483 53
534 88
532 80
584 29
484 93
535 59
533 71
585 37
485 98
536 63
534 93
586 100
486 26
537 49
535 97
587 74
487 22
538 67
536 59
588 68
488 82
539 49
537 12
589 39
489 12
540 31
538 87
590 20
490 28
541 66
539 28
591 23
491 37
542 92
540 24
592 49
492 87
543 38
541 36
593 13
493 17
544 97
542 20
594 30
494 30
545 20
543 78
595 40
495 87
546 48
544 56
596 21
496 24
547 73
545 85
597 96
497 55
548 87
546 53
598 95
498 82
549 83
547 28
599 32
499 68
550 63
548 96
600 20
500 81
549 80
501 62
552 36
502 76
553 77
551 94
503 52
554 50
552 61
504 25
555 76
553 71
505 99
556 23
554 58
506 18
557 91
555 79
507 61
558 82
556 27
508 38
559 98
557 43
509 18
560 65
558 98
510 34
561 39
559 23
511 71
562 53
560 85
512 10
563 40
561 68
513 99
564 10
562 89
514 49
565 40
563 97
515 46
566 49
564 44
516 92
567 84
565 37
517 10
568 89
566 66
518 75
569 54
567 51
519 70
570 24
568 28
520 46
571 23
569 96
521 11
572 60
570 48
522 80
573 77
571 34
523 12
574 46
572 49
524 40
575 62
573 61
525 69
576 100
574 21
526 49
577 25
575 97
527 61
578 50
576 94
528 84
579 95
577 48
529 82
580 58
578 68
530 42
581 76
579 19
531 41
582 18
580 43
532 93
583 69
581 97
533 85
584 20
582 94
534 12
585 29
583 45
535 85
586 79
584 53
536 86
587 84
585 28
537 41
588 93
586 79
538 23
589 64
587 54
539 51
590 51
588 64
540 49
591 79
589 12
541 28
592 34
590 91
542 61
593 52
591 43
543 45
594 79
592 51
544 90
595 45
593 74
545 10
596 79
594 15
546 23
597 74
595 47
547 100
598 23
596 65
548 47
599 66
597 54
549 44
600 87
598 21
550 42
599 23
91
494
1 91 
2 92 339 
2 359 517 
3 253 252 67 
2 356 350 
1 65 
3 147 70 32 
1 3 
1 368 
2 374 78 
2 365 232 
1 130 
1 301 
3 565 462 279 
3 106 230 418 
1 372 
1 495 
3 519 219 110 
2 330 554 
3 580 86 79 
1 482 
1 97 
1 20 
1 241 
2 347 362 
2 312 536 
2 415 190 
2 21 180 
4 217 538 266 428 
2 405 584 
1 326 
1 388 
3 496 434 319 
4 287 246 12 75 
1 572 
1 73 
2 364 211 
1 553 
1 349 
3 414 322 313 
1 589 
2 541 23 
1 216 
2 357 381 
2 345 223 
1 543 
2 263 103 
2 600 433 
1 593 
2 11 85 
2 36 561 
2 160 516 
2 174 16 
2 109 280 
2 567 281 
2 445 556 
3 318 438 192 
2 177 461 
4 275 398 155 308 
2 487 390 
1 412 
1 196 
4 77 587 400 156 
1 257 
2 491 284 
2 443 56 
3 320 242 68 
2 315 402 
2 187 6 
2 290 410 
1 286 
2 471 2 
3 373 231 577 
2 28 439 
1 393 
2 272 114 
1 570 
3 122 222 7 
2 426 206 
2 96 161 
1 24 
2 283 340 
2 203 94 
6 273 341 507 465 360 90 
1 500 
1 427 
2 227 369 
2 141 530 
1 573 
1 508 
2 64 254 
3 361 62 158 
1 523 
2 33 282 
2 594 292 
2 185 8 
1 484 
1 18 
1 324 
3 544 413 153 
1 460 
1 472 
1 480 
3 585 176 317 
1 49 
1 502 
2 251 29 
2 514 131 
2 144 457 
2 303 342 
1 258 
2 152 331 
1 104 
1 494 
