144 528 10 100 27
2
3
3
3
3
3
3
3
3
3
3
2
3
4
4
4
4
4
4
4
4
4
4
3
3
4
4
4
4
4
4
4
4
4
4
3
3
4
4
4
4
4
4
4
4
4
4
3
3
4
4
4
4
4
4
4
4
4
4
3
3
4
4
4
4
4
4
4
4
4
4
3
3
4
4
4
4
4
4
4
4
4
4
3
3
4
4
4
4
4
4
4
4
4
4
3
3
4
4
4
4
4
4
4
4
4
4
3
3
4
4
4
4
4
4
4
4
4
4
3
3
4
4
4
4
4
4
4
4
4
4
3
2
3
3
3
3
3
3
3
3
3
3
2
13 10
2 29
14 94
3 23
1 74
15 43
4 56
2 72
16 90
5 67
3 89
17 60
6 20
4 51
18 82
7 10
5 20
19 43
8 59
6 93
20 29
9 96
7 78
21 88
10 16
8 71
22 98
11 71
9 93
23 70
12 89
10 41
24 56
11 14
25 72
1 19
14 70
26 12
2 72
15 21
13 24
27 27
3 76
16 90
14 84
28 35
4 32
17 76
15 73
29 15
5 30
18 87
16 51
30 51
6 55
19 63
17 28
31 84
7 47
20 86
18 98
32 17
8 78
21 95
19 35
33 46
9 68
22 94
20 91
34 32
10 29
23 34
21 49
35 85
11 99
24 40
22 73
36 34
12 52
23 45
37 63
13 42
26 88
38 97
14 24
27 84
25 25
39 56
15 89
28 66
26 14
40 23
16 21
29 33
27 13
41 54
17 17
30 14
28 15
42 60
18 95
31 45
29 97
43 27
19 25
32 41
30 27
44 77
20 38
33 82
31 82
45 93
21 31
34 80
32 81
46 17
22 89
35 58
33 69
47 11
23 87
36 29
34 79
48 53
24 15
35 84
49 48
25 100
38 37
50 42
26 13
39 24
37 65
51 29
27 12
40 64
38 90
52 92
28 86
41 73
39 36
53 29
29 62
42 96
40 36
54 98
30 13
43 94
41 29
55 11
31 60
44 77
42 75
56 62
32 56
45 57
43 51
57 19
33 79
46 61
44 100
58 51
34 50
47 54
45 54
59 72
35 46
48 72
46 40
60 14
36 94
47 69
61 92
37 83
50 42
62 21
38 27
51 42
49 50
63 64
39 53
52 61
50 50
64 97
40 99
53 45
51 10
65 11
41 85
54 90
52 20
66 90
42 88
55 100
53 42
67 18
43 88
56 13
54 45
68 70
44 60
57 39
55 99
69 71
45 75
58 84
56 51
70 65
46 99
59 26
57 85
71 38
47 25
60 96
58 78
72 40
48 56
59 50
73 43
49 82
62 40
74 20
50 29
63 78
61 67
75 69
51 23
64 60
62 94
76 85
52 16
65 24
63 68
77 48
53 94
66 64
64 28
78 57
54 45
67 60
65 74
79 59
55 51
68 11
66 41
80 33
56 11
69 92
67 68
81 32
57 25
70 70
68 57
82 43
58 95
71 84
69 78
83 73
59 64
72 76
70 48
84 56
60 17
71 51
85 93
61 91
74 46
86 52
62 53
75 52
73 53
87 65
63 33
76 56
74 16
88 54
64 15
77 39
75 75
89 80
65 35
78 32
76 23
90 22
66 63
79 96
77 67
91 76
67 56
80 17
78 48
92 54
68 31
81 47
79 44
93 31
69 91
82 72
80 41
94 11
70 11
83 10
81 36
95 52
71 39
84 97
82 29
96 61
72 92
83 32
97 41
73 42
86 65
98 55
74 51
87 43
85 94
99 92
75 78
88 74
86 74
100 33
76 12
89 97
87 28
101 87
77 86
90 99
88 96
102 17
78 34
91 45
89 63
103 27
79 11
92 34
90 37
104 42
80 43
93 71
91 86
105 79
81 79
94 34
92 23
106 99
82 93
95 57
93 53
107 33
83 23
96 42
94 84
108 26
84 74
95 50
109 62
85 75
98 85
110 56
86 79
99 26
97 25
111 65
87 88
100 37
98 45
112 12
88 10
101 81
99 25
113 44
89 58
102 38
100 64
114 20
90 12
103 20
101 68
115 52
91 81
104 68
102 16
116 34
92 22
105 39
103 97
117 27
93 93
106 13
104 42
118 18
94 39
107 62
105 57
119 48
95 42
108 53
106 80
120 78
96 36
107 68
121 39
97 75
110 89
122 48
98 90
111 72
109 32
123 14
99 79
112 83
110 91
124 30
100 56
113 95
111 82
125 100
101 14
114 40
112 22
126 36
102 63
115 68
113 43
127 50
103 16
116 59
114 55
128 65
104 32
117 10
115 24
129 56
105 90
118 95
116 78
130 39
106 47
119 69
117 81
131 12
107 44
120 10
118 84
132 69
108 19
119 70
133 27
109 19
122 84
134 56
110 33
123 90
121 45
135 71
111 76
124 84
122 84
136 67
112 50
125 41
123 88
137 30
113 10
126 80
124 52
138 91
114 58
127 66
125 43
139 16
115 20
128 55
126 56
140 26
116 33
129 49
127 57
141 15
117 11
130 37
128 72
142 50
118 70
131 66
129 68
143 39
119 93
132 59
130 49
144 30
120 80
131 59
121 58
134 61
122 91
135 60
133 83
123 81
136 22
134 93
124 81
137 88
135 74
125 84
138 16
136 10
126 70
139 52
137 77
127 12
140 70
138 63
128 31
141 54
139 37
129 45
142 93
140 37
130 28
143 31
141 88
131 70
144 70
142 62
132 53
143 69
13
10
1 13 
3 101 78 33 
1 90 
2 116 138 
1 50 
2 46 123 
1 47 
3 76 74 140 
2 71 22 
2 107 48 
3 105 128 37 
2 135 9 
1 126 
2 38 75 
1 23 
2 59 131 
3 104 40 117 
3 143 82 122 
3 70 72 42 
4 58 106 18 79 
1 52 
1 54 
1 125 
1 8 
1 43 
2 2 73 
1 10 
