144 528 11 100 27
2
3
3
3
3
3
3
3
3
3
3
2
3
4
4
4
4
4
4
4
4
4
4
3
3
4
4
4
4
4
4
4
4
4
4
3
3
4
4
4
4
4
4
4
4
4
4
3
3
4
4
4
4
4
4
4
4
4
4
3
3
4
4
4
4
4
4
4
4
4
4
3
3
4
4
4
4
4
4
4
4
4
4
3
3
4
4
4
4
4
4
4
4
4
4
3
3
4
4
4
4
4
4
4
4
4
4
3
3
4
4
4
4
4
4
4
4
4
4
3
3
4
4
4
4
4
4
4
4
4
4
3
2
3
3
3
3
3
3
3
3
3
3
2
13 97
2 29
14 53
3 57
1 69
15 90
4 77
2 89
16 67
5 85
3 78
17 15
6 38
4 66
18 88
7 17
5 71
19 27
8 14
6 31
20 95
9 62
7 19
21 15
10 74
8 72
22 11
11 77
9 50
23 33
12 34
10 90
24 81
11 77
25 60
1 93
14 75
26 42
2 28
15 70
13 49
27 43
3 25
16 22
14 69
28 25
4 71
17 11
15 24
29 99
5 58
18 78
16 22
30 81
6 84
19 50
17 13
31 25
7 75
20 90
18 27
32 65
8 95
21 96
19 64
33 32
9 47
22 39
20 39
34 72
10 16
23 16
21 35
35 47
11 75
24 53
22 56
36 21
12 58
23 66
37 33
13 45
26 25
38 44
14 90
27 80
25 20
39 31
15 42
28 25
26 29
40 23
16 13
29 44
27 74
41 82
17 32
30 29
28 59
42 83
18 99
31 84
29 69
43 45
19 43
32 49
30 56
44 89
20 44
33 67
31 86
45 23
21 92
34 36
32 91
46 72
22 59
35 68
33 97
47 77
23 86
36 38
34 51
48 86
24 86
35 47
49 48
25 98
38 45
50 55
26 86
39 65
37 80
51 91
27 11
40 68
38 92
52 87
28 40
41 59
39 47
53 30
29 50
42 98
40 49
54 37
30 58
43 93
41 82
55 90
31 55
44 57
42 21
56 77
32 55
45 83
43 85
57 49
33 15
46 69
44 57
58 58
34 66
47 58
45 37
59 33
35 81
48 78
46 23
60 90
36 37
47 99
61 36
37 22
50 39
62 80
38 51
51 29
49 89
63 77
39 52
52 50
50 35
64 18
40 58
53 63
51 92
65 82
41 16
54 92
52 68
66 17
42 82
55 37
53 63
67 69
43 26
56 62
54 68
68 64
44 57
57 87
55 82
69 83
45 92
58 35
56 62
70 29
46 29
59 77
57 73
71 77
47 59
60 37
58 100
72 40
48 15
59 41
73 11
49 84
62 37
74 85
50 95
63 52
61 57
75 77
51 61
64 14
62 55
76 16
52 13
65 12
63 92
77 18
53 39
66 28
64 71
78 35
54 45
67 77
65 62
79 18
55 97
68 30
66 12
80 78
56 17
69 76
67 84
81 53
57 88
70 50
68 81
82 27
58 14
71 20
69 15
83 40
59 92
72 14
70 11
84 100
60 41
71 82
85 62
61 26
74 66
86 19
62 92
75 74
73 83
87 13
63 72
76 54
74 49
88 54
64 85
77 32
75 78
89 62
65 74
78 43
76 69
90 41
66 86
79 79
77 65
91 25
67 55
80 96
78 55
92 62
68 93
81 14
79 25
93 64
69 57
82 85
80 79
94 52
70 33
83 60
81 56
95 80
71 44
84 58
82 62
96 91
72 28
83 85
97 33
73 50
86 39
98 44
74 57
87 99
85 75
99 21
75 56
88 99
86 100
100 94
76 81
89 83
87 83
101 13
77 77
90 51
88 41
102 35
78 52
91 38
89 47
103 65
79 56
92 34
90 65
104 60
80 76
93 19
91 55
105 69
81 99
94 27
92 14
106 36
82 65
95 81
93 73
107 87
83 50
96 27
94 87
108 51
84 30
95 35
109 85
85 85
98 13
110 65
86 89
99 49
97 42
111 91
87 88
100 15
98 42
112 70
88 37
101 82
99 94
113 67
89 81
102 66
100 96
114 14
90 55
103 39
101 35
115 45
91 20
104 69
102 89
116 100
92 95
105 43
103 55
117 65
93 71
106 88
104 79
118 87
94 90
107 98
105 20
119 12
95 30
108 26
106 28
120 34
96 35
107 70
121 76
97 39
110 77
122 49
98 77
111 58
109 40
123 70
99 84
112 95
110 69
124 77
100 31
113 85
111 73
125 51
101 80
114 89
112 84
126 36
102 86
115 71
113 41
127 21
103 38
116 78
114 69
128 16
104 49
117 94
115 80
129 27
105 87
118 14
116 44
130 62
106 81
119 19
117 50
131 97
107 21
120 50
118 88
132 95
108 97
119 97
133 64
109 36
122 15
134 20
110 75
123 45
121 17
135 92
111 15
124 40
122 33
136 22
112 51
125 77
123 20
137 24
113 37
126 41
124 86
138 14
114 54
127 55
125 73
139 49
115 52
128 54
126 13
140 96
116 76
129 15
127 99
141 17
117 17
130 97
128 98
142 94
118 13
131 17
129 98
143 49
119 26
132 54
130 49
144 12
120 70
131 50
121 84
134 42
122 79
135 45
133 70
123 82
136 17
134 37
124 39
137 76
135 23
125 14
138 20
136 93
126 90
139 14
137 82
127 20
140 43
138 14
128 90
141 91
139 74
129 73
142 89
140 62
130 69
143 50
141 77
131 19
144 18
142 94
132 87
143 29
91
4
5 122 52 139 50 91 
2 86 81 
4 13 110 38 41 
1 9 
1 106 
1 75 
2 137 78 
1 80 
1 51 
1 62 
4 118 140 53 7 
2 130 133 
2 108 96 
1 64 
2 37 45 
1 99 
1 43 
3 14 117 95 
2 89 143 
1 141 
2 94 63 
2 35 112 
1 58 
2 47 67 
1 15 
1 125 
3 88 121 4 
