196 728 10 100 37
2
3
3
3
3
3
3
3
3
3
3
3
3
2
3
4
4
4
4
4
4
4
4
4
4
4
4
3
3
4
4
4
4
4
4
4
4
4
4
4
4
3
3
4
4
4
4
4
4
4
4
4
4
4
4
3
3
4
4
4
4
4
4
4
4
4
4
4
4
3
3
4
4
4
4
4
4
4
4
4
4
4
4
3
3
4
4
4
4
4
4
4
4
4
4
4
4
3
3
4
4
4
4
4
4
4
4
4
4
4
4
3
3
4
4
4
4
4
4
4
4
4
4
4
4
3
3
4
4
4
4
4
4
4
4
4
4
4
4
3
3
4
4
4
4
4
4
4
4
4
4
4
4
3
3
4
4
4
4
4
4
4
4
4
4
4
4
3
3
4
4
4
4
4
4
4
4
4
4
4
4
3
2
3
3
3
3
3
3
3
3
3
3
3
3
2
15 69
2 29
16 60
3 11
1 45
17 37
4 71
2 96
18 72
5 76
3 39
19 11
6 96
4 33
20 35
7 39
5 83
21 46
8 45
6 28
22 14
9 53
7 13
23 78
10 43
8 67
24 81
11 99
9 48
25 70
12 49
10 78
26 86
13 59
11 43
27 48
14 98
12 61
28 56
13 64
29 30
1 76
16 96
30 20
2 18
17 26
15 87
31 97
3 67
18 95
16 76
32 98
4 53
19 93
17 56
33 74
5 93
20 47
18 19
34 89
6 70
21 72
19 95
35 33
7 99
22 40
20 84
36 43
8 60
23 62
21 59
37 28
9 56
24 12
22 59
38 17
10 85
25 88
23 19
39 100
11 25
26 56
24 98
40 14
12 78
27 66
25 50
41 49
13 90
28 86
26 86
42 92
14 40
27 63
43 15
15 73
30 77
44 69
16 83
31 19
29 19
45 74
17 47
32 51
30 26
46 90
18 54
33 83
31 14
47 44
19 34
34 53
32 80
48 58
20 85
35 65
33 97
49 23
21 84
36 40
34 84
50 36
22 51
37 88
35 48
51 47
23 84
38 75
36 63
52 26
24 38
39 68
37 78
53 90
25 97
40 100
38 69
54 93
26 71
41 92
39 65
55 58
27 47
42 12
40 89
56 64
28 89
41 12
57 96
29 60
44 100
58 17
30 72
45 23
43 36
59 77
31 72
46 66
44 34
60 77
32 95
47 81
45 94
61 90
33 35
48 35
46 90
62 19
34 61
49 39
47 58
63 35
35 87
50 78
48 18
64 25
36 89
51 77
49 70
65 31
37 82
52 46
50 90
66 57
38 39
53 17
51 96
67 24
39 37
54 79
52 91
68 79
40 48
55 55
53 83
69 64
41 89
56 35
54 88
70 69
42 61
55 30
71 88
43 50
58 98
72 57
44 67
59 22
57 60
73 53
45 39
60 30
58 94
74 44
46 64
61 45
59 41
75 71
47 83
62 42
60 12
76 89
48 91
63 82
61 75
77 76
49 12
64 74
62 30
78 36
50 74
65 80
63 32
79 81
51 89
66 61
64 38
80 60
52 56
67 29
65 53
81 76
53 91
68 71
66 100
82 50
54 41
69 61
67 43
83 76
55 55
70 78
68 63
84 54
56 93
69 44
85 36
57 78
72 34
86 66
58 36
73 39
71 54
87 84
59 41
74 94
72 50
88 90
60 60
75 54
73 70
89 26
61 57
76 17
74 51
90 30
62 96
77 27
75 97
91 32
63 79
78 69
76 73
92 97
64 99
79 99
77 28
93 28
65 19
80 80
78 42
94 45
66 69
81 39
79 67
95 59
67 68
82 67
80 58
96 18
68 77
83 35
81 69
97 60
69 49
84 72
82 48
98 66
70 27
83 52
99 98
71 54
86 76
100 41
72 50
87 77
85 73
101 39
73 53
88 38
86 28
102 64
74 49
89 71
87 45
103 93
75 83
90 33
88 10
104 71
76 87
91 47
89 83
105 85
77 71
92 28
90 29
106 34
78 80
93 94
91 30
107 34
79 70
94 64
92 94
108 90
80 57
95 14
93 57
109 83
81 24
96 58
94 60
110 72
82 27
97 89
95 17
111 18
83 22
98 43
96 50
112 84
84 18
97 12
113 59
85 15
100 25
114 72
86 98
101 38
99 17
115 13
87 28
102 97
100 87
116 69
88 32
103 23
101 15
117 38
89 90
104 48
102 80
118 59
90 84
105 70
103 78
119 71
91 72
106 52
104 53
120 30
92 28
107 34
105 35
121 89
93 55
108 89
106 46
122 20
94 86
109 24
107 72
123 26
95 70
110 97
108 32
124 14
96 47
111 21
109 81
125 19
97 17
112 82
110 31
126 82
98 94
111 38
127 12
99 32
114 53
128 53
100 48
115 64
113 84
129 61
101 69
116 14
114 11
130 57
102 47
117 38
115 93
131 50
103 21
118 55
116 11
132 49
104 65
119 97
117 50
133 64
105 91
120 36
118 94
134 10
106 17
121 52
119 13
135 44
107 25
122 92
120 21
136 76
108 48
123 47
121 22
137 59
109 50
124 95
122 53
138 22
110 35
125 80
123 88
139 22
111 19
126 46
124 33
140 82
112 24
125 74
141 51
113 54
128 24
142 37
114 40
129 58
127 100
143 69
115 100
130 51
128 17
144 42
116 74
131 75
129 46
145 20
117 49
132 48
130 61
146 26
118 100
133 69
131 14
147 80
119 51
134 17
132 89
148 56
120 35
135 52
133 86
149 100
121 22
136 20
134 72
150 84
122 51
137 56
135 82
151 20
123 53
138 76
136 64
152 74
124 49
139 58
137 89
153 99
125 69
140 52
138 29
154 21
126 34
139 16
155 70
127 87
142 12
156 14
128 71
143 92
141 34
157 80
129 76
144 49
142 14
158 65
130 22
145 14
143 69
159 19
131 66
146 75
144 80
160 80
132 32
147 75
145 45
161 81
133 41
148 36
146 81
162 25
134 55
149 53
147 100
163 36
135 97
150 68
148 32
164 10
136 17
151 19
149 23
165 37
137 96
152 70
150 43
166 17
138 70
153 67
151 45
167 83
139 18
154 79
152 19
168 33
140 63
153 17
169 64
141 22
156 57
170 100
142 77
157 41
155 77
171 32
143 69
158 74
156 13
172 37
144 85
159 45
157 62
173 17
145 40
160 73
158 86
174 61
146 80
161 59
159 85
175 21
147 66
162 46
160 98
176 38
148 93
163 80
161 45
177 89
149 78
164 34
162 88
178 89
150 84
165 21
163 20
179 39
151 97
166 31
164 75
180 34
152 53
167 11
165 92
181 52
153 77
168 64
166 65
182 99
154 41
167 81
183 75
155 44
170 23
184 57
156 23
171 75
169 82
185 23
157 51
172 96
170 49
186 27
158 60
173 26
171 73
187 71
159 100
174 25
172 65
188 57
160 39
175 40
173 39
189 45
161 33
176 20
174 91
190 30
162 40
177 33
175 50
191 89
163 13
178 20
176 39
192 40
164 49
179 25
177 28
193 95
165 83
180 96
178 89
194 55
166 45
181 91
179 91
195 28
167 42
182 88
180 58
196 17
168 13
181 98
169 24
184 79
170 64
185 60
183 96
171 60
186 85
184 20
172 18
187 81
185 16
173 19
188 44
186 26
174 89
189 31
187 93
175 31
190 74
188 33
176 93
191 66
189 28
177 81
192 60
190 73
178 84
193 93
191 93
179 75
194 83
192 88
180 91
195 68
193 11
181 24
196 30
194 81
182 51
195 69
86
84
3 89 152 86 
2 67 154 
3 34 130 11 
1 38 
1 54 
2 110 196 
1 151 
2 172 94 
2 176 127 
2 24 65 
3 81 166 42 
3 39 194 32 
1 124 
2 7 123 
1 59 
2 133 90 
1 149 
3 145 115 93 
1 148 
1 47 
2 129 122 
3 134 193 106 
1 164 
2 62 180 
1 2 
1 184 
1 168 
2 169 25 
4 22 157 88 182 
2 73 114 
1 1 
1 191 
1 160 
1 27 
3 135 87 143 
3 99 30 113 
2 28 84 
