400 1500 10 100 76
2
3
3
3
3
3
3
3
3
3
3
3
3
3
3
3
3
3
3
3
3
3
3
3
3
3
3
3
3
3
3
3
3
3
3
3
3
3
3
2
3
4
4
4
4
4
4
4
4
4
4
4
4
4
4
4
4
4
4
4
4
4
4
4
4
4
4
4
4
4
4
4
4
4
4
4
4
4
4
3
3
4
4
4
4
4
4
4
4
4
4
4
4
4
4
4
4
4
4
4
4
4
4
4
4
4
4
4
4
4
4
4
4
4
4
4
4
4
4
3
3
4
4
4
4
4
4
4
4
4
4
4
4
4
4
4
4
4
4
4
4
4
4
4
4
4
4
4
4
4
4
4
4
4
4
4
4
4
4
3
3
4
4
4
4
4
4
4
4
4
4
4
4
4
4
4
4
4
4
4
4
4
4
4
4
4
4
4
4
4
4
4
4
4
4
4
4
4
4
3
3
4
4
4
4
4
4
4
4
4
4
4
4
4
4
4
4
4
4
4
4
4
4
4
4
4
4
4
4
4
4
4
4
4
4
4
4
4
4
3
3
4
4
4
4
4
4
4
4
4
4
4
4
4
4
4
4
4
4
4
4
4
4
4
4
4
4
4
4
4
4
4
4
4
4
4
4
4
4
3
3
4
4
4
4
4
4
4
4
4
4
4
4
4
4
4
4
4
4
4
4
4
4
4
4
4
4
4
4
4
4
4
4
4
4
4
4
4
4
3
3
4
4
4
4
4
4
4
4
4
4
4
4
4
4
4
4
4
4
4
4
4
4
4
4
4
4
4
4
4
4
4
4
4
4
4
4
4
4
3
2
3
3
3
3
3
3
3
3
3
3
3
3
3
3
3
3
3
3
3
3
3
3
3
3
3
3
3
3
3
3
3
3
3
3
3
3
3
3
2
41 58
2 29
42 50
3 75
1 52
43 61
4 95
2 77
44 20
5 46
3 81
45 76
6 27
4 56
46 83
7 67
5 34
47 66
8 61
6 61
48 83
9 19
7 82
49 66
10 71
8 94
50 88
11 36
9 44
51 87
12 56
10 35
52 44
13 48
11 61
53 52
14 14
12 15
54 19
15 37
13 92
55 86
16 34
14 35
56 63
17 61
15 85
57 88
18 17
16 26
58 35
19 34
17 80
59 95
20 33
18 68
60 23
21 46
19 57
61 42
22 87
20 99
62 72
23 98
21 71
63 77
24 37
22 86
64 21
25 18
23 51
65 80
26 74
24 32
66 91
27 53
25 81
67 77
28 17
26 32
68 90
29 63
27 26
69 64
30 14
28 11
70 78
31 50
29 79
71 32
32 23
30 42
72 91
33 100
31 48
73 15
34 49
32 63
74 72
35 100
33 97
75 51
36 17
34 97
76 49
37 22
35 31
77 26
38 14
36 97
78 77
39 28
37 29
79 94
40 50
38 66
80 54
39 71
81 88
1 56
42 70
82 73
2 95
43 42
41 91
83 99
3 37
44 56
42 45
84 99
4 50
45 74
43 19
85 36
5 32
46 21
44 53
86 53
6 95
47 39
45 51
87 83
7 80
48 20
46 89
88 35
8 25
49 35
47 57
89 26
9 20
50 33
48 36
90 21
10 13
51 28
49 12
91 60
11 37
52 90
50 10
92 98
12 28
53 77
51 92
93 90
13 26
54 34
52 63
94 33
14 44
55 91
53 98
95 33
15 50
56 57
54 60
96 34
16 75
57 54
55 73
97 16
17 15
58 74
56 88
98 11
18 73
59 53
57 81
99 18
19 74
60 48
58 53
100 54
20 48
61 63
59 39
101 100
21 45
62 80
60 78
102 15
22 23
63 94
61 46
103 10
23 86
64 27
62 60
104 96
24 63
65 54
63 18
105 68
25 60
66 10
64 46
106 33
26 13
67 54
65 92
107 78
27 20
68 15
66 24
108 75
28 81
69 34
67 94
109 81
29 78
70 31
68 71
110 10
30 42
71 100
69 96
111 22
31 47
72 98
70 48
112 71
32 81
73 15
71 13
113 55
33 74
74 79
72 10
114 20
34 22
75 19
73 25
115 85
35 72
76 80
74 55
116 44
36 50
77 60
75 71
117 94
37 56
78 44
76 20
118 50
38 82
79 46
77 94
119 83
39 52
80 50
78 12
120 61
40 75
79 15
121 91
41 28
82 86
122 72
42 30
83 45
81 22
123 91
43 24
84 62
82 62
124 65
44 59
85 96
83 15
125 54
45 84
86 15
84 62
126 27
46 67
87 49
85 55
127 20
47 69
88 62
86 30
128 84
48 54
89 11
87 42
129 28
49 13
90 96
88 76
130 35
50 56
91 59
89 45
131 58
51 45
92 78
90 100
132 60
52 44
93 45
91 22
133 30
53 55
94 93
92 33
134 69
54 43
95 56
93 88
135 48
55 97
96 78
94 61
136 40
56 26
97 28
95 41
137 50
57 68
98 46
96 73
138 58
58 40
99 21
97 78
139 49
59 34
100 51
98 29
140 80
60 51
101 25
99 78
141 14
61 11
102 65
100 14
142 22
62 17
103 82
101 98
143 26
63 52
104 40
102 92
144 59
64 34
105 14
103 39
145 15
65 72
106 25
104 19
146 54
66 11
107 13
105 29
147 92
67 53
108 78
106 75
148 72
68 61
109 61
107 93
149 58
69 27
110 97
108 90
150 27
70 89
111 31
109 83
151 64
71 45
112 91
110 10
152 53
72 25
113 79
111 55
153 90
73 61
114 18
112 82
154 96
74 85
115 29
113 42
155 92
75 37
116 93
114 70
156 42
76 37
117 77
115 74
157 66
77 18
118 59
116 74
158 80
78 95
119 74
117 50
159 18
79 18
120 63
118 12
160 18
80 99
119 76
161 46
81 49
122 10
162 54
82 69
123 11
121 15
163 84
83 19
124 32
122 97
164 83
84 55
125 60
123 83
165 34
85 46
126 23
124 54
166 95
86 16
127 18
125 46
167 88
87 48
128 18
126 45
168 83
88 49
129 15
127 79
169 40
89 60
130 19
128 43
170 87
90 45
131 18
129 82
171 51
91 78
132 55
130 55
172 89
92 89
133 78
131 96
173 28
93 83
134 12
132 51
174 68
94 11
135 15
133 29
175 91
95 61
136 32
134 52
176 10
96 57
137 17
135 53
177 54
97 46
138 60
136 32
178 72
98 21
139 23
137 35
179 14
99 86
140 15
138 70
180 74
100 50
141 60
139 23
181 86
101 12
142 67
140 19
182 100
102 62
143 28
141 33
183 61
103 17
144 22
142 70
184 16
104 86
145 38
143 45
185 94
105 45
146 36
144 37
186 73
106 11
147 15
145 30
187 96
107 74
148 61
146 41
188 60
108 34
149 22
147 96
189 82
109 34
150 92
148 82
190 58
110 74
151 53
149 52
191 60
111 19
152 15
150 13
192 29
112 17
153 10
151 20
193 82
113 23
154 57
152 58
194 22
114 79
155 91
153 85
195 59
115 94
156 63
154 63
196 38
116 25
157 76
155 71
197 12
117 92
158 68
156 58
198 26
118 31
159 20
157 71
199 26
119 76
160 34
158 81
200 30
120 72
159 19
201 43
121 52
162 34
202 61
122 43
163 47
161 72
203 88
123 52
164 96
162 57
204 68
124 100
165 81
163 61
205 80
125 39
166 53
164 63
206 34
126 40
167 24
165 49
207 82
127 66
168 25
166 72
208 87
128 73
169 17
167 77
209 40
129 22
170 54
168 28
210 44
130 91
171 42
169 27
211 18
131 21
172 28
170 35
212 71
132 18
173 60
171 79
213 78
133 53
174 92
172 84
214 53
134 75
175 26
173 48
215 71
135 21
176 87
174 25
216 26
136 23
177 30
175 44
217 66
137 87
178 77
176 98
218 68
138 12
179 24
177 61
219 88
139 79
180 99
178 40
220 12
140 82
181 18
179 12
221 89
141 95
182 83
180 61
222 61
142 26
183 69
181 51
223 96
143 95
184 30
182 88
224 47
144 80
185 10
183 51
225 19
145 92
186 85
184 42
226 27
146 46
187 38
185 72
227 28
147 21
188 85
186 23
228 85
148 45
189 72
187 37
229 82
149 19
190 62
188 37
230 25
150 54
191 85
189 76
231 47
151 43
192 37
190 35
232 57
152 70
193 23
191 79
233 58
153 48
194 50
192 75
234 50
154 71
195 98
193 94
235 87
155 87
196 84
194 36
236 73
156 51
197 84
195 68
237 36
157 22
198 52
196 60
238 94
158 15
199 43
197 23
239 46
159 22
200 35
198 27
240 44
160 85
199 60
241 35
161 44
202 12
242 19
162 20
203 25
201 20
243 88
163 55
204 11
202 69
244 53
164 95
205 54
203 25
245 17
165 66
206 32
204 65
246 47
166 44
207 10
205 98
247 41
167 13
208 33
206 90
248 61
168 62
209 54
207 89
249 43
169 89
210 69
208 88
250 23
170 87
211 46
209 87
251 93
171 98
212 11
210 69
252 10
172 34
213 41
211 63
253 95
173 85
214 56
212 58
254 21
174 45
215 95
213 36
255 90
175 21
216 86
214 36
256 80
176 32
217 74
215 82
257 70
177 80
218 51
216 28
258 26
178 63
219 62
217 14
259 73
179 12
220 90
218 67
260 18
180 17
221 56
219 19
261 74
181 54
222 79
220 31
262 64
182 24
223 77
221 32
263 59
183 46
224 55
222 96
264 100
184 20
225 48
223 88
265 22
185 94
226 58
224 64
266 58
186 48
227 87
225 91
267 33
187 34
228 24
226 22
268 13
188 95
229 36
227 70
269 87
189 62
230 81
228 11
270 31
190 96
231 55
229 32
271 51
191 86
232 85
230 23
272 85
192 21
233 89
231 78
273 48
193 77
234 32
232 68
274 49
194 99
235 15
233 76
275 20
195 73
236 41
234 100
276 65
196 36
237 63
235 94
277 73
197 16
238 51
236 77
278 34
198 26
239 43
237 45
279 40
199 82
240 71
238 74
280 88
200 51
239 87
281 64
201 99
242 41
282 31
202 47
243 98
241 49
283 98
203 28
244 60
242 56
284 35
204 89
245 51
243 34
285 90
205 28
246 36
244 91
286 77
206 14
247 91
245 95
287 92
207 53
248 66
246 49
288 93
208 95
249 25
247 58
289 24
209 46
250 29
248 100
290 45
210 26
251 40
249 21
291 52
211 50
252 29
250 28
292 86
212 69
253 81
251 44
293 47
213 99
254 17
252 77
294 42
214 35
255 33
253 39
295 42
215 53
256 20
254 46
296 86
216 82
257 56
255 18
297 45
217 89
258 47
256 25
298 23
218 81
259 93
257 85
299 29
219 15
260 75
258 61
300 77
220 29
261 47
259 39
301 37
221 16
262 53
260 39
302 99
222 49
263 10
261 86
303 40
223 63
264 82
262 81
304 82
224 45
265 85
263 52
305 32
225 31
266 18
264 75
306 100
226 17
267 53
265 66
307 17
227 61
268 20
266 46
308 96
228 41
269 99
267 12
309 71
229 80
270 50
268 15
310 84
230 42
271 84
269 38
311 100
231 89
272 49
270 91
312 79
232 87
273 26
271 95
313 50
233 72
274 43
272 91
314 75
234 19
275 64
273 54
315 60
235 53
276 85
274 27
316 88
236 70
277 93
275 40
317 64
237 14
278 37
276 21
318 66
238 23
279 81
277 23
319 69
239 14
280 88
278 31
320 73
240 83
279 45
321 16
241 97
282 35
322 57
242 27
283 24
281 25
323 77
243 54
284 12
282 27
324 36
244 35
285 17
283 96
325 82
245 47
286 50
284 20
326 54
246 35
287 38
285 90
327 23
247 43
288 10
286 91
328 14
248 24
289 97
287 32
329 52
249 54
290 44
288 36
330 74
250 41
291 37
289 46
331 15
251 11
292 13
290 22
332 79
252 61
293 67
291 75
333 38
253 23
294 85
292 17
334 13
254 73
295 85
293 67
335 82
255 12
296 69
294 29
336 82
256 44
297 32
295 88
337 66
257 51
298 71
296 65
338 36
258 28
299 38
297 46
339 58
259 16
300 16
298 82
340 89
260 54
301 42
299 98
341 24
261 49
302 30
300 25
342 71
262 97
303 85
301 58
343 62
263 51
304 13
302 32
344 21
264 47
305 57
303 92
345 91
265 34
306 77
304 49
346 99
266 48
307 42
305 89
347 79
267 93
308 84
306 21
348 51
268 59
309 35
307 61
349 26
269 25
310 94
308 25
350 61
270 43
311 95
309 93
351 79
271 49
312 30
310 55
352 79
272 90
313 19
311 93
353 15
273 51
314 31
312 87
354 69
274 19
315 70
313 54
355 86
275 82
316 83
314 84
356 49
276 82
317 14
315 66
357 89
277 37
318 33
316 30
358 99
278 76
319 66
317 45
359 93
279 59
320 32
318 90
360 93
280 65
319 91
361 33
281 59
322 51
362 90
282 100
323 92
321 46
363 16
283 39
324 11
322 19
364 94
284 78
325 90
323 13
365 16
285 65
326 99
324 77
366 10
286 61
327 92
325 22
367 98
287 35
328 24
326 38
368 60
288 68
329 58
327 89
369 99
289 76
330 100
328 67
370 95
290 32
331 87
329 66
371 48
291 32
332 85
330 16
372 78
292 92
333 33
331 49
373 28
293 28
334 70
332 76
374 88
294 92
335 88
333 13
375 91
295 45
336 83
334 77
376 22
296 65
337 10
335 94
377 36
297 15
338 24
336 18
378 72
298 34
339 31
337 51
379 43
299 15
340 70
338 93
380 47
300 46
341 87
339 13
381 12
301 82
342 22
340 94
382 91
302 26
343 44
341 66
383 79
303 56
344 41
342 15
384 39
304 40
345 83
343 78
385 27
305 56
346 95
344 82
386 77
306 45
347 84
345 35
387 55
307 27
348 47
346 97
388 74
308 32
349 37
347 21
389 28
309 53
350 97
348 11
390 88
310 28
351 15
349 56
391 12
311 28
352 63
350 38
392 37
312 49
353 90
351 49
393 74
313 60
354 83
352 21
394 43
314 58
355 49
353 46
395 75
315 94
356 55
354 37
396 21
316 73
357 42
355 81
397 21
317 39
358 62
356 71
398 76
318 54
359 37
357 72
399 26
319 90
360 50
358 27
400 17
320 42
359 54
321 29
362 14
322 85
363 11
361 64
323 28
364 22
362 52
324 89
365 60
363 62
325 78
366 24
364 90
326 58
367 23
365 29
327 63
368 56
366 100
328 51
369 27
367 24
329 57
370 24
368 93
330 19
371 45
369 59
331 70
372 92
370 38
332 78
373 69
371 54
333 13
374 31
372 35
334 21
375 79
373 13
335 79
376 72
374 52
336 15
377 74
375 35
337 47
378 83
376 87
338 21
379 70
377 36
339 82
380 52
378 90
340 39
381 37
379 54
341 20
382 64
380 45
342 44
383 11
381 67
343 80
384 32
382 95
344 11
385 54
383 31
345 81
386 41
384 27
346 67
387 33
385 93
347 20
388 13
386 16
348 19
389 64
387 46
349 91
390 24
388 10
350 67
391 95
389 55
351 74
392 84
390 34
352 21
393 25
391 24
353 43
394 94
392 100
354 30
395 80
393 36
355 79
396 23
394 98
356 40
397 75
395 93
357 64
398 64
396 81
358 43
399 32
397 68
359 17
400 68
398 23
360 69
399 43
28
88
2 102 28 
2 121 39 
4 231 364 333 198 
1 15 
2 271 188 
1 99 
1 263 
2 19 1 
2 78 174 
2 209 362 
1 95 
2 261 127 
3 126 329 361 
3 118 307 169 
2 177 194 
1 258 
2 219 97 
1 381 
1 29 
1 267 
2 273 75 
1 46 
2 360 395 
3 340 57 314 
2 345 313 
3 229 101 61 
3 259 237 108 
1 339 
3 274 372 5 
1 193 
2 90 265 
3 224 342 203 
2 184 186 
1 77 
3 92 173 305 
1 200 
2 201 341 
3 33 387 227 
1 309 
1 243 
1 389 
1 304 
1 284 
1 207 
2 331 175 
1 116 
1 244 
2 288 163 
2 400 23 
2 264 83 
3 282 236 9 
1 172 
1 158 
2 41 165 
2 143 337 
1 156 
1 348 
3 141 17 225 
1 49 
1 146 
3 396 32 385 
4 301 148 398 289 
2 93 162 
2 262 354 
1 276 
3 176 239 182 
2 2 160 
2 269 125 
1 300 
1 128 
2 181 62 
1 266 
3 87 107 377 
3 303 357 272 
2 218 22 
2 104 88 
