600 2276 10 100 114
2
3
3
3
3
3
3
3
3
3
3
3
3
3
3
3
3
3
3
3
3
3
3
3
3
3
3
3
3
3
3
3
3
3
3
3
3
3
3
3
3
3
3
3
3
3
3
3
3
2
3
4
4
4
4
4
4
4
4
4
4
4
4
4
4
4
4
4
4
4
4
4
4
4
4
4
4
4
4
4
4
4
4
4
4
4
4
4
4
4
4
4
4
4
4
4
4
4
4
3
3
4
4
4
4
4
4
4
4
4
4
4
4
4
4
4
4
4
4
4
4
4
4
4
4
4
4
4
4
4
4
4
4
4
4
4
4
4
4
4
4
4
4
4
4
4
4
4
4
3
3
4
4
4
4
4
4
4
4
4
4
4
4
4
4
4
4
4
4
4
4
4
4
4
4
4
4
4
4
4
4
4
4
4
4
4
4
4
4
4
4
4
4
4
4
4
4
4
4
3
3
4
4
4
4
4
4
4
4
4
4
4
4
4
4
4
4
4
4
4
4
4
4
4
4
4
4
4
4
4
4
4
4
4
4
4
4
4
4
4
4
4
4
4
4
4
4
4
4
3
3
4
4
4
4
4
4
4
4
4
4
4
4
4
4
4
4
4
4
4
4
4
4
4
4
4
4
4
4
4
4
4
4
4
4
4
4
4
4
4
4
4
4
4
4
4
4
4
4
3
3
4
4
4
4
4
4
4
4
4
4
4
4
4
4
4
4
4
4
4
4
4
4
4
4
4
4
4
4
4
4
4
4
4
4
4
4
4
4
4
4
4
4
4
4
4
4
4
4
3
3
4
4
4
4
4
4
4
4
4
4
4
4
4
4
4
4
4
4
4
4
4
4
4
4
4
4
4
4
4
4
4
4
4
4
4
4
4
4
4
4
4
4
4
4
4
4
4
4
3
3
4
4
4
4
4
4
4
4
4
4
4
4
4
4
4
4
4
4
4
4
4
4
4
4
4
4
4
4
4
4
4
4
4
4
4
4
4
4
4
4
4
4
4
4
4
4
4
4
3
3
4
4
4
4
4
4
4
4
4
4
4
4
4
4
4
4
4
4
4
4
4
4
4
4
4
4
4
4
4
4
4
4
4
4
4
4
4
4
4
4
4
4
4
4
4
4
4
4
3
3
4
4
4
4
4
4
4
4
4
4
4
4
4
4
4
4
4
4
4
4
4
4
4
4
4
4
4
4
4
4
4
4
4
4
4
4
4
4
4
4
4
4
4
4
4
4
4
4
3
2
3
3
3
3
3
3
3
3
3
3
3
3
3
3
3
3
3
3
3
3
3
3
3
3
3
3
3
3
3
3
3
3
3
3
3
3
3
3
3
3
3
3
3
3
3
3
3
3
2
51 42
2 29
52 91
3 37
1 37
53 56
4 46
2 24
54 79
5 15
3 87
55 73
6 74
4 11
56 52
7 10
5 42
57 61
8 28
6 85
58 26
9 87
7 35
59 54
10 16
8 40
60 73
11 70
9 53
61 72
12 42
10 30
62 81
13 70
11 26
63 58
14 91
12 17
64 30
15 63
13 35
65 58
16 18
14 49
66 37
17 38
15 68
67 73
18 78
16 87
68 61
19 61
17 49
69 25
20 20
18 31
70 39
21 34
19 19
71 44
22 37
20 19
72 22
23 18
21 48
73 85
24 48
22 44
74 66
25 94
23 53
75 35
26 58
24 68
76 37
27 29
25 91
77 47
28 47
26 94
78 68
29 65
27 12
79 92
30 88
28 41
80 27
31 25
29 39
81 53
32 84
30 28
82 15
33 29
31 54
83 51
34 31
32 14
84 20
35 76
33 89
85 74
36 41
34 30
86 68
37 23
35 34
87 90
38 94
36 40
88 78
39 66
37 10
89 20
40 66
38 21
90 14
41 39
39 44
91 93
42 96
40 71
92 32
43 76
41 23
93 41
44 89
42 77
94 30
45 49
43 36
95 46
46 38
44 65
96 99
47 44
45 38
97 93
48 27
46 83
98 13
49 58
47 53
99 18
50 98
48 89
100 75
49 81
101 62
1 28
52 69
102 36
2 30
53 34
51 75
103 85
3 87
54 35
52 22
104 18
4 25
55 14
53 52
105 82
5 74
56 78
54 60
106 46
6 37
57 98
55 24
107 41
7 54
58 17
56 86
108 93
8 67
59 31
57 33
109 62
9 49
60 25
58 96
110 95
10 66
61 84
59 20
111 84
11 66
62 80
60 77
112 24
12 12
63 28
61 31
113 38
13 48
64 31
62 46
114 62
14 86
65 88
63 91
115 27
15 44
66 22
64 40
116 27
16 12
67 12
65 34
117 41
17 87
68 53
66 65
118 100
18 32
69 44
67 14
119 51
19 56
70 67
68 29
120 19
20 26
71 99
69 44
121 18
21 46
72 27
70 54
122 41
22 52
73 39
71 90
123 14
23 33
74 60
72 44
124 31
24 73
75 89
73 31
125 37
25 69
76 79
74 29
126 54
26 62
77 17
75 63
127 15
27 34
78 89
76 96
128 38
28 66
79 25
77 44
129 35
29 37
80 93
78 85
130 63
30 43
81 66
79 88
131 93
31 22
82 18
80 33
132 76
32 34
83 14
81 84
133 40
33 74
84 46
82 76
134 74
34 59
85 51
83 48
135 70
35 65
86 46
84 21
136 31
36 73
87 86
85 29
137 44
37 91
88 87
86 18
138 26
38 77
89 32
87 21
139 54
39 31
90 59
88 70
140 64
40 94
91 37
89 20
141 48
41 67
92 42
90 12
142 95
42 98
93 83
91 67
143 40
43 32
94 86
92 27
144 94
44 92
95 89
93 65
145 88
45 14
96 75
94 42
146 67
46 92
97 92
95 48
147 10
47 96
98 76
96 83
148 49
48 57
99 88
97 37
149 34
49 97
100 78
98 28
150 27
50 16
99 57
151 38
51 22
102 94
152 57
52 16
103 95
101 85
153 45
53 50
104 99
102 51
154 85
54 33
105 89
103 24
155 59
55 100
106 17
104 52
156 88
56 48
107 61
105 33
157 61
57 22
108 27
106 93
158 25
58 32
109 68
107 75
159 25
59 51
110 21
108 23
160 47
60 14
111 46
109 12
161 82
61 97
112 19
110 12
162 55
62 96
113 23
111 45
163 76
63 43
114 55
112 15
164 36
64 44
115 74
113 74
165 55
65 31
116 92
114 62
166 80
66 21
117 17
115 60
167 30
67 76
118 41
116 33
168 85
68 47
119 85
117 35
169 98
69 83
120 28
118 54
170 44
70 40
121 38
119 71
171 60
71 80
122 13
120 93
172 31
72 27
123 70
121 28
173 75
73 66
124 91
122 10
174 69
74 45
125 73
123 68
175 56
75 67
126 29
124 73
176 51
76 24
127 17
125 42
177 61
77 22
128 90
126 93
178 27
78 82
129 20
127 10
179 13
79 83
130 93
128 83
180 77
80 60
131 98
129 72
181 31
81 27
132 38
130 82
182 39
82 12
133 92
131 99
183 76
83 27
134 99
132 94
184 84
84 80
135 61
133 16
185 73
85 94
136 80
134 66
186 28
86 41
137 59
135 15
187 37
87 24
138 36
136 34
188 93
88 44
139 45
137 20
189 74
89 71
140 11
138 47
190 18
90 62
141 39
139 89
191 57
91 96
142 17
140 31
192 11
92 43
143 15
141 68
193 71
93 51
144 12
142 41
194 17
94 79
145 98
143 52
195 42
95 78
146 53
144 100
196 45
96 83
147 53
145 84
197 60
97 86
148 60
146 57
198 59
98 51
149 55
147 34
199 80
99 64
150 38
148 71
200 67
100 97
149 68
201 90
101 86
152 40
202 30
102 31
153 17
151 59
203 71
103 69
154 34
152 48
204 11
104 28
155 68
153 97
205 37
105 28
156 97
154 22
206 15
106 26
157 57
155 59
207 37
107 83
158 84
156 92
208 73
108 11
159 93
157 22
209 63
109 48
160 95
158 48
210 72
110 29
161 12
159 52
211 66
111 87
162 12
160 93
212 100
112 17
163 96
161 42
213 55
113 54
164 62
162 85
214 59
114 45
165 88
163 67
215 81
115 63
166 56
164 30
216 87
116 38
167 16
165 20
217 81
117 60
168 49
166 23
218 33
118 20
169 77
167 50
219 45
119 90
170 99
168 30
220 21
120 87
171 73
169 52
221 71
121 80
172 30
170 12
222 39
122 47
173 84
171 32
223 60
123 74
174 42
172 57
224 35
124 26
175 33
173 75
225 92
125 51
176 48
174 87
226 11
126 47
177 85
175 25
227 39
127 15
178 65
176 82
228 99
128 79
179 54
177 55
229 79
129 75
180 39
178 53
230 70
130 83
181 49
179 85
231 27
131 44
182 52
180 95
232 56
132 40
183 65
181 98
233 66
133 27
184 64
182 34
234 68
134 65
185 50
183 71
235 31
135 53
186 23
184 91
236 85
136 60
187 52
185 24
237 14
137 26
188 48
186 23
238 22
138 75
189 12
187 90
239 89
139 31
190 59
188 59
240 65
140 31
191 77
189 70
241 69
141 54
192 46
190 16
242 72
142 89
193 42
191 66
243 94
143 57
194 21
192 13
244 65
144 74
195 73
193 83
245 46
145 38
196 77
194 44
246 94
146 31
197 88
195 20
247 42
147 32
198 37
196 28
248 92
148 22
199 61
197 38
249 12
149 88
200 100
198 28
250 38
150 12
199 61
251 57
151 33
202 35
252 25
152 92
203 28
201 77
253 22
153 69
204 48
202 49
254 84
154 49
205 74
203 30
255 69
155 97
206 47
204 100
256 57
156 33
207 53
205 70
257 15
157 93
208 12
206 82
258 91
158 74
209 16
207 81
259 95
159 89
210 10
208 15
260 95
160 18
211 23
209 100
261 68
161 48
212 68
210 13
262 84
162 50
213 64
211 45
263 28
163 77
214 94
212 15
264 65
164 88
215 98
213 58
265 62
165 53
216 48
214 96
266 97
166 77
217 88
215 91
267 59
167 57
218 85
216 39
268 18
168 27
219 91
217 77
269 69
169 61
220 32
218 80
270 41
170 21
221 36
219 39
271 33
171 63
222 59
220 90
272 52
172 16
223 18
221 79
273 51
173 78
224 47
222 90
274 47
174 34
225 84
223 10
275 80
175 58
226 93
224 78
276 39
176 54
227 71
225 53
277 21
177 65
228 81
226 26
278 69
178 65
229 47
227 76
279 74
179 16
230 47
228 90
280 24
180 29
231 40
229 78
281 34
181 28
232 65
230 56
282 75
182 43
233 32
231 100
283 54
183 28
234 73
232 52
284 74
184 88
235 89
233 66
285 35
185 21
236 97
234 88
286 62
186 72
237 90
235 38
287 27
187 86
238 19
236 13
288 19
188 31
239 43
237 13
289 64
189 37
240 98
238 24
290 17
190 62
241 61
239 43
291 70
191 13
242 68
240 25
292 35
192 58
243 87
241 76
293 57
193 70
244 50
242 95
294 80
194 42
245 23
243 60
295 64
195 80
246 41
244 23
296 82
196 26
247 63
245 24
297 11
197 40
248 22
246 21
298 36
198 45
249 47
247 92
299 65
199 82
250 33
248 74
300 20
200 63
249 23
301 44
201 84
252 81
302 16
202 58
253 54
251 31
303 32
203 98
254 87
252 89
304 90
204 35
255 41
253 92
305 81
205 86
256 45
254 27
306 32
206 73
257 13
255 37
307 16
207 47
258 16
256 13
308 75
208 87
259 88
257 85
309 64
209 20
260 85
258 69
310 22
210 69
261 23
259 60
311 32
211 25
262 78
260 19
312 23
212 58
263 62
261 16
313 54
213 75
264 66
262 24
314 55
214 15
265 46
263 98
315 55
215 40
266 49
264 76
316 84
216 85
267 36
265 23
317 20
217 73
268 82
266 36
318 43
218 87
269 68
267 99
319 53
219 89
270 43
268 100
320 27
220 99
271 71
269 55
321 99
221 57
272 14
270 41
322 33
222 74
273 62
271 36
323 60
223 94
274 19
272 68
324 63
224 88
275 84
273 79
325 67
225 17
276 35
274 16
326 11
226 64
277 59
275 43
327 60
227 22
278 61
276 66
328 53
228 10
279 82
277 46
329 10
229 35
280 34
278 98
330 94
230 30
281 43
279 32
331 56
231 21
282 77
280 83
332 61
232 27
283 58
281 77
333 80
233 43
284 94
282 29
334 92
234 53
285 88
283 96
335 32
235 37
286 67
284 34
336 28
236 58
287 21
285 65
337 47
237 14
288 100
286 27
338 37
238 12
289 80
287 51
339 36
239 75
290 34
288 25
340 56
240 32
291 100
289 19
341 21
241 81
292 32
290 25
342 39
242 20
293 57
291 63
343 38
243 80
294 82
292 62
344 59
244 19
295 55
293 36
345 12
245 11
296 60
294 77
346 68
246 85
297 13
295 50
347 83
247 10
298 12
296 19
348 78
248 69
299 86
297 63
349 69
249 85
300 43
298 14
350 68
250 38
299 80
351 95
251 14
302 30
352 92
252 88
303 94
301 76
353 55
253 39
304 66
302 80
354 99
254 42
305 37
303 61
355 78
255 43
306 58
304 60
356 96
256 26
307 14
305 77
357 22
257 16
308 93
306 47
358 15
258 17
309 17
307 78
359 30
259 56
310 83
308 69
360 85
260 41
311 31
309 80
361 31
261 58
312 98
310 10
362 29
262 92
313 12
311 19
363 97
263 29
314 64
312 44
364 15
264 55
315 80
313 54
365 80
265 100
316 87
314 93
366 72
266 69
317 42
315 53
367 52
267 18
318 71
316 97
368 47
268 73
319 52
317 61
369 91
269 14
320 81
318 43
370 42
270 18
321 51
319 86
371 69
271 38
322 58
320 45
372 34
272 53
323 22
321 69
373 50
273 69
324 10
322 33
374 49
274 72
325 76
323 81
375 71
275 97
326 16
324 87
376 16
276 74
327 91
325 11
377 64
277 60
328 97
326 74
378 48
278 41
329 46
327 61
379 94
279 47
330 55
328 20
380 55
280 68
331 86
329 86
381 69
281 61
332 91
330 77
382 37
282 79
333 42
331 34
383 96
283 69
334 45
332 93
384 78
284 77
335 59
333 77
385 43
285 47
336 48
334 50
386 12
286 65
337 19
335 80
387 63
287 89
338 92
336 93
388 85
288 76
339 25
337 53
389 61
289 77
340 51
338 73
390 65
290 83
341 80
339 37
391 74
291 61
342 34
340 91
392 74
292 96
343 74
341 75
393 85
293 35
344 33
342 91
394 87
294 96
345 25
343 53
395 35
295 91
346 17
344 40
396 95
296 64
347 37
345 82
397 66
297 13
348 29
346 18
398 42
298 93
349 16
347 53
399 65
299 51
350 70
348 40
400 25
300 29
349 16
401 38
301 85
352 78
402 79
302 70
353 95
351 60
403 94
303 57
354 37
352 71
404 78
304 63
355 24
353 61
405 69
305 58
356 26
354 85
406 77
306 75
357 42
355 20
407 30
307 95
358 70
356 12
408 77
308 74
359 100
357 89
409 15
309 44
360 99
358 86
410 85
310 62
361 34
359 64
411 48
311 15
362 33
360 68
412 66
312 66
363 82
361 64
413 69
313 39
364 90
362 39
414 78
314 26
365 67
363 57
415 61
315 47
366 95
364 53
416 76
316 69
367 60
365 70
417 30
317 93
368 57
366 68
418 18
318 95
369 53
367 18
419 27
319 41
370 17
368 21
420 14
320 30
371 79
369 37
421 75
321 68
372 95
370 13
422 83
322 79
373 53
371 88
423 53
323 15
374 25
372 47
424 49
324 34
375 26
373 23
425 68
325 58
376 69
374 79
426 15
326 27
377 82
375 75
427 46
327 72
378 32
376 26
428 87
328 89
379 34
377 87
429 16
329 26
380 22
378 34
430 91
330 86
381 46
379 21
431 42
331 92
382 33
380 25
432 61
332 98
383 11
381 85
433 12
333 84
384 47
382 38
434 10
334 72
385 20
383 11
435 25
335 30
386 95
384 18
436 75
336 18
387 73
385 76
437 68
337 42
388 99
386 75
438 78
338 61
389 14
387 40
439 90
339 79
390 59
388 81
440 74
340 99
391 41
389 60
441 87
341 98
392 18
390 84
442 49
342 30
393 57
391 91
443 94
343 88
394 94
392 64
444 49
344 67
395 57
393 95
445 51
345 38
396 28
394 66
446 87
346 63
397 42
395 36
447 37
347 28
398 81
396 12
448 45
348 31
399 83
397 67
449 51
349 76
400 32
398 77
450 54
350 26
399 12
451 76
351 81
402 21
452 81
352 86
403 54
401 67
453 39
353 51
404 55
402 44
454 62
354 78
405 21
403 42
455 44
355 27
406 12
404 80
456 60
356 63
407 71
405 41
457 58
357 83
408 46
406 81
458 76
358 52
409 89
407 55
459 16
359 15
410 19
408 53
460 75
360 92
411 50
409 66
461 43
361 91
412 68
410 17
462 21
362 81
413 60
411 46
463 76
363 23
414 28
412 78
464 98
364 34
415 52
413 64
465 35
365 71
416 41
414 86
466 80
366 31
417 10
415 45
467 68
367 43
418 40
416 42
468 44
368 64
419 51
417 80
469 60
369 77
420 36
418 50
470 44
370 21
421 74
419 73
471 31
371 81
422 100
420 46
472 93
372 22
423 53
421 71
473 62
373 42
424 68
422 12
474 42
374 14
425 27
423 95
475 22
375 38
426 67
424 83
476 20
376 83
427 26
425 70
477 31
377 49
428 26
426 64
478 85
378 40
429 19
427 13
479 61
379 63
430 96
428 99
480 39
380 82
431 92
429 54
481 54
381 60
432 99
430 52
482 47
382 96
433 24
431 13
483 64
383 90
434 33
432 83
484 31
384 19
435 24
433 30
485 80
385 53
436 28
434 57
486 68
386 97
437 77
435 67
487 58
387 61
438 93
436 84
488 33
388 14
439 82
437 32
489 23
389 67
440 30
438 75
490 60
390 58
441 91
439 34
491 84
391 47
442 57
440 34
492 65
392 70
443 64
441 35
493 34
393 41
444 67
442 33
494 11
394 21
445 23
443 37
495 58
395 68
446 66
444 46
496 80
396 58
447 12
445 46
497 90
397 24
448 40
446 59
498 76
398 99
449 26
447 31
499 31
399 30
450 92
448 70
500 100
400 96
449 82
501 84
401 73
452 99
502 18
402 36
453 34
451 51
503 71
403 41
454 13
452 49
504 99
404 49
455 23
453 10
505 51
405 83
456 44
454 49
506 53
406 96
457 28
455 48
507 46
407 62
458 97
456 43
508 21
408 91
459 21
457 44
509 22
409 36
460 80
458 51
510 98
410 45
461 51
459 52
511 51
411 70
462 79
460 73
512 48
412 17
463 18
461 20
513 28
413 54
464 93
462 83
514 75
414 30
465 70
463 71
515 17
415 42
466 40
464 20
516 10
416 23
467 19
465 92
517 60
417 55
468 59
466 74
518 70
418 36
469 87
467 33
519 47
419 83
470 78
468 88
520 69
420 23
471 85
469 79
521 16
421 39
472 96
470 82
522 93
422 82
473 17
471 41
523 51
423 53
474 34
472 90
524 98
424 44
475 72
473 97
525 31
425 48
476 28
474 40
526 85
426 84
477 22
475 82
527 94
427 97
478 31
476 24
528 10
428 26
479 39
477 27
529 86
429 88
480 34
478 38
530 47
430 91
481 76
479 11
531 31
431 36
482 40
480 42
532 40
432 46
483 69
481 61
533 65
433 59
484 23
482 28
534 11
434 60
485 61
483 56
535 26
435 46
486 42
484 69
536 51
436 75
487 92
485 60
537 82
437 94
488 55
486 69
538 81
438 79
489 49
487 23
539 57
439 53
490 79
488 91
540 78
440 76
491 43
489 54
541 46
441 56
492 89
490 29
542 76
442 46
493 43
491 59
543 74
443 74
494 46
492 12
544 64
444 17
495 39
493 35
545 47
445 60
496 89
494 36
546 51
446 13
497 41
495 87
547 72
447 51
498 82
496 53
548 55
448 67
499 20
497 87
549 15
449 71
500 100
498 16
550 70
450 11
499 50
551 42
451 39
502 96
552 68
452 14
503 49
501 57
553 71
453 55
504 41
502 19
554 55
454 17
505 45
503 34
555 85
455 75
506 44
504 74
556 91
456 90
507 38
505 13
557 31
457 76
508 44
506 75
558 90
458 78
509 14
507 43
559 16
459 76
510 99
508 80
560 58
460 79
511 52
509 35
561 13
461 30
512 80
510 20
562 83
462 20
513 32
511 51
563 57
463 54
514 37
512 59
564 12
464 89
515 30
513 91
565 77
465 10
516 40
514 52
566 60
466 84
517 18
515 69
567 72
467 85
518 19
516 62
568 85
468 56
519 20
517 19
569 39
469 87
520 18
518 88
570 92
470 95
521 91
519 28
571 85
471 87
522 49
520 14
572 71
472 65
523 47
521 93
573 37
473 42
524 11
522 41
574 98
474 87
525 89
523 75
575 26
475 88
526 72
524 85
576 62
476 74
527 22
525 31
577 41
477 61
528 23
526 83
578 51
478 68
529 74
527 26
579 48
479 32
530 83
528 11
580 47
480 11
531 71
529 83
581 28
481 59
532 100
530 88
582 60
482 94
533 56
531 28
583 59
483 97
534 96
532 94
584 70
484 76
535 92
533 37
585 27
485 25
536 32
534 22
586 10
486 43
537 81
535 83
587 30
487 95
538 54
536 65
588 38
488 74
539 81
537 91
589 52
489 89
540 78
538 98
590 38
490 45
541 72
539 28
591 55
491 72
542 79
540 84
592 81
492 10
543 59
541 77
593 47
493 71
544 78
542 28
594 54
494 81
545 49
543 10
595 57
495 45
546 62
544 49
596 40
496 19
547 62
545 34
597 62
497 31
548 48
546 83
598 77
498 46
549 97
547 79
599 72
499 94
550 100
548 20
600 58
500 71
549 25
501 30
552 41
502 96
553 89
551 43
503 39
554 86
552 86
504 26
555 74
553 75
505 18
556 52
554 54
506 58
557 51
555 83
507 89
558 46
556 14
508 89
559 24
557 84
509 23
560 87
558 59
510 21
561 36
559 53
511 90
562 41
560 94
512 27
563 14
561 66
513 43
564 51
562 52
514 74
565 61
563 16
515 89
566 20
564 90
516 55
567 79
565 97
517 36
568 99
566 21
518 66
569 78
567 72
519 87
570 86
568 89
520 60
571 82
569 68
521 73
572 88
570 90
522 77
573 86
571 62
523 65
574 35
572 16
524 100
575 73
573 34
525 83
576 45
574 24
526 67
577 43
575 45
527 19
578 32
576 79
528 44
579 40
577 31
529 34
580 31
578 59
530 45
581 68
579 70
531 52
582 55
580 35
532 66
583 46
581 72
533 63
584 47
582 69
534 46
585 97
583 56
535 98
586 69
584 13
536 82
587 18
585 93
537 19
588 47
586 49
538 96
589 54
587 15
539 66
590 67
588 17
540 14
591 89
589 21
541 34
592 37
590 55
542 76
593 36
591 97
543 97
594 48
592 70
544 52
595 58
593 62
545 50
596 44
594 85
546 11
597 81
595 89
547 81
598 51
596 61
548 53
599 55
597 75
549 64
600 51
598 95
550 91
599 78
218
67
1 218 
3 175 475 65 
2 138 599 
3 406 100 543 
2 324 243 
1 76 
1 517 
1 398 
1 411 
1 201 
1 439 
2 140 486 
2 571 32 
3 186 179 437 
3 60 449 584 
3 452 28 397 
3 184 162 423 
1 280 
1 399 
1 200 
2 168 284 
2 22 192 
1 8 
3 18 428 144 
2 9 346 
2 430 356 
2 273 176 
2 549 90 
1 153 
1 596 
2 579 542 
3 109 530 254 
3 261 461 154 
1 248 
1 567 
1 69 
3 119 131 477 
1 557 
3 299 234 249 
1 407 
2 497 457 
1 591 
1 98 
3 555 5 577 
1 554 
1 552 
2 166 362 
2 336 198 
2 496 302 
2 338 220 
1 66 
3 569 23 376 
2 95 238 
2 71 402 
3 202 532 374 
4 57 84 308 3 
1 476 
1 371 
1 467 
2 126 562 
2 429 269 
2 58 141 
2 208 187 
1 383 
1 424 
1 319 
4 31 55 205 79 
1 418 
2 422 78 
3 70 440 56 
2 597 524 
3 46 361 498 
2 292 81 
2 545 551 
2 538 458 
2 29 15 
2 311 160 
1 589 
2 490 303 
1 329 
1 581 
2 291 287 
3 559 570 274 
1 145 
1 99 
4 519 157 511 124 
2 25 349 
2 377 316 
1 181 
1 77 
3 427 326 444 
1 133 
1 354 
2 337 364 
1 556 
3 74 91 503 
3 210 572 332 
2 391 103 
2 456 523 
1 408 
2 561 277 
2 421 305 
1 264 
2 134 312 
2 328 586 
3 147 480 294 
1 232 
3 342 436 363 
2 386 446 
1 448 
2 320 156 
2 419 358 
1 347 
1 67 
