400 1500 10 100 76
2
3
3
3
3
3
3
3
3
3
3
3
3
3
3
3
3
3
3
3
3
3
3
3
3
3
3
3
3
3
3
3
3
3
3
3
3
3
3
2
3
4
4
4
4
4
4
4
4
4
4
4
4
4
4
4
4
4
4
4
4
4
4
4
4
4
4
4
4
4
4
4
4
4
4
4
4
4
4
3
3
4
4
4
4
4
4
4
4
4
4
4
4
4
4
4
4
4
4
4
4
4
4
4
4
4
4
4
4
4
4
4
4
4
4
4
4
4
4
3
3
4
4
4
4
4
4
4
4
4
4
4
4
4
4
4
4
4
4
4
4
4
4
4
4
4
4
4
4
4
4
4
4
4
4
4
4
4
4
3
3
4
4
4
4
4
4
4
4
4
4
4
4
4
4
4
4
4
4
4
4
4
4
4
4
4
4
4
4
4
4
4
4
4
4
4
4
4
4
3
3
4
4
4
4
4
4
4
4
4
4
4
4
4
4
4
4
4
4
4
4
4
4
4
4
4
4
4
4
4
4
4
4
4
4
4
4
4
4
3
3
4
4
4
4
4
4
4
4
4
4
4
4
4
4
4
4
4
4
4
4
4
4
4
4
4
4
4
4
4
4
4
4
4
4
4
4
4
4
3
3
4
4
4
4
4
4
4
4
4
4
4
4
4
4
4
4
4
4
4
4
4
4
4
4
4
4
4
4
4
4
4
4
4
4
4
4
4
4
3
3
4
4
4
4
4
4
4
4
4
4
4
4
4
4
4
4
4
4
4
4
4
4
4
4
4
4
4
4
4
4
4
4
4
4
4
4
4
4
3
2
3
3
3
3
3
3
3
3
3
3
3
3
3
3
3
3
3
3
3
3
3
3
3
3
3
3
3
3
3
3
3
3
3
3
3
3
3
3
2
41 36
2 29
42 36
3 65
1 85
43 28
4 36
2 61
44 50
5 52
3 47
45 53
6 65
4 94
46 68
7 97
5 62
47 40
8 96
6 25
48 48
9 12
7 19
49 29
10 32
8 40
50 47
11 67
9 30
51 81
12 24
10 96
52 23
13 68
11 85
53 16
14 21
12 50
54 39
15 52
13 43
55 39
16 96
14 28
56 27
17 42
15 83
57 89
18 85
16 94
58 56
19 59
17 84
59 16
20 65
18 17
60 61
21 62
19 45
61 23
22 92
20 71
62 54
23 57
21 11
63 56
24 34
22 79
64 28
25 51
23 10
65 57
26 33
24 60
66 40
27 23
25 15
67 13
28 39
26 72
68 38
29 46
27 71
69 40
30 39
28 72
70 18
31 33
29 83
71 83
32 15
30 23
72 13
33 70
31 40
73 90
34 73
32 28
74 88
35 71
33 17
75 90
36 21
34 23
76 33
37 21
35 79
77 100
38 56
36 35
78 25
39 65
37 95
79 97
40 66
38 40
80 53
39 71
81 13
1 38
42 49
82 73
2 96
43 83
41 54
83 80
3 73
44 27
42 90
84 58
4 97
45 41
43 40
85 57
5 29
46 46
44 91
86 83
6 76
47 40
45 95
87 29
7 84
48 51
46 19
88 55
8 23
49 33
47 45
89 43
9 73
50 50
48 12
90 52
10 47
51 97
49 19
91 92
11 88
52 54
50 26
92 44
12 69
53 100
51 64
93 53
13 50
54 57
52 30
94 37
14 23
55 84
53 47
95 35
15 68
56 52
54 20
96 46
16 21
57 82
55 13
97 89
17 50
58 64
56 91
98 31
18 92
59 44
57 84
99 28
19 40
60 94
58 70
100 95
20 97
61 45
59 54
101 28
21 83
62 53
60 55
102 26
22 41
63 19
61 82
103 26
23 56
64 22
62 15
104 88
24 18
65 96
63 83
105 79
25 36
66 32
64 28
106 23
26 69
67 89
65 19
107 20
27 26
68 39
66 83
108 85
28 15
69 33
67 90
109 97
29 28
70 56
68 14
110 57
30 65
71 100
69 27
111 25
31 89
72 30
70 53
112 22
32 30
73 33
71 21
113 44
33 96
74 68
72 91
114 90
34 66
75 49
73 28
115 65
35 15
76 95
74 39
116 16
36 28
77 56
75 44
117 68
37 67
78 18
76 41
118 64
38 39
79 90
77 73
119 56
39 82
80 15
78 12
120 61
40 76
79 52
121 87
41 60
82 38
122 15
42 37
83 97
81 20
123 20
43 60
84 66
82 57
124 99
44 44
85 25
83 57
125 83
45 60
86 54
84 56
126 83
46 70
87 92
85 52
127 60
47 75
88 66
86 45
128 74
48 98
89 45
87 23
129 37
49 39
90 20
88 11
130 38
50 23
91 21
89 23
131 92
51 45
92 73
90 72
132 33
52 46
93 76
91 49
133 64
53 64
94 94
92 23
134 11
54 38
95 40
93 84
135 100
55 61
96 75
94 94
136 98
56 73
97 65
95 13
137 88
57 14
98 46
96 57
138 75
58 46
99 74
97 58
139 76
59 36
100 50
98 18
140 24
60 37
101 15
99 46
141 15
61 39
102 63
100 83
142 87
62 26
103 10
101 38
143 82
63 21
104 60
102 47
144 26
64 98
105 38
103 35
145 12
65 68
106 22
104 11
146 25
66 64
107 36
105 48
147 69
67 23
108 71
106 49
148 24
68 35
109 12
107 68
149 25
69 56
110 25
108 41
150 94
70 26
111 86
109 29
151 80
71 30
112 90
110 73
152 97
72 14
113 94
111 43
153 23
73 32
114 43
112 47
154 72
74 95
115 96
113 88
155 87
75 57
116 68
114 43
156 62
76 91
117 44
115 95
157 81
77 74
118 60
116 15
158 48
78 37
119 45
117 20
159 18
79 66
120 74
118 30
160 56
80 55
119 96
161 92
81 19
122 100
162 52
82 28
123 74
121 35
163 46
83 31
124 94
122 13
164 35
84 42
125 94
123 56
165 44
85 65
126 82
124 73
166 17
86 83
127 82
125 34
167 12
87 59
128 19
126 24
168 97
88 48
129 50
127 73
169 71
89 68
130 18
128 14
170 19
90 20
131 66
129 80
171 59
91 70
132 20
130 97
172 18
92 28
133 19
131 63
173 61
93 68
134 94
132 86
174 73
94 68
135 90
133 54
175 85
95 71
136 42
134 91
176 52
96 15
137 83
135 86
177 41
97 10
138 34
136 69
178 60
98 45
139 58
137 11
179 13
99 68
140 11
138 91
180 90
100 63
141 79
139 28
181 19
101 40
142 81
140 75
182 55
102 19
143 70
141 62
183 51
103 31
144 73
142 99
184 58
104 37
145 49
143 78
185 89
105 14
146 51
144 17
186 23
106 35
147 26
145 61
187 20
107 14
148 85
146 96
188 73
108 59
149 21
147 100
189 31
109 70
150 40
148 33
190 56
110 86
151 75
149 38
191 19
111 25
152 45
150 91
192 51
112 23
153 66
151 17
193 28
113 30
154 65
152 86
194 84
114 14
155 98
153 94
195 56
115 52
156 27
154 58
196 52
116 77
157 65
155 11
197 60
117 54
158 19
156 61
198 17
118 94
159 21
157 37
199 63
119 29
160 11
158 49
200 53
120 63
159 62
201 72
121 84
162 27
202 63
122 34
163 84
161 94
203 61
123 31
164 18
162 51
204 98
124 82
165 16
163 39
205 82
125 76
166 29
164 44
206 85
126 83
167 44
165 36
207 36
127 71
168 52
166 43
208 62
128 84
169 88
167 25
209 71
129 38
170 21
168 50
210 33
130 56
171 26
169 61
211 51
131 49
172 40
170 90
212 57
132 12
173 13
171 85
213 19
133 13
174 38
172 15
214 39
134 85
175 81
173 88
215 45
135 63
176 48
174 18
216 70
136 94
177 96
175 87
217 52
137 55
178 39
176 46
218 42
138 43
179 95
177 71
219 91
139 61
180 60
178 58
220 15
140 39
181 77
179 84
221 98
141 42
182 80
180 41
222 68
142 22
183 94
181 41
223 69
143 86
184 84
182 87
224 14
144 47
185 26
183 62
225 45
145 58
186 32
184 92
226 63
146 70
187 85
185 44
227 68
147 55
188 92
186 36
228 97
148 93
189 42
187 96
229 60
149 22
190 68
188 92
230 61
150 56
191 96
189 86
231 90
151 33
192 97
190 25
232 69
152 50
193 95
191 39
233 71
153 13
194 36
192 62
234 46
154 15
195 39
193 27
235 29
155 74
196 99
194 33
236 25
156 16
197 31
195 76
237 23
157 75
198 14
196 53
238 90
158 40
199 51
197 15
239 37
159 37
200 11
198 63
240 28
160 86
199 54
241 83
161 59
202 43
242 88
162 53
203 50
201 26
243 83
163 19
204 39
202 58
244 15
164 53
205 23
203 83
245 83
165 66
206 51
204 76
246 52
166 18
207 36
205 69
247 75
167 62
208 16
206 41
248 56
168 91
209 74
207 72
249 26
169 36
210 40
208 33
250 31
170 57
211 71
209 47
251 39
171 20
212 85
210 50
252 99
172 100
213 94
211 56
253 96
173 29
214 18
212 11
254 12
174 84
215 58
213 26
255 24
175 82
216 42
214 18
256 55
176 21
217 73
215 87
257 55
177 84
218 38
216 69
258 86
178 79
219 69
217 69
259 10
179 69
220 25
218 66
260 79
180 81
221 64
219 49
261 33
181 46
222 22
220 72
262 61
182 56
223 63
221 66
263 41
183 80
224 69
222 29
264 59
184 85
225 37
223 85
265 65
185 15
226 99
224 10
266 69
186 82
227 39
225 19
267 66
187 71
228 62
226 42
268 97
188 18
229 62
227 95
269 71
189 58
230 39
228 61
270 55
190 56
231 52
229 54
271 65
191 97
232 71
230 88
272 36
192 81
233 84
231 31
273 50
193 12
234 19
232 61
274 75
194 100
235 62
233 98
275 50
195 39
236 38
234 84
276 98
196 46
237 39
235 49
277 72
197 59
238 61
236 81
278 49
198 95
239 53
237 26
279 80
199 55
240 46
238 71
280 64
200 95
239 58
281 82
201 39
242 11
282 45
202 90
243 73
241 31
283 70
203 27
244 49
242 62
284 46
204 73
245 52
243 78
285 34
205 56
246 67
244 33
286 25
206 43
247 45
245 27
287 41
207 45
248 23
246 75
288 28
208 58
249 62
247 16
289 100
209 57
250 39
248 45
290 83
210 98
251 69
249 77
291 71
211 66
252 12
250 28
292 79
212 19
253 82
251 100
293 23
213 10
254 68
252 78
294 100
214 28
255 20
253 73
295 69
215 31
256 56
254 71
296 36
216 25
257 33
255 69
297 48
217 44
258 17
256 20
298 63
218 42
259 48
257 46
299 80
219 37
260 69
258 90
300 24
220 48
261 58
259 10
301 23
221 56
262 58
260 21
302 10
222 53
263 56
261 64
303 47
223 94
264 20
262 83
304 70
224 20
265 59
263 13
305 46
225 13
266 30
264 43
306 100
226 91
267 60
265 26
307 32
227 18
268 35
266 39
308 12
228 51
269 59
267 68
309 70
229 33
270 63
268 78
310 81
230 28
271 52
269 80
311 53
231 70
272 56
270 38
312 83
232 50
273 16
271 16
313 69
233 94
274 93
272 52
314 66
234 33
275 36
273 73
315 47
235 78
276 48
274 18
316 95
236 47
277 45
275 88
317 93
237 15
278 95
276 94
318 30
238 90
279 96
277 13
319 21
239 68
280 45
278 89
320 81
240 87
279 87
321 85
241 99
282 10
322 84
242 38
283 75
281 67
323 88
243 21
284 37
282 12
324 82
244 33
285 37
283 96
325 70
245 15
286 40
284 47
326 17
246 94
287 57
285 68
327 70
247 44
288 98
286 82
328 86
248 47
289 37
287 49
329 19
249 73
290 94
288 88
330 30
250 24
291 28
289 64
331 59
251 45
292 10
290 83
332 19
252 74
293 33
291 25
333 18
253 68
294 97
292 83
334 40
254 58
295 60
293 45
335 42
255 62
296 13
294 60
336 37
256 75
297 63
295 70
337 20
257 50
298 87
296 73
338 51
258 35
299 100
297 40
339 61
259 30
300 61
298 55
340 43
260 21
301 17
299 31
341 33
261 71
302 37
300 54
342 90
262 30
303 47
301 65
343 67
263 40
304 79
302 21
344 68
264 19
305 71
303 96
345 18
265 12
306 30
304 31
346 88
266 50
307 85
305 26
347 65
267 93
308 80
306 59
348 71
268 61
309 44
307 94
349 75
269 38
310 88
308 40
350 57
270 40
311 74
309 62
351 33
271 23
312 68
310 20
352 48
272 75
313 11
311 55
353 87
273 54
314 32
312 16
354 39
274 25
315 80
313 43
355 23
275 39
316 62
314 63
356 23
276 43
317 13
315 14
357 49
277 76
318 58
316 61
358 73
278 86
319 46
317 100
359 24
279 92
320 42
318 41
360 64
280 76
319 28
361 76
281 54
322 99
362 94
282 90
323 86
321 79
363 62
283 13
324 60
322 35
364 51
284 53
325 32
323 50
365 69
285 83
326 43
324 11
366 64
286 73
327 24
325 15
367 11
287 87
328 23
326 98
368 75
288 25
329 37
327 57
369 79
289 20
330 14
328 70
370 58
290 95
331 54
329 85
371 20
291 56
332 11
330 49
372 58
292 59
333 49
331 21
373 93
293 73
334 53
332 34
374 45
294 67
335 49
333 21
375 25
295 78
336 100
334 67
376 89
296 46
337 83
335 14
377 86
297 87
338 80
336 25
378 46
298 35
339 11
337 11
379 73
299 56
340 40
338 81
380 98
300 29
341 19
339 59
381 44
301 50
342 72
340 96
382 68
302 10
343 97
341 80
383 28
303 58
344 11
342 22
384 31
304 47
345 45
343 95
385 19
305 29
346 40
344 43
386 88
306 94
347 53
345 60
387 84
307 10
348 63
346 49
388 33
308 63
349 12
347 89
389 17
309 57
350 24
348 52
390 42
310 95
351 52
349 10
391 96
311 29
352 52
350 74
392 11
312 81
353 55
351 83
393 11
313 95
354 39
352 18
394 96
314 61
355 66
353 11
395 25
315 77
356 98
354 16
396 49
316 31
357 91
355 37
397 52
317 69
358 64
356 14
398 29
318 20
359 42
357 41
399 60
319 52
360 31
358 29
400 80
320 35
359 21
321 69
362 23
322 52
363 32
361 25
323 88
364 20
362 68
324 58
365 94
363 57
325 89
366 21
364 32
326 67
367 76
365 80
327 59
368 65
366 36
328 83
369 58
367 11
329 50
370 29
368 90
330 81
371 72
369 38
331 53
372 68
370 89
332 58
373 69
371 78
333 21
374 17
372 41
334 58
375 25
373 37
335 13
376 10
374 33
336 19
377 64
375 77
337 71
378 77
376 32
338 45
379 91
377 72
339 84
380 27
378 25
340 33
381 68
379 58
341 70
382 98
380 99
342 80
383 52
381 28
343 49
384 43
382 40
344 99
385 52
383 32
345 98
386 32
384 25
346 67
387 78
385 27
347 39
388 51
386 91
348 95
389 52
387 42
349 43
390 85
388 59
350 82
391 29
389 50
351 15
392 55
390 20
352 98
393 41
391 25
353 31
394 100
392 19
354 38
395 10
393 22
355 71
396 13
394 42
356 30
397 11
395 51
357 41
398 38
396 76
358 27
399 97
397 24
359 76
400 36
398 38
360 95
399 34
160
15
1 160 
3 228 279 74 
2 129 300 
1 193 
1 23 
1 30 
1 281 
3 173 261 305 
2 366 55 
1 188 
1 46 
2 249 57 
1 265 
3 67 317 191 
1 108 
1 327 
1 301 
1 394 
3 209 25 211 
3 136 72 271 
1 222 
2 97 89 
1 388 
1 36 
1 198 
2 192 190 
2 133 40 
2 296 27 
3 41 182 289 
2 303 354 
3 274 302 275 
1 236 
1 87 
3 207 61 18 
2 262 165 
3 353 266 187 
1 201 
2 44 240 
1 76 
2 102 308 
1 56 
1 325 
1 315 
4 344 280 62 285 
1 51 
2 225 105 
1 338 
4 64 171 141 368 
2 323 17 
2 310 50 
2 106 346 
2 184 306 
1 387 
2 110 103 
5 132 185 70 163 48 
1 177 
1 204 
3 202 101 332 
2 16 80 
1 396 
2 215 370 
3 146 33 218 
3 99 138 397 
1 153 
2 214 227 
4 376 9 196 26 
2 335 203 
4 398 6 312 45 
1 107 
2 291 251 
1 224 
3 93 283 125 
1 128 
1 78 
1 179 
1 15 
