400 1500 10 100 76
2
3
3
3
3
3
3
3
3
3
3
3
3
3
3
3
3
3
3
3
3
3
3
3
3
3
3
3
3
3
3
3
3
3
3
3
3
3
3
2
3
4
4
4
4
4
4
4
4
4
4
4
4
4
4
4
4
4
4
4
4
4
4
4
4
4
4
4
4
4
4
4
4
4
4
4
4
4
4
3
3
4
4
4
4
4
4
4
4
4
4
4
4
4
4
4
4
4
4
4
4
4
4
4
4
4
4
4
4
4
4
4
4
4
4
4
4
4
4
3
3
4
4
4
4
4
4
4
4
4
4
4
4
4
4
4
4
4
4
4
4
4
4
4
4
4
4
4
4
4
4
4
4
4
4
4
4
4
4
3
3
4
4
4
4
4
4
4
4
4
4
4
4
4
4
4
4
4
4
4
4
4
4
4
4
4
4
4
4
4
4
4
4
4
4
4
4
4
4
3
3
4
4
4
4
4
4
4
4
4
4
4
4
4
4
4
4
4
4
4
4
4
4
4
4
4
4
4
4
4
4
4
4
4
4
4
4
4
4
3
3
4
4
4
4
4
4
4
4
4
4
4
4
4
4
4
4
4
4
4
4
4
4
4
4
4
4
4
4
4
4
4
4
4
4
4
4
4
4
3
3
4
4
4
4
4
4
4
4
4
4
4
4
4
4
4
4
4
4
4
4
4
4
4
4
4
4
4
4
4
4
4
4
4
4
4
4
4
4
3
3
4
4
4
4
4
4
4
4
4
4
4
4
4
4
4
4
4
4
4
4
4
4
4
4
4
4
4
4
4
4
4
4
4
4
4
4
4
4
3
2
3
3
3
3
3
3
3
3
3
3
3
3
3
3
3
3
3
3
3
3
3
3
3
3
3
3
3
3
3
3
3
3
3
3
3
3
3
3
2
41 90
2 29
42 17
3 77
1 16
43 44
4 19
2 95
44 90
5 53
3 83
45 85
6 41
4 71
46 25
7 92
5 95
47 31
8 55
6 34
48 19
9 92
7 44
49 14
10 24
8 28
50 45
11 62
9 15
51 93
12 45
10 59
52 14
13 34
11 46
53 84
14 42
12 92
54 23
15 58
13 37
55 36
16 29
14 52
56 43
17 31
15 17
57 23
18 38
16 94
58 47
19 17
17 84
59 52
20 39
18 26
60 19
21 79
19 56
61 31
22 75
20 10
62 96
23 41
21 45
63 22
24 63
22 96
64 25
25 27
23 53
65 74
26 58
24 99
66 90
27 14
25 91
67 73
28 39
26 69
68 88
29 87
27 92
69 97
30 19
28 27
70 15
31 25
29 97
71 33
32 15
30 89
72 12
33 84
31 77
73 10
34 98
32 55
74 69
35 17
33 74
75 71
36 30
34 31
76 26
37 65
35 29
77 96
38 72
36 29
78 24
39 53
37 77
79 54
40 88
38 62
80 10
39 66
81 54
1 97
42 50
82 45
2 84
43 48
41 38
83 52
3 73
44 87
42 32
84 20
4 15
45 20
43 90
85 57
5 59
46 95
44 70
86 37
6 52
47 41
45 74
87 55
7 98
48 60
46 50
88 43
8 29
49 90
47 97
89 21
9 20
50 12
48 32
90 44
10 78
51 37
49 41
91 89
11 91
52 86
50 56
92 42
12 85
53 75
51 89
93 46
13 20
54 54
52 46
94 68
14 18
55 63
53 70
95 50
15 92
56 66
54 20
96 77
16 95
57 62
55 41
97 71
17 96
58 58
56 48
98 84
18 94
59 77
57 19
99 69
19 31
60 82
58 97
100 11
20 49
61 13
59 83
101 12
21 41
62 52
60 13
102 66
22 51
63 27
61 15
103 15
23 78
64 16
62 36
104 94
24 94
65 45
63 19
105 77
25 29
66 60
64 36
106 12
26 55
67 16
65 16
107 18
27 42
68 73
66 22
108 64
28 86
69 19
67 27
109 87
29 34
70 47
68 77
110 92
30 25
71 55
69 14
111 23
31 33
72 91
70 44
112 30
32 27
73 88
71 43
113 56
33 96
74 97
72 85
114 68
34 21
75 81
73 18
115 85
35 79
76 97
74 77
116 41
36 63
77 30
75 57
117 85
37 96
78 42
76 17
118 93
38 81
79 31
77 57
119 77
39 67
80 42
78 86
120 56
40 31
79 33
121 64
41 97
82 69
122 64
42 30
83 92
81 49
123 53
43 88
84 48
82 69
124 26
44 83
85 100
83 57
125 27
45 40
86 91
84 32
126 15
46 56
87 96
85 58
127 43
47 64
88 75
86 46
128 26
48 90
89 67
87 58
129 97
49 12
90 26
88 48
130 64
50 47
91 67
89 77
131 24
51 81
92 44
90 11
132 35
52 35
93 35
91 64
133 45
53 73
94 63
92 63
134 45
54 87
95 41
93 38
135 68
55 42
96 13
94 43
136 69
56 86
97 41
95 57
137 11
57 98
98 23
96 49
138 39
58 85
99 83
97 51
139 28
59 56
100 86
98 52
140 84
60 82
101 26
99 31
141 75
61 38
102 65
100 18
142 92
62 23
103 81
101 12
143 59
63 21
104 17
102 18
144 92
64 43
105 62
103 59
145 13
65 100
106 34
104 98
146 49
66 33
107 10
105 41
147 50
67 36
108 56
106 66
148 20
68 76
109 93
107 96
149 99
69 10
110 94
108 95
150 10
70 88
111 63
109 91
151 10
71 65
112 16
110 70
152 38
72 80
113 42
111 58
153 58
73 33
114 79
112 10
154 34
74 32
115 30
113 85
155 28
75 52
116 70
114 100
156 98
76 24
117 42
115 70
157 61
77 65
118 43
116 77
158 47
78 49
119 29
117 88
159 17
79 81
120 36
118 58
160 38
80 96
119 12
161 87
81 29
122 59
162 17
82 39
123 26
121 55
163 66
83 17
124 37
122 71
164 25
84 87
125 47
123 73
165 77
85 31
126 99
124 52
166 81
86 17
127 21
125 39
167 19
87 74
128 21
126 75
168 21
88 43
129 28
127 52
169 99
89 21
130 17
128 19
170 89
90 97
131 45
129 78
171 76
91 52
132 47
130 72
172 67
92 73
133 80
131 84
173 51
93 83
134 65
132 59
174 83
94 32
135 100
133 93
175 84
95 63
136 43
134 54
176 82
96 17
137 79
135 21
177 41
97 91
138 81
136 49
178 46
98 83
139 85
137 58
179 99
99 81
140 11
138 76
180 47
100 17
141 62
139 37
181 30
101 18
142 32
140 16
182 27
102 38
143 42
141 65
183 71
103 95
144 84
142 57
184 53
104 54
145 42
143 85
185 92
105 63
146 48
144 86
186 38
106 75
147 14
145 93
187 91
107 14
148 98
146 77
188 64
108 36
149 55
147 67
189 95
109 22
150 95
148 59
190 35
110 77
151 98
149 10
191 67
111 67
152 54
150 55
192 55
112 97
153 11
151 96
193 85
113 19
154 100
152 56
194 84
114 54
155 42
153 32
195 22
115 44
156 22
154 75
196 40
116 67
157 48
155 74
197 87
117 27
158 40
156 10
198 63
118 55
159 48
157 65
199 48
119 11
160 100
158 98
200 36
120 14
159 58
201 24
121 23
162 61
202 78
122 38
163 91
161 62
203 11
123 41
164 17
162 73
204 80
124 58
165 90
163 94
205 85
125 88
166 22
164 39
206 33
126 19
167 88
165 64
207 43
127 85
168 66
166 76
208 18
128 40
169 40
167 16
209 99
129 83
170 32
168 18
210 12
130 60
171 77
169 57
211 40
131 37
172 17
170 19
212 20
132 79
173 14
171 50
213 25
133 38
174 51
172 93
214 96
134 73
175 11
173 29
215 41
135 62
176 38
174 78
216 61
136 76
177 24
175 69
217 46
137 95
178 27
176 18
218 97
138 95
179 34
177 85
219 31
139 46
180 83
178 81
220 42
140 36
181 90
179 24
221 26
141 68
182 40
180 51
222 44
142 64
183 28
181 66
223 22
143 30
184 78
182 73
224 71
144 94
185 82
183 42
225 91
145 53
186 85
184 94
226 33
146 59
187 16
185 16
227 29
147 14
188 49
186 81
228 77
148 39
189 78
187 70
229 96
149 58
190 51
188 58
230 88
150 72
191 44
189 21
231 63
151 13
192 82
190 64
232 37
152 88
193 61
191 87
233 26
153 95
194 48
192 77
234 10
154 88
195 18
193 12
235 37
155 47
196 24
194 52
236 12
156 57
197 43
195 20
237 86
157 66
198 51
196 69
238 64
158 75
199 13
197 98
239 42
159 21
200 63
198 93
240 48
160 23
199 57
241 97
161 92
202 94
242 42
162 59
203 35
201 55
243 59
163 58
204 13
202 46
244 61
164 95
205 78
203 93
245 63
165 89
206 34
204 37
246 38
166 67
207 27
205 21
247 10
167 41
208 31
206 26
248 38
168 81
209 46
207 81
249 27
169 80
210 28
208 43
250 35
170 94
211 34
209 64
251 92
171 52
212 67
210 95
252 24
172 55
213 99
211 39
253 62
173 30
214 51
212 75
254 33
174 38
215 14
213 11
255 50
175 87
216 24
214 75
256 84
176 68
217 67
215 66
257 31
177 69
218 75
216 66
258 67
178 24
219 34
217 76
259 54
179 35
220 25
218 52
260 74
180 45
221 100
219 94
261 63
181 69
222 85
220 60
262 58
182 53
223 44
221 70
263 77
183 84
224 33
222 54
264 16
184 67
225 38
223 82
265 74
185 82
226 14
224 45
266 99
186 39
227 30
225 84
267 69
187 96
228 38
226 86
268 30
188 38
229 85
227 72
269 30
189 22
230 90
228 100
270 80
190 55
231 18
229 58
271 21
191 31
232 93
230 98
272 44
192 66
233 28
231 63
273 10
193 90
234 65
232 58
274 48
194 70
235 20
233 43
275 36
195 11
236 13
234 44
276 33
196 79
237 32
235 57
277 61
197 31
238 49
236 94
278 79
198 17
239 90
237 28
279 45
199 91
240 88
238 26
280 57
200 37
239 61
281 24
201 57
242 61
282 92
202 31
243 38
241 86
283 58
203 49
244 37
242 18
284 40
204 15
245 90
243 15
285 76
205 63
246 92
244 26
286 30
206 10
247 55
245 78
287 61
207 50
248 59
246 24
288 55
208 11
249 96
247 67
289 43
209 73
250 96
248 73
290 96
210 74
251 13
249 63
291 22
211 69
252 52
250 96
292 44
212 40
253 36
251 86
293 16
213 48
254 58
252 12
294 94
214 16
255 30
253 44
295 25
215 25
256 70
254 92
296 26
216 55
257 50
255 10
297 69
217 93
258 21
256 47
298 47
218 34
259 73
257 65
299 88
219 37
260 95
258 99
300 12
220 13
261 92
259 57
301 21
221 76
262 58
260 80
302 66
222 16
263 90
261 73
303 67
223 40
264 96
262 89
304 16
224 40
265 42
263 10
305 33
225 100
266 79
264 99
306 100
226 18
267 21
265 12
307 71
227 99
268 10
266 28
308 36
228 93
269 40
267 77
309 14
229 74
270 36
268 44
310 55
230 86
271 68
269 32
311 45
231 91
272 23
270 46
312 20
232 92
273 79
271 52
313 89
233 13
274 18
272 89
314 98
234 88
275 13
273 97
315 25
235 21
276 96
274 76
316 79
236 82
277 40
275 33
317 91
237 80
278 16
276 61
318 80
238 74
279 35
277 85
319 76
239 34
280 54
278 21
320 76
240 18
279 99
321 94
241 61
282 12
322 58
242 77
283 47
281 57
323 54
243 36
284 76
282 19
324 44
244 84
285 21
283 33
325 35
245 32
286 66
284 80
326 13
246 14
287 27
285 13
327 24
247 55
288 58
286 31
328 11
248 58
289 60
287 45
329 24
249 31
290 11
288 10
330 43
250 61
291 10
289 57
331 67
251 76
292 24
290 34
332 87
252 70
293 28
291 18
333 79
253 89
294 86
292 71
334 96
254 96
295 11
293 51
335 14
255 47
296 40
294 57
336 86
256 49
297 73
295 10
337 21
257 50
298 58
296 100
338 66
258 10
299 46
297 34
339 90
259 90
300 68
298 59
340 46
260 49
301 87
299 38
341 93
261 80
302 63
300 71
342 69
262 18
303 83
301 77
343 73
263 24
304 48
302 46
344 12
264 12
305 58
303 69
345 19
265 85
306 90
304 58
346 17
266 52
307 62
305 70
347 100
267 62
308 94
306 66
348 78
268 45
309 48
307 70
349 35
269 93
310 68
308 52
350 67
270 19
311 47
309 52
351 84
271 43
312 21
310 28
352 66
272 96
313 75
311 89
353 27
273 75
314 59
312 28
354 22
274 18
315 45
313 58
355 15
275 39
316 67
314 18
356 14
276 42
317 84
315 19
357 35
277 53
318 43
316 72
358 19
278 19
319 38
317 22
359 74
279 94
320 11
318 84
360 20
280 19
319 54
361 12
281 13
322 99
362 79
282 30
323 12
321 19
363 48
283 21
324 35
322 87
364 70
284 62
325 44
323 58
365 93
285 99
326 39
324 78
366 38
286 54
327 48
325 63
367 92
287 32
328 36
326 70
368 94
288 34
329 78
327 37
369 90
289 81
330 18
328 59
370 97
290 33
331 69
329 46
371 68
291 73
332 56
330 88
372 96
292 79
333 15
331 100
373 72
293 88
334 22
332 32
374 90
294 81
335 26
333 35
375 60
295 63
336 21
334 43
376 72
296 22
337 55
335 86
377 29
297 59
338 90
336 22
378 36
298 77
339 30
337 59
379 51
299 86
340 53
338 81
380 16
300 98
341 66
339 44
381 46
301 24
342 28
340 36
382 89
302 99
343 89
341 77
383 83
303 100
344 67
342 89
384 21
304 67
345 13
343 99
385 60
305 34
346 42
344 74
386 23
306 54
347 97
345 32
387 47
307 70
348 16
346 90
388 43
308 67
349 13
347 89
389 60
309 97
350 80
348 86
390 38
310 66
351 95
349 61
391 52
311 34
352 86
350 70
392 51
312 88
353 27
351 42
393 21
313 91
354 21
352 51
394 93
314 45
355 38
353 20
395 36
315 82
356 53
354 72
396 61
316 20
357 24
355 31
397 34
317 37
358 94
356 90
398 80
318 62
359 38
357 41
399 92
319 21
360 47
358 73
400 92
320 28
359 19
321 92
362 78
322 49
363 89
361 24
323 100
364 95
362 43
324 76
365 61
363 99
325 92
366 14
364 62
326 35
367 100
365 83
327 87
368 52
366 60
328 35
369 54
367 79
329 24
370 71
368 36
330 50
371 13
369 54
331 27
372 88
370 70
332 77
373 10
371 58
333 98
374 57
372 74
334 91
375 18
373 17
335 48
376 81
374 40
336 65
377 90
375 95
337 50
378 97
376 43
338 75
379 27
377 59
339 36
380 56
378 30
340 49
381 28
379 100
341 13
382 70
380 70
342 81
383 45
381 97
343 21
384 41
382 55
344 69
385 26
383 42
345 34
386 23
384 53
346 43
387 97
385 59
347 72
388 64
386 88
348 15
389 84
387 41
349 38
390 17
388 97
350 89
391 14
389 73
351 67
392 46
390 87
352 55
393 16
391 16
353 41
394 78
392 89
354 79
395 91
393 30
355 50
396 89
394 46
356 70
397 85
395 47
357 95
398 92
396 53
358 64
399 82
397 73
359 30
400 62
398 99
360 32
399 43
158
219
1 158 
2 378 250 
2 369 67 
2 141 98 
2 118 11 
1 216 
3 133 350 139 
1 222 
1 68 
3 400 360 44 
3 73 251 217 
2 97 180 
1 285 
1 315 
2 104 196 
1 260 
2 335 237 
2 379 7 
3 135 178 380 
1 321 
2 69 95 
3 29 367 114 
2 175 123 
3 120 37 228 
4 280 150 363 75 
1 370 
1 391 
1 100 
1 83 
2 213 205 
3 257 126 329 
3 149 49 373 
1 160 
1 57 
1 140 
1 2 
1 10 
2 112 192 
2 232 107 
2 385 189 
1 20 
1 302 
2 249 283 
2 374 269 
4 22 316 78 16 
3 152 323 88 
1 132 
2 236 322 
2 33 138 
1 312 
2 47 278 
1 344 
4 211 308 9 388 
2 146 292 
1 343 
2 309 241 
1 129 
2 84 381 
1 304 
2 82 214 
1 314 
3 390 353 262 
3 349 119 80 
1 351 
1 397 
1 201 
2 371 261 
2 195 36 
1 293 
2 151 276 
2 155 331 
2 197 393 
1 76 
2 41 27 
3 99 23 326 
3 319 396 219 
