400 1520 10 100 76
2
3
3
3
3
3
3
3
3
3
3
3
3
3
3
3
3
3
3
2
3
4
4
4
4
4
4
4
4
4
4
4
4
4
4
4
4
4
4
3
3
4
4
4
4
4
4
4
4
4
4
4
4
4
4
4
4
4
4
3
3
4
4
4
4
4
4
4
4
4
4
4
4
4
4
4
4
4
4
3
3
4
4
4
4
4
4
4
4
4
4
4
4
4
4
4
4
4
4
3
3
4
4
4
4
4
4
4
4
4
4
4
4
4
4
4
4
4
4
3
3
4
4
4
4
4
4
4
4
4
4
4
4
4
4
4
4
4
4
3
3
4
4
4
4
4
4
4
4
4
4
4
4
4
4
4
4
4
4
3
3
4
4
4
4
4
4
4
4
4
4
4
4
4
4
4
4
4
4
3
3
4
4
4
4
4
4
4
4
4
4
4
4
4
4
4
4
4
4
3
3
4
4
4
4
4
4
4
4
4
4
4
4
4
4
4
4
4
4
3
3
4
4
4
4
4
4
4
4
4
4
4
4
4
4
4
4
4
4
3
3
4
4
4
4
4
4
4
4
4
4
4
4
4
4
4
4
4
4
3
3
4
4
4
4
4
4
4
4
4
4
4
4
4
4
4
4
4
4
3
3
4
4
4
4
4
4
4
4
4
4
4
4
4
4
4
4
4
4
3
3
4
4
4
4
4
4
4
4
4
4
4
4
4
4
4
4
4
4
3
3
4
4
4
4
4
4
4
4
4
4
4
4
4
4
4
4
4
4
3
3
4
4
4
4
4
4
4
4
4
4
4
4
4
4
4
4
4
4
3
3
4
4
4
4
4
4
4
4
4
4
4
4
4
4
4
4
4
4
3
2
3
3
3
3
3
3
3
3
3
3
3
3
3
3
3
3
3
3
2
21 93
2 29
22 95
3 33
1 40
23 97
4 25
2 87
24 41
5 61
3 32
25 62
6 73
4 13
26 99
7 71
5 84
27 82
8 24
6 37
28 22
9 11
7 50
29 58
10 55
8 34
30 38
11 41
9 16
31 28
12 30
10 71
32 27
13 50
11 80
33 38
14 14
12 79
34 69
15 75
13 42
35 69
16 14
14 80
36 81
17 15
15 53
37 88
18 86
16 51
38 96
19 60
17 93
39 63
20 63
18 86
40 58
19 11
41 57
1 16
22 78
42 80
2 34
23 29
21 77
43 60
3 60
24 81
22 42
44 94
4 77
25 91
23 51
45 41
5 16
26 51
24 67
46 29
6 61
27 17
25 78
47 68
7 90
28 63
26 79
48 18
8 69
29 83
27 65
49 96
9 97
30 62
28 51
50 88
10 98
31 17
29 57
51 70
11 35
32 99
30 78
52 70
12 20
33 89
31 100
53 51
13 52
34 87
32 78
54 43
14 92
35 96
33 22
55 85
15 86
36 66
34 73
56 68
16 63
37 20
35 48
57 97
17 79
38 65
36 43
58 66
18 11
39 32
37 99
59 26
19 51
40 59
38 62
60 85
20 83
39 56
61 55
21 95
42 77
62 38
22 45
43 98
41 75
63 48
23 36
44 16
42 88
64 49
24 75
45 90
43 55
65 94
25 81
46 87
44 33
66 100
26 19
47 47
45 94
67 71
27 74
48 41
46 24
68 11
28 38
49 12
47 29
69 54
29 71
50 63
48 62
70 92
30 62
51 29
49 35
71 98
31 19
52 21
50 13
72 100
32 68
53 44
51 27
73 72
33 63
54 81
52 73
74 15
34 34
55 15
53 40
75 100
35 86
56 91
54 11
76 98
36 13
57 30
55 33
77 78
37 23
58 68
56 47
78 14
38 84
59 50
57 48
79 10
39 12
60 87
58 64
80 31
40 59
59 77
81 68
41 47
62 14
82 29
42 23
63 42
61 54
83 77
43 48
64 91
62 51
84 13
44 17
65 44
63 38
85 22
45 21
66 16
64 86
86 39
46 38
67 49
65 94
87 72
47 58
68 48
66 74
88 18
48 94
69 49
67 59
89 96
49 64
70 52
68 80
90 80
50 31
71 46
69 54
91 83
51 85
72 26
70 19
92 10
52 57
73 55
71 85
93 68
53 12
74 16
72 70
94 67
54 67
75 14
73 15
95 12
55 33
76 16
74 77
96 13
56 92
77 78
75 45
97 88
57 100
78 32
76 60
98 36
58 13
79 75
77 68
99 49
59 28
80 35
78 15
100 24
60 23
79 50
101 32
61 99
82 54
102 98
62 62
83 100
81 31
103 12
63 72
84 92
82 56
104 70
64 69
85 23
83 77
105 96
65 10
86 93
84 33
106 26
66 63
87 80
85 53
107 88
67 95
88 96
86 69
108 65
68 20
89 82
87 40
109 71
69 20
90 66
88 72
110 65
70 56
91 91
89 41
111 10
71 98
92 42
90 27
112 33
72 49
93 80
91 15
113 24
73 51
94 90
92 78
114 59
74 100
95 87
93 89
115 15
75 28
96 36
94 55
116 82
76 19
97 97
95 30
117 66
77 39
98 41
96 30
118 100
78 33
99 73
97 96
119 87
79 71
100 68
98 32
120 19
80 21
99 26
121 48
81 57
102 78
122 65
82 18
103 13
101 53
123 60
83 63
104 73
102 89
124 42
84 85
105 56
103 11
125 54
85 13
106 69
104 36
126 63
86 83
107 52
105 77
127 61
87 14
108 60
106 95
128 55
88 91
109 98
107 90
129 89
89 58
110 17
108 94
130 35
90 19
111 75
109 69
131 48
91 41
112 16
110 80
132 31
92 25
113 83
111 73
133 35
93 71
114 39
112 41
134 77
94 61
115 70
113 18
135 95
95 47
116 86
114 96
136 34
96 11
117 58
115 14
137 43
97 64
118 23
116 90
138 25
98 52
119 18
117 21
139 66
99 38
120 73
118 68
140 40
100 73
119 19
141 90
101 71
122 79
142 61
102 43
123 95
121 73
143 37
103 21
124 44
122 38
144 63
104 35
125 50
123 37
145 47
105 98
126 65
124 53
146 68
106 21
127 94
125 61
147 41
107 40
128 25
126 76
148 77
108 54
129 93
127 41
149 17
109 19
130 88
128 95
150 61
110 43
131 21
129 23
151 100
111 25
132 52
130 80
152 81
112 97
133 17
131 40
153 42
113 85
134 94
132 79
154 39
114 14
135 14
133 22
155 31
115 84
136 22
134 69
156 71
116 45
137 12
135 92
157 36
117 75
138 47
136 63
158 19
118 43
139 60
137 23
159 14
119 100
140 36
138 36
160 87
120 30
139 73
161 57
121 85
142 29
162 11
122 51
143 100
141 97
163 47
123 54
144 94
142 55
164 74
124 24
145 42
143 27
165 75
125 66
146 67
144 65
166 14
126 99
147 92
145 26
167 15
127 94
148 70
146 18
168 48
128 76
149 77
147 45
169 17
129 43
150 83
148 88
170 73
130 96
151 59
149 90
171 55
131 29
152 31
150 44
172 86
132 12
153 73
151 48
173 100
133 70
154 64
152 91
174 58
134 69
155 96
153 38
175 74
135 48
156 96
154 11
176 89
136 51
157 50
155 24
177 71
137 67
158 44
156 80
178 17
138 58
159 77
157 85
179 46
139 27
160 53
158 30
180 72
140 72
159 98
181 71
141 26
162 58
182 90
142 25
163 82
161 27
183 45
143 88
164 85
162 32
184 24
144 27
165 57
163 28
185 86
145 57
166 70
164 63
186 93
146 69
167 60
165 78
187 37
147 43
168 43
166 19
188 45
148 56
169 87
167 33
189 63
149 39
170 79
168 13
190 25
150 49
171 40
169 75
191 85
151 92
172 91
170 42
192 51
152 65
173 97
171 21
193 59
153 31
174 35
172 34
194 86
154 24
175 33
173 45
195 85
155 84
176 89
174 86
196 55
156 38
177 100
175 40
197 29
157 74
178 11
176 72
198 57
158 62
179 78
177 44
199 14
159 85
180 69
178 34
200 31
160 45
179 10
201 36
161 32
182 26
202 67
162 63
183 67
181 60
203 76
163 43
184 27
182 75
204 43
164 11
185 50
183 70
205 89
165 75
186 93
184 16
206 75
166 88
187 22
185 80
207 29
167 97
188 26
186 86
208 27
168 54
189 18
187 100
209 67
169 83
190 90
188 14
210 87
170 59
191 54
189 98
211 98
171 54
192 65
190 19
212 16
172 20
193 57
191 16
213 61
173 89
194 36
192 56
214 74
174 17
195 96
193 53
215 52
175 43
196 79
194 83
216 75
176 97
197 49
195 56
217 98
177 90
198 90
196 91
218 49
178 68
199 86
197 23
219 71
179 67
200 33
198 91
220 12
180 52
199 98
221 22
181 15
202 23
222 35
182 94
203 93
201 56
223 52
183 99
204 82
202 24
224 74
184 25
205 13
203 99
225 88
185 17
206 93
204 16
226 35
186 42
207 54
205 39
227 23
187 14
208 23
206 100
228 18
188 76
209 29
207 47
229 16
189 38
210 90
208 96
230 68
190 65
211 14
209 45
231 74
191 97
212 97
210 60
232 90
192 31
213 60
211 49
233 96
193 53
214 53
212 28
234 74
194 51
215 85
213 94
235 56
195 63
216 68
214 41
236 74
196 100
217 69
215 60
237 25
197 29
218 12
216 58
238 66
198 27
219 91
217 34
239 83
199 86
220 27
218 21
240 43
200 69
219 13
241 61
201 93
222 65
242 79
202 33
223 77
221 29
243 43
203 79
224 67
222 62
244 62
204 43
225 25
223 79
245 48
205 87
226 77
224 80
246 68
206 33
227 44
225 64
247 50
207 82
228 27
226 74
248 43
208 38
229 55
227 39
249 24
209 57
230 41
228 51
250 22
210 60
231 12
229 82
251 12
211 81
232 83
230 50
252 58
212 54
233 44
231 82
253 60
213 95
234 70
232 38
254 20
214 99
235 91
233 78
255 51
215 14
236 85
234 31
256 61
216 44
237 82
235 92
257 39
217 24
238 21
236 28
258 58
218 33
239 38
237 86
259 78
219 63
240 39
238 49
260 77
220 85
239 14
261 47
221 95
242 16
262 22
222 81
243 59
241 91
263 92
223 66
244 89
242 44
264 63
224 26
245 93
243 75
265 33
225 82
246 34
244 75
266 48
226 60
247 45
245 17
267 80
227 89
248 82
246 91
268 50
228 65
249 59
247 33
269 13
229 80
250 39
248 26
270 23
230 29
251 17
249 47
271 86
231 27
252 16
250 14
272 27
232 97
253 33
251 21
273 24
233 28
254 82
252 85
274 75
234 42
255 11
253 62
275 63
235 74
256 95
254 88
276 98
236 38
257 92
255 21
277 12
237 31
258 27
256 50
278 52
238 29
259 36
257 44
279 35
239 79
260 89
258 57
280 55
240 33
259 77
281 65
241 11
262 77
282 100
242 23
263 21
261 99
283 73
243 38
264 61
262 50
284 42
244 95
265 43
263 75
285 77
245 92
266 23
264 41
286 40
246 57
267 32
265 50
287 32
247 44
268 45
266 87
288 70
248 58
269 66
267 18
289 83
249 28
270 22
268 12
290 18
250 72
271 93
269 79
291 86
251 51
272 26
270 32
292 48
252 21
273 96
271 12
293 39
253 30
274 20
272 52
294 99
254 66
275 90
273 37
295 86
255 27
276 89
274 80
296 100
256 18
277 26
275 56
297 24
257 36
278 62
276 28
298 90
258 83
279 13
277 15
299 32
259 65
280 25
278 96
300 10
260 44
279 29
301 59
261 82
282 86
302 65
262 14
283 97
281 86
303 87
263 48
284 18
282 32
304 17
264 79
285 45
283 56
305 44
265 87
286 19
284 90
306 33
266 73
287 97
285 13
307 61
267 50
288 40
286 88
308 92
268 73
289 50
287 67
309 53
269 89
290 24
288 71
310 12
270 16
291 46
289 66
311 33
271 15
292 92
290 69
312 74
272 89
293 85
291 68
313 52
273 34
294 34
292 79
314 30
274 60
295 40
293 23
315 82
275 78
296 75
294 88
316 35
276 51
297 97
295 87
317 28
277 34
298 29
296 18
318 31
278 81
299 79
297 73
319 37
279 10
300 59
298 23
320 20
280 55
299 46
321 45
281 45
302 39
322 12
282 25
303 59
301 89
323 100
283 38
304 55
302 35
324 38
284 44
305 24
303 94
325 82
285 43
306 56
304 63
326 81
286 55
307 95
305 34
327 17
287 86
308 54
306 89
328 64
288 82
309 81
307 72
329 35
289 63
310 26
308 95
330 41
290 63
311 24
309 68
331 83
291 86
312 59
310 65
332 58
292 40
313 20
311 42
333 72
293 42
314 58
312 60
334 35
294 83
315 12
313 40
335 53
295 15
316 58
314 35
336 45
296 25
317 56
315 94
337 93
297 64
318 96
316 60
338 13
298 20
319 58
317 10
339 31
299 32
320 100
318 32
340 40
300 99
319 38
341 70
301 88
322 21
342 60
302 64
323 96
321 44
343 20
303 57
324 44
322 95
344 89
304 92
325 15
323 65
345 86
305 69
326 30
324 88
346 71
306 33
327 32
325 23
347 76
307 79
328 13
326 16
348 77
308 86
329 92
327 80
349 17
309 18
330 12
328 60
350 50
310 18
331 58
329 25
351 44
311 10
332 93
330 13
352 24
312 73
333 86
331 27
353 79
313 18
334 26
332 84
354 38
314 39
335 46
333 45
355 60
315 64
336 100
334 64
356 15
316 49
337 44
335 13
357 28
317 99
338 18
336 86
358 84
318 28
339 63
337 71
359 28
319 24
340 91
338 75
360 37
320 77
339 67
361 98
321 25
342 22
362 70
322 48
343 51
341 45
363 65
323 78
344 85
342 25
364 95
324 81
345 29
343 72
365 40
325 39
346 75
344 57
366 57
326 51
347 93
345 40
367 60
327 70
348 41
346 63
368 94
328 93
349 56
347 55
369 66
329 98
350 19
348 76
370 11
330 28
351 32
349 72
371 16
331 34
352 29
350 21
372 91
332 79
353 79
351 61
373 52
333 12
354 90
352 33
374 22
334 70
355 20
353 23
375 52
335 18
356 37
354 48
376 86
336 25
357 51
355 95
377 89
337 24
358 52
356 45
378 29
338 14
359 97
357 100
379 43
339 62
360 82
358 48
380 43
340 53
359 57
381 35
341 47
362 87
382 99
342 88
363 13
361 11
383 55
343 52
364 62
362 70
384 24
344 97
365 36
363 23
385 96
345 28
366 48
364 10
386 94
346 74
367 74
365 44
387 40
347 48
368 39
366 96
388 66
348 64
369 55
367 71
389 97
349 45
370 67
368 82
390 13
350 95
371 77
369 49
391 15
351 45
372 14
370 37
392 24
352 59
373 31
371 33
393 24
353 15
374 12
372 99
394 76
354 33
375 23
373 68
395 88
355 14
376 68
374 87
396 55
356 89
377 96
375 66
397 60
357 43
378 33
376 99
398 89
358 53
379 88
377 46
399 45
359 43
380 93
378 74
400 16
360 15
379 28
361 28
382 91
362 20
383 37
381 55
363 87
384 40
382 18
364 14
385 14
383 15
365 78
386 87
384 78
366 62
387 18
385 54
367 34
388 43
386 94
368 48
389 16
387 64
369 60
390 40
388 73
370 29
391 80
389 26
371 15
392 12
390 55
372 17
393 50
391 64
373 46
394 68
392 97
374 77
395 72
393 24
375 58
396 24
394 81
376 14
397 57
395 47
377 58
398 24
396 63
378 76
399 86
397 33
379 71
400 93
398 29
380 99
399 19
164
161
3 83 188 164 
2 313 148 
1 244 
1 92 
1 85 
2 167 277 
3 32 381 358 
3 333 7 129 
1 256 
1 27 
2 13 246 
2 126 171 
2 318 211 
2 386 268 
1 315 
2 82 364 
2 309 102 
2 78 310 
1 369 
1 138 
3 328 373 210 
1 378 
1 396 
4 12 49 331 54 
2 30 225 
3 99 221 84 
3 146 243 319 
1 15 
1 294 
1 111 
3 103 336 280 
3 287 387 125 
2 231 43 
1 176 
1 371 
2 283 155 
4 147 382 180 383 
2 140 87 
1 299 
4 39 72 217 269 
1 394 
1 28 
2 37 376 
3 136 233 365 
1 355 
2 354 335 
2 100 214 
2 392 281 
1 308 
2 38 62 
2 182 31 
2 367 362 
1 63 
1 123 
1 344 
4 346 272 255 166 
2 181 380 
2 134 41 
2 139 151 
3 321 300 57 
2 96 264 
2 156 353 
2 198 81 
1 275 
2 323 91 
2 106 50 
1 291 
2 20 120 
1 163 
1 248 
1 195 
1 219 
2 349 47 
2 144 356 
1 270 
2 189 161 
