400 1520 10 100 76
2
3
3
3
3
3
3
3
3
3
3
3
3
3
3
3
3
3
3
2
3
4
4
4
4
4
4
4
4
4
4
4
4
4
4
4
4
4
4
3
3
4
4
4
4
4
4
4
4
4
4
4
4
4
4
4
4
4
4
3
3
4
4
4
4
4
4
4
4
4
4
4
4
4
4
4
4
4
4
3
3
4
4
4
4
4
4
4
4
4
4
4
4
4
4
4
4
4
4
3
3
4
4
4
4
4
4
4
4
4
4
4
4
4
4
4
4
4
4
3
3
4
4
4
4
4
4
4
4
4
4
4
4
4
4
4
4
4
4
3
3
4
4
4
4
4
4
4
4
4
4
4
4
4
4
4
4
4
4
3
3
4
4
4
4
4
4
4
4
4
4
4
4
4
4
4
4
4
4
3
3
4
4
4
4
4
4
4
4
4
4
4
4
4
4
4
4
4
4
3
3
4
4
4
4
4
4
4
4
4
4
4
4
4
4
4
4
4
4
3
3
4
4
4
4
4
4
4
4
4
4
4
4
4
4
4
4
4
4
3
3
4
4
4
4
4
4
4
4
4
4
4
4
4
4
4
4
4
4
3
3
4
4
4
4
4
4
4
4
4
4
4
4
4
4
4
4
4
4
3
3
4
4
4
4
4
4
4
4
4
4
4
4
4
4
4
4
4
4
3
3
4
4
4
4
4
4
4
4
4
4
4
4
4
4
4
4
4
4
3
3
4
4
4
4
4
4
4
4
4
4
4
4
4
4
4
4
4
4
3
3
4
4
4
4
4
4
4
4
4
4
4
4
4
4
4
4
4
4
3
3
4
4
4
4
4
4
4
4
4
4
4
4
4
4
4
4
4
4
3
2
3
3
3
3
3
3
3
3
3
3
3
3
3
3
3
3
3
3
2
21 66
2 29
22 80
3 59
1 25
23 92
4 89
2 74
24 82
5 11
3 67
25 26
6 12
4 40
26 89
7 66
5 48
27 12
8 43
6 38
28 17
9 82
7 32
29 54
10 46
8 83
30 48
11 35
9 53
31 68
12 95
10 24
32 27
13 16
11 54
33 69
14 14
12 23
34 65
15 55
13 78
35 17
16 71
14 80
36 84
17 46
15 95
37 29
18 54
16 17
38 79
19 85
17 45
39 67
20 54
18 92
40 37
19 42
41 36
1 71
22 35
42 62
2 51
23 15
21 77
43 79
3 53
24 43
22 50
44 24
4 22
25 80
23 67
45 71
5 34
26 37
24 46
46 14
6 43
27 33
25 78
47 64
7 47
28 50
26 51
48 71
8 38
29 25
27 51
49 64
9 59
30 33
28 78
50 62
10 85
31 44
29 26
51 63
11 62
32 34
30 49
52 42
12 89
33 92
31 22
53 85
13 33
34 73
32 99
54 44
14 97
35 33
33 76
55 17
15 74
36 51
34 44
56 38
16 75
37 46
35 22
57 100
17 50
38 69
36 28
58 37
18 90
39 69
37 96
59 15
19 40
40 18
38 18
60 75
20 50
39 69
61 85
21 18
42 71
62 79
22 83
43 61
41 39
63 34
23 83
44 20
42 92
64 79
24 95
45 74
43 11
65 67
25 70
46 10
44 15
66 32
26 33
47 73
45 70
67 41
27 56
48 39
46 90
68 38
28 25
49 23
47 48
69 47
29 15
50 86
48 55
70 41
30 43
51 96
49 97
71 54
31 84
52 60
50 12
72 64
32 38
53 44
51 96
73 47
33 33
54 76
52 37
74 67
34 42
55 100
53 70
75 45
35 21
56 91
54 36
76 38
36 13
57 96
55 99
77 54
37 79
58 49
56 21
78 72
38 20
59 21
57 40
79 91
39 69
60 72
58 56
80 78
40 37
59 15
81 57
41 47
62 59
82 60
42 100
63 70
61 35
83 64
43 82
64 15
62 57
84 40
44 85
65 19
63 19
85 37
45 59
66 31
64 21
86 63
46 24
67 86
65 53
87 27
47 86
68 27
66 66
88 39
48 78
69 86
67 12
89 53
49 79
70 64
68 36
90 46
50 30
71 30
69 46
91 15
51 40
72 32
70 58
92 16
52 21
73 54
71 100
93 82
53 28
74 64
72 41
94 15
54 87
75 76
73 13
95 57
55 41
76 100
74 48
96 40
56 28
77 90
75 18
97 75
57 28
78 66
76 83
98 28
58 98
79 86
77 11
99 61
59 69
80 47
78 52
100 66
60 36
79 47
101 80
61 27
82 13
102 61
62 38
83 64
81 66
103 39
63 50
84 54
82 31
104 33
64 64
85 52
83 64
105 21
65 66
86 83
84 11
106 81
66 14
87 11
85 32
107 66
67 90
88 48
86 30
108 45
68 77
89 98
87 30
109 87
69 70
90 90
88 16
110 29
70 19
91 75
89 72
111 58
71 42
92 24
90 32
112 55
72 98
93 52
91 55
113 84
73 22
94 14
92 77
114 97
74 42
95 61
93 91
115 67
75 56
96 52
94 26
116 99
76 99
97 12
95 77
117 34
77 27
98 30
96 71
118 19
78 100
99 13
97 22
119 99
79 12
100 69
98 56
120 11
80 21
99 96
121 31
81 40
102 33
122 29
82 27
103 33
101 81
123 81
83 30
104 100
102 44
124 48
84 25
105 99
103 15
125 47
85 14
106 55
104 27
126 92
86 53
107 36
105 67
127 16
87 50
108 90
106 51
128 28
88 97
109 31
107 56
129 35
89 95
110 12
108 98
130 34
90 95
111 18
109 46
131 64
91 82
112 15
110 37
132 80
92 23
113 72
111 35
133 53
93 92
114 58
112 37
134 53
94 23
115 37
113 38
135 49
95 15
116 47
114 72
136 91
96 18
117 65
115 13
137 48
97 74
118 32
116 26
138 57
98 18
119 27
117 56
139 24
99 37
120 47
118 16
140 83
100 67
119 62
141 86
101 20
122 22
142 20
102 74
123 98
121 42
143 47
103 43
124 70
122 64
144 16
104 34
125 88
123 59
145 76
105 18
126 84
124 94
146 33
106 39
127 41
125 79
147 74
107 79
128 11
126 54
148 50
108 11
129 30
127 28
149 18
109 47
130 86
128 90
150 34
110 83
131 17
129 23
151 88
111 99
132 33
130 79
152 15
112 80
133 20
131 44
153 68
113 85
134 23
132 83
154 37
114 49
135 68
133 97
155 96
115 93
136 66
134 44
156 72
116 90
137 73
135 37
157 15
117 12
138 35
136 17
158 74
118 31
139 53
137 31
159 80
119 42
140 11
138 58
160 26
120 89
139 49
161 19
121 88
142 40
162 84
122 36
143 28
141 15
163 52
123 73
144 49
142 75
164 96
124 67
145 66
143 52
165 36
125 13
146 67
144 65
166 70
126 92
147 37
145 96
167 67
127 31
148 67
146 87
168 81
128 77
149 85
147 15
169 73
129 57
150 81
148 51
170 14
130 63
151 31
149 10
171 67
131 90
152 40
150 10
172 75
132 54
153 96
151 21
173 18
133 15
154 71
152 18
174 92
134 80
155 39
153 57
175 71
135 96
156 19
154 44
176 37
136 67
157 88
155 50
177 13
137 35
158 62
156 81
178 75
138 48
159 96
157 24
179 34
139 20
160 36
158 44
180 23
140 36
159 93
181 87
141 80
162 52
182 69
142 76
163 64
161 37
183 94
143 12
164 29
162 84
184 83
144 91
165 26
163 38
185 19
145 39
166 53
164 95
186 19
146 69
167 73
165 39
187 94
147 71
168 83
166 69
188 50
148 27
169 18
167 70
189 74
149 32
170 14
168 80
190 92
150 32
171 79
169 70
191 29
151 65
172 94
170 82
192 65
152 73
173 20
171 66
193 37
153 55
174 30
172 87
194 62
154 38
175 75
173 81
195 79
155 64
176 38
174 18
196 88
156 48
177 77
175 62
197 39
157 94
178 58
176 88
198 67
158 100
179 99
177 50
199 79
159 57
180 63
178 52
200 78
160 57
179 25
201 42
161 77
182 92
202 11
162 42
183 20
181 50
203 48
163 80
184 23
182 87
204 27
164 30
185 25
183 60
205 65
165 91
186 83
184 11
206 70
166 69
187 13
185 25
207 48
167 89
188 53
186 39
208 21
168 63
189 95
187 84
209 95
169 62
190 14
188 94
210 78
170 94
191 65
189 24
211 56
171 71
192 89
190 89
212 15
172 81
193 94
191 56
213 77
173 74
194 24
192 31
214 68
174 90
195 81
193 93
215 38
175 44
196 87
194 73
216 72
176 57
197 93
195 29
217 65
177 18
198 31
196 14
218 36
178 29
199 68
197 92
219 56
179 96
200 59
198 65
220 30
180 38
199 15
221 56
181 35
202 74
222 95
182 14
203 51
201 72
223 90
183 80
204 73
202 42
224 12
184 51
205 83
203 28
225 56
185 23
206 46
204 30
226 85
186 90
207 28
205 37
227 41
187 41
208 86
206 84
228 28
188 89
209 66
207 77
229 56
189 33
210 42
208 93
230 35
190 61
211 38
209 71
231 22
191 10
212 12
210 81
232 55
192 21
213 84
211 12
233 55
193 74
214 54
212 18
234 46
194 10
215 33
213 55
235 64
195 14
216 38
214 72
236 99
196 31
217 22
215 72
237 46
197 96
218 20
216 95
238 59
198 26
219 44
217 65
239 90
199 23
220 88
218 10
240 76
200 45
219 44
241 74
201 84
222 32
242 48
202 78
223 43
221 69
243 21
203 46
224 46
222 48
244 68
204 57
225 44
223 83
245 74
205 69
226 65
224 63
246 23
206 98
227 60
225 96
247 16
207 25
228 65
226 78
248 51
208 22
229 54
227 59
249 59
209 90
230 59
228 80
250 48
210 18
231 60
229 90
251 64
211 75
232 50
230 98
252 65
212 14
233 40
231 33
253 88
213 97
234 100
232 77
254 35
214 86
235 78
233 68
255 13
215 33
236 50
234 65
256 87
216 95
237 15
235 73
257 62
217 62
238 76
236 22
258 58
218 55
239 15
237 45
259 30
219 71
240 90
238 14
260 16
220 97
239 67
261 83
221 35
242 76
262 76
222 66
243 66
241 43
263 33
223 80
244 23
242 50
264 14
224 98
245 68
243 47
265 46
225 13
246 47
244 35
266 70
226 29
247 19
245 63
267 11
227 59
248 88
246 55
268 29
228 56
249 51
247 24
269 18
229 24
250 67
248 66
270 49
230 90
251 32
249 60
271 56
231 12
252 42
250 56
272 62
232 32
253 80
251 89
273 62
233 75
254 30
252 38
274 82
234 15
255 60
253 27
275 99
235 46
256 68
254 13
276 69
236 10
257 53
255 22
277 88
237 72
258 91
256 51
278 76
238 75
259 36
257 44
279 21
239 20
260 84
258 53
280 11
240 15
259 27
281 18
241 23
262 18
282 82
242 48
263 20
261 89
283 99
243 53
264 85
262 98
284 72
244 24
265 48
263 69
285 61
245 10
266 86
264 70
286 40
246 44
267 28
265 64
287 80
247 95
268 17
266 54
288 38
248 11
269 19
267 46
289 41
249 70
270 67
268 50
290 67
250 26
271 18
269 21
291 51
251 82
272 74
270 58
292 26
252 29
273 83
271 96
293 41
253 62
274 95
272 10
294 77
254 55
275 87
273 18
295 14
255 53
276 11
274 80
296 100
256 10
277 28
275 93
297 75
257 15
278 92
276 11
298 38
258 95
279 30
277 25
299 54
259 50
280 87
278 64
300 18
260 70
279 21
301 53
261 48
282 28
302 54
262 15
283 22
281 74
303 38
263 75
284 78
282 55
304 94
264 11
285 78
283 96
305 96
265 47
286 12
284 29
306 15
266 65
287 75
285 56
307 96
267 51
288 44
286 12
308 57
268 74
289 60
287 69
309 14
269 52
290 55
288 70
310 63
270 67
291 92
289 14
311 71
271 31
292 22
290 13
312 21
272 100
293 39
291 35
313 25
273 26
294 39
292 63
314 38
274 43
295 30
293 84
315 21
275 80
296 14
294 43
316 61
276 47
297 57
295 80
317 51
277 52
298 70
296 25
318 100
278 21
299 52
297 96
319 88
279 31
300 39
298 62
320 61
280 99
299 38
321 96
281 19
302 10
322 41
282 81
303 33
301 89
323 78
283 85
304 74
302 27
324 96
284 10
305 34
303 86
325 22
285 65
306 15
304 95
326 52
286 30
307 80
305 49
327 82
287 21
308 64
306 49
328 27
288 75
309 90
307 46
329 66
289 88
310 61
308 93
330 14
290 35
311 14
309 85
331 96
291 81
312 88
310 21
332 45
292 29
313 39
311 48
333 59
293 38
314 53
312 14
334 77
294 76
315 83
313 75
335 44
295 21
316 32
314 47
336 57
296 12
317 89
315 81
337 74
297 56
318 94
316 74
338 34
298 24
319 78
317 90
339 85
299 30
320 37
318 32
340 69
300 10
319 81
341 83
301 43
322 79
342 85
302 41
323 40
321 10
343 14
303 49
324 19
322 71
344 92
304 31
325 15
323 30
345 86
305 37
326 69
324 58
346 11
306 45
327 93
325 32
347 32
307 54
328 84
326 54
348 15
308 47
329 12
327 63
349 88
309 74
330 33
328 40
350 16
310 26
331 73
329 83
351 59
311 76
332 74
330 82
352 51
312 41
333 92
331 39
353 86
313 69
334 62
332 75
354 21
314 40
335 77
333 44
355 32
315 22
336 29
334 90
356 39
316 14
337 62
335 23
357 91
317 34
338 98
336 61
358 82
318 94
339 94
337 94
359 61
319 33
340 84
338 26
360 24
320 11
339 12
361 61
321 59
342 37
362 51
322 19
343 76
341 25
363 76
323 24
344 58
342 39
364 26
324 20
345 41
343 79
365 47
325 82
346 49
344 45
366 10
326 50
347 91
345 42
367 58
327 28
348 59
346 78
368 35
328 71
349 45
347 15
369 95
329 88
350 49
348 83
370 59
330 47
351 49
349 10
371 41
331 58
352 19
350 20
372 61
332 57
353 28
351 60
373 58
333 95
354 81
352 62
374 45
334 95
355 90
353 71
375 19
335 97
356 100
354 91
376 73
336 39
357 45
355 37
377 13
337 15
358 63
356 13
378 29
338 94
359 67
357 11
379 53
339 25
360 23
358 59
380 73
340 38
359 92
381 34
341 17
362 24
382 78
342 14
363 85
361 32
383 20
343 31
364 29
362 96
384 49
344 57
365 84
363 24
385 98
345 36
366 26
364 46
386 57
346 25
367 93
365 32
387 15
347 77
368 69
366 63
388 79
348 37
369 61
367 42
389 63
349 95
370 45
368 39
390 48
350 20
371 54
369 25
391 42
351 42
372 71
370 12
392 31
352 40
373 19
371 28
393 67
353 41
374 15
372 19
394 52
354 94
375 85
373 36
395 26
355 42
376 38
374 10
396 94
356 91
377 73
375 50
397 86
357 12
378 25
376 60
398 86
358 39
379 93
377 18
399 31
359 76
380 59
378 54
400 100
360 84
379 42
361 89
382 62
362 21
383 19
381 83
363 28
384 58
382 41
364 65
385 100
383 43
365 79
386 67
384 73
366 32
387 62
385 89
367 74
388 96
386 54
368 72
389 88
387 27
369 33
390 86
388 95
370 51
391 54
389 33
371 46
392 51
390 42
372 56
393 89
391 37
373 23
394 20
392 95
374 18
395 79
393 94
375 54
396 47
394 70
376 20
397 86
395 17
377 16
398 70
396 31
378 89
399 27
397 81
379 94
400 61
398 64
380 16
399 67
262
383
2 399 262 
1 274 
1 177 
2 19 251 
1 388 
1 252 
2 47 286 
1 139 
3 385 375 321 
1 239 
1 131 
2 213 72 
1 309 
2 297 10 
1 34 
2 223 137 
1 151 
2 242 193 
3 355 221 22 
3 395 66 142 
3 78 31 49 
2 229 15 
3 366 273 246 
1 256 
1 161 
2 318 121 
3 353 70 84 
1 217 
1 65 
1 207 
3 18 288 51 
3 387 144 190 
1 334 
4 230 258 62 29 
1 327 
3 200 292 26 
1 202 
3 172 99 133 
1 232 
1 107 
2 374 115 
1 373 
3 32 199 93 
1 81 
3 36 37 249 
3 8 276 268 
1 284 
2 113 344 
2 356 27 
2 195 154 
2 245 343 
1 95 
1 82 
2 149 320 
3 296 305 183 
1 155 
3 330 234 25 
2 75 30 
1 311 
1 233 
1 110 
2 397 204 
2 192 48 
1 351 
2 138 218 
2 118 76 
3 332 280 4 
1 240 
3 176 83 156 
2 153 267 
2 236 306 
3 69 340 263 
2 77 1 
1 16 
2 361 114 
2 162 383 
