400 1500 10 100 76
2
3
3
3
3
3
3
3
3
3
3
3
3
3
3
3
3
3
3
3
3
3
3
3
3
3
3
3
3
3
3
3
3
3
3
3
3
3
3
2
3
4
4
4
4
4
4
4
4
4
4
4
4
4
4
4
4
4
4
4
4
4
4
4
4
4
4
4
4
4
4
4
4
4
4
4
4
4
4
3
3
4
4
4
4
4
4
4
4
4
4
4
4
4
4
4
4
4
4
4
4
4
4
4
4
4
4
4
4
4
4
4
4
4
4
4
4
4
4
3
3
4
4
4
4
4
4
4
4
4
4
4
4
4
4
4
4
4
4
4
4
4
4
4
4
4
4
4
4
4
4
4
4
4
4
4
4
4
4
3
3
4
4
4
4
4
4
4
4
4
4
4
4
4
4
4
4
4
4
4
4
4
4
4
4
4
4
4
4
4
4
4
4
4
4
4
4
4
4
3
3
4
4
4
4
4
4
4
4
4
4
4
4
4
4
4
4
4
4
4
4
4
4
4
4
4
4
4
4
4
4
4
4
4
4
4
4
4
4
3
3
4
4
4
4
4
4
4
4
4
4
4
4
4
4
4
4
4
4
4
4
4
4
4
4
4
4
4
4
4
4
4
4
4
4
4
4
4
4
3
3
4
4
4
4
4
4
4
4
4
4
4
4
4
4
4
4
4
4
4
4
4
4
4
4
4
4
4
4
4
4
4
4
4
4
4
4
4
4
3
3
4
4
4
4
4
4
4
4
4
4
4
4
4
4
4
4
4
4
4
4
4
4
4
4
4
4
4
4
4
4
4
4
4
4
4
4
4
4
3
2
3
3
3
3
3
3
3
3
3
3
3
3
3
3
3
3
3
3
3
3
3
3
3
3
3
3
3
3
3
3
3
3
3
3
3
3
3
3
2
41 14
2 29
42 34
3 51
1 16
43 25
4 41
2 43
44 52
5 33
3 21
45 54
6 24
4 53
46 90
7 54
5 52
47 26
8 17
6 10
48 14
9 95
7 73
49 37
10 69
8 40
50 22
11 23
9 41
51 50
12 33
10 17
52 82
13 69
11 55
53 87
14 56
12 33
54 95
15 12
13 39
55 34
16 12
14 38
56 40
17 85
15 75
57 65
18 36
16 90
58 33
19 15
17 67
59 74
20 43
18 69
60 56
21 48
19 32
61 30
22 19
20 91
62 64
23 83
21 75
63 33
24 41
22 62
64 86
25 27
23 32
65 17
26 91
24 64
66 33
27 26
25 53
67 85
28 43
26 83
68 32
29 56
27 42
69 33
30 63
28 57
70 64
31 75
29 16
71 90
32 49
30 25
72 52
33 50
31 93
73 94
34 52
32 67
74 56
35 28
33 53
75 61
36 31
34 72
76 74
37 68
35 11
77 64
38 29
36 83
78 51
39 65
37 52
79 49
40 66
38 30
80 22
39 57
81 67
1 12
42 44
82 82
2 54
43 89
41 63
83 69
3 24
44 51
42 11
84 16
4 25
45 19
43 13
85 62
5 36
46 93
44 63
86 98
6 78
47 39
45 35
87 48
7 17
48 48
46 28
88 33
8 52
49 30
47 64
89 87
9 64
50 54
48 78
90 84
10 95
51 97
49 54
91 47
11 77
52 16
50 54
92 71
12 43
53 22
51 69
93 89
13 48
54 46
52 26
94 25
14 96
55 49
53 49
95 75
15 66
56 20
54 86
96 90
16 99
57 90
55 64
97 13
17 48
58 86
56 43
98 19
18 22
59 83
57 59
99 24
19 60
60 59
58 83
100 42
20 28
61 19
59 82
101 85
21 78
62 66
60 20
102 98
22 89
63 69
61 11
103 22
23 64
64 26
62 76
104 45
24 61
65 47
63 87
105 29
25 20
66 27
64 34
106 32
26 76
67 96
65 26
107 65
27 48
68 46
66 28
108 72
28 39
69 84
67 98
109 92
29 66
70 16
68 67
110 67
30 36
71 54
69 81
111 100
31 26
72 28
70 99
112 59
32 41
73 36
71 55
113 31
33 100
74 18
72 22
114 16
34 29
75 23
73 75
115 23
35 68
76 42
74 34
116 22
36 42
77 82
75 99
117 45
37 21
78 99
76 68
118 93
38 62
79 12
77 13
119 47
39 11
80 54
78 49
120 47
40 30
79 25
121 36
41 47
82 52
122 27
42 81
83 57
81 26
123 44
43 93
84 86
82 25
124 15
44 39
85 81
83 67
125 72
45 94
86 98
84 98
126 17
46 13
87 23
85 82
127 30
47 15
88 76
86 82
128 65
48 78
89 66
87 21
129 89
49 35
90 71
88 16
130 13
50 46
91 40
89 92
131 22
51 63
92 100
90 91
132 61
52 94
93 13
91 76
133 53
53 57
94 89
92 91
134 74
54 24
95 17
93 55
135 70
55 55
96 82
94 79
136 48
56 15
97 25
95 73
137 65
57 28
98 69
96 98
138 79
58 45
99 75
97 25
139 94
59 89
100 69
98 73
140 62
60 45
101 92
99 37
141 10
61 11
102 79
100 70
142 23
62 69
103 53
101 16
143 62
63 52
104 34
102 49
144 81
64 39
105 18
103 30
145 28
65 90
106 65
104 31
146 31
66 32
107 48
105 41
147 11
67 94
108 49
106 25
148 19
68 80
109 86
107 71
149 16
69 72
110 68
108 32
150 28
70 98
111 66
109 66
151 80
71 11
112 55
110 88
152 19
72 73
113 59
111 44
153 30
73 61
114 49
112 76
154 51
74 50
115 85
113 81
155 18
75 49
116 80
114 52
156 86
76 41
117 76
115 32
157 50
77 95
118 96
116 70
158 80
78 32
119 20
117 73
159 18
79 98
120 97
118 42
160 28
80 79
119 38
161 71
81 76
122 69
162 50
82 44
123 43
121 18
163 74
83 30
124 37
122 66
164 17
84 49
125 92
123 33
165 13
85 67
126 78
124 25
166 65
86 72
127 10
125 99
167 63
87 64
128 18
126 79
168 85
88 35
129 25
127 37
169 31
89 80
130 19
128 57
170 45
90 83
131 80
129 81
171 80
91 50
132 59
130 39
172 83
92 43
133 74
131 73
173 79
93 85
134 47
132 47
174 82
94 97
135 95
133 74
175 13
95 99
136 97
134 99
176 66
96 97
137 82
135 30
177 93
97 32
138 92
136 42
178 70
98 66
139 92
137 68
179 91
99 88
140 28
138 55
180 81
100 57
141 45
139 37
181 49
101 48
142 60
140 37
182 57
102 64
143 89
141 47
183 64
103 78
144 89
142 38
184 54
104 10
145 76
143 59
185 30
105 13
146 74
144 34
186 88
106 55
147 39
145 35
187 80
107 74
148 23
146 90
188 85
108 69
149 40
147 79
189 66
109 53
150 48
148 34
190 94
110 99
151 56
149 100
191 54
111 38
152 42
150 34
192 68
112 41
153 41
151 84
193 51
113 60
154 49
152 67
194 23
114 33
155 83
153 50
195 54
115 15
156 62
154 40
196 49
116 24
157 61
155 81
197 42
117 37
158 97
156 76
198 97
118 91
159 11
157 75
199 50
119 74
160 98
158 49
200 92
120 39
159 57
201 88
121 43
162 65
202 11
122 83
163 48
161 93
203 16
123 53
164 57
162 47
204 14
124 83
165 39
163 17
205 81
125 54
166 13
164 10
206 92
126 83
167 95
165 79
207 57
127 94
168 79
166 77
208 29
128 93
169 23
167 24
209 31
129 15
170 94
168 50
210 15
130 26
171 62
169 91
211 69
131 84
172 11
170 25
212 91
132 53
173 21
171 48
213 92
133 70
174 16
172 69
214 88
134 99
175 16
173 27
215 44
135 73
176 86
174 46
216 51
136 34
177 72
175 42
217 91
137 27
178 62
176 81
218 37
138 71
179 80
177 76
219 80
139 90
180 12
178 56
220 81
140 16
181 58
179 69
221 27
141 59
182 65
180 63
222 58
142 71
183 73
181 68
223 37
143 48
184 29
182 47
224 42
144 48
185 45
183 48
225 77
145 91
186 41
184 81
226 10
146 31
187 54
185 67
227 61
147 67
188 27
186 30
228 82
148 11
189 90
187 59
229 74
149 24
190 85
188 46
230 94
150 95
191 78
189 27
231 17
151 14
192 87
190 93
232 13
152 63
193 70
191 73
233 64
153 34
194 39
192 64
234 45
154 95
195 30
193 66
235 10
155 44
196 86
194 13
236 84
156 96
197 99
195 60
237 84
157 21
198 97
196 36
238 25
158 46
199 89
197 22
239 85
159 20
200 81
198 96
240 59
160 76
199 87
241 24
161 10
202 71
242 38
162 34
203 88
201 89
243 32
163 100
204 34
202 68
244 34
164 75
205 36
203 66
245 27
165 44
206 17
204 98
246 84
166 90
207 87
205 39
247 19
167 75
208 35
206 10
248 19
168 34
209 88
207 77
249 95
169 17
210 28
208 11
250 10
170 14
211 41
209 76
251 49
171 64
212 100
210 75
252 65
172 67
213 81
211 34
253 77
173 72
214 86
212 28
254 24
174 64
215 76
213 20
255 94
175 35
216 70
214 84
256 58
176 26
217 60
215 92
257 40
177 26
218 17
216 80
258 62
178 29
219 31
217 54
259 27
179 98
220 12
218 26
260 96
180 77
221 48
219 65
261 13
181 58
222 75
220 56
262 63
182 10
223 61
221 32
263 38
183 47
224 89
222 99
264 94
184 44
225 87
223 88
265 11
185 78
226 46
224 56
266 23
186 94
227 21
225 48
267 34
187 89
228 21
226 93
268 16
188 20
229 26
227 15
269 16
189 57
230 89
228 69
270 35
190 31
231 50
229 72
271 58
191 38
232 10
230 37
272 74
192 71
233 29
231 43
273 16
193 49
234 25
232 81
274 71
194 94
235 22
233 30
275 70
195 95
236 64
234 29
276 42
196 15
237 23
235 69
277 46
197 77
238 76
236 14
278 77
198 41
239 36
237 19
279 87
199 87
240 90
238 42
280 48
200 17
239 87
281 16
201 63
242 100
282 37
202 12
243 67
241 83
283 58
203 96
244 58
242 89
284 73
204 55
245 70
243 77
285 18
205 55
246 13
244 64
286 64
206 100
247 79
245 89
287 30
207 92
248 32
246 94
288 97
208 62
249 17
247 65
289 81
209 62
250 76
248 78
290 59
210 10
251 58
249 84
291 32
211 11
252 22
250 51
292 94
212 98
253 36
251 16
293 98
213 27
254 16
252 55
294 28
214 20
255 99
253 35
295 10
215 13
256 48
254 36
296 19
216 74
257 85
255 48
297 100
217 96
258 61
256 29
298 34
218 79
259 32
257 75
299 82
219 41
260 79
258 88
300 24
220 50
261 26
259 85
301 76
221 45
262 40
260 86
302 81
222 17
263 67
261 87
303 82
223 82
264 41
262 95
304 49
224 87
265 17
263 64
305 44
225 69
266 38
264 70
306 100
226 33
267 100
265 51
307 87
227 73
268 81
266 31
308 61
228 47
269 70
267 52
309 89
229 73
270 20
268 88
310 16
230 76
271 48
269 44
311 34
231 27
272 18
270 92
312 57
232 55
273 61
271 74
313 53
233 34
274 32
272 44
314 15
234 53
275 73
273 70
315 31
235 84
276 66
274 48
316 21
236 62
277 40
275 98
317 64
237 23
278 77
276 69
318 47
238 46
279 33
277 85
319 12
239 22
280 64
278 22
320 33
240 47
279 47
321 17
241 65
282 22
322 79
242 19
283 59
281 49
323 33
243 17
284 57
282 93
324 57
244 17
285 93
283 87
325 12
245 10
286 67
284 38
326 67
246 75
287 73
285 82
327 16
247 70
288 82
286 58
328 30
248 77
289 75
287 57
329 79
249 48
290 97
288 12
330 62
250 20
291 100
289 58
331 95
251 93
292 67
290 54
332 11
252 99
293 66
291 22
333 99
253 39
294 19
292 54
334 99
254 53
295 13
293 54
335 26
255 88
296 47
294 15
336 89
256 53
297 59
295 53
337 27
257 51
298 28
296 29
338 39
258 24
299 56
297 45
339 49
259 63
300 82
298 83
340 50
260 58
301 52
299 47
341 85
261 12
302 85
300 80
342 42
262 82
303 38
301 73
343 63
263 36
304 86
302 48
344 78
264 20
305 68
303 88
345 40
265 44
306 34
304 91
346 11
266 49
307 26
305 43
347 45
267 88
308 47
306 22
348 13
268 96
309 23
307 71
349 33
269 59
310 53
308 14
350 11
270 79
311 79
309 65
351 100
271 90
312 49
310 95
352 42
272 15
313 55
311 33
353 71
273 15
314 22
312 63
354 14
274 70
315 26
313 44
355 72
275 30
316 71
314 13
356 99
276 17
317 50
315 53
357 74
277 34
318 95
316 57
358 13
278 28
319 13
317 98
359 87
279 59
320 93
318 96
360 47
280 44
319 81
361 76
281 40
322 90
362 36
282 39
323 68
321 37
363 14
283 53
324 59
322 40
364 96
284 92
325 27
323 14
365 19
285 54
326 72
324 22
366 45
286 58
327 95
325 93
367 57
287 79
328 65
326 47
368 76
288 44
329 64
327 34
369 100
289 58
330 10
328 26
370 49
290 23
331 50
329 73
371 94
291 99
332 79
330 34
372 71
292 69
333 67
331 99
373 38
293 30
334 26
332 10
374 82
294 29
335 46
333 28
375 31
295 82
336 72
334 35
376 45
296 49
337 71
335 91
377 80
297 76
338 64
336 83
378 32
298 66
339 60
337 45
379 65
299 71
340 20
338 42
380 100
300 30
341 68
339 11
381 12
301 14
342 16
340 85
382 42
302 65
343 43
341 13
383 35
303 88
344 23
342 11
384 38
304 82
345 14
343 39
385 85
305 56
346 82
344 22
386 28
306 53
347 39
345 57
387 37
307 75
348 40
346 90
388 50
308 46
349 24
347 86
389 99
309 72
350 27
348 81
390 36
310 10
351 34
349 77
391 83
311 41
352 16
350 11
392 56
312 63
353 21
351 95
393 24
313 33
354 67
352 39
394 55
314 95
355 97
353 86
395 76
315 69
356 61
354 84
396 61
316 71
357 59
355 15
397 57
317 34
358 53
356 17
398 96
318 99
359 11
357 72
399 18
319 21
360 65
358 59
400 44
320 41
359 54
321 71
362 61
322 85
363 33
361 90
323 69
364 72
362 22
324 52
365 42
363 15
325 52
366 10
364 81
326 28
367 26
365 68
327 67
368 80
366 90
328 83
369 13
367 86
329 93
370 43
368 33
330 15
371 62
369 74
331 40
372 43
370 100
332 16
373 74
371 12
333 37
374 10
372 27
334 13
375 39
373 62
335 19
376 17
374 40
336 47
377 91
375 50
337 96
378 73
376 10
338 38
379 86
377 73
339 24
380 30
378 25
340 15
381 97
379 73
341 64
382 60
380 67
342 32
383 49
381 24
343 89
384 83
382 32
344 19
385 77
383 59
345 20
386 40
384 31
346 90
387 49
385 19
347 63
388 28
386 55
348 99
389 17
387 59
349 38
390 92
388 67
350 42
391 67
389 45
351 42
392 57
390 96
352 28
393 86
391 88
353 18
394 13
392 97
354 35
395 79
393 11
355 37
396 99
394 98
356 97
397 34
395 27
357 20
398 33
396 25
358 23
399 69
397 75
359 62
400 59
398 70
360 73
399 96
28
117
3 350 107 28 
3 286 321 64 
1 392 
2 86 2 
1 242 
2 169 69 
3 71 31 186 
3 154 332 47 
1 176 
3 395 51 57 
3 84 25 346 
1 314 
1 306 
1 74 
1 319 
2 196 246 
1 89 
1 382 
1 394 
2 255 383 
2 293 56 
4 281 333 184 388 
1 14 
2 198 114 
2 164 292 
2 128 200 
2 250 155 
1 290 
5 273 231 91 145 148 
3 312 5 54 
1 380 
1 106 
1 308 
1 363 
2 62 241 
2 336 53 
2 238 199 
4 301 193 35 44 
1 311 
1 113 
2 274 102 
2 367 190 
1 111 
3 225 360 317 
1 60 
1 119 
1 161 
3 20 327 219 
3 32 79 378 
2 307 180 
1 398 
1 288 
1 271 
1 138 
3 160 289 93 
1 278 
2 385 166 
2 120 58 
1 252 
2 92 67 
3 201 76 263 
1 235 
1 124 
3 331 129 325 
1 131 
1 373 
1 229 
3 239 244 352 
2 320 267 
1 245 
3 189 112 304 
2 282 299 
3 285 294 197 
3 163 127 322 
1 384 
1 117 
