400 1500 10 100 76
2
3
3
3
3
3
3
3
3
3
3
3
3
3
3
3
3
3
3
3
3
3
3
3
3
3
3
3
3
3
3
3
3
3
3
3
3
3
3
2
3
4
4
4
4
4
4
4
4
4
4
4
4
4
4
4
4
4
4
4
4
4
4
4
4
4
4
4
4
4
4
4
4
4
4
4
4
4
4
3
3
4
4
4
4
4
4
4
4
4
4
4
4
4
4
4
4
4
4
4
4
4
4
4
4
4
4
4
4
4
4
4
4
4
4
4
4
4
4
3
3
4
4
4
4
4
4
4
4
4
4
4
4
4
4
4
4
4
4
4
4
4
4
4
4
4
4
4
4
4
4
4
4
4
4
4
4
4
4
3
3
4
4
4
4
4
4
4
4
4
4
4
4
4
4
4
4
4
4
4
4
4
4
4
4
4
4
4
4
4
4
4
4
4
4
4
4
4
4
3
3
4
4
4
4
4
4
4
4
4
4
4
4
4
4
4
4
4
4
4
4
4
4
4
4
4
4
4
4
4
4
4
4
4
4
4
4
4
4
3
3
4
4
4
4
4
4
4
4
4
4
4
4
4
4
4
4
4
4
4
4
4
4
4
4
4
4
4
4
4
4
4
4
4
4
4
4
4
4
3
3
4
4
4
4
4
4
4
4
4
4
4
4
4
4
4
4
4
4
4
4
4
4
4
4
4
4
4
4
4
4
4
4
4
4
4
4
4
4
3
3
4
4
4
4
4
4
4
4
4
4
4
4
4
4
4
4
4
4
4
4
4
4
4
4
4
4
4
4
4
4
4
4
4
4
4
4
4
4
3
2
3
3
3
3
3
3
3
3
3
3
3
3
3
3
3
3
3
3
3
3
3
3
3
3
3
3
3
3
3
3
3
3
3
3
3
3
3
3
2
41 90
2 29
42 29
3 73
1 95
43 73
4 83
2 92
44 63
5 29
3 92
45 17
6 53
4 82
46 62
7 19
5 58
47 43
8 32
6 54
48 21
9 90
7 70
49 58
10 99
8 83
50 61
11 79
9 41
51 68
12 86
10 11
52 94
13 15
11 84
53 99
14 70
12 40
54 59
15 95
13 82
55 77
16 65
14 70
56 92
17 93
15 12
57 88
18 12
16 21
58 94
19 39
17 62
59 97
20 76
18 40
60 67
21 49
19 54
61 56
22 88
20 57
62 32
23 17
21 77
63 18
24 73
22 84
64 77
25 61
23 25
65 57
26 66
24 74
66 44
27 47
25 13
67 28
28 21
26 40
68 43
29 23
27 17
69 22
30 19
28 41
70 29
31 83
29 25
71 79
32 58
30 20
72 39
33 94
31 47
73 30
34 53
32 37
74 20
35 95
33 99
75 95
36 36
34 64
76 82
37 22
35 95
77 77
38 95
36 48
78 12
39 17
37 60
79 95
40 72
38 79
80 72
39 53
81 91
1 88
42 66
82 55
2 40
43 14
41 84
83 59
3 81
44 50
42 90
84 18
4 78
45 31
43 42
85 40
5 67
46 26
44 97
86 22
6 73
47 39
45 60
87 36
7 26
48 26
46 38
88 93
8 61
49 89
47 36
89 47
9 49
50 91
48 31
90 45
10 92
51 60
49 68
91 12
11 29
52 83
50 68
92 32
12 18
53 64
51 31
93 28
13 85
54 20
52 75
94 52
14 22
55 35
53 33
95 88
15 72
56 38
54 34
96 18
16 46
57 41
55 61
97 12
17 59
58 90
56 88
98 52
18 95
59 33
57 82
99 57
19 86
60 93
58 93
100 99
20 21
61 96
59 97
101 50
21 89
62 92
60 92
102 35
22 81
63 61
61 90
103 86
23 26
64 26
62 51
104 58
24 90
65 44
63 49
105 16
25 37
66 32
64 60
106 31
26 97
67 79
65 96
107 30
27 57
68 56
66 90
108 41
28 86
69 70
67 38
109 66
29 31
70 72
68 96
110 56
30 65
71 100
69 46
111 96
31 19
72 66
70 85
112 24
32 89
73 73
71 70
113 53
33 78
74 59
72 26
114 15
34 31
75 25
73 62
115 63
35 97
76 29
74 88
116 75
36 100
77 59
75 48
117 89
37 40
78 57
76 24
118 16
38 55
79 91
77 17
119 96
39 58
80 25
78 30
120 43
40 76
79 59
121 18
41 53
82 40
122 43
42 68
83 92
81 58
123 59
43 86
84 63
82 43
124 90
44 93
85 46
83 23
125 78
45 98
86 96
84 79
126 74
46 86
87 76
85 91
127 64
47 88
88 81
86 69
128 28
48 26
89 54
87 74
129 48
49 73
90 63
88 27
130 36
50 13
91 34
89 77
131 10
51 100
92 77
90 58
132 91
52 81
93 33
91 64
133 91
53 57
94 57
92 49
134 76
54 78
95 35
93 14
135 77
55 72
96 23
94 86
136 51
56 72
97 54
95 53
137 39
57 76
98 46
96 15
138 25
58 77
99 32
97 38
139 18
59 17
100 15
98 27
140 87
60 12
101 23
99 54
141 69
61 71
102 83
100 28
142 53
62 55
103 13
101 50
143 74
63 82
104 62
102 65
144 88
64 10
105 19
103 57
145 32
65 35
106 79
104 35
146 85
66 40
107 91
105 14
147 15
67 47
108 40
106 70
148 62
68 56
109 33
107 34
149 33
69 87
110 28
108 44
150 58
70 40
111 78
109 91
151 85
71 60
112 73
110 23
152 98
72 59
113 82
111 71
153 40
73 91
114 59
112 75
154 37
74 69
115 43
113 33
155 54
75 23
116 15
114 47
156 100
76 12
117 16
115 78
157 14
77 29
118 78
116 98
158 19
78 11
119 32
117 80
159 18
79 64
120 47
118 52
160 62
80 72
119 25
161 18
81 25
122 28
162 18
82 97
123 24
121 19
163 40
83 94
124 99
122 26
164 55
84 16
125 12
123 77
165 36
85 13
126 35
124 76
166 25
86 30
127 68
125 25
167 55
87 69
128 18
126 59
168 86
88 31
129 58
127 23
169 28
89 25
130 19
128 92
170 92
90 95
131 100
129 81
171 89
91 40
132 30
130 64
172 20
92 58
133 12
131 34
173 35
93 26
134 28
132 76
174 87
94 95
135 30
133 88
175 17
95 81
136 89
134 23
176 55
96 49
137 12
135 23
177 15
97 57
138 73
136 76
178 70
98 81
139 85
137 49
179 86
99 27
140 32
138 20
180 23
100 89
141 100
139 42
181 36
101 90
142 88
140 12
182 73
102 35
143 18
141 21
183 96
103 38
144 51
142 58
184 97
104 76
145 58
143 34
185 38
105 94
146 57
144 33
186 63
106 70
147 17
145 36
187 44
107 43
148 11
146 16
188 63
108 21
149 77
147 42
189 90
109 59
150 63
148 18
190 76
110 76
151 57
149 86
191 52
111 75
152 21
150 11
192 51
112 18
153 21
151 74
193 71
113 42
154 77
152 100
194 53
114 48
155 20
153 69
195 22
115 49
156 92
154 62
196 23
116 54
157 56
155 23
197 21
117 48
158 77
156 22
198 61
118 80
159 39
157 46
199 88
119 12
160 29
158 38
200 53
120 88
159 10
201 12
121 40
162 15
202 25
122 96
163 18
161 40
203 83
123 84
164 44
162 74
204 56
124 78
165 86
163 93
205 81
125 28
166 30
164 23
206 81
126 67
167 28
165 28
207 18
127 12
168 67
166 48
208 100
128 39
169 86
167 67
209 28
129 43
170 47
168 87
210 96
130 65
171 39
169 52
211 25
131 44
172 67
170 83
212 68
132 35
173 69
171 99
213 66
133 45
174 81
172 34
214 69
134 77
175 73
173 20
215 66
135 30
176 25
174 23
216 89
136 37
177 25
175 71
217 100
137 99
178 88
176 15
218 26
138 91
179 38
177 81
219 16
139 94
180 73
178 62
220 12
140 55
181 11
179 27
221 37
141 48
182 28
180 94
222 26
142 25
183 74
181 12
223 18
143 93
184 59
182 33
224 40
144 37
185 86
183 17
225 97
145 31
186 56
184 34
226 34
146 87
187 29
185 66
227 72
147 83
188 68
186 62
228 51
148 91
189 66
187 67
229 41
149 56
190 63
188 48
230 87
150 18
191 15
189 41
231 38
151 95
192 12
190 51
232 59
152 30
193 56
191 71
233 97
153 59
194 65
192 91
234 13
154 42
195 68
193 26
235 75
155 30
196 87
194 35
236 27
156 80
197 74
195 88
237 70
157 51
198 81
196 59
238 93
158 56
199 44
197 21
239 99
159 80
200 66
198 89
240 95
160 12
199 95
241 81
161 29
202 91
242 14
162 100
203 48
201 21
243 14
163 84
204 71
202 67
244 27
164 68
205 30
203 19
245 30
165 66
206 72
204 49
246 66
166 75
207 52
205 20
247 11
167 96
208 66
206 44
248 96
168 86
209 39
207 12
249 21
169 24
210 45
208 77
250 97
170 81
211 69
209 43
251 64
171 83
212 99
210 47
252 83
172 47
213 33
211 25
253 41
173 37
214 66
212 48
254 56
174 71
215 70
213 15
255 95
175 70
216 95
214 69
256 20
176 85
217 56
215 65
257 30
177 99
218 67
216 36
258 74
178 48
219 82
217 98
259 42
179 96
220 77
218 12
260 30
180 66
221 76
219 80
261 84
181 89
222 13
220 94
262 63
182 66
223 56
221 93
263 91
183 16
224 39
222 10
264 92
184 51
225 100
223 87
265 67
185 42
226 12
224 53
266 42
186 18
227 59
225 94
267 95
187 77
228 50
226 26
268 48
188 25
229 23
227 57
269 84
189 25
230 91
228 57
270 36
190 70
231 18
229 55
271 91
191 52
232 46
230 73
272 39
192 88
233 70
231 32
273 66
193 100
234 84
232 85
274 18
194 63
235 25
233 44
275 26
195 12
236 41
234 97
276 35
196 38
237 40
235 30
277 37
197 98
238 53
236 23
278 91
198 76
239 64
237 41
279 11
199 58
240 66
238 92
280 65
200 97
239 26
281 31
201 51
242 89
282 70
202 92
243 57
241 64
283 74
203 28
244 58
242 39
284 55
204 13
245 15
243 61
285 24
205 34
246 97
244 25
286 30
206 38
247 45
245 26
287 100
207 15
248 21
246 18
288 98
208 51
249 14
247 68
289 39
209 67
250 31
248 71
290 34
210 95
251 64
249 14
291 56
211 89
252 80
250 28
292 67
212 78
253 81
251 37
293 24
213 63
254 45
252 77
294 53
214 15
255 30
253 64
295 29
215 30
256 27
254 33
296 58
216 71
257 33
255 28
297 27
217 98
258 95
256 60
298 67
218 18
259 11
257 41
299 39
219 20
260 19
258 67
300 67
220 88
261 49
259 70
301 89
221 24
262 36
260 72
302 45
222 68
263 56
261 27
303 96
223 88
264 88
262 100
304 98
224 40
265 25
263 99
305 17
225 82
266 75
264 69
306 100
226 68
267 55
265 76
307 20
227 16
268 41
266 26
308 79
228 79
269 91
267 96
309 35
229 71
270 71
268 82
310 84
230 57
271 96
269 46
311 72
231 67
272 68
270 62
312 80
232 44
273 42
271 97
313 54
233 22
274 89
272 29
314 55
234 95
275 76
273 76
315 21
235 95
276 60
274 25
316 89
236 29
277 83
275 86
317 34
237 87
278 30
276 54
318 40
238 54
279 47
277 75
319 23
239 25
280 25
278 79
320 20
240 66
279 17
321 48
241 25
282 48
322 26
242 47
283 71
281 88
323 79
243 66
284 72
282 24
324 63
244 71
285 57
283 23
325 79
245 59
286 12
284 44
326 10
246 28
287 24
285 49
327 14
247 80
288 46
286 17
328 65
248 65
289 67
287 35
329 27
249 76
290 54
288 65
330 28
250 74
291 90
289 31
331 60
251 90
292 85
290 35
332 49
252 81
293 96
291 65
333 88
253 14
294 88
292 67
334 37
254 16
295 80
293 80
335 38
255 22
296 40
294 71
336 91
256 87
297 38
295 11
337 75
257 51
298 74
296 48
338 39
258 84
299 32
297 44
339 77
259 19
300 43
298 22
340 98
260 29
301 55
299 30
341 44
261 90
302 13
300 67
342 93
262 47
303 23
301 78
343 63
263 31
304 81
302 84
344 67
264 42
305 42
303 56
345 22
265 48
306 49
304 45
346 42
266 49
307 51
305 58
347 94
267 57
308 65
306 83
348 92
268 78
309 19
307 13
349 35
269 10
310 39
308 10
350 24
270 60
311 73
309 87
351 16
271 44
312 56
310 48
352 91
272 50
313 36
311 12
353 30
273 33
314 49
312 55
354 26
274 56
315 72
313 70
355 37
275 74
316 97
314 80
356 25
276 56
317 32
315 19
357 99
277 63
318 56
316 36
358 76
278 42
319 26
317 56
359 25
279 29
320 52
318 98
360 32
280 67
319 78
361 60
281 95
322 42
362 18
282 80
323 91
321 34
363 43
283 88
324 75
322 77
364 67
284 36
325 97
323 75
365 81
285 50
326 33
324 64
366 57
286 27
327 97
325 57
367 44
287 64
328 79
326 50
368 81
288 96
329 35
327 46
369 40
289 83
330 10
328 13
370 33
290 81
331 98
329 15
371 78
291 91
332 16
330 40
372 38
292 31
333 18
331 25
373 41
293 92
334 12
332 49
374 80
294 69
335 62
333 33
375 41
295 34
336 68
334 21
376 53
296 43
337 61
335 60
377 64
297 66
338 17
336 74
378 49
298 16
339 100
337 43
379 12
299 59
340 64
338 55
380 57
300 25
341 92
339 40
381 73
301 21
342 14
340 21
382 87
302 77
343 73
341 87
383 51
303 38
344 17
342 71
384 38
304 96
345 21
343 27
385 44
305 87
346 48
344 92
386 43
306 55
347 23
345 94
387 61
307 60
348 68
346 88
388 11
308 20
349 50
347 16
389 62
309 18
350 64
348 74
390 79
310 96
351 40
349 84
391 47
311 46
352 61
350 63
392 32
312 37
353 28
351 20
393 98
313 85
354 92
352 75
394 90
314 77
355 52
353 39
395 46
315 91
356 63
354 69
396 45
316 10
357 34
355 54
397 100
317 63
358 80
356 59
398 12
318 84
359 93
357 12
399 15
319 28
360 10
358 100
400 84
320 41
359 84
321 55
362 16
322 24
363 70
361 38
323 22
364 58
362 73
324 10
365 67
363 61
325 44
366 96
364 78
326 78
367 88
365 21
327 99
368 58
366 87
328 94
369 70
367 76
329 74
370 79
368 74
330 13
371 68
369 18
331 30
372 87
370 30
332 56
373 15
371 59
333 15
374 64
372 54
334 10
375 86
373 18
335 30
376 60
374 66
336 88
377 35
375 25
337 52
378 100
376 76
338 44
379 92
377 25
339 65
380 83
378 95
340 38
381 25
379 18
341 48
382 89
380 74
342 88
383 92
381 41
343 92
384 70
382 11
344 83
385 54
383 68
345 30
386 39
384 63
346 67
387 24
385 25
347 78
388 93
386 68
348 34
389 62
387 63
349 81
390 54
388 56
350 33
391 28
389 72
351 62
392 78
390 86
352 91
393 46
391 79
353 40
394 77
392 66
354 68
395 48
393 33
355 23
396 94
394 68
356 56
397 81
395 66
357 96
398 22
396 98
358 76
399 82
397 78
359 47
400 25
398 26
360 74
399 23
295
394
1 295 
2 186 204 
1 56 
3 197 264 130 
1 392 
2 198 322 
1 24 
2 21 62 
1 307 
2 101 87 
2 359 163 
1 111 
2 230 20 
4 240 343 363 173 
1 95 
2 340 110 
1 218 
2 302 382 
1 381 
1 25 
1 185 
1 369 
4 327 374 362 154 
2 316 179 
1 288 
4 120 356 75 246 
1 171 
3 398 11 276 
2 354 60 
1 143 
1 26 
2 81 209 
1 84 
1 64 
1 355 
2 384 274 
1 152 
3 223 231 385 
1 184 
2 222 333 
1 2 
2 52 149 
2 353 48 
3 15 58 225 
4 233 122 358 153 
1 114 
3 112 126 263 
1 364 
1 102 
2 247 76 
2 16 395 
2 175 203 
1 44 
1 390 
2 23 279 
2 290 321 
3 104 72 239 
1 4 
3 342 85 53 
2 281 37 
2 160 227 
3 70 202 350 
2 352 367 
2 18 312 
2 145 341 
1 308 
1 251 
2 90 31 
4 215 1 190 258 
2 360 155 
1 254 
2 144 313 
4 329 74 270 7 
1 73 
2 275 372 
2 89 394 
