625 2400 10 100 118
2
3
3
3
3
3
3
3
3
3
3
3
3
3
3
3
3
3
3
3
3
3
3
3
2
3
4
4
4
4
4
4
4
4
4
4
4
4
4
4
4
4
4
4
4
4
4
4
4
3
3
4
4
4
4
4
4
4
4
4
4
4
4
4
4
4
4
4
4
4
4
4
4
4
3
3
4
4
4
4
4
4
4
4
4
4
4
4
4
4
4
4
4
4
4
4
4
4
4
3
3
4
4
4
4
4
4
4
4
4
4
4
4
4
4
4
4
4
4
4
4
4
4
4
3
3
4
4
4
4
4
4
4
4
4
4
4
4
4
4
4
4
4
4
4
4
4
4
4
3
3
4
4
4
4
4
4
4
4
4
4
4
4
4
4
4
4
4
4
4
4
4
4
4
3
3
4
4
4
4
4
4
4
4
4
4
4
4
4
4
4
4
4
4
4
4
4
4
4
3
3
4
4
4
4
4
4
4
4
4
4
4
4
4
4
4
4
4
4
4
4
4
4
4
3
3
4
4
4
4
4
4
4
4
4
4
4
4
4
4
4
4
4
4
4
4
4
4
4
3
3
4
4
4
4
4
4
4
4
4
4
4
4
4
4
4
4
4
4
4
4
4
4
4
3
3
4
4
4
4
4
4
4
4
4
4
4
4
4
4
4
4
4
4
4
4
4
4
4
3
3
4
4
4
4
4
4
4
4
4
4
4
4
4
4
4
4
4
4
4
4
4
4
4
3
3
4
4
4
4
4
4
4
4
4
4
4
4
4
4
4
4
4
4
4
4
4
4
4
3
3
4
4
4
4
4
4
4
4
4
4
4
4
4
4
4
4
4
4
4
4
4
4
4
3
3
4
4
4
4
4
4
4
4
4
4
4
4
4
4
4
4
4
4
4
4
4
4
4
3
3
4
4
4
4
4
4
4
4
4
4
4
4
4
4
4
4
4
4
4
4
4
4
4
3
3
4
4
4
4
4
4
4
4
4
4
4
4
4
4
4
4
4
4
4
4
4
4
4
3
3
4
4
4
4
4
4
4
4
4
4
4
4
4
4
4
4
4
4
4
4
4
4
4
3
3
4
4
4
4
4
4
4
4
4
4
4
4
4
4
4
4
4
4
4
4
4
4
4
3
3
4
4
4
4
4
4
4
4
4
4
4
4
4
4
4
4
4
4
4
4
4
4
4
3
3
4
4
4
4
4
4
4
4
4
4
4
4
4
4
4
4
4
4
4
4
4
4
4
3
3
4
4
4
4
4
4
4
4
4
4
4
4
4
4
4
4
4
4
4
4
4
4
4
3
3
4
4
4
4
4
4
4
4
4
4
4
4
4
4
4
4
4
4
4
4
4
4
4
3
2
3
3
3
3
3
3
3
3
3
3
3
3
3
3
3
3
3
3
3
3
3
3
3
2
26 61
2 29
27 79
3 33
1 40
28 43
4 25
2 87
29 62
5 61
3 32
30 48
6 73
4 13
31 68
7 71
5 84
32 50
8 24
6 37
33 43
9 11
7 50
34 24
10 55
8 34
35 22
11 41
9 16
36 12
12 30
10 71
37 58
13 50
11 80
38 60
14 14
12 79
39 20
15 75
13 42
40 51
16 14
14 80
41 61
17 15
15 53
42 39
18 86
16 51
43 58
19 60
17 93
44 78
20 63
18 86
45 77
21 78
19 11
46 47
22 29
20 77
47 22
23 81
21 42
48 92
24 91
22 51
49 63
25 51
23 67
50 33
24 78
51 48
1 95
27 17
52 80
2 81
28 63
26 79
53 50
3 66
29 83
27 65
54 13
4 26
30 62
28 51
55 23
5 82
31 17
29 57
56 86
6 60
32 99
30 78
57 27
7 89
33 89
31 100
58 24
8 65
34 87
32 78
59 75
9 80
35 96
33 22
60 63
10 29
36 66
34 73
61 98
11 27
37 20
35 48
62 12
12 97
38 65
36 43
63 52
13 28
39 32
37 99
64 35
14 42
40 59
38 62
65 55
15 74
41 77
39 56
66 65
16 38
42 98
40 75
67 100
17 31
43 16
41 88
68 73
18 29
44 90
42 55
69 42
19 79
45 87
43 33
70 77
20 33
46 47
44 94
71 40
21 11
47 41
45 24
72 32
22 23
48 12
46 29
73 70
23 38
49 63
47 62
74 83
24 95
50 29
48 35
75 18
25 92
49 13
76 86
26 57
52 21
77 48
27 44
53 44
51 27
78 39
28 58
54 81
52 73
79 99
29 28
55 15
53 40
80 86
30 72
56 91
54 11
81 100
31 51
57 30
55 33
82 24
32 21
58 68
56 47
83 90
33 30
59 50
57 48
84 32
34 66
60 87
58 64
85 10
35 27
61 14
59 77
86 59
36 18
62 42
60 54
87 65
37 36
63 91
61 51
88 87
38 83
64 44
62 38
89 17
39 65
65 16
63 86
90 44
40 44
66 49
64 94
91 33
41 82
67 48
65 74
92 61
42 14
68 49
66 59
93 92
43 48
69 52
67 80
94 53
44 79
70 46
68 54
95 12
45 87
71 26
69 19
96 33
46 73
72 55
70 85
97 74
47 50
73 16
71 70
98 52
48 73
74 14
72 15
99 30
49 89
75 16
73 77
100 82
50 16
74 45
101 35
51 15
77 78
102 28
52 89
78 32
76 60
103 31
53 34
79 75
77 68
104 37
54 60
80 35
78 15
105 20
55 78
81 54
79 50
106 45
56 51
82 100
80 31
107 12
57 34
83 92
81 56
108 100
58 81
84 23
82 77
109 38
59 10
85 93
83 33
110 82
60 55
86 80
84 53
111 81
61 45
87 96
85 69
112 17
62 25
88 82
86 40
113 64
63 38
89 66
87 72
114 35
64 44
90 91
88 41
115 41
65 43
91 42
89 27
116 83
66 55
92 80
90 15
117 58
67 86
93 90
91 78
118 72
68 82
94 87
92 89
119 35
69 63
95 36
93 55
120 53
70 63
96 97
94 30
121 45
71 86
97 41
95 30
122 93
72 40
98 73
96 96
123 13
73 42
99 68
97 32
124 31
74 83
100 78
98 26
125 40
75 15
99 53
126 70
76 25
102 13
127 60
77 64
103 73
101 89
128 20
78 20
104 56
102 11
129 89
79 32
105 69
103 36
130 86
80 99
106 52
104 77
131 71
81 88
107 60
105 95
132 76
82 64
108 98
106 90
133 77
83 57
109 17
107 94
134 17
84 92
110 75
108 69
135 50
85 69
111 16
109 80
136 44
86 33
112 83
110 73
137 24
87 79
113 39
111 41
138 79
88 86
114 70
112 18
139 38
89 18
115 86
113 96
140 60
90 18
116 58
114 14
141 15
91 10
117 23
115 90
142 28
92 73
118 18
116 21
143 84
93 18
119 73
117 68
144 28
94 39
120 79
118 19
145 37
95 64
121 95
119 73
146 98
96 49
122 44
120 38
147 70
97 99
123 50
121 37
148 65
98 28
124 65
122 53
149 95
99 24
125 94
123 61
150 40
100 77
124 76
151 57
101 25
127 25
152 60
102 48
128 93
126 41
153 94
103 78
129 88
127 95
154 66
104 81
130 21
128 23
155 11
105 39
131 52
129 80
156 16
106 51
132 17
130 40
157 91
107 70
133 94
131 79
158 52
108 93
134 14
132 22
159 22
109 98
135 22
133 69
160 52
110 28
136 12
134 92
161 86
111 34
137 47
135 63
162 89
112 79
138 60
136 23
163 29
113 12
139 36
137 36
164 43
114 70
140 29
138 73
165 43
115 18
141 100
139 97
166 35
116 25
142 94
140 55
167 99
117 24
143 42
141 27
168 55
118 14
144 67
142 65
169 24
119 62
145 92
143 26
170 96
120 53
146 70
144 18
171 94
121 47
147 77
145 45
172 40
122 88
148 83
146 88
173 66
123 52
149 59
147 90
174 97
124 97
150 31
148 44
175 13
125 28
149 48
176 15
126 74
152 73
177 24
127 48
153 64
151 91
178 24
128 64
154 96
152 38
179 76
129 45
155 96
153 11
180 88
130 95
156 50
154 24
181 55
131 45
157 44
155 80
182 60
132 59
158 77
156 85
183 89
133 15
159 53
157 30
184 45
134 33
160 58
158 98
185 16
135 14
161 82
159 27
186 100
136 89
162 85
160 32
187 46
137 43
163 57
161 28
188 45
138 53
164 70
162 63
189 81
139 43
165 60
163 78
190 19
140 15
166 43
164 19
191 43
141 28
167 87
165 33
192 45
142 20
168 79
166 13
193 53
143 87
169 40
167 75
194 30
144 14
170 91
168 42
195 77
145 78
171 97
169 21
196 17
146 62
172 35
170 34
197 53
147 34
173 33
171 45
198 11
148 48
174 89
172 86
199 49
149 60
175 100
173 40
200 28
150 29
174 72
201 34
151 15
177 11
202 37
152 17
178 78
176 44
203 90
153 46
179 69
177 34
204 16
154 77
180 26
178 10
205 14
155 58
181 67
179 60
206 32
156 14
182 27
180 75
207 11
157 58
183 50
181 70
208 15
158 76
184 93
182 16
209 19
159 71
185 22
183 80
210 51
160 99
186 26
184 86
211 30
161 47
187 18
185 100
212 93
162 67
188 90
186 14
213 86
163 80
189 54
187 98
214 21
164 38
190 65
188 19
215 14
165 71
191 57
189 16
216 66
166 94
192 36
190 56
217 39
167 62
193 96
191 53
218 81
168 40
194 79
192 83
219 80
169 18
195 49
193 56
220 33
170 30
196 90
194 91
221 64
171 69
197 86
195 23
222 56
172 15
198 33
196 91
223 89
173 88
199 23
197 98
224 38
174 81
200 93
198 56
225 65
175 97
199 24
226 70
176 75
202 82
227 40
177 72
203 13
201 99
228 69
178 61
204 93
202 16
229 85
179 65
205 54
203 39
230 81
180 80
206 23
204 100
231 41
181 39
207 29
205 47
232 76
182 94
208 90
206 96
233 71
183 17
209 14
207 45
234 18
184 24
210 97
208 60
235 38
185 36
211 60
209 49
236 51
186 86
212 53
210 28
237 11
187 17
213 85
211 94
238 76
188 72
214 68
212 41
239 37
189 62
215 69
213 60
240 26
190 91
216 12
214 58
241 39
191 87
217 91
215 34
242 22
192 19
218 27
216 21
243 98
193 37
219 65
217 13
244 81
194 89
220 77
218 29
245 53
195 73
221 67
219 62
246 41
196 43
222 25
220 79
247 88
197 50
223 77
221 80
248 65
198 19
224 44
222 64
249 97
199 19
225 27
223 74
250 42
200 59
224 39
251 30
201 50
227 55
252 19
202 91
228 41
226 51
253 61
203 55
229 12
227 82
254 10
204 79
230 83
228 50
255 46
205 78
231 44
229 82
256 34
206 42
232 70
230 38
257 81
207 17
233 91
231 78
258 16
208 99
234 85
232 31
259 47
209 24
235 82
233 92
260 83
210 36
236 21
234 28
261 57
211 29
237 38
235 86
262 57
212 37
238 39
236 49
263 23
213 89
239 16
237 14
264 37
214 13
240 59
238 91
265 25
215 93
241 89
239 44
266 11
216 97
242 93
240 75
267 87
217 67
243 34
241 75
268 61
218 32
244 45
242 17
269 62
219 59
245 82
243 91
270 57
220 43
246 59
244 33
271 31
221 77
247 39
245 26
272 67
222 78
248 17
246 47
273 90
223 20
249 16
247 14
274 46
224 67
250 33
248 21
275 53
225 30
249 85
276 99
226 24
252 82
277 17
227 46
253 11
251 62
278 54
228 57
254 95
252 88
279 48
229 23
255 92
253 21
280 80
230 16
256 27
254 50
281 34
231 27
257 36
255 44
282 48
232 62
258 89
256 57
283 18
233 13
259 77
257 77
284 28
234 64
260 21
258 99
285 78
235 49
261 61
259 50
286 53
236 83
262 43
260 75
287 76
237 71
263 23
261 41
288 78
238 97
264 32
262 50
289 89
239 27
265 45
263 87
290 93
240 80
266 66
264 18
291 61
241 26
267 22
265 12
292 59
242 91
268 93
266 79
293 84
243 69
269 26
267 32
294 67
244 91
270 96
268 12
295 14
245 82
271 20
269 52
296 95
246 12
272 90
270 37
297 98
247 95
273 89
271 80
298 65
248 78
274 26
272 56
299 46
249 14
275 62
273 28
300 90
250 58
274 15
301 71
251 14
277 13
302 47
252 68
278 25
276 96
303 53
253 34
279 86
277 29
304 37
254 69
280 97
278 86
305 86
255 24
281 18
279 32
306 96
256 47
282 45
280 56
307 80
257 93
283 19
281 90
308 46
258 81
284 97
282 13
309 36
259 70
285 40
283 88
310 30
260 67
286 50
284 67
311 62
261 20
287 24
285 71
312 12
262 60
288 46
286 66
313 93
263 76
289 92
287 69
314 93
264 98
290 85
288 68
315 48
265 33
291 34
289 79
316 91
266 50
292 40
290 23
317 81
267 14
293 75
291 88
318 68
268 69
294 97
292 87
319 39
269 58
295 29
293 18
320 42
270 59
296 79
294 73
321 15
271 51
297 59
295 23
322 42
272 19
298 39
296 46
323 86
273 14
299 59
297 89
324 77
274 54
300 55
298 35
325 25
275 14
299 94
326 53
276 13
302 24
327 51
277 35
303 56
301 63
328 69
278 64
304 95
302 34
329 35
279 79
305 54
303 89
330 34
280 88
306 81
304 72
331 76
281 89
307 26
305 95
332 71
282 95
308 24
306 68
333 18
283 34
309 59
307 65
334 80
284 37
310 20
308 42
335 52
285 48
311 58
309 60
336 44
286 58
312 12
310 40
337 87
287 25
313 58
311 35
338 88
288 27
314 56
312 94
339 46
289 61
315 96
313 60
340 70
290 40
316 58
314 10
341 59
291 46
317 100
315 32
342 84
292 97
318 21
316 38
343 38
293 46
319 96
317 44
344 42
294 97
320 44
318 95
345 40
295 41
321 15
319 65
346 64
296 85
322 30
320 88
347 46
297 62
323 32
321 23
348 82
298 27
324 13
322 16
349 55
299 53
325 92
323 80
350 11
300 82
324 60
351 11
301 14
327 12
352 32
302 13
328 58
326 25
353 58
303 12
329 93
327 13
354 55
304 29
330 86
328 27
355 76
305 82
331 26
329 84
356 57
306 88
332 46
330 45
357 25
307 48
333 100
331 64
358 23
308 95
334 44
332 13
359 13
309 45
335 18
333 86
360 46
310 68
336 63
334 71
361 63
311 29
337 91
335 75
362 53
312 10
338 22
336 67
363 69
313 97
339 51
337 45
364 69
314 38
340 85
338 25
365 51
315 71
341 29
339 72
366 64
316 12
342 75
340 57
367 50
317 18
343 93
341 40
368 31
318 20
344 41
342 63
369 43
319 62
345 56
343 55
370 14
320 59
346 19
344 76
371 64
321 32
347 32
345 72
372 61
322 94
348 29
346 21
373 48
323 21
349 79
347 61
374 55
324 57
350 90
348 33
375 91
325 35
349 23
376 41
326 49
352 20
377 22
327 80
353 37
351 48
378 95
328 15
354 51
352 95
379 31
329 87
355 52
353 45
380 63
330 62
356 97
354 100
381 25
331 34
357 82
355 48
382 87
332 61
358 87
356 57
383 97
333 61
359 13
357 11
384 45
334 52
360 62
358 70
385 58
335 83
361 36
359 23
386 65
336 14
362 48
360 10
387 78
337 93
363 74
361 44
388 15
338 58
364 39
362 96
389 32
339 64
365 55
363 71
390 53
340 78
366 67
364 82
391 39
341 13
367 77
365 49
392 22
342 78
368 14
366 37
393 48
343 29
369 31
367 33
394 89
344 32
370 12
368 99
395 69
345 62
371 23
369 68
396 34
346 62
372 68
370 87
397 62
347 21
373 96
371 66
398 45
348 42
374 33
372 99
399 35
349 84
375 88
373 46
400 21
350 14
374 74
401 14
351 47
377 93
402 71
352 43
378 91
376 28
403 21
353 93
379 37
377 55
404 98
354 47
380 40
378 18
405 14
355 63
381 14
379 15
406 39
356 41
382 87
380 78
407 93
357 39
383 18
381 54
408 100
358 69
384 43
382 94
409 43
359 28
385 16
383 64
410 14
360 81
386 40
384 73
411 52
361 15
387 80
385 26
412 49
362 13
388 12
386 55
413 66
363 14
389 50
387 64
414 13
364 43
390 68
388 97
415 28
365 60
391 72
389 24
416 47
366 93
392 24
390 81
417 38
367 54
393 57
391 47
418 28
368 95
394 24
392 63
419 54
369 16
395 86
393 33
420 48
370 17
396 93
394 29
421 20
371 73
397 93
395 19
422 16
372 59
398 95
396 16
423 18
373 60
399 97
397 34
424 94
374 12
400 41
398 60
425 100
375 38
399 77
426 65
376 36
402 62
427 44
377 42
403 99
401 16
428 50
378 46
404 82
402 61
429 99
379 79
405 22
403 90
430 70
380 57
406 58
404 69
431 10
381 91
407 38
405 97
432 29
382 69
408 28
406 98
433 52
383 13
409 27
407 35
434 49
384 96
410 38
408 20
435 91
385 24
411 69
409 52
436 27
386 95
412 69
410 92
437 10
387 43
413 81
411 86
438 72
388 21
414 88
412 63
439 15
389 96
415 96
413 79
440 90
390 87
416 63
414 11
441 95
391 44
417 58
415 51
442 10
392 44
418 57
416 83
443 49
393 50
419 80
417 95
444 66
394 100
420 60
418 45
445 60
395 43
421 94
419 36
446 51
396 13
422 41
420 75
447 15
397 16
423 29
421 81
448 87
398 18
424 68
422 19
449 18
399 21
425 18
423 74
450 81
400 30
424 38
451 58
401 12
427 96
452 88
402 45
428 88
426 71
453 24
403 37
429 70
427 62
454 56
404 90
430 70
428 19
455 89
405 56
431 51
429 68
456 80
406 19
432 43
430 63
457 23
407 85
433 85
431 34
458 30
408 67
434 68
432 86
459 38
409 10
435 97
433 13
460 80
410 30
436 66
434 23
461 57
411 84
437 26
435 84
462 65
412 72
438 85
436 12
463 98
413 60
439 55
437 59
464 35
414 37
440 38
438 47
465 96
415 42
441 48
439 23
466 25
416 19
442 49
440 48
467 93
417 73
443 94
441 17
468 39
418 89
444 100
442 21
469 80
419 85
445 71
443 38
470 31
420 19
446 11
444 58
471 76
421 82
447 54
445 94
472 31
422 46
448 92
446 64
473 61
423 75
449 98
447 31
474 49
424 19
450 100
448 85
475 100
425 17
449 57
476 42
426 70
452 72
477 53
427 36
453 15
451 12
478 89
428 34
454 100
452 67
479 72
429 90
455 98
453 33
480 65
430 23
456 78
454 92
481 76
431 38
457 14
455 100
482 99
432 96
458 10
456 13
483 88
433 47
459 31
457 28
484 18
434 97
460 68
458 23
485 50
435 95
461 29
459 99
486 81
436 26
462 77
460 62
487 98
437 20
463 13
461 72
488 36
438 92
464 22
462 69
489 26
439 71
465 39
463 10
490 86
440 28
466 72
464 63
491 10
441 43
467 18
465 95
492 37
442 66
468 96
466 20
493 85
443 56
469 80
467 20
494 73
444 55
470 83
468 56
495 41
445 53
471 10
469 98
496 29
446 99
472 68
470 49
497 13
447 65
473 67
471 51
498 10
448 69
474 12
472 100
499 35
449 31
475 13
473 28
500 61
450 66
474 19
501 10
451 17
477 88
502 84
452 92
478 36
476 39
503 36
453 13
479 49
477 33
504 77
454 15
480 24
478 71
505 50
455 28
481 32
479 21
506 75
456 10
482 98
480 57
507 67
457 19
483 12
481 18
508 67
458 63
484 70
482 63
509 46
459 53
485 96
483 85
510 58
460 48
486 26
484 13
511 45
461 78
487 88
485 83
512 26
462 63
488 65
486 14
513 53
463 46
489 71
487 91
514 26
464 50
490 65
488 58
515 20
465 69
491 10
489 19
516 26
466 48
492 33
490 41
517 37
467 75
493 24
491 25
518 75
468 12
494 59
492 71
519 25
469 45
495 15
493 61
520 97
470 88
496 82
494 47
521 64
471 17
497 66
495 11
522 72
472 98
498 100
496 64
523 34
473 69
499 87
497 52
524 79
474 58
500 19
498 38
525 88
475 36
499 73
526 98
476 24
502 48
527 93
477 91
503 65
501 71
528 48
478 81
504 60
502 43
529 29
479 42
505 42
503 21
530 23
480 70
506 54
504 35
531 82
481 37
507 63
505 98
532 68
482 31
508 61
506 21
533 76
483 19
509 55
507 40
534 70
484 72
510 89
508 54
535 50
485 42
511 35
509 19
536 94
486 63
512 48
510 43
537 31
487 17
513 31
511 25
538 84
488 16
514 35
512 97
539 52
489 10
515 77
513 85
540 65
490 73
516 95
514 14
541 18
491 57
517 34
515 84
542 54
492 30
518 43
516 45
543 75
493 10
519 25
517 75
544 65
494 37
520 66
518 43
545 54
495 28
521 40
519 100
546 27
496 42
522 90
520 30
547 81
497 59
523 61
521 85
548 61
498 54
524 37
522 51
549 73
499 64
525 63
523 54
550 68
500 60
524 24
551 41
501 17
527 47
552 42
502 80
528 68
526 66
553 24
503 82
529 41
527 99
554 21
504 40
530 77
528 94
555 87
505 39
531 17
529 76
556 24
506 34
532 61
530 43
557 44
507 12
533 100
531 96
558 10
508 87
534 81
532 29
559 73
509 40
535 42
533 12
560 40
510 95
536 39
534 70
561 71
511 98
537 31
535 69
562 68
512 33
538 71
536 48
563 22
513 57
539 36
537 51
564 50
514 73
540 19
538 67
565 46
515 87
541 14
539 58
566 90
516 79
542 87
540 27
567 50
517 94
543 57
541 72
568 49
518 45
544 11
542 26
569 73
519 42
545 47
543 25
570 33
520 21
546 74
544 88
571 34
521 50
547 75
545 27
572 50
522 19
548 14
546 57
573 76
523 87
549 15
547 69
574 12
524 70
550 48
548 43
575 53
525 79
549 56
576 79
526 64
552 17
577 51
527 85
553 73
551 39
578 59
528 64
554 55
552 49
579 83
529 34
555 86
553 92
580 15
530 68
556 100
554 65
581 20
531 84
557 58
555 31
582 74
532 43
558 74
556 24
583 64
533 29
559 89
557 84
584 72
534 96
560 71
558 38
585 96
535 47
561 17
559 74
586 58
536 11
562 46
560 62
587 43
537 92
563 72
561 85
588 13
538 68
564 71
562 45
589 32
539 91
565 90
563 32
590 40
540 19
566 45
564 63
591 24
541 69
567 24
565 43
592 79
542 93
568 86
566 11
593 32
543 53
569 93
567 75
594 70
544 41
570 37
568 88
595 26
545 99
571 45
569 97
596 10
546 25
572 63
570 54
597 93
547 56
573 25
571 83
598 21
548 37
574 85
572 59
599 79
549 39
575 51
573 54
600 98
550 15
574 20
601 25
551 43
577 59
602 60
552 16
578 86
576 89
603 78
553 84
579 85
577 17
604 52
554 76
580 55
578 43
605 99
555 14
581 29
579 97
606 85
556 54
582 57
580 90
607 78
557 77
583 14
581 68
608 14
558 69
584 31
582 67
609 41
559 27
585 36
583 52
610 71
560 64
586 67
584 15
611 70
561 31
587 76
585 94
612 48
562 42
588 43
586 99
613 86
563 57
589 89
587 25
614 30
564 90
590 75
588 17
615 49
565 95
591 29
589 42
616 98
566 46
592 27
590 14
617 55
567 42
593 67
591 76
618 26
568 35
594 87
592 38
619 27
569 96
595 98
593 65
620 19
570 78
596 16
594 97
621 27
571 65
597 61
595 31
622 38
572 87
598 74
596 53
623 73
573 73
599 52
597 51
624 81
574 83
600 75
598 63
625 77
575 59
599 100
576 99
602 98
577 51
603 49
601 29
578 67
604 71
602 27
579 40
605 12
603 86
580 25
606 22
604 69
581 17
607 35
605 93
582 63
608 52
606 33
583 60
609 74
607 79
584 72
610 88
608 43
585 95
611 35
609 87
586 31
612 23
610 33
587 97
613 18
611 82
588 30
614 16
612 38
589 97
615 68
613 57
590 53
616 74
614 60
591 16
617 90
615 81
592 46
618 96
616 54
593 42
619 74
617 95
594 90
620 56
618 99
595 53
621 74
619 14
596 50
622 25
620 44
597 82
623 66
621 24
598 12
624 83
622 33
599 16
625 43
623 63
600 29
624 85
126
63
1 126 
2 305 470 
2 360 216 
1 517 
1 388 
1 399 
1 326 
1 535 
1 147 
1 273 
1 168 
2 86 350 
2 587 90 
1 570 
3 612 100 260 
3 597 544 116 
2 13 372 
2 574 514 
2 223 510 
3 253 271 391 
2 325 369 
4 43 4 280 97 
1 77 
2 624 486 
1 123 
3 501 558 136 
1 60 
1 440 
4 55 19 3 6 
1 122 
1 397 
3 66 46 614 
2 566 520 
2 150 615 
1 51 
2 434 218 
1 87 
2 368 276 
2 484 449 
1 519 
3 355 396 146 
2 386 189 
1 112 
2 469 5 
1 254 
2 534 487 
3 120 130 105 
2 337 620 
2 79 153 
2 459 573 
2 409 319 
2 471 479 
2 190 568 
2 540 256 
2 20 456 
3 496 525 499 
1 608 
3 527 371 131 
2 619 576 
2 488 481 
1 57 
3 410 157 169 
1 203 
2 212 17 
2 600 508 
3 421 16 64 
2 312 490 
1 252 
1 173 
3 473 45 610 
2 498 462 
3 604 221 578 
3 220 461 335 
2 390 616 
3 234 376 606 
2 232 47 
2 125 167 
1 385 
4 554 556 267 219 
1 569 
2 406 374 
2 7 341 
2 80 27 
1 285 
2 82 522 
1 531 
3 439 603 40 
1 518 
1 489 
1 402 
2 452 175 
2 222 503 
1 15 
2 430 58 
2 523 345 
1 309 
2 455 384 
1 137 
1 197 
2 149 389 
1 524 
1 85 
1 202 
1 245 
2 250 356 
3 84 334 447 
2 2 358 
3 431 109 507 
1 297 
1 93 
1 383 
4 323 205 338 451 
2 351 161 
2 436 607 
1 373 
3 483 515 316 
2 38 49 
2 266 63 
