400 1520 10 100 76
2
3
3
3
3
3
3
3
3
3
3
3
3
3
3
3
3
3
3
2
3
4
4
4
4
4
4
4
4
4
4
4
4
4
4
4
4
4
4
3
3
4
4
4
4
4
4
4
4
4
4
4
4
4
4
4
4
4
4
3
3
4
4
4
4
4
4
4
4
4
4
4
4
4
4
4
4
4
4
3
3
4
4
4
4
4
4
4
4
4
4
4
4
4
4
4
4
4
4
3
3
4
4
4
4
4
4
4
4
4
4
4
4
4
4
4
4
4
4
3
3
4
4
4
4
4
4
4
4
4
4
4
4
4
4
4
4
4
4
3
3
4
4
4
4
4
4
4
4
4
4
4
4
4
4
4
4
4
4
3
3
4
4
4
4
4
4
4
4
4
4
4
4
4
4
4
4
4
4
3
3
4
4
4
4
4
4
4
4
4
4
4
4
4
4
4
4
4
4
3
3
4
4
4
4
4
4
4
4
4
4
4
4
4
4
4
4
4
4
3
3
4
4
4
4
4
4
4
4
4
4
4
4
4
4
4
4
4
4
3
3
4
4
4
4
4
4
4
4
4
4
4
4
4
4
4
4
4
4
3
3
4
4
4
4
4
4
4
4
4
4
4
4
4
4
4
4
4
4
3
3
4
4
4
4
4
4
4
4
4
4
4
4
4
4
4
4
4
4
3
3
4
4
4
4
4
4
4
4
4
4
4
4
4
4
4
4
4
4
3
3
4
4
4
4
4
4
4
4
4
4
4
4
4
4
4
4
4
4
3
3
4
4
4
4
4
4
4
4
4
4
4
4
4
4
4
4
4
4
3
3
4
4
4
4
4
4
4
4
4
4
4
4
4
4
4
4
4
4
3
2
3
3
3
3
3
3
3
3
3
3
3
3
3
3
3
3
3
3
2
21 87
2 29
22 85
3 15
1 57
23 94
4 97
2 99
24 11
5 100
3 29
25 66
6 84
4 23
26 53
7 21
5 30
27 24
8 68
6 99
28 24
9 55
7 79
29 38
10 58
8 13
30 66
11 82
9 23
31 70
12 99
10 35
32 74
13 78
11 97
33 57
14 70
12 22
34 65
15 59
13 19
35 42
16 81
14 70
36 60
17 33
15 82
37 27
18 28
16 38
38 30
19 26
17 41
39 56
20 35
18 82
40 72
19 85
41 78
1 13
22 70
42 58
2 25
23 49
21 12
43 44
3 69
24 36
22 27
44 49
4 60
25 79
23 31
45 16
5 14
26 22
24 35
46 100
6 75
27 58
25 74
47 44
7 74
28 54
26 72
48 22
8 48
29 96
27 92
49 68
9 45
30 83
28 94
50 80
10 30
31 51
29 11
51 14
11 75
32 25
30 85
52 91
12 51
33 10
31 58
53 92
13 90
34 55
32 36
54 31
14 75
35 85
33 11
55 91
15 74
36 11
34 22
56 60
16 22
37 69
35 31
57 72
17 87
38 20
36 12
58 58
18 21
39 77
37 49
59 28
19 99
40 38
38 82
60 34
20 18
39 72
61 64
21 68
42 29
62 64
22 90
43 84
41 25
63 82
23 62
44 57
42 81
64 96
24 12
45 12
43 67
65 63
25 32
46 70
44 51
66 25
26 39
47 13
45 64
67 46
27 68
48 41
46 72
68 89
28 11
49 21
47 29
69 98
29 23
50 78
48 39
70 98
30 31
51 58
49 91
71 67
31 11
52 86
50 69
72 72
32 50
53 82
51 79
73 71
33 40
54 66
52 50
74 83
34 41
55 68
53 60
75 22
35 24
56 35
54 66
76 52
36 97
57 50
55 46
77 93
37 29
58 51
56 74
78 19
38 27
59 14
57 92
79 98
39 48
60 86
58 40
80 22
40 76
59 79
81 17
41 19
62 71
82 17
42 51
63 82
61 16
83 80
43 61
64 39
62 44
84 39
44 88
65 27
63 54
85 81
45 33
66 19
64 38
86 52
46 62
67 71
65 70
87 80
47 72
68 88
66 19
88 87
48 63
69 15
67 74
89 78
49 96
70 51
68 67
90 25
50 76
71 79
69 43
91 38
51 30
72 69
70 31
92 32
52 86
73 100
71 38
93 33
53 77
74 42
72 100
94 39
54 37
75 42
73 71
95 39
55 94
76 17
74 41
96 18
56 72
77 64
75 75
97 37
57 79
78 57
76 31
98 45
58 29
79 100
77 76
99 14
59 52
80 51
78 51
100 35
60 52
79 18
101 72
61 45
82 66
102 43
62 93
83 89
81 13
103 85
63 68
84 13
82 26
104 79
64 35
85 77
83 64
105 10
65 44
86 23
84 54
106 93
66 96
87 35
85 79
107 54
67 33
88 28
86 53
108 26
68 95
89 67
87 50
109 88
69 37
90 23
88 97
110 15
70 76
91 16
89 13
111 85
71 99
92 27
90 24
112 77
72 77
93 47
91 57
113 75
73 51
94 25
92 13
114 25
74 85
95 91
93 17
115 52
75 66
96 49
94 64
116 20
76 45
97 32
95 36
117 35
77 98
98 28
96 65
118 69
78 68
99 84
97 90
119 88
79 26
100 91
98 49
120 85
80 86
99 94
121 64
81 68
102 100
122 64
82 54
103 50
101 13
123 81
83 63
104 55
102 30
124 27
84 99
105 16
103 26
125 81
85 68
106 65
104 99
126 37
86 72
107 70
105 25
127 17
87 57
108 50
106 33
128 84
88 99
109 67
107 52
129 45
89 90
110 93
108 58
130 88
90 79
111 68
109 35
131 61
91 50
112 34
110 55
132 29
92 98
113 79
111 63
133 19
93 38
114 23
112 93
134 10
94 80
115 89
113 58
135 55
95 75
116 56
114 37
136 10
96 26
117 56
115 30
137 12
97 18
118 39
116 65
138 91
98 93
119 56
117 74
139 99
99 71
120 74
118 14
140 37
100 52
119 32
141 42
101 66
122 61
142 73
102 89
123 76
121 96
143 35
103 14
124 34
122 39
144 15
104 51
125 54
123 60
145 85
105 76
126 60
124 44
146 27
106 85
127 80
125 62
147 89
107 83
128 19
126 42
148 78
108 11
129 21
127 37
149 17
109 13
130 23
128 28
150 30
110 24
131 20
129 14
151 25
111 99
132 22
130 24
152 96
112 89
133 18
131 90
153 73
113 83
134 91
132 79
154 56
114 58
135 94
133 72
155 95
115 89
136 35
134 47
156 70
116 93
137 89
135 13
157 20
117 75
138 82
136 20
158 13
118 27
139 47
137 65
159 41
119 43
140 24
138 11
160 31
120 47
139 43
161 63
121 28
142 22
162 29
122 71
143 75
141 89
163 78
123 33
144 54
142 10
164 30
124 72
145 88
143 75
165 37
125 31
146 88
144 12
166 27
126 12
147 91
145 77
167 80
127 80
148 52
146 23
168 53
128 80
149 54
147 94
169 58
129 51
150 58
148 98
170 52
130 14
151 77
149 76
171 76
131 55
152 52
150 78
172 33
132 75
153 20
151 10
173 91
133 66
154 14
152 54
174 34
134 27
155 86
153 76
175 86
135 95
156 15
154 39
176 43
136 14
157 48
155 16
177 28
137 74
158 68
156 54
178 34
138 89
159 11
157 99
179 96
139 47
160 55
158 10
180 55
140 83
159 71
181 90
141 17
162 13
182 62
142 100
163 85
161 62
183 46
143 38
164 21
162 20
184 23
144 45
165 45
163 33
185 10
145 84
166 69
164 39
186 60
146 38
167 57
165 14
187 38
147 39
168 69
166 48
188 13
148 59
169 30
167 74
189 82
149 97
170 17
168 81
190 19
150 64
171 100
169 76
191 40
151 15
172 20
170 28
192 18
152 21
173 78
171 90
193 94
153 81
174 95
172 61
194 68
154 30
175 63
173 33
195 84
155 86
176 47
174 26
196 65
156 82
177 35
175 42
197 13
157 27
178 57
176 26
198 50
158 72
179 17
177 17
199 41
159 70
180 73
178 60
200 27
160 12
179 18
201 67
161 27
182 83
202 96
162 86
183 20
181 20
203 35
163 86
184 40
182 30
204 31
164 32
185 41
183 21
205 78
165 22
186 62
184 29
206 92
166 44
187 78
185 76
207 45
167 10
188 15
186 36
208 29
168 52
189 20
187 41
209 93
169 90
190 79
188 22
210 63
170 86
191 97
189 71
211 12
171 66
192 17
190 31
212 27
172 69
193 50
191 88
213 55
173 46
194 72
192 79
214 89
174 77
195 25
193 28
215 58
175 20
196 11
194 46
216 36
176 50
197 81
195 65
217 88
177 87
198 39
196 19
218 57
178 60
199 28
197 56
219 94
179 100
200 55
198 85
220 78
180 88
199 77
221 21
181 27
202 16
222 75
182 87
203 49
201 80
223 32
183 47
204 40
202 95
224 89
184 58
205 55
203 11
225 46
185 67
206 45
204 82
226 92
186 61
207 58
205 51
227 61
187 85
208 17
206 74
228 43
188 87
209 53
207 52
229 79
189 53
210 54
208 66
230 21
190 68
211 60
209 36
231 16
191 87
212 49
210 55
232 32
192 72
213 54
211 17
233 80
193 52
214 39
212 63
234 41
194 72
215 25
213 51
235 26
195 21
216 84
214 73
236 54
196 53
217 77
215 41
237 92
197 44
218 75
216 52
238 99
198 71
219 90
217 32
239 18
199 11
220 85
218 67
240 80
200 82
219 54
241 12
201 57
222 21
242 98
202 65
223 27
221 90
243 97
203 71
224 77
222 89
244 52
204 56
225 26
223 50
245 37
205 21
226 38
224 21
246 43
206 97
227 68
225 18
247 48
207 81
228 39
226 92
248 25
208 84
229 11
227 38
249 70
209 42
230 30
228 41
250 63
210 72
231 76
229 84
251 13
211 99
232 28
230 74
252 59
212 66
233 61
231 28
253 32
213 72
234 81
232 97
254 39
214 19
235 30
233 62
255 86
215 25
236 63
234 41
256 75
216 58
237 97
235 64
257 37
217 86
238 64
236 76
258 48
218 40
239 36
237 98
259 17
219 17
240 58
238 12
260 67
220 44
239 63
261 27
221 28
242 85
262 57
222 85
243 83
241 30
263 96
223 10
244 27
242 27
264 88
224 70
245 21
243 83
265 65
225 19
246 58
244 61
266 24
226 87
247 79
245 23
267 71
227 68
248 87
246 90
268 11
228 69
249 61
247 23
269 54
229 93
250 44
248 19
270 52
230 57
251 53
249 100
271 46
231 31
252 83
250 95
272 98
232 100
253 67
251 38
273 55
233 64
254 92
252 42
274 52
234 99
255 35
253 40
275 98
235 50
256 45
254 63
276 44
236 82
257 38
255 14
277 16
237 87
258 48
256 73
278 41
238 11
259 82
257 37
279 47
239 100
260 94
258 34
280 11
240 21
259 90
281 34
241 15
262 60
282 76
242 31
263 28
261 37
283 11
243 60
264 67
262 50
284 84
244 85
265 93
263 63
285 83
245 90
266 25
264 72
286 57
246 81
267 21
265 60
287 49
247 16
268 18
266 41
288 38
248 78
269 14
267 58
289 15
249 95
270 33
268 99
290 88
250 89
271 34
269 38
291 61
251 55
272 47
270 85
292 11
252 43
273 36
271 26
293 96
253 50
274 63
272 97
294 18
254 31
275 88
273 81
295 53
255 45
276 85
274 50
296 100
256 78
277 25
275 19
297 85
257 45
278 81
276 100
298 15
258 14
279 14
277 11
299 69
259 83
280 11
278 68
300 34
260 16
279 78
301 75
261 16
282 27
302 40
262 81
283 68
281 36
303 78
263 91
284 75
282 59
304 16
264 50
285 21
283 66
305 41
265 42
286 79
284 39
306 52
266 45
287 58
285 99
307 61
267 50
288 23
286 26
308 58
268 83
289 89
287 62
309 43
269 37
290 10
288 88
310 40
270 95
291 94
289 50
311 29
271 37
292 47
290 96
312 98
272 42
293 35
291 15
313 93
273 80
294 21
292 11
314 59
274 50
295 96
293 32
315 19
275 47
296 52
294 12
316 89
276 51
297 29
295 68
317 48
277 48
298 24
296 74
318 76
278 62
299 99
297 69
319 47
279 90
300 61
298 91
320 54
280 38
299 25
321 80
281 11
302 57
322 34
282 68
303 93
301 35
323 99
283 55
304 30
302 76
324 54
284 73
305 33
303 15
325 68
285 17
306 95
304 77
326 60
286 69
307 40
305 37
327 42
287 96
308 38
306 87
328 58
288 45
309 51
307 43
329 62
289 62
310 41
308 23
330 66
290 36
311 73
309 23
331 83
291 52
312 21
310 15
332 54
292 40
313 78
311 53
333 70
293 90
314 98
312 22
334 46
294 40
315 61
313 86
335 27
295 47
316 78
314 32
336 37
296 33
317 93
315 66
337 13
297 22
318 40
316 94
338 35
298 94
319 18
317 92
339 99
299 84
320 42
318 93
340 10
300 35
319 37
341 10
301 68
322 98
342 79
302 43
323 32
321 26
343 33
303 50
324 85
322 37
344 70
304 99
325 52
323 98
345 37
305 49
326 12
324 34
346 10
306 83
327 25
325 32
347 30
307 78
328 81
326 37
348 61
308 81
329 92
327 61
349 35
309 31
330 77
328 88
350 95
310 66
331 38
329 50
351 97
311 33
332 39
330 42
352 95
312 48
333 94
331 23
353 86
313 13
334 15
332 69
354 30
314 95
335 36
333 12
355 50
315 62
336 68
334 37
356 91
316 27
337 26
335 87
357 58
317 47
338 16
336 26
358 36
318 78
339 83
337 49
359 23
319 59
340 20
338 20
360 85
320 38
339 98
361 51
321 75
342 11
362 93
322 98
343 90
341 59
363 35
323 67
344 30
342 71
364 23
324 62
345 62
343 17
365 38
325 23
346 74
344 66
366 77
326 56
347 63
345 28
367 20
327 84
348 46
346 81
368 33
328 49
349 24
347 29
369 89
329 33
350 76
348 82
370 33
330 32
351 51
349 98
371 15
331 89
352 33
350 87
372 56
332 81
353 42
351 71
373 93
333 72
354 25
352 58
374 26
334 88
355 58
353 23
375 60
335 95
356 83
354 73
376 49
336 26
357 71
355 25
377 53
337 12
358 91
356 33
378 12
338 99
359 34
357 73
379 12
339 47
360 25
358 78
380 18
340 66
359 46
381 93
341 45
362 46
382 43
342 93
363 37
361 55
383 24
343 71
364 18
362 17
384 78
344 30
365 74
363 84
385 91
345 26
366 29
364 51
386 63
346 67
367 24
365 60
387 21
347 82
368 66
366 76
388 97
348 12
369 44
367 71
389 32
349 40
370 21
368 76
390 21
350 75
371 28
369 50
391 39
351 95
372 42
370 50
392 96
352 98
373 64
371 30
393 66
353 79
374 65
372 55
394 23
354 98
375 65
373 94
395 35
355 16
376 57
374 60
396 57
356 21
377 24
375 95
397 50
357 94
378 73
376 96
398 52
358 87
379 32
377 43
399 41
359 19
380 40
378 28
400 100
360 90
379 24
361 31
382 56
362 90
383 24
381 90
363 70
384 10
382 43
364 88
385 43
383 49
365 22
386 70
384 23
366 71
387 59
385 99
367 76
388 74
386 50
368 19
389 56
387 44
369 15
390 15
388 84
370 17
391 84
389 61
371 15
392 24
390 81
372 35
393 27
391 100
373 37
394 94
392 13
374 57
395 96
393 32
375 88
396 28
394 69
376 78
397 100
395 86
377 97
398 71
396 38
378 10
399 46
397 85
379 65
400 70
398 38
380 10
399 48
127
107
1 127 
1 310 
1 186 
3 190 156 297 
3 291 349 138 
2 76 256 
2 229 206 
1 271 
2 71 228 
3 98 318 33 
2 123 281 
1 52 
2 214 235 
1 189 
1 94 
1 386 
1 125 
1 42 
2 308 355 
1 133 
1 285 
1 331 
1 122 
1 119 
1 184 
3 50 284 91 
2 204 178 
2 254 268 
3 118 361 15 
3 60 117 231 
2 345 314 
1 168 
1 100 
1 267 
2 97 304 
1 188 
3 69 344 128 
1 182 
3 61 336 83 
2 66 116 
2 210 364 
2 165 181 
3 49 381 110 
2 257 55 
2 233 2 
2 353 152 
1 20 
1 3 
1 1 
2 383 112 
4 261 219 154 101 
2 27 255 
2 385 205 
2 40 377 
2 159 59 
2 139 280 
2 368 360 
1 300 
1 132 
2 376 79 
2 32 369 
2 53 365 
1 109 
1 137 
2 342 312 
4 396 392 141 70 
4 395 239 326 37 
1 149 
3 321 58 393 
2 362 54 
1 130 
4 279 288 153 333 
2 387 253 
1 283 
3 142 18 200 
2 367 107 
