400 1520 10 100 76
2
3
3
3
3
3
3
3
3
3
3
3
3
3
3
3
3
3
3
2
3
4
4
4
4
4
4
4
4
4
4
4
4
4
4
4
4
4
4
3
3
4
4
4
4
4
4
4
4
4
4
4
4
4
4
4
4
4
4
3
3
4
4
4
4
4
4
4
4
4
4
4
4
4
4
4
4
4
4
3
3
4
4
4
4
4
4
4
4
4
4
4
4
4
4
4
4
4
4
3
3
4
4
4
4
4
4
4
4
4
4
4
4
4
4
4
4
4
4
3
3
4
4
4
4
4
4
4
4
4
4
4
4
4
4
4
4
4
4
3
3
4
4
4
4
4
4
4
4
4
4
4
4
4
4
4
4
4
4
3
3
4
4
4
4
4
4
4
4
4
4
4
4
4
4
4
4
4
4
3
3
4
4
4
4
4
4
4
4
4
4
4
4
4
4
4
4
4
4
3
3
4
4
4
4
4
4
4
4
4
4
4
4
4
4
4
4
4
4
3
3
4
4
4
4
4
4
4
4
4
4
4
4
4
4
4
4
4
4
3
3
4
4
4
4
4
4
4
4
4
4
4
4
4
4
4
4
4
4
3
3
4
4
4
4
4
4
4
4
4
4
4
4
4
4
4
4
4
4
3
3
4
4
4
4
4
4
4
4
4
4
4
4
4
4
4
4
4
4
3
3
4
4
4
4
4
4
4
4
4
4
4
4
4
4
4
4
4
4
3
3
4
4
4
4
4
4
4
4
4
4
4
4
4
4
4
4
4
4
3
3
4
4
4
4
4
4
4
4
4
4
4
4
4
4
4
4
4
4
3
3
4
4
4
4
4
4
4
4
4
4
4
4
4
4
4
4
4
4
3
2
3
3
3
3
3
3
3
3
3
3
3
3
3
3
3
3
3
3
2
21 53
2 29
22 61
3 23
1 59
23 87
4 51
2 97
24 22
5 88
3 62
25 34
6 33
4 60
26 89
7 57
5 32
27 79
8 40
6 70
28 23
9 78
7 89
29 14
10 53
8 41
30 12
11 26
9 65
31 61
12 51
10 42
32 31
13 71
11 87
33 17
14 35
12 91
34 56
15 24
13 32
35 56
16 25
14 60
36 43
17 81
15 61
37 89
18 29
16 83
38 38
19 17
17 31
39 54
20 89
18 84
40 64
19 98
41 78
1 65
22 21
42 18
2 33
23 56
21 38
43 48
3 71
24 44
22 21
44 25
4 80
25 55
23 27
45 22
5 30
26 70
24 75
46 65
6 72
27 25
25 71
47 17
7 15
28 32
26 38
48 78
8 87
29 50
27 14
49 98
9 45
30 75
28 73
50 46
10 39
31 22
29 26
51 43
11 51
32 67
30 63
52 84
12 61
33 27
31 31
53 76
13 19
34 100
32 15
54 20
14 64
35 11
33 53
55 29
15 49
36 32
34 34
56 20
16 82
37 52
35 80
57 49
17 64
38 70
36 57
58 20
18 19
39 68
37 88
59 19
19 47
40 66
38 59
60 65
20 10
39 11
61 11
21 55
42 66
62 41
22 82
43 35
41 30
63 12
23 43
44 11
42 80
64 83
24 60
45 100
43 35
65 96
25 62
46 67
44 50
66 65
26 73
47 96
45 100
67 84
27 43
48 38
46 95
68 13
28 62
49 41
47 48
69 45
29 100
50 24
48 11
70 52
30 71
51 63
49 28
71 84
31 68
52 98
50 33
72 100
32 94
53 30
51 18
73 45
33 79
54 46
52 80
74 22
34 55
55 25
53 18
75 72
35 78
56 69
54 55
76 38
36 90
57 45
55 34
77 84
37 92
58 15
56 75
78 81
38 89
59 39
57 38
79 85
39 51
60 70
58 99
80 59
40 71
59 18
81 46
41 82
62 81
82 35
42 63
63 59
61 49
83 70
43 17
64 94
62 42
84 92
44 45
65 77
63 50
85 63
45 83
66 36
64 15
86 88
46 72
67 39
65 94
87 43
47 22
68 17
66 46
88 85
48 16
69 18
67 41
89 18
49 52
70 60
68 10
90 27
50 29
71 94
69 22
91 16
51 21
72 27
70 82
92 60
52 78
73 53
71 98
93 14
53 68
74 25
72 100
94 50
54 28
75 42
73 33
95 20
55 71
76 10
74 66
96 49
56 79
77 63
75 79
97 64
57 76
78 25
76 25
98 46
58 40
79 43
77 27
99 83
59 27
80 79
78 33
100 88
60 94
79 75
101 69
61 100
82 38
102 42
62 100
83 41
81 30
103 94
63 42
84 80
82 61
104 52
64 87
85 70
83 39
105 30
65 43
86 34
84 53
106 34
66 81
87 12
85 85
107 90
67 57
88 95
86 90
108 59
68 43
89 69
87 50
109 30
69 13
90 95
88 67
110 20
70 59
91 17
89 16
111 25
71 44
92 84
90 26
112 52
72 62
93 78
91 48
113 94
73 22
94 64
92 39
114 30
74 12
95 70
93 39
115 51
75 42
96 78
94 43
116 67
76 60
97 63
95 90
117 62
77 54
98 97
96 50
118 46
78 78
99 34
97 11
119 100
79 12
100 23
98 89
120 53
80 60
99 50
121 64
81 63
102 77
122 26
82 100
103 16
101 91
123 32
83 28
104 64
102 18
124 18
84 53
105 19
103 44
125 100
85 32
106 47
104 63
126 40
86 32
107 73
105 53
127 17
87 45
108 69
106 18
128 86
88 21
109 60
107 72
129 37
89 70
110 73
108 26
130 47
90 34
111 96
109 70
131 90
91 99
112 50
110 78
132 76
92 78
113 65
111 14
133 21
93 26
114 26
112 49
134 100
94 63
115 75
113 27
135 61
95 71
116 79
114 46
136 44
96 48
117 60
115 45
137 78
97 74
118 63
116 67
138 100
98 10
119 12
117 72
139 91
99 12
120 49
118 89
140 77
100 26
119 87
141 81
101 100
122 76
142 45
102 74
123 60
121 88
143 44
103 30
124 51
122 66
144 10
104 65
125 97
123 14
145 62
105 64
126 73
124 76
146 42
106 77
127 12
125 81
147 79
107 75
128 90
126 78
148 51
108 17
129 68
127 21
149 18
109 36
130 48
128 46
150 62
110 44
131 15
129 96
151 28
111 65
132 64
130 58
152 45
112 64
133 21
131 53
153 38
113 82
134 16
132 84
154 71
114 47
135 45
133 14
155 41
115 12
136 92
134 91
156 70
116 95
137 45
135 59
157 74
117 12
138 13
136 22
158 62
118 90
139 26
137 24
159 43
119 18
140 79
138 10
160 96
120 32
139 79
161 30
121 64
142 26
162 29
122 77
143 70
141 92
163 22
123 30
144 62
142 75
164 10
124 72
145 68
143 57
165 51
125 32
146 17
144 50
166 96
126 100
147 36
145 15
167 15
127 93
148 31
146 97
168 92
128 84
149 39
147 22
169 65
129 73
150 31
148 69
170 64
130 80
151 66
149 74
171 18
131 52
152 82
150 78
172 60
132 90
153 80
151 36
173 92
133 97
154 63
152 35
174 45
134 87
155 19
153 42
175 94
135 99
156 37
154 11
176 37
136 83
157 83
155 34
177 17
137 49
158 19
156 28
178 18
138 20
159 54
157 52
179 44
139 60
160 40
158 94
180 80
140 59
159 38
181 33
141 63
162 54
182 13
142 45
163 72
161 16
183 97
143 94
164 84
162 61
184 82
144 36
165 92
163 48
185 48
145 93
166 50
164 47
186 43
146 97
167 67
165 92
187 97
147 63
168 44
166 38
188 76
148 35
169 85
167 62
189 22
149 57
170 72
168 33
190 80
150 62
171 16
169 73
191 31
151 95
172 43
170 53
192 90
152 76
173 74
171 21
193 16
153 64
174 59
172 50
194 26
154 50
175 44
173 59
195 77
155 68
176 44
174 79
196 15
156 44
177 38
175 66
197 98
157 91
178 61
176 86
198 53
158 29
179 68
177 87
199 42
159 27
180 71
178 13
200 70
160 82
179 41
201 13
161 67
182 24
202 69
162 87
183 17
181 60
203 55
163 75
184 49
182 87
204 94
164 72
185 97
183 53
205 42
165 75
186 21
184 37
206 12
166 73
187 34
185 16
207 79
167 96
188 31
186 30
208 26
168 59
189 100
187 57
209 56
169 76
190 83
188 20
210 29
170 57
191 59
189 61
211 66
171 94
192 83
190 23
212 36
172 89
193 78
191 17
213 66
173 80
194 96
192 78
214 97
174 28
195 30
193 44
215 50
175 90
196 41
194 90
216 84
176 54
197 67
195 47
217 47
177 11
198 22
196 50
218 52
178 12
199 45
197 67
219 12
179 72
200 12
198 52
220 71
180 19
199 63
221 54
181 60
202 60
222 84
182 92
203 54
201 29
223 51
183 67
204 80
202 94
224 43
184 25
205 76
203 35
225 62
185 32
206 40
204 70
226 19
186 37
207 37
205 60
227 26
187 92
208 73
206 33
228 76
188 20
209 23
207 87
229 90
189 63
210 61
208 32
230 31
190 67
211 40
209 52
231 88
191 81
212 97
210 70
232 29
192 10
213 72
211 38
233 23
193 71
214 26
212 88
234 71
194 52
215 96
213 60
235 95
195 21
216 70
214 44
236 59
196 28
217 38
215 34
237 88
197 35
218 55
216 83
238 36
198 22
219 41
217 62
239 50
199 54
220 22
218 100
240 60
200 71
219 33
241 68
201 11
222 34
242 87
202 52
223 35
221 10
243 38
203 31
224 67
222 11
244 49
204 83
225 48
223 25
245 52
205 27
226 78
224 36
246 63
206 44
227 17
225 96
247 11
207 22
228 89
226 23
248 15
208 23
229 57
227 56
249 61
209 59
230 38
228 59
250 39
210 43
231 97
229 93
251 65
211 20
232 31
230 55
252 68
212 38
233 74
231 16
253 32
213 53
234 30
232 13
254 72
214 19
235 45
233 36
255 83
215 53
236 97
234 84
256 22
216 33
237 45
235 17
257 59
217 96
238 70
236 27
258 37
218 70
239 11
237 69
259 90
219 71
240 38
238 29
260 86
220 14
239 75
261 43
221 84
242 34
262 57
222 74
243 23
241 12
263 41
223 61
244 81
242 17
264 64
224 95
245 13
243 62
265 20
225 69
246 93
244 98
266 22
226 81
247 86
245 75
267 85
227 17
248 97
246 53
268 42
228 63
249 55
247 94
269 100
229 50
250 77
248 52
270 16
230 55
251 13
249 76
271 67
231 21
252 86
250 35
272 22
232 38
253 57
251 32
273 34
233 56
254 50
252 42
274 35
234 37
255 17
253 74
275 77
235 89
256 58
254 54
276 52
236 99
257 36
255 99
277 97
237 93
258 43
256 97
278 53
238 39
259 36
257 30
279 44
239 62
260 93
258 98
280 13
240 82
259 51
281 47
241 31
262 75
282 34
242 64
263 34
261 57
283 66
243 96
264 96
262 97
284 65
244 94
265 57
263 46
285 73
245 97
266 90
264 41
286 76
246 92
267 97
265 83
287 23
247 39
268 53
266 52
288 65
248 50
269 97
267 34
289 86
249 21
270 90
268 42
290 24
250 59
271 83
269 29
291 91
251 89
272 24
270 75
292 42
252 73
273 54
271 35
293 62
253 10
274 89
272 100
294 97
254 76
275 82
273 15
295 39
255 91
276 93
274 20
296 100
256 39
277 25
275 18
297 16
257 32
278 39
276 65
298 69
258 46
279 33
277 18
299 37
259 87
280 59
278 99
300 66
260 12
279 28
301 86
261 99
282 93
302 96
262 58
283 55
281 66
303 21
263 70
284 11
282 18
304 93
264 43
285 30
283 26
305 89
265 47
286 41
284 18
306 55
266 10
287 89
285 46
307 98
267 52
288 10
286 70
308 79
268 95
289 46
287 59
309 84
269 39
290 27
288 14
310 28
270 43
291 97
289 73
311 63
271 75
292 23
290 68
312 69
272 96
293 30
291 20
313 15
273 27
294 13
292 19
314 97
274 23
295 51
293 10
315 77
275 17
296 59
294 73
316 76
276 46
297 12
295 42
317 91
277 79
298 60
296 44
318 99
278 74
299 92
297 87
319 18
279 10
300 43
298 16
320 36
280 66
299 87
321 76
281 42
302 45
322 86
282 76
303 10
301 72
323 77
283 28
304 25
302 17
324 35
284 69
305 52
303 20
325 85
285 13
306 92
304 33
326 10
286 57
307 61
305 55
327 42
287 41
308 33
306 46
328 14
288 93
309 30
307 79
329 27
289 86
310 91
308 39
330 64
290 71
311 22
309 88
331 97
291 13
312 11
310 12
332 37
292 29
313 63
311 71
333 54
293 43
314 41
312 30
334 99
294 81
315 90
313 77
335 82
295 86
316 72
314 40
336 40
296 29
317 72
315 23
337 96
297 63
318 72
316 51
338 80
298 81
319 88
317 73
339 40
299 43
320 12
318 64
340 100
300 63
319 78
341 52
301 94
322 51
342 30
302 89
323 94
321 65
343 39
303 36
324 10
322 45
344 55
304 45
325 89
323 95
345 79
305 90
326 34
324 41
346 71
306 53
327 80
325 49
347 31
307 53
328 38
326 95
348 75
308 37
329 12
327 26
349 32
309 100
330 72
328 96
350 14
310 32
331 33
329 44
351 75
311 33
332 57
330 50
352 12
312 82
333 17
331 33
353 99
313 59
334 39
332 44
354 96
314 61
335 56
333 68
355 11
315 19
336 58
334 35
356 100
316 61
337 27
335 79
357 60
317 22
338 94
336 31
358 78
318 13
339 42
337 50
359 52
319 11
340 32
338 97
360 30
320 23
339 74
361 59
321 67
342 14
362 96
322 26
343 64
341 54
363 17
323 92
344 39
342 40
364 65
324 72
345 17
343 61
365 43
325 52
346 47
344 62
366 50
326 60
347 31
345 18
367 68
327 56
348 68
346 24
368 95
328 74
349 73
347 54
369 49
329 49
350 73
348 96
370 13
330 53
351 86
349 62
371 40
331 77
352 26
350 61
372 83
332 59
353 46
351 80
373 50
333 32
354 43
352 20
374 53
334 41
355 76
353 70
375 35
335 69
356 10
354 50
376 90
336 40
357 86
355 80
377 32
337 83
358 49
356 78
378 85
338 83
359 32
357 47
379 81
339 86
360 90
358 28
380 24
340 65
359 69
381 58
341 14
362 34
382 56
342 23
363 44
361 28
383 50
343 69
364 32
362 80
384 65
344 15
365 69
363 55
385 88
345 32
366 78
364 37
386 86
346 12
367 85
365 63
387 69
347 56
368 30
366 23
388 49
348 24
369 39
367 43
389 23
349 84
370 44
368 28
390 64
350 71
371 46
369 27
391 90
351 51
372 35
370 38
392 82
352 26
373 85
371 23
393 60
353 78
374 30
372 23
394 37
354 42
375 79
373 88
395 11
355 45
376 17
374 46
396 97
356 46
377 20
375 17
397 67
357 22
378 15
376 54
398 12
358 16
379 70
377 12
399 23
359 28
380 44
378 54
400 88
360 52
379 32
361 96
382 83
362 70
383 83
381 62
363 84
384 88
382 90
364 30
385 67
383 22
365 59
386 32
384 54
366 50
387 53
385 87
367 67
388 65
386 58
368 14
389 77
387 77
369 34
390 35
388 26
370 27
391 62
389 10
371 47
392 76
390 93
372 90
393 43
391 17
373 96
394 73
392 17
374 68
395 36
393 21
375 25
396 55
394 45
376 57
397 82
395 94
377 93
398 72
396 73
378 48
399 38
397 94
379 81
400 16
398 84
380 19
399 34
189
275
2 233 189 
2 251 195 
2 6 63 
2 340 262 
4 287 296 217 92 
1 216 
1 384 
1 23 
1 268 
2 237 256 
2 243 204 
2 112 241 
2 364 359 
2 277 260 
1 400 
1 180 
3 142 160 196 
1 61 
2 385 394 
3 55 171 125 
4 288 307 185 188 
2 119 321 
2 370 100 
3 15 66 383 
2 98 74 
1 134 
2 172 202 
1 315 
4 79 266 31 308 
2 259 36 
1 107 
2 229 272 
1 42 
2 56 209 
1 179 
1 85 
1 89 
1 318 
1 207 
2 278 203 
2 126 47 
3 386 398 280 
2 322 362 
3 13 121 257 
1 330 
2 248 283 
2 40 286 
3 25 303 168 
1 200 
1 238 
1 72 
2 366 261 
1 349 
1 12 
2 83 397 
1 358 
1 378 
2 169 124 
2 65 247 
1 274 
1 298 
2 331 197 
1 90 
2 52 41 
2 290 234 
5 84 88 175 51 110 
2 141 292 
2 341 270 
4 319 193 346 198 
1 254 
2 279 145 
1 60 
2 253 399 
1 244 
2 255 344 
3 48 7 275 
