100 342 10 100 19
2
3
3
2
3
4
4
3
3
4
4
3
3
4
4
3
3
4
4
3
3
4
4
3
3
4
4
3
3
4
4
3
3
4
4
3
3
4
4
3
3
4
4
3
3
4
4
3
3
4
4
3
3
4
4
3
3
4
4
3
3
4
4
3
3
4
4
3
3
4
4
3
3
4
4
3
3
4
4
3
3
4
4
3
3
4
4
3
3
4
4
3
3
4
4
3
2
3
3
2
5 57
2 29
6 91
3 73
1 95
7 25
4 83
2 92
8 40
3 92
9 92
1 17
6 29
10 63
2 30
7 53
5 82
11 46
3 59
8 19
6 58
12 96
4 58
7 54
13 76
5 43
10 32
14 81
6 23
11 90
9 70
15 54
7 79
12 99
10 83
16 63
8 91
11 41
17 34
9 69
14 79
18 77
10 74
15 86
13 11
19 33
11 27
16 15
14 84
20 57
12 77
15 40
21 35
13 58
18 70
22 23
14 64
19 95
17 82
23 54
15 49
20 65
18 70
24 46
16 14
19 12
25 32
17 86
22 93
26 15
18 53
23 12
21 21
27 23
19 15
24 39
22 62
28 83
20 38
23 40
29 13
21 27
26 76
30 62
22 54
27 49
25 54
31 19
23 28
28 88
26 57
32 79
24 50
27 77
33 91
25 65
30 17
34 40
26 57
31 73
29 84
35 33
27 35
32 61
30 25
36 28
28 14
31 74
37 78
29 70
34 66
38 73
30 34
35 47
33 13
39 82
31 44
36 21
34 40
40 59
32 91
35 17
41 43
33 23
38 23
42 15
34 71
39 19
37 41
43 16
35 75
40 83
38 25
44 78
36 33
39 20
45 32
37 47
42 58
46 47
38 78
43 94
41 47
47 28
39 98
44 53
42 37
48 24
40 80
43 99
49 99
41 52
46 95
50 12
42 25
47 36
45 64
51 35
43 19
48 22
46 95
52 68
44 26
47 48
53 18
45 77
50 95
54 58
46 76
51 17
49 60
55 19
47 25
52 72
50 79
56 100
48 59
51 53
57 30
49 23
54 66
58 12
50 92
55 14
53 84
59 28
51 81
56 50
54 90
60 30
52 64
55 42
61 89
53 34
58 31
62 12
54 76
59 26
57 97
63 73
55 88
60 39
58 60
64 85
56 23
59 38
65 32
57 23
62 26
66 100
58 76
63 89
61 36
67 88
59 49
64 91
62 31
68 18
60 20
63 68
69 51
61 42
66 60
70 58
62 12
67 83
65 68
71 57
63 21
68 64
66 31
72 17
64 58
67 75
73 11
65 34
70 20
74 77
66 33
71 35
69 33
75 63
67 36
72 38
70 34
76 57
68 16
71 61
77 21
69 42
74 41
78 21
70 18
75 90
73 88
79 77
71 86
76 33
74 82
80 20
72 11
75 93
81 92
73 74
78 93
82 56
74 100
79 96
77 97
83 77
75 69
80 92
78 92
84 39
76 62
79 90
85 29
77 23
82 61
86 15
78 22
83 26
81 51
87 18
79 46
84 44
82 49
88 44
80 38
83 60
89 86
81 10
86 32
90 30
82 40
87 79
85 96
91 28
83 74
88 56
86 90
92 67
84 93
87 38
93 86
85 23
90 70
94 47
86 28
91 72
89 96
95 39
87 48
92 100
90 46
96 67
88 67
91 85
97 69
89 87
94 66
98 81
90 52
95 73
93 70
99 73
91 83
96 59
94 26
100 25
92 99
95 62
93 34
98 25
94 20
99 29
97 88
95 23
100 59
98 48
96 71
99 24
6
87
1 6 
1 22 
3 9 19 69 
2 36 43 
1 31 
2 32 82 
2 42 99 
1 8 
3 94 38 79 
1 97 
2 26 29 
4 59 35 77 73 
2 96 46 
1 92 
1 16 
1 71 
4 62 13 50 49 
2 40 37 
1 87 
