600 2276 10 100 114
2
3
3
3
3
3
3
3
3
3
3
3
3
3
3
3
3
3
3
3
3
3
3
3
3
3
3
3
3
3
3
3
3
3
3
3
3
3
3
3
3
3
3
3
3
3
3
3
3
2
3
4
4
4
4
4
4
4
4
4
4
4
4
4
4
4
4
4
4
4
4
4
4
4
4
4
4
4
4
4
4
4
4
4
4
4
4
4
4
4
4
4
4
4
4
4
4
4
4
3
3
4
4
4
4
4
4
4
4
4
4
4
4
4
4
4
4
4
4
4
4
4
4
4
4
4
4
4
4
4
4
4
4
4
4
4
4
4
4
4
4
4
4
4
4
4
4
4
4
3
3
4
4
4
4
4
4
4
4
4
4
4
4
4
4
4
4
4
4
4
4
4
4
4
4
4
4
4
4
4
4
4
4
4
4
4
4
4
4
4
4
4
4
4
4
4
4
4
4
3
3
4
4
4
4
4
4
4
4
4
4
4
4
4
4
4
4
4
4
4
4
4
4
4
4
4
4
4
4
4
4
4
4
4
4
4
4
4
4
4
4
4
4
4
4
4
4
4
4
3
3
4
4
4
4
4
4
4
4
4
4
4
4
4
4
4
4
4
4
4
4
4
4
4
4
4
4
4
4
4
4
4
4
4
4
4
4
4
4
4
4
4
4
4
4
4
4
4
4
3
3
4
4
4
4
4
4
4
4
4
4
4
4
4
4
4
4
4
4
4
4
4
4
4
4
4
4
4
4
4
4
4
4
4
4
4
4
4
4
4
4
4
4
4
4
4
4
4
4
3
3
4
4
4
4
4
4
4
4
4
4
4
4
4
4
4
4
4
4
4
4
4
4
4
4
4
4
4
4
4
4
4
4
4
4
4
4
4
4
4
4
4
4
4
4
4
4
4
4
3
3
4
4
4
4
4
4
4
4
4
4
4
4
4
4
4
4
4
4
4
4
4
4
4
4
4
4
4
4
4
4
4
4
4
4
4
4
4
4
4
4
4
4
4
4
4
4
4
4
3
3
4
4
4
4
4
4
4
4
4
4
4
4
4
4
4
4
4
4
4
4
4
4
4
4
4
4
4
4
4
4
4
4
4
4
4
4
4
4
4
4
4
4
4
4
4
4
4
4
3
3
4
4
4
4
4
4
4
4
4
4
4
4
4
4
4
4
4
4
4
4
4
4
4
4
4
4
4
4
4
4
4
4
4
4
4
4
4
4
4
4
4
4
4
4
4
4
4
4
3
2
3
3
3
3
3
3
3
3
3
3
3
3
3
3
3
3
3
3
3
3
3
3
3
3
3
3
3
3
3
3
3
3
3
3
3
3
3
3
3
3
3
3
3
3
3
3
3
3
2
51 50
2 29
52 64
3 88
1 73
53 49
4 78
2 20
54 64
5 47
3 27
55 64
6 94
4 33
56 99
7 62
5 68
57 87
8 20
6 69
58 34
9 98
7 16
59 68
10 62
8 82
60 42
11 32
9 29
61 43
12 77
10 90
62 27
13 14
11 22
63 55
14 35
12 56
64 26
15 44
13 86
65 60
16 58
14 59
66 43
17 50
15 19
67 25
18 61
16 25
68 17
19 83
17 80
69 45
20 98
18 78
70 98
21 63
19 67
71 25
22 70
20 38
72 13
23 82
21 13
73 13
24 66
22 11
74 61
25 85
23 95
75 95
26 99
24 71
76 57
27 44
25 66
77 31
28 17
26 29
78 88
29 13
27 46
79 36
30 86
28 57
80 37
31 41
29 92
81 47
32 23
30 17
82 56
33 23
31 85
83 98
34 74
32 90
84 93
35 47
33 63
85 100
36 26
34 14
86 22
37 66
35 72
87 97
38 31
36 91
88 91
39 17
37 11
89 63
40 72
38 88
90 63
41 71
39 66
91 95
42 98
40 75
92 81
43 25
41 78
93 97
44 53
42 69
94 78
45 70
43 33
95 86
46 40
44 29
96 29
47 30
45 29
97 41
48 92
46 17
98 81
49 87
47 56
99 21
50 59
48 33
100 29
49 40
101 58
1 27
52 30
102 57
2 84
53 51
51 26
103 94
3 26
54 31
52 79
104 51
4 79
55 70
53 30
105 40
5 50
56 70
54 59
106 35
6 31
57 34
55 10
107 89
7 35
58 68
56 45
108 75
8 72
59 85
57 16
109 66
9 58
60 37
58 80
110 97
10 48
61 31
59 68
111 37
11 62
62 79
60 36
112 66
12 93
63 11
61 70
113 35
13 53
64 21
62 81
114 65
14 90
65 93
63 45
115 61
15 46
66 38
64 54
116 28
16 23
67 72
65 88
117 19
17 48
68 49
66 54
118 100
18 22
69 20
67 31
119 55
19 47
70 21
68 43
120 30
20 72
71 55
69 83
121 15
21 15
72 67
70 39
122 58
22 85
73 70
71 35
123 92
23 36
74 17
72 95
124 15
24 12
75 51
73 15
125 70
25 100
76 82
74 93
126 16
26 65
77 33
75 84
127 38
27 26
78 67
76 87
128 72
28 36
79 78
77 77
129 62
29 52
80 77
78 85
130 24
30 83
81 26
79 86
131 33
31 30
82 40
80 51
132 68
32 100
83 44
81 75
133 25
33 19
84 81
82 14
134 31
34 39
85 52
83 38
135 43
35 82
86 53
84 61
136 89
36 74
87 71
85 32
137 47
37 88
88 33
86 77
138 51
38 14
89 11
87 21
139 68
39 79
90 15
88 99
140 30
40 98
91 50
89 39
141 58
41 71
92 95
90 37
142 87
42 14
93 62
91 73
143 24
43 58
94 57
92 43
144 57
44 66
95 16
93 100
145 99
45 69
96 95
94 84
146 69
46 87
97 23
95 65
147 54
47 64
98 31
96 71
148 39
48 46
99 87
97 63
149 67
49 53
100 37
98 63
150 51
50 35
99 40
151 88
51 11
102 67
152 91
52 78
103 61
101 72
153 84
53 42
104 88
102 63
154 50
54 56
105 39
103 63
155 68
55 43
106 36
104 15
156 57
56 20
107 78
105 22
157 92
57 87
108 62
106 93
158 28
58 18
109 51
107 30
159 23
59 50
110 76
108 53
160 58
60 94
111 98
109 54
161 77
61 76
112 17
110 99
162 71
62 83
113 27
111 70
163 40
63 59
114 54
112 45
164 97
64 86
115 54
113 40
165 46
65 35
116 94
114 37
166 52
66 40
117 75
115 50
167 79
67 16
118 42
116 44
168 40
68 50
119 58
117 27
169 75
69 61
120 25
118 40
170 45
70 43
121 59
119 83
171 52
71 80
122 54
120 36
172 49
72 22
123 65
121 64
173 60
73 68
124 13
122 100
174 76
74 20
125 40
123 33
175 92
75 72
126 49
124 51
176 22
76 12
127 19
125 96
177 40
77 82
128 84
126 59
178 76
78 82
129 18
127 48
179 88
79 14
130 87
128 80
180 80
80 100
131 82
129 30
181 18
81 61
132 48
130 25
182 43
82 99
133 75
131 24
183 96
83 18
134 25
132 69
184 25
84 40
135 33
133 15
185 97
85 48
136 13
134 78
186 43
86 88
137 15
135 12
187 35
87 80
138 51
136 82
188 97
88 42
139 15
137 55
189 70
89 71
140 43
138 32
190 63
90 77
141 18
139 51
191 20
91 45
142 90
140 36
192 55
92 61
143 34
141 28
193 14
93 48
144 31
142 52
194 21
94 21
145 33
143 16
195 44
95 43
146 95
144 62
196 30
96 15
147 73
145 21
197 68
97 30
148 57
146 63
198 12
98 41
149 56
147 17
199 17
99 77
150 76
148 24
200 85
100 76
149 68
201 71
101 44
152 24
202 85
102 24
153 46
151 99
203 59
103 57
154 92
152 28
204 77
104 23
155 35
153 22
205 85
105 99
156 57
154 80
206 40
106 61
157 60
155 44
207 86
107 60
158 89
156 97
208 32
108 96
159 48
157 99
209 94
109 87
160 32
158 38
210 36
110 37
161 68
159 15
211 57
111 94
162 54
160 40
212 29
112 89
163 96
161 78
213 63
113 33
164 63
162 25
214 76
114 56
165 46
163 57
215 18
115 56
166 68
164 77
216 61
116 42
167 40
165 14
217 73
117 99
168 60
166 68
218 58
118 61
169 65
167 88
219 41
119 98
170 93
168 22
220 14
120 96
171 96
169 56
221 37
121 59
172 61
170 44
222 94
122 35
173 13
171 71
223 56
123 53
174 47
172 81
224 22
124 82
175 77
173 86
225 71
125 41
176 49
174 26
226 57
126 16
177 65
175 71
227 88
127 81
178 53
176 76
228 55
128 26
179 31
177 63
229 29
129 91
180 30
178 43
230 42
130 94
181 44
179 72
231 37
131 32
182 95
180 77
232 66
132 79
183 23
181 74
233 23
133 43
184 67
182 31
234 20
134 97
185 48
183 44
235 43
135 90
186 60
184 43
236 68
136 55
187 42
185 69
237 92
137 24
188 18
186 12
238 69
138 61
189 45
187 95
239 24
139 26
190 33
188 10
240 64
140 51
191 22
189 74
241 48
141 34
192 80
190 37
242 38
142 55
193 62
191 89
243 38
143 54
194 77
192 79
244 26
144 45
195 100
193 55
245 44
145 52
196 96
194 13
246 91
146 72
197 89
195 76
247 50
147 17
198 97
196 15
248 80
148 44
199 87
197 56
249 62
149 53
200 63
198 63
250 25
150 30
199 49
251 63
151 86
202 10
252 25
152 74
203 77
201 57
253 78
153 35
204 17
202 36
254 87
154 70
205 15
203 26
255 70
155 53
206 92
204 50
256 74
156 70
207 47
205 75
257 60
157 57
208 25
206 98
258 51
158 80
209 57
207 98
259 90
159 27
210 100
208 13
260 90
160 81
211 84
209 22
261 76
161 61
212 47
210 46
262 35
162 96
213 89
211 31
263 40
163 15
214 51
212 21
264 100
164 52
215 68
213 94
265 72
165 28
216 69
214 60
266 65
166 36
217 88
215 25
267 55
167 28
218 28
216 21
268 88
168 51
219 90
217 53
269 64
169 44
220 92
218 64
270 16
170 35
221 51
219 19
271 11
171 58
222 58
220 36
272 73
172 11
223 19
221 30
273 32
173 30
224 50
222 85
274 53
174 85
225 65
223 98
275 10
175 77
226 78
224 65
276 52
176 47
227 91
225 66
277 62
177 98
228 59
226 47
278 25
178 91
229 41
227 50
279 51
179 24
230 20
228 36
280 23
180 74
231 16
229 33
281 26
181 99
232 33
230 19
282 54
182 60
233 78
231 65
283 76
183 72
234 64
232 22
284 85
184 36
235 16
233 60
285 60
185 58
236 56
234 11
286 25
186 78
237 39
235 90
287 95
187 74
238 81
236 47
288 12
188 22
239 22
237 30
289 20
189 53
240 91
238 89
290 31
190 20
241 63
239 12
291 43
191 51
242 49
240 12
292 40
192 38
243 89
241 62
293 90
193 17
244 60
242 84
294 89
194 25
245 11
243 55
295 55
195 68
246 11
244 89
296 45
196 19
247 59
245 18
297 93
197 74
248 85
246 38
298 91
198 65
249 75
247 98
299 38
199 70
250 70
248 96
300 65
200 50
249 30
301 86
201 15
252 36
302 66
202 68
253 98
251 10
303 81
203 77
254 43
252 11
304 31
204 17
255 35
253 67
305 51
205 14
256 73
254 49
306 52
206 80
257 52
255 52
307 84
207 64
258 28
256 13
308 70
208 43
259 10
257 69
309 14
209 93
260 81
258 86
310 84
210 56
261 53
259 97
311 57
211 26
262 45
260 95
312 65
212 67
263 67
261 87
313 91
213 86
264 67
262 48
314 11
214 17
265 67
263 41
315 32
215 77
266 14
264 52
316 86
216 67
267 86
265 34
317 87
217 54
268 80
266 21
318 66
218 64
269 23
267 72
319 59
219 21
270 10
268 82
320 12
220 21
271 15
269 99
321 97
221 25
272 88
270 40
322 29
222 13
273 59
271 37
323 86
223 97
274 40
272 78
324 10
224 77
275 42
273 85
325 74
225 58
276 88
274 77
326 50
226 42
277 48
275 80
327 34
227 60
278 19
276 95
328 45
228 88
279 97
277 55
329 90
229 65
280 36
278 57
330 17
230 70
281 87
279 15
331 80
231 75
282 52
280 34
332 39
232 65
283 92
281 32
333 59
233 34
284 76
282 53
334 53
234 22
285 99
283 35
335 100
235 50
286 61
284 41
336 95
236 52
287 29
285 27
337 63
237 28
288 51
286 49
338 35
238 52
289 19
287 38
339 52
239 37
290 28
288 64
340 78
240 61
291 63
289 68
341 55
241 29
292 75
290 96
342 75
242 69
293 36
291 72
343 70
243 45
294 97
292 25
344 85
244 59
295 42
293 28
345 45
245 30
296 42
294 92
346 40
246 49
297 75
295 39
347 46
247 41
298 23
296 86
348 61
248 42
299 21
297 14
349 26
249 21
300 56
298 42
350 78
250 67
299 70
351 51
251 55
302 31
352 87
252 64
303 73
301 57
353 39
253 15
304 44
302 65
354 74
254 82
305 46
303 76
355 29
255 10
306 19
304 42
356 55
256 97
307 98
305 29
357 13
257 73
308 40
306 37
358 15
258 74
309 74
307 37
359 10
259 39
310 69
308 83
360 15
260 39
311 75
309 64
361 24
261 13
312 84
310 35
362 86
262 11
313 59
311 99
363 61
263 24
314 35
312 69
364 11
264 45
315 89
313 39
365 40
265 30
316 85
314 71
366 41
266 16
317 18
315 40
367 49
267 46
318 58
316 57
368 14
268 93
319 92
317 43
369 14
269 83
320 51
318 25
370 22
270 15
321 18
319 76
371 39
271 100
322 76
320 72
372 90
272 15
323 11
321 20
373 22
273 64
324 95
322 53
374 10
274 81
325 25
323 69
375 21
275 95
326 37
324 10
376 94
276 53
327 99
325 69
377 45
277 13
328 14
326 56
378 48
278 81
329 11
327 26
379 81
279 55
330 39
328 55
380 87
280 45
331 90
329 37
381 10
281 54
332 38
330 73
382 34
282 14
333 65
331 26
383 68
283 26
334 96
332 53
384 60
284 18
335 73
333 74
385 69
285 58
336 33
334 16
386 23
286 78
337 50
335 100
387 47
287 76
338 84
336 94
388 79
288 100
339 43
337 89
389 66
289 85
340 70
338 33
390 98
290 36
341 36
339 63
391 32
291 45
342 96
340 82
392 48
292 37
343 52
341 82
393 37
293 26
344 97
342 22
394 10
294 61
345 38
343 98
395 43
295 11
346 91
344 47
396 10
296 15
347 38
345 20
397 29
297 31
348 62
346 45
398 59
298 91
349 58
347 17
399 29
299 52
350 97
348 34
400 66
300 40
349 99
401 86
301 21
352 62
402 25
302 95
353 65
351 54
403 38
303 13
354 21
352 55
404 73
304 34
355 100
353 92
405 92
305 95
356 66
354 75
406 44
306 72
357 92
355 56
407 42
307 73
358 33
356 72
408 87
308 71
359 66
357 70
409 73
309 73
360 69
358 51
410 40
310 28
361 69
359 64
411 67
311 30
362 97
360 28
412 60
312 85
363 27
361 12
413 11
313 23
364 17
362 29
414 61
314 19
365 47
363 32
415 80
315 91
366 43
364 33
416 22
316 80
367 23
365 92
417 76
317 17
368 66
366 40
418 14
318 44
369 78
367 74
419 42
319 13
370 21
368 19
420 40
320 51
371 10
369 34
421 17
321 73
372 71
370 68
422 19
322 25
373 72
371 84
423 81
323 40
374 52
372 59
424 70
324 13
375 100
373 52
425 52
325 53
376 13
374 97
426 30
326 99
377 97
375 23
427 81
327 83
378 80
376 95
428 11
328 92
379 88
377 95
429 70
329 35
380 36
378 15
430 93
330 62
381 95
379 44
431 83
331 94
382 30
380 19
432 47
332 50
383 29
381 41
433 20
333 55
384 32
382 56
434 38
334 20
385 53
383 33
435 74
335 56
386 26
384 13
436 44
336 70
387 97
385 46
437 78
337 36
388 47
386 48
438 29
338 51
389 80
387 77
439 41
339 60
390 76
388 11
440 35
340 99
391 91
389 15
441 47
341 97
392 73
390 79
442 12
342 17
393 70
391 44
443 68
343 51
394 99
392 11
444 47
344 29
395 58
393 89
445 57
345 15
396 27
394 58
446 82
346 99
397 18
395 26
447 34
347 16
398 94
396 84
448 38
348 61
399 21
397 52
449 12
349 63
400 31
398 24
450 31
350 42
399 83
451 26
351 99
402 77
452 12
352 32
403 60
401 38
453 65
353 17
404 16
402 59
454 55
354 30
405 40
403 61
455 64
355 16
406 57
404 71
456 55
356 12
407 55
405 94
457 69
357 69
408 50
406 32
458 70
358 93
409 86
407 57
459 66
359 40
410 99
408 44
460 39
360 66
411 35
409 40
461 34
361 16
412 28
410 44
462 80
362 71
413 94
411 87
463 31
363 27
414 83
412 40
464 40
364 72
415 80
413 74
465 26
365 61
416 21
414 59
466 43
366 64
417 26
415 61
467 88
367 85
418 39
416 75
468 32
368 71
419 72
417 65
469 55
369 28
420 50
418 90
470 10
370 79
421 22
419 94
471 98
371 22
422 42
420 33
472 23
372 69
423 19
421 18
473 18
373 19
424 96
422 47
474 95
374 32
425 51
423 53
475 53
375 36
426 46
424 90
476 34
376 48
427 49
425 35
477 70
377 99
428 30
426 62
478 95
378 78
429 74
427 85
479 10
379 40
430 72
428 93
480 32
380 37
431 91
429 82
481 36
381 50
432 26
430 78
482 11
382 90
433 53
431 74
483 12
383 20
434 32
432 68
484 48
384 47
435 42
433 45
485 100
385 11
436 22
434 86
486 48
386 20
437 76
435 85
487 34
387 71
438 51
436 32
488 10
388 37
439 12
437 38
489 44
389 11
440 37
438 31
490 59
390 15
441 45
439 66
491 74
391 13
442 70
440 23
492 71
392 17
443 61
441 52
493 47
393 96
444 35
442 98
494 92
394 90
445 98
443 64
495 21
395 39
446 17
444 52
496 68
396 78
447 24
445 57
497 15
397 81
448 94
446 45
498 79
398 67
449 12
447 77
499 69
399 23
450 57
448 80
500 50
400 56
449 81
501 83
401 93
452 96
502 13
402 49
453 83
451 33
503 60
403 18
454 64
452 64
504 20
404 73
455 49
453 92
505 58
405 19
456 65
454 78
506 40
406 93
457 88
455 39
507 34
407 25
458 64
456 62
508 16
408 57
459 60
457 78
509 12
409 88
460 61
458 54
510 94
410 67
461 84
459 96
511 76
411 79
462 54
460 100
512 46
412 88
463 90
461 13
513 51
413 28
464 11
462 52
514 92
414 33
465 66
463 70
515 61
415 78
466 23
464 13
516 96
416 36
467 76
465 71
517 99
417 16
468 54
466 67
518 24
418 90
469 71
467 11
519 64
419 11
470 45
468 72
520 16
420 13
471 20
469 60
521 76
421 34
472 78
470 79
522 29
422 22
473 67
471 91
523 40
423 14
474 89
472 62
524 29
424 27
475 14
473 22
525 29
425 73
476 69
474 31
526 46
426 70
477 21
475 62
527 77
427 52
478 79
476 100
528 87
428 37
479 14
477 16
529 85
429 32
480 56
478 32
530 29
430 47
481 68
479 49
531 48
431 91
482 30
480 59
532 63
432 39
483 34
481 80
533 62
433 45
484 83
482 96
534 65
434 13
485 89
483 100
535 16
435 17
486 49
484 12
536 57
436 12
487 94
485 41
537 44
437 74
488 37
486 64
538 41
438 78
489 88
487 44
539 48
439 40
490 61
488 13
540 99
440 12
491 81
489 32
541 79
441 89
492 63
490 60
542 83
442 26
493 11
491 43
543 44
443 33
494 12
492 99
544 95
444 11
495 17
493 66
545 25
445 10
496 10
494 53
546 92
446 75
497 63
495 59
547 28
447 41
498 22
496 36
548 19
448 81
499 91
497 60
549 46
449 41
500 49
498 99
550 29
450 59
499 95
551 52
451 46
502 74
552 86
452 45
503 27
501 82
553 19
453 33
504 94
502 81
554 74
454 41
505 33
503 81
555 85
455 54
506 16
504 12
556 23
456 28
507 78
505 94
557 17
457 42
508 73
506 50
558 81
458 37
509 67
507 74
559 65
459 17
510 41
508 10
560 65
460 33
511 34
509 77
561 43
461 15
512 85
510 64
562 95
462 86
513 85
511 61
563 82
463 36
514 34
512 91
564 53
464 47
515 57
513 12
565 68
465 22
516 32
514 29
566 39
466 28
517 77
515 86
567 79
467 95
518 46
516 16
568 99
468 80
519 78
517 65
569 65
469 13
520 18
518 83
570 27
470 17
521 90
519 58
571 34
471 90
522 40
520 22
572 42
472 85
523 20
521 81
573 49
473 74
524 13
522 47
574 59
474 44
525 74
523 62
575 37
475 53
526 67
524 76
576 97
476 82
527 68
525 51
577 97
477 97
528 95
526 67
578 11
478 74
529 98
527 80
579 18
479 40
530 68
528 30
580 33
480 82
531 66
529 67
581 15
481 13
532 69
530 95
582 80
482 21
533 47
531 100
583 53
483 48
534 18
532 84
584 41
484 70
535 78
533 79
585 98
485 58
536 90
534 63
586 55
486 49
537 40
535 20
587 15
487 44
538 54
536 97
588 23
488 98
539 59
537 35
589 24
489 71
540 99
538 63
590 89
490 33
541 32
539 64
591 33
491 11
542 97
540 78
592 40
492 82
543 71
541 30
593 50
493 96
544 82
542 68
594 56
494 27
545 11
543 40
595 100
495 65
546 97
544 36
596 36
496 59
547 88
545 88
597 13
497 30
548 75
546 35
598 35
498 89
549 51
547 71
599 35
499 48
550 56
548 82
600 13
500 41
549 54
501 53
552 37
502 91
553 17
551 70
503 30
554 34
552 23
504 89
555 48
553 17
505 93
556 23
554 38
506 11
557 24
555 53
507 42
558 26
556 60
508 17
559 39
557 92
509 83
560 71
558 14
510 21
561 11
559 50
511 13
562 13
560 97
512 33
563 87
561 22
513 55
564 77
562 78
514 74
565 37
563 27
515 50
566 50
564 94
516 81
567 83
565 46
517 45
568 74
566 89
518 99
569 89
567 94
519 84
570 43
568 83
520 23
571 68
569 51
521 48
572 23
570 42
522 97
573 98
571 33
523 37
574 34
572 39
524 77
575 84
573 80
525 37
576 20
574 85
526 18
577 67
575 90
527 21
578 18
576 26
528 17
579 60
577 80
529 22
580 32
578 66
530 25
581 28
579 98
531 35
582 38
580 68
532 94
583 17
581 71
533 78
584 37
582 77
534 67
585 49
583 21
535 70
586 13
584 50
536 75
587 65
585 93
537 35
588 88
586 70
538 90
589 79
587 97
539 65
590 65
588 59
540 66
591 27
589 24
541 94
592 53
590 26
542 29
593 20
591 95
543 33
594 24
592 20
544 51
595 13
593 97
545 95
596 14
594 64
546 19
597 95
595 69
547 94
598 59
596 46
548 49
599 99
597 69
549 77
600 67
598 79
550 93
599 39
249
546
2 429 249 
1 557 
1 361 
2 163 570 
2 572 436 
2 433 127 
3 379 63 296 
1 239 
2 260 78 
3 31 540 292 
3 94 549 352 
1 113 
2 222 218 
1 387 
1 225 
1 138 
2 60 354 
1 339 
3 388 465 390 
1 232 
1 120 
2 321 122 
1 16 
4 514 376 234 151 
1 536 
1 424 
1 367 
1 511 
2 259 164 
1 287 
1 331 
2 319 45 
2 171 453 
1 125 
2 509 152 
1 254 
1 49 
1 497 
1 560 
3 345 588 40 
1 373 
1 134 
1 481 
1 559 
1 22 
2 504 129 
2 196 117 
2 515 541 
3 571 470 85 
2 450 124 
1 179 
1 537 
1 566 
1 496 
2 180 372 
1 213 
2 568 95 
1 17 
3 368 418 242 
1 385 
2 263 9 
4 457 35 298 425 
1 347 
3 55 167 358 
1 269 
2 337 498 
2 256 194 
2 88 288 
5 114 366 530 128 508 
2 594 62 
1 420 
6 394 485 591 362 452 454 
1 370 
1 175 
1 414 
1 201 
1 271 
2 187 118 
2 281 237 
5 520 428 166 217 155 
2 318 68 
2 203 147 
3 326 493 25 
1 170 
2 351 445 
3 338 132 93 
3 275 430 547 
1 50 
1 282 
2 477 325 
2 302 554 
1 156 
2 579 360 
5 320 486 350 565 7 
2 110 12 
2 268 518 
1 24 
1 169 
1 212 
2 502 178 
2 243 472 
1 66 
4 98 483 398 427 
2 558 322 
3 469 488 574 
3 374 23 26 
1 91 
3 81 106 18 
1 341 
2 8 495 
3 589 29 54 
2 199 408 
2 75 534 
2 417 546 
