625 2400 10 100 118
2
3
3
3
3
3
3
3
3
3
3
3
3
3
3
3
3
3
3
3
3
3
3
3
2
3
4
4
4
4
4
4
4
4
4
4
4
4
4
4
4
4
4
4
4
4
4
4
4
3
3
4
4
4
4
4
4
4
4
4
4
4
4
4
4
4
4
4
4
4
4
4
4
4
3
3
4
4
4
4
4
4
4
4
4
4
4
4
4
4
4
4
4
4
4
4
4
4
4
3
3
4
4
4
4
4
4
4
4
4
4
4
4
4
4
4
4
4
4
4
4
4
4
4
3
3
4
4
4
4
4
4
4
4
4
4
4
4
4
4
4
4
4
4
4
4
4
4
4
3
3
4
4
4
4
4
4
4
4
4
4
4
4
4
4
4
4
4
4
4
4
4
4
4
3
3
4
4
4
4
4
4
4
4
4
4
4
4
4
4
4
4
4
4
4
4
4
4
4
3
3
4
4
4
4
4
4
4
4
4
4
4
4
4
4
4
4
4
4
4
4
4
4
4
3
3
4
4
4
4
4
4
4
4
4
4
4
4
4
4
4
4
4
4
4
4
4
4
4
3
3
4
4
4
4
4
4
4
4
4
4
4
4
4
4
4
4
4
4
4
4
4
4
4
3
3
4
4
4
4
4
4
4
4
4
4
4
4
4
4
4
4
4
4
4
4
4
4
4
3
3
4
4
4
4
4
4
4
4
4
4
4
4
4
4
4
4
4
4
4
4
4
4
4
3
3
4
4
4
4
4
4
4
4
4
4
4
4
4
4
4
4
4
4
4
4
4
4
4
3
3
4
4
4
4
4
4
4
4
4
4
4
4
4
4
4
4
4
4
4
4
4
4
4
3
3
4
4
4
4
4
4
4
4
4
4
4
4
4
4
4
4
4
4
4
4
4
4
4
3
3
4
4
4
4
4
4
4
4
4
4
4
4
4
4
4
4
4
4
4
4
4
4
4
3
3
4
4
4
4
4
4
4
4
4
4
4
4
4
4
4
4
4
4
4
4
4
4
4
3
3
4
4
4
4
4
4
4
4
4
4
4
4
4
4
4
4
4
4
4
4
4
4
4
3
3
4
4
4
4
4
4
4
4
4
4
4
4
4
4
4
4
4
4
4
4
4
4
4
3
3
4
4
4
4
4
4
4
4
4
4
4
4
4
4
4
4
4
4
4
4
4
4
4
3
3
4
4
4
4
4
4
4
4
4
4
4
4
4
4
4
4
4
4
4
4
4
4
4
3
3
4
4
4
4
4
4
4
4
4
4
4
4
4
4
4
4
4
4
4
4
4
4
4
3
3
4
4
4
4
4
4
4
4
4
4
4
4
4
4
4
4
4
4
4
4
4
4
4
3
2
3
3
3
3
3
3
3
3
3
3
3
3
3
3
3
3
3
3
3
3
3
3
3
2
26 78
2 29
27 24
3 97
1 47
28 62
4 49
2 68
29 99
5 31
3 75
30 56
6 96
4 35
31 77
7 100
5 34
32 72
8 41
6 70
33 36
9 68
7 28
34 38
10 82
8 60
35 20
11 69
9 11
36 53
12 37
10 29
37 57
13 39
11 98
38 72
14 21
12 33
39 97
15 16
13 70
40 84
16 22
14 28
41 11
17 72
15 62
42 100
18 10
16 20
43 97
19 46
17 63
44 95
20 24
18 59
45 86
21 83
19 75
46 93
22 54
20 26
47 55
23 76
21 53
48 79
24 40
22 26
49 54
25 13
23 20
50 89
24 60
51 87
1 96
27 25
52 15
2 27
28 30
26 74
53 60
3 48
29 22
27 34
54 32
4 83
30 15
28 58
55 51
5 20
31 71
29 42
56 97
6 40
32 66
30 52
57 73
7 14
33 58
31 61
58 50
8 93
34 31
32 29
59 43
9 19
35 13
33 92
60 16
10 18
36 78
34 31
61 39
11 64
37 54
35 81
62 49
12 85
38 19
36 87
63 61
13 71
39 37
37 36
64 16
14 79
40 85
38 25
65 60
15 73
41 24
39 33
66 49
16 14
42 68
40 43
67 88
17 88
43 35
41 52
68 10
18 73
44 80
42 66
69 40
19 62
45 80
43 49
70 32
20 82
46 33
44 57
71 36
21 18
47 41
45 17
72 69
22 37
48 45
46 100
73 34
23 41
49 22
47 48
74 56
24 23
50 16
48 72
75 44
25 73
49 20
76 86
26 99
52 32
77 67
27 35
53 54
51 37
78 46
28 23
54 12
52 82
79 81
29 47
55 14
53 15
80 82
30 19
56 84
54 80
81 100
31 39
57 65
55 33
82 97
32 34
58 92
56 26
83 38
33 96
59 79
57 94
84 14
34 83
60 97
58 43
85 32
35 93
61 71
59 56
86 56
36 52
62 31
60 64
87 43
37 10
63 91
61 98
88 93
38 87
64 77
62 46
89 28
39 81
65 15
63 93
90 67
40 57
66 32
64 12
91 58
41 62
67 88
65 77
92 30
42 73
68 25
66 89
93 48
43 55
69 33
67 60
94 41
44 92
70 42
68 94
95 10
45 82
71 54
69 40
96 66
46 34
72 10
70 20
97 65
47 50
73 97
71 67
98 11
48 34
74 93
72 23
99 78
49 48
75 26
73 15
100 100
50 86
74 41
101 95
51 18
77 89
102 13
52 24
78 33
76 73
103 97
53 89
79 97
77 72
104 39
54 28
80 12
78 68
105 55
55 11
81 65
79 74
106 78
56 52
82 79
80 86
107 95
57 85
83 11
81 20
108 29
58 45
84 82
82 26
109 57
59 28
85 26
83 68
110 72
60 18
86 14
84 22
111 97
61 82
87 78
85 30
112 78
62 93
88 83
86 11
113 69
63 75
89 99
87 73
114 45
64 42
90 98
88 53
115 12
65 74
91 75
89 100
116 72
66 55
92 35
90 94
117 52
67 17
93 20
91 27
118 74
68 90
94 43
92 94
119 47
69 34
95 86
93 38
120 23
70 44
96 37
94 15
121 82
71 11
97 80
95 74
122 74
72 50
98 95
96 50
123 15
73 15
99 91
97 90
124 48
74 56
100 51
98 24
125 43
75 81
99 95
126 27
76 79
102 86
127 36
77 45
103 46
101 23
128 90
78 23
104 87
102 81
129 83
79 21
105 63
103 88
130 22
80 48
106 68
104 98
131 98
81 33
107 68
105 12
132 71
82 71
108 10
106 28
133 59
83 31
109 38
107 92
134 34
84 97
110 100
108 14
135 36
85 94
111 13
109 89
136 23
86 86
112 75
110 60
137 80
87 100
113 32
111 32
138 14
88 100
114 15
112 17
139 14
89 28
115 68
113 10
140 38
90 71
116 40
114 93
141 97
91 62
117 92
115 29
142 25
92 72
118 18
116 70
143 30
93 32
119 12
117 30
144 62
94 46
120 43
118 40
145 19
95 96
121 90
119 35
146 83
96 66
122 61
120 17
147 22
97 88
123 36
121 39
148 88
98 29
124 19
122 60
149 79
99 98
125 75
123 50
150 21
100 37
124 21
151 21
101 57
127 10
152 42
102 51
128 68
126 34
153 30
103 77
129 37
127 36
154 59
104 46
130 21
128 70
155 74
105 10
131 14
129 73
156 77
106 78
132 17
130 11
157 37
107 90
133 57
131 78
158 71
108 77
134 84
132 14
159 19
109 57
135 42
133 76
160 35
110 26
136 63
134 23
161 95
111 11
137 51
135 77
162 77
112 18
138 91
136 41
163 33
113 46
139 95
137 74
164 58
114 45
140 74
138 36
165 72
115 50
141 48
139 52
166 51
116 15
142 33
140 81
167 21
117 64
143 66
141 61
168 28
118 89
144 81
142 75
169 84
119 23
145 52
143 27
170 70
120 43
146 74
144 65
171 68
121 68
147 45
145 47
172 64
122 95
148 52
146 81
173 23
123 78
149 85
147 100
174 77
124 77
150 35
148 68
175 17
125 100
149 68
176 17
126 89
152 55
177 100
127 10
153 82
151 70
178 11
128 13
154 13
152 29
179 16
129 60
155 38
153 29
180 68
130 70
156 93
154 50
181 24
131 26
157 56
155 40
182 77
132 90
158 89
156 34
183 88
133 36
159 81
157 96
184 38
134 23
160 22
158 59
185 81
135 84
161 28
159 10
186 27
136 20
162 94
160 11
187 25
137 54
163 26
161 44
188 96
138 57
164 82
162 92
189 90
139 71
165 32
163 67
190 84
140 48
166 43
164 26
191 88
141 76
167 51
165 21
192 71
142 97
168 16
166 11
193 47
143 60
169 25
167 84
194 32
144 58
170 96
168 23
195 61
145 70
171 81
169 49
196 45
146 45
172 69
170 24
197 25
147 21
173 50
171 43
198 13
148 60
174 21
172 33
199 82
149 45
175 70
173 29
200 44
150 39
174 98
201 25
151 76
177 15
202 42
152 65
178 25
176 85
203 90
153 23
179 96
177 54
204 85
154 33
180 63
178 34
205 80
155 34
181 63
179 51
206 76
156 55
182 97
180 20
207 76
157 19
183 27
181 17
208 69
158 97
184 37
182 87
209 36
159 16
185 39
183 23
210 16
160 98
186 35
184 64
211 45
161 73
187 46
185 95
212 85
162 95
188 18
186 68
213 29
163 65
189 72
187 38
214 41
164 55
190 73
188 100
215 51
165 96
191 73
189 62
216 41
166 45
192 48
190 17
217 76
167 82
193 30
191 72
218 45
168 68
194 92
192 92
219 47
169 32
195 74
193 39
220 79
170 34
196 78
194 77
221 74
171 78
197 90
195 28
222 73
172 77
198 26
196 86
223 33
173 59
199 28
197 74
224 94
174 82
200 97
198 68
225 91
175 40
199 90
226 36
176 55
202 64
227 47
177 39
203 61
201 96
228 53
178 16
204 80
202 56
229 42
179 91
205 10
203 10
230 26
180 76
206 18
204 79
231 73
181 83
207 20
205 43
232 21
182 91
208 47
206 39
233 11
183 33
209 39
207 62
234 86
184 40
210 33
208 14
235 24
185 97
211 95
209 14
236 84
186 53
212 74
210 31
237 31
187 88
213 20
211 98
238 25
188 15
214 86
212 77
239 22
189 30
215 63
213 45
240 52
190 75
216 44
214 83
241 85
191 10
217 42
215 86
242 35
192 70
218 73
216 77
243 61
193 41
219 59
217 93
244 98
194 72
220 44
218 21
245 12
195 76
221 49
219 30
246 27
196 89
222 13
220 21
247 54
197 28
223 76
221 75
248 52
198 34
224 56
222 79
249 89
199 91
225 48
223 70
250 92
200 61
224 10
251 46
201 15
227 18
252 28
202 19
228 59
226 60
253 27
203 26
229 13
227 81
254 23
204 93
230 25
228 32
255 83
205 92
231 41
229 43
256 22
206 73
232 93
230 22
257 83
207 76
233 69
231 10
258 87
208 83
234 11
232 44
259 58
209 54
235 40
233 63
260 99
210 60
236 89
234 91
261 13
211 48
237 50
235 97
262 70
212 17
238 85
236 78
263 32
213 61
239 32
237 26
264 64
214 27
240 80
238 17
265 89
215 10
241 26
239 46
266 39
216 40
242 29
240 49
267 93
217 73
243 47
241 46
268 54
218 22
244 59
242 94
269 66
219 88
245 99
243 31
270 16
220 15
246 77
244 82
271 66
221 93
247 35
245 42
272 57
222 90
248 90
246 26
273 11
223 59
249 54
247 12
274 87
224 47
250 67
248 38
275 43
225 50
249 98
276 52
226 68
252 94
277 45
227 75
253 83
251 79
278 68
228 81
254 53
252 37
279 48
229 31
255 43
253 77
280 57
230 26
256 71
254 73
281 57
231 20
257 82
255 10
282 49
232 88
258 25
256 35
283 15
233 17
259 50
257 98
284 82
234 75
260 56
258 76
285 78
235 37
261 67
259 91
286 40
236 23
262 14
260 23
287 11
237 40
263 62
261 78
288 79
238 48
264 71
262 83
289 78
239 71
265 26
263 73
290 15
240 21
266 36
264 98
291 78
241 76
267 33
265 45
292 57
242 45
268 57
266 21
293 14
243 26
269 81
267 91
294 72
244 69
270 81
268 91
295 100
245 75
271 68
269 47
296 18
246 23
272 82
270 94
297 90
247 92
273 53
271 23
298 96
248 77
274 17
272 15
299 77
249 59
275 37
273 43
300 75
250 96
274 78
301 35
251 86
277 93
302 50
252 12
278 76
276 78
303 94
253 20
279 30
277 11
304 80
254 94
280 29
278 33
305 75
255 66
281 64
279 51
306 66
256 69
282 73
280 68
307 13
257 15
283 54
281 79
308 16
258 26
284 16
282 37
309 85
259 28
285 43
283 36
310 59
260 78
286 51
284 41
311 22
261 74
287 15
285 67
312 21
262 62
288 59
286 38
313 59
263 94
289 26
287 78
314 84
264 39
290 63
288 18
315 84
265 96
291 55
289 30
316 14
266 58
292 57
290 97
317 94
267 34
293 22
291 26
318 58
268 28
294 69
292 91
319 12
269 75
295 53
293 16
320 59
270 46
296 23
294 26
321 15
271 61
297 88
295 51
322 74
272 80
298 66
296 42
323 17
273 52
299 73
297 91
324 57
274 74
300 94
298 64
325 36
275 66
299 74
326 100
276 91
302 58
327 87
277 91
303 16
301 11
328 25
278 55
304 16
302 32
329 83
279 21
305 56
303 30
330 34
280 21
306 13
304 44
331 69
281 33
307 65
305 10
332 37
282 88
308 97
306 11
333 87
283 18
309 19
307 43
334 56
284 45
310 16
308 93
335 26
285 70
311 78
309 99
336 93
286 76
312 96
310 54
337 61
287 80
313 94
311 98
338 24
288 48
314 27
312 56
339 98
289 66
315 90
313 33
340 84
290 100
316 19
314 67
341 22
291 73
317 54
315 65
342 45
292 91
318 73
316 80
343 44
293 17
319 14
317 79
344 85
294 97
320 93
318 100
345 58
295 18
321 17
319 80
346 22
296 30
322 84
320 29
347 60
297 67
323 27
321 57
348 88
298 57
324 10
322 81
349 57
299 93
325 82
323 94
350 62
300 86
324 38
351 10
301 11
327 42
352 69
302 66
328 33
326 95
353 83
303 58
329 24
327 91
354 28
304 49
330 29
328 90
355 16
305 66
331 25
329 16
356 29
306 59
332 54
330 61
357 46
307 97
333 13
331 85
358 61
308 27
334 27
332 98
359 14
309 64
335 19
333 83
360 94
310 39
336 38
334 28
361 84
311 71
337 15
335 28
362 82
312 24
338 41
336 93
363 96
313 23
339 40
337 44
364 42
314 34
340 17
338 60
365 77
315 91
341 93
339 64
366 90
316 68
342 95
340 20
367 31
317 93
343 36
341 69
368 18
318 70
344 47
342 49
369 72
319 44
345 91
343 56
370 90
320 68
346 95
344 10
371 29
321 100
347 18
345 82
372 36
322 48
348 57
346 81
373 21
323 63
349 36
347 23
374 40
324 67
350 49
348 35
375 18
325 70
349 64
376 48
326 83
352 51
377 36
327 21
353 21
351 38
378 81
328 33
354 66
352 78
379 75
329 32
355 53
353 15
380 18
330 59
356 85
354 51
381 25
331 63
357 36
355 95
382 53
332 54
358 38
356 56
383 84
333 38
359 64
357 28
384 16
334 59
360 56
358 51
385 64
335 99
361 87
359 56
386 89
336 56
362 64
360 89
387 46
337 54
363 82
361 43
388 66
338 79
364 49
362 30
389 54
339 86
365 84
363 10
390 42
340 85
366 42
364 96
391 60
341 97
367 35
365 79
392 69
342 86
368 94
366 37
393 30
343 99
369 26
367 25
394 61
344 40
370 93
368 52
395 11
345 60
371 81
369 48
396 91
346 70
372 46
370 28
397 31
347 45
373 31
371 44
398 18
348 73
374 62
372 31
399 47
349 15
375 72
373 58
400 59
350 12
374 49
401 59
351 30
377 43
402 97
352 87
378 37
376 83
403 86
353 54
379 78
377 18
404 17
354 35
380 54
378 29
405 25
355 90
381 73
379 68
406 88
356 25
382 20
380 81
407 20
357 84
383 87
381 60
408 10
358 80
384 50
382 97
409 79
359 70
385 55
383 90
410 31
360 91
386 50
384 14
411 32
361 29
387 36
385 10
412 23
362 71
388 33
386 15
413 80
363 87
389 78
387 87
414 94
364 36
390 67
388 41
415 14
365 70
391 94
389 88
416 70
366 28
392 21
390 30
417 37
367 50
393 63
391 88
418 14
368 32
394 28
392 62
419 90
369 68
395 36
393 63
420 50
370 34
396 100
394 41
421 92
371 23
397 88
395 26
422 62
372 28
398 62
396 38
423 66
373 33
399 89
397 61
424 92
374 69
400 34
398 23
425 58
375 40
399 49
426 38
376 40
402 28
427 50
377 49
403 63
401 78
428 85
378 37
404 46
402 59
429 56
379 54
405 40
403 52
430 38
380 83
406 53
404 85
431 62
381 84
407 77
405 57
432 64
382 10
408 16
406 41
433 64
383 44
409 81
407 25
434 80
384 28
410 13
408 16
435 77
385 17
411 52
409 82
436 92
386 70
412 79
410 95
437 94
387 97
413 66
411 35
438 23
388 67
414 24
412 25
439 18
389 82
415 56
413 54
440 98
390 71
416 27
414 74
441 24
391 39
417 57
415 33
442 91
392 12
418 92
416 63
443 66
393 37
419 77
417 35
444 63
394 26
420 52
418 50
445 90
395 91
421 28
419 26
446 40
396 98
422 70
420 13
447 73
397 100
423 34
421 28
448 37
398 95
424 46
422 14
449 87
399 60
425 75
423 59
450 95
400 99
424 99
451 72
401 62
427 78
452 20
402 100
428 74
426 68
453 96
403 26
429 72
427 16
454 55
404 20
430 23
428 96
455 35
405 67
431 39
429 10
456 83
406 12
432 73
430 71
457 21
407 89
433 91
431 60
458 59
408 83
434 55
432 23
459 72
409 82
435 57
433 69
460 65
410 17
436 53
434 89
461 94
411 76
437 45
435 47
462 18
412 14
438 23
436 45
463 15
413 65
439 68
437 76
464 16
414 35
440 38
438 89
465 22
415 33
441 52
439 83
466 78
416 57
442 73
440 79
467 41
417 43
443 58
441 32
468 76
418 80
444 67
442 42
469 95
419 78
445 69
443 80
470 65
420 72
446 11
444 98
471 39
421 61
447 100
445 47
472 84
422 19
448 78
446 29
473 79
423 87
449 81
447 77
474 54
424 98
450 90
448 36
475 45
425 86
449 55
476 29
426 52
452 93
477 38
427 70
453 33
451 52
478 80
428 58
454 39
452 80
479 53
429 60
455 22
453 56
480 37
430 37
456 87
454 56
481 30
431 30
457 71
455 66
482 12
432 58
458 94
456 10
483 96
433 92
459 29
457 18
484 67
434 55
460 98
458 62
485 74
435 21
461 29
459 81
486 97
436 65
462 14
460 58
487 84
437 32
463 23
461 75
488 54
438 29
464 27
462 86
489 18
439 91
465 80
463 33
490 65
440 16
466 66
464 98
491 25
441 56
467 66
465 62
492 19
442 71
468 49
466 64
493 81
443 51
469 21
467 57
494 22
444 61
470 17
468 10
495 28
445 82
471 23
469 67
496 47
446 73
472 64
470 48
497 79
447 53
473 69
471 82
498 99
448 78
474 11
472 82
499 36
449 83
475 10
473 99
500 18
450 43
474 69
501 39
451 50
477 26
502 28
452 29
478 89
476 74
503 22
453 70
479 46
477 47
504 11
454 40
480 35
478 86
505 87
455 12
481 92
479 72
506 87
456 33
482 40
480 38
507 92
457 77
483 76
481 100
508 62
458 66
484 62
482 94
509 17
459 54
485 12
483 34
510 49
460 34
486 34
484 11
511 20
461 84
487 33
485 60
512 69
462 91
488 74
486 11
513 26
463 94
489 48
487 35
514 46
464 88
490 34
488 93
515 60
465 58
491 63
489 63
516 34
466 13
492 49
490 45
517 22
467 58
493 35
491 29
518 21
468 80
494 34
492 66
519 66
469 72
495 57
493 15
520 58
470 74
496 29
494 36
521 62
471 26
497 31
495 80
522 100
472 79
498 24
496 99
523 18
473 94
499 77
497 20
524 12
474 41
500 88
498 23
525 90
475 98
499 68
526 48
476 11
502 55
527 83
477 33
503 96
501 95
528 10
478 24
504 54
502 58
529 24
479 84
505 53
503 56
530 97
480 29
506 13
504 23
531 30
481 24
507 84
505 65
532 19
482 93
508 66
506 52
533 45
483 41
509 43
507 36
534 23
484 61
510 13
508 66
535 99
485 42
511 25
509 53
536 96
486 17
512 98
510 88
537 96
487 80
513 63
511 48
538 31
488 46
514 27
512 73
539 96
489 69
515 38
513 76
540 58
490 35
516 35
514 20
541 47
491 37
517 42
515 10
542 48
492 43
518 67
516 58
543 35
493 43
519 53
517 45
544 44
494 82
520 91
518 65
545 94
495 73
521 73
519 54
546 62
496 82
522 36
520 57
547 20
497 35
523 71
521 69
548 57
498 73
524 18
522 75
549 100
499 49
525 51
523 20
550 83
500 25
524 38
551 38
501 38
527 27
552 18
502 62
528 80
526 33
553 35
503 74
529 65
527 35
554 17
504 100
530 16
528 85
555 24
505 77
531 17
529 93
556 79
506 59
532 25
530 67
557 44
507 30
533 98
531 80
558 92
508 62
534 40
532 99
559 72
509 17
535 79
533 13
560 30
510 98
536 36
534 13
561 44
511 55
537 12
535 31
562 60
512 46
538 62
536 52
563 86
513 30
539 68
537 30
564 30
514 100
540 24
538 41
565 79
515 88
541 84
539 43
566 98
516 38
542 49
540 42
567 26
517 92
543 33
541 73
568 92
518 23
544 27
542 22
569 46
519 75
545 14
543 77
570 17
520 63
546 16
544 96
571 47
521 90
547 14
545 53
572 79
522 96
548 24
546 27
573 42
523 64
549 15
547 94
574 30
524 32
550 43
548 87
575 22
525 46
549 12
576 97
526 100
552 76
577 64
527 12
553 29
551 64
578 90
528 38
554 58
552 48
579 10
529 46
555 15
553 100
580 21
530 22
556 46
554 18
581 65
531 53
557 87
555 74
582 32
532 25
558 45
556 40
583 22
533 75
559 94
557 22
584 99
534 25
560 95
558 65
585 80
535 13
561 44
559 91
586 65
536 46
562 37
560 74
587 77
537 22
563 35
561 36
588 57
538 68
564 57
562 50
589 20
539 37
565 61
563 56
590 37
540 41
566 94
564 15
591 32
541 50
567 54
565 40
592 97
542 36
568 45
566 96
593 62
543 94
569 89
567 66
594 77
544 20
570 76
568 71
595 89
545 19
571 61
569 33
596 96
546 100
572 58
570 35
597 25
547 82
573 20
571 47
598 72
548 17
574 100
572 68
599 29
549 75
575 56
573 96
600 10
550 89
574 22
601 53
551 25
577 72
602 43
552 69
578 19
576 72
603 74
553 16
579 85
577 61
604 73
554 13
580 69
578 20
605 42
555 38
581 31
579 83
606 20
556 95
582 12
580 53
607 49
557 17
583 84
581 65
608 63
558 71
584 55
582 21
609 75
559 56
585 93
583 64
610 31
560 78
586 85
584 56
611 34
561 31
587 78
585 49
612 28
562 37
588 92
586 39
613 41
563 47
589 57
587 71
614 40
564 92
590 72
588 79
615 62
565 54
591 88
589 88
616 21
566 80
592 45
590 70
617 55
567 72
593 78
591 28
618 13
568 46
594 66
592 26
619 49
569 11
595 74
593 83
620 40
570 33
596 69
594 44
621 39
571 11
597 15
595 61
622 13
572 45
598 63
596 24
623 83
573 59
599 98
597 15
624 80
574 65
600 65
598 85
625 54
575 24
599 25
576 38
602 84
577 63
603 12
601 37
578 81
604 22
602 64
579 46
605 52
603 44
580 30
606 73
604 68
581 35
607 85
605 10
582 64
608 97
606 58
583 32
609 31
607 74
584 65
610 91
608 93
585 77
611 91
609 48
586 60
612 14
610 13
587 60
613 40
611 42
588 83
614 17
612 12
589 49
615 45
613 39
590 78
616 18
614 70
591 52
617 14
615 87
592 36
618 58
616 65
593 71
619 29
617 72
594 34
620 79
618 79
595 88
621 39
619 47
596 79
622 64
620 63
597 49
623 59
621 26
598 20
624 23
622 47
599 24
625 14
623 98
600 42
624 47
237
261
3 502 388 237 
1 68 
2 578 130 
1 98 
1 485 
2 95 123 
2 209 589 
1 510 
1 80 
3 57 582 625 
2 496 113 
2 528 72 
2 339 614 
3 303 505 3 
2 548 258 
3 61 537 598 
2 567 107 
3 436 536 529 
2 108 423 
2 382 241 
3 336 435 583 
2 608 605 
1 181 
1 226 
2 405 526 
2 169 224 
1 310 
1 372 
1 488 
1 477 
1 556 
2 192 542 
3 203 361 79 
1 387 
2 138 10 
1 218 
1 111 
3 56 114 13 
1 43 
3 448 573 151 
3 561 354 550 
1 78 
2 148 306 
1 225 
1 622 
1 539 
2 498 217 
2 320 400 
1 153 
1 133 
2 171 591 
1 562 
3 523 359 249 
1 486 
2 24 447 
2 170 227 
2 193 321 
1 257 
2 439 279 
1 20 
1 545 
3 157 482 311 
1 48 
3 513 493 105 
2 35 530 
1 1 
2 348 569 
2 501 565 
1 553 
1 343 
2 471 164 
1 234 
2 161 541 
1 54 
3 308 335 288 
4 84 4 87 2 
1 459 
1 8 
3 559 360 15 
1 305 
3 506 331 6 
2 564 393 
1 373 
5 102 284 250 58 534 
2 446 519 
4 404 399 99 571 
2 507 378 
1 478 
1 341 
4 464 554 365 152 
2 312 28 
3 276 385 120 
1 426 
2 97 259 
2 165 88 
1 552 
2 70 615 
2 489 41 
2 100 462 
1 159 
2 16 298 
2 356 65 
3 497 413 419 
1 323 
4 190 39 451 618 
2 71 442 
4 581 122 196 557 
1 524 
2 210 342 
2 42 263 
1 612 
2 118 119 
2 85 334 
1 499 
2 487 40 
1 304 
1 286 
1 261 
