100 342 10 100 19
2
3
3
2
3
4
4
3
3
4
4
3
3
4
4
3
3
4
4
3
3
4
4
3
3
4
4
3
3
4
4
3
3
4
4
3
3
4
4
3
3
4
4
3
3
4
4
3
3
4
4
3
3
4
4
3
3
4
4
3
3
4
4
3
3
4
4
3
3
4
4
3
3
4
4
3
3
4
4
3
3
4
4
3
3
4
4
3
3
4
4
3
3
4
4
3
2
3
3
2
5 36
2 29
6 97
3 19
1 69
7 15
4 32
2 11
8 42
3 20
9 77
1 58
6 32
10 98
2 68
7 72
5 12
11 89
3 91
8 95
6 68
12 24
4 55
7 79
13 87
5 80
10 91
14 18
6 22
11 57
9 53
15 30
7 97
12 74
10 49
16 80
8 17
11 88
17 81
9 74
14 65
18 82
10 88
15 59
13 83
19 93
11 45
16 97
14 60
20 55
12 57
15 75
21 38
13 57
18 42
22 18
14 18
19 23
17 64
23 71
15 78
20 46
18 52
24 68
16 60
19 87
25 60
17 22
22 62
26 31
18 93
23 54
21 19
27 58
19 82
24 96
22 63
28 89
20 16
23 69
29 42
21 38
26 89
30 25
22 98
27 10
25 86
31 93
23 16
28 37
26 56
32 22
24 62
27 86
33 12
25 69
30 60
34 84
26 35
31 69
29 42
35 94
27 24
32 79
30 63
36 54
28 85
31 98
37 100
29 32
34 50
38 32
30 26
35 21
33 59
39 16
31 23
36 23
34 31
40 76
32 93
35 79
41 26
33 15
38 56
42 20
34 24
39 51
37 88
43 10
35 56
40 58
38 66
44 26
36 26
39 37
45 73
37 37
42 58
46 23
38 96
43 46
41 66
47 85
39 10
44 39
42 28
48 62
40 12
43 88
49 18
41 45
46 25
50 54
42 46
47 63
45 89
51 85
43 80
48 63
46 37
52 67
44 17
47 30
53 23
45 39
50 54
54 84
46 12
51 74
49 99
55 16
47 42
52 46
50 55
56 35
48 30
51 38
57 20
49 53
54 68
58 12
50 16
55 91
53 36
59 35
51 76
56 50
54 100
60 61
52 80
55 99
61 93
53 97
58 59
62 91
54 87
59 82
57 37
63 30
55 25
60 42
58 87
64 75
56 95
59 40
65 33
57 100
62 55
66 49
58 16
63 79
61 100
67 33
59 98
64 69
62 92
68 24
60 66
63 41
69 86
61 70
66 63
70 38
62 16
67 86
65 67
71 49
63 30
68 77
66 16
72 74
64 23
67 31
73 48
65 54
70 11
74 89
66 59
71 63
69 12
75 46
67 41
72 78
70 32
76 36
68 48
71 54
77 47
69 35
74 71
78 37
70 96
75 73
73 52
79 91
71 91
76 38
74 69
80 32
72 83
75 83
81 76
73 38
78 60
82 96
74 10
79 90
77 92
83 49
75 62
80 90
78 55
84 30
76 23
79 70
85 25
77 31
82 85
86 24
78 50
83 100
81 24
87 39
79 39
84 72
82 40
88 43
80 93
83 86
89 34
81 87
86 25
90 99
82 36
87 43
85 85
91 68
83 47
88 67
86 90
92 19
84 76
87 31
93 33
85 96
90 27
94 80
86 21
91 44
89 12
95 11
87 56
92 56
90 98
96 89
88 40
91 59
97 71
89 83
94 66
98 27
90 39
95 57
93 45
99 46
91 53
96 55
94 100
100 86
92 85
95 31
93 85
98 30
94 26
99 35
97 19
95 24
100 70
98 85
96 16
99 44
16
46
4 62 92 60 16 
3 38 6 74 
1 71 
2 97 65 
2 7 55 
3 42 18 83 
2 61 56 
1 76 
1 10 
1 13 
1 43 
1 22 
2 99 68 
1 59 
2 66 29 
3 86 81 69 
2 100 77 
2 4 32 
1 46 
