400 1520 10 100 76
2
3
3
3
3
3
3
3
3
3
3
3
3
3
3
3
3
3
3
2
3
4
4
4
4
4
4
4
4
4
4
4
4
4
4
4
4
4
4
3
3
4
4
4
4
4
4
4
4
4
4
4
4
4
4
4
4
4
4
3
3
4
4
4
4
4
4
4
4
4
4
4
4
4
4
4
4
4
4
3
3
4
4
4
4
4
4
4
4
4
4
4
4
4
4
4
4
4
4
3
3
4
4
4
4
4
4
4
4
4
4
4
4
4
4
4
4
4
4
3
3
4
4
4
4
4
4
4
4
4
4
4
4
4
4
4
4
4
4
3
3
4
4
4
4
4
4
4
4
4
4
4
4
4
4
4
4
4
4
3
3
4
4
4
4
4
4
4
4
4
4
4
4
4
4
4
4
4
4
3
3
4
4
4
4
4
4
4
4
4
4
4
4
4
4
4
4
4
4
3
3
4
4
4
4
4
4
4
4
4
4
4
4
4
4
4
4
4
4
3
3
4
4
4
4
4
4
4
4
4
4
4
4
4
4
4
4
4
4
3
3
4
4
4
4
4
4
4
4
4
4
4
4
4
4
4
4
4
4
3
3
4
4
4
4
4
4
4
4
4
4
4
4
4
4
4
4
4
4
3
3
4
4
4
4
4
4
4
4
4
4
4
4
4
4
4
4
4
4
3
3
4
4
4
4
4
4
4
4
4
4
4
4
4
4
4
4
4
4
3
3
4
4
4
4
4
4
4
4
4
4
4
4
4
4
4
4
4
4
3
3
4
4
4
4
4
4
4
4
4
4
4
4
4
4
4
4
4
4
3
3
4
4
4
4
4
4
4
4
4
4
4
4
4
4
4
4
4
4
3
2
3
3
3
3
3
3
3
3
3
3
3
3
3
3
3
3
3
3
2
21 20
2 29
22 92
3 63
1 30
23 49
4 21
2 43
24 25
5 45
3 45
25 90
6 51
4 79
26 38
7 72
5 91
27 93
8 11
6 52
28 10
9 30
7 57
29 47
10 79
8 14
30 42
11 41
9 58
31 95
12 35
10 72
32 69
13 81
11 99
33 46
14 84
12 64
34 71
15 31
13 98
35 45
16 10
14 10
36 35
17 71
15 60
37 76
18 63
16 26
38 20
19 75
17 79
39 81
20 59
18 58
40 90
19 46
41 75
1 58
22 29
42 52
2 33
23 13
21 69
43 75
3 31
24 23
22 37
44 35
4 28
25 99
23 69
45 90
5 93
26 42
24 99
46 47
6 96
27 50
25 85
47 63
7 13
28 62
26 96
48 44
8 19
29 16
27 35
49 59
9 53
30 21
28 96
50 65
10 34
31 34
29 56
51 34
11 88
32 58
30 65
52 30
12 16
33 23
31 67
53 20
13 37
34 85
32 11
54 23
14 42
35 23
33 35
55 63
15 93
36 63
34 40
56 40
16 28
37 99
35 88
57 17
17 67
38 69
36 81
58 39
18 18
39 89
37 12
59 98
19 73
40 39
38 46
60 81
20 73
39 43
61 83
21 34
42 28
62 92
22 11
43 70
41 75
63 95
23 55
44 77
42 16
64 91
24 49
45 86
43 12
65 70
25 26
46 96
44 61
66 57
26 91
47 63
45 73
67 30
27 60
48 38
46 72
68 78
28 72
49 11
47 58
69 46
29 83
50 69
48 96
70 96
30 96
51 71
49 16
71 47
31 87
52 87
50 82
72 100
32 12
53 58
51 72
73 36
33 64
54 12
52 66
74 47
34 78
55 36
53 47
75 37
35 66
56 20
54 75
76 99
36 27
57 43
55 60
77 57
37 95
58 74
56 45
78 46
38 10
59 79
57 39
79 48
39 71
60 21
58 55
80 29
40 82
59 27
81 63
41 12
62 59
82 99
42 83
63 95
61 11
83 97
43 74
64 80
62 30
84 93
44 67
65 86
63 23
85 18
45 100
66 33
64 38
86 94
46 15
67 14
65 81
87 34
47 27
68 73
66 37
88 50
48 40
69 36
67 95
89 68
49 67
70 72
68 85
90 47
50 29
71 48
69 66
91 26
51 82
72 40
70 99
92 66
52 36
73 54
71 18
93 21
53 86
74 37
72 57
94 91
54 20
75 51
73 82
95 71
55 14
76 50
74 16
96 44
56 81
77 78
75 35
97 80
57 80
78 78
76 17
98 96
58 62
79 87
77 59
99 91
59 40
80 21
78 43
100 66
60 32
79 19
101 25
61 100
82 14
102 63
62 55
83 24
81 30
103 44
63 47
84 56
82 34
104 42
64 84
85 50
83 83
105 65
65 25
86 81
84 50
106 20
66 13
87 21
85 15
107 77
67 75
88 69
86 87
108 21
68 92
89 45
87 49
109 62
69 14
90 52
88 28
110 66
70 98
91 79
89 98
111 23
71 13
92 91
90 39
112 23
72 21
93 13
91 82
113 58
73 52
94 16
92 70
114 47
74 89
95 86
93 98
115 20
75 40
96 33
94 84
116 95
76 41
97 55
95 42
117 36
77 39
98 50
96 21
118 41
78 20
99 53
97 88
119 59
79 73
100 69
98 81
120 100
80 28
99 85
121 35
81 10
102 12
122 58
82 50
103 16
101 86
123 49
83 59
104 14
102 93
124 35
84 57
105 63
103 78
125 80
85 42
106 11
104 33
126 69
86 13
107 83
105 30
127 37
87 27
108 81
106 16
128 94
88 83
109 14
107 23
129 97
89 94
110 39
108 36
130 20
90 58
111 93
109 57
131 45
91 39
112 71
110 66
132 17
92 57
113 28
111 36
133 49
93 33
114 54
112 22
134 84
94 11
115 74
113 13
135 14
95 80
116 41
114 40
136 30
96 82
117 73
115 27
137 21
97 33
118 96
116 44
138 77
98 55
119 91
117 13
139 74
99 16
120 78
118 99
140 19
100 59
119 12
141 43
101 96
122 77
142 21
102 43
123 91
121 73
143 56
103 68
124 11
122 75
144 43
104 47
125 52
123 69
145 60
105 69
126 59
124 86
146 97
106 56
127 89
125 39
147 86
107 57
128 15
126 65
148 81
108 74
129 98
127 76
149 18
109 73
130 79
128 40
150 36
110 96
131 16
129 86
151 51
111 33
132 37
130 100
152 89
112 43
133 20
131 38
153 65
113 43
134 40
132 83
154 93
114 68
135 28
133 80
155 92
115 87
136 17
134 75
156 31
116 62
137 40
135 77
157 82
117 73
138 96
136 80
158 69
118 57
139 31
137 89
159 13
119 82
140 21
138 27
160 17
120 84
139 52
161 34
121 67
142 13
162 39
122 34
143 87
141 80
163 39
123 34
144 14
142 85
164 58
124 39
145 77
143 14
165 93
125 11
146 25
144 78
166 71
126 35
147 57
145 30
167 54
127 28
148 11
146 21
168 86
128 70
149 45
147 39
169 19
129 94
150 38
148 59
170 26
130 30
151 26
149 89
171 75
131 23
152 48
150 60
172 38
132 39
153 79
151 38
173 41
133 42
154 37
152 56
174 21
134 32
155 30
153 80
175 91
135 27
156 98
154 50
176 57
136 13
157 65
155 33
177 25
137 52
158 22
156 88
178 70
138 26
159 57
157 57
179 18
139 68
160 68
158 46
180 79
140 87
159 99
181 12
141 32
162 93
182 24
142 42
163 47
161 18
183 25
143 28
164 84
162 44
184 22
144 87
165 35
163 32
185 93
145 23
166 92
164 23
186 50
146 41
167 40
165 12
187 75
147 47
168 96
166 35
188 71
148 51
169 98
167 97
189 41
149 94
170 60
168 69
190 46
150 86
171 71
169 21
191 90
151 68
172 11
170 39
192 46
152 75
173 65
171 86
193 48
153 59
174 43
172 60
194 87
154 34
175 82
173 31
195 78
155 96
176 51
174 15
196 86
156 57
177 60
175 23
197 75
157 62
178 80
176 97
198 40
158 99
179 95
177 16
199 12
159 74
180 97
178 55
200 64
160 38
179 62
201 29
161 62
182 12
202 17
162 32
183 90
181 34
203 71
163 57
184 85
182 47
204 87
164 89
185 77
183 17
205 75
165 23
186 96
184 73
206 34
166 10
187 32
185 51
207 72
167 31
188 43
186 25
208 13
168 71
189 36
187 11
209 57
169 38
190 45
188 71
210 76
170 57
191 32
189 40
211 71
171 11
192 16
190 100
212 85
172 14
193 36
191 69
213 52
173 16
194 36
192 62
214 81
174 53
195 78
193 71
215 64
175 44
196 47
194 50
216 57
176 86
197 51
195 87
217 67
177 35
198 57
196 30
218 13
178 72
199 37
197 61
219 46
179 45
200 28
198 19
220 89
180 50
199 16
221 75
181 66
202 68
222 90
182 79
203 73
201 32
223 12
183 84
204 16
202 45
224 87
184 90
205 80
203 31
225 79
185 17
206 73
204 89
226 86
186 76
207 52
205 57
227 64
187 94
208 40
206 82
228 29
188 28
209 37
207 81
229 41
189 47
210 91
208 15
230 23
190 54
211 49
209 12
231 21
191 31
212 19
210 56
232 64
192 26
213 18
211 14
233 20
193 42
214 82
212 79
234 98
194 39
215 81
213 77
235 37
195 27
216 83
214 70
236 61
196 90
217 29
215 25
237 14
197 99
218 36
216 79
238 79
198 75
219 22
217 84
239 42
199 97
220 48
218 50
240 19
200 97
219 70
241 41
201 62
222 13
242 85
202 36
223 80
221 12
243 39
203 90
224 15
222 31
244 90
204 38
225 97
223 98
245 64
205 10
226 91
224 81
246 51
206 94
227 21
225 65
247 94
207 44
228 15
226 44
248 45
208 12
229 96
227 28
249 29
209 46
230 90
228 71
250 24
210 19
231 46
229 91
251 44
211 81
232 52
230 29
252 67
212 14
233 96
231 25
253 23
213 98
234 49
232 69
254 52
214 56
235 13
233 94
255 14
215 22
236 31
234 63
256 28
216 47
237 89
235 28
257 30
217 47
238 63
236 14
258 79
218 52
239 53
237 45
259 36
219 31
240 77
238 71
260 98
220 50
239 40
261 96
221 47
242 57
262 78
222 49
243 67
241 49
263 87
223 61
244 69
242 85
264 77
224 46
245 64
243 64
265 35
225 58
246 97
244 42
266 39
226 52
247 29
245 28
267 84
227 40
248 82
246 84
268 95
228 89
249 42
247 85
269 75
229 16
250 72
248 10
270 95
230 64
251 14
249 97
271 30
231 87
252 11
250 97
272 75
232 85
253 80
251 43
273 19
233 26
254 29
252 100
274 41
234 25
255 81
253 98
275 49
235 35
256 63
254 72
276 72
236 90
257 96
255 36
277 72
237 71
258 80
256 51
278 66
238 89
259 36
257 58
279 81
239 39
260 27
258 53
280 32
240 75
259 68
281 10
241 67
262 23
282 30
242 45
263 97
261 24
283 54
243 62
264 39
262 77
284 48
244 55
265 42
263 89
285 86
245 19
266 68
264 67
286 96
246 35
267 49
265 52
287 24
247 40
268 13
266 83
288 40
248 38
269 53
267 71
289 20
249 48
270 67
268 77
290 89
250 61
271 97
269 75
291 38
251 44
272 12
270 55
292 43
252 79
273 60
271 19
293 20
253 39
274 92
272 81
294 45
254 75
275 45
273 57
295 45
255 29
276 27
274 94
296 100
256 23
277 78
275 49
297 69
257 32
278 68
276 85
298 72
258 12
279 82
277 82
299 36
259 97
280 54
278 59
300 19
260 95
279 55
301 17
261 70
282 27
302 52
262 65
283 87
281 30
303 30
263 93
284 38
282 59
304 43
264 35
285 97
283 95
305 83
265 27
286 25
284 54
306 12
266 71
287 51
285 42
307 66
267 51
288 79
286 99
308 16
268 53
289 33
287 34
309 15
269 46
290 52
288 35
310 78
270 26
291 64
289 20
311 97
271 40
292 32
290 68
312 83
272 17
293 25
291 79
313 20
273 67
294 68
292 53
314 74
274 54
295 49
293 51
315 26
275 52
296 74
294 36
316 57
276 47
297 37
295 23
317 69
277 33
298 56
296 54
318 90
278 75
299 90
297 72
319 46
279 62
300 71
298 82
320 60
280 64
299 29
321 97
281 29
302 96
322 10
282 69
303 43
301 61
323 68
283 30
304 42
302 32
324 48
284 26
305 22
303 56
325 19
285 82
306 100
304 37
326 33
286 83
307 92
305 52
327 64
287 60
308 10
306 78
328 22
288 52
309 63
307 91
329 28
289 57
310 94
308 99
330 87
290 31
311 48
309 46
331 56
291 10
312 44
310 98
332 92
292 69
313 70
311 28
333 57
293 30
314 17
312 21
334 77
294 68
315 66
313 45
335 91
295 49
316 70
314 14
336 79
296 81
317 31
315 86
337 43
297 89
318 23
316 13
338 44
298 59
319 31
317 12
339 65
299 16
320 77
318 46
340 52
300 94
319 59
341 28
301 15
322 46
342 60
302 72
323 94
321 75
343 76
303 13
324 15
322 39
344 86
304 78
325 78
323 38
345 93
305 61
326 33
324 61
346 58
306 89
327 47
325 19
347 12
307 43
328 74
326 32
348 62
308 83
329 62
327 47
349 43
309 76
330 51
328 65
350 45
310 69
331 75
329 15
351 97
311 17
332 36
330 58
352 14
312 29
333 79
331 97
353 31
313 14
334 12
332 11
354 75
314 19
335 68
333 65
355 83
315 51
336 12
334 66
356 35
316 85
337 16
335 18
357 16
317 59
338 96
336 78
358 40
318 28
339 71
337 14
359 88
319 13
340 40
338 68
360 57
320 57
339 60
361 91
321 22
342 67
362 41
322 42
343 10
341 78
363 50
323 64
344 19
342 90
364 43
324 74
345 71
343 10
365 55
325 89
346 38
344 22
366 38
326 84
347 14
345 21
367 93
327 71
348 12
346 94
368 81
328 12
349 57
347 93
369 65
329 30
350 40
348 28
370 38
330 49
351 66
349 63
371 10
331 96
352 53
350 68
372 71
332 88
353 77
351 39
373 24
333 16
354 23
352 74
374 48
334 71
355 94
353 51
375 77
335 75
356 40
354 62
376 51
336 90
357 94
355 56
377 92
337 35
358 36
356 22
378 64
338 99
359 41
357 68
379 75
339 83
360 63
358 96
380 92
340 50
359 42
381 55
341 96
362 29
382 88
342 58
363 27
361 91
383 64
343 27
364 10
362 79
384 46
344 79
365 77
363 38
385 63
345 44
366 100
364 72
386 100
346 60
367 19
365 86
387 39
347 68
368 32
366 85
388 25
348 82
369 41
367 73
389 86
349 39
370 34
368 75
390 96
350 22
371 50
369 56
391 53
351 76
372 45
370 64
392 74
352 43
373 38
371 76
393 94
353 17
374 93
372 20
394 56
354 41
375 32
373 59
395 100
355 53
376 90
374 26
396 65
356 91
377 70
375 76
397 27
357 77
378 31
376 47
398 23
358 99
379 73
377 56
399 78
359 95
380 12
378 44
400 64
360 60
379 58
361 21
382 71
362 63
383 38
381 74
363 33
384 81
382 93
364 80
385 86
383 34
365 10
386 92
384 44
366 91
387 48
385 18
367 10
388 62
386 76
368 97
389 43
387 49
369 63
390 23
388 85
370 41
391 78
389 13
371 16
392 93
390 75
372 41
393 18
391 89
373 76
394 33
392 80
374 30
395 80
393 21
375 81
396 50
394 89
376 77
397 13
395 61
377 10
398 91
396 20
378 91
399 32
397 46
379 27
400 92
398 63
380 17
399 32
185
202
3 214 319 185 
2 335 16 
1 262 
1 123 
1 35 
1 283 
3 59 326 152 
3 275 230 269 
1 209 
2 153 340 
1 211 
3 381 142 60 
2 75 109 
1 33 
2 239 332 
3 66 115 382 
2 36 128 
1 271 
1 278 
2 388 359 
3 92 204 23 
1 328 
2 378 315 
1 223 
2 369 210 
2 348 127 
2 355 49 
2 178 217 
2 258 307 
2 126 221 
1 76 
1 136 
3 265 147 158 
1 376 
2 245 40 
3 226 287 96 
1 17 
3 187 248 170 
2 345 224 
3 237 257 329 
3 7 366 43 
1 244 
3 313 150 80 
2 197 160 
1 104 
1 3 
2 327 105 
2 139 137 
3 98 196 108 
3 397 48 101 
1 358 
2 8 391 
1 22 
3 263 18 318 
1 281 
1 336 
2 189 94 
3 56 61 119 
2 351 241 
1 72 
2 274 240 
2 346 116 
3 90 73 380 
3 121 228 79 
1 47 
3 51 125 50 
1 182 
1 256 
1 87 
2 70 264 
1 106 
2 199 266 
1 184 
1 213 
1 393 
2 190 202 
