600 2276 10 100 114
2
3
3
3
3
3
3
3
3
3
3
3
3
3
3
3
3
3
3
3
3
3
3
3
3
3
3
3
3
3
3
3
3
3
3
3
3
3
3
3
3
3
3
3
3
3
3
3
3
2
3
4
4
4
4
4
4
4
4
4
4
4
4
4
4
4
4
4
4
4
4
4
4
4
4
4
4
4
4
4
4
4
4
4
4
4
4
4
4
4
4
4
4
4
4
4
4
4
4
3
3
4
4
4
4
4
4
4
4
4
4
4
4
4
4
4
4
4
4
4
4
4
4
4
4
4
4
4
4
4
4
4
4
4
4
4
4
4
4
4
4
4
4
4
4
4
4
4
4
3
3
4
4
4
4
4
4
4
4
4
4
4
4
4
4
4
4
4
4
4
4
4
4
4
4
4
4
4
4
4
4
4
4
4
4
4
4
4
4
4
4
4
4
4
4
4
4
4
4
3
3
4
4
4
4
4
4
4
4
4
4
4
4
4
4
4
4
4
4
4
4
4
4
4
4
4
4
4
4
4
4
4
4
4
4
4
4
4
4
4
4
4
4
4
4
4
4
4
4
3
3
4
4
4
4
4
4
4
4
4
4
4
4
4
4
4
4
4
4
4
4
4
4
4
4
4
4
4
4
4
4
4
4
4
4
4
4
4
4
4
4
4
4
4
4
4
4
4
4
3
3
4
4
4
4
4
4
4
4
4
4
4
4
4
4
4
4
4
4
4
4
4
4
4
4
4
4
4
4
4
4
4
4
4
4
4
4
4
4
4
4
4
4
4
4
4
4
4
4
3
3
4
4
4
4
4
4
4
4
4
4
4
4
4
4
4
4
4
4
4
4
4
4
4
4
4
4
4
4
4
4
4
4
4
4
4
4
4
4
4
4
4
4
4
4
4
4
4
4
3
3
4
4
4
4
4
4
4
4
4
4
4
4
4
4
4
4
4
4
4
4
4
4
4
4
4
4
4
4
4
4
4
4
4
4
4
4
4
4
4
4
4
4
4
4
4
4
4
4
3
3
4
4
4
4
4
4
4
4
4
4
4
4
4
4
4
4
4
4
4
4
4
4
4
4
4
4
4
4
4
4
4
4
4
4
4
4
4
4
4
4
4
4
4
4
4
4
4
4
3
3
4
4
4
4
4
4
4
4
4
4
4
4
4
4
4
4
4
4
4
4
4
4
4
4
4
4
4
4
4
4
4
4
4
4
4
4
4
4
4
4
4
4
4
4
4
4
4
4
3
2
3
3
3
3
3
3
3
3
3
3
3
3
3
3
3
3
3
3
3
3
3
3
3
3
3
3
3
3
3
3
3
3
3
3
3
3
3
3
3
3
3
3
3
3
3
3
3
3
2
51 75
2 29
52 68
3 67
1 42
53 37
4 48
2 46
54 92
5 69
3 35
55 65
6 39
4 68
56 41
7 55
5 38
57 70
8 34
6 32
58 33
9 32
7 32
59 14
10 94
8 50
60 21
11 24
9 32
61 48
12 85
10 29
62 47
13 100
11 62
63 68
14 56
12 25
64 27
15 85
13 53
65 60
16 65
14 84
66 68
17 100
15 65
67 19
18 89
16 99
68 24
19 54
17 10
69 94
20 22
18 45
70 37
21 59
19 47
71 41
22 91
20 22
72 67
23 47
21 96
73 23
24 90
22 81
74 61
25 99
23 37
75 99
26 41
24 18
76 67
27 29
25 82
77 20
28 34
26 64
78 85
29 86
27 80
79 96
30 34
28 42
80 62
31 91
29 46
81 74
32 71
30 45
82 50
33 76
31 42
83 26
34 68
32 53
84 83
35 77
33 15
85 31
36 93
34 56
86 15
37 21
35 15
87 44
38 66
36 84
88 37
39 76
37 63
89 18
40 45
38 27
90 82
41 54
39 89
91 17
42 20
40 62
92 87
43 33
41 44
93 24
44 84
42 18
94 97
45 41
43 47
95 94
46 40
44 86
96 26
47 45
45 69
97 100
48 70
46 66
98 72
49 83
47 17
99 33
50 65
48 54
100 23
49 59
101 85
1 79
52 61
102 93
2 50
53 23
51 33
103 67
3 87
54 70
52 19
104 99
4 45
55 49
53 21
105 46
5 28
56 71
54 46
106 89
6 58
57 95
55 25
107 82
7 51
58 48
56 90
108 64
8 19
59 64
57 83
109 65
9 83
60 48
58 30
110 19
10 11
61 12
59 87
111 70
11 37
62 40
60 42
112 34
12 29
63 52
61 38
113 62
13 26
64 23
62 24
114 64
14 11
65 15
63 51
115 82
15 46
66 100
64 13
116 54
16 47
67 64
65 16
117 62
17 53
68 89
66 17
118 100
18 36
69 88
67 54
119 29
19 35
70 15
68 80
120 29
20 14
71 100
69 77
121 16
21 32
72 62
70 15
122 82
22 81
73 66
71 56
123 81
23 48
74 88
72 75
124 83
24 34
75 43
73 82
125 65
25 70
76 56
74 97
126 86
26 25
77 57
75 68
127 86
27 53
78 96
76 36
128 93
28 40
79 45
77 59
129 32
29 63
80 41
78 85
130 56
30 12
81 84
79 100
131 67
31 42
82 50
80 75
132 43
32 13
83 65
81 76
133 53
33 92
84 76
82 49
134 24
34 94
85 65
83 39
135 86
35 53
86 65
84 16
136 55
36 48
87 47
85 96
137 72
37 36
88 93
86 81
138 60
38 88
89 53
87 60
139 79
39 33
90 47
88 82
140 35
40 58
91 74
89 23
141 43
41 57
92 88
90 99
142 75
42 13
93 39
91 98
143 13
43 81
94 61
92 66
144 49
44 18
95 39
93 69
145 58
45 100
96 40
94 91
146 16
46 88
97 46
95 24
147 87
47 94
98 63
96 99
148 28
48 100
99 87
97 20
149 11
49 99
100 17
98 71
150 48
50 97
99 69
151 42
51 51
102 45
152 34
52 82
103 79
101 87
153 13
53 56
104 38
102 74
154 68
54 53
105 33
103 18
155 66
55 78
106 59
104 85
156 22
56 24
107 50
105 62
157 87
57 52
108 18
106 54
158 54
58 33
109 40
107 37
159 50
59 50
110 94
108 87
160 31
60 70
111 39
109 22
161 65
61 27
112 17
110 60
162 95
62 45
113 91
111 27
163 97
63 30
114 93
112 54
164 36
64 80
115 83
113 97
165 73
65 60
116 55
114 66
166 82
66 25
117 14
115 91
167 72
67 89
118 42
116 82
168 46
68 50
119 88
117 80
169 39
69 39
120 90
118 81
170 97
70 42
121 82
119 55
171 92
71 54
122 61
120 31
172 33
72 22
123 27
121 85
173 49
73 28
124 50
122 61
174 75
74 23
125 70
123 51
175 35
75 71
126 33
124 54
176 78
76 78
127 19
125 10
177 95
77 48
128 98
126 38
178 17
78 69
129 18
127 56
179 65
79 50
130 75
128 80
180 53
80 30
131 45
129 88
181 46
81 30
132 85
130 33
182 29
82 74
133 77
131 61
183 80
83 19
134 75
132 85
184 98
84 19
135 76
133 28
185 80
85 54
136 88
134 25
186 54
86 94
137 21
135 26
187 75
87 98
138 87
136 88
188 57
88 16
139 84
137 50
189 58
89 58
140 39
138 100
190 69
90 88
141 60
139 82
191 13
91 13
142 80
140 75
192 88
92 46
143 44
141 21
193 74
93 88
144 28
142 90
194 73
94 29
145 29
143 21
195 56
95 100
146 24
144 55
196 32
96 90
147 44
145 30
197 93
97 90
148 57
146 63
198 31
98 68
149 69
147 98
199 78
99 37
150 71
148 95
200 96
100 53
149 94
201 74
101 11
152 39
202 51
102 51
153 55
151 54
203 61
103 20
154 45
152 44
204 16
104 50
155 79
153 20
205 78
105 76
156 89
154 59
206 49
106 82
157 85
155 59
207 53
107 89
158 11
156 97
208 25
108 84
159 93
157 62
209 64
109 68
160 15
158 92
210 93
110 75
161 47
159 72
211 72
111 93
162 22
160 35
212 13
112 27
163 70
161 34
213 36
113 10
164 11
162 98
214 34
114 93
165 52
163 85
215 92
115 70
166 40
164 57
216 52
116 42
167 10
165 67
217 74
117 81
168 19
166 36
218 29
118 94
169 27
167 82
219 15
119 45
170 29
168 36
220 54
120 82
171 93
169 42
221 55
121 23
172 95
170 66
222 60
122 36
173 49
171 65
223 43
123 43
174 33
172 26
224 75
124 22
175 19
173 19
225 48
125 94
176 10
174 61
226 51
126 46
177 29
175 38
227 16
127 32
178 81
176 51
228 48
128 47
179 86
177 36
229 75
129 24
180 84
178 70
230 59
130 40
181 44
179 99
231 75
131 33
182 89
180 79
232 13
132 87
183 55
181 51
233 55
133 93
184 41
182 96
234 92
134 80
185 61
183 100
235 68
135 20
186 93
184 50
236 84
136 68
187 17
185 88
237 29
137 63
188 48
186 66
238 23
138 37
189 66
187 81
239 20
139 66
190 76
188 30
240 77
140 22
191 30
189 100
241 77
141 11
192 62
190 47
242 30
142 34
193 20
191 47
243 85
143 42
194 69
192 95
244 70
144 37
195 96
193 33
245 57
145 37
196 42
194 56
246 65
146 27
197 76
195 55
247 75
147 58
198 49
196 17
248 69
148 67
199 70
197 92
249 94
149 71
200 55
198 19
250 79
150 80
199 24
251 49
151 52
202 27
252 38
152 24
203 70
201 60
253 31
153 27
204 48
202 89
254 34
154 28
205 11
203 92
255 57
155 33
206 85
204 57
256 97
156 91
207 74
205 87
257 92
157 36
208 88
206 57
258 83
158 14
209 64
207 44
259 38
159 100
210 48
208 91
260 64
160 85
211 89
209 72
261 36
161 46
212 11
210 94
262 42
162 90
213 98
211 20
263 77
163 76
214 84
212 46
264 56
164 31
215 33
213 76
265 58
165 83
216 92
214 13
266 69
166 55
217 23
215 61
267 43
167 45
218 49
216 76
268 91
168 87
219 38
217 30
269 90
169 85
220 44
218 79
270 72
170 59
221 88
219 100
271 14
171 85
222 84
220 95
272 83
172 12
223 84
221 24
273 22
173 76
224 75
222 86
274 39
174 65
225 54
223 21
275 98
175 62
226 67
224 15
276 76
176 100
227 36
225 38
277 82
177 80
228 75
226 18
278 31
178 10
229 29
227 15
279 55
179 49
230 89
228 31
280 88
180 94
231 19
229 39
281 66
181 76
232 12
230 76
282 44
182 84
233 58
231 44
283 86
183 53
234 53
232 39
284 19
184 83
235 39
233 87
285 43
185 40
236 62
234 22
286 30
186 77
237 59
235 44
287 59
187 63
238 33
236 29
288 78
188 88
239 51
237 53
289 92
189 38
240 53
238 28
290 68
190 39
241 24
239 17
291 47
191 98
242 51
240 79
292 13
192 67
243 88
241 51
293 85
193 77
244 97
242 99
294 36
194 66
245 90
243 95
295 30
195 56
246 68
244 15
296 24
196 33
247 73
245 97
297 55
197 69
248 37
246 74
298 70
198 49
249 45
247 84
299 67
199 85
250 52
248 28
300 71
200 39
249 16
301 54
201 12
252 82
302 98
202 66
253 40
251 78
303 35
203 54
254 23
252 48
304 92
204 98
255 49
253 84
305 68
205 64
256 56
254 59
306 49
206 27
257 59
255 76
307 62
207 62
258 39
256 91
308 71
208 88
259 34
257 84
309 60
209 70
260 56
258 71
310 62
210 97
261 75
259 79
311 14
211 13
262 10
260 32
312 33
212 14
263 14
261 64
313 99
213 45
264 28
262 57
314 95
214 17
265 64
263 49
315 62
215 33
266 58
264 16
316 20
216 43
267 14
265 59
317 39
217 83
268 67
266 75
318 50
218 80
269 43
267 11
319 97
219 82
270 40
268 71
320 66
220 45
271 36
269 66
321 45
221 55
272 91
270 14
322 55
222 21
273 46
271 23
323 96
223 71
274 24
272 51
324 82
224 52
275 74
273 19
325 73
225 39
276 54
274 42
326 45
226 46
277 11
275 61
327 38
227 16
278 38
276 51
328 20
228 25
279 17
277 41
329 79
229 100
280 88
278 24
330 54
230 26
281 29
279 95
331 64
231 55
282 68
280 15
332 81
232 21
283 88
281 78
333 49
233 23
284 79
282 24
334 45
234 26
285 71
283 17
335 64
235 48
286 62
284 66
336 98
236 53
287 67
285 46
337 61
237 78
288 84
286 59
338 36
238 85
289 66
287 79
339 88
239 29
290 28
288 71
340 75
240 56
291 94
289 35
341 50
241 10
292 94
290 34
342 57
242 23
293 65
291 31
343 52
243 50
294 42
292 17
344 81
244 54
295 57
293 55
345 14
245 14
296 83
294 89
346 31
246 80
297 15
295 41
347 26
247 24
298 34
296 24
348 50
248 46
299 95
297 99
349 45
249 17
300 54
298 12
350 63
250 89
299 46
351 44
251 88
302 18
352 88
252 54
303 11
301 59
353 80
253 58
304 86
302 41
354 51
254 89
305 58
303 34
355 23
255 80
306 77
304 57
356 99
256 47
307 99
305 87
357 40
257 91
308 60
306 51
358 15
258 65
309 53
307 56
359 52
259 28
310 97
308 68
360 51
260 14
311 42
309 27
361 90
261 59
312 86
310 45
362 78
262 49
313 13
311 49
363 53
263 12
314 78
312 27
364 51
264 33
315 48
313 67
365 98
265 14
316 86
314 61
366 32
266 36
317 35
315 55
367 88
267 42
318 86
316 89
368 58
268 25
319 22
317 32
369 64
269 60
320 16
318 41
370 64
270 67
321 87
319 91
371 17
271 78
322 87
320 68
372 30
272 20
323 26
321 79
373 26
273 26
324 18
322 24
374 55
274 67
325 19
323 71
375 93
275 95
326 60
324 86
376 57
276 56
327 59
325 100
377 74
277 32
328 13
326 33
378 35
278 49
329 42
327 44
379 70
279 41
330 81
328 24
380 95
280 48
331 64
329 44
381 31
281 68
332 20
330 61
382 48
282 62
333 75
331 92
383 59
283 19
334 24
332 33
384 24
284 79
335 32
333 49
385 65
285 95
336 87
334 60
386 35
286 24
337 33
335 19
387 63
287 78
338 46
336 29
388 93
288 83
339 15
337 32
389 65
289 84
340 80
338 78
390 29
290 69
341 69
339 59
391 51
291 87
342 35
340 57
392 91
292 59
343 16
341 55
393 57
293 80
344 88
342 32
394 21
294 92
345 23
343 91
395 94
295 100
346 42
344 59
396 100
296 100
347 90
345 94
397 34
297 41
348 57
346 80
398 18
298 39
349 26
347 74
399 74
299 65
350 54
348 48
400 61
300 38
349 22
401 40
301 30
352 25
402 32
302 39
353 30
351 55
403 46
303 20
354 62
352 18
404 100
304 77
355 89
353 75
405 89
305 38
356 100
354 64
406 75
306 86
357 45
355 25
407 14
307 11
358 77
356 11
408 99
308 97
359 71
357 47
409 26
309 55
360 21
358 82
410 98
310 59
361 64
359 51
411 90
311 54
362 75
360 46
412 87
312 30
363 87
361 58
413 58
313 25
364 40
362 43
414 12
314 46
365 11
363 88
415 25
315 98
366 63
364 49
416 30
316 14
367 15
365 50
417 70
317 80
368 64
366 18
418 67
318 77
369 48
367 79
419 40
319 69
370 73
368 97
420 49
320 74
371 33
369 73
421 91
321 21
372 74
370 21
422 28
322 59
373 17
371 33
423 25
323 88
374 22
372 18
424 93
324 29
375 11
373 87
425 67
325 41
376 60
374 43
426 80
326 76
377 68
375 83
427 89
327 81
378 86
376 20
428 73
328 78
379 80
377 94
429 88
329 60
380 73
378 70
430 15
330 78
381 62
379 54
431 51
331 68
382 95
380 33
432 36
332 83
383 52
381 86
433 97
333 46
384 34
382 80
434 21
334 14
385 87
383 95
435 67
335 92
386 62
384 40
436 61
336 88
387 54
385 24
437 64
337 11
388 54
386 13
438 23
338 27
389 97
387 33
439 48
339 50
390 61
388 60
440 80
340 21
391 19
389 61
441 52
341 19
392 26
390 53
442 83
342 45
393 42
391 25
443 46
343 30
394 33
392 71
444 34
344 60
395 97
393 77
445 30
345 84
396 79
394 59
446 83
346 15
397 47
395 15
447 34
347 18
398 79
396 35
448 39
348 44
399 95
397 54
449 83
349 65
400 57
398 96
450 21
350 52
399 59
451 85
351 84
402 17
452 48
352 40
403 99
401 29
453 100
353 74
404 21
402 70
454 95
354 36
405 89
403 84
455 74
355 18
406 64
404 98
456 29
356 97
407 18
405 47
457 54
357 71
408 37
406 78
458 84
358 61
409 73
407 44
459 85
359 75
410 10
408 58
460 70
360 83
411 63
409 96
461 22
361 53
412 60
410 79
462 85
362 46
413 89
411 81
463 12
363 27
414 49
412 45
464 74
364 15
415 89
413 46
465 15
365 63
416 89
414 50
466 22
366 33
417 88
415 98
467 99
367 66
418 14
416 70
468 99
368 44
419 17
417 29
469 17
369 35
420 100
418 33
470 54
370 96
421 94
419 39
471 10
371 30
422 24
420 74
472 85
372 11
423 63
421 25
473 77
373 35
424 79
422 81
474 23
374 42
425 86
423 59
475 23
375 62
426 62
424 76
476 19
376 14
427 85
425 79
477 64
377 14
428 81
426 10
478 54
378 34
429 66
427 74
479 31
379 57
430 37
428 42
480 98
380 57
431 65
429 26
481 13
381 64
432 75
430 22
482 68
382 65
433 49
431 91
483 98
383 56
434 45
432 58
484 98
384 69
435 91
433 81
485 58
385 43
436 49
434 69
486 77
386 83
437 90
435 83
487 76
387 96
438 96
436 66
488 52
388 73
439 35
437 76
489 67
389 58
440 10
438 76
490 33
390 47
441 91
439 35
491 24
391 96
442 29
440 90
492 96
392 76
443 48
441 89
493 58
393 62
444 53
442 11
494 16
394 16
445 22
443 47
495 13
395 56
446 76
444 51
496 30
396 88
447 87
445 56
497 77
397 20
448 22
446 34
498 39
398 85
449 27
447 70
499 25
399 63
450 49
448 66
500 58
400 36
449 81
501 96
401 77
452 18
502 66
402 99
453 24
451 100
503 74
403 86
454 18
452 62
504 70
404 31
455 71
453 93
505 18
405 15
456 62
454 87
506 29
406 15
457 93
455 27
507 10
407 31
458 82
456 98
508 30
408 49
459 80
457 99
509 53
409 68
460 51
458 54
510 43
410 25
461 79
459 77
511 98
411 65
462 97
460 70
512 47
412 13
463 41
461 79
513 74
413 58
464 35
462 82
514 11
414 20
465 41
463 31
515 94
415 34
466 25
464 14
516 31
416 21
467 68
465 35
517 94
417 61
468 29
466 29
518 96
418 69
469 21
467 40
519 75
419 86
470 11
468 87
520 37
420 53
471 43
469 75
521 41
421 60
472 68
470 15
522 38
422 95
473 47
471 71
523 28
423 19
474 94
472 92
524 91
424 29
475 87
473 20
525 42
425 56
476 76
474 71
526 52
426 59
477 73
475 26
527 79
427 20
478 98
476 63
528 63
428 87
479 43
477 31
529 98
429 66
480 79
478 20
530 19
430 40
481 70
479 82
531 72
431 57
482 45
480 43
532 34
432 14
483 52
481 90
533 10
433 60
484 74
482 47
534 45
434 85
485 59
483 81
535 17
435 21
486 35
484 98
536 43
436 86
487 16
485 70
537 50
437 90
488 40
486 38
538 60
438 65
489 17
487 67
539 88
439 16
490 38
488 12
540 96
440 22
491 49
489 61
541 74
441 58
492 93
490 17
542 82
442 42
493 94
491 58
543 35
443 52
494 95
492 34
544 78
444 37
495 72
493 75
545 54
445 30
496 87
494 51
546 34
446 80
497 99
495 24
547 60
447 81
498 17
496 90
548 37
448 66
499 16
497 77
549 42
449 97
500 17
498 35
550 48
450 65
499 24
551 89
451 19
502 51
552 18
452 15
503 56
501 52
553 53
453 10
504 34
502 46
554 84
454 89
505 87
503 10
555 98
455 18
506 85
504 47
556 33
456 76
507 85
505 57
557 45
457 34
508 56
506 67
558 31
458 30
509 34
507 44
559 58
459 65
510 49
508 72
560 38
460 78
511 62
509 45
561 12
461 56
512 58
510 84
562 41
462 77
513 51
511 60
563 52
463 52
514 73
512 22
564 48
464 14
515 41
513 10
565 44
465 85
516 34
514 45
566 42
466 62
517 95
515 97
567 39
467 94
518 42
516 48
568 58
468 90
519 18
517 98
569 74
469 36
520 18
518 45
570 23
470 80
521 12
519 93
571 54
471 25
522 28
520 47
572 85
472 95
523 89
521 96
573 21
473 18
524 90
522 72
574 51
474 89
525 63
523 90
575 74
475 45
526 42
524 12
576 79
476 81
527 87
525 87
577 50
477 14
528 46
526 56
578 94
478 86
529 94
527 34
579 48
479 91
530 83
528 27
580 87
480 46
531 14
529 17
581 82
481 20
532 21
530 81
582 77
482 84
533 87
531 25
583 15
483 16
534 55
532 86
584 45
484 32
535 54
533 21
585 88
485 14
536 68
534 83
586 100
486 87
537 98
535 55
587 56
487 51
538 80
536 80
588 38
488 42
539 62
537 43
589 80
489 61
540 31
538 55
590 82
490 34
541 50
539 46
591 36
491 33
542 69
540 66
592 98
492 20
543 83
541 89
593 63
493 93
544 16
542 23
594 94
494 87
545 68
543 87
595 29
495 89
546 53
544 90
596 11
496 40
547 33
545 28
597 46
497 82
548 72
546 29
598 15
498 31
549 71
547 85
599 66
499 42
550 23
548 47
600 72
500 59
549 76
501 49
552 38
502 66
553 27
551 92
503 83
554 28
552 71
504 80
555 39
553 91
505 31
556 53
554 93
506 70
557 93
555 44
507 36
558 68
556 40
508 40
559 50
557 78
509 75
560 74
558 46
510 47
561 92
559 89
511 24
562 30
560 70
512 71
563 11
561 67
513 40
564 99
562 74
514 22
565 67
563 64
515 81
566 19
564 81
516 78
567 82
565 79
517 57
568 38
566 66
518 17
569 100
567 78
519 58
570 49
568 71
520 16
571 83
569 67
521 90
572 71
570 10
522 42
573 44
571 63
523 15
574 60
572 36
524 28
575 30
573 87
525 57
576 23
574 77
526 38
577 50
575 58
527 99
578 98
576 34
528 86
579 18
577 60
529 63
580 84
578 65
530 80
581 73
579 94
531 63
582 15
580 76
532 64
583 60
581 32
533 76
584 12
582 11
534 25
585 56
583 13
535 35
586 21
584 19
536 11
587 58
585 54
537 32
588 56
586 67
538 52
589 24
587 20
539 39
590 40
588 27
540 71
591 10
589 88
541 85
592 90
590 95
542 49
593 100
591 83
543 29
594 67
592 40
544 38
595 32
593 14
545 62
596 83
594 80
546 18
597 41
595 45
547 93
598 71
596 100
548 50
599 80
597 44
549 88
600 91
598 69
550 80
599 45
501
563
1 501 
1 229 
1 309 
1 137 
2 123 66 
1 549 
1 587 
3 401 25 519 
4 27 556 120 382 
2 345 364 
2 286 192 
2 350 508 
1 191 
1 221 
3 16 252 361 
1 260 
2 288 104 
2 391 416 
1 130 
2 447 484 
2 511 402 
2 32 132 
3 407 343 15 
1 320 
2 101 595 
2 81 583 
3 341 179 422 
1 22 
3 55 99 76 
2 429 588 
1 530 
2 248 330 
1 489 
2 573 143 
1 209 
2 285 308 
2 167 196 
3 156 226 74 
2 134 428 
2 457 349 
2 509 293 
2 36 369 
1 166 
3 324 95 217 
2 468 354 
3 370 363 186 
1 325 
1 576 
2 232 113 
1 135 
3 490 31 245 
2 477 342 
1 346 
3 527 282 568 
1 199 
3 151 344 92 
1 62 
2 159 65 
2 532 12 
1 577 
1 473 
2 378 295 
2 374 411 
1 187 
2 559 459 
3 375 85 42 
2 64 434 
1 46 
1 274 
1 149 
1 263 
2 168 203 
1 498 
2 441 482 
1 419 
1 432 
1 165 
2 444 359 
2 170 246 
1 348 
1 486 
4 202 515 472 78 
4 69 281 184 404 
3 163 273 590 
3 160 171 219 
2 43 180 
1 2 
1 87 
1 175 
1 458 
2 257 451 
1 146 
4 362 150 367 98 
3 264 435 316 
3 322 334 520 
2 270 84 
1 63 
2 299 410 
3 194 21 164 
1 377 
2 131 271 
3 553 525 529 
1 397 
1 315 
3 259 54 141 
4 296 241 357 57 
1 109 
2 413 579 
2 53 94 
1 147 
2 210 575 
1 230 
1 77 
3 298 483 563 
