600 2276 10 100 114
2
3
3
3
3
3
3
3
3
3
3
3
3
3
3
3
3
3
3
3
3
3
3
3
3
3
3
3
3
3
3
3
3
3
3
3
3
3
3
3
3
3
3
3
3
3
3
3
3
2
3
4
4
4
4
4
4
4
4
4
4
4
4
4
4
4
4
4
4
4
4
4
4
4
4
4
4
4
4
4
4
4
4
4
4
4
4
4
4
4
4
4
4
4
4
4
4
4
4
3
3
4
4
4
4
4
4
4
4
4
4
4
4
4
4
4
4
4
4
4
4
4
4
4
4
4
4
4
4
4
4
4
4
4
4
4
4
4
4
4
4
4
4
4
4
4
4
4
4
3
3
4
4
4
4
4
4
4
4
4
4
4
4
4
4
4
4
4
4
4
4
4
4
4
4
4
4
4
4
4
4
4
4
4
4
4
4
4
4
4
4
4
4
4
4
4
4
4
4
3
3
4
4
4
4
4
4
4
4
4
4
4
4
4
4
4
4
4
4
4
4
4
4
4
4
4
4
4
4
4
4
4
4
4
4
4
4
4
4
4
4
4
4
4
4
4
4
4
4
3
3
4
4
4
4
4
4
4
4
4
4
4
4
4
4
4
4
4
4
4
4
4
4
4
4
4
4
4
4
4
4
4
4
4
4
4
4
4
4
4
4
4
4
4
4
4
4
4
4
3
3
4
4
4
4
4
4
4
4
4
4
4
4
4
4
4
4
4
4
4
4
4
4
4
4
4
4
4
4
4
4
4
4
4
4
4
4
4
4
4
4
4
4
4
4
4
4
4
4
3
3
4
4
4
4
4
4
4
4
4
4
4
4
4
4
4
4
4
4
4
4
4
4
4
4
4
4
4
4
4
4
4
4
4
4
4
4
4
4
4
4
4
4
4
4
4
4
4
4
3
3
4
4
4
4
4
4
4
4
4
4
4
4
4
4
4
4
4
4
4
4
4
4
4
4
4
4
4
4
4
4
4
4
4
4
4
4
4
4
4
4
4
4
4
4
4
4
4
4
3
3
4
4
4
4
4
4
4
4
4
4
4
4
4
4
4
4
4
4
4
4
4
4
4
4
4
4
4
4
4
4
4
4
4
4
4
4
4
4
4
4
4
4
4
4
4
4
4
4
3
3
4
4
4
4
4
4
4
4
4
4
4
4
4
4
4
4
4
4
4
4
4
4
4
4
4
4
4
4
4
4
4
4
4
4
4
4
4
4
4
4
4
4
4
4
4
4
4
4
3
2
3
3
3
3
3
3
3
3
3
3
3
3
3
3
3
3
3
3
3
3
3
3
3
3
3
3
3
3
3
3
3
3
3
3
3
3
3
3
3
3
3
3
3
3
3
3
3
3
2
51 62
2 29
52 32
3 45
1 54
53 71
4 96
2 88
54 25
5 73
3 55
55 84
6 10
4 39
56 47
7 90
5 32
57 67
8 19
6 80
58 51
9 37
7 35
59 21
10 64
8 99
60 35
11 59
9 33
61 30
12 32
10 35
62 52
13 63
11 33
63 53
14 42
12 18
64 100
15 94
13 10
65 96
16 12
14 52
66 37
17 92
15 38
67 18
18 22
16 77
68 61
19 30
17 15
69 13
20 80
18 75
70 25
21 58
19 25
71 26
22 23
20 56
72 41
23 21
21 94
73 43
24 58
22 58
74 61
25 65
23 43
75 45
26 66
24 99
76 69
27 99
25 31
77 54
28 56
26 17
78 66
29 27
27 14
79 35
30 78
28 57
80 30
31 83
29 36
81 98
32 62
30 50
82 49
33 32
31 88
83 85
34 67
32 82
84 26
35 10
33 60
85 72
36 88
34 64
86 69
37 67
35 22
87 88
38 91
36 27
88 44
39 33
37 55
89 27
40 40
38 69
90 68
41 32
39 93
91 92
42 95
40 41
92 70
43 34
41 56
93 100
44 72
42 81
94 64
45 17
43 13
95 77
46 40
44 61
96 43
47 66
45 59
97 94
48 11
46 94
98 15
49 46
47 64
99 54
50 11
48 40
100 21
49 45
101 35
1 17
52 86
102 28
2 62
53 72
51 71
103 43
3 99
54 97
52 61
104 35
4 56
55 63
53 37
105 29
5 96
56 53
54 98
106 63
6 100
57 52
55 28
107 62
7 72
58 44
56 44
108 26
8 82
59 24
57 61
109 47
9 70
60 14
58 21
110 76
10 22
61 27
59 73
111 22
11 32
62 14
60 61
112 82
12 35
63 61
61 50
113 49
13 39
64 23
62 49
114 10
14 32
65 17
63 89
115 68
15 100
66 95
64 78
116 96
16 52
67 80
65 37
117 88
17 36
68 79
66 46
118 100
18 39
69 11
67 23
119 96
19 33
70 50
68 51
120 10
20 75
71 54
69 22
121 70
21 54
72 24
70 29
122 14
22 43
73 28
71 42
123 42
23 69
74 48
72 71
124 60
24 74
75 42
73 95
125 64
25 64
76 69
74 43
126 46
26 72
77 80
75 28
127 96
27 40
78 48
76 81
128 25
28 95
79 56
77 56
129 63
29 29
80 70
78 12
130 62
30 71
81 95
79 66
131 56
31 45
82 15
80 43
132 56
32 31
83 88
81 58
133 22
33 52
84 20
82 92
134 77
34 14
85 67
83 58
135 40
35 66
86 13
84 98
136 48
36 97
87 42
85 18
137 96
37 26
88 13
86 28
138 26
38 30
89 62
87 50
139 81
39 60
90 53
88 97
140 91
40 50
91 97
89 57
141 95
41 55
92 68
90 20
142 18
42 86
93 71
91 48
143 48
43 30
94 44
92 16
144 11
44 81
95 99
93 63
145 69
45 52
96 11
94 20
146 79
46 33
97 68
95 15
147 75
47 46
98 15
96 86
148 26
48 56
99 51
97 66
149 54
49 89
100 85
98 54
150 47
50 19
99 20
151 14
51 23
102 41
152 78
52 28
103 28
101 53
153 54
53 59
104 10
102 58
154 17
54 71
105 32
103 82
155 66
55 12
106 46
104 81
156 33
56 62
107 99
105 89
157 14
57 27
108 28
106 10
158 22
58 90
109 93
107 74
159 91
59 50
110 43
108 76
160 43
60 10
111 27
109 88
161 62
61 72
112 90
110 34
162 81
62 74
113 68
111 92
163 90
63 43
114 82
112 56
164 79
64 24
115 34
113 54
165 24
65 65
116 29
114 72
166 69
66 94
117 75
115 44
167 16
67 86
118 60
116 53
168 29
68 50
119 75
117 73
169 14
69 70
120 49
118 71
170 34
70 60
121 32
119 68
171 64
71 12
122 81
120 30
172 48
72 41
123 56
121 34
173 65
73 75
124 40
122 17
174 93
74 79
125 22
123 91
175 96
75 53
126 66
124 37
176 16
76 92
127 19
125 30
177 33
77 95
128 64
126 52
178 96
78 30
129 18
127 21
179 78
79 21
130 54
128 80
180 48
80 15
131 74
129 64
181 15
81 61
132 56
130 71
182 45
82 50
133 96
131 32
183 95
83 56
134 49
132 70
184 40
84 70
135 85
133 13
185 77
85 19
136 66
134 32
186 56
86 59
137 41
135 83
187 64
87 10
138 95
136 17
188 49
88 47
139 80
137 85
189 73
89 74
140 74
138 95
190 52
90 36
141 32
139 16
191 66
91 80
142 60
140 100
192 40
92 79
143 83
141 92
193 14
93 96
144 46
142 24
194 28
94 67
145 47
143 22
195 41
95 39
146 46
144 53
196 33
96 50
147 56
145 14
197 43
97 47
148 21
146 99
198 17
98 74
149 53
147 23
199 54
99 47
150 70
148 19
200 43
100 12
149 26
201 20
101 23
152 60
202 99
102 56
153 75
151 64
203 98
103 12
154 17
152 10
204 40
104 37
155 51
153 92
205 95
105 35
156 59
154 37
206 15
106 68
157 90
155 26
207 83
107 59
158 31
156 60
208 42
108 82
159 66
157 91
209 21
109 83
160 85
158 11
210 86
110 100
161 97
159 29
211 74
111 56
162 52
160 88
212 64
112 33
163 83
161 98
213 48
113 97
164 55
162 22
214 62
114 28
165 35
163 72
215 16
115 18
166 16
164 17
216 86
116 60
167 22
165 96
217 38
117 59
168 48
166 84
218 59
118 64
169 75
167 45
219 65
119 16
170 53
168 76
220 81
120 97
171 37
169 76
221 95
121 16
172 48
170 15
222 90
122 37
173 75
171 100
223 41
123 59
174 67
172 33
224 13
124 83
175 80
173 42
225 80
125 50
176 57
174 31
226 49
126 89
177 94
175 13
227 20
127 41
178 32
176 46
228 29
128 87
179 25
177 31
229 84
129 83
180 40
178 21
230 99
130 30
181 81
179 69
231 10
131 52
182 87
180 43
232 93
132 88
183 25
181 65
233 25
133 12
184 90
182 36
234 70
134 40
185 45
183 57
235 54
135 42
186 27
184 51
236 14
136 71
187 67
185 56
237 53
137 53
188 72
186 58
238 51
138 86
189 89
187 78
239 19
139 19
190 48
188 15
240 25
140 16
191 13
189 50
241 28
141 61
192 77
190 49
242 47
142 11
193 85
191 20
243 40
143 57
194 31
192 44
244 61
144 71
195 95
193 11
245 24
145 34
196 67
194 28
246 24
146 54
197 92
195 32
247 80
147 48
198 94
196 17
248 67
148 90
199 85
197 100
249 82
149 57
200 35
198 10
250 35
150 53
199 92
251 46
151 100
202 66
252 58
152 33
203 32
201 61
253 22
153 98
204 54
202 46
254 42
154 56
205 46
203 50
255 36
155 11
206 30
204 77
256 11
156 59
207 43
205 53
257 99
157 50
208 46
206 30
258 16
158 55
209 47
207 69
259 10
159 24
210 19
208 34
260 59
160 31
211 89
209 10
261 28
161 61
212 58
210 12
262 25
162 88
213 27
211 91
263 30
163 16
214 90
212 51
264 29
164 63
215 99
213 91
265 73
165 21
216 96
214 40
266 88
166 22
217 64
215 13
267 77
167 49
218 90
216 32
268 73
168 94
219 64
217 44
269 59
169 39
220 17
218 64
270 28
170 82
221 59
219 62
271 69
171 54
222 89
220 35
272 85
172 12
223 42
221 23
273 57
173 85
224 62
222 86
274 36
174 61
225 89
223 23
275 79
175 77
226 28
224 59
276 26
176 19
227 98
225 14
277 13
177 77
228 78
226 66
278 51
178 30
229 27
227 26
279 92
179 72
230 30
228 48
280 28
180 25
231 74
229 95
281 38
181 35
232 62
230 88
282 23
182 70
233 91
231 40
283 88
183 13
234 50
232 24
284 23
184 74
235 62
233 20
285 58
185 18
236 45
234 60
286 31
186 77
237 81
235 34
287 52
187 97
238 96
236 99
288 37
188 65
239 75
237 94
289 51
189 16
240 64
238 88
290 20
190 97
241 34
239 36
291 84
191 16
242 52
240 38
292 99
192 55
243 52
241 67
293 48
193 70
244 14
242 47
294 61
194 93
245 33
243 66
295 98
195 54
246 79
244 91
296 75
196 18
247 75
245 95
297 66
197 86
248 82
246 82
298 11
198 28
249 39
247 63
299 92
199 88
250 84
248 51
300 18
200 73
249 86
301 11
201 29
252 36
302 50
202 30
253 10
251 55
303 44
203 13
254 92
252 19
304 13
204 78
255 70
253 87
305 17
205 37
256 16
254 79
306 48
206 16
257 24
255 44
307 93
207 61
258 59
256 33
308 53
208 43
259 93
257 15
309 88
209 47
260 32
258 86
310 21
210 69
261 79
259 94
311 60
211 29
262 22
260 92
312 99
212 40
263 58
261 59
313 27
213 37
264 20
262 23
314 39
214 53
265 27
263 51
315 86
215 24
266 12
264 82
316 98
216 93
267 54
265 64
317 29
217 16
268 46
266 31
318 47
218 11
269 83
267 17
319 32
219 22
270 83
268 69
320 41
220 87
271 77
269 96
321 89
221 25
272 18
270 81
322 42
222 96
273 80
271 39
323 97
223 29
274 20
272 45
324 79
224 29
275 80
273 43
325 73
225 17
276 11
274 53
326 98
226 83
277 58
275 76
327 75
227 80
278 24
276 61
328 70
228 85
279 56
277 74
329 40
229 34
280 62
278 54
330 25
230 53
281 17
279 57
331 24
231 50
282 53
280 84
332 16
232 12
283 32
281 50
333 47
233 20
284 43
282 18
334 98
234 63
285 30
283 50
335 21
235 29
286 99
284 16
336 81
236 17
287 75
285 67
337 24
237 88
288 36
286 98
338 54
238 92
289 76
287 14
339 23
239 64
290 10
288 91
340 56
240 92
291 64
289 83
341 31
241 61
292 26
290 21
342 72
242 87
293 89
291 96
343 30
243 51
294 50
292 52
344 26
244 89
295 78
293 97
345 45
245 66
296 37
294 71
346 11
246 14
297 39
295 41
347 21
247 38
298 73
296 85
348 30
248 29
299 92
297 25
349 31
249 35
300 35
298 24
350 42
250 57
299 41
351 97
251 95
302 33
352 70
252 89
303 17
301 23
353 52
253 11
304 22
302 72
354 10
254 18
305 42
303 81
355 76
255 21
306 52
304 42
356 90
256 38
307 81
305 26
357 64
257 40
308 64
306 18
358 15
258 64
309 67
307 59
359 60
259 81
310 11
308 47
360 22
260 27
311 36
309 74
361 67
261 13
312 13
310 65
362 76
262 56
313 77
311 57
363 33
263 27
314 32
312 91
364 59
264 67
315 22
313 91
365 91
265 29
316 13
314 95
366 12
266 59
317 74
315 76
367 23
267 23
318 74
316 41
368 85
268 48
319 62
317 30
369 56
269 20
320 64
318 44
370 54
270 23
321 65
319 94
371 85
271 19
322 71
320 31
372 73
272 58
323 47
321 18
373 45
273 18
324 57
322 73
374 45
274 28
325 18
323 17
375 89
275 41
326 46
324 83
376 50
276 39
327 87
325 88
377 98
277 36
328 13
326 46
378 14
278 61
329 85
327 12
379 49
279 38
330 52
328 18
380 42
280 67
331 22
329 28
381 90
281 53
332 34
330 22
382 32
282 90
333 59
331 87
383 39
283 18
334 27
332 47
384 35
284 18
335 42
333 80
385 65
285 12
336 43
334 69
386 73
286 86
337 84
335 21
387 29
287 96
338 93
336 16
388 41
288 98
339 82
337 93
389 47
289 11
340 82
338 50
390 51
290 57
341 39
339 77
391 55
291 95
342 41
340 88
392 99
292 81
343 100
341 68
393 61
293 36
344 31
342 52
394 96
294 80
345 38
343 54
395 49
295 64
346 14
344 61
396 100
296 99
347 64
345 72
397 53
297 25
348 20
346 87
398 28
298 11
349 20
347 67
399 82
299 31
350 100
348 87
400 96
300 75
349 98
401 31
301 68
352 18
402 16
302 83
353 96
351 19
403 30
303 94
354 16
352 65
404 51
304 13
355 87
353 90
405 52
305 81
356 33
354 25
406 44
306 34
357 18
355 73
407 82
307 53
358 86
356 72
408 65
308 66
359 36
357 97
409 16
309 16
360 66
358 52
410 37
310 29
361 27
359 12
411 40
311 22
362 89
360 87
412 20
312 56
363 63
361 13
413 31
313 26
364 45
362 46
414 75
314 51
365 40
363 44
415 14
315 26
366 86
364 52
416 50
316 37
367 50
365 60
417 50
317 56
368 28
366 68
418 41
318 29
369 42
367 44
419 58
319 62
370 28
368 76
420 51
320 97
371 92
369 26
421 69
321 83
372 20
370 85
422 66
322 11
373 61
371 77
423 87
323 43
374 71
372 83
424 97
324 14
375 66
373 21
425 33
325 38
376 33
374 68
426 90
326 90
377 63
375 40
427 91
327 26
378 33
376 41
428 31
328 57
379 61
377 57
429 56
329 10
380 44
378 63
430 17
330 45
381 19
379 38
431 81
331 44
382 17
380 54
432 71
332 17
383 75
381 77
433 76
333 62
384 35
382 48
434 90
334 86
385 21
383 89
435 84
335 99
386 87
384 27
436 47
336 74
387 10
385 20
437 97
337 97
388 92
386 24
438 95
338 22
389 46
387 97
439 31
339 84
390 39
388 69
440 71
340 96
391 59
389 70
441 90
341 40
392 53
390 85
442 42
342 32
393 73
391 94
443 77
343 26
394 38
392 10
444 32
344 48
395 50
393 38
445 43
345 61
396 90
394 77
446 65
346 53
397 35
395 12
447 71
347 54
398 22
396 79
448 94
348 76
399 19
397 36
449 61
349 84
400 62
398 20
450 19
350 36
399 73
451 60
351 80
402 59
452 37
352 78
403 88
401 64
453 71
353 49
404 59
402 17
454 30
354 74
405 26
403 53
455 76
355 72
406 47
404 13
456 24
356 96
407 11
405 38
457 15
357 71
408 16
406 69
458 87
358 73
409 34
407 60
459 52
359 46
410 83
408 61
460 77
360 13
411 51
409 53
461 74
361 24
412 48
410 13
462 13
362 59
413 34
411 44
463 80
363 81
414 97
412 28
464 99
364 22
415 36
413 41
465 49
365 81
416 66
414 11
466 55
366 100
417 28
415 87
467 64
367 63
418 81
416 88
468 39
368 21
419 97
417 94
469 64
369 54
420 73
418 39
470 26
370 82
421 36
419 28
471 84
371 50
422 39
420 82
472 61
372 35
423 72
421 63
473 15
373 20
424 40
422 52
474 63
374 99
425 75
423 42
475 16
375 13
426 29
424 55
476 71
376 80
427 74
425 70
477 63
377 51
428 91
426 54
478 65
378 43
429 10
427 18
479 71
379 96
430 48
428 14
480 56
380 79
431 78
429 33
481 27
381 31
432 49
430 66
482 25
382 23
433 84
431 22
483 60
383 63
434 12
432 55
484 90
384 74
435 83
433 52
485 13
385 86
436 36
434 11
486 28
386 23
437 38
435 64
487 49
387 83
438 51
436 72
488 24
388 98
439 76
437 29
489 90
389 31
440 78
438 30
490 100
390 36
441 27
439 29
491 50
391 21
442 39
440 12
492 64
392 34
443 46
441 96
493 97
393 37
444 75
442 48
494 55
394 37
445 98
443 43
495 48
395 78
446 88
444 69
496 78
396 72
447 27
445 74
497 53
397 99
448 62
446 87
498 86
398 88
449 67
447 33
499 70
399 17
450 84
448 99
500 95
400 68
449 45
501 98
401 92
452 57
502 76
402 36
453 85
451 23
503 41
403 100
454 82
452 62
504 25
404 22
455 57
453 39
505 65
405 69
456 43
454 70
506 27
406 91
457 93
455 61
507 96
407 50
458 49
456 51
508 87
408 11
459 48
457 67
509 97
409 82
460 85
458 36
510 14
410 53
461 24
459 18
511 84
411 98
462 69
460 10
512 29
412 16
463 67
461 92
513 24
413 64
464 22
462 52
514 13
414 90
465 54
463 59
515 82
415 62
466 26
464 69
516 73
416 18
467 12
465 28
517 20
417 33
468 60
466 76
518 37
418 83
469 48
467 64
519 22
419 46
470 22
468 72
520 23
420 25
471 47
469 42
521 34
421 11
472 11
470 56
522 22
422 19
473 24
471 85
523 26
423 21
474 95
472 62
524 67
424 11
475 48
473 92
525 27
425 17
476 23
474 98
526 53
426 21
477 29
475 55
527 43
427 86
478 84
476 37
528 22
428 43
479 86
477 52
529 10
429 18
480 84
478 54
530 71
430 93
481 88
479 89
531 40
431 32
482 29
480 95
532 10
432 45
483 38
481 38
533 73
433 63
484 90
482 74
534 22
434 63
485 53
483 22
535 17
435 59
486 69
484 60
536 95
436 10
487 73
485 21
537 69
437 93
488 77
486 33
538 82
438 81
489 58
487 71
539 96
439 11
490 15
488 66
540 59
440 96
491 61
489 49
541 19
441 89
492 62
490 26
542 63
442 27
493 56
491 43
543 33
443 92
494 94
492 94
544 74
444 43
495 65
493 76
545 42
445 89
496 84
494 68
546 77
446 99
497 33
495 71
547 49
447 53
498 71
496 65
548 41
448 99
499 92
497 62
549 23
449 17
500 84
498 95
550 52
450 48
499 82
551 60
451 68
502 83
552 78
452 82
503 26
501 10
553 77
453 60
504 22
502 75
554 86
454 63
505 80
503 50
555 28
455 83
506 81
504 72
556 53
456 49
507 32
505 67
557 50
457 68
508 52
506 52
558 57
458 47
509 82
507 74
559 93
459 92
510 33
508 30
560 14
460 51
511 32
509 38
561 61
461 10
512 53
510 15
562 67
462 93
513 63
511 23
563 46
463 73
514 63
512 44
564 10
464 62
515 55
513 28
565 75
465 25
516 88
514 30
566 43
466 32
517 80
515 63
567 68
467 57
518 78
516 19
568 13
468 74
519 79
517 86
569 94
469 41
520 18
518 55
570 41
470 93
521 70
519 63
571 22
471 12
522 81
520 88
572 39
472 97
523 30
521 99
573 34
473 43
524 33
522 59
574 68
474 98
525 24
523 59
575 82
475 25
526 19
524 18
576 21
476 63
527 37
525 21
577 77
477 15
528 54
526 72
578 38
478 52
529 94
527 24
579 36
479 28
530 86
528 81
580 79
480 75
531 59
529 80
581 59
481 94
532 12
530 42
582 58
482 60
533 59
531 64
583 62
483 28
534 99
532 13
584 28
484 61
535 49
533 46
585 49
485 24
536 64
534 14
586 18
486 77
537 19
535 98
587 28
487 16
538 67
536 76
588 77
488 31
539 63
537 63
589 19
489 95
540 36
538 35
590 80
490 17
541 18
539 43
591 36
491 92
542 81
540 27
592 55
492 25
543 67
541 100
593 29
493 56
544 76
542 69
594 29
494 26
545 25
543 42
595 69
495 20
546 45
544 10
596 24
496 55
547 58
545 89
597 35
497 56
548 16
546 64
598 84
498 38
549 93
547 70
599 54
499 59
550 89
548 59
600 11
500 80
549 44
501 67
552 56
502 97
553 29
551 78
503 21
554 45
552 81
504 78
555 19
553 32
505 91
556 23
554 67
506 64
557 34
555 97
507 16
558 94
556 55
508 99
559 70
557 93
509 91
560 19
558 16
510 70
561 54
559 79
511 26
562 70
560 10
512 24
563 87
561 40
513 38
564 85
562 55
514 12
565 91
563 90
515 70
566 68
564 96
516 95
567 82
565 86
517 77
568 49
566 43
518 91
569 48
567 93
519 17
570 69
568 50
520 32
571 86
569 15
521 81
572 81
570 94
522 68
573 88
571 87
523 47
574 83
572 17
524 91
575 56
573 15
525 60
576 42
574 20
526 60
577 29
575 51
527 60
578 59
576 90
528 27
579 10
577 92
529 89
580 94
578 83
530 18
581 45
579 75
531 33
582 83
580 78
532 58
583 51
581 43
533 58
584 44
582 71
534 53
585 75
583 48
535 65
586 22
584 49
536 17
587 38
585 46
537 50
588 32
586 12
538 99
589 13
587 96
539 88
590 71
588 39
540 36
591 43
589 83
541 84
592 97
590 36
542 17
593 80
591 44
543 47
594 21
592 26
544 54
595 91
593 89
545 56
596 24
594 28
546 54
597 66
595 77
547 19
598 37
596 93
548 32
599 94
597 21
549 72
600 23
598 48
550 41
599 100
552
447
2 282 552 
1 163 
2 259 59 
1 291 
1 473 
2 495 153 
3 298 145 284 
3 34 403 217 
2 249 444 
3 41 68 260 
1 522 
1 350 
2 505 548 
2 328 549 
1 389 
1 283 
1 415 
3 1 208 311 
2 538 320 
1 174 
1 459 
1 374 
2 540 373 
1 476 
3 400 116 7 
1 375 
2 457 191 
2 225 43 
2 209 177 
1 529 
2 123 453 
2 390 266 
3 385 486 22 
1 263 
2 589 340 
1 82 
1 587 
2 47 592 
3 53 411 278 
2 363 292 
2 530 276 
2 49 297 
1 345 
2 543 392 
1 301 
1 441 
2 86 366 
4 144 108 440 219 
2 178 362 
2 201 133 
1 500 
3 193 436 302 
2 72 176 
1 343 
1 45 
4 237 322 73 555 
1 172 
1 76 
2 410 450 
2 315 499 
1 449 
1 513 
1 61 
1 397 
1 132 
1 431 
1 483 
3 569 258 114 
1 222 
3 313 305 42 
2 584 348 
4 106 594 202 514 
2 562 527 
4 557 452 560 424 
1 58 
2 317 353 
2 170 508 
3 10 122 275 
2 556 6 
1 257 
2 171 88 
2 573 425 
1 600 
1 433 
2 599 537 
3 323 199 439 
2 13 128 
3 119 312 576 
3 347 339 35 
2 186 359 
1 70 
1 384 
1 404 
1 246 
2 250 501 
3 337 462 480 
3 214 25 188 
3 74 46 460 
3 26 451 519 
1 409 
1 105 
2 271 372 
1 146 
1 432 
2 190 55 
1 300 
2 435 342 
2 205 92 
2 57 272 
1 430 
2 77 84 
4 327 324 438 423 
3 563 85 336 
2 256 447 
