600 2276 10 100 114
2
3
3
3
3
3
3
3
3
3
3
3
3
3
3
3
3
3
3
3
3
3
3
3
3
3
3
3
3
3
3
3
3
3
3
3
3
3
3
3
3
3
3
3
3
3
3
3
3
2
3
4
4
4
4
4
4
4
4
4
4
4
4
4
4
4
4
4
4
4
4
4
4
4
4
4
4
4
4
4
4
4
4
4
4
4
4
4
4
4
4
4
4
4
4
4
4
4
4
3
3
4
4
4
4
4
4
4
4
4
4
4
4
4
4
4
4
4
4
4
4
4
4
4
4
4
4
4
4
4
4
4
4
4
4
4
4
4
4
4
4
4
4
4
4
4
4
4
4
3
3
4
4
4
4
4
4
4
4
4
4
4
4
4
4
4
4
4
4
4
4
4
4
4
4
4
4
4
4
4
4
4
4
4
4
4
4
4
4
4
4
4
4
4
4
4
4
4
4
3
3
4
4
4
4
4
4
4
4
4
4
4
4
4
4
4
4
4
4
4
4
4
4
4
4
4
4
4
4
4
4
4
4
4
4
4
4
4
4
4
4
4
4
4
4
4
4
4
4
3
3
4
4
4
4
4
4
4
4
4
4
4
4
4
4
4
4
4
4
4
4
4
4
4
4
4
4
4
4
4
4
4
4
4
4
4
4
4
4
4
4
4
4
4
4
4
4
4
4
3
3
4
4
4
4
4
4
4
4
4
4
4
4
4
4
4
4
4
4
4
4
4
4
4
4
4
4
4
4
4
4
4
4
4
4
4
4
4
4
4
4
4
4
4
4
4
4
4
4
3
3
4
4
4
4
4
4
4
4
4
4
4
4
4
4
4
4
4
4
4
4
4
4
4
4
4
4
4
4
4
4
4
4
4
4
4
4
4
4
4
4
4
4
4
4
4
4
4
4
3
3
4
4
4
4
4
4
4
4
4
4
4
4
4
4
4
4
4
4
4
4
4
4
4
4
4
4
4
4
4
4
4
4
4
4
4
4
4
4
4
4
4
4
4
4
4
4
4
4
3
3
4
4
4
4
4
4
4
4
4
4
4
4
4
4
4
4
4
4
4
4
4
4
4
4
4
4
4
4
4
4
4
4
4
4
4
4
4
4
4
4
4
4
4
4
4
4
4
4
3
3
4
4
4
4
4
4
4
4
4
4
4
4
4
4
4
4
4
4
4
4
4
4
4
4
4
4
4
4
4
4
4
4
4
4
4
4
4
4
4
4
4
4
4
4
4
4
4
4
3
2
3
3
3
3
3
3
3
3
3
3
3
3
3
3
3
3
3
3
3
3
3
3
3
3
3
3
3
3
3
3
3
3
3
3
3
3
3
3
3
3
3
3
3
3
3
3
3
3
2
51 87
2 29
52 36
3 25
1 23
53 59
4 66
2 24
54 53
5 94
3 64
55 85
6 46
4 75
56 79
7 82
5 93
57 50
8 33
6 43
58 50
9 61
7 51
59 58
10 97
8 67
60 13
11 51
9 37
61 34
12 40
10 66
62 72
13 58
11 73
63 66
14 63
12 78
64 100
15 45
13 68
65 96
16 20
14 77
66 62
17 51
15 84
67 12
18 51
16 60
68 67
19 92
17 36
69 62
20 95
18 42
70 56
21 54
19 96
71 42
22 44
20 40
72 94
23 77
21 86
73 54
24 81
22 37
74 62
25 80
23 76
75 50
26 99
24 46
76 79
27 84
25 48
77 44
28 73
26 52
78 63
29 100
27 49
79 95
30 27
28 42
80 55
31 42
29 81
81 33
32 19
30 78
82 43
33 85
31 44
83 13
34 61
32 45
84 15
35 40
33 11
85 94
36 65
34 14
86 62
37 22
35 55
87 35
38 35
36 20
88 81
39 92
37 16
89 73
40 13
38 98
90 87
41 14
39 25
91 14
42 17
40 27
92 76
43 41
41 22
93 27
44 12
42 30
94 83
45 79
43 26
95 84
46 40
44 28
96 40
47 81
45 99
97 62
48 80
46 51
98 96
49 41
47 24
99 67
50 17
48 61
100 15
49 64
101 62
1 69
52 26
102 64
2 28
53 43
51 78
103 16
3 69
54 45
52 92
104 83
4 23
55 42
53 27
105 35
5 73
56 54
54 86
106 26
6 36
57 23
55 43
107 56
7 88
58 23
56 89
108 16
8 29
59 94
57 37
109 46
9 94
60 25
58 62
110 89
10 77
61 100
59 92
111 54
11 97
62 66
60 67
112 50
12 62
63 11
61 19
113 75
13 12
64 24
62 83
114 100
14 44
65 29
63 96
115 89
15 100
66 66
64 37
116 31
16 77
67 72
65 56
117 39
17 42
68 27
66 99
118 100
18 54
69 79
67 46
119 70
19 21
70 44
68 88
120 99
20 16
71 100
69 16
121 71
21 72
72 18
70 96
122 37
22 39
73 24
71 63
123 31
23 82
74 28
72 51
124 36
24 96
75 34
73 72
125 59
25 33
76 42
74 47
126 25
26 33
77 13
75 12
127 54
27 67
78 77
76 30
128 46
28 100
79 22
77 38
129 33
29 40
80 33
78 12
130 93
30 91
81 62
79 79
131 91
31 56
82 25
80 66
132 32
32 35
83 19
81 59
133 50
33 34
84 15
82 36
134 71
34 69
85 80
83 59
135 82
35 38
86 25
84 53
136 13
36 71
87 18
85 83
137 30
37 66
88 73
86 32
138 35
38 13
89 13
87 89
139 92
39 15
90 86
88 79
140 96
40 11
91 30
89 41
141 81
41 41
92 60
90 81
142 97
42 85
93 48
91 74
143 37
43 53
94 48
92 40
144 94
44 32
95 31
93 32
145 28
45 83
96 47
94 27
146 27
46 34
97 91
95 65
147 17
47 76
98 47
96 23
148 14
48 19
99 51
97 24
149 88
49 44
100 65
98 62
150 44
50 81
99 48
151 59
51 64
102 19
152 21
52 32
103 46
101 68
153 74
53 73
104 50
102 70
154 35
54 67
105 26
103 37
155 65
55 46
106 69
104 60
156 90
56 65
107 70
105 38
157 100
57 82
108 75
106 62
158 48
58 14
109 82
107 81
159 26
59 50
110 61
108 20
160 16
60 77
111 58
109 56
161 50
61 23
112 91
110 87
162 14
62 37
113 41
111 49
163 56
63 15
114 30
112 64
164 18
64 18
115 63
113 19
165 51
65 91
116 81
114 11
166 100
66 79
117 15
115 84
167 100
67 69
118 60
116 90
168 36
68 49
119 14
117 35
169 69
69 48
120 23
118 21
170 86
70 60
121 55
119 40
171 13
71 77
122 88
120 25
172 33
72 41
123 17
121 55
173 54
73 36
124 77
122 69
174 92
74 82
125 53
123 18
175 39
75 52
126 50
124 40
176 72
76 67
127 18
125 35
177 88
77 61
128 78
126 30
178 37
78 17
129 19
127 28
179 54
79 57
130 42
128 81
180 22
80 36
131 37
129 30
181 43
81 30
132 94
130 79
182 31
82 25
133 98
131 68
183 79
83 57
134 98
132 87
184 23
84 50
135 37
133 26
185 61
85 26
136 50
134 69
186 67
86 65
137 47
135 96
187 12
87 29
138 41
136 23
188 10
88 22
139 58
137 80
189 61
89 61
140 69
138 71
190 59
90 47
141 74
139 47
191 58
91 48
142 49
140 48
192 73
92 63
143 93
141 85
193 74
93 44
144 43
142 62
194 80
94 76
145 43
143 27
195 54
95 96
146 66
144 45
196 35
96 34
147 27
145 23
197 68
97 16
148 21
146 98
198 37
98 10
149 66
147 12
199 24
99 97
150 64
148 91
200 53
100 80
149 52
201 22
101 81
152 76
202 65
102 83
153 84
151 19
203 99
103 66
154 61
152 26
204 70
104 64
155 95
153 90
205 88
105 12
156 90
154 15
206 24
106 89
157 25
155 41
207 50
107 88
158 44
156 59
208 35
108 70
159 20
157 54
209 82
109 64
160 68
158 65
210 53
110 47
161 76
159 86
211 89
111 55
162 20
160 83
212 49
112 61
163 57
161 54
213 21
113 74
164 94
162 96
214 21
114 65
165 41
163 99
215 90
115 32
166 80
164 88
216 77
116 59
167 84
165 57
217 39
117 40
168 98
166 51
218 30
118 98
169 37
167 39
219 40
119 54
170 79
168 90
220 30
120 83
171 34
169 63
221 22
121 71
172 82
170 37
222 56
122 39
173 20
171 95
223 28
123 49
174 53
172 68
224 67
124 23
175 22
173 67
225 57
125 13
176 18
174 66
226 43
126 28
177 58
175 72
227 39
127 83
178 59
176 21
228 22
128 17
179 80
177 94
229 40
129 16
180 93
178 48
230 25
130 67
181 82
179 97
231 47
131 54
182 81
180 46
232 40
132 96
183 57
181 42
233 57
133 62
184 64
182 11
234 50
134 22
185 59
183 21
235 79
135 63
186 61
184 58
236 30
136 85
187 43
185 75
237 81
137 92
188 12
186 21
238 96
138 63
189 19
187 65
239 15
139 59
190 91
188 35
240 39
140 79
191 21
189 76
241 57
141 38
192 59
190 59
242 39
142 81
193 43
191 69
243 87
143 45
194 23
192 61
244 15
144 62
195 91
193 80
245 37
145 19
196 12
194 72
246 89
146 100
197 79
195 11
247 14
147 89
198 47
196 19
248 55
148 22
199 68
197 45
249 23
149 75
200 27
198 57
250 89
150 12
199 68
251 32
151 67
202 83
252 71
152 74
203 25
201 64
253 66
153 90
204 84
202 100
254 81
154 14
205 42
203 25
255 23
155 82
206 23
204 84
256 35
156 79
207 70
205 65
257 40
157 30
208 18
206 80
258 48
158 81
209 54
207 15
259 50
159 98
210 58
208 22
260 34
160 35
211 94
209 60
261 78
161 47
212 22
210 59
262 32
162 82
213 37
211 80
263 67
163 76
214 31
212 76
264 76
164 42
215 64
213 72
265 59
165 77
216 28
214 85
266 93
166 41
217 90
215 49
267 64
167 66
218 20
216 87
268 76
168 38
219 12
217 21
269 86
169 80
220 60
218 80
270 84
170 15
221 96
219 52
271 73
171 80
222 25
220 94
272 95
172 13
223 16
221 17
273 46
173 40
224 88
222 87
274 22
174 40
225 79
223 37
275 76
175 61
226 18
224 100
276 50
176 72
227 43
225 77
277 33
177 59
228 94
226 37
278 57
178 39
229 15
227 82
279 95
179 97
230 99
228 43
280 93
180 45
231 78
229 10
281 78
181 12
232 41
230 54
282 14
182 94
233 71
231 19
283 98
183 84
234 39
232 42
284 48
184 29
235 85
233 46
285 42
185 91
236 51
234 71
286 36
186 76
237 11
235 79
287 16
187 86
238 48
236 81
288 12
188 40
239 13
237 27
289 31
189 92
240 26
238 27
290 58
190 25
241 86
239 40
291 88
191 63
242 55
240 14
292 72
192 84
243 52
241 56
293 43
193 39
244 52
242 62
294 99
194 43
245 22
243 15
295 74
195 43
246 44
244 17
296 54
196 32
247 89
245 82
297 28
197 81
248 34
246 27
298 82
198 12
249 100
247 49
299 31
199 12
250 66
248 73
300 25
200 62
249 72
301 70
201 26
252 82
302 82
202 28
253 43
251 32
303 89
203 81
254 72
252 56
304 73
204 67
255 84
253 13
305 34
205 86
256 90
254 89
306 45
206 54
257 32
255 68
307 71
207 59
258 71
256 20
308 53
208 88
259 27
257 30
309 43
209 23
260 98
258 70
310 90
210 19
261 10
259 75
311 18
211 15
262 79
260 30
312 67
212 77
263 96
261 36
313 35
213 87
264 72
262 33
314 33
214 53
265 24
263 59
315 24
215 71
266 56
264 46
316 33
216 70
267 73
265 88
317 71
217 44
268 34
266 85
318 30
218 27
269 11
267 47
319 70
219 84
270 23
268 59
320 95
220 20
271 98
269 64
321 38
221 56
272 21
270 56
322 69
222 14
273 68
271 26
323 16
223 94
274 96
272 18
324 60
224 96
275 21
273 68
325 72
225 89
276 69
274 19
326 92
226 86
277 21
275 58
327 79
227 35
278 43
276 18
328 45
228 22
279 67
277 60
329 29
229 69
280 22
278 21
330 62
230 99
281 50
279 46
331 99
231 30
282 70
280 65
332 59
232 59
283 27
281 96
333 37
233 100
284 45
282 79
334 91
234 68
285 93
283 33
335 76
235 27
286 99
284 41
336 84
236 18
287 22
285 86
337 22
237 47
288 69
286 16
338 54
238 34
289 33
287 55
339 60
239 57
290 11
288 98
340 53
240 88
291 95
289 50
341 26
241 43
292 46
290 50
342 54
242 41
293 27
291 56
343 13
243 56
294 87
292 44
344 22
244 83
295 93
293 33
345 14
245 50
296 79
294 69
346 93
246 45
297 69
295 43
347 92
247 21
298 84
296 23
348 19
248 32
299 75
297 19
349 50
249 31
300 33
298 85
350 28
250 79
299 16
351 91
251 37
302 20
352 71
252 79
303 46
301 26
353 93
253 54
304 64
302 49
354 79
254 25
305 54
303 40
355 70
255 91
306 18
304 58
356 44
256 80
307 82
305 85
357 91
257 58
308 85
306 32
358 15
258 56
309 46
307 78
359 11
259 70
310 39
308 32
360 58
260 92
311 95
309 37
361 42
261 59
312 15
310 74
362 68
262 94
313 31
311 97
363 25
263 15
314 75
312 49
364 98
264 56
315 73
313 28
365 58
265 13
316 13
314 85
366 95
266 79
317 91
315 91
367 63
267 19
318 10
316 72
368 37
268 71
319 82
317 20
369 15
269 88
320 29
318 60
370 96
270 76
321 44
319 17
371 64
271 88
322 81
320 27
372 13
272 63
323 61
321 77
373 49
273 71
324 71
322 44
374 90
274 14
325 12
323 18
375 70
275 41
326 69
324 68
376 13
276 42
327 47
325 28
377 35
277 56
328 12
326 23
378 92
278 30
329 25
327 30
379 38
279 24
330 94
328 78
380 51
280 70
331 86
329 35
381 21
281 67
332 16
330 100
382 45
282 47
333 68
331 62
383 30
283 11
334 46
332 27
384 89
284 78
335 92
333 54
385 61
285 49
336 98
334 22
386 85
286 32
337 67
335 31
387 45
287 98
338 55
336 42
388 55
288 82
339 53
337 36
389 46
289 10
340 92
338 95
390 72
290 90
341 71
339 73
391 74
291 45
342 72
340 64
392 51
292 12
343 64
341 41
393 81
293 89
344 22
342 62
394 16
294 20
345 23
343 47
395 100
295 62
346 55
344 73
396 99
296 93
347 25
345 55
397 59
297 36
348 15
346 31
398 77
298 50
349 79
347 33
399 35
299 44
350 57
348 10
400 90
300 73
349 21
401 76
301 77
352 72
402 23
302 27
353 61
351 20
403 38
303 100
354 57
352 29
404 77
304 56
355 76
353 72
405 49
305 24
356 67
354 13
406 75
306 47
357 63
355 42
407 54
307 82
358 40
356 11
408 76
308 93
359 40
357 74
409 60
309 90
360 19
358 83
410 95
310 60
361 22
359 90
411 63
311 46
362 67
360 14
412 46
312 92
363 32
361 60
413 79
313 28
364 68
362 61
414 25
314 78
365 95
363 100
415 50
315 33
366 15
364 68
416 57
316 61
367 42
365 18
417 44
317 28
368 26
366 46
418 94
318 63
369 13
367 49
419 56
319 27
370 80
368 64
420 60
320 29
371 24
369 66
421 51
321 30
372 24
370 38
422 75
322 44
373 97
371 25
423 31
323 92
374 41
372 42
424 29
324 30
375 69
373 56
425 49
325 26
376 80
374 14
426 48
326 66
377 35
375 99
427 99
327 25
378 39
376 57
428 94
328 44
379 53
377 56
429 74
329 35
380 81
378 27
430 30
330 62
381 77
379 47
431 49
331 18
382 83
380 68
432 60
332 50
383 99
381 32
433 61
333 54
384 37
382 71
434 73
334 80
385 55
383 60
435 77
335 43
386 32
384 54
436 64
336 92
387 58
385 89
437 83
337 72
388 100
386 80
438 89
338 88
389 62
387 52
439 38
339 74
390 24
388 27
440 24
340 18
391 78
389 24
441 96
341 53
392 97
390 60
442 21
342 60
393 45
391 74
443 55
343 96
394 63
392 70
444 19
344 80
395 89
393 26
445 16
345 38
396 51
394 78
446 66
346 61
397 64
395 92
447 71
347 56
398 98
396 30
448 95
348 59
399 92
397 39
449 40
349 85
400 88
398 92
450 100
350 47
399 50
451 28
351 65
402 90
452 73
352 86
403 35
401 55
453 15
353 15
404 65
402 28
454 70
354 81
405 75
403 76
455 86
355 74
406 53
404 40
456 90
356 90
407 65
405 82
457 91
357 73
408 93
406 24
458 100
358 41
409 22
407 46
459 71
359 81
410 84
408 75
460 17
360 30
411 79
409 17
461 63
361 61
412 80
410 48
462 18
362 35
413 29
411 38
463 61
363 81
414 63
412 34
464 42
364 55
415 45
413 13
465 37
365 82
416 43
414 93
466 34
366 69
417 91
415 33
467 74
367 44
418 55
416 83
468 15
368 84
419 42
417 57
469 25
369 61
420 33
418 72
470 70
370 100
421 18
419 64
471 87
371 59
422 21
420 32
472 32
372 67
423 24
421 71
473 74
373 37
424 23
422 86
474 81
374 19
425 20
423 48
475 77
375 39
426 45
424 41
476 56
376 46
427 18
425 23
477 58
377 57
428 52
426 94
478 24
378 90
429 93
427 98
479 91
379 21
430 12
428 53
480 31
380 98
431 52
429 68
481 94
381 45
432 98
430 10
482 82
382 89
433 80
431 39
483 55
383 99
434 25
432 44
484 48
384 96
435 41
433 89
485 63
385 27
436 63
434 84
486 57
386 86
437 51
435 62
487 91
387 16
438 96
436 15
488 67
388 43
439 99
437 67
489 22
389 78
440 51
438 76
490 75
390 68
441 73
439 89
491 90
391 13
442 90
440 79
492 90
392 93
443 33
441 42
493 17
393 94
444 92
442 52
494 69
394 53
445 22
443 27
495 41
395 95
446 56
444 68
496 40
396 82
447 90
445 72
497 25
397 39
448 80
446 76
498 47
398 15
449 82
447 26
499 26
399 56
450 76
448 85
500 11
400 48
449 45
501 21
401 76
452 71
502 38
402 87
453 26
451 90
503 55
403 77
454 35
452 60
504 76
404 71
455 80
453 40
505 25
405 65
456 40
454 79
506 16
406 13
457 98
455 50
507 72
407 55
458 67
456 87
508 10
408 94
459 68
457 88
509 47
409 62
460 75
458 35
510 54
410 11
461 19
459 90
511 16
411 84
462 21
460 71
512 29
412 32
463 18
461 67
513 46
413 93
464 47
462 82
514 24
414 76
465 28
463 21
515 24
415 17
466 28
464 70
516 100
416 94
467 95
465 83
517 14
417 78
468 35
466 38
518 18
418 63
469 89
467 93
519 33
419 31
470 79
468 87
520 43
420 65
471 69
469 58
521 91
421 38
472 92
470 83
522 31
422 93
473 95
471 65
523 15
423 26
474 100
472 92
524 38
424 14
475 30
473 90
525 40
425 91
476 30
474 47
526 58
426 100
477 81
475 19
527 46
427 54
478 12
476 92
528 89
428 93
479 24
477 66
529 23
429 52
480 15
478 42
530 61
430 86
481 89
479 32
531 64
431 89
482 44
480 80
532 72
432 20
483 56
481 48
533 21
433 78
484 82
482 25
534 92
434 44
485 23
483 94
535 19
435 63
486 55
484 56
536 81
436 84
487 85
485 50
537 74
437 18
488 79
486 99
538 100
438 68
489 78
487 94
539 45
439 78
490 82
488 64
540 56
440 14
491 30
489 78
541 14
441 58
492 92
490 74
542 62
442 43
493 47
491 58
543 25
443 20
494 85
492 30
544 57
444 70
495 29
493 85
545 71
445 18
496 69
494 66
546 19
446 12
497 69
495 36
547 81
447 93
498 67
496 28
548 59
448 84
499 17
497 79
549 18
449 73
500 52
498 31
550 71
450 54
499 11
551 98
451 41
502 60
552 10
452 51
503 55
501 71
553 20
453 37
504 54
502 40
554 97
454 20
505 42
503 69
555 41
455 47
506 59
504 16
556 63
456 97
507 39
505 30
557 78
457 60
508 35
506 68
558 97
458 40
509 48
507 44
559 86
459 49
510 41
508 92
560 78
460 97
511 60
509 97
561 31
461 51
512 26
510 35
562 13
462 84
513 29
511 22
563 17
463 89
514 11
512 65
564 95
464 29
515 39
513 26
565 50
465 88
516 89
514 47
566 46
466 66
517 97
515 73
567 27
467 56
518 74
516 51
568 63
468 83
519 18
517 28
569 13
469 65
520 18
518 17
570 37
470 65
521 83
519 98
571 42
471 37
522 69
520 22
572 82
472 16
523 99
521 23
573 97
473 77
524 20
522 84
574 61
474 52
525 14
523 87
575 28
475 17
526 85
524 45
576 94
476 62
527 56
525 58
577 30
477 23
528 96
526 62
578 31
478 64
529 90
527 68
579 66
479 79
530 10
528 79
580 42
480 39
531 98
529 30
581 35
481 10
532 55
530 28
582 55
482 31
533 99
531 80
583 24
483 87
534 45
532 15
584 32
484 23
535 25
533 79
585 39
485 71
536 43
534 34
586 64
486 24
537 77
535 42
587 69
487 24
538 93
536 59
588 92
488 67
539 66
537 71
589 75
489 85
540 59
538 27
590 73
490 18
541 37
539 24
591 40
491 22
542 53
540 15
592 22
492 54
543 78
541 68
593 41
493 52
544 10
542 24
594 68
494 86
545 82
543 90
595 89
495 43
546 91
544 64
596 89
496 36
547 93
545 29
597 68
497 17
548 12
546 58
598 64
498 71
549 21
547 84
599 85
499 52
550 57
548 24
600 69
500 97
549 66
501 64
552 57
502 72
553 40
551 100
503 74
554 40
552 38
504 69
555 100
553 15
505 28
556 53
554 30
506 31
557 12
555 88
507 10
558 45
556 35
508 32
559 81
557 79
509 83
560 22
558 49
510 96
561 44
559 27
511 37
562 87
560 75
512 62
563 12
561 85
513 23
564 16
562 51
514 51
565 29
563 37
515 10
566 38
564 83
516 91
567 81
565 28
517 89
568 14
566 21
518 99
569 59
567 76
519 82
570 75
568 38
520 25
571 10
569 31
521 32
572 38
570 62
522 13
573 34
571 27
523 25
574 18
572 14
524 42
575 94
573 22
525 80
576 46
574 11
526 80
577 12
575 19
527 46
578 48
576 97
528 96
579 59
577 72
529 39
580 55
578 82
530 73
581 90
579 71
531 61
582 59
580 86
532 28
583 94
581 95
533 55
584 19
582 96
534 11
585 82
583 40
535 30
586 30
584 17
536 44
587 32
585 98
537 48
588 91
586 100
538 61
589 48
587 19
539 63
590 45
588 98
540 42
591 26
589 57
541 75
592 43
590 14
542 36
593 69
591 31
543 43
594 63
592 46
544 41
595 19
593 97
545 23
596 94
594 44
546 53
597 12
595 54
547 18
598 49
596 56
548 32
599 75
597 87
549 83
600 46
598 38
550 27
599 15
205
464
2 431 205 
2 224 436 
1 8 
3 435 429 459 
1 102 
1 575 
1 572 
4 192 598 136 496 
1 149 
3 311 187 331 
3 285 376 361 
1 145 
1 521 
1 383 
2 292 527 
2 479 406 
1 169 
4 399 370 364 387 
4 346 449 280 65 
1 427 
5 152 377 167 441 137 
1 382 
1 369 
5 19 517 262 268 45 
3 594 241 66 
1 539 
3 134 171 253 
3 24 338 156 
1 92 
1 231 
1 54 
1 558 
1 67 
2 289 284 
1 401 
1 143 
2 344 133 
2 391 176 
1 155 
1 3 
1 213 
3 458 342 535 
3 522 42 33 
2 444 51 
1 37 
1 503 
2 337 576 
1 267 
2 83 395 
2 242 160 
3 432 85 569 
2 204 113 
2 481 564 
2 492 417 
3 306 518 475 
4 15 95 116 438 
1 153 
3 580 366 131 
2 315 229 
1 97 
2 69 316 
1 385 
1 127 
2 184 236 
2 271 334 
1 582 
1 122 
3 104 445 482 
1 596 
4 286 389 339 132 
2 519 201 
4 194 363 183 266 
1 55 
1 142 
2 211 70 
2 295 588 
1 408 
4 98 225 100 523 
2 255 17 
3 151 463 466 
2 557 504 
1 358 
1 375 
2 534 265 
3 397 443 314 
1 532 
3 99 38 198 
1 14 
1 538 
1 499 
1 567 
3 570 498 380 
1 158 
2 130 563 
1 404 
2 146 49 
1 245 
1 109 
2 530 474 
2 303 22 
2 309 509 
2 433 249 
1 135 
3 469 549 434 
2 28 237 
1 345 
1 371 
1 59 
2 454 43 
1 87 
1 16 
2 90 259 
1 491 
1 464 
