600 2276 10 100 114
2
3
3
3
3
3
3
3
3
3
3
3
3
3
3
3
3
3
3
3
3
3
3
3
3
3
3
3
3
3
3
3
3
3
3
3
3
3
3
3
3
3
3
3
3
3
3
3
3
2
3
4
4
4
4
4
4
4
4
4
4
4
4
4
4
4
4
4
4
4
4
4
4
4
4
4
4
4
4
4
4
4
4
4
4
4
4
4
4
4
4
4
4
4
4
4
4
4
4
3
3
4
4
4
4
4
4
4
4
4
4
4
4
4
4
4
4
4
4
4
4
4
4
4
4
4
4
4
4
4
4
4
4
4
4
4
4
4
4
4
4
4
4
4
4
4
4
4
4
3
3
4
4
4
4
4
4
4
4
4
4
4
4
4
4
4
4
4
4
4
4
4
4
4
4
4
4
4
4
4
4
4
4
4
4
4
4
4
4
4
4
4
4
4
4
4
4
4
4
3
3
4
4
4
4
4
4
4
4
4
4
4
4
4
4
4
4
4
4
4
4
4
4
4
4
4
4
4
4
4
4
4
4
4
4
4
4
4
4
4
4
4
4
4
4
4
4
4
4
3
3
4
4
4
4
4
4
4
4
4
4
4
4
4
4
4
4
4
4
4
4
4
4
4
4
4
4
4
4
4
4
4
4
4
4
4
4
4
4
4
4
4
4
4
4
4
4
4
4
3
3
4
4
4
4
4
4
4
4
4
4
4
4
4
4
4
4
4
4
4
4
4
4
4
4
4
4
4
4
4
4
4
4
4
4
4
4
4
4
4
4
4
4
4
4
4
4
4
4
3
3
4
4
4
4
4
4
4
4
4
4
4
4
4
4
4
4
4
4
4
4
4
4
4
4
4
4
4
4
4
4
4
4
4
4
4
4
4
4
4
4
4
4
4
4
4
4
4
4
3
3
4
4
4
4
4
4
4
4
4
4
4
4
4
4
4
4
4
4
4
4
4
4
4
4
4
4
4
4
4
4
4
4
4
4
4
4
4
4
4
4
4
4
4
4
4
4
4
4
3
3
4
4
4
4
4
4
4
4
4
4
4
4
4
4
4
4
4
4
4
4
4
4
4
4
4
4
4
4
4
4
4
4
4
4
4
4
4
4
4
4
4
4
4
4
4
4
4
4
3
3
4
4
4
4
4
4
4
4
4
4
4
4
4
4
4
4
4
4
4
4
4
4
4
4
4
4
4
4
4
4
4
4
4
4
4
4
4
4
4
4
4
4
4
4
4
4
4
4
3
2
3
3
3
3
3
3
3
3
3
3
3
3
3
3
3
3
3
3
3
3
3
3
3
3
3
3
3
3
3
3
3
3
3
3
3
3
3
3
3
3
3
3
3
3
3
3
3
3
2
51 87
2 29
52 85
3 65
1 93
53 99
4 38
2 94
54 17
5 41
3 60
55 71
6 13
4 44
56 88
7 74
5 56
57 52
8 60
6 82
58 62
9 66
7 60
59 15
10 14
8 54
60 69
11 43
9 89
61 80
12 44
10 95
62 26
13 22
11 94
63 99
14 14
12 62
64 95
15 39
13 69
65 100
16 30
14 80
66 58
17 45
15 32
67 80
18 11
16 67
68 90
19 48
17 72
69 68
20 22
18 38
70 84
21 99
19 42
71 52
22 81
20 31
72 55
23 100
21 83
73 32
24 97
22 88
74 54
25 12
23 77
75 92
26 99
24 77
76 58
27 69
25 47
77 70
28 66
26 27
78 94
29 31
27 38
79 73
30 49
28 27
80 58
31 41
29 47
81 11
32 41
30 48
82 17
33 49
31 67
83 74
34 37
32 87
84 40
35 73
33 87
85 30
36 53
34 15
86 42
37 64
35 50
87 72
38 13
36 100
88 37
39 79
37 83
89 23
40 35
38 49
90 60
41 25
39 48
91 56
42 60
40 85
92 10
43 53
41 31
93 10
44 35
42 42
94 55
45 34
43 61
95 96
46 42
44 37
96 72
47 97
45 20
97 45
48 52
46 65
98 22
49 86
47 94
99 19
50 47
48 13
100 86
49 38
101 42
1 41
52 44
102 32
2 35
53 84
51 91
103 44
3 39
54 64
52 25
104 17
4 29
55 91
53 44
105 60
5 48
56 42
54 45
106 73
6 14
57 78
55 60
107 39
7 96
58 65
56 51
108 39
8 64
59 48
57 23
109 53
9 96
60 83
58 63
110 41
10 21
61 28
59 64
111 59
11 13
62 38
60 94
112 39
12 34
63 11
61 94
113 58
13 34
64 100
62 74
114 13
14 89
65 77
63 24
115 39
15 13
66 13
64 33
116 19
16 81
67 76
65 38
117 31
17 71
68 47
66 57
118 100
18 76
69 55
67 59
119 89
19 58
70 24
68 45
120 26
20 24
71 56
69 78
121 67
21 62
72 82
70 85
122 52
22 90
73 73
71 17
123 62
23 34
74 65
72 92
124 25
24 39
75 27
73 58
125 20
25 96
76 60
74 94
126 69
26 11
77 25
75 97
127 64
27 43
78 29
76 42
128 87
28 52
79 29
77 51
129 88
29 10
80 73
78 13
130 19
30 51
81 65
79 24
131 73
31 17
82 99
80 83
132 32
32 87
83 52
81 44
133 13
33 50
84 69
82 18
134 55
34 11
85 29
83 43
135 66
35 76
86 74
84 90
136 26
36 86
87 99
85 100
137 21
37 87
88 54
86 72
138 23
38 19
89 97
87 24
139 62
39 64
90 94
88 87
140 42
40 82
91 38
89 32
141 57
41 99
92 54
90 42
142 45
42 96
93 28
91 70
143 65
43 82
94 94
92 51
144 88
44 17
95 46
93 10
145 19
45 15
96 12
94 42
146 55
46 26
97 22
95 66
147 21
47 13
98 55
96 82
148 50
48 67
99 49
97 39
149 75
49 93
100 13
98 65
150 83
50 32
99 10
151 20
51 72
102 80
152 100
52 77
103 31
101 86
153 31
53 99
104 60
102 37
154 20
54 13
105 90
103 72
155 79
55 35
106 85
104 15
156 14
56 22
107 19
105 46
157 58
57 16
108 12
106 35
158 39
58 31
109 17
107 11
159 11
59 49
110 43
108 92
160 47
60 72
111 76
109 44
161 94
61 16
112 87
110 54
162 26
62 81
113 60
111 62
163 64
63 52
114 55
112 60
164 48
64 83
115 19
113 31
165 23
65 83
116 59
114 49
166 42
66 69
117 40
115 94
167 85
67 77
118 62
116 43
168 56
68 54
119 49
117 88
169 97
69 26
120 31
118 25
170 62
70 65
121 76
119 72
171 27
71 91
122 10
120 78
172 22
72 33
123 75
121 98
173 82
73 13
124 33
122 41
174 11
74 42
125 79
123 92
175 31
75 60
126 43
124 98
176 92
76 61
127 23
125 68
177 29
77 78
128 16
126 81
178 48
78 68
129 16
127 38
179 43
79 27
130 85
128 76
180 39
80 85
131 78
129 30
181 11
81 97
132 45
130 82
182 89
82 32
133 72
131 29
183 70
83 43
134 99
132 86
184 35
84 91
135 19
133 64
185 60
85 44
136 48
134 24
186 38
86 87
137 69
135 39
187 36
87 12
138 90
136 46
188 80
88 31
139 25
137 45
189 16
89 22
140 29
138 60
190 78
90 18
141 68
139 65
191 52
91 33
142 74
140 82
192 78
92 53
143 72
141 74
193 48
93 66
144 74
142 15
194 60
94 76
145 84
143 62
195 95
95 15
146 27
144 38
196 11
96 32
147 73
145 15
197 68
97 84
148 16
146 16
198 92
98 73
149 15
147 37
199 82
99 91
150 33
148 29
200 30
100 60
149 39
201 84
101 81
152 89
202 74
102 59
153 77
151 56
203 81
103 22
154 35
152 35
204 18
104 44
155 68
153 25
205 72
105 83
156 15
154 69
206 12
106 39
157 16
155 56
207 50
107 39
158 90
156 68
208 22
108 22
159 67
157 97
209 52
109 86
160 73
158 23
210 60
110 85
161 34
159 92
211 24
111 65
162 99
160 52
212 41
112 20
163 69
161 84
213 47
113 54
164 31
162 14
214 21
114 18
165 65
163 71
215 94
115 60
166 21
164 31
216 88
116 66
167 44
165 23
217 28
117 62
168 90
166 45
218 81
118 97
169 83
167 99
219 47
119 92
170 58
168 26
220 45
120 58
171 69
169 30
221 98
121 12
172 66
170 75
222 64
122 19
173 78
171 65
223 74
123 67
174 23
172 41
224 21
124 45
175 27
173 70
225 38
125 62
176 84
174 48
226 24
126 57
177 91
175 65
227 11
127 70
178 29
176 24
228 96
128 64
179 17
177 30
229 78
129 28
180 53
178 19
230 19
130 19
181 73
179 63
231 89
131 34
182 58
180 18
232 83
132 15
183 70
181 17
233 69
133 62
184 82
182 19
234 79
134 35
185 94
183 44
235 84
135 17
186 54
184 74
236 42
136 26
187 39
185 42
237 47
137 24
188 42
186 68
238 53
138 53
189 58
187 32
239 56
139 78
190 75
188 88
240 77
140 32
191 27
189 70
241 11
141 21
192 73
190 39
242 38
142 42
193 49
191 80
243 25
143 92
194 20
192 59
244 70
144 69
195 43
193 48
245 73
145 93
196 69
194 48
246 96
146 48
197 41
195 60
247 12
147 92
198 23
196 89
248 88
148 43
199 71
197 100
249 37
149 59
200 22
198 86
250 42
150 15
199 62
251 93
151 71
202 83
252 19
152 71
203 10
201 32
253 38
153 88
204 23
202 53
254 20
154 20
205 93
203 32
255 77
155 26
206 94
204 96
256 48
156 34
207 47
205 22
257 46
157 77
208 52
206 79
258 62
158 77
209 66
207 68
259 68
159 13
210 83
208 71
260 38
160 81
211 47
209 54
261 65
161 28
212 54
210 86
262 47
162 64
213 24
211 18
263 21
163 45
214 42
212 73
264 14
164 89
215 82
213 89
265 35
165 12
216 48
214 54
266 42
166 16
217 77
215 23
267 18
167 59
218 60
216 32
268 43
168 11
219 37
217 88
269 64
169 79
220 36
218 93
270 18
170 24
221 54
219 72
271 38
171 60
222 10
220 75
272 77
172 95
223 32
221 82
273 69
173 81
224 80
222 78
274 83
174 81
225 100
223 72
275 19
175 52
226 46
224 15
276 57
176 35
227 10
225 19
277 85
177 72
228 98
226 83
278 79
178 28
229 57
227 14
279 60
179 97
230 70
228 11
280 14
180 11
231 40
229 31
281 90
181 84
232 95
230 61
282 32
182 17
233 14
231 67
283 80
183 23
234 76
232 33
284 52
184 65
235 100
233 24
285 42
185 19
236 76
234 41
286 69
186 85
237 61
235 44
287 46
187 28
238 28
236 96
288 14
188 40
239 58
237 40
289 67
189 79
240 79
238 63
290 14
190 90
241 63
239 83
291 44
191 96
242 24
240 97
292 94
192 39
243 55
241 85
293 95
193 20
244 94
242 84
294 49
194 42
245 55
243 33
295 72
195 75
246 62
244 17
296 10
196 60
247 32
245 34
297 78
197 42
248 17
246 80
298 37
198 95
249 66
247 20
299 66
199 32
250 86
248 95
300 43
200 94
249 45
301 58
201 60
252 36
302 96
202 43
253 47
251 13
303 50
203 61
254 15
252 11
304 45
204 91
255 22
253 13
305 25
205 90
256 95
254 72
306 76
206 91
257 40
255 78
307 48
207 85
258 37
256 72
308 45
208 44
259 34
257 43
309 82
209 99
260 14
258 59
310 58
210 25
261 45
259 95
311 31
211 68
262 90
260 83
312 56
212 27
263 39
261 18
313 41
213 79
264 47
262 18
314 16
214 56
265 56
263 60
315 66
215 13
266 28
264 73
316 23
216 55
267 46
265 92
317 59
217 92
268 83
266 35
318 28
218 30
269 70
267 84
319 13
219 42
270 48
268 82
320 46
220 28
271 50
269 55
321 60
221 84
272 85
270 67
322 49
222 100
273 23
271 78
323 96
223 21
274 89
272 46
324 81
224 92
275 33
273 66
325 83
225 23
276 73
274 36
326 63
226 52
277 68
275 76
327 38
227 69
278 17
276 37
328 45
228 80
279 38
277 35
329 64
229 50
280 91
278 21
330 19
230 46
281 54
279 71
331 98
231 76
282 69
280 92
332 49
232 93
283 82
281 51
333 56
233 46
284 17
282 39
334 81
234 18
285 32
283 41
335 13
235 47
286 91
284 39
336 46
236 99
287 61
285 65
337 48
237 42
288 71
286 90
338 52
238 33
289 53
287 61
339 19
239 49
290 92
288 16
340 88
240 42
291 24
289 49
341 80
241 65
292 100
290 96
342 72
242 91
293 72
291 44
343 24
243 91
294 45
292 39
344 63
244 55
295 19
293 98
345 78
245 40
296 77
294 92
346 10
246 65
297 11
295 26
347 47
247 31
298 49
296 63
348 43
248 82
299 76
297 85
349 22
249 72
300 54
298 51
350 95
250 20
299 13
351 74
251 37
302 74
352 63
252 94
303 90
301 87
353 94
253 42
304 56
302 38
354 52
254 35
305 15
303 37
355 44
255 52
306 23
304 68
356 96
256 73
307 72
305 74
357 64
257 44
308 40
306 55
358 15
258 54
309 98
307 53
359 98
259 96
310 94
308 15
360 26
260 12
311 85
309 77
361 43
261 14
312 83
310 62
362 67
262 44
313 78
311 16
363 21
263 60
314 57
312 62
364 28
264 92
315 60
313 83
365 60
265 99
316 10
314 12
366 97
266 34
317 92
315 19
367 84
267 64
318 68
316 88
368 13
268 90
319 42
317 43
369 11
269 66
320 47
318 70
370 92
270 45
321 96
319 41
371 29
271 56
322 57
320 69
372 36
272 93
323 83
321 66
373 96
273 38
324 99
322 89
374 56
274 80
325 76
323 91
375 95
275 39
326 89
324 51
376 57
276 10
327 35
325 54
377 85
277 21
328 24
326 99
378 53
278 15
329 48
327 14
379 69
279 87
330 94
328 54
380 48
280 34
331 15
329 49
381 58
281 95
332 38
330 55
382 80
282 63
333 53
331 63
383 38
283 87
334 22
332 68
384 35
284 50
335 87
333 63
385 11
285 92
336 49
334 84
386 51
286 79
337 77
335 10
387 59
287 77
338 16
336 30
388 85
288 80
339 94
337 27
389 53
289 23
340 69
338 57
390 20
290 94
341 80
339 22
391 47
291 46
342 13
340 62
392 36
292 49
343 95
341 65
393 45
293 49
344 31
342 45
394 77
294 44
345 96
343 26
395 86
295 79
346 54
344 32
396 17
296 68
347 93
345 62
397 92
297 12
348 66
346 99
398 78
298 72
349 67
347 42
399 97
299 86
350 73
348 40
400 64
300 90
349 46
401 35
301 68
352 22
402 29
302 93
353 78
351 11
403 41
303 32
354 58
352 68
404 57
304 37
355 14
353 83
405 85
305 16
356 64
354 51
406 10
306 83
357 25
355 21
407 86
307 35
358 98
356 40
408 40
308 75
359 78
357 57
409 34
309 96
360 89
358 16
410 90
310 85
361 77
359 50
411 79
311 57
362 38
360 81
412 25
312 57
363 11
361 94
413 14
313 93
364 83
362 84
414 25
314 55
365 37
363 35
415 16
315 50
366 62
364 74
416 64
316 66
367 37
365 27
417 25
317 64
368 41
366 14
418 62
318 60
369 64
367 84
419 80
319 48
370 59
368 22
420 49
320 48
371 46
369 87
421 65
321 65
372 77
370 98
422 65
322 38
373 62
371 46
423 10
323 14
374 97
372 35
424 50
324 36
375 41
373 37
425 62
325 70
376 17
374 68
426 46
326 50
377 71
375 83
427 11
327 42
378 63
376 62
428 40
328 100
379 47
377 69
429 54
329 35
380 37
378 62
430 73
330 62
381 76
379 32
431 36
331 35
382 92
380 98
432 90
332 53
383 23
381 79
433 35
333 61
384 13
382 87
434 78
334 51
385 42
383 17
435 63
335 20
386 92
384 33
436 54
336 69
387 69
385 54
437 59
337 75
388 17
386 11
438 64
338 86
389 62
387 85
439 53
339 97
390 11
388 34
440 80
340 56
391 54
389 71
441 32
341 92
392 66
390 64
442 67
342 26
393 80
391 13
443 28
343 50
394 58
392 52
444 68
344 98
395 26
393 69
445 39
345 15
396 24
394 66
446 58
346 65
397 14
395 38
447 66
347 38
398 79
396 25
448 83
348 67
399 100
397 14
449 83
349 66
400 72
398 22
450 26
350 20
399 31
451 15
351 54
402 22
452 42
352 92
403 71
401 61
453 82
353 26
404 94
402 89
454 85
354 97
405 79
403 92
455 66
355 57
406 72
404 12
456 94
356 62
407 13
405 49
457 69
357 52
408 61
406 63
458 39
358 27
409 69
407 10
459 44
359 56
410 68
408 100
460 39
360 28
411 43
409 42
461 100
361 21
412 96
410 26
462 58
362 32
413 83
411 13
463 94
363 87
414 71
412 65
464 29
364 50
415 36
413 41
465 75
365 68
416 24
414 12
466 80
366 42
417 37
415 83
467 54
367 71
418 67
416 44
468 100
368 18
419 10
417 99
469 82
369 75
420 27
418 72
470 42
370 86
421 39
419 33
471 49
371 56
422 34
420 37
472 79
372 78
423 88
421 78
473 71
373 39
424 28
422 76
474 60
374 86
425 83
423 74
475 48
375 23
426 50
424 12
476 38
376 56
427 81
425 86
477 28
377 84
428 32
426 25
478 14
378 33
429 89
427 29
479 51
379 24
430 40
428 70
480 34
380 67
431 63
429 48
481 79
381 68
432 10
430 76
482 91
382 93
433 34
431 31
483 25
383 68
434 63
432 74
484 49
384 36
435 43
433 47
485 68
385 39
436 40
434 91
486 14
386 30
437 88
435 90
487 79
387 20
438 57
436 11
488 57
388 14
439 27
437 11
489 41
389 16
440 74
438 32
490 85
390 79
441 27
439 62
491 10
391 12
442 85
440 75
492 85
392 75
443 80
441 95
493 77
393 13
444 82
442 11
494 94
394 58
445 37
443 29
495 34
395 88
446 45
444 78
496 87
396 62
447 31
445 90
497 63
397 64
448 60
446 15
498 26
398 94
449 99
447 98
499 60
399 72
450 73
448 62
500 24
400 90
449 44
501 57
401 69
452 14
502 95
402 80
453 39
451 74
503 77
403 52
454 90
452 83
504 67
404 83
455 15
453 26
505 10
405 15
456 73
454 73
506 46
406 48
457 50
455 87
507 67
407 89
458 53
456 52
508 41
408 92
459 26
457 38
509 58
409 14
460 97
458 40
510 74
410 19
461 71
459 29
511 41
411 59
462 98
460 35
512 26
412 39
463 15
461 70
513 70
413 40
464 48
462 21
514 89
414 41
465 35
463 84
515 29
415 48
466 91
464 59
516 79
416 76
467 94
465 24
517 76
417 43
468 40
466 91
518 50
418 18
469 88
467 46
519 99
419 22
470 93
468 10
520 91
420 75
471 98
469 67
521 16
421 16
472 26
470 65
522 21
422 11
473 43
471 13
523 49
423 55
474 42
472 34
524 86
424 77
475 43
473 25
525 77
425 92
476 43
474 58
526 88
426 40
477 53
475 52
527 19
427 48
478 74
476 41
528 80
428 84
479 63
477 89
529 59
429 42
480 38
478 84
530 85
430 70
481 77
479 26
531 78
431 97
482 68
480 67
532 30
432 22
483 40
481 26
533 43
433 95
484 85
482 14
534 49
434 74
485 80
483 34
535 94
435 17
486 28
484 17
536 53
436 90
487 37
485 98
537 15
437 26
488 50
486 13
538 77
438 28
489 36
487 24
539 57
439 70
490 68
488 84
540 88
440 96
491 11
489 30
541 65
441 31
492 38
490 97
542 73
442 49
493 50
491 73
543 29
443 86
494 84
492 10
544 67
444 47
495 58
493 81
545 25
445 70
496 48
494 93
546 19
446 58
497 39
495 57
547 91
447 13
498 23
496 66
548 42
448 67
499 25
497 75
549 67
449 91
500 36
498 95
550 46
450 79
499 69
551 48
451 66
502 40
552 26
452 23
503 98
501 33
553 16
453 16
504 72
502 60
554 74
454 31
505 89
503 39
555 81
455 79
506 27
504 87
556 48
456 25
507 50
505 80
557 42
457 58
508 41
506 68
558 18
458 27
509 54
507 15
559 72
459 73
510 42
508 49
560 11
460 50
511 19
509 84
561 90
461 54
512 46
510 91
562 57
462 97
513 36
511 38
563 70
463 100
514 32
512 12
564 69
464 27
515 42
513 45
565 49
465 30
516 77
514 48
566 13
466 57
517 86
515 48
567 13
467 72
518 25
516 57
568 58
468 69
519 45
517 35
569 93
469 78
520 17
518 75
570 77
470 99
521 30
519 81
571 92
471 30
522 15
520 22
572 62
472 87
523 69
521 43
573 38
473 63
524 75
522 82
574 51
474 11
525 41
523 52
575 71
475 16
526 89
524 18
576 18
476 75
527 25
525 24
577 91
477 28
528 91
526 89
578 19
478 21
529 37
527 37
579 97
479 64
530 27
528 17
580 85
480 72
531 26
529 30
581 26
481 29
532 31
530 90
582 86
482 73
533 19
531 90
583 80
483 74
534 91
532 90
584 78
484 78
535 17
533 80
585 58
485 96
536 95
534 86
586 18
486 59
537 77
535 21
587 72
487 34
538 80
536 70
588 16
488 39
539 31
537 75
589 97
489 18
540 80
538 24
590 62
490 90
541 12
539 42
591 96
491 56
542 94
540 57
592 23
492 11
543 46
541 59
593 86
493 93
544 95
542 60
594 97
494 66
545 87
543 19
595 53
495 63
546 31
544 17
596 96
496 60
547 69
545 48
597 69
497 80
548 55
546 33
598 11
498 74
549 79
547 19
599 14
499 32
550 52
548 43
600 64
500 90
549 98
501 100
552 51
502 77
553 18
551 39
503 35
554 100
552 55
504 77
555 20
553 28
505 81
556 85
554 71
506 23
557 74
555 93
507 79
558 39
556 67
508 48
559 53
557 52
509 86
560 89
558 55
510 83
561 57
559 49
511 98
562 83
560 93
512 98
563 22
561 42
513 94
564 44
562 92
514 78
565 70
563 80
515 27
566 97
564 51
516 41
567 88
565 26
517 51
568 39
566 88
518 100
569 24
567 72
519 91
570 98
568 81
520 18
571 26
569 43
521 19
572 53
570 52
522 70
573 79
571 59
523 84
574 94
572 50
524 31
575 45
573 43
525 46
576 96
574 17
526 42
577 10
575 12
527 11
578 78
576 14
528 68
579 65
577 18
529 47
580 30
578 92
530 14
581 54
579 25
531 22
582 46
580 86
532 86
583 74
581 67
533 80
584 17
582 95
534 19
585 98
583 37
535 51
586 32
584 88
536 21
587 14
585 72
537 73
588 77
586 42
538 27
589 23
587 43
539 74
590 55
588 86
540 71
591 33
589 73
541 78
592 94
590 72
542 93
593 96
591 80
543 86
594 51
592 98
544 92
595 78
593 10
545 16
596 59
594 49
546 66
597 59
595 36
547 38
598 100
596 97
548 26
599 15
597 91
549 53
600 59
598 65
550 82
599 45
425
274
2 351 425 
2 179 439 
2 238 577 
3 441 463 413 
2 79 581 
2 261 143 
1 396 
2 517 420 
1 397 
3 21 387 132 
2 29 310 
3 110 208 590 
3 244 525 212 
3 280 295 384 
3 334 30 219 
2 512 251 
1 484 
1 135 
1 473 
1 49 
2 430 55 
3 68 411 273 
2 70 385 
1 568 
1 19 
1 551 
1 201 
3 421 511 129 
1 451 
1 515 
2 561 233 
2 320 400 
2 90 184 
2 409 92 
2 377 342 
1 84 
1 316 
1 586 
1 378 
2 171 196 
2 138 410 
2 229 325 
1 462 
2 148 185 
2 528 564 
2 199 429 
1 97 
2 549 456 
2 454 50 
1 600 
2 494 386 
3 333 43 443 
2 307 555 
2 158 217 
3 41 33 544 
2 87 504 
3 47 165 491 
1 160 
1 283 
1 314 
2 389 588 
1 558 
3 193 533 24 
2 83 259 
2 566 597 
2 186 161 
2 498 466 
1 96 
1 150 
1 382 
1 105 
2 245 12 
2 468 416 
1 300 
2 488 589 
1 445 
1 308 
2 519 292 
3 133 303 502 
2 371 86 
1 119 
1 471 
2 285 399 
4 20 137 264 360 
4 67 472 414 329 
1 136 
2 94 144 
1 182 
1 422 
2 71 192 
3 223 296 479 
1 395 
1 571 
1 168 
1 226 
4 293 13 4 574 
2 305 336 
4 242 426 18 359 
3 497 85 302 
2 444 147 
4 159 69 74 278 
2 40 538 
1 355 
2 299 434 
1 108 
2 423 510 
1 127 
3 569 547 446 
2 93 288 
2 247 318 
2 500 175 
1 383 
2 467 78 
1 274 
