196 728 10 100 37
2
3
3
3
3
3
3
3
3
3
3
3
3
2
3
4
4
4
4
4
4
4
4
4
4
4
4
3
3
4
4
4
4
4
4
4
4
4
4
4
4
3
3
4
4
4
4
4
4
4
4
4
4
4
4
3
3
4
4
4
4
4
4
4
4
4
4
4
4
3
3
4
4
4
4
4
4
4
4
4
4
4
4
3
3
4
4
4
4
4
4
4
4
4
4
4
4
3
3
4
4
4
4
4
4
4
4
4
4
4
4
3
3
4
4
4
4
4
4
4
4
4
4
4
4
3
3
4
4
4
4
4
4
4
4
4
4
4
4
3
3
4
4
4
4
4
4
4
4
4
4
4
4
3
3
4
4
4
4
4
4
4
4
4
4
4
4
3
3
4
4
4
4
4
4
4
4
4
4
4
4
3
2
3
3
3
3
3
3
3
3
3
3
3
3
2
15 11
2 29
16 72
3 15
1 49
17 34
4 95
2 66
18 32
5 19
3 16
19 60
6 44
4 73
20 61
7 45
5 36
21 15
8 13
6 42
22 74
9 92
7 38
23 72
10 77
8 89
24 11
11 14
9 54
25 13
12 80
10 36
26 82
13 33
11 88
27 75
14 77
12 11
28 80
13 83
29 75
1 16
16 72
30 82
2 88
17 56
15 17
31 54
3 45
18 29
16 41
32 18
4 20
19 11
17 65
33 82
5 18
20 37
18 53
34 22
6 39
21 78
19 61
35 61
7 53
22 34
20 88
36 91
8 61
23 60
21 52
37 72
9 17
24 83
22 47
38 24
10 88
25 17
23 22
39 24
11 29
26 61
24 60
40 84
12 45
27 83
25 57
41 10
13 19
28 99
26 40
42 73
14 38
27 47
43 52
15 78
30 68
44 38
16 96
31 98
29 37
45 35
17 79
32 41
30 56
46 26
18 29
33 17
31 30
47 96
19 36
34 75
32 33
48 98
20 56
35 76
33 100
49 64
21 15
36 30
34 43
50 67
22 49
37 100
35 43
51 34
23 37
38 37
36 39
52 27
24 22
39 69
37 41
53 54
25 25
40 28
38 75
54 42
26 20
41 23
39 93
55 84
27 73
42 60
40 63
56 45
28 32
41 48
57 79
29 44
44 18
58 95
30 87
45 80
43 50
59 25
31 90
46 77
44 34
60 64
32 65
47 77
45 49
61 71
33 92
48 25
46 94
62 21
34 29
49 38
47 40
63 80
35 78
50 66
48 28
64 21
36 90
51 59
49 20
65 82
37 13
52 21
50 100
66 67
38 31
53 44
51 75
67 18
39 29
54 93
52 67
68 71
40 74
55 83
53 22
69 68
41 87
56 62
54 65
70 50
42 16
55 69
71 57
43 42
58 28
72 57
44 68
59 60
57 21
73 52
45 96
60 55
58 27
74 65
46 37
61 13
59 40
75 67
47 90
62 82
60 10
76 41
48 36
63 82
61 86
77 65
49 29
64 99
62 97
78 36
50 82
65 54
63 96
79 24
51 54
66 36
64 42
80 65
52 85
67 31
65 71
81 62
53 62
68 91
66 37
82 96
54 75
69 16
67 14
83 70
55 92
70 28
68 55
84 36
56 43
69 94
85 56
57 32
72 43
86 62
58 99
73 57
71 74
87 27
59 22
74 11
72 91
88 90
60 28
75 54
73 79
89 15
61 71
76 80
74 67
90 59
62 96
77 92
75 76
91 100
63 93
78 19
76 40
92 94
64 99
79 87
77 45
93 76
65 60
80 92
78 67
94 61
66 95
81 40
79 23
95 18
67 47
82 40
80 49
96 86
68 97
83 36
81 40
97 20
69 47
84 31
82 12
98 33
70 16
83 55
99 96
71 84
86 77
100 16
72 75
87 75
85 92
101 90
73 80
88 37
86 66
102 83
74 12
89 82
87 28
103 15
75 80
90 54
88 67
104 46
76 100
91 85
89 12
105 30
77 50
92 81
90 42
106 99
78 28
93 99
91 56
107 31
79 83
94 40
92 11
108 62
80 13
95 65
93 84
109 93
81 98
96 60
94 53
110 58
82 85
97 22
95 25
111 46
83 18
98 24
96 17
112 12
84 52
97 68
113 29
85 63
100 68
114 52
86 11
101 58
99 58
115 90
87 27
102 46
100 62
116 16
88 58
103 23
101 40
117 70
89 75
104 27
102 70
118 54
90 79
105 52
103 83
119 81
91 37
106 56
104 11
120 89
92 84
107 90
105 99
121 77
93 61
108 44
106 52
122 14
94 50
109 70
107 35
123 37
95 23
110 88
108 88
124 51
96 38
111 95
109 48
125 83
97 76
112 19
110 60
126 24
98 87
111 49
127 46
99 65
114 37
128 100
100 77
115 29
113 22
129 92
101 45
116 61
114 12
130 21
102 67
117 34
115 78
131 33
103 13
118 92
116 77
132 87
104 37
119 91
117 19
133 97
105 96
120 44
118 17
134 31
106 78
121 25
119 31
135 89
107 58
122 66
120 68
136 24
108 50
123 78
121 14
137 26
109 79
124 59
122 95
138 76
110 80
125 73
123 27
139 18
111 26
126 78
124 44
140 54
112 75
125 84
141 15
113 40
128 79
142 82
114 20
129 32
127 92
143 59
115 16
130 99
128 69
144 93
116 45
131 80
129 57
145 38
117 16
132 24
130 17
146 28
118 14
133 62
131 55
147 42
119 81
134 16
132 61
148 43
120 48
135 56
133 16
149 49
121 36
136 20
134 66
150 75
122 30
137 73
135 83
151 93
123 27
138 36
136 47
152 28
124 18
139 100
137 29
153 97
125 78
140 19
138 70
154 88
126 36
139 79
155 27
127 74
142 73
156 44
128 48
143 70
141 91
157 14
129 59
144 59
142 73
158 26
130 46
145 79
143 73
159 48
131 89
146 43
144 54
160 69
132 99
147 40
145 55
161 95
133 99
148 46
146 43
162 70
134 82
149 11
147 23
163 48
135 26
150 87
148 57
164 92
136 84
151 53
149 48
165 53
137 90
152 30
150 67
166 50
138 88
153 25
151 53
167 40
139 29
154 75
152 98
168 66
140 14
153 68
169 68
141 70
156 65
170 40
142 39
157 24
155 94
171 80
143 29
158 40
156 51
172 10
144 16
159 37
157 85
173 83
145 17
160 61
158 91
174 10
146 59
161 37
159 68
175 25
147 82
162 97
160 14
176 71
148 80
163 41
161 78
177 70
149 23
164 67
162 90
178 82
150 46
165 63
163 26
179 22
151 55
166 14
164 55
180 51
152 32
167 66
165 51
181 14
153 88
168 73
166 59
182 79
154 21
167 100
183 65
155 15
170 62
184 53
156 42
171 42
169 55
185 87
157 60
172 18
170 15
186 47
158 25
173 15
171 99
187 57
159 46
174 71
172 54
188 95
160 79
175 32
173 81
189 96
161 92
176 28
174 48
190 27
162 23
177 77
175 71
191 95
163 27
178 33
176 12
192 20
164 75
179 31
177 69
193 47
165 46
180 18
178 86
194 64
166 68
181 73
179 52
195 47
167 73
182 18
180 67
196 41
168 48
181 64
169 56
184 75
170 25
185 94
183 98
171 17
186 95
184 57
172 19
187 60
185 91
173 42
188 16
186 77
174 14
189 83
187 49
175 57
190 87
188 95
176 80
191 86
189 54
177 27
192 51
190 59
178 74
193 35
191 20
179 91
194 22
192 65
180 81
195 34
193 28
181 76
196 48
194 92
182 41
195 82
24
138
3 21 81 24 
1 112 
1 42 
2 168 187 
1 127 
2 22 148 
2 135 53 
1 115 
2 37 66 
2 136 107 
2 180 186 
1 159 
1 34 
2 141 10 
1 15 
2 27 119 
2 169 118 
1 54 
6 181 130 182 104 3 146 
3 58 156 6 
3 131 16 113 
2 195 11 
1 123 
1 9 
3 166 122 155 
2 79 64 
2 82 160 
1 32 
1 117 
2 124 191 
2 196 97 
2 106 25 
1 137 
2 8 70 
2 30 45 
1 167 
2 93 138 
