600 2276 10 100 114
2
3
3
3
3
3
3
3
3
3
3
3
3
3
3
3
3
3
3
3
3
3
3
3
3
3
3
3
3
3
3
3
3
3
3
3
3
3
3
3
3
3
3
3
3
3
3
3
3
2
3
4
4
4
4
4
4
4
4
4
4
4
4
4
4
4
4
4
4
4
4
4
4
4
4
4
4
4
4
4
4
4
4
4
4
4
4
4
4
4
4
4
4
4
4
4
4
4
4
3
3
4
4
4
4
4
4
4
4
4
4
4
4
4
4
4
4
4
4
4
4
4
4
4
4
4
4
4
4
4
4
4
4
4
4
4
4
4
4
4
4
4
4
4
4
4
4
4
4
3
3
4
4
4
4
4
4
4
4
4
4
4
4
4
4
4
4
4
4
4
4
4
4
4
4
4
4
4
4
4
4
4
4
4
4
4
4
4
4
4
4
4
4
4
4
4
4
4
4
3
3
4
4
4
4
4
4
4
4
4
4
4
4
4
4
4
4
4
4
4
4
4
4
4
4
4
4
4
4
4
4
4
4
4
4
4
4
4
4
4
4
4
4
4
4
4
4
4
4
3
3
4
4
4
4
4
4
4
4
4
4
4
4
4
4
4
4
4
4
4
4
4
4
4
4
4
4
4
4
4
4
4
4
4
4
4
4
4
4
4
4
4
4
4
4
4
4
4
4
3
3
4
4
4
4
4
4
4
4
4
4
4
4
4
4
4
4
4
4
4
4
4
4
4
4
4
4
4
4
4
4
4
4
4
4
4
4
4
4
4
4
4
4
4
4
4
4
4
4
3
3
4
4
4
4
4
4
4
4
4
4
4
4
4
4
4
4
4
4
4
4
4
4
4
4
4
4
4
4
4
4
4
4
4
4
4
4
4
4
4
4
4
4
4
4
4
4
4
4
3
3
4
4
4
4
4
4
4
4
4
4
4
4
4
4
4
4
4
4
4
4
4
4
4
4
4
4
4
4
4
4
4
4
4
4
4
4
4
4
4
4
4
4
4
4
4
4
4
4
3
3
4
4
4
4
4
4
4
4
4
4
4
4
4
4
4
4
4
4
4
4
4
4
4
4
4
4
4
4
4
4
4
4
4
4
4
4
4
4
4
4
4
4
4
4
4
4
4
4
3
3
4
4
4
4
4
4
4
4
4
4
4
4
4
4
4
4
4
4
4
4
4
4
4
4
4
4
4
4
4
4
4
4
4
4
4
4
4
4
4
4
4
4
4
4
4
4
4
4
3
2
3
3
3
3
3
3
3
3
3
3
3
3
3
3
3
3
3
3
3
3
3
3
3
3
3
3
3
3
3
3
3
3
3
3
3
3
3
3
3
3
3
3
3
3
3
3
3
3
2
51 52
2 29
52 40
3 61
1 81
53 84
4 12
2 91
54 79
5 17
3 69
55 26
6 25
4 55
56 54
7 91
5 18
57 19
8 37
6 11
58 90
9 64
7 85
59 16
10 90
8 18
60 36
11 60
9 24
61 74
12 84
10 47
62 89
13 94
11 40
63 72
14 42
12 10
64 62
15 76
13 24
65 79
16 66
14 98
66 81
17 16
15 27
67 34
18 76
16 85
68 27
19 69
17 50
69 67
20 59
18 51
70 91
21 69
19 40
71 40
22 94
20 78
72 12
23 77
21 24
73 53
24 15
22 77
74 60
25 46
23 48
75 16
26 17
24 53
76 43
27 11
25 61
77 64
28 48
26 88
78 37
29 57
27 53
79 98
30 49
28 42
80 76
31 99
29 66
81 64
32 84
30 70
82 64
33 58
31 37
83 53
34 83
32 69
84 35
35 59
33 21
85 87
36 59
34 47
86 13
37 20
35 25
87 62
38 36
36 28
88 39
39 43
37 66
89 90
40 18
38 65
90 73
41 41
39 34
91 23
42 26
40 40
92 18
43 15
41 90
93 17
44 46
42 85
94 33
45 56
43 87
95 22
46 41
44 22
96 87
47 63
45 100
97 85
48 51
46 95
98 22
49 74
47 93
99 58
50 70
48 41
100 38
49 50
101 39
1 99
52 40
102 62
2 95
53 73
51 34
103 78
3 33
54 30
52 54
104 40
4 89
55 63
53 99
105 68
5 27
56 14
54 59
106 33
6 12
57 57
55 80
107 44
7 67
58 96
56 92
108 71
8 92
59 96
57 85
109 12
9 60
60 94
58 59
110 61
10 62
61 20
59 78
111 100
11 98
62 78
60 82
112 93
12 55
63 44
61 78
113 35
13 54
64 19
62 88
114 83
14 36
65 76
63 54
115 68
15 28
66 77
64 57
116 10
16 80
67 48
65 27
117 15
17 76
68 30
66 34
118 100
18 92
69 15
67 70
119 38
19 63
70 49
68 64
120 69
20 100
71 100
69 18
121 88
21 45
72 57
70 36
122 80
22 74
73 58
71 43
123 89
23 73
74 27
72 33
124 85
24 91
75 61
73 11
125 76
25 52
76 83
74 14
126 26
26 11
77 55
75 88
127 61
27 25
78 45
76 49
128 97
28 11
79 89
77 11
129 31
29 18
80 56
78 49
130 71
30 37
81 37
79 49
131 20
31 14
82 99
80 92
132 66
32 59
83 68
81 18
133 58
33 26
84 15
82 75
134 22
34 53
85 34
83 90
135 92
35 85
86 54
84 32
136 46
36 93
87 13
85 32
137 65
37 69
88 40
86 88
138 20
38 56
89 44
87 94
139 52
39 70
90 60
88 87
140 96
40 62
91 71
89 79
141 60
41 90
92 52
90 42
142 31
42 52
93 22
91 56
143 58
43 46
94 88
92 27
144 49
44 79
95 56
93 53
145 28
45 44
96 26
94 38
146 87
46 13
97 46
95 32
147 45
47 39
98 94
96 69
148 56
48 81
99 68
97 14
149 37
49 27
100 10
98 88
150 56
50 38
99 19
151 98
51 27
102 98
152 62
52 90
103 54
101 33
153 73
53 22
104 13
102 84
154 43
54 25
105 47
103 70
155 69
55 50
106 40
104 44
156 68
56 33
107 100
105 20
157 62
57 82
108 87
106 38
158 65
58 69
109 48
107 40
159 96
59 50
110 68
108 40
160 61
60 55
111 91
109 44
161 94
61 36
112 53
110 98
162 74
62 62
113 100
111 75
163 87
63 62
114 35
112 33
164 72
64 21
115 32
113 70
165 25
65 90
116 95
114 86
166 46
66 99
117 13
115 12
167 16
67 40
118 97
116 65
168 67
68 51
119 52
117 81
169 70
69 21
120 42
118 19
170 27
70 98
121 45
119 85
171 69
71 98
122 99
120 42
172 34
72 75
123 46
121 53
173 39
73 13
124 89
122 45
174 40
74 87
125 15
123 26
175 26
75 18
126 89
124 84
176 89
76 100
127 20
125 53
177 18
77 22
128 46
126 52
178 67
78 82
129 18
127 20
179 85
79 37
130 49
128 79
180 26
80 17
131 61
129 22
181 52
81 32
132 68
130 32
182 25
82 80
133 35
131 46
183 81
83 34
134 29
132 82
184 68
84 50
135 64
133 33
185 29
85 20
136 72
134 26
186 28
86 61
137 61
135 66
187 17
87 55
138 90
136 37
188 61
88 96
139 46
137 81
189 51
89 53
140 68
138 66
190 90
90 80
141 32
139 61
191 13
91 35
142 51
140 37
192 28
92 10
143 38
141 75
193 75
93 84
144 90
142 55
194 58
94 28
145 93
143 100
195 62
95 18
146 30
144 73
196 27
96 20
147 77
145 45
197 52
97 55
148 38
146 83
198 20
98 94
149 74
147 86
199 96
99 98
150 84
148 14
200 89
100 90
149 86
201 86
101 54
152 57
202 23
102 77
153 88
151 34
203 75
103 18
154 13
152 79
204 91
104 22
155 46
153 62
205 58
105 22
156 86
154 56
206 99
106 68
157 24
155 95
207 60
107 92
158 36
156 80
208 97
108 23
159 57
157 78
209 27
109 76
160 93
158 55
210 83
110 38
161 79
159 43
211 38
111 77
162 26
160 30
212 33
112 49
163 95
161 85
213 64
113 66
164 27
162 13
214 61
114 58
165 74
163 55
215 96
115 54
166 52
164 86
216 92
116 98
167 44
165 86
217 54
117 71
168 44
166 96
218 27
118 88
169 99
167 77
219 58
119 27
170 19
168 21
220 13
120 80
171 27
169 93
221 30
121 19
172 31
170 33
222 69
122 32
173 17
171 97
223 73
123 30
174 84
172 31
224 92
124 20
175 13
173 15
225 31
125 75
176 86
174 50
226 67
126 82
177 61
175 61
227 61
127 21
178 33
176 20
228 10
128 16
179 99
177 10
229 55
129 40
180 65
178 22
230 36
130 78
181 61
179 14
231 39
131 84
182 12
180 55
232 50
132 69
183 51
181 69
233 51
133 65
184 86
182 85
234 83
134 13
185 65
183 75
235 46
135 25
186 67
184 33
236 10
136 36
187 58
185 23
237 17
137 96
188 30
186 64
238 60
138 76
189 70
187 23
239 29
139 80
190 46
188 18
240 64
140 91
191 48
189 57
241 26
141 49
192 69
190 23
242 14
142 30
193 66
191 94
243 81
143 35
194 70
192 74
244 91
144 76
195 14
193 31
245 98
145 73
196 100
194 24
246 17
146 62
197 71
195 50
247 15
147 87
198 54
196 12
248 96
148 67
199 74
197 96
249 54
149 64
200 19
198 34
250 59
150 34
199 28
251 82
151 24
202 96
252 61
152 16
203 68
201 53
253 53
153 83
204 66
202 69
254 33
154 55
205 40
203 44
255 34
155 26
206 28
204 94
256 41
156 23
207 82
205 40
257 14
157 50
208 46
206 10
258 61
158 63
209 83
207 11
259 16
159 14
210 27
208 49
260 34
160 93
211 78
209 98
261 41
161 46
212 79
210 71
262 62
162 15
213 39
211 83
263 97
163 76
214 97
212 77
264 16
164 99
215 61
213 83
265 56
165 95
216 36
214 53
266 22
166 82
217 69
215 85
267 91
167 95
218 17
216 54
268 29
168 92
219 90
217 48
269 99
169 95
220 13
218 79
270 48
170 56
221 72
219 15
271 80
171 93
222 21
220 98
272 60
172 10
223 38
221 38
273 65
173 57
224 50
222 84
274 72
174 22
225 97
223 80
275 51
175 63
226 75
224 26
276 36
176 64
227 22
225 50
277 88
177 32
228 36
226 69
278 71
178 42
229 58
227 63
279 65
179 44
230 69
228 98
280 77
180 11
231 84
229 96
281 42
181 22
232 45
230 30
282 13
182 64
233 32
231 94
283 62
183 81
234 81
232 34
284 51
184 99
235 37
233 77
285 47
185 29
236 84
234 13
286 17
186 79
237 65
235 64
287 54
187 17
238 93
236 18
288 29
188 93
239 36
237 15
289 30
189 20
240 17
238 29
290 88
190 66
241 81
239 61
291 55
191 77
242 45
240 28
292 78
192 34
243 71
241 41
293 78
193 61
244 98
242 82
294 91
194 22
245 44
243 72
295 35
195 83
246 24
244 12
296 56
196 36
247 40
245 35
297 18
197 44
248 44
246 78
298 47
198 33
249 26
247 63
299 50
199 50
250 23
248 28
300 74
200 84
249 86
301 21
201 74
252 82
302 40
202 51
253 34
251 79
303 19
203 91
254 15
252 32
304 38
204 69
255 70
253 44
305 44
205 18
256 79
254 90
306 56
206 63
257 23
255 91
307 44
207 68
258 66
256 49
308 14
208 88
259 49
257 11
309 95
209 71
260 62
258 71
310 96
210 72
261 23
259 87
311 98
211 99
262 56
260 37
312 55
212 69
263 31
261 29
313 44
213 51
264 31
262 16
314 39
214 36
265 53
263 30
315 46
215 48
266 62
264 47
316 86
216 82
267 77
265 91
317 64
217 68
268 43
266 54
318 89
218 96
269 14
267 31
319 60
219 80
270 76
268 96
320 100
220 97
271 95
269 71
321 60
221 55
272 49
270 21
322 28
222 37
273 95
271 18
323 73
223 25
274 62
272 25
324 35
224 56
275 88
273 14
325 76
225 29
276 25
274 89
326 40
226 56
277 83
275 69
327 47
227 68
278 29
276 28
328 61
228 31
279 100
277 93
329 88
229 71
280 37
278 31
330 38
230 60
281 78
279 11
331 85
231 13
282 65
280 97
332 34
232 37
283 27
281 41
333 73
233 51
284 54
282 94
334 45
234 33
285 28
283 77
335 41
235 89
286 78
284 24
336 35
236 33
287 68
285 56
337 48
237 49
288 23
286 54
338 90
238 97
289 43
287 35
339 55
239 66
290 63
288 17
340 28
240 85
291 92
289 96
341 99
241 37
292 10
290 91
342 64
242 79
293 50
291 73
343 39
243 38
294 45
292 54
344 17
244 86
295 75
293 99
345 15
245 33
296 93
294 40
346 89
246 60
297 88
295 37
347 75
247 29
298 25
296 26
348 21
248 73
299 44
297 77
349 36
249 81
300 95
298 48
350 43
250 18
299 14
351 42
251 100
302 13
352 32
252 96
303 32
301 35
353 54
253 65
304 40
302 25
354 87
254 35
305 66
303 24
355 19
255 58
306 11
304 56
356 28
256 74
307 42
305 92
357 29
257 67
308 11
306 89
358 15
258 85
309 68
307 10
359 43
259 36
310 29
308 49
360 38
260 39
311 29
309 97
361 95
261 59
312 44
310 77
362 98
262 49
313 68
311 42
363 17
263 96
314 84
312 74
364 47
264 79
315 90
313 54
365 87
265 16
316 48
314 11
366 89
266 41
317 13
315 74
367 48
267 88
318 56
316 31
368 99
268 25
319 82
317 57
369 71
269 97
320 81
318 94
370 91
270 51
321 84
319 56
371 14
271 58
322 98
320 59
372 65
272 25
323 45
321 83
373 71
273 27
324 93
322 75
374 75
274 83
325 33
323 85
375 47
275 22
326 41
324 31
376 55
276 86
327 83
325 63
377 60
277 76
328 15
326 53
378 12
278 89
329 77
327 74
379 42
279 74
330 54
328 98
380 93
280 95
331 18
329 64
381 53
281 71
332 28
330 72
382 52
282 92
333 88
331 61
383 26
283 36
334 70
332 45
384 75
284 79
335 94
333 37
385 74
285 96
336 67
334 45
386 25
286 99
337 57
335 85
387 99
287 37
338 27
336 94
388 78
288 86
339 29
337 23
389 12
289 51
340 55
338 43
390 32
290 27
341 64
339 31
391 97
291 79
342 54
340 43
392 79
292 62
343 11
341 83
393 100
293 61
344 37
342 63
394 31
294 54
345 22
343 88
395 81
295 86
346 15
344 30
396 11
296 23
347 39
345 80
397 76
297 53
348 50
346 87
398 81
298 18
349 12
347 64
399 59
299 16
350 48
348 33
400 93
300 60
349 24
401 59
301 26
352 23
402 50
302 64
353 58
351 35
403 64
303 41
354 72
352 88
404 54
304 28
355 25
353 81
405 79
305 66
356 74
354 73
406 74
306 72
357 11
355 82
407 26
307 50
358 62
356 11
408 53
308 16
359 41
357 85
409 48
309 78
360 27
358 81
410 13
310 58
361 58
359 64
411 52
311 69
362 92
360 19
412 78
312 89
363 17
361 56
413 18
313 20
364 75
362 100
414 76
314 72
365 25
363 64
415 66
315 45
366 69
364 10
416 66
316 10
367 52
365 24
417 31
317 92
368 49
366 52
418 14
318 16
369 28
367 49
419 100
319 62
370 58
368 73
420 27
320 73
371 51
369 88
421 79
321 93
372 84
370 79
422 24
322 87
373 39
371 47
423 14
323 81
374 76
372 61
424 38
324 27
375 78
373 58
425 12
325 70
376 20
374 10
426 51
326 96
377 45
375 49
427 70
327 12
378 90
376 36
428 32
328 56
379 44
377 78
429 26
329 18
380 57
378 66
430 75
330 20
381 32
379 67
431 55
331 77
382 29
380 54
432 81
332 59
383 51
381 14
433 76
333 31
384 29
382 96
434 98
334 64
385 59
383 74
435 48
335 98
386 30
384 12
436 56
336 80
387 47
385 76
437 26
337 71
388 55
386 61
438 74
338 86
389 75
387 85
439 68
339 93
390 43
388 33
440 100
340 26
391 83
389 43
441 57
341 43
392 65
390 41
442 23
342 14
393 37
391 16
443 26
343 80
394 63
392 74
444 65
344 21
395 22
393 88
445 59
345 83
396 45
394 20
446 27
346 15
397 13
395 43
447 51
347 32
398 42
396 44
448 18
348 12
399 100
397 85
449 77
349 24
400 85
398 13
450 44
350 63
399 78
451 16
351 30
402 52
452 89
352 40
403 44
401 69
453 88
353 10
404 26
402 61
454 53
354 38
405 25
403 10
455 50
355 87
406 84
404 32
456 90
356 20
407 15
405 68
457 71
357 66
408 15
406 94
458 51
358 10
409 85
407 40
459 21
359 63
410 42
408 24
460 87
360 97
411 33
409 72
461 32
361 38
412 20
410 49
462 38
362 69
413 28
411 78
463 95
363 10
414 21
412 69
464 46
364 25
415 85
413 21
465 61
365 23
416 90
414 53
466 90
366 52
417 83
415 46
467 56
367 21
418 21
416 45
468 84
368 55
419 58
417 62
469 90
369 72
420 52
418 44
470 21
370 90
421 66
419 80
471 38
371 64
422 30
420 67
472 100
372 79
423 48
421 25
473 83
373 33
424 11
422 73
474 87
374 90
425 37
423 81
475 96
375 17
426 96
424 55
476 37
376 41
427 36
425 10
477 78
377 18
428 49
426 25
478 24
378 13
429 13
427 26
479 91
379 36
430 86
428 19
480 49
380 65
431 90
429 33
481 33
381 11
432 29
430 47
482 40
382 16
433 77
431 13
483 93
383 61
434 87
432 84
484 15
384 17
435 100
433 66
485 50
385 76
436 21
434 37
486 26
386 78
437 76
435 35
487 47
387 74
438 98
436 76
488 24
388 42
439 89
437 93
489 66
389 18
440 20
438 76
490 40
390 98
441 36
439 17
491 72
391 79
442 91
440 21
492 17
392 43
443 78
441 92
493 50
393 89
444 66
442 20
494 91
394 32
445 22
443 87
495 50
395 69
446 26
444 17
496 11
396 100
447 81
445 23
497 91
397 74
448 87
446 43
498 25
398 42
449 10
447 68
499 22
399 77
450 87
448 28
500 59
400 12
449 63
501 64
401 79
452 95
502 30
402 33
453 20
451 29
503 21
403 13
454 75
452 67
504 58
404 42
455 54
453 17
505 96
405 97
456 14
454 11
506 55
406 20
457 82
455 74
507 68
407 73
458 21
456 29
508 70
408 50
459 13
457 30
509 65
409 81
460 94
458 91
510 21
410 53
461 18
459 50
511 81
411 26
462 68
460 69
512 83
412 65
463 86
461 12
513 38
413 77
464 13
462 82
514 77
414 88
465 65
463 51
515 52
415 67
466 19
464 84
516 77
416 57
467 15
465 30
517 71
417 27
468 17
466 11
518 69
418 83
469 67
467 25
519 68
419 14
470 57
468 86
520 24
420 29
471 80
469 19
521 33
421 14
472 20
470 60
522 52
422 100
473 40
471 83
523 56
423 97
474 81
472 93
524 16
424 60
475 21
473 62
525 47
425 78
476 78
474 29
526 38
426 68
477 57
475 40
527 55
427 43
478 88
476 97
528 12
428 75
479 81
477 50
529 66
429 93
480 24
478 67
530 26
430 38
481 30
479 93
531 88
431 84
482 47
480 62
532 50
432 92
483 45
481 84
533 79
433 24
484 58
482 91
534 40
434 77
485 40
483 54
535 14
435 30
486 87
484 91
536 59
436 91
487 58
485 19
537 91
437 52
488 52
486 99
538 70
438 60
489 77
487 12
539 82
439 74
490 40
488 89
540 84
440 36
491 88
489 28
541 12
441 59
492 94
490 85
542 29
442 40
493 96
491 58
543 56
443 25
494 24
492 43
544 29
444 64
495 67
493 54
545 21
445 55
496 31
494 20
546 64
446 33
497 67
495 90
547 20
447 57
498 100
496 32
548 85
448 29
499 15
497 73
549 89
449 53
500 39
498 42
550 94
450 87
499 50
551 72
451 66
502 34
552 35
452 34
503 59
501 14
553 27
453 47
504 86
502 57
554 60
454 45
505 86
503 73
555 31
455 49
506 47
504 18
556 64
456 33
507 86
505 20
557 68
457 71
508 97
506 63
558 80
458 11
509 96
507 44
559 93
459 96
510 66
508 33
560 48
460 42
511 67
509 30
561 67
461 67
512 31
510 91
562 97
462 63
513 96
511 45
563 33
463 69
514 15
512 25
564 43
464 75
515 45
513 69
565 30
465 79
516 13
514 42
566 35
466 53
517 89
515 53
567 62
467 79
518 69
516 43
568 47
468 12
519 17
517 56
569 16
469 71
520 17
518 10
570 87
470 20
521 54
519 83
571 78
471 91
522 38
520 96
572 91
472 71
523 69
521 61
573 51
473 81
524 49
522 49
574 33
474 72
525 70
523 95
575 75
475 10
526 48
524 38
576 49
476 29
527 59
525 55
577 90
477 86
528 36
526 46
578 39
478 38
529 12
527 55
579 12
479 23
530 47
528 15
580 84
480 60
531 28
529 81
581 85
481 41
532 44
530 96
582 29
482 98
533 63
531 96
583 88
483 56
534 75
532 46
584 72
484 51
535 21
533 87
585 93
485 82
536 28
534 89
586 82
486 32
537 50
535 80
587 31
487 15
538 54
536 31
588 19
488 84
539 55
537 79
589 92
489 13
540 67
538 20
590 99
490 67
541 78
539 90
591 28
491 53
542 10
540 77
592 69
492 42
543 92
541 39
593 15
493 83
544 28
542 21
594 56
494 89
545 39
543 82
595 90
495 88
546 68
544 52
596 35
496 49
547 94
545 26
597 94
497 30
548 99
546 61
598 100
498 44
549 78
547 87
599 27
499 21
550 47
548 94
600 77
500 72
549 96
501 21
552 91
502 54
553 94
551 75
503 10
554 96
552 47
504 10
555 97
553 60
505 36
556 54
554 35
506 57
557 74
555 47
507 87
558 22
556 51
508 57
559 79
557 75
509 59
560 87
558 41
510 39
561 97
559 31
511 88
562 99
560 61
512 89
563 10
561 31
513 76
564 82
562 28
514 56
565 51
563 29
515 42
566 74
564 77
516 50
567 83
565 90
517 83
568 87
566 66
518 33
569 91
567 80
519 11
570 89
568 45
520 89
571 47
569 48
521 25
572 46
570 87
522 10
573 64
571 45
523 86
574 52
572 80
524 90
575 86
573 35
525 100
576 69
574 25
526 45
577 35
575 45
527 21
578 15
576 88
528 67
579 28
577 35
529 20
580 50
578 30
530 93
581 38
579 49
531 68
582 17
580 56
532 45
583 84
581 89
533 27
584 90
582 24
534 54
585 94
583 50
535 47
586 92
584 21
536 38
587 19
585 56
537 92
588 78
586 93
538 35
589 66
587 22
539 83
590 29
588 67
540 40
591 69
589 60
541 15
592 93
590 75
542 75
593 71
591 95
543 93
594 74
592 28
544 33
595 58
593 32
545 49
596 63
594 59
546 39
597 97
595 28
547 61
598 24
596 97
548 85
599 90
597 50
549 98
600 89
598 40
550 93
599 13
495
162
3 241 198 495 
2 114 415 
2 584 313 
2 465 95 
2 282 597 
2 396 499 
2 547 14 
1 570 
1 252 
4 32 258 491 430 
2 369 454 
3 142 363 40 
3 178 36 137 
1 493 
2 53 35 
2 71 565 
1 578 
1 468 
4 66 571 589 263 
1 600 
2 568 327 
4 24 534 192 227 
1 496 
2 6 270 
4 207 384 349 449 
2 225 74 
3 521 251 160 
2 176 352 
3 191 342 47 
1 106 
4 51 470 354 288 
2 544 482 
1 149 
2 297 459 
3 204 424 422 
3 122 535 49 
3 532 307 322 
1 480 
1 377 
1 444 
1 469 
3 588 335 42 
1 429 
2 346 552 
2 134 389 
1 163 
1 423 
2 272 9 
2 127 164 
1 104 
1 195 
2 397 208 
1 511 
2 11 274 
1 246 
2 65 13 
2 202 504 
1 545 
1 190 
1 341 
2 124 197 
2 486 116 
4 298 380 236 373 
1 110 
2 229 115 
1 174 
2 536 451 
1 375 
1 233 
2 364 184 
2 209 393 
5 345 541 96 244 81 
1 187 
2 271 575 
1 524 
1 118 
1 291 
3 293 543 26 
1 100 
1 117 
2 105 443 
3 125 367 119 
3 99 523 453 
1 48 
2 582 28 
1 89 
1 226 
1 240 
2 531 58 
4 199 519 177 368 
2 185 218 
2 18 278 
2 390 594 
4 450 269 232 413 
1 145 
2 60 161 
2 140 321 
1 410 
2 527 143 
1 483 
1 383 
1 501 
1 330 
1 77 
1 564 
1 86 
1 183 
1 425 
2 141 201 
1 267 
3 315 129 513 
1 172 
2 155 448 
2 339 162 
