400 1520 10 100 76
2
3
3
3
3
3
3
3
3
3
3
3
3
3
3
3
3
3
3
2
3
4
4
4
4
4
4
4
4
4
4
4
4
4
4
4
4
4
4
3
3
4
4
4
4
4
4
4
4
4
4
4
4
4
4
4
4
4
4
3
3
4
4
4
4
4
4
4
4
4
4
4
4
4
4
4
4
4
4
3
3
4
4
4
4
4
4
4
4
4
4
4
4
4
4
4
4
4
4
3
3
4
4
4
4
4
4
4
4
4
4
4
4
4
4
4
4
4
4
3
3
4
4
4
4
4
4
4
4
4
4
4
4
4
4
4
4
4
4
3
3
4
4
4
4
4
4
4
4
4
4
4
4
4
4
4
4
4
4
3
3
4
4
4
4
4
4
4
4
4
4
4
4
4
4
4
4
4
4
3
3
4
4
4
4
4
4
4
4
4
4
4
4
4
4
4
4
4
4
3
3
4
4
4
4
4
4
4
4
4
4
4
4
4
4
4
4
4
4
3
3
4
4
4
4
4
4
4
4
4
4
4
4
4
4
4
4
4
4
3
3
4
4
4
4
4
4
4
4
4
4
4
4
4
4
4
4
4
4
3
3
4
4
4
4
4
4
4
4
4
4
4
4
4
4
4
4
4
4
3
3
4
4
4
4
4
4
4
4
4
4
4
4
4
4
4
4
4
4
3
3
4
4
4
4
4
4
4
4
4
4
4
4
4
4
4
4
4
4
3
3
4
4
4
4
4
4
4
4
4
4
4
4
4
4
4
4
4
4
3
3
4
4
4
4
4
4
4
4
4
4
4
4
4
4
4
4
4
4
3
3
4
4
4
4
4
4
4
4
4
4
4
4
4
4
4
4
4
4
3
2
3
3
3
3
3
3
3
3
3
3
3
3
3
3
3
3
3
3
2
21 73
2 29
22 54
3 19
1 69
23 64
4 32
2 11
24 12
5 32
3 20
25 18
6 72
4 12
26 48
7 95
5 68
27 28
8 91
6 79
28 94
9 57
7 53
29 39
10 74
8 49
30 12
11 65
9 88
31 70
12 59
10 83
32 62
13 97
11 60
33 28
14 42
12 75
34 92
15 23
13 64
35 19
16 46
14 52
36 23
17 62
15 87
37 15
18 54
16 19
38 28
19 96
17 63
39 12
20 89
18 69
40 55
19 86
41 13
1 15
22 10
42 69
2 52
23 37
21 56
43 29
3 92
24 60
22 86
44 12
4 58
25 69
23 42
45 66
5 83
26 79
24 63
46 50
6 56
27 50
25 98
47 70
7 29
28 21
26 59
48 66
8 43
29 23
27 31
49 23
9 27
30 56
28 79
50 32
10 49
31 51
29 88
51 80
11 84
32 58
30 66
52 64
12 95
33 58
31 37
53 96
13 83
34 46
32 66
54 70
14 12
35 39
33 28
55 16
15 65
36 25
34 88
56 15
16 92
37 63
35 89
57 26
17 67
38 63
36 37
58 12
18 81
39 54
37 30
59 11
19 70
40 74
38 99
60 20
20 94
39 55
61 18
21 38
42 46
62 37
22 67
43 68
41 38
63 63
23 88
44 91
42 36
64 54
24 99
45 50
43 100
65 39
25 52
46 59
44 99
66 60
26 88
47 82
45 37
67 65
27 14
48 42
46 87
68 10
28 10
49 55
47 40
69 57
29 59
50 79
48 100
70 36
30 58
51 69
49 92
71 30
31 55
52 63
50 41
72 63
32 21
53 86
51 67
73 65
33 93
54 77
52 16
74 85
34 44
55 11
53 31
75 38
35 17
56 63
54 12
76 67
36 54
57 78
55 32
77 21
37 13
58 71
56 54
78 60
38 27
59 73
57 52
79 71
39 51
60 38
58 69
80 20
40 36
59 83
81 95
41 34
62 60
82 27
42 80
63 90
61 92
83 99
43 79
64 90
62 55
84 54
44 78
65 85
63 70
85 42
45 14
66 100
64 24
86 20
46 25
67 72
65 40
87 48
47 37
68 25
66 86
88 28
48 89
69 43
67 85
89 90
49 14
70 67
68 90
90 28
50 32
71 27
69 31
91 92
51 74
72 44
70 12
92 63
52 48
73 56
71 98
93 53
53 80
74 66
72 59
94 74
54 28
75 57
73 45
95 100
55 36
76 55
74 100
96 90
56 42
77 30
75 31
97 25
57 55
78 35
76 19
98 68
58 93
79 70
77 85
99 35
59 82
80 36
78 44
100 71
60 86
79 58
101 90
61 26
82 97
102 48
62 47
83 15
81 68
103 88
63 83
84 42
82 91
104 40
64 44
85 77
83 55
105 32
65 14
86 98
84 80
106 59
66 19
87 89
85 22
107 51
67 55
88 24
86 97
108 12
68 11
89 87
87 17
109 69
69 77
90 18
88 74
110 29
70 55
91 30
89 88
111 40
71 66
92 80
90 45
112 98
72 44
93 81
91 57
113 69
73 81
94 82
92 57
114 52
74 26
95 93
93 18
115 92
75 40
96 55
94 78
116 51
76 38
97 38
95 60
117 14
77 88
98 18
96 22
118 67
78 88
99 71
97 93
119 46
79 40
100 68
98 82
120 23
80 42
99 16
121 78
81 73
102 60
122 99
82 75
103 31
101 38
123 35
83 95
104 58
102 98
124 88
84 62
105 89
103 16
125 72
85 97
106 42
104 62
126 54
86 85
107 25
105 69
127 79
87 92
108 93
106 35
128 98
88 46
109 22
107 24
129 55
89 16
110 12
108 85
130 85
90 12
111 84
109 32
131 67
91 55
112 94
110 26
132 68
92 40
113 54
111 23
133 95
93 52
114 100
112 93
134 13
94 60
115 32
113 15
135 36
95 92
116 16
114 24
136 66
96 14
117 76
115 56
137 48
97 23
118 26
116 26
138 49
98 14
119 20
117 37
139 75
99 67
120 10
118 96
140 80
100 55
119 10
141 57
101 78
122 26
142 13
102 13
123 73
121 12
143 53
103 72
124 23
122 45
144 12
104 78
125 85
123 46
145 59
105 57
126 62
124 80
146 24
106 53
127 18
125 17
147 45
107 26
128 54
126 39
148 15
108 14
129 85
127 12
149 17
109 66
130 67
128 42
150 97
110 43
131 23
129 30
151 93
111 27
132 84
130 53
152 96
112 92
133 16
131 16
153 98
113 50
134 35
132 76
154 27
114 37
135 20
133 80
155 45
115 58
136 12
134 97
156 35
116 98
137 35
135 87
157 75
117 46
138 61
136 25
158 38
118 42
139 93
137 95
159 21
119 97
140 91
138 100
160 28
120 47
139 16
161 50
121 21
142 30
162 76
122 58
143 75
141 98
163 94
123 10
144 33
142 66
164 26
124 78
145 49
143 70
165 12
125 25
146 33
144 16
166 54
126 25
147 24
145 30
167 15
127 58
148 86
146 23
168 30
128 54
149 38
147 54
169 70
129 49
150 49
148 59
170 77
130 30
151 74
149 41
171 69
131 37
152 48
150 48
172 77
132 17
153 89
151 35
173 66
133 23
154 46
152 96
174 82
134 98
155 36
153 91
175 48
135 64
156 47
154 83
176 18
136 57
157 37
155 38
177 75
137 55
158 91
156 10
178 35
138 91
159 32
157 62
179 10
139 86
160 76
158 23
180 14
140 77
159 31
181 14
141 10
162 96
182 66
142 53
163 49
161 50
183 60
143 30
164 30
162 39
184 55
144 41
165 25
163 93
185 10
145 25
166 24
164 87
186 77
146 77
167 39
165 36
187 13
147 35
168 43
166 47
188 15
148 64
169 34
167 76
189 42
149 50
170 99
168 96
190 94
150 44
171 68
169 21
191 52
151 36
172 19
170 56
192 71
152 60
173 33
171 40
193 21
153 18
174 80
172 83
194 91
154 86
175 11
173 39
195 88
155 18
176 89
174 53
196 17
156 54
177 71
175 85
197 38
157 50
178 27
176 85
198 59
158 20
179 46
177 26
199 20
159 71
180 86
178 24
200 34
160 66
179 16
201 82
161 36
182 82
202 48
162 53
183 51
181 24
203 84
163 31
184 36
182 34
204 58
164 78
185 50
183 41
205 53
165 39
186 50
184 26
206 64
166 21
187 91
185 33
207 82
167 24
188 60
186 89
208 100
168 70
189 39
187 81
209 17
169 31
190 75
188 48
210 92
170 96
191 34
189 40
211 93
171 38
192 95
190 71
212 45
172 29
193 31
191 16
213 59
173 20
194 85
192 83
214 29
174 13
195 13
193 38
215 53
175 43
196 40
194 26
216 35
176 42
197 60
195 78
217 45
177 31
198 44
196 35
218 84
178 55
199 11
197 42
219 58
179 65
200 96
198 71
220 80
180 10
199 94
221 46
181 88
202 44
222 52
182 95
203 18
201 12
223 52
183 39
204 10
202 14
224 86
184 25
205 24
203 88
225 99
185 84
206 41
204 86
226 77
186 44
207 61
205 13
227 77
187 56
208 94
206 17
228 14
188 63
209 86
207 31
229 22
189 82
210 10
208 49
230 65
190 47
211 22
209 24
231 31
191 67
212 24
210 56
232 60
192 58
213 19
211 90
233 34
193 28
214 45
212 41
234 75
194 87
215 99
213 17
235 59
195 61
216 49
214 94
236 26
196 74
217 45
215 89
237 91
197 62
218 50
216 67
238 41
198 84
219 75
217 59
239 23
199 99
220 29
218 63
240 18
200 67
219 60
241 39
201 35
222 41
242 40
202 43
223 39
221 91
243 27
203 61
224 85
222 27
244 30
204 63
225 70
223 29
245 83
205 21
226 76
224 61
246 15
206 47
227 92
225 32
247 48
207 14
228 21
226 58
248 17
208 25
229 90
227 15
249 82
209 75
230 24
228 85
250 15
210 12
231 15
229 78
251 82
211 14
232 31
230 67
252 54
212 97
233 32
231 17
253 17
213 93
234 69
232 66
254 54
214 21
235 92
233 77
255 93
215 53
236 62
234 83
256 41
216 30
237 97
235 67
257 12
217 31
238 20
236 10
258 30
218 90
239 85
237 38
259 54
219 23
240 40
238 75
260 19
220 23
239 62
261 48
221 99
242 81
262 62
222 47
243 55
241 68
263 40
223 86
244 19
242 54
264 27
224 71
245 16
243 62
265 75
225 14
246 84
244 48
266 22
226 70
247 10
245 49
267 96
227 63
248 58
246 33
268 89
228 84
249 42
247 45
269 88
229 19
250 23
248 88
270 44
230 74
251 37
249 53
271 39
231 83
252 79
250 96
272 29
232 48
253 77
251 89
273 39
233 17
254 40
252 47
274 37
234 99
255 26
253 39
275 58
235 68
256 19
254 65
276 44
236 32
257 78
255 62
277 68
237 79
258 21
256 50
278 88
238 25
259 36
257 87
279 50
239 13
260 15
258 59
280 72
240 49
259 69
281 91
241 39
262 60
282 53
242 80
263 71
261 97
283 94
243 51
264 84
262 31
284 34
244 78
265 18
263 50
285 78
245 17
266 87
264 96
286 25
246 44
267 97
265 92
287 90
247 10
268 60
266 29
288 17
248 98
269 36
267 66
289 64
249 13
270 68
268 54
290 33
250 41
271 42
269 27
291 84
251 91
272 63
270 87
292 32
252 73
273 39
271 57
293 67
253 20
274 29
272 33
294 27
254 44
275 57
273 83
295 69
255 19
276 34
274 31
296 100
256 64
277 81
275 72
297 45
257 20
278 54
276 86
298 63
258 98
279 60
277 86
299 49
259 38
280 48
278 22
300 97
260 93
279 47
301 48
261 93
282 46
302 71
262 69
283 96
281 57
303 22
263 76
284 21
282 19
304 59
264 39
285 68
283 13
305 45
265 67
286 65
284 46
306 42
266 98
287 45
285 18
307 28
267 49
288 52
286 59
308 98
268 100
289 52
287 52
309 95
269 18
290 77
288 57
310 96
270 23
291 99
289 45
311 75
271 27
292 11
290 15
312 39
272 13
293 89
291 51
313 67
273 73
294 25
292 66
314 39
274 21
295 18
293 47
315 65
275 84
296 46
294 22
316 92
276 54
297 76
295 14
317 58
277 53
298 34
296 99
318 22
278 29
299 37
297 68
319 44
279 83
300 84
298 44
320 68
280 88
299 29
321 87
281 10
302 55
322 73
282 23
303 24
301 96
323 90
283 97
304 30
302 61
324 22
284 35
305 68
303 14
325 44
285 74
306 78
304 38
326 55
286 55
307 53
305 26
327 79
287 85
308 63
306 33
328 84
288 23
309 83
307 51
329 75
289 36
310 91
308 27
330 14
290 79
311 42
309 23
331 41
291 61
312 79
310 68
332 31
292 80
313 94
311 66
333 79
293 23
314 47
312 35
334 82
294 66
315 72
313 98
335 23
295 96
316 17
314 15
336 11
296 60
317 32
315 31
337 19
297 82
318 70
316 45
338 22
298 32
319 83
317 57
339 99
299 82
320 98
318 74
340 53
300 78
319 22
341 78
301 50
322 46
342 54
302 91
323 42
321 91
343 30
303 47
324 58
322 24
344 66
304 20
325 22
323 35
345 15
305 78
326 64
324 34
346 89
306 62
327 13
325 68
347 57
307 71
328 93
326 94
348 96
308 51
329 52
327 47
349 84
309 58
330 42
328 64
350 83
310 48
331 50
329 35
351 50
311 37
332 90
330 53
352 66
312 70
333 40
331 97
353 90
313 74
334 21
332 82
354 33
314 67
335 78
333 18
355 62
315 100
336 26
334 58
356 72
316 27
337 69
335 78
357 16
317 57
338 24
336 72
358 50
318 34
339 54
337 79
359 73
319 48
340 60
338 67
360 58
320 99
339 82
361 40
321 63
342 98
362 60
322 57
343 100
341 41
363 66
323 72
344 85
342 73
364 34
324 30
345 15
343 40
365 57
325 15
346 67
344 92
366 96
326 66
347 46
345 67
367 76
327 58
348 66
346 97
368 21
328 28
349 13
347 56
369 37
329 26
350 51
348 86
370 83
330 19
351 65
349 21
371 79
331 35
352 48
350 78
372 58
332 15
353 92
351 90
373 35
333 58
354 18
352 39
374 10
334 63
355 53
353 96
375 76
335 53
356 65
354 11
376 30
336 74
357 19
355 28
377 39
337 92
358 54
356 14
378 44
338 40
359 50
357 85
379 10
339 88
360 80
358 56
380 69
340 12
359 52
381 98
341 42
362 72
382 61
342 24
363 36
361 77
383 39
343 64
364 38
362 84
384 81
344 20
365 60
363 65
385 81
345 44
366 18
364 54
386 80
346 44
367 14
365 37
387 46
347 81
368 79
366 16
388 74
348 43
369 80
367 100
389 18
349 12
370 58
368 48
390 30
350 87
371 90
369 76
391 22
351 60
372 61
370 37
392 56
352 91
373 10
371 91
393 64
353 99
374 60
372 93
394 19
354 84
375 73
373 79
395 100
355 21
376 70
374 31
396 20
356 88
377 18
375 68
397 39
357 88
378 58
376 99
398 83
358 68
379 23
377 96
399 18
359 67
380 76
378 64
400 96
360 55
379 63
361 37
382 57
362 55
383 19
381 89
363 71
384 94
382 62
364 99
385 66
383 48
365 49
386 91
384 88
366 85
387 22
385 77
367 75
388 71
386 17
368 97
389 82
387 78
369 89
390 78
388 19
370 66
391 86
389 51
371 75
392 95
390 76
372 25
393 71
391 65
373 44
394 66
392 56
374 81
395 69
393 98
375 53
396 12
394 59
376 88
397 83
395 28
377 81
398 41
396 59
378 69
399 68
397 63
379 31
400 33
398 79
380 95
399 49
234
195
2 345 234 
1 50 
2 294 155 
3 383 201 346 
2 130 323 
1 380 
4 343 336 136 25 
2 285 93 
1 250 
2 254 97 
1 181 
1 221 
2 149 309 
1 186 
3 188 115 278 
1 113 
2 112 385 
1 247 
2 339 277 
1 386 
2 397 299 
3 64 107 76 
2 320 354 
1 162 
1 45 
3 304 139 67 
2 239 43 
3 214 41 216 
1 49 
1 63 
1 189 
1 311 
2 85 44 
2 141 161 
1 365 
2 245 105 
2 78 18 
1 159 
1 337 
5 373 361 82 236 297 
1 54 
2 279 91 
2 98 226 
2 170 96 
2 259 56 
2 33 40 
2 147 30 
1 7 
2 74 36 
2 26 240 
1 179 
1 331 
2 73 273 
2 207 333 
2 79 9 
4 29 362 220 334 
2 102 143 
4 94 200 248 329 
2 281 199 
1 215 
2 197 20 
2 148 264 
1 321 
1 217 
1 276 
4 208 52 387 352 
1 298 
2 326 69 
3 368 261 388 
2 316 252 
1 293 
3 312 120 204 
3 190 349 230 
1 88 
1 90 
1 195 
