625 2400 10 100 118
2
3
3
3
3
3
3
3
3
3
3
3
3
3
3
3
3
3
3
3
3
3
3
3
2
3
4
4
4
4
4
4
4
4
4
4
4
4
4
4
4
4
4
4
4
4
4
4
4
3
3
4
4
4
4
4
4
4
4
4
4
4
4
4
4
4
4
4
4
4
4
4
4
4
3
3
4
4
4
4
4
4
4
4
4
4
4
4
4
4
4
4
4
4
4
4
4
4
4
3
3
4
4
4
4
4
4
4
4
4
4
4
4
4
4
4
4
4
4
4
4
4
4
4
3
3
4
4
4
4
4
4
4
4
4
4
4
4
4
4
4
4
4
4
4
4
4
4
4
3
3
4
4
4
4
4
4
4
4
4
4
4
4
4
4
4
4
4
4
4
4
4
4
4
3
3
4
4
4
4
4
4
4
4
4
4
4
4
4
4
4
4
4
4
4
4
4
4
4
3
3
4
4
4
4
4
4
4
4
4
4
4
4
4
4
4
4
4
4
4
4
4
4
4
3
3
4
4
4
4
4
4
4
4
4
4
4
4
4
4
4
4
4
4
4
4
4
4
4
3
3
4
4
4
4
4
4
4
4
4
4
4
4
4
4
4
4
4
4
4
4
4
4
4
3
3
4
4
4
4
4
4
4
4
4
4
4
4
4
4
4
4
4
4
4
4
4
4
4
3
3
4
4
4
4
4
4
4
4
4
4
4
4
4
4
4
4
4
4
4
4
4
4
4
3
3
4
4
4
4
4
4
4
4
4
4
4
4
4
4
4
4
4
4
4
4
4
4
4
3
3
4
4
4
4
4
4
4
4
4
4
4
4
4
4
4
4
4
4
4
4
4
4
4
3
3
4
4
4
4
4
4
4
4
4
4
4
4
4
4
4
4
4
4
4
4
4
4
4
3
3
4
4
4
4
4
4
4
4
4
4
4
4
4
4
4
4
4
4
4
4
4
4
4
3
3
4
4
4
4
4
4
4
4
4
4
4
4
4
4
4
4
4
4
4
4
4
4
4
3
3
4
4
4
4
4
4
4
4
4
4
4
4
4
4
4
4
4
4
4
4
4
4
4
3
3
4
4
4
4
4
4
4
4
4
4
4
4
4
4
4
4
4
4
4
4
4
4
4
3
3
4
4
4
4
4
4
4
4
4
4
4
4
4
4
4
4
4
4
4
4
4
4
4
3
3
4
4
4
4
4
4
4
4
4
4
4
4
4
4
4
4
4
4
4
4
4
4
4
3
3
4
4
4
4
4
4
4
4
4
4
4
4
4
4
4
4
4
4
4
4
4
4
4
3
3
4
4
4
4
4
4
4
4
4
4
4
4
4
4
4
4
4
4
4
4
4
4
4
3
2
3
3
3
3
3
3
3
3
3
3
3
3
3
3
3
3
3
3
3
3
3
3
3
2
26 47
2 29
27 47
3 100
1 88
28 22
4 59
2 20
29 18
5 59
3 50
30 87
6 31
4 59
31 11
7 81
5 16
32 99
8 15
6 20
33 81
9 33
7 92
34 28
10 72
8 56
35 32
11 50
9 46
36 44
12 79
10 54
37 64
13 26
11 66
38 79
14 63
12 87
39 15
15 62
13 54
40 34
16 57
14 31
41 93
17 36
15 94
42 33
18 88
16 52
43 100
19 53
17 92
44 67
20 24
18 67
45 28
21 43
19 81
46 45
22 63
20 17
47 97
23 22
21 66
48 80
24 33
22 18
49 27
25 99
23 71
50 61
24 92
51 87
1 88
27 58
52 10
2 41
28 80
26 18
53 82
3 81
29 82
27 71
54 84
4 49
30 70
28 10
55 37
5 93
31 56
29 56
56 20
6 91
32 25
30 51
57 24
7 82
33 88
31 58
58 48
8 82
34 59
32 95
59 88
9 80
35 45
33 59
60 71
10 99
36 82
34 50
61 89
11 78
37 94
35 30
62 63
12 80
38 68
36 51
63 89
13 45
39 90
37 20
64 58
14 94
40 82
38 96
65 30
15 83
41 34
39 11
66 72
16 93
42 96
40 84
67 78
17 50
43 86
41 28
68 87
18 35
44 60
42 79
69 56
19 87
45 38
43 25
70 74
20 99
46 40
44 43
71 61
21 60
47 39
45 67
72 81
22 29
48 84
46 58
73 12
23 18
49 40
47 49
74 67
24 76
50 13
48 85
75 40
25 22
49 61
76 89
26 78
52 49
77 26
27 95
53 72
51 58
78 89
28 90
54 42
52 23
79 25
29 97
55 21
53 100
80 21
30 28
56 42
54 56
81 100
31 37
57 94
55 34
82 37
32 34
58 18
56 82
83 41
33 91
59 61
57 42
84 53
34 54
60 22
58 12
85 62
35 83
61 36
59 24
86 75
36 85
62 16
60 87
87 10
37 15
63 93
61 46
88 47
38 61
64 28
62 82
89 44
39 60
65 28
63 44
90 89
40 62
66 61
64 40
91 64
41 19
67 84
65 57
92 65
42 22
68 13
66 66
93 84
43 98
69 75
67 20
94 35
44 94
70 75
68 90
95 22
45 27
71 45
69 75
96 14
46 35
72 54
70 20
97 35
47 51
73 76
71 88
98 30
48 32
74 85
72 62
99 16
49 59
75 49
73 89
100 61
50 50
74 65
101 42
51 87
77 14
102 29
52 21
78 28
76 75
103 90
53 66
79 38
77 43
104 25
54 74
80 80
78 62
105 85
55 23
81 80
79 83
106 27
56 48
82 47
80 67
107 56
57 97
83 30
81 96
108 68
58 22
84 33
82 18
109 18
59 83
85 39
83 100
110 47
60 98
86 21
84 54
111 75
61 98
87 23
85 27
112 13
62 74
88 74
86 28
113 34
63 87
89 47
87 69
114 67
64 59
90 46
88 63
115 37
65 43
91 31
89 45
116 55
66 56
92 79
90 89
117 100
67 41
93 56
91 18
118 61
68 34
94 77
92 59
119 55
69 59
95 98
93 66
120 52
70 86
96 95
94 29
121 96
71 78
97 74
95 42
122 22
72 70
98 32
96 99
123 89
73 25
99 23
97 48
124 18
74 64
100 59
98 40
125 21
75 75
99 76
126 59
76 64
102 33
127 24
77 82
103 50
101 28
128 50
78 93
104 52
102 49
129 32
79 93
105 20
103 89
130 100
80 41
106 46
104 44
131 89
81 55
107 11
105 49
132 13
82 24
108 75
106 97
133 94
83 26
109 69
107 17
134 99
84 64
110 15
108 33
135 47
85 99
111 36
109 25
136 81
86 82
112 36
110 56
137 53
87 45
113 86
111 100
138 18
88 93
114 37
112 23
139 91
89 49
115 100
113 66
140 13
90 63
116 78
114 87
141 66
91 60
117 65
115 94
142 47
92 78
118 15
116 88
143 44
93 24
119 77
117 26
144 97
94 89
120 23
118 78
145 51
95 55
121 38
119 27
146 93
96 38
122 30
120 73
147 86
97 71
123 42
121 23
148 18
98 19
124 70
122 12
149 95
99 35
125 27
123 37
150 60
100 45
124 41
151 89
101 14
127 28
152 83
102 35
128 60
126 83
153 21
103 87
129 27
127 84
154 20
104 21
130 17
128 12
155 85
105 28
131 96
129 30
156 12
106 74
132 19
130 30
157 49
107 43
133 47
131 82
158 32
108 100
134 51
132 72
159 41
109 69
135 82
133 28
160 60
110 43
136 68
134 54
161 34
111 78
137 27
135 75
162 73
112 85
138 58
136 96
163 99
113 79
139 44
137 75
164 48
114 34
140 27
138 22
165 50
115 12
141 46
139 94
166 31
116 89
142 93
140 85
167 19
117 59
143 76
141 100
168 34
118 19
144 74
142 93
169 30
119 22
145 58
143 20
170 73
120 24
146 47
144 11
171 71
121 100
147 91
145 32
172 76
122 49
148 88
146 41
173 56
123 80
149 82
147 26
174 35
124 29
150 98
148 83
175 80
125 48
149 23
176 96
126 73
152 95
177 23
127 89
153 45
151 39
178 100
128 95
154 50
152 95
179 71
129 50
155 79
153 83
180 24
130 62
156 70
154 48
181 62
131 67
157 65
155 49
182 46
132 57
158 100
156 29
183 97
133 71
159 63
157 87
184 86
134 93
160 92
158 62
185 77
135 51
161 39
159 39
186 87
136 45
162 29
160 67
187 80
137 67
163 60
161 22
188 15
138 31
164 94
162 72
189 26
139 52
165 46
163 50
190 89
140 92
166 44
164 66
191 41
141 14
167 31
165 14
192 69
142 14
168 93
166 25
193 87
143 67
169 44
167 19
194 18
144 24
170 62
168 67
195 82
145 30
171 11
169 40
196 32
146 73
172 13
170 98
197 37
147 17
173 22
171 53
198 87
148 64
174 44
172 45
199 33
149 62
175 99
173 19
200 26
150 65
174 99
201 86
151 16
177 77
202 97
152 98
178 36
176 70
203 91
153 94
179 89
177 94
204 60
154 72
180 80
178 47
205 72
155 20
181 92
179 24
206 45
156 40
182 58
180 46
207 76
157 24
183 96
181 24
208 53
158 41
184 68
182 47
209 96
159 40
185 11
183 60
210 78
160 15
186 65
184 34
211 26
161 68
187 31
185 38
212 51
162 79
188 67
186 54
213 66
163 75
189 39
187 94
214 87
164 28
190 21
188 76
215 69
165 13
191 52
189 17
216 34
166 27
192 54
190 15
217 90
167 34
193 38
191 29
218 25
168 59
194 93
192 33
219 96
169 24
195 78
193 69
220 34
170 100
196 67
194 85
221 94
171 16
197 61
195 86
222 44
172 95
198 75
196 31
223 60
173 79
199 81
197 59
224 65
174 74
200 70
198 76
225 87
175 74
199 84
226 91
176 12
202 99
227 89
177 89
203 87
201 24
228 76
178 56
204 79
202 49
229 68
179 93
205 44
203 34
230 50
180 13
206 53
204 41
231 30
181 48
207 80
205 71
232 47
182 24
208 72
206 76
233 64
183 14
209 48
207 31
234 63
184 13
210 24
208 66
235 30
185 33
211 31
209 79
236 38
186 98
212 19
210 100
237 77
187 50
213 19
211 73
238 14
188 51
214 51
212 98
239 41
189 73
215 14
213 63
240 49
190 97
216 92
214 91
241 37
191 94
217 25
215 87
242 30
192 76
218 24
216 51
243 44
193 14
219 10
217 80
244 73
194 99
220 88
218 72
245 24
195 52
221 85
219 68
246 32
196 42
222 93
220 65
247 20
197 90
223 77
221 17
248 53
198 16
224 64
222 65
249 50
199 36
225 83
223 98
250 15
200 48
224 31
251 20
201 73
227 93
252 53
202 70
228 21
226 92
253 81
203 46
229 100
227 88
254 25
204 82
230 70
228 72
255 94
205 83
231 62
229 42
256 13
206 33
232 28
230 42
257 70
207 26
233 45
231 35
258 46
208 100
234 74
232 44
259 73
209 26
235 60
233 84
260 75
210 73
236 69
234 100
261 46
211 97
237 58
235 21
262 72
212 69
238 38
236 55
263 60
213 77
239 99
237 32
264 60
214 21
240 19
238 80
265 92
215 47
241 12
239 27
266 24
216 76
242 27
240 49
267 48
217 32
243 51
241 71
268 98
218 92
244 52
242 15
269 38
219 67
245 73
243 86
270 30
220 34
246 38
244 15
271 92
221 69
247 62
245 24
272 35
222 98
248 33
246 82
273 15
223 59
249 58
247 27
274 71
224 93
250 11
248 100
275 21
225 86
249 96
276 19
226 30
252 99
277 33
227 55
253 33
251 51
278 64
228 95
254 73
252 31
279 45
229 67
255 22
253 49
280 36
230 49
256 37
254 96
281 79
231 69
257 36
255 72
282 42
232 86
258 19
256 100
283 35
233 82
259 57
257 44
284 67
234 90
260 83
258 56
285 84
235 30
261 28
259 78
286 40
236 79
262 33
260 21
287 12
237 76
263 63
261 96
288 70
238 26
264 71
262 33
289 60
239 32
265 68
263 85
290 16
240 73
266 66
264 82
291 53
241 91
267 44
265 85
292 72
242 99
268 32
266 67
293 49
243 53
269 61
267 39
294 38
244 43
270 89
268 80
295 41
245 32
271 98
269 81
296 11
246 35
272 49
270 61
297 53
247 24
273 37
271 63
298 56
248 79
274 80
272 33
299 39
249 13
275 30
273 32
300 88
250 100
274 89
301 18
251 38
277 79
302 28
252 44
278 82
276 25
303 81
253 26
279 53
277 47
304 50
254 97
280 54
278 37
305 61
255 45
281 14
279 96
306 95
256 95
282 54
280 74
307 31
257 10
283 87
281 65
308 43
258 48
284 37
282 51
309 15
259 50
285 22
283 41
310 38
260 96
286 48
284 44
311 29
261 62
287 80
285 91
312 45
262 49
288 59
286 52
313 27
263 60
289 32
287 14
314 55
264 86
290 34
288 94
315 18
265 17
291 94
289 97
316 92
266 92
292 29
290 34
317 94
267 78
293 29
291 97
318 37
268 42
294 82
292 60
319 15
269 48
295 66
293 34
320 35
270 45
296 50
294 81
321 15
271 84
297 67
295 37
322 29
272 17
298 61
296 71
323 42
273 56
299 66
297 79
324 13
274 20
300 91
298 42
325 47
275 67
299 31
326 41
276 94
302 95
327 19
277 62
303 23
301 100
328 62
278 29
304 20
302 46
329 18
279 62
305 41
303 82
330 38
280 31
306 32
304 58
331 23
281 64
307 65
305 62
332 91
282 46
308 41
306 43
333 59
283 40
309 30
307 15
334 44
284 77
310 46
308 96
335 21
285 99
311 30
309 97
336 23
286 43
312 59
310 44
337 60
287 59
313 30
311 20
338 22
288 87
314 48
312 52
339 98
289 28
315 45
313 36
340 73
290 46
316 21
314 29
341 95
291 61
317 11
315 15
342 46
292 41
318 75
316 62
343 91
293 39
319 40
317 20
344 58
294 100
320 23
318 65
345 26
295 85
321 96
319 65
346 43
296 52
322 68
320 78
347 49
297 27
323 61
321 93
348 51
298 31
324 28
322 82
349 41
299 90
325 62
323 84
350 66
300 59
324 100
351 18
301 34
327 12
352 81
302 57
328 25
326 54
353 91
303 14
329 53
327 90
354 32
304 88
330 63
328 12
355 71
305 82
331 34
329 42
356 41
306 76
332 88
330 41
357 81
307 27
333 74
331 29
358 69
308 52
334 52
332 53
359 97
309 20
335 100
333 16
360 36
310 59
336 32
334 58
361 24
311 54
337 92
335 88
362 59
312 17
338 90
336 89
363 93
313 85
339 22
337 50
364 48
314 60
340 39
338 89
365 80
315 39
341 95
339 29
366 95
316 46
342 40
340 97
367 74
317 26
343 74
341 45
368 22
318 86
344 94
342 57
369 46
319 77
345 29
343 54
370 18
320 99
346 15
344 15
371 88
321 85
347 28
345 11
372 28
322 11
348 46
346 27
373 29
323 43
349 59
347 18
374 52
324 87
350 62
348 25
375 80
325 97
349 52
376 92
326 24
352 17
377 23
327 65
353 39
351 13
378 90
328 88
354 54
352 13
379 41
329 51
355 50
353 47
380 63
330 78
356 76
354 32
381 30
331 43
357 87
355 36
382 14
332 16
358 19
356 64
383 84
333 16
359 68
357 94
384 41
334 100
360 98
358 94
385 26
335 79
361 92
359 97
386 13
336 33
362 48
360 81
387 89
337 54
363 26
361 56
388 70
338 20
364 70
362 34
389 87
339 24
365 64
363 72
390 29
340 33
366 35
364 86
391 94
341 53
367 58
365 54
392 12
342 26
368 81
366 38
393 63
343 60
369 63
367 81
394 76
344 75
370 78
368 17
395 49
345 78
371 38
369 98
396 61
346 13
372 19
370 80
397 65
347 64
373 32
371 18
398 22
348 37
374 41
372 54
399 55
349 47
375 96
373 62
400 64
350 25
374 44
401 18
351 61
377 27
402 93
352 51
378 50
376 67
403 85
353 50
379 65
377 96
404 38
354 26
380 51
378 43
405 40
355 85
381 28
379 55
406 15
356 50
382 36
380 64
407 77
357 43
383 57
381 20
408 92
358 91
384 93
382 72
409 13
359 44
385 53
383 90
410 91
360 24
386 73
384 63
411 79
361 25
387 69
385 35
412 23
362 27
388 68
386 23
413 75
363 35
389 64
387 18
414 73
364 85
390 71
388 67
415 20
365 90
391 32
389 95
416 89
366 29
392 43
390 23
417 46
367 82
393 17
391 75
418 22
368 21
394 89
392 69
419 25
369 65
395 21
393 33
420 35
370 97
396 46
394 43
421 45
371 11
397 33
395 64
422 11
372 62
398 20
396 64
423 97
373 37
399 54
397 52
424 14
374 32
400 85
398 12
425 84
375 25
399 61
426 46
376 100
402 82
427 95
377 91
403 38
401 97
428 25
378 96
404 26
402 67
429 89
379 47
405 95
403 45
430 83
380 84
406 86
404 61
431 61
381 42
407 77
405 66
432 90
382 58
408 11
406 81
433 75
383 12
409 66
407 99
434 42
384 54
410 98
408 44
435 84
385 65
411 79
409 50
436 97
386 60
412 97
410 75
437 56
387 87
413 76
411 27
438 89
388 13
414 16
412 20
439 89
389 90
415 61
413 52
440 43
390 90
416 94
414 89
441 65
391 73
417 62
415 66
442 71
392 51
418 33
416 21
443 39
393 37
419 97
417 89
444 88
394 84
420 16
418 12
445 67
395 32
421 34
419 95
446 22
396 54
422 48
420 84
447 31
397 63
423 87
421 33
448 27
398 11
424 19
422 51
449 59
399 65
425 36
423 74
450 92
400 73
424 34
451 67
401 79
427 24
452 46
402 78
428 81
426 89
453 44
403 12
429 54
427 68
454 68
404 56
430 79
428 12
455 46
405 84
431 30
429 47
456 64
406 63
432 47
430 18
457 34
407 63
433 51
431 65
458 39
408 62
434 58
432 100
459 16
409 35
435 68
433 41
460 79
410 11
436 57
434 82
461 17
411 41
437 95
435 32
462 74
412 57
438 91
436 90
463 48
413 30
439 65
437 48
464 55
414 53
440 40
438 68
465 84
415 96
441 26
439 29
466 75
416 60
442 88
440 48
467 43
417 67
443 41
441 16
468 85
418 51
444 24
442 76
469 78
419 37
445 78
443 58
470 99
420 65
446 12
444 91
471 28
421 26
447 48
445 11
472 79
422 30
448 86
446 93
473 47
423 92
449 17
447 30
474 20
424 94
450 64
448 10
475 66
425 59
449 70
476 33
426 89
452 38
477 52
427 15
453 92
451 46
478 54
428 75
454 10
452 80
479 97
429 88
455 98
453 74
480 54
430 29
456 27
454 30
481 76
431 87
457 36
455 31
482 78
432 49
458 55
456 29
483 42
433 52
459 48
457 82
484 92
434 77
460 73
458 65
485 91
435 89
461 33
459 27
486 76
436 64
462 91
460 85
487 90
437 38
463 42
461 54
488 20
438 16
464 83
462 62
489 73
439 44
465 69
463 48
490 34
440 99
466 18
464 37
491 99
441 50
467 95
465 17
492 57
442 37
468 12
466 34
493 15
443 81
469 66
467 70
494 15
444 21
470 25
468 58
495 32
445 58
471 22
469 11
496 14
446 76
472 90
470 57
497 75
447 44
473 57
471 52
498 23
448 15
474 17
472 29
499 27
449 85
475 35
473 54
500 52
450 23
474 80
501 21
451 93
477 92
502 59
452 16
478 78
476 12
503 30
453 34
479 69
477 42
504 20
454 45
480 44
478 72
505 96
455 34
481 36
479 81
506 93
456 53
482 82
480 79
507 12
457 35
483 79
481 67
508 92
458 47
484 23
482 60
509 32
459 49
485 56
483 29
510 19
460 42
486 67
484 25
511 15
461 39
487 53
485 34
512 43
462 78
488 98
486 32
513 28
463 33
489 28
487 68
514 87
464 95
490 75
488 29
515 53
465 43
491 56
489 28
516 70
466 78
492 26
490 21
517 33
467 84
493 48
491 93
518 38
468 54
494 23
492 99
519 51
469 63
495 36
493 62
520 60
470 84
496 36
494 25
521 74
471 58
497 100
495 52
522 86
472 33
498 13
496 33
523 44
473 12
499 58
497 63
524 25
474 68
500 58
498 41
525 74
475 25
499 99
526 31
476 14
502 94
527 62
477 76
503 60
501 16
528 95
478 59
504 98
502 43
529 54
479 61
505 64
503 81
530 33
480 38
506 27
504 16
531 30
481 24
507 31
505 23
532 91
482 23
508 35
506 18
533 82
483 67
509 37
507 61
534 77
484 42
510 94
508 68
535 31
485 44
511 97
509 84
536 79
486 65
512 19
510 44
537 96
487 90
513 21
511 67
538 35
488 15
514 81
512 59
539 65
489 19
515 36
513 47
540 17
490 24
516 93
514 70
541 31
491 85
517 77
515 77
542 91
492 45
518 82
516 57
543 37
493 84
519 34
517 73
544 100
494 38
520 99
518 89
545 85
495 30
521 26
519 14
546 88
496 74
522 48
520 49
547 79
497 24
523 87
521 91
548 86
498 36
524 59
522 85
549 91
499 66
525 49
523 76
550 67
500 89
524 35
551 59
501 76
527 74
552 92
502 97
528 89
526 82
553 54
503 37
529 82
527 27
554 48
504 45
530 80
528 57
555 99
505 83
531 18
529 63
556 56
506 66
532 98
530 79
557 42
507 88
533 20
531 14
558 68
508 59
534 59
532 61
559 78
509 89
535 95
533 95
560 99
510 71
536 58
534 50
561 49
511 77
537 55
535 25
562 21
512 44
538 34
536 24
563 93
513 40
539 22
537 88
564 81
514 96
540 81
538 38
565 32
515 84
541 49
539 53
566 47
516 56
542 38
540 29
567 13
517 17
543 23
541 64
568 64
518 88
544 95
542 48
569 49
519 26
545 69
543 73
570 35
520 41
546 53
544 37
571 50
521 86
547 79
545 50
572 58
522 11
548 45
546 60
573 99
523 48
549 15
547 13
574 82
524 23
550 74
548 55
575 60
525 96
549 43
576 63
526 34
552 27
577 68
527 68
553 67
551 68
578 57
528 38
554 33
552 57
579 66
529 53
555 52
553 39
580 67
530 69
556 58
554 72
581 19
531 87
557 68
555 51
582 53
532 62
558 68
556 22
583 41
533 30
559 58
557 93
584 92
534 68
560 20
558 60
585 98
535 67
561 36
559 66
586 18
536 70
562 99
560 79
587 18
537 57
563 22
561 14
588 23
538 66
564 66
562 12
589 10
539 49
565 80
563 71
590 59
540 72
566 22
564 78
591 64
541 92
567 22
565 62
592 59
542 66
568 63
566 48
593 36
543 79
569 27
567 39
594 27
544 76
570 73
568 97
595 15
545 32
571 45
569 24
596 38
546 34
572 93
570 75
597 46
547 81
573 58
571 24
598 78
548 66
574 89
572 94
599 11
549 100
575 20
573 78
600 78
550 20
574 97
601 41
551 63
577 69
602 69
552 64
578 32
576 11
603 97
553 33
579 80
577 24
604 21
554 92
580 68
578 89
605 78
555 49
581 16
579 89
606 21
556 87
582 54
580 43
607 67
557 74
583 49
581 89
608 85
558 58
584 73
582 70
609 21
559 33
585 59
583 69
610 36
560 72
586 50
584 42
611 15
561 27
587 64
585 93
612 76
562 73
588 19
586 98
613 83
563 28
589 97
587 25
614 62
564 72
590 92
588 99
615 64
565 69
591 41
589 39
616 16
566 27
592 99
590 43
617 51
567 43
593 97
591 97
618 17
568 61
594 34
592 17
619 80
569 63
595 61
593 48
620 71
570 73
596 64
594 51
621 41
571 22
597 64
595 37
622 11
572 64
598 51
596 45
623 16
573 67
599 51
597 88
624 84
574 11
600 44
598 20
625 33
575 87
599 93
576 11
602 86
577 66
603 87
601 69
578 72
604 90
602 79
579 98
605 47
603 67
580 90
606 77
604 70
581 93
607 10
605 44
582 57
608 51
606 62
583 47
609 55
607 14
584 25
610 72
608 12
585 25
611 62
609 51
586 39
612 79
610 58
587 44
613 71
611 46
588 77
614 97
612 11
589 16
615 28
613 77
590 81
616 46
614 86
591 71
617 90
615 45
592 14
618 52
616 81
593 51
619 72
617 51
594 62
620 97
618 33
595 23
621 10
619 92
596 60
622 63
620 19
597 97
623 12
621 13
598 58
624 81
622 37
599 60
625 35
623 31
600 36
624 43
85
125
4 512 472 46 85 
1 377 
3 571 225 106 
1 526 
3 343 326 438 
3 174 566 183 
1 3 
2 598 56 
2 424 549 
3 462 468 40 
1 505 
1 139 
1 76 
1 218 
1 294 
1 349 
3 212 311 93 
1 416 
1 407 
1 53 
3 65 618 328 
1 178 
1 109 
3 421 314 180 
1 192 
3 110 29 237 
1 475 
1 221 
3 60 368 231 
1 463 
2 536 34 
1 404 
1 16 
3 116 581 98 
1 319 
2 406 208 
1 582 
3 23 287 599 
4 459 66 330 387 
3 245 266 246 
1 185 
2 105 213 
3 92 450 227 
1 587 
2 344 527 
2 249 144 
1 54 
4 590 302 316 63 
1 145 
1 117 
2 596 540 
3 537 340 593 
2 293 15 
3 264 534 82 
3 224 276 493 
1 289 
1 489 
2 17 10 
1 511 
3 559 478 166 
3 9 471 269 
1 557 
2 261 486 
1 127 
1 367 
1 440 
2 560 18 
3 576 194 233 
1 334 
2 591 361 
2 271 441 
1 169 
2 611 322 
5 205 97 87 20 253 
5 43 491 465 601 81 
2 506 356 
2 37 232 
1 200 
1 188 
3 202 567 342 
1 130 
3 496 186 57 
1 477 
2 5 614 
1 495 
2 114 308 
1 528 
1 115 
1 187 
1 84 
3 488 436 429 
3 437 366 390 
1 30 
1 146 
1 74 
1 112 
1 295 
1 90 
1 415 
2 625 586 
1 13 
2 339 241 
1 104 
3 395 230 431 
1 48 
2 523 494 
4 376 470 298 439 
1 381 
2 156 50 
2 291 357 
3 285 397 292 
3 72 141 12 
2 236 373 
1 597 
2 62 555 
1 435 
2 603 532 
2 446 125 
