600 2276 10 100 114
2
3
3
3
3
3
3
3
3
3
3
3
3
3
3
3
3
3
3
3
3
3
3
3
3
3
3
3
3
3
3
3
3
3
3
3
3
3
3
3
3
3
3
3
3
3
3
3
3
2
3
4
4
4
4
4
4
4
4
4
4
4
4
4
4
4
4
4
4
4
4
4
4
4
4
4
4
4
4
4
4
4
4
4
4
4
4
4
4
4
4
4
4
4
4
4
4
4
4
3
3
4
4
4
4
4
4
4
4
4
4
4
4
4
4
4
4
4
4
4
4
4
4
4
4
4
4
4
4
4
4
4
4
4
4
4
4
4
4
4
4
4
4
4
4
4
4
4
4
3
3
4
4
4
4
4
4
4
4
4
4
4
4
4
4
4
4
4
4
4
4
4
4
4
4
4
4
4
4
4
4
4
4
4
4
4
4
4
4
4
4
4
4
4
4
4
4
4
4
3
3
4
4
4
4
4
4
4
4
4
4
4
4
4
4
4
4
4
4
4
4
4
4
4
4
4
4
4
4
4
4
4
4
4
4
4
4
4
4
4
4
4
4
4
4
4
4
4
4
3
3
4
4
4
4
4
4
4
4
4
4
4
4
4
4
4
4
4
4
4
4
4
4
4
4
4
4
4
4
4
4
4
4
4
4
4
4
4
4
4
4
4
4
4
4
4
4
4
4
3
3
4
4
4
4
4
4
4
4
4
4
4
4
4
4
4
4
4
4
4
4
4
4
4
4
4
4
4
4
4
4
4
4
4
4
4
4
4
4
4
4
4
4
4
4
4
4
4
4
3
3
4
4
4
4
4
4
4
4
4
4
4
4
4
4
4
4
4
4
4
4
4
4
4
4
4
4
4
4
4
4
4
4
4
4
4
4
4
4
4
4
4
4
4
4
4
4
4
4
3
3
4
4
4
4
4
4
4
4
4
4
4
4
4
4
4
4
4
4
4
4
4
4
4
4
4
4
4
4
4
4
4
4
4
4
4
4
4
4
4
4
4
4
4
4
4
4
4
4
3
3
4
4
4
4
4
4
4
4
4
4
4
4
4
4
4
4
4
4
4
4
4
4
4
4
4
4
4
4
4
4
4
4
4
4
4
4
4
4
4
4
4
4
4
4
4
4
4
4
3
3
4
4
4
4
4
4
4
4
4
4
4
4
4
4
4
4
4
4
4
4
4
4
4
4
4
4
4
4
4
4
4
4
4
4
4
4
4
4
4
4
4
4
4
4
4
4
4
4
3
2
3
3
3
3
3
3
3
3
3
3
3
3
3
3
3
3
3
3
3
3
3
3
3
3
3
3
3
3
3
3
3
3
3
3
3
3
3
3
3
3
3
3
3
3
3
3
3
3
2
51 39
2 29
52 47
3 90
1 23
53 77
4 88
2 63
54 49
5 75
3 93
55 58
6 29
4 57
56 52
7 43
5 49
57 14
8 86
6 19
58 96
9 64
7 79
59 66
10 52
8 78
60 86
11 12
9 63
61 11
12 28
10 24
62 48
13 92
11 82
63 23
14 77
12 19
64 50
15 90
13 70
65 20
16 93
14 63
66 52
17 14
15 51
67 56
18 48
16 57
68 42
19 89
17 18
69 72
20 98
18 85
70 51
21 23
19 73
71 15
22 79
20 29
72 25
23 28
21 26
73 95
24 59
22 94
74 68
25 80
23 55
75 11
26 41
24 12
76 66
27 95
25 10
77 72
28 76
26 66
78 79
29 68
27 89
79 60
30 71
28 71
80 41
31 92
29 91
81 19
32 53
30 14
82 89
33 50
31 60
83 50
34 14
32 57
84 45
35 51
33 82
85 100
36 66
34 55
86 86
37 24
35 37
87 70
38 83
36 75
88 91
39 13
37 82
89 57
40 82
38 66
90 85
41 100
39 16
91 56
42 58
40 52
92 67
43 96
41 91
93 19
44 12
42 45
94 29
45 77
43 19
95 84
46 38
44 79
96 73
47 69
45 78
97 95
48 19
46 18
98 40
49 84
47 70
99 35
50 77
48 75
100 57
49 62
101 100
1 65
52 48
102 27
2 99
53 81
51 58
103 27
3 75
54 37
52 72
104 42
4 95
55 27
53 98
105 26
5 30
56 99
54 60
106 51
6 76
57 51
55 66
107 40
7 80
58 51
56 84
108 100
8 28
59 10
57 77
109 78
9 45
60 93
58 48
110 76
10 37
61 15
59 92
111 48
11 86
62 81
60 75
112 62
12 89
63 53
61 15
113 39
13 45
64 35
62 31
114 24
14 12
65 31
63 72
115 13
15 79
66 34
64 34
116 64
16 81
67 60
65 66
117 50
17 30
68 91
66 14
118 100
18 73
69 53
67 26
119 86
19 24
70 13
68 78
120 33
20 62
71 99
69 83
121 55
21 76
72 47
70 60
122 89
22 76
73 63
71 75
123 19
23 50
74 40
72 78
124 73
24 98
75 67
73 38
125 24
25 75
76 78
74 95
126 33
26 79
77 66
75 55
127 60
27 37
78 43
76 81
128 78
28 23
79 94
77 85
129 97
29 13
80 45
78 66
130 60
30 45
81 45
79 71
131 27
31 55
82 82
80 43
132 79
32 25
83 57
81 15
133 64
33 60
84 87
82 46
134 92
34 31
85 87
83 34
135 62
35 59
86 44
84 77
136 27
36 37
87 19
85 28
137 98
37 37
88 72
86 86
138 89
38 84
89 58
87 58
139 84
39 48
90 58
88 94
140 24
40 74
91 86
89 30
141 44
41 29
92 38
90 94
142 25
42 23
93 74
91 10
143 64
43 57
94 24
92 57
144 18
44 66
95 10
93 69
145 47
45 64
96 31
94 43
146 30
46 57
97 46
95 23
147 29
47 54
98 39
96 88
148 17
48 79
99 34
97 44
149 94
49 59
100 40
98 68
150 17
50 100
99 100
151 18
51 81
102 32
152 25
52 83
103 18
101 72
153 67
53 90
104 67
102 10
154 99
54 96
105 73
103 100
155 55
55 86
106 10
104 85
156 65
56 22
107 17
105 38
157 30
57 32
108 68
106 21
158 42
58 19
109 74
107 56
159 62
59 51
110 36
108 48
160 42
60 92
111 61
109 32
161 48
61 87
112 38
110 14
162 49
62 47
113 58
111 35
163 72
63 37
114 91
112 39
164 85
64 82
115 27
113 15
165 96
65 12
116 91
114 54
166 92
66 87
117 49
115 46
167 65
67 28
118 22
116 83
168 30
68 46
119 97
117 20
169 16
69 74
120 84
118 96
170 80
70 20
121 65
119 67
171 26
71 43
122 14
120 79
172 60
72 11
123 17
121 51
173 27
73 84
124 31
122 29
174 49
74 92
125 31
123 83
175 96
75 83
126 39
124 99
176 99
76 29
127 15
125 38
177 14
77 52
128 74
126 16
178 44
78 83
129 21
127 67
179 19
79 38
130 77
128 84
180 94
80 44
131 49
129 89
181 54
81 86
132 88
130 68
182 74
82 50
133 80
131 56
183 14
83 85
134 93
132 67
184 89
84 59
135 91
133 71
185 27
85 58
136 53
134 79
186 58
86 95
137 59
135 89
187 74
87 75
138 48
136 34
188 74
88 26
139 75
137 60
189 21
89 17
140 53
138 71
190 54
90 56
141 10
139 68
191 72
91 26
142 97
140 29
192 66
92 54
143 98
141 65
193 40
93 70
144 77
142 36
194 33
94 66
145 69
143 66
195 96
95 38
146 91
144 78
196 51
96 73
147 44
145 37
197 93
97 35
148 98
146 19
198 42
98 37
149 19
147 78
199 14
99 22
150 22
148 90
200 60
100 69
149 32
201 61
101 66
152 64
202 62
102 16
153 23
151 97
203 39
103 55
154 11
152 37
204 75
104 29
155 45
153 17
205 91
105 91
156 40
154 71
206 77
106 12
157 38
155 47
207 90
107 19
158 10
156 35
208 35
108 68
159 74
157 65
209 15
109 69
160 66
158 16
210 69
110 26
161 81
159 86
211 14
111 30
162 68
160 23
212 92
112 97
163 96
161 28
213 51
113 81
164 43
162 18
214 89
114 40
165 32
163 71
215 16
115 66
166 87
164 12
216 24
116 18
167 97
165 58
217 29
117 26
168 81
166 59
218 96
118 58
169 100
167 71
219 10
119 51
170 64
168 32
220 24
120 28
171 28
169 69
221 85
121 71
172 90
170 35
222 90
122 52
173 75
171 71
223 25
123 28
174 58
172 66
224 76
124 59
175 70
173 35
225 82
125 73
176 66
174 38
226 84
126 96
177 94
175 43
227 93
127 43
178 15
176 12
228 99
128 100
179 100
177 70
229 26
129 87
180 61
178 94
230 81
130 24
181 15
179 18
231 24
131 31
182 35
180 47
232 88
132 60
183 99
181 16
233 10
133 75
184 26
182 17
234 32
134 52
185 14
183 100
235 27
135 93
186 99
184 19
236 20
136 98
187 20
185 24
237 74
137 63
188 24
186 10
238 40
138 44
189 53
187 52
239 78
139 14
190 34
188 42
240 65
140 41
191 26
189 14
241 23
141 25
192 69
190 44
242 30
142 47
193 33
191 56
243 98
143 95
194 35
192 24
244 26
144 13
195 62
193 40
245 28
145 87
196 69
194 21
246 60
146 51
197 34
195 70
247 21
147 75
198 32
196 34
248 61
148 68
199 86
197 48
249 28
149 66
200 96
198 87
250 62
150 96
199 11
251 18
151 67
202 45
252 43
152 27
203 45
201 85
253 72
153 64
204 42
202 72
254 10
154 77
205 24
203 86
255 51
155 60
206 83
204 11
256 32
156 36
207 74
205 49
257 15
157 17
208 61
206 76
258 71
158 17
209 55
207 74
259 60
159 23
210 65
208 34
260 25
160 85
211 35
209 40
261 46
161 79
212 94
210 54
262 31
162 31
213 72
211 33
263 96
163 47
214 93
212 85
264 51
164 85
215 19
213 81
265 95
165 99
216 21
214 20
266 91
166 75
217 33
215 63
267 79
167 14
218 17
216 65
268 45
168 36
219 91
217 86
269 90
169 50
220 100
218 51
270 69
170 70
221 85
219 48
271 78
171 83
222 41
220 57
272 79
172 18
223 72
221 62
273 77
173 25
224 45
222 92
274 99
174 69
225 19
223 47
275 89
175 87
226 99
224 64
276 71
176 20
227 26
225 85
277 59
177 15
228 35
226 72
278 68
178 73
229 14
227 50
279 46
179 67
230 40
228 57
280 97
180 66
231 86
229 41
281 92
181 91
232 42
230 35
282 65
182 36
233 31
231 42
283 82
183 11
234 41
232 28
284 52
184 54
235 45
233 32
285 61
185 79
236 41
234 83
286 76
186 70
237 38
235 90
287 18
187 17
238 85
236 72
288 76
188 70
239 14
237 42
289 45
189 12
240 65
238 53
290 84
190 60
241 24
239 37
291 45
191 53
242 76
240 85
292 51
192 66
243 31
241 28
293 80
193 73
244 64
242 99
294 76
194 49
245 46
243 26
295 13
195 49
246 17
244 87
296 60
196 83
247 100
245 81
297 69
197 100
248 14
246 32
298 33
198 19
249 54
247 71
299 39
199 32
250 36
248 28
300 93
200 86
249 93
301 82
201 57
252 81
302 69
202 90
253 91
251 75
303 67
203 70
254 50
252 47
304 77
204 24
255 62
253 47
305 94
205 79
256 34
254 37
306 24
206 16
257 71
255 50
307 98
207 40
258 29
256 31
308 96
208 87
259 10
257 19
309 83
209 63
260 32
258 98
310 88
210 38
261 84
259 82
311 40
211 62
262 56
260 44
312 43
212 54
263 42
261 42
313 58
213 52
264 48
262 87
314 91
214 68
265 74
263 30
315 28
215 97
266 45
264 85
316 83
216 55
267 53
265 92
317 67
217 44
268 64
266 61
318 89
218 23
269 87
267 91
319 51
219 61
270 93
268 71
320 33
220 39
271 93
269 19
321 82
221 88
272 94
270 78
322 35
222 26
273 82
271 73
323 86
223 56
274 65
272 82
324 11
224 38
275 83
273 39
325 65
225 74
276 69
274 83
326 32
226 36
277 82
275 65
327 34
227 98
278 41
276 18
328 20
228 33
279 77
277 60
329 14
229 24
280 33
278 60
330 52
230 50
281 62
279 39
331 47
231 54
282 51
280 48
332 70
232 85
283 98
281 59
333 52
233 10
284 47
282 37
334 16
234 30
285 48
283 11
335 60
235 50
286 32
284 68
336 56
236 97
287 36
285 98
337 76
237 63
288 65
286 18
338 19
238 14
289 32
287 56
339 30
239 17
290 55
288 28
340 65
240 75
291 42
289 54
341 25
241 65
292 69
290 34
342 61
242 92
293 29
291 60
343 98
243 95
294 94
292 94
344 12
244 58
295 79
293 76
345 72
245 95
296 49
294 89
346 61
246 64
297 79
295 54
347 25
247 34
298 99
296 47
348 67
248 98
299 40
297 28
349 49
249 57
300 55
298 94
350 46
250 45
299 12
351 22
251 16
302 66
352 22
252 25
303 84
301 29
353 25
253 31
304 74
302 67
354 73
254 45
305 88
303 73
355 98
255 38
306 73
304 31
356 58
256 71
307 35
305 41
357 80
257 30
308 60
306 33
358 15
258 85
309 30
307 39
359 56
259 62
310 71
308 45
360 40
260 41
311 32
309 13
361 71
261 58
312 86
310 18
362 97
262 15
313 85
311 41
363 93
263 67
314 57
312 34
364 34
264 77
315 76
313 23
365 77
265 37
316 70
314 29
366 67
266 18
317 52
315 76
367 53
267 25
318 76
316 58
368 59
268 28
319 73
317 32
369 68
269 78
320 20
318 87
370 86
270 38
321 100
319 35
371 27
271 31
322 15
320 71
372 85
272 33
323 45
321 34
373 43
273 52
324 13
322 80
374 100
274 69
325 60
323 49
375 19
275 61
326 98
324 44
376 94
276 100
327 33
325 25
377 34
277 24
328 94
326 81
378 30
278 24
329 96
327 57
379 82
279 99
330 25
328 24
380 42
280 59
331 48
329 33
381 74
281 27
332 20
330 79
382 93
282 14
333 88
331 55
383 89
283 50
334 97
332 18
384 49
284 46
335 17
333 59
385 33
285 61
336 71
334 82
386 98
286 24
337 97
335 17
387 51
287 76
338 22
336 93
388 87
288 12
339 54
337 93
389 78
289 56
340 80
338 53
390 16
290 11
341 25
339 100
391 36
291 86
342 28
340 77
392 12
292 47
343 64
341 72
393 49
293 57
344 63
342 10
394 45
294 18
345 56
343 72
395 51
295 33
346 79
344 73
396 93
296 47
347 36
345 52
397 62
297 60
348 53
346 26
398 90
298 58
349 18
347 49
399 97
299 32
350 78
348 43
400 64
300 80
349 74
401 92
301 74
352 66
402 28
302 41
353 16
351 98
403 43
303 92
354 26
352 96
404 25
304 74
355 85
353 84
405 96
305 26
356 11
354 88
406 17
306 75
357 22
355 60
407 62
307 49
358 12
356 43
408 55
308 93
359 59
357 60
409 65
309 32
360 93
358 27
410 48
310 93
361 56
359 64
411 78
311 27
362 43
360 84
412 32
312 58
363 13
361 67
413 56
313 46
364 65
362 79
414 48
314 10
365 21
363 85
415 89
315 47
366 44
364 98
416 79
316 28
367 93
365 24
417 30
317 32
368 89
366 43
418 20
318 61
369 62
367 69
419 94
319 34
370 34
368 94
420 40
320 77
371 88
369 20
421 43
321 29
372 68
370 82
422 72
322 45
373 27
371 71
423 97
323 23
374 68
372 42
424 22
324 96
375 70
373 12
425 56
325 24
376 55
374 72
426 63
326 35
377 94
375 23
427 68
327 31
378 13
376 52
428 44
328 70
379 31
377 29
429 13
329 59
380 72
378 24
430 35
330 78
381 81
379 66
431 98
331 36
382 34
380 45
432 85
332 81
383 58
381 48
433 81
333 40
384 54
382 49
434 72
334 74
385 97
383 20
435 78
335 37
386 87
384 21
436 52
336 89
387 82
385 16
437 83
337 63
388 84
386 50
438 79
338 83
389 25
387 24
439 37
339 13
390 34
388 36
440 35
340 63
391 57
389 97
441 67
341 25
392 32
390 68
442 28
342 36
393 33
391 55
443 86
343 31
394 74
392 30
444 13
344 82
395 38
393 97
445 48
345 84
396 83
394 51
446 16
346 49
397 51
395 94
447 93
347 87
398 94
396 93
448 85
348 37
399 16
397 92
449 12
349 63
400 15
398 98
450 26
350 74
399 20
451 95
351 38
402 71
452 18
352 71
403 88
401 97
453 83
353 65
404 34
402 39
454 64
354 61
405 50
403 53
455 72
355 67
406 49
404 66
456 81
356 47
407 60
405 92
457 54
357 88
408 26
406 46
458 23
358 36
409 90
407 91
459 15
359 59
410 41
408 93
460 71
360 30
411 55
409 94
461 47
361 49
412 83
410 97
462 16
362 85
413 10
411 65
463 39
363 58
414 61
412 20
464 85
364 37
415 41
413 78
465 57
365 56
416 85
414 96
466 76
366 54
417 77
415 76
467 42
367 81
418 77
416 10
468 30
368 97
419 79
417 86
469 81
369 78
420 31
418 51
470 21
370 89
421 77
419 10
471 59
371 87
422 32
420 70
472 29
372 93
423 85
421 56
473 24
373 15
424 57
422 53
474 58
374 79
425 54
423 38
475 28
375 75
426 57
424 62
476 14
376 97
427 53
425 29
477 15
377 29
428 79
426 47
478 45
378 79
429 51
427 39
479 81
379 72
430 69
428 65
480 96
380 27
431 93
429 61
481 62
381 46
432 91
430 24
482 79
382 62
433 67
431 43
483 85
383 99
434 15
432 52
484 97
384 80
435 90
433 79
485 90
385 15
436 31
434 64
486 21
386 74
437 78
435 78
487 31
387 57
438 91
436 87
488 96
388 96
439 20
437 11
489 70
389 53
440 64
438 75
490 97
390 74
441 18
439 39
491 88
391 97
442 15
440 38
492 82
392 18
443 29
441 46
493 28
393 55
444 98
442 98
494 14
394 48
445 83
443 81
495 91
395 98
446 49
444 25
496 12
396 14
447 80
445 23
497 29
397 37
448 55
446 64
498 93
398 57
449 32
447 49
499 34
399 14
450 33
448 84
500 84
400 94
449 27
501 30
401 10
452 100
502 75
402 68
453 69
451 59
503 57
403 51
454 83
452 44
504 22
404 21
455 13
453 68
505 67
405 18
456 53
454 92
506 22
406 60
457 40
455 70
507 69
407 58
458 93
456 17
508 96
408 14
459 23
457 49
509 99
409 52
460 15
458 68
510 63
410 73
461 92
459 53
511 41
411 85
462 53
460 44
512 67
412 62
463 25
461 22
513 55
413 46
464 89
462 22
514 14
414 11
465 72
463 17
515 36
415 64
466 48
464 60
516 48
416 72
467 51
465 82
517 26
417 34
468 43
466 95
518 70
418 51
469 94
467 97
519 40
419 75
470 54
468 58
520 53
420 82
471 56
469 68
521 10
421 78
472 30
470 29
522 46
422 15
473 70
471 58
523 19
423 69
474 49
472 29
524 35
424 69
475 58
473 18
525 86
425 38
476 11
474 44
526 10
426 89
477 40
475 35
527 46
427 25
478 11
476 30
528 70
428 39
479 85
477 49
529 32
429 56
480 97
478 59
530 54
430 17
481 61
479 14
531 42
431 50
482 98
480 35
532 67
432 31
483 47
481 53
533 29
433 10
484 71
482 37
534 62
434 24
485 69
483 56
535 30
435 22
486 57
484 92
536 48
436 100
487 72
485 13
537 79
437 47
488 26
486 89
538 24
438 25
489 69
487 87
539 79
439 77
490 31
488 32
540 16
440 29
491 28
489 63
541 88
441 25
492 27
490 72
542 91
442 18
493 55
491 28
543 50
443 90
494 23
492 32
544 15
444 92
495 30
493 59
545 55
445 62
496 48
494 11
546 16
446 97
497 32
495 25
547 89
447 18
498 15
496 60
548 15
448 80
499 82
497 61
549 21
449 46
500 30
498 38
550 31
450 46
499 51
551 93
451 91
502 86
552 79
452 37
503 76
501 10
553 55
453 27
504 57
502 67
554 84
454 98
505 32
503 52
555 12
455 83
506 74
504 63
556 100
456 79
507 22
505 71
557 19
457 17
508 88
506 49
558 94
458 40
509 48
507 12
559 51
459 99
510 49
508 34
560 91
460 61
511 78
509 37
561 56
461 17
512 97
510 57
562 79
462 67
513 10
511 83
563 65
463 79
514 75
512 100
564 32
464 34
515 56
513 68
565 63
465 78
516 80
514 26
566 69
466 33
517 86
515 44
567 14
467 26
518 63
516 99
568 98
468 10
519 51
517 37
569 47
469 62
520 18
518 53
570 63
470 90
521 73
519 70
571 88
471 85
522 53
520 47
572 65
472 93
523 40
521 43
573 32
473 29
524 28
522 38
574 59
474 31
525 96
523 99
575 40
475 83
526 20
524 71
576 66
476 89
527 40
525 23
577 55
477 83
528 49
526 35
578 85
478 48
529 64
527 77
579 60
479 66
530 34
528 40
580 34
480 55
531 54
529 53
581 70
481 95
532 59
530 85
582 71
482 32
533 23
531 36
583 79
483 80
534 72
532 80
584 100
484 24
535 24
533 20
585 36
485 67
536 63
534 60
586 46
486 77
537 61
535 53
587 90
487 61
538 54
536 16
588 44
488 100
539 90
537 95
589 99
489 23
540 51
538 94
590 17
490 68
541 71
539 68
591 64
491 79
542 72
540 87
592 24
492 90
543 17
541 59
593 27
493 97
544 94
542 30
594 53
494 49
545 83
543 17
595 76
495 91
546 29
544 18
596 42
496 39
547 52
545 67
597 81
497 32
548 92
546 30
598 40
498 46
549 43
547 46
599 87
499 58
550 27
548 87
600 21
500 10
549 32
501 93
552 25
502 80
553 27
551 32
503 79
554 53
552 39
504 91
555 66
553 80
505 43
556 82
554 60
506 58
557 43
555 95
507 90
558 54
556 32
508 100
559 36
557 27
509 72
560 56
558 95
510 76
561 46
559 90
511 30
562 52
560 74
512 97
563 76
561 48
513 93
564 40
562 60
514 19
565 34
563 12
515 13
566 63
564 33
516 27
567 77
565 99
517 51
568 73
566 67
518 16
569 73
567 100
519 51
570 85
568 73
520 21
571 33
569 75
521 29
572 41
570 91
522 69
573 63
571 37
523 58
574 90
572 25
524 74
575 69
573 33
525 47
576 38
574 54
526 14
577 16
575 45
527 18
578 37
576 45
528 36
579 13
577 30
529 38
580 85
578 38
530 90
581 47
579 77
531 77
582 98
580 58
532 73
583 95
581 36
533 74
584 32
582 84
534 74
585 98
583 88
535 54
586 92
584 71
536 66
587 18
585 75
537 85
588 67
586 96
538 25
589 80
587 74
539 30
590 50
588 91
540 66
591 95
589 38
541 11
592 49
590 49
542 76
593 24
591 97
543 67
594 40
592 53
544 89
595 58
593 11
545 50
596 38
594 94
546 62
597 76
595 78
547 58
598 30
596 49
548 73
599 74
597 22
549 22
600 99
598 84
550 91
599 38
325
235
3 292 76 325 
1 349 
1 94 
2 85 293 
1 524 
1 534 
1 485 
2 321 341 
2 5 62 
1 525 
3 165 124 231 
1 34 
1 197 
2 75 218 
2 286 370 
2 445 145 
2 313 575 
2 142 17 
2 360 48 
3 368 57 71 
2 526 469 
1 584 
2 415 246 
1 501 
2 177 510 
1 450 
1 583 
1 399 
2 385 388 
1 358 
5 558 479 466 105 28 
2 486 576 
2 196 156 
1 175 
1 14 
2 372 474 
2 348 528 
1 585 
1 4 
3 213 527 193 
4 463 297 439 254 
2 238 176 
1 186 
1 588 
1 410 
2 268 484 
2 517 343 
3 73 82 66 
2 393 149 
2 118 262 
3 308 291 27 
2 543 434 
3 401 6 350 
2 457 248 
1 23 
2 335 400 
1 272 
2 430 518 
1 560 
4 406 11 228 41 
1 493 
3 433 395 155 
2 58 129 
3 121 12 281 
2 499 128 
1 374 
1 154 
1 233 
2 111 31 
1 418 
3 90 276 568 
2 476 43 
4 203 569 267 443 
4 446 122 513 347 
1 241 
2 236 182 
1 119 
2 179 181 
2 498 572 
2 553 408 
3 249 70 429 
2 337 346 
3 545 67 21 
1 382 
2 56 319 
1 138 
1 397 
1 547 
2 441 32 
2 555 581 
2 322 519 
2 492 488 
2 33 475 
1 151 
1 298 
3 487 206 24 
1 338 
4 567 503 598 202 
1 63 
1 386 
3 404 514 448 
1 54 
1 449 
2 198 199 
2 413 596 
2 468 171 
2 307 68 
1 147 
1 130 
1 309 
1 444 
2 15 232 
2 538 522 
3 157 37 235 
