400 1520 10 100 76
2
3
3
3
3
3
3
3
3
3
3
3
3
3
3
3
3
3
3
2
3
4
4
4
4
4
4
4
4
4
4
4
4
4
4
4
4
4
4
3
3
4
4
4
4
4
4
4
4
4
4
4
4
4
4
4
4
4
4
3
3
4
4
4
4
4
4
4
4
4
4
4
4
4
4
4
4
4
4
3
3
4
4
4
4
4
4
4
4
4
4
4
4
4
4
4
4
4
4
3
3
4
4
4
4
4
4
4
4
4
4
4
4
4
4
4
4
4
4
3
3
4
4
4
4
4
4
4
4
4
4
4
4
4
4
4
4
4
4
3
3
4
4
4
4
4
4
4
4
4
4
4
4
4
4
4
4
4
4
3
3
4
4
4
4
4
4
4
4
4
4
4
4
4
4
4
4
4
4
3
3
4
4
4
4
4
4
4
4
4
4
4
4
4
4
4
4
4
4
3
3
4
4
4
4
4
4
4
4
4
4
4
4
4
4
4
4
4
4
3
3
4
4
4
4
4
4
4
4
4
4
4
4
4
4
4
4
4
4
3
3
4
4
4
4
4
4
4
4
4
4
4
4
4
4
4
4
4
4
3
3
4
4
4
4
4
4
4
4
4
4
4
4
4
4
4
4
4
4
3
3
4
4
4
4
4
4
4
4
4
4
4
4
4
4
4
4
4
4
3
3
4
4
4
4
4
4
4
4
4
4
4
4
4
4
4
4
4
4
3
3
4
4
4
4
4
4
4
4
4
4
4
4
4
4
4
4
4
4
3
3
4
4
4
4
4
4
4
4
4
4
4
4
4
4
4
4
4
4
3
3
4
4
4
4
4
4
4
4
4
4
4
4
4
4
4
4
4
4
3
2
3
3
3
3
3
3
3
3
3
3
3
3
3
3
3
3
3
3
2
21 34
2 29
22 88
3 92
1 78
23 49
4 11
2 80
24 16
5 82
3 95
25 44
6 43
4 72
26 48
7 69
5 20
27 47
8 79
6 83
28 20
9 46
7 41
29 10
10 96
8 13
30 88
11 38
9 34
31 48
12 17
10 47
32 73
13 79
11 67
33 54
14 14
12 97
34 67
15 20
13 15
35 43
16 88
14 80
36 82
17 76
15 74
37 13
18 70
16 34
38 87
19 73
17 23
39 65
20 13
18 44
40 47
19 72
41 47
1 89
22 56
42 26
2 88
23 67
21 31
43 24
3 57
24 62
22 91
44 14
4 50
25 85
23 13
45 10
5 70
26 89
24 57
46 21
6 52
27 25
25 78
47 20
7 23
28 56
26 20
48 90
8 99
29 99
27 12
49 34
9 78
30 93
28 65
50 75
10 92
31 76
29 87
51 21
11 49
32 66
30 18
52 10
12 100
33 45
31 61
53 68
13 42
34 35
32 88
54 89
14 94
35 64
33 49
55 51
15 80
36 59
34 59
56 53
16 24
37 79
35 80
57 53
17 19
38 67
36 35
58 52
18 51
39 50
37 97
59 21
19 91
40 38
38 40
60 80
20 67
39 62
61 70
21 57
42 29
62 13
22 64
43 79
41 12
63 87
23 60
44 64
42 90
64 64
24 85
45 37
43 79
65 35
25 30
46 48
44 24
66 66
26 26
47 60
45 37
67 10
27 65
48 40
46 11
68 25
28 31
49 17
47 39
69 50
29 43
50 75
48 58
70 67
30 52
51 62
49 66
71 30
31 97
52 86
50 12
72 82
32 98
53 44
51 16
73 60
33 48
54 79
52 55
74 41
34 84
55 58
53 55
75 27
35 99
56 91
54 69
76 68
36 13
57 17
55 21
77 21
37 51
58 59
56 34
78 89
38 52
59 35
57 44
79 51
39 86
60 34
58 15
80 54
40 48
59 92
81 63
41 47
62 37
82 45
42 61
63 56
61 44
83 25
43 65
64 53
62 100
84 27
44 51
65 77
63 74
85 30
45 85
66 24
64 99
86 96
46 76
67 22
65 74
87 95
47 27
68 83
66 25
88 74
48 86
69 22
67 81
89 74
49 26
70 58
68 12
90 63
50 30
71 38
69 50
91 95
51 17
72 29
70 84
92 13
52 39
73 54
71 92
93 29
53 20
74 40
72 55
94 87
54 31
75 45
73 14
95 80
55 37
76 58
74 63
96 27
56 14
77 39
75 31
97 81
57 18
78 94
76 26
98 32
58 10
79 35
77 40
99 100
59 48
80 41
78 79
100 45
60 75
79 49
101 56
61 63
82 79
102 80
62 50
83 37
81 49
103 71
63 61
84 27
82 89
104 97
64 21
85 38
83 70
105 59
65 38
86 42
84 22
106 99
66 38
87 91
85 88
107 31
67 47
88 72
86 95
108 55
68 94
89 90
87 80
109 79
69 90
90 33
88 44
110 93
70 83
91 37
89 11
111 34
71 70
92 78
90 29
112 90
72 28
93 66
91 35
113 99
73 82
94 52
92 32
114 32
74 26
95 29
93 44
115 41
75 88
96 44
94 40
116 45
76 13
97 100
95 99
117 96
77 79
98 35
96 51
118 59
78 21
99 43
97 59
119 48
79 41
100 23
98 90
120 60
80 67
99 61
121 85
81 49
102 10
122 92
82 22
103 69
101 67
123 70
83 92
104 41
102 21
124 90
84 55
105 32
103 13
125 50
85 59
106 17
104 77
126 78
86 22
107 44
105 27
127 84
87 77
108 30
106 28
128 87
88 94
109 19
107 73
129 62
89 31
110 14
108 50
130 35
90 11
111 46
109 12
131 56
91 16
112 16
110 59
132 55
92 24
113 32
111 54
133 90
93 36
114 94
112 39
134 65
94 88
115 54
113 74
135 72
95 77
116 21
114 38
136 17
96 14
117 62
115 59
137 46
97 23
118 27
116 58
138 86
98 81
119 68
117 84
139 91
99 83
120 15
118 42
140 61
100 24
119 86
141 42
101 45
122 96
142 86
102 13
123 51
121 58
143 42
103 32
124 57
122 51
144 85
104 80
125 23
123 93
145 16
105 13
126 29
124 28
146 50
106 76
127 22
125 24
147 58
107 14
128 18
126 20
148 18
108 32
129 16
127 80
149 18
109 33
130 41
128 93
150 93
110 17
131 19
129 68
151 94
111 16
132 88
130 79
152 94
112 43
133 18
131 42
153 10
113 39
134 13
132 81
154 38
114 31
135 41
133 14
155 63
115 89
136 90
134 56
156 26
116 22
137 42
135 65
157 71
117 44
138 87
136 40
158 92
118 37
139 11
137 73
159 92
119 26
140 23
138 47
160 56
120 59
139 16
161 84
121 41
142 80
162 93
122 89
143 19
141 56
163 95
123 64
144 71
142 65
164 39
124 91
145 54
143 85
165 56
125 85
146 67
144 65
166 42
126 50
147 19
145 61
167 41
127 63
148 69
146 53
168 64
128 77
149 81
147 76
169 45
129 96
150 82
148 24
170 44
130 80
151 90
149 50
171 15
131 14
152 81
150 72
172 35
132 33
153 39
151 80
173 13
133 88
154 22
152 55
174 30
134 29
155 67
153 47
175 27
135 72
156 12
154 73
176 17
136 14
157 24
155 82
177 87
137 97
158 53
156 35
178 46
138 98
159 87
157 55
179 40
139 24
160 90
158 83
180 93
140 54
159 50
181 33
141 53
162 10
182 79
142 50
163 73
161 78
183 69
143 95
164 11
162 58
184 53
144 59
165 41
163 33
185 98
145 94
166 16
164 34
186 56
146 69
167 21
165 13
187 20
147 12
168 18
166 44
188 93
148 87
169 53
167 51
189 68
149 35
170 92
168 46
190 59
150 41
171 60
169 27
191 57
151 33
172 47
170 62
192 58
152 69
173 13
171 89
193 48
153 43
174 78
172 61
194 74
154 31
175 100
173 63
195 82
155 29
176 18
174 52
196 72
156 43
177 43
175 97
197 34
157 39
178 34
176 80
198 16
158 81
179 43
177 47
199 92
159 71
180 20
178 88
200 100
160 51
179 63
201 85
161 100
182 59
202 39
162 98
183 43
181 55
203 16
163 16
184 25
182 36
204 80
164 21
185 83
183 20
205 77
165 83
186 43
184 14
206 73
166 33
187 63
185 98
207 84
167 47
188 85
186 62
208 24
168 58
189 56
187 92
209 81
169 73
190 98
188 99
210 37
170 76
191 14
189 61
211 32
171 17
192 77
190 54
212 16
172 51
193 76
191 82
213 24
173 36
194 30
192 43
214 26
174 99
195 43
193 73
215 90
175 89
196 83
194 78
216 73
176 31
197 71
195 42
217 81
177 100
198 15
196 53
218 42
178 94
199 31
197 58
219 18
179 82
200 46
198 33
220 21
180 45
199 57
221 39
181 70
202 94
222 19
182 54
203 27
201 64
223 26
183 90
204 32
202 78
224 88
184 38
205 93
203 18
225 27
185 20
206 24
204 23
226 60
186 66
207 87
205 84
227 32
187 28
208 55
206 46
228 69
188 37
209 48
207 62
229 36
189 81
210 66
208 49
230 52
190 63
211 26
209 58
231 48
191 99
212 100
210 25
232 73
192 26
213 72
211 76
233 30
193 18
214 53
212 69
234 60
194 30
215 14
213 29
235 60
195 84
216 53
214 11
236 87
196 65
217 91
215 66
237 36
197 62
218 62
216 31
238 62
198 72
219 67
217 50
239 86
199 100
220 12
218 61
240 60
200 57
219 29
241 22
201 89
222 48
242 64
202 55
223 14
221 94
243 78
203 17
224 56
222 100
244 65
204 50
225 80
223 36
245 16
205 78
226 25
224 71
246 45
206 65
227 52
225 34
247 33
207 99
228 92
226 76
248 92
208 30
229 100
227 95
249 87
209 74
230 50
228 20
250 80
210 84
231 36
229 86
251 84
211 32
232 66
230 29
252 62
212 79
233 42
231 57
253 29
213 50
234 40
232 58
254 73
214 92
235 85
233 73
255 32
215 24
236 22
234 48
256 29
216 24
237 94
235 82
257 96
217 43
238 94
236 25
258 58
218 44
239 72
237 20
259 54
219 21
240 65
238 31
260 47
220 46
239 86
261 19
221 65
242 46
262 95
222 73
243 17
241 67
263 63
223 27
244 11
242 47
264 84
224 62
245 35
243 16
265 85
225 93
246 40
244 55
266 59
226 45
247 32
245 85
267 45
227 28
248 85
246 27
268 39
228 15
249 55
247 74
269 61
229 98
250 53
248 46
270 36
230 60
251 70
249 99
271 71
231 20
252 29
250 35
272 90
232 65
253 11
251 100
273 43
233 52
254 10
252 61
274 79
234 74
255 81
253 90
275 81
235 15
256 81
254 96
276 84
236 24
257 27
255 21
277 96
237 51
258 59
256 96
278 19
238 97
259 36
257 44
279 28
239 49
260 41
258 10
280 78
240 69
259 52
281 87
241 63
262 47
282 91
242 36
263 21
261 94
283 86
243 91
264 28
262 29
284 12
244 14
265 45
263 72
285 23
245 96
266 100
264 10
286 40
246 96
267 30
265 57
287 10
247 24
268 77
266 25
288 99
248 34
269 88
267 32
289 17
249 49
270 45
268 31
290 88
250 49
271 55
269 50
291 23
251 21
272 96
270 45
292 82
252 25
273 44
271 54
293 40
253 46
274 12
272 31
294 88
254 15
275 43
273 73
295 50
255 40
276 96
274 35
296 100
256 59
277 73
275 29
297 49
257 71
278 77
276 65
298 64
258 43
279 67
277 65
299 89
259 57
280 56
278 35
300 60
260 12
279 70
301 56
261 65
282 57
302 14
262 15
283 14
281 34
303 62
263 62
284 93
282 89
304 56
264 45
285 16
283 76
305 25
265 67
286 61
284 14
306 69
266 23
287 86
285 80
307 33
267 50
288 42
286 50
308 74
268 73
289 10
287 22
309 33
269 71
290 85
288 71
310 83
270 41
291 24
289 40
311 52
271 68
292 12
290 87
312 93
272 94
293 62
291 97
313 39
273 76
294 37
292 25
314 34
274 52
295 81
293 99
315 51
275 79
296 90
294 20
316 48
276 49
297 31
295 83
317 85
277 43
298 95
296 67
318 20
278 97
299 65
297 39
319 17
279 20
300 95
298 88
320 86
280 77
299 87
321 25
281 78
302 70
322 26
282 98
303 46
301 44
323 89
283 16
304 64
302 31
324 22
284 27
305 29
303 90
325 52
285 100
306 36
304 34
326 21
286 43
307 87
305 42
327 49
287 54
308 59
306 24
328 46
288 78
309 85
307 59
329 51
289 30
310 89
308 49
330 73
290 95
311 65
309 31
331 44
291 38
312 28
310 43
332 97
292 80
313 75
311 45
333 66
293 40
314 10
312 83
334 56
294 80
315 93
313 12
335 48
295 18
316 45
314 86
336 51
296 19
317 73
315 42
337 83
297 14
318 95
316 67
338 69
298 22
319 22
317 95
339 58
299 31
320 23
318 78
340 54
300 55
319 14
341 76
301 20
322 50
342 72
302 53
323 22
321 73
343 17
303 98
324 31
322 38
344 45
304 62
325 61
323 48
345 86
305 53
326 49
324 73
346 87
306 85
327 63
325 28
347 54
307 67
328 48
326 35
348 91
308 21
329 52
327 26
349 98
309 46
330 68
328 50
350 79
310 67
331 20
329 99
351 97
311 88
332 38
330 48
352 38
312 11
333 89
331 78
353 37
313 44
334 44
332 80
354 75
314 40
335 16
333 90
355 91
315 89
336 19
334 77
356 72
316 77
337 53
335 64
357 14
317 21
338 12
336 73
358 38
318 61
339 79
337 37
359 45
319 74
340 87
338 96
360 76
320 44
339 85
361 34
321 88
342 30
362 15
322 79
343 63
341 35
363 70
323 96
344 26
342 77
364 60
324 96
345 35
343 75
365 43
325 15
346 62
344 51
366 33
326 96
347 47
345 86
367 14
327 49
348 95
346 25
368 19
328 37
349 96
347 81
369 81
329 93
350 34
348 34
370 35
330 37
351 86
349 86
371 74
331 91
352 70
350 20
372 31
332 22
353 53
351 60
373 10
333 53
354 85
352 93
374 34
334 83
355 10
353 93
375 35
335 58
356 68
354 69
376 80
336 77
357 48
355 66
377 97
337 20
358 12
356 29
378 29
338 99
359 36
357 10
379 94
339 89
360 98
358 54
380 13
340 91
359 75
381 80
341 32
362 10
382 88
342 51
363 94
361 67
383 38
343 87
364 45
362 37
384 37
344 77
365 14
363 69
385 51
345 32
366 83
364 28
386 76
346 95
367 83
365 38
387 27
347 17
368 54
366 79
388 73
348 96
369 13
367 11
389 80
349 70
370 56
368 15
390 76
350 58
371 66
369 83
391 74
351 89
372 43
370 25
392 28
352 49
373 25
371 76
393 45
353 28
374 14
372 13
394 64
354 18
375 54
373 52
395 57
355 28
376 98
374 48
396 29
356 44
377 39
375 58
397 73
357 27
378 29
376 79
398 42
358 91
379 45
377 77
399 84
359 14
380 30
378 64
400 58
360 49
379 35
361 58
382 31
362 21
383 28
381 24
363 58
384 94
382 30
364 85
385 57
383 74
365 78
386 77
384 30
366 47
387 86
385 72
367 54
388 70
386 28
368 14
389 52
387 45
369 92
390 17
388 84
370 86
391 21
389 75
371 76
392 77
390 48
372 37
393 24
391 96
373 80
394 44
392 96
374 48
395 30
393 59
375 56
396 36
394 76
376 17
397 71
395 77
377 37
398 47
396 93
378 37
399 11
397 11
379 82
400 77
398 46
380 12
399 43
13
272
2 260 13 
1 212 
2 290 210 
1 373 
1 237 
4 70 313 68 264 
3 248 151 322 
2 181 134 
1 87 
1 135 
2 205 390 
1 321 
1 58 
1 138 
2 39 173 
1 250 
1 125 
3 22 283 252 
2 73 193 
3 72 374 342 
2 159 331 
2 15 194 
2 398 319 
3 288 155 153 
1 190 
2 97 102 
2 111 1 
2 244 113 
1 380 
3 364 368 359 
1 365 
2 56 156 
2 61 387 
1 299 
2 383 345 
3 172 131 287 
2 395 86 
1 307 
1 261 
1 183 
2 145 251 
1 198 
1 231 
3 211 378 221 
2 142 301 
2 302 94 
1 44 
4 121 360 351 311 
2 117 164 
1 101 
1 180 
2 26 28 
4 267 178 369 271 
2 257 218 
2 339 263 
2 136 152 
1 3 
1 233 
1 30 
2 315 347 
1 184 
3 25 174 280 
2 92 62 
1 108 
3 325 162 354 
4 118 232 203 60 
4 330 195 93 352 
2 67 171 
2 63 149 
1 255 
2 128 245 
1 37 
2 189 224 
1 389 
1 393 
2 386 272 
