400 1500 10 100 76
2
3
3
3
3
3
3
3
3
3
3
3
3
3
3
3
3
3
3
3
3
3
3
3
3
3
3
3
3
3
3
3
3
3
3
3
3
3
3
2
3
4
4
4
4
4
4
4
4
4
4
4
4
4
4
4
4
4
4
4
4
4
4
4
4
4
4
4
4
4
4
4
4
4
4
4
4
4
4
3
3
4
4
4
4
4
4
4
4
4
4
4
4
4
4
4
4
4
4
4
4
4
4
4
4
4
4
4
4
4
4
4
4
4
4
4
4
4
4
3
3
4
4
4
4
4
4
4
4
4
4
4
4
4
4
4
4
4
4
4
4
4
4
4
4
4
4
4
4
4
4
4
4
4
4
4
4
4
4
3
3
4
4
4
4
4
4
4
4
4
4
4
4
4
4
4
4
4
4
4
4
4
4
4
4
4
4
4
4
4
4
4
4
4
4
4
4
4
4
3
3
4
4
4
4
4
4
4
4
4
4
4
4
4
4
4
4
4
4
4
4
4
4
4
4
4
4
4
4
4
4
4
4
4
4
4
4
4
4
3
3
4
4
4
4
4
4
4
4
4
4
4
4
4
4
4
4
4
4
4
4
4
4
4
4
4
4
4
4
4
4
4
4
4
4
4
4
4
4
3
3
4
4
4
4
4
4
4
4
4
4
4
4
4
4
4
4
4
4
4
4
4
4
4
4
4
4
4
4
4
4
4
4
4
4
4
4
4
4
3
3
4
4
4
4
4
4
4
4
4
4
4
4
4
4
4
4
4
4
4
4
4
4
4
4
4
4
4
4
4
4
4
4
4
4
4
4
4
4
3
2
3
3
3
3
3
3
3
3
3
3
3
3
3
3
3
3
3
3
3
3
3
3
3
3
3
3
3
3
3
3
3
3
3
3
3
3
3
3
2
41 53
2 29
42 22
3 82
1 13
43 26
4 40
2 32
44 75
5 98
3 47
45 71
6 41
4 69
46 56
7 31
5 54
47 46
8 59
6 82
48 86
9 77
7 29
49 88
10 76
8 35
50 76
11 91
9 52
51 54
12 57
10 17
52 75
13 54
11 83
53 91
14 28
12 30
54 80
15 47
13 31
55 23
16 33
14 21
56 67
17 54
15 31
57 87
18 30
16 39
58 40
19 18
17 40
59 87
20 87
18 63
60 73
21 36
19 64
61 89
22 83
20 43
62 100
23 68
21 52
63 70
24 21
22 89
64 35
25 70
23 40
65 57
26 99
24 89
66 49
27 71
25 11
67 42
28 94
26 98
68 48
29 91
27 53
69 96
30 91
28 11
70 40
31 42
29 58
71 74
32 10
30 17
72 66
33 26
31 53
73 61
34 34
32 47
74 44
35 27
33 90
75 10
36 51
34 14
76 40
37 23
35 21
77 54
38 44
36 61
78 90
39 60
37 26
79 93
40 77
38 27
80 91
39 34
81 78
1 48
42 83
82 37
2 76
43 36
41 22
83 37
3 89
44 73
42 91
84 69
4 58
45 22
43 43
85 23
5 15
46 97
44 13
86 53
6 69
47 39
45 24
87 42
7 59
48 93
46 58
88 41
8 99
49 54
47 27
89 51
9 24
50 42
48 51
90 38
10 47
51 23
49 26
91 22
11 62
52 20
50 19
92 21
12 57
53 27
51 90
93 94
13 30
54 74
52 28
94 68
14 21
55 77
53 20
95 51
15 75
56 23
54 47
96 81
16 71
57 92
55 18
97 26
17 67
58 25
56 86
98 72
18 98
59 21
57 79
99 86
19 40
60 93
58 25
100 11
20 36
61 55
59 49
101 71
21 95
62 41
60 38
102 44
22 30
63 11
61 98
103 56
23 86
64 30
62 87
104 28
24 72
65 83
63 15
105 44
25 38
66 33
64 93
106 39
26 34
67 70
65 81
107 40
27 89
68 74
66 98
108 87
28 67
69 16
67 78
109 34
29 35
70 88
68 87
110 55
30 65
71 99
69 64
111 76
31 40
72 11
70 27
112 27
32 56
73 22
71 27
113 61
33 61
74 49
72 52
114 32
34 87
75 92
73 95
115 61
35 88
76 53
74 46
116 43
36 82
77 63
75 51
117 19
37 14
78 96
76 98
118 59
38 71
79 93
77 51
119 45
39 35
80 35
78 48
120 25
40 75
79 65
121 39
41 46
82 43
122 70
42 98
83 87
81 96
123 98
43 20
84 60
82 29
124 81
44 50
85 67
83 80
125 73
45 44
86 46
84 11
126 66
46 10
87 60
85 38
127 68
47 10
88 95
86 94
128 73
48 45
89 63
87 35
129 59
49 16
90 15
88 42
130 34
50 94
91 46
89 40
131 19
51 63
92 82
90 44
132 59
52 24
93 81
91 79
133 28
53 50
94 20
92 75
134 49
54 27
95 29
93 36
135 54
55 82
96 62
94 77
136 95
56 71
97 42
95 94
137 81
57 46
98 46
96 65
138 66
58 18
99 81
97 17
139 50
59 88
100 70
98 35
140 58
60 78
101 32
99 61
141 32
61 12
102 12
100 64
142 19
62 84
103 15
101 61
143 65
63 52
104 64
102 83
144 60
64 14
105 91
103 78
145 53
65 93
106 44
104 60
146 53
66 15
107 54
105 72
147 51
67 71
108 100
106 91
148 10
68 76
109 54
107 91
149 41
69 27
110 32
108 46
150 23
70 54
111 70
109 61
151 91
71 90
112 56
110 64
152 100
72 13
113 70
111 99
153 58
73 60
114 75
112 12
154 92
74 43
115 80
113 69
155 21
75 79
116 53
114 50
156 47
76 24
117 78
115 62
157 39
77 75
118 95
116 91
158 81
78 76
119 19
117 50
159 18
79 61
120 20
118 74
160 67
80 88
119 46
161 36
81 30
122 47
162 74
82 75
123 65
121 95
163 34
83 66
124 13
122 38
164 76
84 82
125 21
123 99
165 28
85 53
126 79
124 79
166 32
86 67
127 53
125 17
167 98
87 79
128 17
126 94
168 75
88 13
129 66
127 65
169 77
89 74
130 20
128 79
170 73
90 79
131 43
129 83
171 28
91 10
132 39
130 31
172 21
92 89
133 95
131 97
173 99
93 74
134 54
132 66
174 10
94 32
135 61
133 32
175 40
95 92
136 44
134 47
176 58
96 82
137 32
135 51
177 80
97 13
138 20
136 83
178 80
98 26
139 21
137 87
179 69
99 78
140 54
138 40
180 47
100 24
141 31
139 57
181 54
101 50
142 95
140 40
182 91
102 51
143 57
141 70
183 50
103 45
144 29
142 16
184 44
104 24
145 68
143 81
185 79
105 82
146 63
144 50
186 12
106 14
147 99
145 12
187 68
107 73
148 28
146 26
188 53
108 73
149 42
147 76
189 59
109 48
150 86
148 93
190 96
110 67
151 40
149 42
191 85
111 33
152 88
150 21
192 52
112 14
153 68
151 40
193 23
113 55
154 89
152 23
194 22
114 82
155 33
153 43
195 78
115 47
156 66
154 67
196 84
116 31
157 47
155 35
197 74
117 43
158 43
156 74
198 13
118 67
159 57
157 55
199 21
119 87
160 47
158 27
200 52
120 22
159 48
201 44
121 87
162 93
202 78
122 67
163 43
161 77
203 13
123 46
164 70
162 96
204 14
124 74
165 65
163 55
205 79
125 71
166 31
164 92
206 77
126 51
167 12
165 20
207 91
127 45
168 82
166 53
208 47
128 85
169 83
167 17
209 76
129 48
170 74
168 34
210 68
130 75
171 52
169 42
211 90
131 40
172 93
170 76
212 79
132 57
173 34
171 21
213 22
133 78
174 33
172 52
214 99
134 69
175 65
173 43
215 86
135 87
176 93
174 29
216 18
136 72
177 46
175 55
217 57
137 51
178 45
176 75
218 10
138 47
179 72
177 92
219 32
139 35
180 87
178 66
220 100
140 71
181 36
179 60
221 66
141 53
182 67
180 56
222 75
142 28
183 54
181 75
223 58
143 100
184 34
182 70
224 66
144 28
185 56
183 62
225 57
145 94
186 81
184 67
226 96
146 13
187 64
185 88
227 76
147 19
188 44
186 89
228 96
148 89
189 90
187 38
229 23
149 89
190 58
188 96
230 22
150 70
191 24
189 87
231 76
151 67
192 19
190 78
232 50
152 100
193 17
191 12
233 32
153 14
194 95
192 28
234 71
154 69
195 97
193 25
235 30
155 77
196 75
194 38
236 29
156 54
197 26
195 100
237 26
157 28
198 57
196 64
238 96
158 73
199 38
197 27
239 69
159 31
200 31
198 23
240 71
160 30
199 46
241 79
161 90
202 48
242 31
162 56
203 47
201 16
243 36
163 59
204 13
202 76
244 39
164 84
205 36
203 46
245 67
165 67
206 94
204 22
246 81
166 42
207 67
205 61
247 39
167 39
208 24
206 46
248 46
168 80
209 96
207 44
249 16
169 12
210 50
208 30
250 72
170 14
211 67
209 38
251 89
171 54
212 21
210 44
252 66
172 86
213 64
211 85
253 76
173 45
214 23
212 86
254 99
174 58
215 82
213 96
255 75
175 58
216 57
214 29
256 76
176 58
217 38
215 42
257 97
177 23
218 95
216 95
258 63
178 17
219 95
217 36
259 74
179 32
220 39
218 49
260 73
180 51
221 88
219 20
261 44
181 41
222 94
220 25
262 65
182 77
223 49
221 29
263 51
183 44
224 10
222 82
264 33
184 18
225 73
223 90
265 69
185 69
226 15
224 96
266 15
186 46
227 79
225 79
267 32
187 84
228 38
226 10
268 90
188 32
229 75
227 19
269 97
189 82
230 52
228 54
270 17
190 84
231 74
229 56
271 25
191 98
232 20
230 57
272 42
192 95
233 56
231 33
273 83
193 97
234 58
232 18
274 52
194 25
235 78
233 82
275 93
195 76
236 43
234 19
276 63
196 30
237 40
235 11
277 92
197 45
238 45
236 57
278 43
198 57
239 74
237 56
279 34
199 61
240 86
238 21
280 66
200 98
239 85
281 71
201 63
242 77
282 95
202 93
243 40
241 96
283 79
203 29
244 67
242 17
284 64
204 44
245 69
243 44
285 14
205 12
246 35
244 16
286 35
206 33
247 46
245 26
287 68
207 75
248 19
246 53
288 77
208 44
249 57
247 29
289 70
209 77
250 23
248 97
290 76
210 92
251 59
249 43
291 41
211 22
252 58
250 28
292 54
212 45
253 81
251 65
293 25
213 26
254 23
252 76
294 98
214 93
255 40
253 56
295 80
215 30
256 90
254 85
296 79
216 26
257 33
255 78
297 98
217 61
258 83
256 10
298 72
218 85
259 66
257 36
299 89
219 93
260 60
258 43
300 19
220 36
261 41
259 38
301 64
221 83
262 14
260 31
302 80
222 83
263 56
261 81
303 55
223 81
264 65
262 25
304 35
224 60
265 82
263 93
305 79
225 59
266 29
264 95
306 100
226 46
267 50
265 35
307 98
227 15
268 47
266 14
308 56
228 16
269 32
267 33
309 90
229 18
270 79
268 87
310 86
230 87
271 49
269 13
311 91
231 63
272 81
270 86
312 77
232 37
273 68
271 88
313 39
233 40
274 86
272 96
314 44
234 66
275 25
273 79
315 86
235 20
276 71
274 32
316 84
236 11
277 30
275 85
317 65
237 68
278 56
276 14
318 50
238 19
279 90
277 46
319 25
239 73
280 96
278 70
320 50
240 44
279 39
321 10
241 41
282 86
322 59
242 57
283 66
281 18
323 71
243 19
284 16
282 36
324 45
244 19
285 78
283 41
325 89
245 11
286 75
284 41
326 95
246 54
287 81
285 30
327 49
247 24
288 85
286 42
328 44
248 82
289 97
287 21
329 36
249 78
290 14
288 41
330 27
250 33
291 61
289 89
331 62
251 45
292 70
290 77
332 79
252 89
293 69
291 14
333 68
253 50
294 79
292 50
334 33
254 65
295 100
293 25
335 33
255 72
296 67
294 83
336 54
256 98
297 13
295 44
337 39
257 51
298 61
296 23
338 28
258 42
299 56
297 49
339 93
259 98
300 25
298 80
340 62
260 38
301 93
299 29
341 55
261 18
302 80
300 80
342 96
262 64
303 90
301 90
343 59
263 21
304 82
302 56
344 66
264 64
305 13
303 16
345 26
265 83
306 69
304 59
346 88
266 47
307 17
305 90
347 33
267 20
308 50
306 17
348 21
268 94
309 85
307 23
349 87
269 72
310 80
308 70
350 82
270 81
311 72
309 20
351 89
271 64
312 44
310 76
352 42
272 26
313 61
311 61
353 63
273 13
314 67
312 93
354 14
274 88
315 65
313 98
355 51
275 17
316 41
314 97
356 28
276 69
317 51
315 24
357 58
277 51
318 54
316 11
358 78
278 89
319 96
317 11
359 25
279 58
320 62
318 65
360 92
280 59
319 37
361 43
281 44
322 77
362 33
282 70
323 96
321 80
363 24
283 73
324 90
322 28
364 83
284 20
325 71
323 100
365 93
285 17
326 23
324 26
366 51
286 72
327 78
325 98
367 77
287 40
328 43
326 93
368 88
288 76
329 34
327 35
369 92
289 54
330 98
328 47
370 99
290 67
331 52
329 36
371 46
291 35
332 21
330 32
372 18
292 94
333 78
331 29
373 79
293 19
334 62
332 64
374 23
294 71
335 75
333 44
375 57
295 80
336 37
334 65
376 18
296 40
337 39
335 14
377 42
297 44
338 44
336 33
378 51
298 88
339 99
337 76
379 42
299 62
340 89
338 28
380 16
300 20
341 73
339 21
381 11
301 84
342 47
340 37
382 15
302 53
343 49
341 93
383 74
303 19
344 22
342 28
384 44
304 54
345 88
343 50
385 68
305 53
346 55
344 51
386 88
306 16
347 85
345 37
387 37
307 19
348 74
346 35
388 81
308 69
349 89
347 34
389 16
309 69
350 13
348 95
390 25
310 96
351 29
349 66
391 88
311 63
352 69
350 53
392 54
312 84
353 93
351 47
393 94
313 76
354 54
352 41
394 84
314 93
355 39
353 67
395 68
315 13
356 29
354 31
396 40
316 79
357 68
355 71
397 57
317 57
358 96
356 14
398 86
318 56
359 53
357 73
399 60
319 95
360 80
358 80
400 88
320 46
359 55
321 42
362 100
322 87
363 18
361 51
323 48
364 96
362 79
324 53
365 40
363 64
325 89
366 81
364 33
326 89
367 100
365 53
327 47
368 51
366 47
328 14
369 81
367 50
329 98
370 39
368 59
330 37
371 65
369 89
331 98
372 15
370 62
332 54
373 51
371 39
333 99
374 21
372 68
334 54
375 57
373 90
335 46
376 19
374 99
336 66
377 98
375 64
337 33
378 32
376 29
338 43
379 93
377 69
339 45
380 48
378 74
340 42
381 73
379 69
341 26
382 80
380 49
342 96
383 41
381 53
343 44
384 97
382 74
344 67
385 56
383 12
345 52
386 47
384 11
346 68
387 61
385 23
347 26
388 45
386 44
348 65
389 72
387 85
349 28
390 24
388 53
350 76
391 26
389 94
351 18
392 11
390 61
352 84
393 52
391 42
353 50
394 55
392 21
354 97
395 86
393 44
355 65
396 84
394 95
356 82
397 59
395 82
357 59
398 98
396 29
358 35
399 66
397 40
359 17
400 14
398 14
360 53
399 12
30
372
1 30 
2 71 337 
2 264 214 
2 375 69 
4 106 360 159 363 
2 391 218 
1 169 
1 221 
3 275 113 162 
3 328 17 386 
2 33 280 
1 165 
2 319 178 
1 151 
3 256 66 80 
3 101 40 294 
1 129 
4 383 112 10 373 
2 305 155 
2 147 180 
1 142 
2 228 257 
1 318 
2 326 317 
2 395 382 
4 120 254 266 299 
2 272 301 
2 238 121 
2 249 234 
2 144 331 
1 173 
4 181 330 235 174 
1 79 
1 102 
2 248 143 
3 115 61 357 
3 43 335 98 
1 130 
1 288 
1 364 
2 200 350 
2 122 376 
2 54 187 
1 153 
2 137 251 
2 237 114 
1 189 
2 269 365 
2 90 184 
2 45 95 
1 42 
2 39 87 
2 196 94 
3 377 233 283 
1 104 
2 50 59 
1 271 
1 70 
1 27 
2 291 73 
2 117 67 
1 85 
2 296 342 
1 63 
2 224 55 
1 199 
1 302 
2 134 13 
2 160 15 
3 25 24 51 
1 287 
1 109 
2 140 289 
1 64 
2 103 172 
2 356 372 
