144 528 10 100 27
2
3
3
3
3
3
3
3
3
3
3
2
3
4
4
4
4
4
4
4
4
4
4
3
3
4
4
4
4
4
4
4
4
4
4
3
3
4
4
4
4
4
4
4
4
4
4
3
3
4
4
4
4
4
4
4
4
4
4
3
3
4
4
4
4
4
4
4
4
4
4
3
3
4
4
4
4
4
4
4
4
4
4
3
3
4
4
4
4
4
4
4
4
4
4
3
3
4
4
4
4
4
4
4
4
4
4
3
3
4
4
4
4
4
4
4
4
4
4
3
3
4
4
4
4
4
4
4
4
4
4
3
2
3
3
3
3
3
3
3
3
3
3
2
13 80
2 29
14 59
3 37
1 37
15 36
4 46
2 24
16 45
5 15
3 87
17 11
6 74
4 11
18 39
7 10
5 42
19 17
8 28
6 85
20 15
9 87
7 35
21 12
10 16
8 40
22 98
11 70
9 53
23 53
12 42
10 30
24 53
11 26
25 60
1 15
14 70
26 55
2 34
15 91
13 17
27 38
3 20
16 63
14 35
28 40
4 47
17 18
15 49
29 17
5 89
18 38
16 68
30 34
6 31
19 78
17 87
31 68
7 68
20 61
18 49
32 97
8 41
21 20
19 31
33 57
9 52
22 34
20 19
34 84
10 100
23 37
21 19
35 93
11 84
24 18
22 48
36 95
12 57
23 44
37 12
13 34
26 48
38 12
14 71
27 94
25 53
39 96
15 68
28 58
26 68
40 62
16 59
29 29
27 91
41 88
17 48
30 47
28 94
42 56
18 97
31 65
29 12
43 16
19 22
32 88
30 41
44 49
20 59
33 25
31 39
45 77
21 92
34 84
32 28
46 99
22 22
35 29
33 54
47 73
23 48
36 31
34 14
48 30
24 52
35 89
49 84
25 93
38 76
50 42
26 42
39 41
37 30
51 33
27 85
40 23
38 34
52 48
28 67
41 94
39 40
53 85
29 30
42 66
40 10
54 65
30 20
43 66
41 21
55 54
31 23
44 39
42 44
56 39
32 50
45 96
43 71
57 49
33 30
46 76
44 23
58 52
34 52
47 89
45 77
59 65
35 12
48 49
46 36
60 64
36 32
47 65
61 50
37 57
50 38
62 23
38 75
51 44
49 38
63 52
39 87
52 27
50 83
64 48
40 25
53 58
51 53
65 12
41 82
54 98
52 89
66 59
42 55
55 69
53 81
67 77
43 53
56 34
54 75
68 46
44 85
57 35
55 22
69 42
45 95
58 14
56 52
70 21
46 98
59 78
57 60
71 73
47 34
60 98
58 24
72 77
48 71
59 86
73 88
49 91
62 17
74 37
50 24
63 31
61 33
75 61
51 23
64 25
62 96
76 100
52 90
65 84
63 20
77 35
53 59
66 80
64 77
78 28
54 70
67 28
65 31
79 48
55 16
68 31
66 46
80 74
56 66
69 88
67 91
81 47
57 13
70 22
68 40
82 53
58 83
71 12
69 34
83 12
59 44
72 53
70 65
84 16
60 20
71 14
85 10
61 28
74 44
86 23
62 38
75 67
73 29
87 68
63 28
76 99
74 44
88 64
64 61
77 27
75 54
89 94
65 77
78 39
76 90
90 98
66 49
79 60
77 44
91 48
67 30
80 89
78 31
92 88
68 100
81 79
79 29
93 85
69 70
82 17
80 63
94 91
70 82
83 89
81 96
95 32
71 81
84 25
82 44
96 36
72 15
83 85
97 59
73 100
86 93
98 18
74 13
87 66
85 88
99 47
75 45
88 18
86 33
100 84
76 15
89 14
87 84
101 93
77 58
90 46
88 76
102 71
78 96
91 51
89 48
103 81
79 91
92 46
90 21
104 47
80 39
93 86
91 29
105 47
81 77
94 87
92 18
106 40
82 80
95 32
93 21
107 65
83 39
96 59
94 70
108 32
84 90
95 20
109 73
85 79
98 37
110 89
86 90
99 42
97 12
111 97
87 10
100 83
98 67
112 90
88 78
101 86
99 27
113 19
89 53
102 89
100 65
114 43
90 26
103 75
101 42
115 98
91 76
104 92
102 48
116 61
92 90
105 76
103 83
117 68
93 78
106 88
104 37
118 87
94 56
107 78
105 28
119 50
95 100
108 94
106 57
120 23
96 52
107 85
121 41
97 66
110 95
122 63
98 88
111 99
109 51
123 22
99 38
112 89
110 24
124 47
100 13
113 17
111 52
125 33
101 13
114 61
112 33
126 81
102 24
115 27
113 93
127 54
103 43
116 68
114 75
128 87
104 25
117 21
115 23
129 41
105 76
118 46
116 12
130 45
106 95
119 19
117 12
131 13
107 60
120 23
118 45
132 16
108 23
119 15
133 88
109 24
122 55
134 85
110 21
123 74
121 74
135 23
111 92
124 92
122 62
136 78
112 74
125 17
123 60
137 62
113 23
126 41
124 33
138 66
114 31
127 85
125 35
139 46
115 89
128 28
126 54
140 49
116 92
129 38
127 71
141 36
117 27
130 13
128 93
142 82
118 37
131 70
129 28
143 68
119 13
132 91
130 10
144 43
120 85
131 68
121 69
134 73
122 60
135 29
133 73
123 19
136 17
134 42
124 16
137 90
135 93
125 24
138 20
136 10
126 98
139 93
137 83
127 76
140 98
138 72
128 23
141 38
139 82
129 36
142 92
140 99
130 99
143 99
141 94
131 100
144 61
142 16
132 55
143 66
50
8
1 50 
2 23 103 
3 140 108 62 
1 52 
3 2 36 130 
2 128 35 
1 26 
3 33 20 135 
1 105 
1 91 
1 67 
3 138 70 56 
2 1 65 
1 88 
2 102 28 
5 59 142 75 113 3 
2 58 109 
1 112 
1 92 
4 73 116 78 27 
3 15 14 38 
2 95 39 
1 71 
1 117 
1 11 
1 9 
1 8 
