196 728 10 100 37
2
3
3
3
3
3
3
3
3
3
3
3
3
2
3
4
4
4
4
4
4
4
4
4
4
4
4
3
3
4
4
4
4
4
4
4
4
4
4
4
4
3
3
4
4
4
4
4
4
4
4
4
4
4
4
3
3
4
4
4
4
4
4
4
4
4
4
4
4
3
3
4
4
4
4
4
4
4
4
4
4
4
4
3
3
4
4
4
4
4
4
4
4
4
4
4
4
3
3
4
4
4
4
4
4
4
4
4
4
4
4
3
3
4
4
4
4
4
4
4
4
4
4
4
4
3
3
4
4
4
4
4
4
4
4
4
4
4
4
3
3
4
4
4
4
4
4
4
4
4
4
4
4
3
3
4
4
4
4
4
4
4
4
4
4
4
4
3
3
4
4
4
4
4
4
4
4
4
4
4
4
3
2
3
3
3
3
3
3
3
3
3
3
3
3
2
15 61
2 29
16 90
3 21
1 11
17 31
4 39
2 21
18 61
5 71
3 73
19 42
6 58
4 86
20 54
7 99
5 55
21 60
8 10
6 63
22 73
9 59
7 76
23 63
10 82
8 30
24 43
11 68
9 62
25 18
12 81
10 18
26 78
13 39
11 19
27 71
14 91
12 26
28 25
13 22
29 96
1 17
16 81
30 83
2 55
17 55
15 95
31 36
3 56
18 23
16 79
32 80
4 63
19 24
17 78
33 48
5 42
20 22
18 14
34 14
6 83
21 41
19 56
35 12
7 75
22 24
20 95
36 72
8 63
23 57
21 87
37 94
9 48
24 54
22 28
38 34
10 92
25 91
23 26
39 47
11 33
26 22
24 48
40 52
12 41
27 16
25 22
41 87
13 96
28 26
26 61
42 44
14 34
27 22
43 17
15 85
30 55
44 82
16 25
31 35
29 64
45 67
17 36
32 27
30 56
46 65
18 83
33 100
31 100
47 36
19 83
34 62
32 100
48 23
20 11
35 94
33 14
49 36
21 48
36 16
34 27
50 22
22 91
37 26
35 37
51 59
23 12
38 71
36 47
52 76
24 45
39 69
37 31
53 46
25 53
40 58
38 40
54 56
26 80
41 56
39 90
55 32
27 66
42 87
40 24
56 16
28 84
41 12
57 99
29 19
44 30
58 31
30 18
45 74
43 72
59 82
31 72
46 95
44 80
60 90
32 66
47 24
45 73
61 43
33 86
48 10
46 53
62 22
34 26
49 38
47 13
63 58
35 64
50 47
48 88
64 15
36 92
51 78
49 81
65 22
37 45
52 30
50 23
66 81
38 20
53 39
51 89
67 54
39 17
54 23
52 76
68 13
40 23
55 32
53 20
69 75
41 39
56 11
54 30
70 68
42 40
55 81
71 56
43 76
58 13
72 12
44 23
59 26
57 99
73 96
45 46
60 93
58 63
74 98
46 43
61 55
59 39
75 60
47 100
62 50
60 100
76 60
48 44
63 36
61 58
77 94
49 99
64 91
62 15
78 36
50 94
65 16
63 55
79 30
51 92
66 44
64 94
80 72
52 84
67 34
65 97
81 41
53 18
68 29
66 35
82 73
54 35
69 39
67 61
83 15
55 12
70 44
68 44
84 99
56 60
69 76
85 41
57 55
72 11
86 55
58 11
73 39
71 58
87 79
59 84
74 69
72 16
88 44
60 25
75 53
73 48
89 89
61 92
76 84
74 47
90 56
62 97
77 100
75 89
91 20
63 23
78 80
76 82
92 90
64 98
79 69
77 25
93 13
65 76
80 65
78 58
94 85
66 44
81 43
79 94
95 46
67 16
82 92
80 37
96 51
68 81
83 83
81 89
97 52
69 88
84 16
82 48
98 75
70 89
83 14
99 48
71 83
86 34
100 68
72 67
87 25
85 75
101 76
73 74
88 34
86 33
102 21
74 47
89 52
87 93
103 35
75 31
90 85
88 16
104 55
76 28
91 96
89 86
105 38
77 20
92 24
90 15
106 59
78 87
93 60
91 49
107 73
79 13
94 50
92 68
108 66
80 85
95 52
93 80
109 63
81 73
96 63
94 88
110 82
82 80
97 58
95 81
111 90
83 10
98 42
96 60
112 87
84 57
97 16
113 28
85 88
100 42
114 22
86 16
101 41
99 75
115 22
87 72
102 60
100 24
116 73
88 51
103 23
101 31
117 72
89 99
104 87
102 100
118 47
90 27
105 70
103 89
119 96
91 30
106 62
104 85
120 86
92 77
107 37
105 58
121 58
93 70
108 69
106 15
122 95
94 86
109 95
107 25
123 55
95 43
110 74
108 36
124 60
96 69
111 23
109 89
125 43
97 26
112 60
110 12
126 74
98 76
111 65
127 51
99 71
114 59
128 79
100 30
115 22
113 19
129 48
101 99
116 87
114 59
130 13
102 97
117 73
115 56
131 98
103 46
118 57
116 39
132 53
104 86
119 82
117 62
133 56
105 59
120 11
118 38
134 16
106 34
121 76
119 58
135 65
107 17
122 26
120 48
136 38
108 54
123 79
121 93
137 67
109 77
124 95
122 21
138 21
110 11
125 18
123 27
139 12
111 81
126 35
124 15
140 12
112 17
125 54
141 52
113 65
128 24
142 12
114 36
129 86
127 80
143 89
115 27
130 80
128 10
144 32
116 46
131 42
129 73
145 64
117 12
132 80
130 43
146 32
118 66
133 97
131 26
147 31
119 36
134 15
132 19
148 24
120 67
135 17
133 93
149 65
121 57
136 21
134 11
150 61
122 89
137 98
135 84
151 21
123 33
138 20
136 22
152 95
124 61
139 26
137 30
153 94
125 90
140 61
138 85
154 54
126 85
139 82
155 54
127 55
142 28
156 90
128 15
143 82
141 86
157 97
129 34
144 74
142 71
158 13
130 84
145 39
143 32
159 93
131 33
146 41
144 14
160 98
132 17
147 79
145 25
161 24
133 95
148 17
146 76
162 46
134 31
149 38
147 43
163 66
135 12
150 26
148 94
164 78
136 47
151 59
149 85
165 78
137 37
152 59
150 11
166 55
138 68
153 52
151 65
167 22
139 90
154 69
152 80
168 71
140 30
153 53
169 28
141 50
156 32
170 40
142 27
157 43
155 74
171 16
143 60
158 34
156 62
172 62
144 95
159 23
157 76
173 90
145 28
160 43
158 99
174 24
146 74
161 94
159 88
175 32
147 15
162 38
160 70
176 73
148 15
163 73
161 36
177 41
149 32
164 70
162 93
178 72
150 81
165 33
163 81
179 87
151 82
166 80
164 71
180 77
152 45
167 11
165 36
181 49
153 60
168 87
166 96
182 95
154 81
167 38
183 95
155 18
170 30
184 48
156 71
171 38
169 60
185 93
157 74
172 83
170 55
186 30
158 19
173 90
171 94
187 37
159 55
174 49
172 84
188 60
160 95
175 20
173 52
189 83
161 90
176 85
174 29
190 21
162 43
177 52
175 11
191 58
163 48
178 53
176 17
192 35
164 69
179 41
177 84
193 68
165 36
180 83
178 35
194 79
166 12
181 47
179 85
195 29
167 73
182 50
180 36
196 31
168 10
181 59
169 57
184 24
170 12
185 100
183 12
171 44
186 19
184 68
172 22
187 28
185 68
173 76
188 64
186 17
174 38
189 71
187 75
175 95
190 14
188 52
176 15
191 70
189 48
177 84
192 36
190 83
178 13
193 38
191 93
179 24
194 67
192 77
180 66
195 30
193 53
181 19
196 74
194 17
182 27
195 56
127
23
3 12 75 127 
1 50 
1 186 
3 182 86 116 
3 97 1 41 
1 77 
1 2 
1 151 
1 74 
2 33 76 
1 110 
2 78 152 
1 196 
2 14 39 
3 24 67 146 
3 91 80 166 
1 173 
1 93 
2 71 140 
1 42 
2 171 102 
3 123 156 160 
1 60 
1 143 
1 84 
2 68 175 
2 118 137 
2 9 130 
1 114 
2 53 103 
5 119 190 28 17 51 
2 180 161 
2 134 94 
3 5 16 25 
1 181 
3 195 61 135 
1 23 
