196 728 10 100 37
2
3
3
3
3
3
3
3
3
3
3
3
3
2
3
4
4
4
4
4
4
4
4
4
4
4
4
3
3
4
4
4
4
4
4
4
4
4
4
4
4
3
3
4
4
4
4
4
4
4
4
4
4
4
4
3
3
4
4
4
4
4
4
4
4
4
4
4
4
3
3
4
4
4
4
4
4
4
4
4
4
4
4
3
3
4
4
4
4
4
4
4
4
4
4
4
4
3
3
4
4
4
4
4
4
4
4
4
4
4
4
3
3
4
4
4
4
4
4
4
4
4
4
4
4
3
3
4
4
4
4
4
4
4
4
4
4
4
4
3
3
4
4
4
4
4
4
4
4
4
4
4
4
3
3
4
4
4
4
4
4
4
4
4
4
4
4
3
3
4
4
4
4
4
4
4
4
4
4
4
4
3
2
3
3
3
3
3
3
3
3
3
3
3
3
2
15 19
2 29
16 36
3 33
1 33
17 14
4 22
2 54
18 100
5 72
3 19
19 28
6 34
4 63
20 20
7 95
5 89
21 72
8 60
6 71
22 52
9 48
7 10
23 79
10 73
8 19
24 55
11 64
9 48
25 55
12 11
10 72
26 40
13 96
11 72
27 33
14 21
12 68
28 76
13 16
29 81
1 83
16 88
30 58
2 21
17 79
15 28
31 91
3 81
18 12
16 13
32 63
4 11
19 69
17 78
33 39
5 91
20 71
18 14
34 29
6 97
21 15
19 65
35 75
7 59
22 41
20 15
36 59
8 82
23 40
21 26
37 56
9 84
24 37
22 61
38 16
10 17
25 29
23 42
39 53
11 25
26 89
24 91
40 85
12 70
27 41
25 61
41 43
13 98
28 17
26 46
42 26
14 63
27 19
43 11
15 73
30 55
44 28
16 35
31 77
29 85
45 33
17 89
32 98
30 11
46 64
18 34
33 91
31 23
47 72
19 68
34 62
32 75
48 87
20 21
35 18
33 51
49 17
21 59
36 41
34 55
50 78
22 17
37 64
35 94
51 60
23 56
38 80
36 55
52 82
24 28
39 23
37 72
53 37
25 26
40 74
38 34
54 31
26 66
41 44
39 73
55 55
27 33
42 18
40 46
56 67
28 62
41 98
57 64
29 16
44 31
58 53
30 25
45 39
43 57
59 27
31 58
46 64
44 22
60 45
32 20
47 93
45 31
61 92
33 74
48 59
46 33
62 88
34 30
49 39
47 83
63 52
35 89
50 57
48 28
64 94
36 89
51 45
49 42
65 59
37 80
52 83
50 43
66 33
38 85
53 71
51 19
67 14
39 61
54 55
52 15
68 69
40 90
55 98
53 45
69 63
41 78
56 99
54 45
70 14
42 44
55 14
71 81
43 85
58 84
72 23
44 55
59 40
57 99
73 42
45 43
60 73
58 91
74 41
46 79
61 49
59 87
75 26
47 60
62 83
60 35
76 95
48 52
63 25
61 85
77 44
49 21
64 59
62 44
78 81
50 96
65 15
63 13
79 20
51 48
66 52
64 27
80 82
52 86
67 29
65 28
81 55
53 72
68 69
66 62
82 90
54 82
69 67
67 69
83 20
55 39
70 62
68 41
84 34
56 54
69 15
85 67
57 15
72 45
86 89
58 51
73 25
71 86
87 79
59 44
74 59
72 79
88 79
60 53
75 99
73 35
89 73
61 78
76 54
74 38
90 38
62 74
77 64
75 20
91 69
63 100
78 19
76 77
92 51
64 31
79 10
77 15
93 79
65 48
80 67
78 96
94 66
66 66
81 16
79 16
95 19
67 48
82 24
80 13
96 67
68 17
83 24
81 72
97 19
69 15
84 43
82 30
98 47
70 97
83 85
99 64
71 39
86 65
100 44
72 35
87 20
85 13
101 33
73 83
88 16
86 46
102 16
74 53
89 36
87 93
103 46
75 27
90 30
88 82
104 85
76 85
91 100
89 92
105 47
77 96
92 33
90 17
106 60
78 75
93 82
91 84
107 45
79 22
94 56
92 14
108 14
80 51
95 98
93 43
109 47
81 26
96 35
94 27
110 17
82 88
97 18
95 96
111 60
83 46
98 11
96 100
112 47
84 94
97 62
113 52
85 21
100 43
114 29
86 75
101 70
99 23
115 95
87 17
102 35
100 67
116 87
88 18
103 91
101 23
117 68
89 80
104 97
102 93
118 36
90 51
105 15
103 32
119 47
91 42
106 74
104 70
120 23
92 67
107 39
105 84
121 68
93 77
108 49
106 79
122 66
94 23
109 52
107 87
123 92
95 76
110 98
108 59
124 66
96 14
111 35
109 85
125 22
97 67
112 34
110 96
126 100
98 72
111 83
127 87
99 84
114 43
128 48
100 22
115 12
113 47
129 35
101 49
116 65
114 22
130 73
102 90
117 50
115 27
131 75
103 34
118 73
116 37
132 67
104 91
119 29
117 77
133 60
105 56
120 46
118 92
134 87
106 66
121 100
119 56
135 38
107 44
122 27
120 15
136 82
108 47
123 77
121 68
137 40
109 81
124 77
122 82
138 49
110 18
125 92
123 96
139 68
111 98
126 87
124 43
140 17
112 29
125 61
141 32
113 90
128 74
142 89
114 100
129 38
127 10
143 81
115 54
130 22
128 68
144 93
116 90
131 86
129 91
145 64
117 19
132 96
130 21
146 48
118 42
133 36
131 31
147 96
119 47
134 17
132 70
148 35
120 57
135 86
133 72
149 61
121 65
136 20
134 16
150 85
122 31
137 76
135 82
151 34
123 45
138 47
136 88
152 46
124 76
139 87
137 51
153 99
125 45
140 33
138 58
154 69
126 90
139 31
155 98
127 66
142 38
156 56
128 28
143 84
141 49
157 66
129 78
144 70
142 97
158 81
130 18
145 85
143 12
159 15
131 63
146 68
144 61
160 70
132 69
147 80
145 10
161 34
133 11
148 91
146 85
162 65
134 97
149 81
147 75
163 80
135 60
150 88
148 97
164 34
136 20
151 71
149 43
165 35
137 17
152 53
150 18
166 47
138 57
153 49
151 44
167 77
139 51
154 57
152 21
168 40
140 69
153 34
169 30
141 39
156 44
170 85
142 24
157 78
155 41
171 60
143 74
158 89
156 88
172 63
144 71
159 46
157 47
173 55
145 99
160 52
158 63
174 68
146 71
161 39
159 76
175 66
147 64
162 73
160 40
176 46
148 15
163 17
161 64
177 23
149 17
164 64
162 19
178 44
150 20
165 16
163 53
179 42
151 79
166 10
164 20
180 10
152 21
167 38
165 63
181 79
153 64
168 86
166 54
182 90
154 21
167 33
183 20
155 82
170 64
184 12
156 20
171 45
169 29
185 60
157 73
172 83
170 76
186 14
158 53
173 73
171 58
187 95
159 16
174 42
172 78
188 52
160 91
175 64
173 80
189 16
161 48
176 99
174 63
190 99
162 77
177 95
175 93
191 54
163 57
178 64
176 77
192 77
164 34
179 92
177 80
193 100
165 30
180 60
178 56
194 99
166 88
181 47
179 50
195 60
167 73
182 62
180 22
196 71
168 54
181 91
169 55
184 45
170 12
185 90
183 72
171 20
186 38
184 49
172 63
187 16
185 41
173 16
188 93
186 31
174 41
189 93
187 98
175 28
190 27
188 82
176 83
191 30
189 59
177 30
192 62
190 18
178 28
193 32
191 79
179 96
194 33
192 57
180 46
195 83
193 55
181 52
196 96
194 80
182 97
195 10
143
176
2 119 143 
1 12 
2 1 129 
2 110 92 
1 192 
3 151 157 102 
2 96 139 
3 175 29 137 
2 141 11 
2 109 182 
2 68 196 
1 19 
3 52 126 60 
2 103 85 
1 160 
1 130 
2 62 174 
2 98 70 
2 140 195 
1 172 
1 117 
3 133 123 88 
1 18 
2 51 149 
2 73 54 
3 28 59 170 
1 67 
1 48 
1 65 
1 55 
3 40 56 84 
4 111 136 87 16 
1 113 
1 44 
1 35 
2 37 183 
3 115 74 176 
