400 1500 10 100 76
2
3
3
3
3
3
3
3
3
3
3
3
3
3
3
3
3
3
3
3
3
3
3
3
3
3
3
3
3
3
3
3
3
3
3
3
3
3
3
2
3
4
4
4
4
4
4
4
4
4
4
4
4
4
4
4
4
4
4
4
4
4
4
4
4
4
4
4
4
4
4
4
4
4
4
4
4
4
4
3
3
4
4
4
4
4
4
4
4
4
4
4
4
4
4
4
4
4
4
4
4
4
4
4
4
4
4
4
4
4
4
4
4
4
4
4
4
4
4
3
3
4
4
4
4
4
4
4
4
4
4
4
4
4
4
4
4
4
4
4
4
4
4
4
4
4
4
4
4
4
4
4
4
4
4
4
4
4
4
3
3
4
4
4
4
4
4
4
4
4
4
4
4
4
4
4
4
4
4
4
4
4
4
4
4
4
4
4
4
4
4
4
4
4
4
4
4
4
4
3
3
4
4
4
4
4
4
4
4
4
4
4
4
4
4
4
4
4
4
4
4
4
4
4
4
4
4
4
4
4
4
4
4
4
4
4
4
4
4
3
3
4
4
4
4
4
4
4
4
4
4
4
4
4
4
4
4
4
4
4
4
4
4
4
4
4
4
4
4
4
4
4
4
4
4
4
4
4
4
3
3
4
4
4
4
4
4
4
4
4
4
4
4
4
4
4
4
4
4
4
4
4
4
4
4
4
4
4
4
4
4
4
4
4
4
4
4
4
4
3
3
4
4
4
4
4
4
4
4
4
4
4
4
4
4
4
4
4
4
4
4
4
4
4
4
4
4
4
4
4
4
4
4
4
4
4
4
4
4
3
2
3
3
3
3
3
3
3
3
3
3
3
3
3
3
3
3
3
3
3
3
3
3
3
3
3
3
3
3
3
3
3
3
3
3
3
3
3
3
2
41 58
2 29
42 38
3 79
1 64
43 32
4 31
2 80
44 48
5 70
3 72
45 53
6 15
4 45
46 46
7 50
5 72
47 54
8 85
6 41
48 81
9 21
7 57
49 21
10 86
8 39
50 71
11 19
9 18
51 22
12 15
10 83
52 55
13 67
11 23
53 36
14 77
12 67
54 74
15 92
13 47
55 45
16 89
14 17
56 14
17 90
15 90
57 22
18 43
16 98
58 79
19 12
17 11
59 49
20 87
18 55
60 66
21 76
19 58
61 17
22 74
20 52
62 45
23 31
21 38
63 80
24 28
22 97
64 60
25 75
23 80
65 96
26 66
24 57
66 46
27 20
25 67
67 31
28 35
26 61
68 44
29 36
27 10
69 47
30 14
28 87
70 63
31 83
29 59
71 77
32 71
30 20
72 64
33 90
31 79
73 86
34 93
32 80
74 29
35 23
33 72
75 27
36 11
34 64
76 84
37 65
35 56
77 45
38 82
36 77
78 89
39 64
37 46
79 53
40 67
38 49
80 83
39 84
81 51
1 64
42 54
82 63
2 47
43 76
41 46
83 92
3 30
44 93
42 78
84 10
4 78
45 63
43 67
85 52
5 23
46 90
44 27
86 67
6 74
47 41
45 65
87 11
7 61
48 54
46 100
88 76
8 84
49 36
47 26
89 90
9 82
50 45
48 37
90 19
10 89
51 96
49 76
91 47
11 99
52 93
50 89
92 17
12 95
53 88
51 58
93 17
13 52
54 68
52 34
94 49
14 41
55 28
53 44
95 86
15 70
56 85
54 46
96 93
16 33
57 74
55 53
97 74
17 53
58 42
56 47
98 44
18 72
59 96
57 18
99 31
19 20
60 37
58 57
100 58
20 75
61 71
59 25
101 63
21 88
62 39
60 90
102 45
22 84
63 60
61 62
103 30
23 48
64 17
62 45
104 41
24 66
65 54
63 79
105 38
25 52
66 37
64 22
106 14
26 62
67 82
65 12
107 66
27 95
68 32
66 47
108 98
28 81
69 74
67 82
109 11
29 81
70 97
68 52
110 46
30 93
71 55
69 64
111 41
31 61
72 31
70 97
112 76
32 19
73 30
71 78
113 58
33 91
74 26
72 69
114 72
34 13
75 75
73 72
115 17
35 54
76 58
74 43
116 10
36 13
77 30
75 80
117 91
37 21
78 29
76 13
118 36
38 16
79 77
77 43
119 65
39 61
80 68
78 67
120 74
40 31
79 80
121 47
41 72
82 24
122 94
42 84
83 45
81 13
123 86
43 26
84 47
82 88
124 92
44 50
85 60
83 48
125 94
45 26
86 10
84 15
126 58
46 37
87 69
85 22
127 90
47 45
88 56
86 98
128 83
48 26
89 24
87 25
129 77
49 43
90 59
88 97
130 64
50 90
91 93
89 45
131 72
51 26
92 45
90 53
132 95
52 89
93 47
91 22
133 75
53 71
94 99
92 47
134 38
54 52
95 62
93 21
135 40
55 68
96 68
94 18
136 57
56 40
97 15
95 44
137 21
57 91
98 23
96 16
138 72
58 47
99 72
97 92
139 59
59 74
100 32
98 54
140 77
60 30
101 28
99 55
141 20
61 68
102 47
100 95
142 61
62 75
103 58
101 60
143 11
63 82
104 86
102 45
144 62
64 66
105 58
103 41
145 86
65 46
106 71
104 81
146 18
66 95
107 24
105 56
147 36
67 42
108 93
106 72
148 29
68 82
109 30
107 64
149 33
69 41
110 72
108 50
150 70
70 46
111 16
109 83
151 79
71 49
112 34
110 58
152 84
72 46
113 39
111 42
153 17
73 93
114 37
112 17
154 93
74 48
115 16
113 95
155 65
75 66
116 57
114 33
156 39
76 50
117 12
115 66
157 22
77 54
118 24
116 52
158 17
78 43
119 71
117 58
159 17
79 35
120 52
118 18
160 85
80 32
119 62
161 23
81 53
122 41
162 54
82 11
123 14
121 51
163 19
83 33
124 61
122 51
164 53
84 35
125 95
123 79
165 75
85 63
126 87
124 30
166 61
86 95
127 63
125 60
167 52
87 54
128 21
126 61
168 18
88 61
129 76
127 17
169 20
89 56
130 17
128 61
170 84
90 48
131 53
129 79
171 38
91 90
132 72
130 63
172 45
92 13
133 55
131 54
173 44
93 50
134 49
132 34
174 64
94 39
135 85
133 34
175 67
95 43
136 78
134 83
176 37
96 25
137 84
135 50
177 80
97 80
138 68
136 97
178 49
98 24
139 24
137 44
179 26
99 48
140 85
138 35
180 99
100 69
141 22
139 18
181 80
101 31
142 11
140 23
182 54
102 65
143 51
141 78
183 37
103 74
144 56
142 70
184 63
104 64
145 22
143 96
185 57
105 15
146 27
144 90
186 48
106 15
147 12
145 87
187 51
107 45
148 56
146 11
188 61
108 49
149 92
147 30
189 87
109 88
150 33
148 33
190 18
110 74
151 94
149 67
191 75
111 12
152 48
150 57
192 33
112 96
153 90
151 42
193 96
113 90
154 80
152 14
194 54
114 86
155 22
153 48
195 59
115 89
156 83
154 76
196 55
116 39
157 68
155 32
197 77
117 71
158 32
156 45
198 28
118 97
159 30
157 90
199 77
119 75
160 14
158 49
200 14
120 88
159 68
201 55
121 34
162 80
202 23
122 76
163 29
161 94
203 16
123 100
164 69
162 56
204 92
124 80
165 85
163 62
205 84
125 99
166 45
164 79
206 78
126 83
167 84
165 85
207 16
127 48
168 25
166 100
208 96
128 75
169 62
167 27
209 20
129 62
170 38
168 50
210 51
130 85
171 80
169 32
211 33
131 14
172 69
170 63
212 23
132 62
173 96
171 31
213 37
133 46
174 61
172 52
214 81
134 71
175 55
173 58
215 46
135 53
176 100
174 80
216 89
136 62
177 29
175 42
217 13
137 83
178 16
176 11
218 48
138 16
179 19
177 65
219 12
139 32
180 18
178 59
220 41
140 62
181 96
179 100
221 79
141 24
182 96
180 19
222 79
142 65
183 23
181 14
223 100
143 32
184 49
182 37
224 78
144 46
185 98
183 76
225 13
145 24
186 23
184 11
226 26
146 18
187 24
185 21
227 75
147 44
188 66
186 42
228 20
148 84
189 85
187 41
229 46
149 21
190 50
188 47
230 27
150 17
191 23
189 55
231 72
151 51
192 16
190 48
232 34
152 38
193 28
191 95
233 78
153 83
194 32
192 61
234 47
154 26
195 48
193 80
235 49
155 13
196 21
194 53
236 57
156 28
197 53
195 92
237 52
157 37
198 22
196 70
238 64
158 33
199 12
197 99
239 80
159 54
200 32
198 31
240 88
160 95
199 22
241 51
161 17
202 15
242 47
162 71
203 12
201 54
243 42
163 29
204 44
202 48
244 87
164 30
205 11
203 100
245 49
165 89
206 85
204 53
246 19
166 36
207 76
205 100
247 40
167 49
208 89
206 72
248 93
168 56
209 60
207 66
249 48
169 54
210 52
208 54
250 51
170 100
211 11
209 18
251 30
171 68
212 71
210 26
252 43
172 42
213 16
211 77
253 25
173 77
214 40
212 84
254 90
174 12
215 40
213 31
255 45
175 38
216 15
214 43
256 52
176 16
217 86
215 83
257 70
177 50
218 59
216 58
258 18
178 38
219 15
217 83
259 85
179 41
220 38
218 16
260 62
180 86
221 80
219 33
261 53
181 34
222 60
220 88
262 58
182 10
223 65
221 100
263 44
183 23
224 49
222 49
264 24
184 35
225 77
223 82
265 29
185 43
226 61
224 56
266 24
186 69
227 58
225 80
267 99
187 52
228 12
226 82
268 86
188 17
229 98
227 85
269 34
189 59
230 80
228 54
270 75
190 82
231 55
229 35
271 73
191 65
232 41
230 48
272 90
192 90
233 47
231 18
273 83
193 67
234 13
232 41
274 79
194 15
235 11
233 76
275 30
195 73
236 13
234 47
276 63
196 77
237 55
235 30
277 98
197 41
238 47
236 57
278 21
198 58
239 70
237 32
279 73
199 24
240 93
238 100
280 80
200 82
239 30
281 57
201 14
242 12
282 53
202 77
243 79
241 71
283 82
203 49
244 40
242 35
284 20
204 91
245 35
243 79
285 51
205 57
246 31
244 93
286 76
206 77
247 10
245 55
287 53
207 88
248 13
246 55
288 50
208 55
249 16
247 57
289 28
209 52
250 94
248 12
290 15
210 96
251 80
249 70
291 18
211 29
252 92
250 96
292 64
212 31
253 36
251 93
293 39
213 84
254 30
252 11
294 82
214 36
255 33
253 19
295 38
215 48
256 63
254 14
296 54
216 66
257 73
255 90
297 86
217 84
258 64
256 12
298 93
218 96
259 64
257 18
299 78
219 32
260 60
258 93
300 23
220 46
261 90
259 27
301 60
221 68
262 75
260 47
302 29
222 88
263 45
261 41
303 11
223 16
264 90
262 70
304 91
224 45
265 10
263 54
305 49
225 49
266 22
264 15
306 100
226 58
267 19
265 93
307 68
227 53
268 80
266 47
308 53
228 55
269 48
267 84
309 51
229 84
270 15
268 68
310 56
230 71
271 57
269 24
311 73
231 22
272 94
270 75
312 19
232 45
273 62
271 49
313 85
233 63
274 62
272 60
314 27
234 12
275 91
273 75
315 64
235 71
276 31
274 78
316 78
236 32
277 49
275 78
317 30
237 98
278 23
276 28
318 14
238 42
279 68
277 32
319 31
239 23
280 26
278 64
320 38
240 36
279 36
321 62
241 42
282 89
322 89
242 56
283 92
281 85
323 51
243 25
284 16
282 22
324 16
244 48
285 72
283 14
325 37
245 21
286 13
284 56
326 57
246 21
287 41
285 53
327 33
247 18
288 22
286 15
328 51
248 17
289 90
287 41
329 49
249 99
290 92
288 73
330 88
250 28
291 48
289 71
331 22
251 87
292 43
290 22
332 27
252 49
293 90
291 28
333 29
253 98
294 84
292 21
334 72
254 62
295 16
293 37
335 59
255 37
296 70
294 14
336 77
256 97
297 67
295 87
337 12
257 50
298 55
296 26
338 63
258 45
299 52
297 35
339 72
259 88
300 40
298 28
340 37
260 74
301 74
299 15
341 73
261 40
302 80
300 29
342 47
262 68
303 55
301 58
343 72
263 44
304 71
302 84
344 58
264 18
305 73
303 14
345 88
265 71
306 27
304 62
346 74
266 51
307 54
305 10
347 85
267 98
308 22
306 95
348 38
268 26
309 65
307 27
349 26
269 18
310 33
308 67
350 13
270 92
311 70
309 58
351 57
271 48
312 87
310 35
352 54
272 44
313 59
311 78
353 12
273 92
314 41
312 61
354 64
274 71
315 43
313 42
355 65
275 48
316 53
314 22
356 37
276 69
317 66
315 66
357 25
277 27
318 20
316 66
358 43
278 53
319 78
317 11
359 52
279 33
320 82
318 76
360 80
280 17
319 66
361 76
281 68
322 16
362 60
282 50
323 13
321 30
363 20
283 63
324 61
322 30
364 97
284 13
325 37
323 87
365 28
285 22
326 14
324 91
366 82
286 88
327 44
325 28
367 55
287 95
328 72
326 58
368 73
288 97
329 100
327 80
369 57
289 74
330 17
328 22
370 68
290 75
331 58
329 96
371 37
291 13
332 34
330 63
372 45
292 49
333 30
331 33
373 58
293 25
334 80
332 58
374 99
294 13
335 52
333 15
375 19
295 74
336 36
334 100
376 41
296 44
337 95
335 29
377 92
297 99
338 97
336 57
378 60
298 95
339 52
337 67
379 81
299 41
340 59
338 29
380 97
300 29
341 62
339 17
381 76
301 86
342 36
340 17
382 93
302 47
343 60
341 56
383 21
303 27
344 91
342 33
384 23
304 11
345 76
343 59
385 43
305 94
346 89
344 64
386 57
306 44
347 67
345 63
387 41
307 37
348 86
346 99
388 15
308 79
349 91
347 93
389 26
309 42
350 22
348 23
390 48
310 89
351 70
349 34
391 17
311 16
352 88
350 45
392 56
312 100
353 89
351 71
393 89
313 65
354 12
352 88
394 46
314 26
355 34
353 27
395 65
315 86
356 44
354 39
396 37
316 83
357 32
355 58
397 46
317 13
358 76
356 11
398 53
318 33
359 73
357 10
399 12
319 83
360 87
358 91
400 25
320 29
359 80
321 66
362 76
322 19
363 31
361 50
323 15
364 59
362 22
324 64
365 55
363 99
325 35
366 32
364 74
326 15
367 35
365 91
327 52
368 50
366 73
328 83
369 11
367 27
329 99
370 15
368 55
330 56
371 81
369 94
331 67
372 93
370 78
332 99
373 64
371 53
333 97
374 23
372 54
334 11
375 10
373 12
335 98
376 94
374 25
336 83
377 37
375 14
337 45
378 80
376 54
338 52
379 95
377 70
339 54
380 24
378 25
340 50
381 40
379 44
341 76
382 45
380 41
342 38
383 55
381 32
343 100
384 94
382 48
344 88
385 27
383 96
345 85
386 25
384 18
346 44
387 16
385 35
347 14
388 75
386 37
348 91
389 87
387 24
349 48
390 77
388 51
350 32
391 82
389 55
351 79
392 52
390 36
352 76
393 86
391 52
353 43
394 95
392 32
354 41
395 33
393 33
355 15
396 18
394 76
356 54
397 79
395 74
357 63
398 42
396 36
358 31
399 33
397 64
359 91
400 14
398 96
360 27
399 63
292
313
1 292 
2 235 82 
3 351 221 206 
1 383 
3 228 71 202 
1 389 
1 374 
2 262 157 
2 337 330 
1 317 
3 212 129 141 
1 190 
2 64 220 
1 305 
2 67 288 
2 183 2 
4 280 245 31 110 
5 4 127 98 227 6 
2 277 24 
1 154 
1 385 
2 297 182 
1 362 
4 229 84 46 358 
1 95 
2 140 179 
3 319 207 321 
2 298 159 
1 28 
2 336 250 
2 148 162 
3 390 365 364 
2 121 257 
2 263 69 
2 214 85 
1 322 
1 196 
2 20 29 
2 14 231 
2 339 93 
3 340 57 7 
1 55 
2 251 114 
2 260 248 
1 41 
1 90 
1 112 
2 355 120 
1 56 
2 331 316 
2 60 285 
1 312 
1 104 
1 62 
2 101 399 
1 75 
3 272 294 238 
1 201 
2 25 296 
1 328 
1 76 
1 198 
2 276 273 
2 130 388 
2 237 327 
1 73 
2 117 174 
2 255 134 
1 335 
1 253 
1 137 
3 384 175 342 
4 289 282 286 47 
2 132 226 
3 379 123 372 
3 367 125 313 
