400 1500 10 100 76
2
3
3
3
3
3
3
3
3
3
3
3
3
3
3
3
3
3
3
3
3
3
3
3
3
3
3
3
3
3
3
3
3
3
3
3
3
3
3
2
3
4
4
4
4
4
4
4
4
4
4
4
4
4
4
4
4
4
4
4
4
4
4
4
4
4
4
4
4
4
4
4
4
4
4
4
4
4
4
3
3
4
4
4
4
4
4
4
4
4
4
4
4
4
4
4
4
4
4
4
4
4
4
4
4
4
4
4
4
4
4
4
4
4
4
4
4
4
4
3
3
4
4
4
4
4
4
4
4
4
4
4
4
4
4
4
4
4
4
4
4
4
4
4
4
4
4
4
4
4
4
4
4
4
4
4
4
4
4
3
3
4
4
4
4
4
4
4
4
4
4
4
4
4
4
4
4
4
4
4
4
4
4
4
4
4
4
4
4
4
4
4
4
4
4
4
4
4
4
3
3
4
4
4
4
4
4
4
4
4
4
4
4
4
4
4
4
4
4
4
4
4
4
4
4
4
4
4
4
4
4
4
4
4
4
4
4
4
4
3
3
4
4
4
4
4
4
4
4
4
4
4
4
4
4
4
4
4
4
4
4
4
4
4
4
4
4
4
4
4
4
4
4
4
4
4
4
4
4
3
3
4
4
4
4
4
4
4
4
4
4
4
4
4
4
4
4
4
4
4
4
4
4
4
4
4
4
4
4
4
4
4
4
4
4
4
4
4
4
3
3
4
4
4
4
4
4
4
4
4
4
4
4
4
4
4
4
4
4
4
4
4
4
4
4
4
4
4
4
4
4
4
4
4
4
4
4
4
4
3
2
3
3
3
3
3
3
3
3
3
3
3
3
3
3
3
3
3
3
3
3
3
3
3
3
3
3
3
3
3
3
3
3
3
3
3
3
3
3
2
41 100
2 29
42 85
3 61
1 81
43 52
4 12
2 91
44 44
5 17
3 69
45 26
6 25
4 55
46 25
7 91
5 18
47 84
8 37
6 11
48 15
9 64
7 85
49 15
10 90
8 18
50 85
11 60
9 24
51 42
12 84
10 47
52 33
13 94
11 40
53 20
14 42
12 10
54 28
15 76
13 24
55 21
16 66
14 98
56 85
17 16
15 27
57 90
18 76
16 85
58 83
19 69
17 50
59 21
20 59
18 51
60 58
21 69
19 40
61 52
22 94
20 78
62 66
23 77
21 24
63 30
24 15
22 77
64 48
25 46
23 48
65 11
26 17
24 53
66 37
27 11
25 61
67 96
28 48
26 88
68 36
29 57
27 53
69 49
30 49
28 42
70 13
31 99
29 66
71 86
32 84
30 70
72 90
33 58
31 37
73 29
34 83
32 69
74 77
35 59
33 21
75 87
36 59
34 47
76 100
37 20
35 25
77 21
38 36
36 28
78 76
39 43
37 66
79 98
40 18
38 65
80 89
39 34
81 20
1 13
42 41
82 36
2 78
43 26
41 40
83 91
3 69
44 15
42 90
84 78
4 61
45 46
43 85
85 66
5 10
46 56
44 87
86 22
6 32
47 41
45 22
87 26
7 68
48 63
46 100
88 81
8 94
49 51
47 95
89 87
9 40
50 74
48 93
90 10
10 24
51 70
49 41
91 87
11 72
52 40
50 50
92 95
12 49
53 73
51 34
93 20
13 78
54 30
52 54
94 75
14 69
55 63
53 99
95 54
15 21
56 14
54 59
96 14
16 53
57 57
55 80
97 82
17 46
58 96
56 92
98 21
18 45
59 96
57 85
99 13
19 62
60 94
58 59
100 94
20 44
61 20
59 78
101 18
21 80
62 78
60 82
102 68
22 67
63 44
61 78
103 86
23 25
64 19
62 88
104 13
24 73
65 76
63 54
105 65
25 81
66 77
64 57
106 19
26 55
67 48
65 27
107 15
27 10
68 30
66 34
108 17
28 25
69 15
67 70
109 67
29 26
70 49
68 64
110 57
30 19
71 100
69 18
111 80
31 33
72 57
70 36
112 20
32 47
73 58
71 43
113 40
33 13
74 27
72 33
114 81
34 84
75 61
73 11
115 21
35 66
76 83
74 14
116 78
36 37
77 55
75 88
117 57
37 35
78 45
76 49
118 88
38 76
79 89
77 11
119 81
39 93
80 56
78 49
120 24
40 76
79 49
121 30
41 17
82 37
122 47
42 21
83 99
81 92
123 45
43 92
84 68
82 18
124 58
44 20
85 15
83 75
125 40
45 87
86 34
84 90
126 87
46 17
87 54
85 32
127 58
47 23
88 13
86 32
128 52
48 43
89 40
87 88
129 77
49 68
90 44
88 94
130 40
50 28
91 60
89 87
131 88
51 63
92 71
90 79
132 94
52 29
93 52
91 42
133 96
53 67
94 22
92 56
134 24
54 17
95 88
93 27
135 67
55 11
96 56
94 53
136 31
56 74
97 26
95 38
137 67
57 29
98 46
96 32
138 100
58 30
99 94
97 69
139 15
59 91
100 68
98 14
140 39
60 50
101 10
99 88
141 34
61 69
102 98
100 19
142 59
62 12
103 54
101 33
143 86
63 82
104 13
102 84
144 86
64 51
105 47
103 70
145 47
65 84
106 40
104 44
146 86
66 30
107 100
105 20
147 97
67 11
108 87
106 38
148 96
68 25
109 48
107 40
149 66
69 86
110 68
108 40
150 67
70 19
111 91
109 44
151 31
71 60
112 53
110 98
152 96
72 83
113 100
111 75
153 15
73 93
114 35
112 33
154 45
74 62
115 32
113 70
155 13
75 29
116 95
114 86
156 89
76 40
117 13
115 12
157 69
77 97
118 97
116 65
158 17
78 50
119 52
117 81
159 17
79 67
120 42
118 19
160 54
80 93
119 85
161 38
81 62
122 45
162 69
82 84
123 99
121 42
163 49
83 91
124 46
122 53
164 70
84 54
125 89
123 45
165 48
85 91
126 15
124 26
166 59
86 19
127 89
125 84
167 36
87 99
128 20
126 53
168 12
88 12
129 46
127 52
169 47
89 89
130 18
128 20
170 28
90 28
131 49
129 79
171 44
91 85
132 61
130 22
172 63
92 58
133 68
131 32
173 75
93 43
134 35
132 46
174 21
94 54
135 29
133 82
175 28
95 20
136 64
134 33
176 50
96 90
137 72
135 26
177 54
97 32
138 61
136 66
178 55
98 73
139 90
137 37
179 67
99 42
140 46
138 81
180 78
100 50
141 68
139 66
181 10
101 14
142 32
140 61
182 92
102 57
143 51
141 37
183 28
103 73
144 38
142 75
184 39
104 18
145 90
143 55
185 68
105 20
146 93
144 100
186 94
106 63
147 30
145 73
187 99
107 44
148 77
146 45
188 78
108 33
149 38
147 83
189 47
109 30
150 74
148 86
190 91
110 91
151 84
149 14
191 94
111 45
152 57
150 86
192 96
112 25
153 88
151 34
193 97
113 69
154 13
152 79
194 54
114 42
155 46
153 62
195 74
115 53
156 86
154 56
196 22
116 43
157 24
155 95
197 79
117 56
158 36
156 80
198 87
118 10
159 57
157 78
199 97
119 83
160 93
158 55
200 99
120 96
159 43
201 10
121 61
162 79
202 82
122 49
163 26
161 30
203 51
123 95
164 95
162 85
204 74
124 38
165 27
163 13
205 83
125 55
166 74
164 55
206 87
126 46
167 52
165 86
207 91
127 55
168 44
166 86
208 89
128 15
169 44
167 96
209 47
129 81
170 99
168 77
210 46
130 96
171 19
169 21
211 64
131 96
172 27
170 93
212 52
132 46
173 31
171 33
213 86
133 87
174 17
172 97
214 69
134 89
175 84
173 31
215 35
135 80
176 13
174 15
216 15
136 31
177 86
175 50
217 28
137 79
178 61
176 61
218 50
138 20
179 33
177 20
219 38
139 90
180 99
178 10
220 17
140 77
181 65
179 22
221 84
141 39
182 61
180 14
222 90
142 21
183 12
181 55
223 94
143 82
184 51
182 69
224 92
144 52
185 86
183 85
225 19
145 26
186 65
184 75
226 78
146 61
187 67
185 33
227 66
147 87
188 58
186 23
228 29
148 94
189 30
187 64
229 69
149 96
190 70
188 23
230 93
150 75
191 46
189 18
231 71
151 47
192 48
190 57
232 74
152 60
193 69
191 23
233 58
153 35
194 66
192 94
234 63
154 47
195 70
193 74
235 97
155 51
196 14
194 31
236 24
156 75
197 100
195 24
237 90
157 41
198 71
196 50
238 89
158 31
199 54
197 12
239 52
159 61
200 74
198 96
240 40
160 31
199 34
241 84
161 28
202 19
242 79
162 29
203 96
201 28
243 26
163 77
204 68
202 53
244 54
164 90
205 66
203 69
245 19
165 66
206 40
204 44
246 90
166 80
207 28
205 94
247 16
167 45
208 82
206 40
248 36
168 48
209 46
207 10
249 74
169 87
210 83
208 11
250 89
170 45
211 27
209 49
251 72
171 80
212 78
210 98
252 62
172 35
213 79
211 71
253 79
173 25
214 39
212 83
254 81
174 45
215 97
213 77
255 34
175 88
216 61
214 83
256 27
176 35
217 36
215 53
257 67
177 30
218 69
216 85
258 91
178 49
219 17
217 54
259 40
179 56
220 90
218 48
260 12
180 89
221 13
219 79
261 53
181 24
222 72
220 15
262 60
182 50
223 21
221 98
263 16
183 21
224 38
222 38
264 43
184 56
225 50
223 84
265 64
185 93
226 97
224 80
266 37
186 22
227 75
225 26
267 98
187 67
228 22
226 50
268 76
188 60
229 36
227 69
269 64
189 75
230 58
228 63
270 64
190 95
231 69
229 98
271 53
191 28
232 84
230 96
272 35
192 32
233 45
231 30
273 87
193 59
234 32
232 94
274 13
194 28
235 81
233 34
275 62
195 97
236 37
234 77
276 39
196 50
237 84
235 13
277 90
197 40
238 65
236 64
278 73
198 13
239 93
237 18
279 23
199 99
240 36
238 15
280 18
200 95
239 29
281 17
201 33
242 17
282 33
202 89
243 81
241 61
283 22
203 27
244 45
242 28
284 87
204 12
245 71
243 41
285 85
205 67
246 98
244 82
286 22
206 92
247 44
245 72
287 58
207 60
248 24
246 12
288 38
208 62
249 40
247 35
289 39
209 98
250 44
248 78
290 62
210 55
251 26
249 63
291 78
211 54
252 23
250 28
292 40
212 36
253 82
251 86
293 68
213 28
254 34
252 79
294 33
214 80
255 15
253 32
295 44
215 76
256 70
254 44
296 71
216 92
257 79
255 90
297 12
217 63
258 23
256 91
298 61
218 100
259 66
257 49
299 100
219 45
260 49
258 11
300 93
220 74
261 62
259 71
301 35
221 73
262 23
260 87
302 83
222 91
263 56
261 37
303 68
223 52
264 31
262 29
304 10
224 11
265 31
263 16
305 15
225 25
266 53
264 30
306 100
226 11
267 62
265 47
307 38
227 18
268 77
266 91
308 69
228 37
269 43
267 54
309 88
229 14
270 14
268 31
310 80
230 59
271 76
269 96
311 89
231 26
272 95
270 71
312 85
232 53
273 49
271 21
313 76
233 85
274 95
272 18
314 26
234 93
275 62
273 25
315 61
235 69
276 88
274 14
316 97
236 56
277 25
275 89
317 31
237 70
278 83
276 69
318 71
238 62
279 29
277 28
319 20
239 90
280 100
278 93
320 66
240 52
279 31
321 58
241 46
282 37
322 22
242 79
283 78
281 11
323 92
243 44
284 65
282 97
324 46
244 13
285 27
283 41
325 65
245 39
286 54
284 94
326 20
246 81
287 28
285 77
327 52
247 27
288 78
286 24
328 96
248 38
289 68
287 56
329 60
249 27
290 23
288 54
330 31
250 90
291 43
289 35
331 58
251 22
292 63
290 17
332 49
252 25
293 92
291 96
333 28
253 50
294 10
292 91
334 87
254 33
295 50
293 73
335 45
255 82
296 45
294 54
336 56
256 69
297 75
295 99
337 37
257 50
298 93
296 40
338 56
258 55
299 88
297 37
339 98
259 36
300 25
298 26
340 62
260 62
301 44
299 77
341 73
261 62
302 95
300 48
342 43
262 21
303 13
301 14
343 69
263 90
304 32
302 35
344 68
264 99
305 40
303 25
345 62
265 40
306 66
304 24
346 65
266 51
307 11
305 56
347 96
267 21
308 42
306 92
348 61
268 98
309 11
307 89
349 94
269 98
310 68
308 10
350 74
270 75
311 29
309 49
351 87
271 13
312 29
310 97
352 72
272 87
313 44
311 77
353 25
273 18
314 68
312 42
354 46
274 100
315 84
313 74
355 16
275 22
316 90
314 54
356 67
276 82
317 48
315 11
357 70
277 37
318 13
316 74
358 27
278 17
319 56
317 31
359 69
279 32
320 82
318 57
360 34
280 80
319 94
361 39
281 34
322 81
362 40
282 50
323 84
321 56
363 26
283 20
324 98
322 59
364 89
284 61
325 45
323 83
365 18
285 55
326 93
324 75
366 67
286 96
327 33
325 85
367 85
287 53
328 41
326 31
368 26
288 80
329 83
327 63
369 52
289 35
330 15
328 53
370 25
290 10
331 77
329 74
371 81
291 84
332 54
330 98
372 68
292 28
333 18
331 64
373 29
293 18
334 28
332 72
374 28
294 20
335 88
333 61
375 17
295 55
336 70
334 45
376 61
296 94
337 94
335 37
377 51
297 98
338 67
336 45
378 90
298 90
339 57
337 85
379 13
299 54
340 27
338 94
380 28
300 77
341 29
339 23
381 75
301 18
342 55
340 43
382 58
302 22
343 64
341 31
383 62
303 22
344 54
342 43
384 27
304 68
345 11
343 83
385 52
305 92
346 37
344 63
386 20
306 23
347 22
345 88
387 96
307 76
348 15
346 30
388 89
308 38
349 39
347 80
389 86
309 77
350 50
348 87
390 23
310 49
351 12
349 64
391 75
311 66
352 48
350 33
392 91
312 58
353 23
351 24
393 58
313 54
354 58
352 35
394 99
314 98
355 72
353 88
395 60
315 71
356 25
354 81
396 97
316 88
357 74
355 73
397 27
317 27
358 11
356 82
398 83
318 80
359 62
357 11
399 38
319 19
360 41
358 85
400 33
320 32
359 81
321 30
362 27
322 20
363 58
361 64
323 75
364 92
362 19
324 82
365 17
363 56
325 21
366 75
364 100
326 16
367 25
365 64
327 40
368 69
366 10
328 78
369 52
367 24
329 84
370 49
368 52
330 69
371 28
369 49
331 65
372 58
370 73
332 13
373 51
371 88
333 25
374 84
372 79
334 36
375 39
373 47
335 96
376 76
374 61
336 76
377 78
375 58
337 80
378 20
376 10
338 91
379 45
377 49
339 49
380 90
378 36
340 30
381 44
379 78
341 35
382 57
380 66
342 76
383 32
381 67
343 73
384 29
382 54
344 62
385 51
383 14
345 87
386 29
384 96
346 67
387 59
385 74
347 64
388 30
386 12
348 34
389 47
387 76
349 24
390 55
388 61
350 16
391 75
389 85
351 83
392 43
390 33
352 55
393 83
391 43
353 26
394 65
392 41
354 23
395 37
393 16
355 50
396 63
394 74
356 63
397 22
395 88
357 14
398 45
396 20
358 93
399 13
397 43
359 46
400 42
398 44
360 15
399 85
292
226
1 292 
1 7 
2 383 21 
2 164 25 
2 153 40 
3 223 58 83 
2 56 208 
3 27 184 26 
1 327 
2 364 41 
2 235 188 
1 28 
1 385 
1 200 
1 312 
1 35 
4 16 236 142 144 
1 399 
1 124 
2 46 195 
3 129 139 45 
2 68 346 
2 315 307 
2 162 167 
2 24 152 
3 2 361 165 
2 126 176 
2 183 303 
3 234 116 400 
2 293 260 
2 99 202 
4 321 298 96 251 
1 285 
1 394 
4 118 228 198 270 
1 347 
2 217 221 
2 301 159 
6 190 192 300 71 286 218 
1 88 
1 78 
2 209 8 
2 143 243 
3 6 119 316 
2 281 395 
1 97 
3 309 282 368 
1 365 
1 175 
1 34 
1 317 
2 146 354 
2 334 156 
2 91 148 
1 329 
1 106 
2 130 380 
3 101 279 288 
2 17 85 
1 173 
1 48 
1 345 
1 10 
1 77 
1 366 
3 155 197 280 
1 375 
2 87 248 
2 276 22 
1 295 
1 204 
2 70 224 
2 290 182 
3 271 138 74 
2 23 86 
1 226 
