400 1500 10 100 76
2
3
3
3
3
3
3
3
3
3
3
3
3
3
3
3
3
3
3
3
3
3
3
3
3
3
3
3
3
3
3
3
3
3
3
3
3
3
3
2
3
4
4
4
4
4
4
4
4
4
4
4
4
4
4
4
4
4
4
4
4
4
4
4
4
4
4
4
4
4
4
4
4
4
4
4
4
4
4
3
3
4
4
4
4
4
4
4
4
4
4
4
4
4
4
4
4
4
4
4
4
4
4
4
4
4
4
4
4
4
4
4
4
4
4
4
4
4
4
3
3
4
4
4
4
4
4
4
4
4
4
4
4
4
4
4
4
4
4
4
4
4
4
4
4
4
4
4
4
4
4
4
4
4
4
4
4
4
4
3
3
4
4
4
4
4
4
4
4
4
4
4
4
4
4
4
4
4
4
4
4
4
4
4
4
4
4
4
4
4
4
4
4
4
4
4
4
4
4
3
3
4
4
4
4
4
4
4
4
4
4
4
4
4
4
4
4
4
4
4
4
4
4
4
4
4
4
4
4
4
4
4
4
4
4
4
4
4
4
3
3
4
4
4
4
4
4
4
4
4
4
4
4
4
4
4
4
4
4
4
4
4
4
4
4
4
4
4
4
4
4
4
4
4
4
4
4
4
4
3
3
4
4
4
4
4
4
4
4
4
4
4
4
4
4
4
4
4
4
4
4
4
4
4
4
4
4
4
4
4
4
4
4
4
4
4
4
4
4
3
3
4
4
4
4
4
4
4
4
4
4
4
4
4
4
4
4
4
4
4
4
4
4
4
4
4
4
4
4
4
4
4
4
4
4
4
4
4
4
3
2
3
3
3
3
3
3
3
3
3
3
3
3
3
3
3
3
3
3
3
3
3
3
3
3
3
3
3
3
3
3
3
3
3
3
3
3
3
3
2
41 28
2 29
42 27
3 33
1 40
43 38
4 25
2 87
44 69
5 61
3 32
45 69
6 73
4 13
46 81
7 71
5 84
47 88
8 24
6 37
48 96
9 11
7 50
49 63
10 55
8 34
50 58
11 41
9 16
51 57
12 30
10 71
52 80
13 50
11 80
53 60
14 14
12 79
54 94
15 75
13 42
55 41
16 14
14 80
56 29
17 15
15 53
57 68
18 86
16 51
58 18
19 60
17 93
59 96
20 63
18 86
60 88
21 78
19 11
61 70
22 29
20 77
62 70
23 81
21 42
63 51
24 91
22 51
64 43
25 51
23 67
65 85
26 17
24 78
66 68
27 63
25 79
67 97
28 83
26 65
68 66
29 62
27 51
69 26
30 17
28 57
70 85
31 99
29 78
71 55
32 89
30 100
72 38
33 87
31 78
73 48
34 96
32 22
74 49
35 66
33 73
75 94
36 20
34 48
76 100
37 65
35 43
77 71
38 32
36 99
78 11
39 59
37 62
79 54
40 77
38 56
80 92
39 75
81 98
1 35
42 98
82 100
2 20
43 16
41 88
83 72
3 52
44 90
42 55
84 15
4 92
45 87
43 33
85 100
5 86
46 47
44 94
86 98
6 63
47 41
45 24
87 78
7 79
48 12
46 29
88 14
8 11
49 63
47 62
89 10
9 51
50 29
48 35
90 31
10 83
51 21
49 13
91 68
11 95
52 44
50 27
92 29
12 45
53 81
51 73
93 77
13 36
54 15
52 40
94 13
14 75
55 91
53 11
95 22
15 81
56 30
54 33
96 39
16 19
57 68
55 47
97 72
17 74
58 50
56 48
98 18
18 38
59 87
57 64
99 96
19 71
60 14
58 77
100 80
20 62
61 42
59 54
101 83
21 19
62 91
60 51
102 10
22 68
63 44
61 38
103 68
23 63
64 16
62 86
104 67
24 34
65 49
63 94
105 12
25 86
66 48
64 74
106 13
26 13
67 49
65 59
107 88
27 23
68 52
66 80
108 36
28 84
69 46
67 54
109 49
29 12
70 26
68 19
110 24
30 59
71 55
69 85
111 32
31 47
72 16
70 70
112 98
32 23
73 14
71 15
113 12
33 48
74 16
72 77
114 70
34 17
75 78
73 45
115 96
35 21
76 32
74 60
116 26
36 38
77 75
75 68
117 88
37 58
78 35
76 15
118 65
38 94
79 54
77 50
119 71
39 64
80 100
78 31
120 65
40 31
79 56
121 10
41 85
82 92
122 33
42 57
83 23
81 77
123 24
43 12
84 93
82 33
124 59
44 67
85 80
83 53
125 15
45 33
86 96
84 69
126 82
46 92
87 82
85 40
127 66
47 100
88 66
86 72
128 100
48 13
89 91
87 41
129 87
49 28
90 42
88 27
130 19
50 23
91 80
89 15
131 48
51 99
92 90
90 78
132 65
52 62
93 87
91 89
133 60
53 72
94 36
92 55
134 42
54 69
95 97
93 30
135 54
55 10
96 41
94 30
136 63
56 63
97 73
95 96
137 61
57 95
98 68
96 32
138 55
58 20
99 78
97 26
139 89
59 20
100 13
98 53
140 35
60 56
101 73
99 89
141 48
61 98
102 56
100 11
142 31
62 49
103 69
101 36
143 35
63 51
104 52
102 77
144 77
64 100
105 60
103 95
145 95
65 28
106 98
104 90
146 34
66 19
107 17
105 94
147 43
67 39
108 75
106 69
148 25
68 33
109 16
107 80
149 66
69 71
110 83
108 73
150 40
70 21
111 39
109 41
151 90
71 57
112 70
110 18
152 61
72 18
113 86
111 96
153 37
73 63
114 58
112 14
154 63
74 85
115 23
113 90
155 47
75 13
116 18
114 21
156 68
76 83
117 73
115 68
157 41
77 14
118 79
116 19
158 77
78 91
119 95
117 73
159 17
79 58
120 44
118 38
160 61
80 19
119 37
161 100
81 41
122 50
162 81
82 25
123 65
121 53
163 42
83 71
124 94
122 61
164 39
84 61
125 25
123 76
165 31
85 47
126 93
124 41
166 71
86 11
127 88
125 95
167 36
87 64
128 21
126 23
168 19
88 52
129 52
127 80
169 14
89 38
130 17
128 40
170 87
90 73
131 94
129 79
171 57
91 71
132 14
130 22
172 11
92 43
133 22
131 69
173 47
93 21
134 12
132 92
174 74
94 35
135 47
133 63
175 75
95 98
136 60
134 23
176 14
96 21
137 36
135 36
177 15
97 40
138 29
136 73
178 48
98 54
139 100
137 97
179 17
99 19
140 94
138 55
180 73
100 43
141 42
139 27
181 55
101 25
142 67
140 65
182 86
102 97
143 92
141 26
183 100
103 85
144 70
142 18
184 58
104 14
145 77
143 45
185 74
105 84
146 83
144 88
186 89
106 45
147 59
145 90
187 71
107 75
148 31
146 44
188 17
108 43
149 73
147 48
189 46
109 100
150 64
148 91
190 72
110 30
151 96
149 38
191 71
111 85
152 96
150 11
192 90
112 51
153 50
151 24
193 45
113 54
154 44
152 80
194 24
114 24
155 77
153 85
195 86
115 66
156 53
154 30
196 93
116 99
157 58
155 98
197 37
117 94
158 82
156 27
198 45
118 76
159 85
157 32
199 63
119 43
160 57
158 28
200 25
120 96
159 63
201 85
121 29
162 70
202 51
122 12
163 60
161 78
203 59
123 70
164 43
162 19
204 86
124 69
165 87
163 33
205 85
125 48
166 79
164 13
206 55
126 51
167 40
165 75
207 29
127 67
168 91
166 42
208 57
128 58
169 97
167 21
209 14
129 27
170 35
168 34
210 31
130 72
171 33
169 45
211 36
131 26
172 89
170 86
212 67
132 25
173 100
171 40
213 76
133 88
174 11
172 72
214 43
134 27
175 78
173 44
215 89
135 57
176 69
174 34
216 75
136 69
177 26
175 10
217 29
137 43
178 67
176 60
218 27
138 56
179 27
177 75
219 67
139 39
180 50
178 70
220 87
140 49
181 93
179 16
221 98
141 92
182 22
180 80
222 16
142 65
183 26
181 86
223 61
143 31
184 18
182 100
224 74
144 24
185 90
183 14
225 52
145 84
186 54
184 98
226 75
146 38
187 65
185 19
227 98
147 74
188 57
186 16
228 49
148 62
189 36
187 56
229 71
149 85
190 96
188 53
230 12
150 45
191 79
189 83
231 22
151 32
192 49
190 56
232 35
152 63
193 90
191 91
233 52
153 43
194 86
192 23
234 74
154 11
195 33
193 91
235 88
155 75
196 23
194 98
236 35
156 88
197 93
195 56
237 23
157 97
198 82
196 24
238 18
158 54
199 13
197 99
239 16
159 83
200 93
198 16
240 68
160 59
199 39
241 74
161 54
202 54
242 90
162 20
203 23
201 100
243 96
163 89
204 29
202 47
244 74
164 17
205 90
203 96
245 56
165 43
206 14
204 45
246 74
166 97
207 97
205 60
247 25
167 90
208 60
206 49
248 66
168 68
209 53
207 28
249 83
169 67
210 85
208 94
250 43
170 52
211 68
209 41
251 61
171 15
212 69
210 60
252 79
172 94
213 12
211 58
253 43
173 99
214 91
212 34
254 62
174 25
215 27
213 21
255 48
175 17
216 65
214 13
256 68
176 42
217 77
215 29
257 50
177 14
218 67
216 62
258 43
178 76
219 25
217 79
259 24
179 38
220 77
218 80
260 22
180 65
221 44
219 64
261 12
181 97
222 27
220 74
262 58
182 31
223 55
221 39
263 60
183 53
224 41
222 51
264 20
184 51
225 12
223 82
265 51
185 63
226 83
224 50
266 61
186 100
227 44
225 82
267 39
187 29
228 70
226 38
268 58
188 27
229 91
227 78
269 78
189 86
230 85
228 31
270 77
190 69
231 82
229 92
271 47
191 93
232 21
230 28
272 22
192 33
233 38
231 86
273 92
193 79
234 39
232 49
274 63
194 43
235 16
233 14
275 33
195 87
236 59
234 91
276 48
196 33
237 89
235 44
277 80
197 82
238 93
236 75
278 50
198 38
239 34
237 75
279 13
199 57
240 45
238 17
280 23
200 60
239 91
281 86
201 81
242 82
282 27
202 54
243 59
241 33
283 24
203 95
244 39
242 26
284 75
204 99
245 17
243 47
285 63
205 14
246 16
244 14
286 98
206 44
247 33
245 21
287 12
207 24
248 82
246 85
288 52
208 33
249 11
247 62
289 35
209 63
250 95
248 88
290 55
210 85
251 92
249 21
291 65
211 95
252 27
250 50
292 100
212 81
253 36
251 44
293 73
213 66
254 89
252 57
294 42
214 26
255 77
253 77
295 77
215 82
256 21
254 99
296 40
216 60
257 61
255 50
297 32
217 89
258 43
256 75
298 70
218 65
259 23
257 41
299 83
219 80
260 32
258 50
300 18
220 29
261 45
259 87
301 86
221 27
262 66
260 18
302 48
222 97
263 22
261 12
303 39
223 28
264 93
262 79
304 99
224 42
265 26
263 32
305 86
225 74
266 96
264 12
306 100
226 38
267 20
265 52
307 24
227 31
268 90
266 37
308 90
228 29
269 89
267 80
309 32
229 79
270 26
268 56
310 10
230 33
271 62
269 28
311 59
231 11
272 13
270 15
312 65
232 23
273 25
271 96
313 87
233 38
274 86
272 29
314 17
234 95
275 97
273 86
315 44
235 92
276 18
274 32
316 33
236 57
277 45
275 56
317 61
237 44
278 19
276 90
318 92
238 58
279 97
277 13
319 53
239 28
280 40
278 88
320 12
240 72
279 67
321 33
241 51
282 50
322 74
242 21
283 24
281 71
323 52
243 30
284 46
282 66
324 30
244 66
285 92
283 69
325 82
245 27
286 85
284 68
326 35
246 18
287 34
285 79
327 28
247 36
288 40
286 23
328 31
248 83
289 75
287 88
329 37
249 65
290 97
288 87
330 20
250 44
291 29
289 18
331 45
251 82
292 79
290 73
332 12
252 14
293 59
291 23
333 100
253 48
294 39
292 46
334 38
254 79
295 59
293 89
335 82
255 87
296 55
294 35
336 81
256 73
297 24
295 94
337 17
257 50
298 56
296 63
338 64
258 73
299 95
297 34
339 35
259 89
300 54
298 89
340 41
260 16
301 81
299 72
341 83
261 15
302 26
300 95
342 58
262 89
303 24
301 68
343 72
263 34
304 59
302 65
344 35
264 60
305 20
303 42
345 53
265 78
306 58
304 60
346 45
266 51
307 12
305 40
347 93
267 34
308 58
306 35
348 13
268 81
309 56
307 94
349 31
269 10
310 96
308 60
350 40
270 55
311 58
309 10
351 70
271 45
312 100
310 32
352 60
272 25
313 21
311 38
353 20
273 38
314 96
312 44
354 89
274 44
315 44
313 95
355 86
275 43
316 15
314 65
356 71
276 55
317 30
315 88
357 76
277 86
318 32
316 23
358 77
278 82
319 13
317 16
359 17
279 63
320 92
318 80
360 50
280 63
319 60
361 44
281 86
322 12
362 24
282 40
323 58
321 25
363 79
283 42
324 93
322 13
364 38
284 83
325 86
323 27
365 60
285 15
326 26
324 84
366 15
286 25
327 46
325 45
367 28
287 64
328 100
326 64
368 84
288 20
329 44
327 13
369 28
289 32
330 18
328 86
370 37
290 99
331 63
329 71
371 98
291 88
332 91
330 75
372 70
292 64
333 22
331 67
373 65
293 57
334 51
332 45
374 95
294 92
335 85
333 25
375 40
295 69
336 29
334 72
376 57
296 33
337 75
335 57
377 60
297 79
338 93
336 40
378 94
298 86
339 41
337 63
379 66
299 18
340 56
338 55
380 11
300 18
341 19
339 76
381 16
301 10
342 32
340 72
382 91
302 73
343 29
341 21
383 52
303 18
344 79
342 61
384 22
304 39
345 90
343 33
385 52
305 64
346 20
344 23
386 86
306 49
347 37
345 48
387 89
307 99
348 51
346 95
388 29
308 28
349 52
347 45
389 43
309 24
350 97
348 100
390 43
310 77
351 82
349 48
391 35
311 25
352 87
350 57
392 99
312 48
353 13
351 11
393 55
313 78
354 62
352 70
394 24
314 81
355 36
353 23
395 96
315 39
356 48
354 10
396 94
316 51
357 74
355 44
397 40
317 70
358 39
356 96
398 66
318 93
359 55
357 71
399 97
319 98
360 67
358 82
400 13
320 28
359 49
321 34
362 77
322 79
363 14
361 37
323 12
364 31
362 33
324 70
365 12
363 99
325 18
366 23
364 68
326 25
367 68
365 87
327 24
368 96
366 66
328 14
369 33
367 99
329 62
370 88
368 46
330 53
371 93
369 74
331 47
372 91
370 28
332 88
373 37
371 55
333 52
374 40
372 18
334 97
375 14
373 15
335 28
376 87
374 78
336 74
377 18
375 54
337 48
378 43
376 94
338 64
379 16
377 64
339 45
380 40
378 73
340 95
381 80
379 26
341 45
382 12
380 55
342 59
383 50
381 64
343 15
384 68
382 97
344 33
385 72
383 24
345 14
386 24
384 81
346 89
387 57
385 47
347 43
388 24
386 63
348 53
389 86
387 33
349 43
390 93
388 29
350 15
391 93
389 19
351 28
392 95
390 16
352 20
393 97
391 34
353 87
394 41
392 60
354 14
395 62
393 77
355 78
396 99
394 16
356 62
397 82
395 61
357 34
398 22
396 90
358 48
399 58
397 69
359 60
400 38
398 97
360 29
399 98
25
66
3 85 188 25 
2 312 366 
1 337 
2 166 240 
1 108 
2 165 103 
2 381 57 
3 332 9 190 
1 201 
1 382 
2 15 179 
2 129 186 
2 317 51 
2 386 112 
1 247 
1 131 
2 307 374 
2 81 6 
1 1 
2 52 239 
2 373 243 
1 151 
1 248 
4 14 49 329 93 
4 32 355 60 86 
3 100 221 280 
3 149 245 357 
1 133 
1 259 
1 29 
3 105 335 250 
2 388 171 
1 212 
1 270 
1 315 
2 284 363 
3 383 180 102 
2 144 310 
2 252 369 
4 41 75 218 141 
1 213 
1 378 
2 39 396 
3 140 233 55 
1 226 
3 352 123 87 
3 99 42 319 
2 392 17 
1 296 
2 40 115 
2 181 282 
2 365 128 
1 44 
1 176 
1 370 
3 273 258 157 
1 384 
1 89 
2 276 300 
3 318 299 272 
3 96 353 394 
2 158 28 
2 198 377 
1 362 
2 322 354 
2 109 334 
2 220 216 
2 21 283 
1 309 
1 64 
1 33 
1 360 
2 348 63 
2 147 126 
1 344 
2 189 66 
