400 1500 10 100 76
2
3
3
3
3
3
3
3
3
3
3
3
3
3
3
3
3
3
3
3
3
3
3
3
3
3
3
3
3
3
3
3
3
3
3
3
3
3
3
2
3
4
4
4
4
4
4
4
4
4
4
4
4
4
4
4
4
4
4
4
4
4
4
4
4
4
4
4
4
4
4
4
4
4
4
4
4
4
4
3
3
4
4
4
4
4
4
4
4
4
4
4
4
4
4
4
4
4
4
4
4
4
4
4
4
4
4
4
4
4
4
4
4
4
4
4
4
4
4
3
3
4
4
4
4
4
4
4
4
4
4
4
4
4
4
4
4
4
4
4
4
4
4
4
4
4
4
4
4
4
4
4
4
4
4
4
4
4
4
3
3
4
4
4
4
4
4
4
4
4
4
4
4
4
4
4
4
4
4
4
4
4
4
4
4
4
4
4
4
4
4
4
4
4
4
4
4
4
4
3
3
4
4
4
4
4
4
4
4
4
4
4
4
4
4
4
4
4
4
4
4
4
4
4
4
4
4
4
4
4
4
4
4
4
4
4
4
4
4
3
3
4
4
4
4
4
4
4
4
4
4
4
4
4
4
4
4
4
4
4
4
4
4
4
4
4
4
4
4
4
4
4
4
4
4
4
4
4
4
3
3
4
4
4
4
4
4
4
4
4
4
4
4
4
4
4
4
4
4
4
4
4
4
4
4
4
4
4
4
4
4
4
4
4
4
4
4
4
4
3
3
4
4
4
4
4
4
4
4
4
4
4
4
4
4
4
4
4
4
4
4
4
4
4
4
4
4
4
4
4
4
4
4
4
4
4
4
4
4
3
2
3
3
3
3
3
3
3
3
3
3
3
3
3
3
3
3
3
3
3
3
3
3
3
3
3
3
3
3
3
3
3
3
3
3
3
3
3
3
2
41 46
2 29
42 92
3 53
1 71
43 98
4 55
2 61
44 31
5 40
3 23
45 63
6 37
4 68
46 32
7 79
5 22
47 81
8 10
6 74
48 41
9 77
7 35
49 76
10 22
8 66
50 71
11 48
9 13
51 56
12 22
10 41
52 52
13 55
11 41
53 28
14 84
12 20
54 99
15 33
13 75
55 74
16 97
14 56
56 19
17 56
15 98
57 91
18 58
16 68
58 46
19 89
17 71
59 31
20 48
18 28
60 52
21 82
19 31
61 19
22 99
20 93
62 89
23 25
21 49
63 69
24 68
22 72
64 90
25 36
23 33
65 11
26 74
24 39
66 33
27 78
25 62
67 81
28 66
26 30
68 31
29 80
27 17
69 66
30 68
28 72
70 92
31 50
29 33
71 90
32 41
30 72
72 64
33 34
31 30
73 90
34 11
32 59
74 53
35 36
33 30
75 81
36 44
34 97
76 51
37 19
35 100
77 44
38 88
36 15
78 89
39 91
37 10
79 100
40 13
38 26
80 69
39 52
81 34
1 54
42 24
82 54
2 43
43 95
41 10
83 22
3 60
44 83
42 89
84 28
4 81
45 56
43 84
85 82
5 63
46 76
44 81
86 83
6 36
47 41
45 58
87 19
7 35
48 88
46 80
88 42
8 56
49 86
47 13
89 83
9 64
50 33
48 74
90 16
10 69
51 16
49 83
91 76
11 39
52 12
50 99
92 16
12 10
53 19
51 66
93 45
13 42
54 67
52 100
94 59
14 70
55 21
53 21
95 91
15 17
56 29
54 46
96 42
16 28
57 98
55 32
97 68
17 38
58 70
56 94
98 92
18 42
59 16
57 88
99 75
19 17
60 94
58 36
100 90
20 29
61 60
59 35
101 88
21 74
62 39
60 46
102 59
22 27
63 93
61 70
103 26
23 55
64 15
62 52
104 43
24 91
65 37
63 88
105 37
25 80
66 77
64 24
106 11
26 27
67 58
65 41
107 96
27 70
68 13
66 27
108 61
28 44
69 69
67 31
109 99
29 22
70 33
68 73
110 58
30 19
71 10
69 90
111 100
31 12
72 21
70 94
112 18
32 79
73 18
71 86
113 32
33 31
74 36
72 98
114 64
34 28
75 86
73 68
115 23
35 75
76 58
74 56
116 19
36 55
77 52
75 84
117 36
37 61
78 97
76 66
118 45
38 60
79 87
77 67
119 41
39 26
80 46
78 31
120 43
40 77
79 43
121 100
41 24
82 34
122 19
42 81
83 13
81 53
123 97
43 66
84 71
82 32
124 67
44 63
85 85
83 18
125 45
45 50
86 83
84 67
126 96
46 93
87 70
85 85
127 54
47 11
88 90
86 98
128 98
48 24
89 31
87 37
129 67
49 34
90 91
88 79
130 42
50 38
91 48
89 33
131 79
51 99
92 66
90 93
132 36
52 85
93 94
91 27
133 69
53 74
94 59
92 30
134 50
54 68
95 93
93 97
135 90
55 92
96 17
94 61
136 78
56 75
97 37
95 89
137 25
57 58
98 45
96 74
138 60
58 90
99 45
97 89
139 73
59 20
100 13
98 96
140 67
60 75
101 93
99 81
141 71
61 37
102 78
100 74
142 93
62 74
103 52
101 21
143 95
63 21
104 11
102 66
144 23
64 48
105 66
103 49
145 26
65 27
106 74
104 19
146 26
66 55
107 45
105 53
147 60
67 77
108 28
106 17
148 58
68 95
109 27
107 74
149 58
69 56
110 65
108 38
150 11
70 96
111 99
109 73
151 26
71 31
112 70
110 57
152 94
72 38
113 21
111 47
153 89
73 33
114 19
112 96
154 80
74 88
115 85
113 33
155 46
75 64
116 57
114 82
156 51
76 28
117 42
115 28
157 45
77 51
118 79
116 73
158 47
78 77
119 65
117 20
159 17
79 70
120 69
118 88
160 48
80 76
119 65
161 21
81 57
122 27
162 13
82 15
123 58
121 58
163 55
83 28
124 42
122 40
164 50
84 80
125 79
123 24
165 56
85 52
126 62
124 23
166 52
86 73
127 12
125 92
167 85
87 89
128 21
126 18
168 23
88 29
129 38
127 10
169 90
89 40
130 17
128 32
170 47
90 43
131 15
129 78
171 14
91 23
132 51
130 55
172 61
92 28
133 75
131 61
173 10
93 85
134 100
132 56
174 98
94 26
135 89
133 47
175 97
95 10
136 17
134 10
176 47
96 56
137 52
135 89
177 80
97 76
138 22
136 59
178 44
98 37
139 63
137 90
179 85
99 82
140 24
138 60
180 54
100 23
141 46
139 51
181 83
101 54
142 25
140 33
182 74
102 41
143 11
141 79
183 74
103 66
144 60
142 25
184 92
104 70
145 80
143 99
185 27
105 31
146 87
144 83
186 53
106 29
147 39
145 97
187 75
107 14
148 60
146 35
188 88
108 72
149 73
147 49
189 78
109 41
150 51
148 11
190 71
110 10
151 10
149 57
191 61
111 87
152 81
150 76
192 95
112 29
153 42
151 69
193 54
113 56
154 92
152 64
194 84
114 99
155 34
153 88
195 17
115 56
156 21
154 52
196 51
116 66
157 32
155 83
197 26
117 62
158 69
156 28
198 43
118 23
159 39
157 69
199 72
119 99
160 74
158 66
200 99
120 72
159 96
201 70
121 14
162 91
202 28
122 78
163 92
161 83
203 29
123 42
164 69
162 63
204 25
124 42
165 48
163 50
205 85
125 12
166 73
164 77
206 91
126 62
167 68
165 94
207 18
127 22
168 29
166 81
208 51
128 60
169 47
167 54
209 90
129 76
170 72
168 40
210 74
130 86
171 97
169 30
211 90
131 10
172 92
170 100
212 41
132 23
173 66
171 19
213 39
133 55
174 65
172 78
214 39
134 98
175 92
173 99
215 14
135 22
176 36
174 100
216 86
136 87
177 66
175 67
217 71
137 35
178 12
176 93
218 66
138 63
179 90
177 10
219 23
139 57
180 86
178 98
220 20
140 61
181 40
179 80
221 55
141 33
182 22
180 52
222 41
142 18
183 32
181 83
223 54
143 74
184 77
182 32
224 66
144 61
185 25
183 39
225 59
145 53
186 41
184 42
226 16
146 44
187 32
185 12
227 62
147 60
188 82
186 88
228 74
148 97
189 97
187 93
229 88
149 63
190 75
188 66
230 66
150 22
191 36
189 63
231 33
151 75
192 41
190 31
232 84
152 81
193 17
191 81
233 32
153 80
194 37
192 66
234 96
154 20
195 41
193 75
235 51
155 95
196 27
194 29
236 23
156 11
197 57
195 13
237 43
157 64
198 95
196 45
238 86
158 15
199 60
197 97
239 82
159 18
200 19
198 71
240 64
160 14
199 83
241 86
161 58
202 62
242 62
162 73
203 98
201 33
243 95
163 12
204 36
202 44
244 42
164 75
205 59
203 42
245 73
165 66
206 19
204 70
246 75
166 22
207 13
205 53
247 79
167 12
208 33
206 37
248 87
168 53
209 81
207 70
249 79
169 99
210 78
208 58
250 22
170 22
211 29
209 54
251 47
171 18
212 65
210 10
252 79
172 88
213 48
211 11
253 44
173 17
214 82
212 45
254 37
174 58
215 86
213 87
255 54
175 10
216 100
214 32
256 62
176 62
217 54
215 76
257 92
177 15
218 41
216 26
258 12
178 81
219 95
217 25
259 99
179 30
220 37
218 11
260 60
180 13
221 92
219 48
261 93
181 72
222 81
220 84
262 57
182 39
223 29
221 71
263 56
183 84
224 67
222 57
264 10
184 90
225 78
223 81
265 62
185 66
226 93
224 37
266 64
186 85
227 55
225 41
267 70
187 61
228 34
226 66
268 34
188 54
229 75
227 16
269 51
189 17
230 97
228 66
270 83
190 81
231 13
229 97
271 27
191 73
232 18
230 21
272 32
192 25
233 59
231 28
273 70
193 62
234 59
232 70
274 70
194 66
235 27
233 88
275 86
195 33
236 35
234 64
276 11
196 58
237 83
235 32
277 34
197 92
238 73
236 31
278 31
198 32
239 82
237 93
279 92
199 96
240 16
238 85
280 17
200 93
239 61
281 68
201 20
242 29
282 99
202 88
243 98
241 29
283 17
203 26
244 36
242 50
284 78
204 72
245 17
243 58
285 95
205 90
246 69
244 90
286 17
206 97
247 44
245 72
287 90
207 90
248 26
246 68
288 59
208 69
249 88
247 74
289 99
209 88
250 52
248 52
290 19
210 58
251 31
249 35
291 93
211 30
252 45
250 27
292 52
212 69
253 82
251 58
293 67
213 66
254 57
252 80
294 80
214 93
255 97
253 40
295 84
215 76
256 98
254 82
296 50
216 46
257 78
255 40
297 33
217 100
258 35
256 51
298 57
218 33
259 12
257 54
299 50
219 62
260 99
258 35
300 50
220 34
261 71
259 12
301 60
221 14
262 45
260 36
302 48
222 76
263 56
261 74
303 18
223 59
264 54
262 12
304 73
224 82
265 65
263 22
305 44
225 47
266 98
264 94
306 100
226 34
267 67
265 88
307 50
227 20
268 71
266 13
308 92
228 100
269 11
267 26
309 32
229 67
270 97
268 27
310 78
230 29
271 32
269 38
311 70
231 29
272 83
270 47
312 88
232 59
273 23
271 31
313 91
233 66
274 98
272 42
314 38
234 31
275 22
273 22
315 87
235 52
276 77
274 98
316 12
236 74
277 78
275 90
317 90
237 90
278 57
276 17
318 61
238 98
279 78
277 56
319 18
239 42
280 29
278 12
320 37
240 73
279 100
321 95
241 29
282 90
322 81
242 69
283 82
281 81
323 10
243 90
284 30
282 85
324 64
244 66
285 97
283 24
325 56
245 87
286 83
284 98
326 26
246 55
287 62
285 96
327 17
247 82
288 39
286 89
328 26
248 21
289 38
287 70
329 51
249 24
290 64
288 77
330 32
250 40
291 72
289 69
331 56
251 67
292 78
290 66
332 19
252 17
293 28
291 56
333 49
253 14
294 19
292 17
334 91
254 75
295 30
293 38
335 49
255 32
296 18
294 43
336 93
256 58
297 100
295 67
337 73
257 50
298 15
296 65
338 68
258 97
299 64
297 33
339 82
259 47
300 43
298 60
340 98
260 53
301 97
299 78
341 62
261 43
302 28
300 34
342 40
262 95
303 37
301 92
343 74
263 99
304 30
302 62
344 69
264 76
305 69
303 65
345 58
265 95
306 46
304 10
346 20
266 52
307 46
305 24
347 67
267 57
308 58
306 67
348 40
268 81
309 36
307 80
349 43
269 36
310 27
308 41
350 16
270 55
311 30
309 25
351 13
271 84
312 41
310 69
352 30
272 21
313 19
311 29
353 83
273 39
314 50
312 95
354 59
274 69
315 92
313 47
355 92
275 78
316 55
314 37
356 65
276 68
317 29
315 98
357 20
277 50
318 15
316 99
358 25
278 61
319 76
317 76
359 68
279 94
320 72
318 90
360 66
280 89
319 45
361 55
281 85
322 47
362 25
282 60
323 79
321 10
363 45
283 35
324 83
322 17
364 73
284 77
325 71
323 59
365 96
285 88
326 12
324 22
366 74
286 51
327 52
325 44
367 52
287 77
328 77
326 79
368 19
288 100
329 84
327 74
369 91
289 63
330 19
328 19
370 50
290 24
331 32
329 53
371 22
291 49
332 49
330 15
372 88
292 56
333 49
331 60
373 81
293 91
334 69
332 57
374 84
294 18
335 75
333 50
375 92
295 100
336 10
334 92
376 96
296 97
337 25
335 83
377 73
297 29
338 39
336 87
378 87
298 18
339 58
337 53
379 74
299 51
340 94
338 30
380 69
300 82
341 47
339 42
381 47
301 47
342 22
340 27
382 40
302 46
343 88
341 25
383 39
303 41
344 48
342 86
384 20
304 18
345 35
343 60
385 27
305 35
346 29
344 14
386 66
306 62
347 51
345 54
387 28
307 26
348 10
346 83
388 19
308 81
349 92
347 62
389 41
309 25
350 10
348 65
390 77
310 49
351 23
349 82
391 33
311 48
352 39
350 43
392 69
312 11
353 49
351 88
393 62
313 64
354 97
352 69
394 15
314 82
355 86
353 60
395 38
315 57
356 59
354 28
396 10
316 18
357 40
355 56
397 70
317 33
358 86
356 36
398 100
318 16
359 11
357 40
399 83
319 43
360 62
358 14
400 29
320 27
359 18
321 44
362 34
322 48
363 20
361 50
323 49
364 54
362 14
324 39
365 44
363 52
325 67
366 90
364 54
326 96
367 13
365 32
327 91
368 76
366 50
328 67
369 41
367 50
329 60
370 90
368 68
330 46
371 31
369 69
331 88
372 39
370 41
332 15
373 14
371 16
333 31
374 37
372 65
334 83
375 69
373 66
335 79
376 26
374 28
336 98
377 15
375 19
337 99
378 87
376 57
338 93
379 44
377 96
339 69
380 34
378 57
340 25
381 87
379 27
341 57
382 66
380 91
342 68
383 83
381 55
343 30
384 93
382 83
344 78
385 49
383 69
345 64
386 22
384 58
346 66
387 22
385 76
347 25
388 79
386 36
348 95
389 37
387 54
349 76
390 85
388 64
350 64
391 77
389 63
351 36
392 19
390 58
352 62
393 78
391 79
353 16
394 88
392 85
354 85
395 90
393 96
355 98
396 73
394 47
356 37
397 43
395 73
357 51
398 61
396 89
358 43
399 28
397 80
359 75
400 53
398 55
360 36
399 96
158
248
1 158 
1 275 
1 263 
2 372 84 
3 127 242 66 
3 125 54 185 
1 61 
2 149 266 
1 70 
3 380 361 138 
2 36 68 
3 331 130 369 
4 99 212 204 228 
2 129 215 
2 100 324 
2 78 247 
2 304 224 
3 175 60 9 
2 123 348 
4 303 241 352 38 
1 79 
1 59 
1 143 
2 232 23 
3 181 94 56 
1 112 
3 157 115 41 
1 52 
3 81 351 230 
1 74 
1 48 
1 285 
1 291 
2 335 354 
1 86 
1 265 
1 273 
2 146 12 
2 105 116 
2 44 58 
2 310 134 
1 186 
1 110 
2 328 378 
2 98 301 
3 43 57 92 
1 40 
1 370 
2 321 102 
2 122 3 
1 270 
1 65 
2 267 114 
1 264 
1 107 
1 364 
3 160 165 349 
3 178 151 220 
3 237 5 119 
1 145 
2 133 198 
3 75 42 216 
3 195 46 35 
1 325 
1 255 
1 400 
2 388 332 
1 271 
5 357 350 222 360 269 
2 162 396 
3 393 318 176 
1 29 
2 397 307 
2 183 85 
1 295 
1 248 
