400 1520 10 100 76
2
3
3
3
3
3
3
3
3
3
3
3
3
3
3
3
3
3
3
2
3
4
4
4
4
4
4
4
4
4
4
4
4
4
4
4
4
4
4
3
3
4
4
4
4
4
4
4
4
4
4
4
4
4
4
4
4
4
4
3
3
4
4
4
4
4
4
4
4
4
4
4
4
4
4
4
4
4
4
3
3
4
4
4
4
4
4
4
4
4
4
4
4
4
4
4
4
4
4
3
3
4
4
4
4
4
4
4
4
4
4
4
4
4
4
4
4
4
4
3
3
4
4
4
4
4
4
4
4
4
4
4
4
4
4
4
4
4
4
3
3
4
4
4
4
4
4
4
4
4
4
4
4
4
4
4
4
4
4
3
3
4
4
4
4
4
4
4
4
4
4
4
4
4
4
4
4
4
4
3
3
4
4
4
4
4
4
4
4
4
4
4
4
4
4
4
4
4
4
3
3
4
4
4
4
4
4
4
4
4
4
4
4
4
4
4
4
4
4
3
3
4
4
4
4
4
4
4
4
4
4
4
4
4
4
4
4
4
4
3
3
4
4
4
4
4
4
4
4
4
4
4
4
4
4
4
4
4
4
3
3
4
4
4
4
4
4
4
4
4
4
4
4
4
4
4
4
4
4
3
3
4
4
4
4
4
4
4
4
4
4
4
4
4
4
4
4
4
4
3
3
4
4
4
4
4
4
4
4
4
4
4
4
4
4
4
4
4
4
3
3
4
4
4
4
4
4
4
4
4
4
4
4
4
4
4
4
4
4
3
3
4
4
4
4
4
4
4
4
4
4
4
4
4
4
4
4
4
4
3
3
4
4
4
4
4
4
4
4
4
4
4
4
4
4
4
4
4
4
3
2
3
3
3
3
3
3
3
3
3
3
3
3
3
3
3
3
3
3
2
21 21
2 29
22 69
3 55
1 21
23 43
4 65
2 13
24 48
5 68
3 90
25 52
6 63
4 92
26 48
7 60
5 95
27 23
8 75
6 24
28 25
9 43
7 98
29 62
10 12
8 62
30 53
11 29
9 47
31 41
12 64
10 66
32 76
13 43
11 100
33 92
14 35
12 74
34 58
15 79
13 59
35 81
16 41
14 59
36 41
17 20
15 40
37 73
18 45
16 99
38 46
19 95
17 10
39 52
20 48
18 35
40 75
19 37
41 89
1 83
22 42
42 72
2 70
23 17
21 84
43 83
3 75
24 63
22 63
44 14
4 17
25 61
23 64
45 52
5 66
26 32
24 85
46 72
6 81
27 17
25 71
47 64
7 82
28 38
26 97
48 98
8 57
29 34
27 67
49 69
9 65
30 44
28 60
50 59
10 45
31 54
29 87
51 92
11 37
32 100
30 32
52 53
12 72
33 71
31 69
53 59
13 28
34 62
32 96
54 65
14 61
35 42
33 26
55 63
15 55
36 40
34 49
56 36
16 31
37 84
35 47
57 93
17 34
38 68
36 65
58 34
18 71
39 49
37 90
59 24
19 97
40 87
38 80
60 70
20 27
39 95
61 87
21 93
42 23
62 66
22 63
43 53
41 94
63 64
23 20
44 55
42 78
64 68
24 50
45 63
43 11
65 64
25 22
46 14
44 60
66 99
26 66
47 83
45 67
67 53
27 52
48 39
46 17
68 90
28 69
49 35
47 38
69 48
29 37
50 13
48 14
70 77
30 81
51 29
49 88
71 61
31 81
52 33
50 33
72 27
32 63
53 30
51 29
73 58
33 94
54 49
52 99
74 87
34 97
55 73
53 94
75 54
35 66
56 70
54 88
76 68
36 90
57 58
55 47
77 51
37 64
58 24
56 88
78 98
38 30
59 53
57 42
79 44
39 68
60 32
58 57
80 36
40 82
59 95
81 52
41 82
62 59
82 20
42 25
63 45
61 58
83 31
43 91
64 41
62 84
84 78
44 11
65 44
63 15
85 56
45 18
66 28
64 94
86 31
46 33
67 66
65 24
87 20
47 54
68 73
66 96
88 29
48 24
69 45
67 19
89 39
49 90
70 55
68 78
90 44
50 30
71 11
69 26
91 96
51 89
72 24
70 17
92 57
52 96
73 54
71 90
93 52
53 60
74 92
72 24
94 30
54 63
75 10
73 34
95 43
55 67
76 59
74 81
96 36
56 66
77 11
75 92
97 70
57 67
78 54
76 59
98 50
58 43
79 84
77 55
99 31
59 98
80 73
78 60
100 67
60 41
79 76
101 45
61 45
82 12
102 60
62 21
83 14
81 12
103 35
63 53
84 53
82 28
104 25
64 44
85 55
83 45
105 67
65 15
86 84
84 64
106 52
66 14
87 92
85 49
107 55
67 14
88 28
86 64
108 69
68 61
89 61
87 10
109 22
69 34
90 38
88 95
110 84
70 32
91 70
89 46
111 92
71 72
92 47
90 24
112 87
72 83
93 92
91 28
113 18
73 82
94 12
92 84
114 56
74 86
95 37
93 84
115 24
75 73
96 70
94 58
116 12
76 66
97 60
95 21
117 32
77 15
98 11
96 30
118 87
78 90
99 64
97 48
119 48
79 42
100 69
98 32
120 12
80 14
99 15
121 27
81 71
102 54
122 90
82 96
103 51
101 77
123 21
83 91
104 96
102 86
124 61
84 83
105 43
103 42
125 13
85 77
106 100
104 22
126 25
86 92
107 81
105 12
127 86
87 72
108 100
106 86
128 54
88 19
109 48
107 89
129 64
89 97
110 76
108 69
130 48
90 41
111 34
109 36
131 82
91 33
112 50
110 100
132 51
92 79
113 25
111 33
133 57
93 61
114 62
112 51
134 21
94 36
115 92
113 63
135 84
95 41
116 53
114 13
136 61
96 45
117 57
115 90
137 75
97 23
118 58
116 99
138 38
98 72
119 53
117 100
139 66
99 58
120 16
118 24
140 55
100 75
119 20
141 37
101 35
122 59
142 19
102 13
123 13
121 12
143 39
103 19
124 38
122 53
144 79
104 20
125 33
123 48
145 93
105 59
126 18
124 10
146 59
106 22
127 84
125 27
147 62
107 10
128 97
126 44
148 19
108 38
129 54
127 72
149 18
109 22
130 94
128 49
150 31
110 70
131 17
129 51
151 34
111 73
132 29
130 58
152 32
112 27
133 19
131 51
153 71
113 36
134 97
132 82
154 72
114 30
135 18
133 22
155 100
115 99
136 25
134 13
156 23
116 27
137 14
135 87
157 39
117 43
138 65
136 45
158 80
118 96
139 75
137 65
159 56
119 93
140 92
138 90
160 36
120 94
139 46
161 95
121 17
142 66
162 38
122 38
143 60
141 42
163 65
123 21
144 84
142 65
164 44
124 96
145 56
143 90
165 70
125 14
146 18
144 51
166 68
126 58
147 18
145 71
167 80
127 34
148 33
146 63
168 76
128 84
149 35
147 83
169 37
129 20
150 32
148 43
170 93
130 96
151 35
149 22
171 58
131 67
152 32
150 50
172 20
132 68
153 23
151 95
173 87
133 80
154 14
152 72
174 73
134 36
155 48
153 33
175 50
135 75
156 31
154 39
176 17
136 30
157 19
155 67
177 92
137 19
158 10
156 74
178 80
138 71
159 44
157 83
179 50
139 63
160 94
158 42
180 59
140 77
159 87
181 70
141 36
162 11
182 23
142 19
163 80
161 57
183 73
143 86
164 66
162 34
184 53
144 95
165 17
163 43
185 36
145 56
166 13
164 76
186 80
146 97
167 15
165 66
187 22
147 95
168 70
166 12
188 28
148 95
169 28
167 43
189 16
149 61
170 59
168 91
190 47
150 70
171 87
169 29
191 59
151 62
172 87
170 34
192 83
152 72
173 67
171 45
193 27
153 52
174 17
172 23
194 38
154 43
175 69
173 41
195 80
155 32
176 25
174 22
196 90
156 40
177 95
175 10
197 93
157 35
178 37
176 78
198 93
158 10
179 12
177 84
199 55
159 41
180 29
178 49
200 92
160 76
179 79
201 55
161 91
182 82
202 97
162 52
183 41
181 65
203 24
163 11
184 51
182 36
204 57
164 62
185 64
183 13
205 54
165 68
186 71
184 40
206 15
166 37
187 84
185 89
207 24
167 55
188 63
186 54
208 29
168 55
189 62
187 65
209 42
169 87
190 75
188 25
210 79
170 39
191 99
189 98
211 42
171 41
192 71
190 78
212 36
172 58
193 60
191 43
213 12
173 42
194 12
192 91
214 55
174 37
195 83
193 24
215 12
175 44
196 37
194 96
216 86
176 28
197 44
195 61
217 63
177 92
198 96
196 89
218 59
178 77
199 99
197 33
219 65
179 57
200 90
198 20
220 62
180 26
199 14
221 37
181 95
202 80
222 99
182 41
203 30
201 21
223 77
183 76
204 39
202 39
224 29
184 12
205 86
203 25
225 33
185 29
206 18
204 63
226 85
186 13
207 95
205 16
227 17
187 79
208 42
206 86
228 26
188 59
209 95
207 72
229 70
189 20
210 84
208 79
230 47
190 69
211 28
209 39
231 23
191 79
212 95
210 14
232 47
192 16
213 60
211 11
233 89
193 15
214 26
212 47
234 85
194 72
215 76
213 33
235 91
195 91
216 85
214 74
236 46
196 62
217 15
215 28
237 78
197 93
218 96
216 19
238 39
198 68
219 65
217 47
239 47
199 40
220 37
218 61
240 43
200 83
219 18
241 16
201 15
222 51
242 11
202 29
223 97
221 35
243 95
203 93
224 77
222 64
244 46
204 76
225 83
223 68
245 84
205 37
226 38
224 44
246 86
206 11
227 100
225 35
247 28
207 96
228 25
226 21
248 56
208 31
229 12
227 91
249 89
209 43
230 29
228 90
250 72
210 18
231 73
229 89
251 84
211 69
232 48
230 77
252 64
212 13
233 76
231 40
253 63
213 97
234 61
232 85
254 19
214 25
235 52
233 41
255 12
215 44
236 69
234 67
256 55
216 52
237 32
235 27
257 93
217 77
238 88
236 30
258 37
218 59
239 67
237 44
259 23
219 21
240 12
238 47
260 26
220 53
239 94
261 71
221 23
242 94
262 75
222 82
243 65
241 36
263 70
223 99
244 69
242 14
264 43
224 59
245 72
243 31
265 58
225 59
246 87
244 27
266 11
226 97
247 100
245 98
267 28
227 77
248 94
246 25
268 53
228 22
249 59
247 53
269 52
229 33
250 63
248 32
270 94
230 25
251 51
249 23
271 82
231 29
252 73
250 14
272 50
232 70
253 80
251 43
273 14
233 33
254 31
252 66
274 32
234 97
255 38
253 46
275 59
235 58
256 72
254 46
276 67
236 22
257 10
255 99
277 14
237 72
258 11
256 51
278 87
238 61
259 36
257 30
279 51
239 92
260 50
258 54
280 80
240 46
259 77
281 25
241 70
262 13
282 43
242 51
263 34
261 62
283 53
243 44
264 39
262 28
284 95
244 84
265 54
263 49
285 35
245 93
266 13
264 72
286 75
246 53
267 99
265 76
287 45
247 59
268 22
266 24
288 36
248 74
269 75
267 20
289 61
249 92
270 67
268 23
290 45
250 82
271 29
269 58
291 63
251 28
272 46
270 61
292 99
252 70
273 15
271 83
293 62
253 85
274 97
272 31
294 17
254 36
275 39
273 70
295 75
255 77
276 86
274 66
296 100
256 88
277 70
275 45
297 81
257 88
278 24
276 28
298 95
258 86
279 69
277 58
299 72
259 94
280 28
278 69
300 17
260 45
279 78
301 89
261 25
282 30
302 55
262 57
283 48
281 26
303 45
263 57
284 26
282 52
304 54
264 77
285 59
283 97
305 18
265 67
286 90
284 94
306 18
266 59
287 99
285 70
307 34
267 51
288 99
286 17
308 97
268 95
289 86
287 12
309 13
269 58
290 57
288 14
310 48
270 17
291 29
289 99
311 44
271 21
292 12
290 50
312 50
272 91
293 53
291 82
313 29
273 77
294 10
292 72
314 93
274 31
295 11
293 25
315 16
275 17
296 44
294 50
316 64
276 48
297 77
295 46
317 34
277 70
298 85
296 87
318 19
278 59
299 14
297 30
319 38
279 90
300 98
298 42
320 62
280 44
299 46
321 96
281 100
302 14
322 71
282 93
303 23
301 26
323 88
283 50
304 15
302 21
324 52
284 86
305 47
303 24
325 24
285 48
306 21
304 62
326 70
286 69
307 68
305 47
327 100
287 73
308 28
306 20
328 33
288 97
309 25
307 92
329 12
289 28
310 28
308 86
330 32
290 40
311 72
309 34
331 45
291 61
312 42
310 34
332 89
292 80
313 99
311 68
333 61
293 46
314 89
312 98
334 78
294 84
315 100
313 14
335 87
295 83
316 85
314 80
336 34
296 35
317 56
315 76
337 14
297 22
318 73
316 44
338 24
298 79
319 33
317 78
339 13
299 44
320 89
318 18
340 85
300 16
319 11
341 46
301 71
322 22
342 18
302 100
323 76
321 37
343 43
303 85
324 22
322 12
344 99
304 76
325 43
323 21
345 79
305 14
326 14
324 56
346 55
306 93
327 49
325 45
347 53
307 65
328 94
326 76
348 60
308 11
329 52
327 80
349 42
309 72
330 16
328 15
350 77
310 73
331 71
329 60
351 22
311 45
332 21
330 16
352 89
312 53
333 14
331 72
353 50
313 33
334 22
332 49
354 59
314 61
335 86
333 23
355 71
315 85
336 47
334 23
356 42
316 33
337 17
335 29
357 74
317 100
338 99
336 43
358 34
318 70
339 27
337 84
359 35
319 52
340 36
338 76
360 82
320 56
339 56
361 32
321 96
342 98
362 61
322 86
343 51
341 63
363 11
323 74
344 98
342 79
364 99
324 57
345 11
343 57
365 39
325 75
346 60
344 68
366 73
326 15
347 78
345 62
367 23
327 77
348 14
346 62
368 79
328 40
349 33
347 28
369 35
329 54
350 58
348 47
370 80
330 44
351 32
349 47
371 72
331 19
352 77
350 62
372 52
332 25
353 71
351 81
373 92
333 82
354 47
352 51
374 41
334 28
355 86
353 92
375 52
335 29
356 70
354 28
376 96
336 79
357 88
355 18
377 25
337 87
358 89
356 95
378 85
338 89
359 92
357 46
379 30
339 59
360 74
358 23
380 54
340 27
359 52
381 13
341 29
362 20
382 67
342 60
363 53
361 63
383 68
343 34
364 48
362 22
384 52
344 35
365 90
363 10
385 42
345 28
366 44
364 19
386 14
346 82
367 76
365 69
387 82
347 87
368 15
366 40
388 42
348 83
369 82
367 12
389 40
349 59
370 55
368 95
390 92
350 18
371 58
369 85
391 31
351 98
372 97
370 51
392 79
352 36
373 91
371 71
393 39
353 65
374 29
372 17
394 49
354 57
375 48
373 13
395 42
355 31
376 78
374 84
396 32
356 90
377 77
375 25
397 54
357 38
378 19
376 73
398 59
358 69
379 23
377 71
399 75
359 57
380 15
378 64
400 45
360 17
379 26
361 65
382 52
362 70
383 92
381 93
363 23
384 34
382 79
364 50
385 24
383 53
365 58
386 42
384 11
366 65
387 76
385 70
367 47
388 39
386 32
368 47
389 41
387 95
369 93
390 58
388 15
370 62
391 30
389 53
371 77
392 10
390 100
372 71
393 69
391 76
373 62
394 97
392 18
374 97
395 78
393 76
375 27
396 43
394 51
376 54
397 67
395 64
377 23
398 49
396 43
378 87
399 22
397 24
379 69
400 31
398 66
380 15
399 10
340
164
1 340 
1 131 
2 136 95 
2 378 382 
3 273 218 341 
4 199 77 315 226 
2 216 19 
2 189 17 
2 181 35 
2 342 150 
1 61 
1 90 
2 276 112 
1 388 
2 42 142 
2 374 296 
3 258 63 178 
3 133 160 121 
2 300 171 
1 326 
2 196 74 
2 193 103 
3 324 367 182 
1 286 
1 110 
1 120 
1 124 
2 224 221 
2 82 229 
2 354 197 
1 24 
1 246 
1 101 
1 81 
1 213 
2 344 355 
2 148 381 
1 94 
2 350 247 
1 289 
3 334 329 194 
1 105 
1 107 
1 1 
3 389 257 386 
1 126 
3 210 209 52 
1 154 
2 343 349 
3 165 56 205 
1 323 
1 203 
5 9 383 43 380 145 
1 319 
3 356 186 79 
3 69 106 369 
2 293 358 
1 336 
1 375 
1 390 
2 36 377 
4 27 96 78 283 
1 115 
2 272 217 
3 242 249 376 
2 5 98 
1 238 
3 304 156 219 
2 351 215 
1 260 
4 223 335 25 93 
1 254 
3 239 241 228 
1 225 
1 232 
2 109 164 
