400 1500 10 100 76
2
3
3
3
3
3
3
3
3
3
3
3
3
3
3
3
3
3
3
3
3
3
3
3
3
3
3
3
3
3
3
3
3
3
3
3
3
3
3
2
3
4
4
4
4
4
4
4
4
4
4
4
4
4
4
4
4
4
4
4
4
4
4
4
4
4
4
4
4
4
4
4
4
4
4
4
4
4
4
3
3
4
4
4
4
4
4
4
4
4
4
4
4
4
4
4
4
4
4
4
4
4
4
4
4
4
4
4
4
4
4
4
4
4
4
4
4
4
4
3
3
4
4
4
4
4
4
4
4
4
4
4
4
4
4
4
4
4
4
4
4
4
4
4
4
4
4
4
4
4
4
4
4
4
4
4
4
4
4
3
3
4
4
4
4
4
4
4
4
4
4
4
4
4
4
4
4
4
4
4
4
4
4
4
4
4
4
4
4
4
4
4
4
4
4
4
4
4
4
3
3
4
4
4
4
4
4
4
4
4
4
4
4
4
4
4
4
4
4
4
4
4
4
4
4
4
4
4
4
4
4
4
4
4
4
4
4
4
4
3
3
4
4
4
4
4
4
4
4
4
4
4
4
4
4
4
4
4
4
4
4
4
4
4
4
4
4
4
4
4
4
4
4
4
4
4
4
4
4
3
3
4
4
4
4
4
4
4
4
4
4
4
4
4
4
4
4
4
4
4
4
4
4
4
4
4
4
4
4
4
4
4
4
4
4
4
4
4
4
3
3
4
4
4
4
4
4
4
4
4
4
4
4
4
4
4
4
4
4
4
4
4
4
4
4
4
4
4
4
4
4
4
4
4
4
4
4
4
4
3
2
3
3
3
3
3
3
3
3
3
3
3
3
3
3
3
3
3
3
3
3
3
3
3
3
3
3
3
3
3
3
3
3
3
3
3
3
3
3
2
41 33
2 29
42 80
3 19
1 54
43 40
4 27
2 36
44 50
5 54
3 84
45 29
6 84
4 21
46 91
7 51
5 79
47 42
8 72
6 56
48 97
9 39
7 63
49 39
10 19
8 19
50 12
11 20
9 60
51 39
12 20
10 84
52 27
13 97
11 42
53 52
14 56
12 51
54 15
15 48
13 12
55 94
16 86
14 38
56 32
17 55
15 96
57 18
18 20
16 74
58 14
19 27
17 88
59 12
20 83
18 27
60 43
21 27
19 93
61 72
22 58
20 45
62 96
23 63
21 34
63 50
24 36
22 24
64 41
25 66
23 22
65 74
26 99
24 64
66 18
27 20
25 84
67 41
28 59
26 31
68 17
29 87
27 55
69 27
30 32
28 87
70 59
31 42
29 46
71 14
32 97
30 78
72 27
33 88
31 12
73 42
34 21
32 93
74 71
35 20
33 39
75 93
36 90
34 14
76 40
37 69
35 95
77 95
38 48
36 82
78 65
39 45
37 30
79 46
40 18
38 37
80 87
39 85
81 91
1 26
42 26
82 64
2 43
43 46
41 65
83 56
3 15
44 89
42 34
84 42
4 28
45 72
43 95
85 80
5 30
46 15
44 97
86 68
6 39
47 38
45 22
87 81
7 48
48 53
46 38
88 17
8 91
49 42
47 61
89 37
9 13
50 88
48 18
90 17
10 79
51 71
49 54
91 41
11 38
52 16
50 43
92 87
12 62
53 19
51 51
93 37
13 71
54 89
52 41
94 38
14 15
55 48
53 16
95 82
15 15
56 98
54 73
96 57
16 15
57 81
55 51
97 36
17 39
58 71
56 39
98 75
18 15
59 31
57 100
99 94
19 32
60 82
58 98
100 25
20 18
61 33
59 73
101 97
21 65
62 28
60 69
102 10
22 29
63 11
61 46
103 74
23 49
64 33
62 88
104 65
24 19
65 19
63 66
105 97
25 32
66 62
64 75
106 45
26 76
67 69
65 48
107 59
27 76
68 52
66 52
108 68
28 98
69 76
67 93
109 53
29 49
70 19
68 41
110 89
30 25
71 54
69 88
111 33
31 26
72 53
70 84
112 40
32 79
73 67
71 54
113 90
33 26
74 60
72 99
114 44
34 63
75 75
73 62
115 76
35 42
76 13
74 91
116 95
36 81
77 42
75 70
117 79
37 81
78 14
76 41
118 83
38 54
79 37
77 12
119 56
39 64
80 82
78 66
120 75
40 29
79 58
121 60
41 70
82 79
122 84
42 63
83 72
81 20
123 29
43 10
84 35
82 14
124 80
44 95
85 92
83 11
125 99
45 98
86 74
84 33
126 71
46 26
87 31
85 31
127 60
47 24
88 43
86 54
128 24
48 75
89 12
87 81
129 49
49 56
90 16
88 19
130 55
50 99
91 26
89 21
131 59
51 27
92 62
90 46
132 88
52 82
93 46
91 32
133 64
53 46
94 97
92 76
134 31
54 66
95 20
93 34
135 66
55 83
96 77
94 100
136 63
56 81
97 86
95 36
137 87
57 72
98 23
96 64
138 20
58 28
99 98
97 60
139 67
59 69
100 34
98 87
140 62
60 72
101 60
99 60
141 18
61 74
102 55
100 71
142 47
62 47
103 91
101 57
143 25
63 83
104 26
102 89
144 69
64 56
105 79
103 53
145 96
65 58
106 77
104 14
146 15
66 27
107 46
105 88
147 14
67 42
108 21
106 60
148 81
68 68
109 85
107 50
149 41
69 42
110 17
108 13
150 49
70 53
111 30
109 64
151 32
71 93
112 38
110 52
152 44
72 78
113 85
111 78
153 35
73 90
114 52
112 31
154 73
74 20
115 89
113 49
155 78
75 95
116 39
114 25
156 68
76 72
117 18
115 97
157 67
77 67
118 22
116 45
158 21
78 35
119 67
117 58
159 18
79 71
120 19
118 55
160 60
80 71
119 94
161 65
81 51
122 42
162 62
82 43
123 98
121 84
163 41
83 86
124 56
122 30
164 16
84 76
125 85
123 68
165 45
85 97
126 92
124 65
166 20
86 75
127 55
125 96
167 98
87 23
128 16
126 33
168 67
88 64
129 60
127 37
169 19
89 33
130 20
128 59
170 15
90 34
131 90
129 83
171 15
91 24
132 86
130 31
172 74
92 13
133 51
131 60
173 35
93 97
134 78
132 19
174 48
94 51
135 43
133 51
175 85
95 14
136 48
134 57
176 94
96 60
137 69
135 42
177 28
97 97
138 52
136 76
178 87
98 44
139 11
137 27
179 28
99 11
140 97
138 65
180 52
100 31
141 57
139 95
181 100
101 40
142 60
140 36
182 97
102 11
143 16
141 82
183 69
103 33
144 88
142 72
184 25
104 28
145 80
143 90
185 73
105 18
146 73
144 61
186 17
106 32
147 71
145 86
187 96
107 42
148 73
146 28
188 23
108 63
149 97
147 20
189 60
109 69
150 97
148 88
190 24
110 37
151 28
149 18
191 16
111 85
152 49
150 97
192 58
112 79
153 14
151 51
193 76
113 69
154 58
152 21
194 52
114 100
155 93
153 19
195 66
115 34
156 99
154 92
196 12
116 66
157 13
155 32
197 25
117 96
158 88
156 36
198 54
118 91
159 29
157 11
199 55
119 35
160 83
158 54
200 35
120 22
159 28
201 60
121 29
162 11
202 18
122 13
163 100
161 28
203 96
123 71
164 31
162 72
204 93
124 43
165 95
163 35
205 78
125 78
166 26
164 44
206 17
126 46
167 24
165 31
207 62
127 33
168 35
166 96
208 79
128 43
169 30
167 92
209 18
129 12
170 46
168 76
210 84
130 99
171 38
169 18
211 26
131 20
172 31
170 82
212 64
132 79
173 55
171 14
213 32
133 78
174 39
172 76
214 34
134 40
175 71
173 30
215 32
135 18
176 37
174 10
216 48
136 34
177 14
175 95
217 55
137 87
178 39
176 76
218 34
138 11
179 78
177 37
219 93
139 86
180 44
178 97
220 30
140 99
181 99
179 66
221 51
141 92
182 15
180 81
222 57
142 75
183 41
181 45
223 91
143 60
184 67
182 39
224 84
144 55
185 52
183 42
225 25
145 36
186 92
184 44
226 99
146 36
187 66
185 12
227 45
147 32
188 45
186 95
228 75
148 30
189 84
187 47
229 21
149 10
190 32
188 66
230 12
150 10
191 82
189 22
231 34
151 82
192 18
190 79
232 89
152 98
193 87
191 34
233 38
153 97
194 75
192 99
234 60
154 13
195 43
193 98
235 39
155 52
196 66
194 62
236 18
156 41
197 32
195 68
237 93
157 63
198 47
196 91
238 75
158 51
199 79
197 32
239 14
159 10
200 12
198 12
240 43
160 93
199 40
241 89
161 64
202 13
242 21
162 65
203 28
201 35
243 57
163 47
204 52
202 83
244 20
164 66
205 12
203 19
245 31
165 90
206 29
204 20
246 97
166 25
207 90
205 95
247 29
167 85
208 47
206 37
248 16
168 60
209 89
207 26
249 98
169 32
210 48
208 37
250 27
170 98
211 26
209 46
251 10
171 29
212 31
210 81
252 49
172 27
213 39
211 98
253 21
173 62
214 62
212 44
254 27
174 77
215 61
213 60
255 62
175 38
216 53
214 99
256 35
176 50
217 89
215 66
257 23
177 39
218 98
216 27
258 21
178 81
219 87
217 10
259 90
179 50
220 52
218 18
260 63
180 75
221 56
219 35
261 85
181 59
222 48
220 58
262 67
182 96
223 15
221 88
263 97
183 11
224 98
222 68
264 56
184 23
225 20
223 91
265 82
185 99
226 29
224 34
266 81
186 59
227 19
225 24
267 91
187 32
228 81
226 21
268 16
188 65
229 19
227 10
269 84
189 71
230 26
228 85
270 95
190 19
231 62
229 62
271 31
191 33
232 83
230 34
272 55
192 94
233 63
231 68
273 78
193 78
234 51
232 63
274 92
194 11
235 52
233 11
275 32
195 86
236 22
234 96
276 53
196 48
237 35
235 72
277 11
197 94
238 17
236 45
278 66
198 33
239 42
237 90
279 43
199 12
240 76
238 19
280 61
200 42
239 24
281 92
201 14
242 12
282 10
202 37
243 63
241 32
283 77
203 52
244 73
242 18
284 76
204 49
245 32
243 38
285 36
205 64
246 26
244 85
286 50
206 81
247 57
245 77
287 23
207 20
248 51
246 71
288 63
208 74
249 87
247 93
289 74
209 21
250 62
248 86
290 82
210 61
251 84
249 85
291 54
211 72
252 54
250 97
292 85
212 91
253 36
251 16
293 20
213 79
254 58
252 98
294 88
214 56
255 70
253 10
295 47
215 24
256 48
254 31
296 19
216 58
257 51
255 27
297 79
217 36
258 63
256 26
298 63
218 29
259 18
257 44
299 15
219 59
260 77
258 95
300 94
220 80
261 58
259 23
301 13
221 38
262 62
260 100
302 25
222 76
263 90
261 16
303 83
223 14
264 94
262 66
304 38
224 28
265 87
263 78
305 99
225 10
266 77
264 22
306 100
226 19
267 92
265 30
307 22
227 93
268 34
266 67
308 35
228 24
269 77
267 97
309 55
229 44
270 67
268 61
310 65
230 22
271 62
269 81
311 31
231 78
272 72
270 51
312 97
232 67
273 92
271 13
313 28
233 87
274 94
272 86
314 53
234 63
275 81
273 19
315 11
235 89
276 51
274 14
316 57
236 10
277 11
275 27
317 36
237 94
278 28
276 83
318 29
238 22
279 22
277 61
319 83
239 43
280 66
278 75
320 13
240 24
279 93
321 36
241 35
282 72
322 98
242 23
283 29
281 49
323 19
243 33
284 34
282 67
324 61
244 57
285 12
283 13
325 72
245 23
286 44
284 67
326 79
246 26
287 75
285 28
327 73
247 14
288 32
286 43
328 19
248 37
289 89
287 80
329 59
249 40
290 32
288 99
330 37
250 78
291 75
289 15
331 75
251 76
292 54
290 20
332 25
252 100
293 11
291 87
333 88
253 52
294 50
292 96
334 82
254 19
295 91
293 100
335 87
255 68
296 57
294 11
336 29
256 95
297 64
295 49
337 60
257 51
298 98
296 91
338 20
258 25
299 49
297 52
339 65
259 45
300 87
298 17
340 82
260 84
301 57
299 34
341 46
261 65
302 57
300 33
342 81
262 88
303 79
301 36
343 56
263 77
304 55
302 26
344 99
264 11
305 32
303 91
345 35
265 45
306 77
304 23
346 17
266 46
307 16
305 15
347 36
267 97
308 34
306 74
348 70
268 21
309 39
307 18
349 60
269 69
310 51
308 21
350 25
270 10
311 43
309 60
351 15
271 32
312 64
310 50
352 54
272 88
313 84
311 99
353 68
273 84
314 39
312 91
354 62
274 53
315 14
313 77
355 72
275 87
316 26
314 86
356 24
276 96
317 70
315 38
357 52
277 93
318 35
316 62
358 28
278 24
319 49
317 26
359 77
279 26
320 52
318 43
360 76
280 75
319 71
361 38
281 83
322 55
362 50
282 80
323 30
321 21
363 63
283 51
324 95
322 75
364 43
284 89
325 30
323 66
365 50
285 57
326 90
324 17
366 12
286 52
327 65
325 47
367 43
287 30
328 75
326 59
368 29
288 45
329 73
327 85
369 26
289 57
330 95
328 14
370 88
290 69
331 65
329 39
371 30
291 31
332 75
330 55
372 15
292 57
333 75
331 26
373 43
293 72
334 39
332 92
374 47
294 89
335 78
333 80
375 35
295 66
336 78
334 38
376 22
296 100
337 58
335 85
377 33
297 63
338 17
336 38
378 48
298 92
339 24
337 98
379 80
299 99
340 60
338 67
380 33
300 80
341 83
339 60
381 71
301 93
342 70
340 99
382 73
302 94
343 84
341 12
383 84
303 23
344 89
342 11
384 49
304 82
345 100
343 99
385 68
305 81
346 72
344 91
386 22
306 80
347 71
345 78
387 44
307 88
348 37
346 61
388 50
308 79
349 75
347 69
389 58
309 31
350 57
348 82
390 96
310 68
351 50
349 83
391 38
311 13
352 30
350 29
392 46
312 94
353 12
351 60
393 98
313 52
354 51
352 97
394 68
314 19
355 75
353 41
395 32
315 45
356 96
354 11
396 42
316 25
357 68
355 100
397 45
317 13
358 68
356 91
398 12
318 43
359 59
357 12
399 91
319 16
360 54
358 84
400 16
320 50
359 87
321 38
362 50
322 28
363 61
361 77
323 20
364 66
362 66
324 65
365 44
363 21
325 92
366 41
364 65
326 80
367 57
365 30
327 63
368 23
366 82
328 78
369 10
367 67
329 29
370 91
368 65
330 53
371 91
369 64
331 25
372 74
370 16
332 69
373 65
371 71
333 72
374 65
372 38
334 84
375 82
373 31
335 24
376 98
374 83
336 68
377 67
375 68
337 65
378 99
376 36
338 70
379 31
377 54
339 48
380 98
378 36
340 69
381 38
379 30
341 17
382 35
380 60
342 22
383 23
381 56
343 11
384 59
382 31
344 95
385 35
383 94
345 33
386 51
384 26
346 45
387 63
385 50
347 48
388 51
386 85
348 46
389 33
387 37
349 100
390 76
388 85
350 76
391 99
389 69
351 73
392 50
390 78
352 28
393 38
391 51
353 79
394 79
392 93
354 15
395 61
393 75
355 38
396 48
394 62
356 82
397 90
395 18
357 40
398 31
396 49
358 80
399 22
397 15
359 94
400 18
398 51
360 38
399 90
297
132
3 35 389 297 
1 379 
1 298 
2 50 250 
1 292 
2 305 194 
2 102 320 
3 134 147 53 
1 287 
2 257 40 
4 291 342 87 285 
2 117 6 
1 111 
1 240 
3 188 346 148 
2 42 195 
3 321 179 301 
1 366 
2 98 275 
1 133 
1 345 
1 51 
2 124 382 
4 39 171 58 391 
2 300 45 
2 253 184 
2 103 116 
2 371 296 
2 22 378 
1 160 
2 41 126 
2 333 252 
1 157 
3 151 66 234 
1 100 
2 32 341 
3 222 21 218 
1 388 
1 137 
1 311 
2 367 213 
1 7 
1 31 
1 16 
4 220 13 36 25 
2 290 128 
2 136 237 
1 317 
1 68 
1 24 
2 196 83 
2 216 325 
2 274 214 
2 145 261 
3 387 376 70 
3 276 123 15 
2 84 270 
2 334 277 
1 215 
2 354 383 
1 121 
2 158 9 
2 239 373 
1 177 
5 183 364 221 60 71 
1 141 
1 61 
2 63 381 
2 101 125 
2 174 288 
1 62 
3 394 38 362 
1 8 
2 97 18 
1 304 
2 315 132 
