625 2400 10 100 118
2
3
3
3
3
3
3
3
3
3
3
3
3
3
3
3
3
3
3
3
3
3
3
3
2
3
4
4
4
4
4
4
4
4
4
4
4
4
4
4
4
4
4
4
4
4
4
4
4
3
3
4
4
4
4
4
4
4
4
4
4
4
4
4
4
4
4
4
4
4
4
4
4
4
3
3
4
4
4
4
4
4
4
4
4
4
4
4
4
4
4
4
4
4
4
4
4
4
4
3
3
4
4
4
4
4
4
4
4
4
4
4
4
4
4
4
4
4
4
4
4
4
4
4
3
3
4
4
4
4
4
4
4
4
4
4
4
4
4
4
4
4
4
4
4
4
4
4
4
3
3
4
4
4
4
4
4
4
4
4
4
4
4
4
4
4
4
4
4
4
4
4
4
4
3
3
4
4
4
4
4
4
4
4
4
4
4
4
4
4
4
4
4
4
4
4
4
4
4
3
3
4
4
4
4
4
4
4
4
4
4
4
4
4
4
4
4
4
4
4
4
4
4
4
3
3
4
4
4
4
4
4
4
4
4
4
4
4
4
4
4
4
4
4
4
4
4
4
4
3
3
4
4
4
4
4
4
4
4
4
4
4
4
4
4
4
4
4
4
4
4
4
4
4
3
3
4
4
4
4
4
4
4
4
4
4
4
4
4
4
4
4
4
4
4
4
4
4
4
3
3
4
4
4
4
4
4
4
4
4
4
4
4
4
4
4
4
4
4
4
4
4
4
4
3
3
4
4
4
4
4
4
4
4
4
4
4
4
4
4
4
4
4
4
4
4
4
4
4
3
3
4
4
4
4
4
4
4
4
4
4
4
4
4
4
4
4
4
4
4
4
4
4
4
3
3
4
4
4
4
4
4
4
4
4
4
4
4
4
4
4
4
4
4
4
4
4
4
4
3
3
4
4
4
4
4
4
4
4
4
4
4
4
4
4
4
4
4
4
4
4
4
4
4
3
3
4
4
4
4
4
4
4
4
4
4
4
4
4
4
4
4
4
4
4
4
4
4
4
3
3
4
4
4
4
4
4
4
4
4
4
4
4
4
4
4
4
4
4
4
4
4
4
4
3
3
4
4
4
4
4
4
4
4
4
4
4
4
4
4
4
4
4
4
4
4
4
4
4
3
3
4
4
4
4
4
4
4
4
4
4
4
4
4
4
4
4
4
4
4
4
4
4
4
3
3
4
4
4
4
4
4
4
4
4
4
4
4
4
4
4
4
4
4
4
4
4
4
4
3
3
4
4
4
4
4
4
4
4
4
4
4
4
4
4
4
4
4
4
4
4
4
4
4
3
3
4
4
4
4
4
4
4
4
4
4
4
4
4
4
4
4
4
4
4
4
4
4
4
3
2
3
3
3
3
3
3
3
3
3
3
3
3
3
3
3
3
3
3
3
3
3
3
3
2
26 89
2 29
27 66
3 82
1 13
28 76
4 40
2 32
29 99
5 98
3 47
30 75
6 41
4 69
31 76
7 31
5 54
32 97
8 59
6 82
33 63
9 77
7 29
34 74
10 76
8 35
35 73
11 91
9 52
36 44
12 57
10 17
37 65
13 54
11 83
38 51
14 28
12 30
39 33
15 47
13 31
40 69
16 33
14 21
41 15
17 54
15 31
42 32
18 30
16 39
43 90
19 18
17 40
44 97
20 87
18 63
45 17
21 36
19 64
46 25
22 83
20 43
47 42
23 68
21 52
48 83
24 21
22 89
49 52
25 70
23 40
50 93
24 89
51 63
1 22
27 99
52 92
2 45
28 71
26 11
53 43
3 26
29 94
27 98
54 34
4 93
30 91
28 53
55 66
5 30
31 91
29 11
56 71
6 26
32 42
30 58
57 95
7 61
33 10
31 17
58 79
8 85
34 26
32 53
59 64
9 93
35 34
33 47
60 14
10 36
36 27
34 90
61 35
11 83
37 51
35 14
62 68
12 83
38 23
36 21
63 77
13 81
39 44
37 61
64 70
14 60
40 60
38 26
65 76
15 59
41 77
39 27
66 41
16 46
42 83
40 34
67 54
17 15
43 36
41 22
68 25
18 16
44 73
42 91
69 98
19 18
45 22
43 43
70 80
20 87
46 97
44 13
71 79
21 63
47 39
45 24
72 98
22 37
48 93
46 58
73 72
23 40
49 54
47 27
74 89
24 66
50 42
48 51
75 19
25 20
49 26
76 64
26 11
52 23
77 80
27 68
53 20
51 19
78 55
28 19
54 27
52 90
79 35
29 73
55 74
53 28
80 79
30 44
56 77
54 20
81 100
31 41
57 23
55 47
82 98
32 57
58 92
56 18
83 56
33 19
59 25
57 86
84 90
34 19
60 21
58 79
85 86
35 11
61 93
59 25
86 91
36 54
62 55
60 49
87 77
37 24
63 41
61 38
88 39
38 82
64 11
62 98
89 44
39 78
65 30
63 87
90 86
40 33
66 83
64 15
91 84
41 45
67 33
65 93
92 65
42 89
68 70
66 81
93 50
43 50
69 74
67 98
94 25
44 65
70 16
68 78
95 50
45 72
71 88
69 87
96 10
46 98
72 99
70 64
97 59
47 51
73 11
71 27
98 71
48 42
74 22
72 27
99 45
49 98
75 49
73 52
100 89
50 38
74 95
101 95
51 18
77 92
102 49
52 64
78 53
76 46
103 44
53 21
79 63
77 51
104 36
54 64
80 96
78 98
105 27
55 83
81 93
79 51
106 62
56 47
82 35
80 48
107 79
57 20
83 43
81 65
108 68
58 94
84 87
82 96
109 33
59 72
85 60
83 29
110 33
60 81
86 67
84 80
111 54
61 64
87 46
85 11
112 39
62 26
88 60
86 38
113 28
63 13
89 95
87 94
114 93
64 88
90 63
88 35
115 62
65 17
91 15
89 42
116 55
66 69
92 46
90 40
117 96
67 51
93 82
91 44
118 59
68 89
94 81
92 79
119 66
69 58
95 20
93 75
120 26
70 59
96 29
94 36
121 88
71 44
97 62
95 77
122 33
72 70
98 42
96 94
123 21
73 73
99 46
97 65
124 87
74 20
100 81
98 17
125 82
75 17
99 35
126 89
76 72
102 70
127 42
77 40
103 32
101 61
128 63
78 76
104 12
102 64
129 14
79 54
105 15
103 61
130 51
80 67
106 64
104 83
131 28
81 35
107 91
105 78
132 58
82 94
108 44
106 60
133 78
83 19
109 54
107 72
134 25
84 71
110 100
108 91
135 92
85 80
111 54
109 91
136 43
86 40
112 32
110 46
137 33
87 44
113 70
111 61
138 24
88 88
114 56
112 64
139 83
89 62
115 70
113 99
140 93
90 20
116 75
114 12
141 51
91 84
117 80
115 69
142 77
92 53
118 53
116 50
143 88
93 19
119 78
117 62
144 92
94 54
120 95
118 91
145 99
95 53
121 19
119 50
146 46
96 16
122 20
120 74
147 18
97 19
123 47
121 46
148 79
98 69
124 65
122 95
149 23
99 69
125 13
123 38
150 57
100 96
124 99
151 18
101 63
127 21
152 42
102 84
128 79
126 79
153 51
103 76
129 53
127 17
154 42
104 93
130 17
128 94
155 16
105 13
131 66
129 65
156 11
106 79
132 20
130 79
157 15
107 57
133 43
131 83
158 74
108 56
134 39
132 31
159 44
109 95
135 95
133 97
160 68
110 46
136 54
134 66
161 88
111 42
137 61
135 32
162 37
112 87
138 44
136 47
163 81
113 48
139 32
137 51
164 16
114 53
140 20
138 83
165 25
115 89
141 21
139 87
166 88
116 89
142 54
140 40
167 54
117 47
143 31
141 57
168 94
118 14
144 95
142 40
169 84
119 98
145 57
143 70
170 68
120 37
146 29
144 16
171 40
121 98
147 68
145 81
172 57
122 54
148 63
146 50
173 86
123 99
149 99
147 12
174 60
124 54
150 28
148 26
175 88
125 46
149 76
176 29
126 66
152 42
177 94
127 33
153 86
151 93
178 52
128 43
154 40
152 42
179 18
129 45
155 88
153 21
180 62
130 42
156 68
154 40
181 63
131 26
157 89
155 23
182 37
132 96
158 33
156 43
183 60
133 44
159 66
157 67
184 82
134 67
160 47
158 35
185 71
135 52
161 43
159 74
186 65
136 68
162 57
160 55
187 68
137 26
163 47
161 27
188 28
138 65
164 93
162 48
189 14
139 28
165 43
163 77
190 32
140 76
166 70
164 96
191 47
141 18
167 65
165 55
192 61
142 84
168 31
166 92
193 81
143 50
169 12
167 20
194 67
144 97
170 82
168 53
195 77
145 65
171 83
169 17
196 35
146 82
172 74
170 34
197 21
147 59
173 52
171 42
198 58
148 35
174 93
172 76
199 43
149 17
175 34
173 21
200 58
150 53
174 52
201 59
151 16
177 33
202 90
152 24
178 65
176 43
203 78
153 85
179 93
177 29
204 76
154 51
180 46
178 55
205 39
155 51
181 45
179 75
206 94
156 13
182 72
180 92
207 84
157 63
183 87
181 66
208 22
158 66
184 36
182 60
209 86
159 34
185 67
183 56
210 32
160 16
186 54
184 75
211 97
161 60
187 34
185 70
212 35
162 42
188 56
186 62
213 35
163 28
189 81
187 67
214 62
164 32
190 64
188 88
215 74
165 72
191 44
189 89
216 40
166 25
192 90
190 38
217 68
167 61
193 58
191 96
218 20
168 76
194 24
192 87
219 48
169 19
195 19
193 78
220 93
170 70
196 17
194 12
221 42
171 18
197 95
195 28
222 61
172 15
198 97
196 25
223 14
173 65
199 75
197 38
224 84
174 73
200 26
198 100
225 27
175 17
199 64
226 31
176 77
202 57
227 28
177 79
203 38
201 27
228 32
178 36
204 31
202 23
229 58
179 86
205 48
203 46
230 82
180 83
206 47
204 16
231 53
181 83
207 13
205 76
232 40
182 80
208 36
206 46
233 37
183 85
209 94
207 22
234 14
184 57
210 67
208 61
235 48
185 97
211 24
209 46
236 74
186 88
212 96
210 44
237 53
187 76
213 50
211 30
238 26
188 85
214 67
212 38
239 48
189 49
215 21
213 44
240 67
190 40
216 64
214 85
241 30
191 89
217 23
215 86
242 91
192 76
218 82
216 96
243 52
193 49
219 57
217 29
244 91
194 94
220 38
218 42
245 24
195 48
221 95
219 95
246 50
196 87
222 95
220 36
247 64
197 66
223 39
221 49
248 96
198 35
224 88
222 20
249 59
199 85
225 94
223 25
250 41
200 98
224 29
251 11
201 91
227 49
252 54
202 33
228 10
226 82
253 20
203 57
229 73
227 90
254 87
204 76
230 15
228 96
255 45
205 25
231 79
229 79
256 41
206 44
232 38
230 10
257 28
207 27
233 75
231 19
258 20
208 16
234 52
232 54
259 72
209 26
235 74
233 56
260 80
210 16
236 20
234 57
261 63
211 86
237 56
235 33
262 17
212 43
238 58
236 18
263 35
213 61
239 78
237 82
264 38
214 81
240 43
238 19
265 22
215 76
241 40
239 11
266 14
216 72
242 45
240 57
267 66
217 76
243 74
241 56
268 93
218 66
244 86
242 21
269 33
219 29
245 77
243 85
270 43
220 45
246 40
244 96
271 20
221 48
247 67
245 17
272 100
222 70
248 69
246 44
273 12
223 74
249 35
247 16
274 31
224 40
250 46
248 26
275 72
225 85
249 53
276 15
226 90
252 19
277 76
227 96
253 57
251 29
278 98
228 52
254 23
252 97
279 19
229 70
255 59
253 43
280 40
230 75
256 58
254 28
281 50
231 78
257 81
255 65
282 93
232 40
258 23
256 76
283 78
233 90
259 40
257 56
284 11
234 36
260 90
258 85
285 59
235 71
261 33
259 78
286 57
236 13
262 83
260 10
287 70
237 51
263 66
261 36
288 68
238 11
264 60
262 43
289 86
239 92
265 41
263 38
290 77
240 19
266 14
264 31
291 45
241 40
267 56
265 81
292 87
242 94
268 65
266 25
293 61
243 70
269 82
267 93
294 45
244 46
270 29
268 95
295 99
245 27
271 50
269 35
296 84
246 20
272 47
270 14
297 76
247 42
273 32
271 33
298 28
248 15
274 79
272 87
299 63
249 58
275 49
273 13
300 29
250 77
274 86
301 91
251 88
277 81
302 76
252 78
278 68
276 88
303 94
253 70
279 86
277 96
304 59
254 25
280 25
278 79
305 10
255 56
281 71
279 32
306 81
256 27
282 30
280 85
307 79
257 96
283 56
281 14
308 43
258 15
284 90
282 46
309 17
259 65
285 96
283 70
310 91
260 69
286 86
284 39
311 28
261 84
287 66
285 18
312 97
262 60
288 16
286 36
313 19
263 24
289 78
287 41
314 79
264 18
290 75
288 41
315 37
265 52
291 81
289 30
316 20
266 17
292 85
290 42
317 90
267 53
293 97
291 21
318 62
268 30
294 14
292 41
319 23
269 92
295 61
293 89
320 65
270 23
296 70
294 77
321 15
271 72
297 69
295 14
322 13
272 17
298 79
296 50
323 52
273 32
299 100
297 25
324 78
274 32
300 67
298 83
325 32
275 52
299 44
326 45
276 46
302 13
327 90
277 41
303 61
301 23
328 93
278 15
304 56
302 49
329 21
279 45
305 25
303 80
330 90
280 51
306 93
304 29
331 84
281 32
307 80
305 80
332 17
282 29
308 90
306 90
333 61
283 74
309 82
307 56
334 23
284 66
310 13
308 16
335 40
285 45
311 69
309 59
336 12
286 59
312 17
310 90
337 67
287 27
313 50
311 17
338 79
288 48
314 85
312 23
339 31
289 99
315 80
313 70
340 16
290 74
316 72
314 20
341 90
291 91
317 44
315 76
342 44
292 100
318 61
316 61
343 70
293 63
319 67
317 93
344 42
294 87
320 65
318 98
345 68
295 10
321 41
319 97
346 45
296 45
322 51
320 24
347 56
297 32
323 54
321 11
348 45
298 31
324 96
322 11
349 25
299 78
325 62
323 65
350 39
300 15
324 37
351 97
301 38
327 77
352 98
302 15
328 96
326 80
353 20
303 98
329 90
327 28
354 66
304 23
330 71
328 100
355 57
305 49
331 23
329 26
356 77
306 100
332 78
330 98
357 28
307 55
333 43
331 93
358 33
308 76
334 34
332 35
359 96
309 34
335 98
333 47
360 27
310 83
336 52
334 36
361 22
311 13
337 21
335 32
362 47
312 64
338 78
336 29
363 46
313 63
339 62
337 64
364 56
314 91
340 75
338 44
365 21
315 91
341 37
339 65
366 36
316 40
342 39
340 14
367 85
317 35
343 44
341 33
368 52
318 62
344 99
342 76
369 47
319 47
345 89
343 28
370 78
320 48
346 73
344 21
371 55
321 51
347 47
345 37
372 34
322 19
348 49
346 93
373 25
323 15
349 22
347 28
374 57
324 47
350 88
348 50
375 19
325 52
349 51
376 32
326 71
352 55
377 43
327 10
353 85
351 37
378 82
328 39
354 74
352 35
379 36
329 56
355 89
353 34
380 69
330 56
356 13
354 95
381 70
331 97
357 29
355 66
382 83
332 90
358 69
356 53
383 10
333 84
359 93
357 47
384 27
334 78
360 54
358 41
385 97
335 45
361 39
359 67
386 21
336 56
362 29
360 31
387 39
337 39
363 68
361 71
388 43
338 58
364 96
362 14
389 86
339 88
365 53
363 73
390 43
340 10
366 80
364 80
391 80
341 10
367 100
365 55
392 82
342 93
368 18
366 51
393 86
343 99
369 96
367 79
394 73
344 65
370 40
368 64
395 84
345 82
371 81
369 33
396 54
346 29
372 100
370 53
397 53
347 73
373 51
371 47
398 83
348 49
374 81
372 50
399 14
349 59
375 39
373 59
400 92
350 54
374 89
401 26
351 96
377 65
402 33
352 21
378 15
376 62
403 93
353 34
379 51
377 39
404 12
354 80
380 21
378 68
405 39
355 51
381 57
379 90
406 30
356 20
382 19
380 99
407 54
357 38
383 98
381 64
408 25
358 51
384 32
382 29
409 32
359 41
385 93
383 69
410 55
360 63
386 48
384 74
411 27
361 72
387 73
385 69
412 96
362 82
388 80
386 49
413 58
363 45
389 41
387 53
414 34
364 42
390 97
388 74
415 12
365 65
391 56
389 12
416 98
366 21
392 47
390 11
417 100
367 75
393 61
391 23
418 40
368 38
394 45
392 44
419 70
369 36
395 72
393 85
420 46
370 88
396 24
394 53
421 70
371 75
397 26
395 94
422 81
372 10
398 11
396 61
423 62
373 59
399 52
397 42
424 29
374 36
400 55
398 21
425 74
375 87
399 44
426 29
376 55
402 86
427 48
377 30
403 84
401 95
428 58
378 81
404 59
402 82
429 15
379 14
405 98
403 29
430 46
380 64
406 66
404 40
431 72
381 91
407 14
405 14
432 57
382 69
408 53
406 12
433 99
383 25
409 22
407 48
434 66
384 91
410 26
408 76
435 50
385 48
411 75
409 89
436 93
386 92
412 71
410 58
437 53
387 32
413 56
411 15
438 34
388 31
414 46
412 69
439 99
389 43
415 86
413 59
440 33
390 71
416 88
414 99
441 65
391 14
417 76
415 24
442 71
392 66
418 54
416 47
443 30
393 67
419 75
417 62
444 27
394 36
420 91
418 57
445 42
395 23
421 80
419 30
446 48
396 76
422 23
420 21
447 48
397 99
423 67
421 75
448 79
398 80
424 87
422 71
449 74
399 94
425 40
423 67
450 23
400 11
424 98
451 88
401 42
427 87
452 69
402 72
428 73
426 40
453 16
403 78
429 89
427 36
454 31
404 29
430 100
428 95
455 37
405 19
431 70
429 30
456 47
406 99
432 35
430 86
457 23
407 71
433 57
431 72
458 80
408 80
434 49
432 38
459 76
409 47
435 42
433 34
460 46
410 52
436 48
434 89
461 73
411 51
437 96
435 67
462 31
412 80
438 40
436 35
463 24
413 36
439 74
437 65
464 79
414 70
440 66
438 40
465 88
415 56
441 61
439 56
466 47
416 24
442 44
440 61
467 97
417 92
443 10
441 87
468 49
418 75
444 40
442 88
469 58
419 86
445 54
443 82
470 56
420 74
446 90
444 14
471 89
421 53
447 93
445 71
472 24
422 13
448 91
446 35
473 64
423 63
449 78
447 75
474 78
424 45
450 37
448 46
475 84
425 87
449 98
476 37
426 48
452 37
477 71
427 63
453 69
451 20
478 40
428 18
454 23
452 50
479 17
429 87
455 53
453 44
480 26
430 76
456 42
454 10
481 96
431 85
457 41
455 10
482 61
432 97
458 51
456 45
483 97
433 34
459 38
457 16
484 30
434 66
460 22
458 94
485 35
435 16
461 21
459 63
486 55
436 91
462 94
460 24
487 56
437 48
463 68
461 50
488 62
438 45
464 51
462 27
489 83
439 32
465 81
463 82
490 75
440 62
466 26
464 71
491 93
441 46
467 72
465 46
492 81
442 70
468 86
466 18
493 33
443 35
469 11
467 88
494 94
444 53
470 71
468 78
495 88
445 98
471 44
469 12
496 31
446 45
472 56
470 84
497 55
447 20
473 28
471 52
498 25
448 43
474 44
472 14
499 38
449 32
475 39
473 93
500 43
450 79
474 15
501 37
451 11
477 40
502 41
452 84
478 87
476 71
503 61
453 39
479 34
477 76
504 66
454 52
480 55
478 27
505 21
455 67
481 76
479 54
506 78
456 89
482 27
480 90
507 71
457 77
483 61
481 13
508 71
458 70
484 32
482 60
509 55
459 22
485 61
483 43
510 95
460 61
486 43
484 79
511 48
461 83
487 19
485 24
512 53
462 69
488 59
486 75
513 62
463 36
489 45
487 76
514 100
464 20
490 25
488 61
515 40
465 58
491 39
489 88
516 21
466 45
492 70
490 30
517 51
467 67
493 98
491 75
518 43
468 44
494 81
492 66
519 51
469 93
495 73
493 82
520 20
470 51
496 66
494 53
521 38
471 74
497 68
495 67
522 37
472 19
498 73
496 79
523 14
473 97
499 59
497 13
524 98
474 64
500 34
498 74
525 32
475 74
499 79
526 68
476 96
502 19
527 87
477 20
503 59
501 10
528 15
478 80
504 28
502 89
529 59
479 45
505 49
503 74
530 15
480 89
506 54
504 32
531 83
481 54
507 95
505 92
532 90
482 21
508 81
506 82
533 57
483 90
509 66
507 13
534 59
484 81
510 50
508 26
535 72
485 83
511 58
509 78
536 11
486 33
512 32
510 24
537 65
487 60
513 19
511 50
538 11
488 28
514 65
512 51
539 87
489 85
515 60
513 45
540 78
490 33
516 53
514 24
541 72
491 72
517 53
515 82
542 72
492 29
518 51
516 14
543 62
493 80
519 10
517 73
544 74
494 71
520 41
518 73
545 98
495 37
521 23
519 48
546 56
496 61
522 91
520 67
547 14
497 81
523 100
521 33
548 13
498 65
524 58
522 14
549 82
499 86
525 92
523 55
550 86
500 30
524 82
551 50
501 49
527 21
552 84
502 94
528 47
526 47
553 41
503 21
529 39
527 31
554 54
504 20
530 81
528 43
555 76
505 86
531 18
529 67
556 23
506 99
532 67
530 87
557 93
507 79
533 36
531 22
558 67
508 27
534 74
532 87
559 14
509 93
535 34
533 67
560 85
510 27
536 76
534 46
561 31
511 92
537 28
535 74
562 96
512 65
538 32
536 71
563 89
513 75
539 98
537 51
564 29
514 23
540 75
538 45
565 55
515 97
541 77
539 85
566 25
516 71
542 73
540 48
567 96
517 72
543 28
541 75
568 21
518 78
544 21
542 40
569 57
519 22
545 99
543 57
570 43
520 78
546 10
544 78
571 21
521 100
547 40
545 69
572 20
522 81
548 58
546 87
573 39
523 39
549 80
547 72
574 97
524 71
550 80
548 51
575 74
525 74
549 47
576 27
526 93
552 69
577 51
527 58
553 47
551 35
578 95
528 85
554 54
552 71
579 17
529 38
555 91
553 53
580 85
530 50
556 50
554 28
581 25
531 62
557 44
555 100
582 54
532 21
558 79
556 28
583 55
533 63
559 12
557 94
584 19
534 30
560 68
558 13
585 27
535 46
561 53
559 19
586 49
536 90
562 59
560 89
587 91
537 96
563 96
561 89
588 57
538 78
564 85
562 70
589 38
539 27
565 52
563 67
590 76
540 71
566 23
564 100
591 14
541 65
567 22
565 14
592 87
542 60
568 78
566 69
593 63
543 39
569 84
567 77
594 70
544 38
570 74
568 54
595 51
545 69
571 13
569 28
596 57
546 42
572 21
570 73
597 30
547 47
573 52
571 31
598 12
548 26
574 44
572 30
599 74
549 67
575 78
573 90
600 48
550 53
574 56
601 96
551 34
577 13
602 13
552 74
578 14
576 59
603 88
553 94
579 79
577 84
604 73
554 83
580 77
578 67
605 74
555 43
581 91
579 42
606 27
556 10
582 47
580 39
607 91
557 21
583 76
581 80
608 87
558 81
584 68
582 12
609 30
559 21
585 90
583 14
610 100
560 80
586 79
584 54
611 49
561 65
587 22
585 86
612 10
562 93
588 99
586 45
613 89
563 54
589 86
587 58
614 36
564 68
590 18
588 58
615 100
565 31
591 57
589 58
616 77
566 62
592 10
590 23
617 77
567 57
593 32
591 17
618 47
568 47
594 100
592 32
619 91
569 82
595 66
593 51
620 17
570 53
596 75
594 41
621 37
571 13
597 58
595 77
622 83
572 79
598 66
596 44
623 30
573 59
599 57
597 18
624 98
574 60
600 96
598 69
625 76
575 28
599 46
576 90
602 76
577 76
603 96
601 84
578 80
604 23
602 32
579 25
605 22
603 82
580 71
606 76
604 84
581 31
607 50
605 98
582 69
608 32
606 95
583 18
609 71
607 97
584 60
610 30
608 25
585 62
611 29
609 76
586 27
612 26
610 30
587 52
613 96
611 45
588 100
614 69
612 57
589 51
615 71
613 61
590 100
616 79
614 98
591 89
617 31
615 63
592 39
618 36
616 93
593 79
619 39
617 29
594 30
620 67
618 44
595 16
621 81
619 12
596 10
622 39
620 33
597 75
623 46
621 75
598 62
624 16
622 44
599 88
625 72
623 77
600 71
624 92
121
406
2 411 121 
2 4 88 
4 55 463 245 37 
1 261 
2 156 137 
2 362 92 
3 591 91 560 
1 357 
1 190 
4 624 312 280 34 
2 510 400 
4 248 69 417 405 
1 475 
1 409 
1 567 
1 351 
2 164 341 
2 255 215 
1 519 
4 115 160 595 429 
1 227 
1 57 
3 390 572 246 
2 369 153 
1 199 
1 565 
1 605 
2 116 31 
2 470 229 
1 621 
3 218 134 451 
2 110 310 
1 221 
2 279 26 
2 445 548 
1 377 
2 596 193 
2 211 399 
2 180 188 
1 358 
2 14 185 
3 323 563 77 
1 599 
1 41 
1 495 
1 68 
1 90 
2 439 610 
1 494 
1 325 
3 2 425 182 
2 540 35 
3 232 380 166 
1 401 
3 415 126 413 
2 197 9 
1 242 
2 516 28 
2 195 363 
3 317 431 230 
1 346 
1 196 
2 472 58 
3 485 449 461 
2 224 66 
2 97 520 
1 365 
3 206 192 349 
1 364 
1 81 
1 25 
2 158 165 
2 128 493 
2 340 258 
1 420 
1 240 
2 154 547 
3 424 144 151 
2 601 533 
1 148 
1 338 
5 361 217 236 263 352 
1 212 
3 542 120 12 
2 210 486 
2 208 436 
3 63 49 179 
1 254 
1 473 
4 577 419 574 145 
2 253 527 
3 477 474 622 
1 393 
3 440 103 600 
1 422 
2 555 150 
1 347 
1 480 
4 367 204 523 412 
4 515 372 117 94 
1 42 
3 500 114 167 
2 170 612 
1 592 
1 333 
2 552 313 
2 75 270 
1 76 
2 441 619 
2 127 496 
1 526 
1 278 
1 50 
1 459 
2 266 277 
1 452 
2 231 580 
3 432 100 406 
