100 342 10 100 19
2
3
3
2
3
4
4
3
3
4
4
3
3
4
4
3
3
4
4
3
3
4
4
3
3
4
4
3
3
4
4
3
3
4
4
3
3
4
4
3
3
4
4
3
3
4
4
3
3
4
4
3
3
4
4
3
3
4
4
3
3
4
4
3
3
4
4
3
3
4
4
3
3
4
4
3
3
4
4
3
3
4
4
3
3
4
4
3
3
4
4
3
3
4
4
3
2
3
3
2
5 41
2 29
6 79
3 92
1 78
7 37
4 11
2 80
8 27
3 95
9 38
1 49
6 82
10 42
2 49
7 43
5 72
11 91
3 89
8 69
6 20
12 72
4 70
7 83
13 90
5 22
10 79
14 33
6 88
11 46
9 41
15 37
7 95
12 96
10 13
16 78
8 80
11 34
17 66
9 44
14 38
18 52
10 11
15 17
13 47
19 29
11 29
16 79
14 67
20 44
12 35
15 97
21 100
13 32
18 14
22 35
14 44
19 20
17 15
23 43
15 40
20 88
18 80
24 23
16 99
19 74
25 10
17 51
22 76
26 69
18 59
23 70
21 34
27 41
19 90
24 73
22 23
28 32
20 61
23 44
29 17
21 67
26 13
30 44
22 21
27 56
25 72
31 30
23 13
28 67
26 31
32 19
24 77
27 91
33 14
25 27
30 62
34 46
26 28
31 85
29 13
35 16
27 73
32 89
30 57
36 32
28 50
31 78
37 94
29 12
34 25
38 54
30 59
35 56
33 20
39 21
31 54
36 99
34 12
40 62
32 39
35 65
41 27
33 74
38 93
42 68
34 38
39 76
37 87
43 15
35 59
40 66
38 18
44 96
36 58
39 61
45 51
37 84
42 45
46 57
38 42
43 35
41 88
47 23
39 86
44 64
42 49
48 29
40 58
43 59
49 22
41 51
46 59
50 18
42 93
47 79
45 80
51 16
43 28
48 67
46 35
52 41
44 24
47 97
53 19
45 20
50 50
54 88
46 80
51 38
49 40
55 18
47 93
52 29
50 62
56 13
48 68
51 12
57 41
49 79
54 79
58 90
50 42
55 64
53 90
59 42
51 81
56 37
54 79
60 87
52 14
55 24
61 11
53 56
58 48
62 23
54 65
59 60
57 37
63 80
55 40
60 40
58 11
64 19
56 73
59 39
65 71
57 47
62 17
66 54
58 16
63 75
61 58
67 67
59 56
64 62
62 66
68 19
60 65
63 12
69 69
61 85
66 86
70 81
62 65
67 44
65 16
71 82
63 61
68 79
66 55
72 90
64 53
67 55
73 81
65 76
70 58
74 39
66 24
71 91
69 69
75 22
67 50
72 17
70 21
76 67
68 72
71 34
77 12
69 80
74 59
78 24
70 55
75 35
73 44
79 53
71 47
76 34
74 15
80 87
72 73
75 92
81 90
73 82
78 37
82 10
74 35
79 56
77 44
83 73
75 55
80 53
78 100
84 11
76 83
79 74
85 41
77 50
82 77
86 16
78 78
83 24
81 99
87 21
79 58
84 22
82 74
88 18
80 33
83 25
89 53
81 34
86 83
90 92
82 13
87 22
85 81
91 60
83 44
88 58
86 12
92 47
84 51
87 50
93 13
85 46
90 38
94 78
86 27
91 29
89 84
95 100
87 62
92 54
90 92
96 18
88 89
91 55
97 43
89 61
94 40
98 34
90 63
95 45
93 14
99 43
91 52
96 58
94 63
100 20
92 97
95 31
93 80
98 39
94 47
99 94
97 26
95 88
100 35
98 40
96 63
99 79
50
38
1 50 
2 75 72 
2 11 84 
1 90 
2 77 19 
1 96 
2 21 62 
3 18 29 3 
1 41 
3 61 34 42 
3 53 94 17 
2 9 10 
1 51 
2 79 2 
3 82 66 5 
3 86 27 46 
1 95 
1 55 
1 38 
