400 1520 10 100 76
2
3
3
3
3
3
3
3
3
3
3
3
3
3
3
3
3
3
3
2
3
4
4
4
4
4
4
4
4
4
4
4
4
4
4
4
4
4
4
3
3
4
4
4
4
4
4
4
4
4
4
4
4
4
4
4
4
4
4
3
3
4
4
4
4
4
4
4
4
4
4
4
4
4
4
4
4
4
4
3
3
4
4
4
4
4
4
4
4
4
4
4
4
4
4
4
4
4
4
3
3
4
4
4
4
4
4
4
4
4
4
4
4
4
4
4
4
4
4
3
3
4
4
4
4
4
4
4
4
4
4
4
4
4
4
4
4
4
4
3
3
4
4
4
4
4
4
4
4
4
4
4
4
4
4
4
4
4
4
3
3
4
4
4
4
4
4
4
4
4
4
4
4
4
4
4
4
4
4
3
3
4
4
4
4
4
4
4
4
4
4
4
4
4
4
4
4
4
4
3
3
4
4
4
4
4
4
4
4
4
4
4
4
4
4
4
4
4
4
3
3
4
4
4
4
4
4
4
4
4
4
4
4
4
4
4
4
4
4
3
3
4
4
4
4
4
4
4
4
4
4
4
4
4
4
4
4
4
4
3
3
4
4
4
4
4
4
4
4
4
4
4
4
4
4
4
4
4
4
3
3
4
4
4
4
4
4
4
4
4
4
4
4
4
4
4
4
4
4
3
3
4
4
4
4
4
4
4
4
4
4
4
4
4
4
4
4
4
4
3
3
4
4
4
4
4
4
4
4
4
4
4
4
4
4
4
4
4
4
3
3
4
4
4
4
4
4
4
4
4
4
4
4
4
4
4
4
4
4
3
3
4
4
4
4
4
4
4
4
4
4
4
4
4
4
4
4
4
4
3
2
3
3
3
3
3
3
3
3
3
3
3
3
3
3
3
3
3
3
2
21 20
2 29
22 56
3 95
1 90
23 19
4 37
2 83
24 17
5 14
3 86
25 87
6 30
4 61
26 43
7 51
5 58
27 51
8 11
6 63
28 89
9 48
7 16
29 11
10 20
8 50
30 34
11 21
9 100
31 48
12 67
10 95
32 60
13 98
11 30
33 24
14 77
12 58
34 94
15 74
13 61
35 20
16 52
14 63
36 45
17 14
15 79
37 92
18 96
16 16
38 85
19 51
17 46
39 20
20 67
18 31
40 31
19 73
41 72
1 90
22 87
42 37
2 25
23 55
21 75
43 100
3 79
24 86
22 59
44 68
4 47
25 76
23 25
45 60
5 49
26 56
24 85
46 63
6 33
27 17
25 11
47 46
7 69
28 24
26 97
48 43
8 94
29 27
27 42
49 80
9 60
30 66
28 49
50 27
10 21
31 76
29 72
51 87
11 57
32 99
30 89
52 74
12 53
33 93
31 39
53 72
13 35
34 26
32 28
54 37
14 31
35 18
33 67
55 68
15 71
36 72
34 33
56 99
16 94
37 73
35 48
57 99
17 91
38 19
36 60
58 97
18 19
39 27
37 78
59 95
19 62
40 75
38 57
60 66
20 52
39 46
61 24
21 27
42 46
62 76
22 40
43 63
41 25
63 67
23 86
44 98
42 45
64 22
24 81
45 74
43 21
65 11
25 50
46 37
44 72
66 10
26 75
47 38
45 10
67 29
27 12
48 42
46 26
68 37
28 30
49 51
47 50
69 10
29 79
50 76
48 28
70 96
30 80
51 74
49 67
71 84
31 50
52 64
50 76
72 72
32 69
53 47
51 95
73 53
33 10
54 89
52 21
74 43
34 87
55 92
53 27
75 43
35 91
56 28
54 15
76 82
36 61
57 46
55 98
77 40
37 35
58 79
56 14
78 39
38 52
59 95
57 95
79 24
39 89
60 77
58 43
80 53
40 99
59 96
81 49
41 61
62 26
82 55
42 91
63 64
61 30
83 43
43 83
64 13
62 20
84 42
44 41
65 44
63 90
85 82
45 67
66 13
64 84
86 64
46 39
67 23
65 44
87 63
47 82
68 19
66 92
88 16
48 20
69 50
67 92
89 87
49 35
70 74
68 35
90 66
50 77
71 78
69 39
91 57
51 61
72 95
70 65
92 44
52 93
73 10
71 61
93 49
53 22
74 65
72 14
94 31
54 22
75 60
73 79
95 50
55 70
76 97
74 31
96 99
56 75
77 95
75 79
97 69
57 85
78 72
76 15
98 55
58 73
79 96
77 49
99 31
59 78
80 26
78 72
100 81
60 19
79 89
101 74
61 44
82 19
102 85
62 95
83 54
81 13
103 74
63 76
84 56
82 64
104 58
64 30
85 38
83 62
105 81
65 99
86 27
84 48
106 65
66 52
87 54
85 31
107 28
67 69
88 68
86 47
108 41
68 10
89 19
87 47
109 60
69 39
90 28
88 21
110 15
70 62
91 51
89 86
111 80
71 37
92 41
90 50
112 20
72 86
93 100
91 35
113 94
73 21
94 19
92 76
114 59
74 58
95 31
93 45
115 81
75 62
96 50
94 54
116 76
76 98
97 15
95 32
117 75
77 68
98 25
96 99
118 58
78 42
99 30
97 62
119 97
79 56
100 91
98 32
120 89
80 23
99 74
121 99
81 53
102 61
122 36
82 44
103 49
101 93
123 24
83 34
104 44
102 89
124 60
84 18
105 14
103 95
125 42
85 88
106 85
104 40
126 95
86 35
107 90
105 71
127 55
87 22
108 73
106 29
128 10
88 41
109 64
107 44
129 73
89 48
110 25
108 77
130 32
90 36
111 62
109 100
131 62
91 21
112 76
110 30
132 94
92 57
113 97
111 14
133 75
93 50
114 79
112 39
134 68
94 67
115 88
113 30
135 52
95 94
116 71
114 25
136 72
96 93
117 81
115 86
137 81
97 28
118 14
116 19
138 44
98 93
119 32
117 47
139 66
99 79
120 42
118 34
140 14
100 26
119 64
141 58
101 57
122 61
142 26
102 28
123 48
121 65
143 60
103 90
124 45
122 57
144 82
104 16
125 54
123 80
145 81
105 85
126 32
124 64
146 48
106 43
127 51
125 70
147 13
107 47
128 53
126 16
148 46
108 35
129 80
127 55
149 17
109 86
130 86
128 16
150 69
110 36
131 22
129 84
151 71
111 35
132 58
130 17
152 94
112 46
133 16
131 60
153 35
113 97
134 48
132 78
154 99
114 10
135 59
133 22
155 14
115 58
136 67
134 15
156 83
116 27
137 79
135 48
157 35
117 15
138 66
136 45
158 27
118 52
139 57
137 12
159 72
119 80
140 90
138 45
160 54
120 59
139 80
161 71
121 34
142 88
162 49
122 76
143 19
141 65
163 20
123 40
144 50
142 30
164 35
124 98
145 15
143 80
165 31
125 79
146 11
144 68
166 69
126 63
147 42
145 15
167 67
127 41
148 11
146 52
168 40
128 51
149 65
147 36
169 57
129 94
150 73
148 77
170 68
130 96
151 88
149 15
171 100
131 87
152 77
150 42
172 79
132 66
153 18
151 14
173 80
133 45
154 54
152 96
174 77
134 100
155 17
153 62
175 80
135 41
156 44
154 26
176 84
136 57
157 13
155 13
177 43
137 79
158 76
156 82
178 47
138 100
159 18
157 18
179 45
139 63
160 19
158 95
180 52
140 48
159 10
181 49
141 46
162 93
182 84
142 94
163 36
161 66
183 83
143 88
164 21
162 77
184 85
144 55
165 22
163 92
185 99
145 35
166 62
164 82
186 74
146 17
167 94
165 35
187 86
147 99
168 82
166 43
188 95
148 91
169 56
167 53
189 29
149 79
170 83
168 62
190 42
150 21
171 29
169 63
191 69
151 53
172 46
170 90
192 20
152 17
173 59
171 38
193 67
153 72
174 62
172 83
194 98
154 88
175 47
173 68
195 86
155 51
176 60
174 80
196 24
156 15
177 79
175 48
197 59
157 62
178 95
176 48
198 25
158 29
179 72
177 56
199 71
159 73
180 34
178 52
200 16
160 14
179 61
201 100
161 17
182 58
202 82
162 66
183 74
181 59
203 66
163 51
184 20
182 40
204 16
164 67
185 92
183 39
205 52
165 100
186 31
184 10
206 45
166 10
187 75
185 55
207 31
167 62
188 39
186 25
208 95
168 77
189 75
187 41
209 97
169 14
190 94
188 33
210 66
170 87
191 43
189 29
211 21
171 81
192 64
190 95
212 34
172 10
193 57
191 10
213 28
173 10
194 42
192 47
214 57
174 35
195 31
193 82
215 85
175 20
196 21
194 57
216 73
176 23
197 50
195 55
217 38
177 44
198 20
196 69
218 69
178 89
199 14
197 44
219 72
179 47
200 87
198 18
220 22
180 58
199 73
221 64
181 40
202 31
222 88
182 62
203 87
201 88
223 45
183 82
204 93
202 88
224 85
184 97
205 62
203 94
225 80
185 37
206 21
204 27
226 45
186 49
207 89
205 45
227 48
187 89
208 41
206 80
228 39
188 13
209 81
207 40
229 70
189 20
210 23
208 32
230 96
190 42
211 79
209 46
231 64
191 79
212 75
210 26
232 10
192 13
213 37
211 59
233 75
193 86
214 60
212 46
234 94
194 46
215 87
213 86
235 93
195 33
216 18
214 33
236 59
196 86
217 60
215 23
237 35
197 81
218 37
216 45
238 95
198 85
219 52
217 76
239 92
199 98
220 47
218 57
240 89
200 42
219 35
241 49
201 67
222 69
242 96
202 34
223 26
221 95
243 99
203 98
224 64
222 38
244 43
204 57
225 33
223 14
245 61
205 77
226 63
224 20
246 18
206 15
227 76
225 48
247 33
207 33
228 73
226 42
248 85
208 62
229 88
227 72
249 99
209 15
230 44
228 65
250 32
210 24
231 65
229 80
251 63
211 39
232 69
230 21
252 56
212 19
233 13
231 47
253 14
213 71
234 27
232 27
254 89
214 94
235 56
233 87
255 38
215 53
236 21
234 91
256 86
216 87
237 94
235 86
257 71
217 79
238 50
236 50
258 41
218 94
239 30
237 51
259 91
219 27
240 46
238 95
260 90
220 25
239 85
261 41
221 44
242 41
262 99
222 35
243 80
241 14
263 98
223 12
244 94
242 74
264 23
224 63
245 30
243 87
265 95
225 88
246 67
244 42
266 57
226 29
247 54
245 20
267 70
227 23
248 57
246 62
268 26
228 30
249 36
247 96
269 94
229 23
250 32
248 25
270 28
230 76
251 54
249 52
271 64
231 72
252 24
250 37
272 21
232 13
253 21
251 61
273 27
233 95
254 49
252 67
274 64
234 74
255 72
253 88
275 42
235 33
256 55
254 99
276 84
236 65
257 67
255 69
277 57
237 43
258 31
256 73
278 66
238 21
259 82
257 94
279 31
239 53
260 54
258 35
280 49
240 98
259 32
281 53
241 87
262 47
282 68
242 84
263 63
261 62
283 78
243 82
264 44
262 10
284 52
244 98
265 62
263 59
285 19
245 23
266 71
264 33
286 99
246 58
267 16
265 89
287 52
247 17
268 28
266 12
288 79
248 54
269 19
267 40
289 66
249 58
270 79
268 77
290 34
250 93
271 63
269 39
291 46
251 57
272 21
270 47
292 12
252 55
273 47
271 85
293 11
253 17
274 69
272 58
294 97
254 28
275 12
273 75
295 67
255 14
276 45
274 16
296 100
256 45
277 38
275 82
297 100
257 46
278 49
276 51
298 21
258 37
279 22
277 49
299 68
259 12
280 92
278 80
300 31
260 90
279 39
301 29
261 50
282 77
302 44
262 94
283 41
281 55
303 97
263 46
284 38
282 50
304 99
264 34
285 64
283 23
305 28
265 92
286 47
284 21
306 59
266 76
287 73
285 90
307 90
267 49
288 71
286 83
308 23
268 90
289 64
287 13
309 86
269 51
290 61
288 40
310 48
270 61
291 28
289 35
311 98
271 58
292 67
290 96
312 34
272 65
293 25
291 42
313 13
273 69
294 40
292 80
314 14
274 22
295 93
293 23
315 98
275 25
296 83
294 30
316 51
276 52
297 79
295 29
317 95
277 48
298 15
296 92
318 57
278 64
299 95
297 39
319 14
279 12
300 27
298 41
320 10
280 36
299 91
321 32
281 77
302 68
322 65
282 53
303 68
301 14
323 80
283 58
304 65
302 16
324 81
284 79
305 64
303 89
325 28
285 65
306 19
304 86
326 16
286 29
307 10
305 31
327 87
287 43
308 83
306 61
328 72
288 55
309 26
307 67
329 64
289 95
310 48
308 52
330 21
290 47
311 34
309 31
331 92
291 47
312 87
310 95
332 74
292 30
313 91
311 58
333 75
293 64
314 51
312 96
334 93
294 15
315 13
313 24
335 45
295 66
316 75
314 69
336 25
296 45
317 11
315 99
337 90
297 74
318 34
316 18
338 55
298 51
319 88
317 61
339 58
299 29
320 79
318 58
340 97
300 97
319 90
341 54
301 93
322 90
342 48
302 10
323 32
321 46
343 14
303 95
324 95
322 25
344 41
304 74
325 31
323 76
345 64
305 82
326 11
324 73
346 75
306 64
327 50
325 63
347 81
307 60
328 61
326 92
348 35
308 82
329 11
327 12
349 57
309 73
330 34
328 26
350 66
310 49
331 32
329 84
351 50
311 92
332 89
330 58
352 99
312 33
333 36
331 61
353 41
313 14
334 50
332 93
354 78
314 11
335 59
333 96
355 12
315 36
336 67
334 97
356 54
316 76
337 96
335 55
357 62
317 30
338 20
336 29
358 51
318 17
339 50
337 68
359 94
319 63
340 36
338 52
360 48
320 15
339 70
361 23
321 76
342 26
362 73
322 39
343 73
341 17
363 10
323 11
344 82
342 80
364 71
324 64
345 78
343 98
365 63
325 98
346 55
344 77
366 53
326 15
347 29
345 34
367 70
327 23
348 25
346 40
368 97
328 15
349 84
347 17
369 29
329 86
350 100
348 38
370 84
330 25
351 100
349 10
371 47
331 37
352 85
350 11
372 32
332 47
353 12
351 79
373 42
333 40
354 78
352 75
374 18
334 57
355 95
353 74
375 52
335 16
356 51
354 98
376 61
336 35
357 87
355 68
377 83
337 99
358 66
356 10
378 61
338 40
359 52
357 23
379 92
339 39
360 62
358 31
380 63
340 37
359 81
381 86
341 29
362 36
382 16
342 73
363 93
361 89
383 52
343 79
364 65
362 14
384 40
344 67
365 91
363 49
385 41
345 51
366 72
364 30
386 92
346 72
367 73
365 16
387 52
347 15
368 68
366 19
388 50
348 36
369 49
367 40
389 66
349 42
370 92
368 78
390 85
350 69
371 36
369 18
391 57
351 54
372 62
370 11
392 79
352 43
373 62
371 46
393 43
353 48
374 99
372 51
394 60
354 95
375 62
373 36
395 31
355 33
376 20
374 20
396 84
356 20
377 33
375 31
397 61
357 22
378 13
376 83
398 74
358 72
379 37
377 39
399 60
359 62
380 66
378 99
400 54
360 14
379 75
361 64
382 32
362 76
383 23
381 23
363 58
384 87
382 49
364 96
385 80
383 73
365 14
386 99
384 95
366 62
387 49
385 50
367 53
388 67
386 86
368 93
389 78
387 79
369 75
390 81
388 20
370 44
391 24
389 65
371 45
392 57
390 44
372 27
393 68
391 61
373 87
394 15
392 48
374 72
395 93
393 33
375 20
396 19
394 66
376 27
397 54
395 20
377 22
398 18
396 22
378 96
399 33
397 80
379 49
400 40
398 87
380 98
399 43
120
360
2 364 120 
1 352 
1 179 
2 400 20 
1 23 
2 68 388 
1 142 
2 223 357 
1 110 
1 198 
1 290 
1 88 
1 135 
3 380 46 134 
2 156 355 
1 379 
3 398 29 385 
2 396 55 
1 117 
2 359 195 
3 322 394 342 
1 340 
2 130 152 
3 77 289 201 
4 307 67 183 54 
1 79 
2 300 267 
2 226 66 
1 12 
2 89 194 
1 245 
3 13 2 298 
1 328 
1 202 
2 172 10 
2 52 210 
2 61 383 
3 166 91 286 
1 113 
4 132 305 163 366 
1 341 
1 107 
1 343 
1 257 
3 182 162 351 
4 143 31 232 395 
1 58 
2 127 313 
3 85 309 204 
2 122 230 
2 214 256 
3 365 371 104 
2 102 337 
1 174 
1 215 
1 217 
2 184 181 
1 268 
2 275 94 
2 242 73 
2 191 241 
3 153 301 173 
1 276 
3 327 258 192 
3 350 338 317 
1 334 
2 269 208 
1 93 
1 147 
2 382 47 
3 148 246 19 
2 18 311 
1 206 
2 323 189 
2 255 283 
3 218 239 360 
