100 342 10 100 19
2
3
3
2
3
4
4
3
3
4
4
3
3
4
4
3
3
4
4
3
3
4
4
3
3
4
4
3
3
4
4
3
3
4
4
3
3
4
4
3
3
4
4
3
3
4
4
3
3
4
4
3
3
4
4
3
3
4
4
3
3
4
4
3
3
4
4
3
3
4
4
3
3
4
4
3
3
4
4
3
3
4
4
3
3
4
4
3
3
4
4
3
3
4
4
3
2
3
3
2
5 90
2 29
6 19
3 100
1 95
7 13
4 61
2 53
8 57
3 63
9 35
1 60
6 48
10 25
2 68
7 70
5 100
11 65
3 67
8 57
6 10
12 88
4 81
7 77
13 57
5 87
10 70
14 80
6 14
11 87
9 41
15 55
7 13
12 53
10 71
16 17
8 67
11 14
17 61
9 33
14 27
18 21
10 20
15 98
13 53
19 55
11 58
16 72
14 75
20 31
12 62
15 98
21 58
13 69
18 56
22 45
14 52
19 50
17 80
23 70
15 22
20 82
18 84
24 91
16 88
19 44
25 40
17 49
22 40
26 31
18 37
23 14
21 24
27 48
19 57
24 41
22 80
28 69
20 64
23 88
29 41
21 97
26 72
30 46
22 47
27 80
25 78
31 64
23 67
28 53
26 68
32 47
24 46
27 46
33 52
25 34
30 66
34 46
26 86
31 95
29 27
35 41
27 11
32 60
30 47
36 54
28 15
31 18
37 75
29 20
34 33
38 34
30 58
35 36
33 51
39 65
31 15
36 18
34 26
40 89
32 24
35 67
41 79
33 96
38 55
42 96
34 85
39 66
37 12
43 73
35 100
40 33
38 15
44 25
36 38
39 83
45 41
37 94
42 24
46 77
38 26
43 37
41 31
47 18
39 15
44 100
42 26
48 98
40 96
43 29
49 99
41 68
46 84
50 58
42 90
47 35
45 23
51 56
43 56
48 20
46 22
52 79
44 30
47 85
53 21
45 26
50 47
54 62
46 12
51 96
49 85
55 17
47 57
52 94
50 20
56 65
48 56
51 61
57 18
49 38
54 72
58 18
50 54
55 63
53 59
59 47
51 78
56 86
54 21
60 36
52 96
55 27
61 35
53 46
58 32
62 100
54 89
59 28
57 13
63 61
55 17
60 41
58 99
64 78
56 70
59 60
65 16
57 13
62 39
66 26
58 83
63 58
61 69
67 60
59 38
64 49
62 76
68 62
60 40
63 55
69 46
61 42
66 91
70 25
62 82
67 61
65 70
71 31
63 40
68 26
66 51
72 83
64 77
67 95
73 85
65 59
70 28
74 91
66 85
71 49
69 54
75 20
67 94
72 84
70 59
76 99
68 93
71 38
77 32
69 31
74 13
78 82
70 43
75 62
73 94
79 36
71 86
76 26
74 42
80 69
72 31
75 16
81 52
73 87
78 26
82 43
74 89
79 89
77 97
83 20
75 50
80 78
78 84
84 76
76 98
79 94
85 31
77 16
82 19
86 10
78 46
83 16
81 11
87 61
79 36
84 42
82 72
88 95
80 87
83 63
89 46
81 10
86 65
90 39
82 99
87 91
85 85
91 21
83 100
88 83
86 84
92 54
84 80
87 58
93 12
85 51
90 96
94 76
86 13
91 12
89 15
95 54
87 47
92 10
90 70
96 73
88 59
91 30
97 61
89 56
94 37
98 25
90 18
95 35
93 58
99 68
91 76
96 46
94 89
100 68
92 100
95 95
93 57
98 83
94 22
99 84
97 39
95 55
100 98
98 96
96 99
99 64
37
48
2 60 37 
1 11 
3 33 21 20 
1 16 
1 55 
2 78 32 
1 66 
2 15 22 
2 83 6 
1 99 
2 52 80 
3 57 30 49 
1 93 
2 50 98 
3 85 10 74 
3 44 2 61 
2 90 100 
1 92 
2 71 48 
