144 528 10 100 27
2
3
3
3
3
3
3
3
3
3
3
2
3
4
4
4
4
4
4
4
4
4
4
3
3
4
4
4
4
4
4
4
4
4
4
3
3
4
4
4
4
4
4
4
4
4
4
3
3
4
4
4
4
4
4
4
4
4
4
3
3
4
4
4
4
4
4
4
4
4
4
3
3
4
4
4
4
4
4
4
4
4
4
3
3
4
4
4
4
4
4
4
4
4
4
3
3
4
4
4
4
4
4
4
4
4
4
3
3
4
4
4
4
4
4
4
4
4
4
3
3
4
4
4
4
4
4
4
4
4
4
3
2
3
3
3
3
3
3
3
3
3
3
2
13 37
2 29
14 98
3 84
1 61
15 51
4 52
2 17
16 36
5 24
3 36
17 82
6 15
4 43
18 74
7 80
5 30
19 67
8 88
6 89
20 92
9 96
7 41
21 47
10 47
8 46
22 42
11 49
9 55
23 97
12 27
10 42
24 77
11 60
25 78
1 39
14 86
26 24
2 73
15 63
13 95
27 36
3 90
16 80
14 40
28 82
4 38
17 94
15 77
29 57
5 47
18 21
16 14
30 70
6 83
19 35
17 43
31 13
7 28
20 13
18 58
32 37
8 92
21 44
19 91
33 68
9 54
22 33
20 66
34 35
10 97
23 82
21 85
35 38
11 51
24 58
22 45
36 52
12 39
23 90
37 22
13 67
26 76
38 72
14 100
27 27
25 66
39 31
15 24
28 16
26 47
40 59
16 77
29 77
27 79
41 54
17 72
30 90
28 90
42 99
18 59
31 40
29 62
43 40
19 68
32 86
30 71
44 14
20 84
33 100
31 21
45 80
21 19
34 66
32 39
46 55
22 80
35 32
33 55
47 54
23 70
36 29
34 72
48 25
24 57
35 88
49 43
25 18
38 33
50 18
26 79
39 32
37 47
51 64
27 23
40 23
38 48
52 51
28 42
41 53
39 19
53 35
29 40
42 71
40 85
54 57
30 77
43 55
41 14
55 22
31 28
44 87
42 53
56 43
32 66
45 64
43 30
57 32
33 17
46 79
44 46
58 49
34 28
47 65
45 21
59 96
35 93
48 92
46 60
60 71
36 11
47 15
61 19
37 71
50 38
62 73
38 31
51 87
49 18
63 61
39 28
52 91
50 48
64 96
40 67
53 75
51 55
65 57
41 72
54 82
52 61
66 95
42 44
55 27
53 53
67 43
43 46
56 41
54 59
68 75
44 23
57 88
55 16
69 79
45 23
58 42
56 85
70 36
46 34
59 42
57 73
71 71
47 96
60 13
58 30
72 36
48 75
59 86
73 29
49 93
62 100
74 37
50 50
63 41
61 78
75 90
51 99
64 48
62 76
76 60
52 85
65 23
63 82
77 23
53 30
66 28
64 24
78 44
54 62
67 44
65 54
79 60
55 20
68 31
66 96
80 54
56 12
69 93
67 75
81 26
57 93
70 10
68 78
82 82
58 38
71 45
69 77
83 19
59 80
72 33
70 31
84 74
60 66
71 42
85 44
61 29
74 71
86 25
62 52
75 46
73 62
87 72
63 10
76 99
74 23
88 13
64 15
77 42
75 81
89 16
65 79
78 55
76 61
90 47
66 52
79 70
77 36
91 57
67 38
80 86
78 58
92 80
68 48
81 14
79 13
93 75
69 93
82 63
80 75
94 52
70 29
83 83
81 94
95 68
71 41
84 48
82 37
96 69
72 82
83 30
97 70
73 66
86 60
98 26
74 32
87 89
85 21
99 21
75 95
88 40
86 60
100 62
76 25
89 59
87 49
101 16
77 88
90 26
88 71
102 13
78 59
91 56
89 85
103 88
79 87
92 33
90 94
104 43
80 43
93 76
91 55
105 20
81 13
94 20
92 93
106 59
82 50
95 49
93 91
107 75
83 54
96 72
94 99
108 97
84 59
95 86
109 69
85 77
98 83
110 43
86 90
99 93
97 37
111 63
87 15
100 56
98 59
112 43
88 76
101 51
99 18
113 54
89 97
102 26
100 52
114 91
90 32
103 17
101 81
115 29
91 98
104 46
102 31
116 82
92 33
105 70
103 58
117 69
93 98
106 15
104 38
118 14
94 79
107 34
105 86
119 65
95 92
108 86
106 50
120 91
96 23
107 18
121 64
97 22
110 84
122 68
98 74
111 42
109 19
123 21
99 19
112 87
110 61
124 35
100 60
113 81
111 43
125 98
101 95
114 68
112 86
126 81
102 55
115 46
113 96
127 85
103 81
116 82
114 59
128 43
104 34
117 10
115 92
129 83
105 17
118 22
116 54
130 56
106 83
119 74
117 51
131 35
107 94
120 67
118 83
132 56
108 84
119 18
133 25
109 19
122 34
134 39
110 35
123 67
121 79
135 32
111 50
124 40
122 74
136 10
112 28
125 48
123 58
137 59
113 72
126 77
124 66
138 51
114 76
127 61
125 20
139 63
115 31
128 36
126 34
140 48
116 99
129 29
127 97
141 26
117 68
130 52
128 91
142 40
118 65
131 36
129 18
143 58
119 80
132 69
130 13
144 37
120 37
131 57
121 99
134 67
122 89
135 95
133 37
123 49
136 16
134 80
124 98
137 23
135 30
125 46
138 20
136 31
126 10
139 52
137 83
127 25
140 65
138 22
128 33
141 71
139 67
129 40
142 38
140 41
130 19
143 46
141 64
131 96
144 79
142 76
132 24
143 81
120
67
4 36 10 102 120 
1 52 
2 79 98 
1 69 
3 19 8 140 
2 9 105 
2 12 6 
1 97 
3 33 5 94 
2 138 43 
2 3 59 
2 62 24 
3 137 66 110 
1 126 
1 49 
2 115 53 
2 2 41 
1 86 
3 54 11 129 
1 96 
1 82 
1 124 
2 144 100 
1 133 
2 93 123 
3 64 20 42 
1 67 
