100 342 10 100 19
2
3
3
2
3
4
4
3
3
4
4
3
3
4
4
3
3
4
4
3
3
4
4
3
3
4
4
3
3
4
4
3
3
4
4
3
3
4
4
3
3
4
4
3
3
4
4
3
3
4
4
3
3
4
4
3
3
4
4
3
3
4
4
3
3
4
4
3
3
4
4
3
3
4
4
3
3
4
4
3
3
4
4
3
3
4
4
3
3
4
4
3
3
4
4
3
2
3
3
2
5 92
2 29
6 83
3 21
1 11
7 16
4 39
2 21
8 34
3 73
9 25
1 89
6 71
10 34
2 48
7 58
5 86
11 52
3 14
8 99
6 55
12 85
4 75
7 63
13 96
5 33
10 10
14 24
6 93
11 59
9 76
15 60
7 16
12 82
10 30
16 50
8 86
11 62
17 52
9 15
14 68
18 63
10 49
15 81
13 18
19 58
11 68
16 39
14 19
20 42
12 80
15 26
21 42
13 88
18 91
22 41
14 81
19 81
17 22
23 60
15 60
20 55
18 95
24 23
16 16
19 79
25 87
17 75
22 23
26 70
18 24
23 24
21 78
27 62
19 31
24 22
22 14
28 37
20 100
23 56
29 69
21 89
26 41
30 95
22 85
27 24
25 95
31 74
23 58
28 57
26 87
32 23
24 15
27 28
33 60
25 25
30 54
34 59
26 36
31 91
29 26
35 22
27 89
32 22
30 48
36 87
28 12
31 22
37 73
29 65
34 16
38 57
30 19
35 26
33 61
39 82
31 59
36 55
34 22
40 11
32 56
35 64
41 76
33 39
38 35
42 26
34 62
39 27
37 56
43 79
35 38
40 100
38 100
44 95
36 58
39 100
45 18
37 48
42 62
46 35
38 93
43 94
41 14
47 24
39 21
44 16
42 27
48 86
40 27
43 37
49 80
41 15
46 26
50 42
42 54
47 71
45 47
51 80
43 80
48 69
46 31
52 97
44 10
47 40
53 15
45 73
50 58
54 17
46 43
51 56
49 90
55 21
47 26
52 87
50 24
56 98
48 19
51 12
57 20
49 93
54 30
58 26
50 11
55 74
53 72
59 61
51 84
56 95
54 80
60 28
52 22
55 73
61 82
53 30
58 24
62 74
54 85
59 10
57 53
63 39
55 82
60 38
58 13
64 41
56 86
59 88
65 79
57 71
62 47
66 17
58 32
63 78
61 81
67 38
59 14
64 30
62 23
68 26
60 25
63 89
69 59
61 76
66 39
70 59
62 43
67 23
65 76
71 52
63 94
68 32
66 20
72 69
64 85
67 30
73 32
65 11
70 11
74 43
66 65
71 13
69 81
75 34
67 80
72 26
70 99
76 23
68 53
71 63
77 43
69 74
74 93
78 94
70 62
75 55
73 39
79 38
71 76
76 50
74 100
80 73
72 99
75 58
81 70
73 88
78 36
82 33
74 70
79 91
77 15
83 80
75 36
80 16
78 55
84 11
76 93
79 94
85 87
77 81
82 44
86 30
78 71
83 34
81 97
87 38
79 36
84 29
82 35
88 83
80 96
83 61
89 90
81 38
86 39
90 49
82 60
87 44
85 44
91 20
83 55
88 11
86 76
92 85
84 94
87 58
93 52
85 84
90 39
94 53
86 52
91 69
89 16
95 41
87 29
92 53
90 48
96 83
88 11
91 47
97 47
89 17
94 84
98 50
90 84
95 100
93 89
99 24
91 35
96 80
94 82
100 100
92 85
95 25
93 36
98 69
94 59
99 65
97 58
95 12
100 43
98 94
96 68
99 37
65
21
1 65 
2 45 93 
1 41 
1 28 
2 92 34 
2 85 55 
3 22 66 96 
1 58 
2 42 33 
4 78 10 29 18 
1 73 
3 27 46 7 
1 70 
2 47 26 
1 38 
3 4 52 54 
1 80 
3 31 67 91 
1 21 
