144 528 10 100 27
2
3
3
3
3
3
3
3
3
3
3
2
3
4
4
4
4
4
4
4
4
4
4
3
3
4
4
4
4
4
4
4
4
4
4
3
3
4
4
4
4
4
4
4
4
4
4
3
3
4
4
4
4
4
4
4
4
4
4
3
3
4
4
4
4
4
4
4
4
4
4
3
3
4
4
4
4
4
4
4
4
4
4
3
3
4
4
4
4
4
4
4
4
4
4
3
3
4
4
4
4
4
4
4
4
4
4
3
3
4
4
4
4
4
4
4
4
4
4
3
3
4
4
4
4
4
4
4
4
4
4
3
2
3
3
3
3
3
3
3
3
3
3
2
13 39
2 29
14 40
3 98
1 40
15 16
4 47
2 35
16 19
5 42
3 61
17 25
6 56
4 85
18 95
7 32
5 40
19 48
8 77
6 13
20 75
9 14
7 79
21 20
10 10
8 45
22 18
11 92
9 43
23 84
12 18
10 29
24 48
11 89
25 59
1 66
14 85
26 17
2 16
15 28
13 21
27 54
3 35
16 29
14 44
28 85
4 28
17 87
15 66
29 81
5 86
18 69
16 21
30 85
6 98
19 84
17 47
31 28
7 90
20 58
18 75
32 93
8 20
21 67
19 38
33 71
9 36
22 47
20 79
34 48
10 32
23 64
21 66
35 48
11 57
24 32
22 72
36 55
12 60
23 17
37 75
13 66
26 69
38 17
14 38
27 51
25 45
39 83
15 81
28 50
26 43
40 36
16 11
29 74
27 41
41 70
17 91
30 86
28 79
42 48
18 13
31 30
29 92
43 13
19 86
32 61
30 87
44 79
20 14
33 58
31 88
45 98
21 94
34 32
32 36
46 18
22 42
35 53
33 93
47 83
23 70
36 50
34 34
48 17
24 62
35 52
49 66
25 18
38 76
50 83
26 84
39 22
37 88
51 26
27 46
40 68
38 25
52 75
28 76
41 80
39 62
53 12
29 89
42 71
40 36
54 73
30 43
43 55
41 24
55 70
31 29
44 92
42 66
56 62
32 66
45 58
43 21
57 47
33 78
46 54
44 34
58 70
34 93
47 86
45 48
59 60
35 39
48 45
46 87
60 52
36 48
47 76
61 10
37 41
50 39
62 13
38 93
51 90
49 99
63 35
39 74
52 94
50 29
64 48
40 32
53 71
51 80
65 39
41 66
54 81
52 26
66 22
42 45
55 65
53 25
67 53
43 62
56 28
54 54
68 100
44 92
57 98
55 20
69 76
45 87
58 77
56 82
70 45
46 74
59 75
57 99
71 85
47 19
60 96
58 70
72 59
48 86
59 42
73 37
49 70
62 78
74 89
50 56
63 93
61 13
75 20
51 44
64 82
62 63
76 32
52 40
65 48
63 54
77 76
53 90
66 14
64 59
78 49
54 85
67 86
65 34
79 48
55 77
68 27
66 35
80 88
56 11
69 51
67 71
81 66
57 54
70 16
68 72
82 64
58 58
71 38
69 70
83 96
59 96
72 26
70 86
84 86
60 83
71 34
85 74
61 22
74 20
86 10
62 20
75 87
73 100
87 85
63 69
76 54
74 61
88 35
64 43
77 44
75 35
89 89
65 69
78 52
76 27
90 20
66 69
79 28
77 14
91 70
67 15
80 20
78 11
92 10
68 79
81 67
79 18
93 22
69 33
82 37
80 20
94 64
70 24
83 93
81 66
95 84
71 62
84 35
82 97
96 17
72 53
83 85
97 72
73 41
86 21
98 96
74 53
87 75
85 48
99 61
75 78
88 79
86 54
100 24
76 31
89 40
87 80
101 34
77 22
90 61
88 62
102 54
78 55
91 12
89 44
103 32
79 76
92 10
90 64
104 84
80 58
93 66
91 17
105 23
81 53
94 90
92 95
106 29
82 34
95 88
93 86
107 39
83 70
96 53
94 30
108 90
84 93
95 67
109 18
85 97
98 55
110 18
86 88
99 65
97 10
111 80
87 61
100 61
98 83
112 29
88 46
101 73
99 47
113 71
89 46
102 19
100 67
114 47
90 22
103 57
101 21
115 30
91 91
104 23
102 81
116 88
92 15
105 69
103 91
117 60
93 58
106 88
104 74
118 88
94 66
107 47
105 95
119 28
95 72
108 70
106 63
120 57
96 91
107 40
121 54
97 77
110 42
122 22
98 55
111 68
109 17
123 75
99 86
112 16
110 67
124 46
100 67
113 38
111 23
125 88
101 33
114 55
112 93
126 36
102 26
115 68
113 28
127 47
103 30
116 100
114 56
128 55
104 98
117 57
115 10
129 90
105 18
118 42
116 17
130 96
106 51
119 18
117 36
131 82
107 32
120 12
118 82
132 73
108 64
119 80
133 15
109 61
122 28
134 70
110 93
123 78
121 85
135 49
111 42
124 28
122 64
136 90
112 96
125 16
123 30
137 38
113 65
126 41
124 12
138 93
114 100
127 87
125 58
139 55
115 68
128 14
126 22
140 99
116 42
129 60
127 63
141 70
117 89
130 83
128 16
142 29
118 57
131 94
129 56
143 10
119 52
132 71
130 36
144 42
120 39
131 14
121 24
134 72
122 24
135 76
133 63
123 26
136 18
134 26
124 86
137 48
135 65
125 86
138 19
136 78
126 74
139 39
137 82
127 91
140 26
138 80
128 41
141 16
139 58
129 56
142 84
140 80
130 100
143 42
141 44
131 40
144 23
142 68
132 61
143 45
29
141
2 60 29 
3 16 91 41 
2 15 2 
3 108 137 67 
1 55 
3 7 111 11 
1 36 
1 114 
1 90 
1 5 
3 121 65 34 
2 35 138 
1 12 
1 21 
1 83 
3 4 86 134 
1 66 
2 50 62 
1 104 
1 84 
1 118 
4 56 52 143 110 
2 69 47 
2 18 119 
4 112 64 117 24 
2 142 72 
1 141 
