100 342 10 100 19
2
3
3
2
3
4
4
3
3
4
4
3
3
4
4
3
3
4
4
3
3
4
4
3
3
4
4
3
3
4
4
3
3
4
4
3
3
4
4
3
3
4
4
3
3
4
4
3
3
4
4
3
3
4
4
3
3
4
4
3
3
4
4
3
3
4
4
3
3
4
4
3
3
4
4
3
3
4
4
3
3
4
4
3
3
4
4
3
3
4
4
3
3
4
4
3
2
3
3
2
5 80
2 29
6 32
3 85
1 26
7 52
4 66
2 35
8 71
3 38
9 87
1 91
6 30
10 45
2 13
7 29
5 59
11 30
3 39
8 14
6 91
12 41
4 87
7 62
13 80
5 55
10 82
14 90
6 23
11 79
9 94
15 76
7 55
12 91
10 72
16 69
8 97
11 26
17 80
9 71
14 74
18 49
10 18
15 16
13 65
19 83
11 63
16 73
14 45
20 26
12 40
15 82
21 36
13 88
18 91
22 52
14 79
19 10
17 76
23 29
15 89
20 89
18 94
24 23
16 60
19 37
25 41
17 34
22 83
26 50
18 97
23 56
21 21
27 35
19 98
24 88
22 63
28 85
20 31
23 49
29 83
21 61
26 50
30 20
22 38
27 66
25 65
31 44
23 54
28 71
26 87
32 90
24 23
27 19
33 64
25 36
30 92
34 24
26 80
31 11
29 10
35 23
27 32
32 37
30 68
36 97
28 99
31 22
37 55
29 87
34 91
38 90
30 62
35 38
33 89
39 30
31 97
36 22
34 37
40 95
32 61
35 37
41 67
33 20
38 64
42 17
34 86
39 90
37 87
43 14
35 38
40 75
38 39
44 60
36 31
39 86
45 15
37 13
42 58
46 100
38 54
43 17
41 83
47 77
39 69
44 79
42 65
48 67
40 58
43 65
49 41
41 80
46 41
50 56
42 32
47 45
45 72
51 52
43 40
48 66
46 46
52 98
44 83
47 42
53 20
45 95
50 21
54 36
46 55
51 97
49 43
55 18
47 31
52 93
50 10
56 79
48 19
51 48
57 57
49 94
54 67
58 72
50 97
55 70
53 68
59 91
51 80
56 20
54 33
60 40
52 39
55 91
61 90
53 55
58 10
62 99
54 49
59 75
57 77
63 28
55 37
60 40
58 38
64 21
56 78
59 69
65 33
57 49
62 36
66 83
58 56
63 55
61 88
67 39
59 96
64 54
62 51
68 81
60 96
63 90
69 62
61 51
66 91
70 52
62 44
67 23
65 98
71 54
63 24
68 38
66 57
72 97
64 16
67 90
73 23
65 41
70 17
74 20
66 12
71 14
69 56
75 27
67 68
72 51
70 33
76 81
68 87
71 89
77 30
69 100
74 21
78 57
70 44
75 84
73 46
79 21
71 57
76 65
74 17
80 54
72 65
75 29
81 87
73 62
78 82
82 39
74 70
79 63
77 35
83 98
75 97
80 92
78 49
84 66
76 79
79 23
85 28
77 86
82 69
86 48
78 62
83 20
81 72
87 25
79 74
84 84
82 76
88 43
80 87
83 69
89 69
81 96
86 60
90 23
82 99
87 98
85 92
91 72
83 95
88 90
86 30
92 81
84 57
87 66
93 38
85 17
90 56
94 58
86 56
91 63
89 68
95 90
87 81
92 55
90 33
96 44
88 58
91 76
97 70
89 55
94 36
98 93
90 47
95 37
93 92
99 94
91 12
96 88
94 21
100 15
92 64
95 52
93 20
98 57
94 52
99 31
97 35
95 84
100 33
98 60
96 53
99 91
76
73
4 79 26 87 76 
3 99 53 5 
1 37 
3 3 13 18 
2 96 6 
1 49 
2 83 86 
1 97 
2 50 25 
3 70 57 68 
1 1 
2 58 91 
1 54 
2 17 16 
1 55 
1 71 
2 47 90 
1 67 
2 78 73 
