625 2400 10 100 118
2
3
3
3
3
3
3
3
3
3
3
3
3
3
3
3
3
3
3
3
3
3
3
3
2
3
4
4
4
4
4
4
4
4
4
4
4
4
4
4
4
4
4
4
4
4
4
4
4
3
3
4
4
4
4
4
4
4
4
4
4
4
4
4
4
4
4
4
4
4
4
4
4
4
3
3
4
4
4
4
4
4
4
4
4
4
4
4
4
4
4
4
4
4
4
4
4
4
4
3
3
4
4
4
4
4
4
4
4
4
4
4
4
4
4
4
4
4
4
4
4
4
4
4
3
3
4
4
4
4
4
4
4
4
4
4
4
4
4
4
4
4
4
4
4
4
4
4
4
3
3
4
4
4
4
4
4
4
4
4
4
4
4
4
4
4
4
4
4
4
4
4
4
4
3
3
4
4
4
4
4
4
4
4
4
4
4
4
4
4
4
4
4
4
4
4
4
4
4
3
3
4
4
4
4
4
4
4
4
4
4
4
4
4
4
4
4
4
4
4
4
4
4
4
3
3
4
4
4
4
4
4
4
4
4
4
4
4
4
4
4
4
4
4
4
4
4
4
4
3
3
4
4
4
4
4
4
4
4
4
4
4
4
4
4
4
4
4
4
4
4
4
4
4
3
3
4
4
4
4
4
4
4
4
4
4
4
4
4
4
4
4
4
4
4
4
4
4
4
3
3
4
4
4
4
4
4
4
4
4
4
4
4
4
4
4
4
4
4
4
4
4
4
4
3
3
4
4
4
4
4
4
4
4
4
4
4
4
4
4
4
4
4
4
4
4
4
4
4
3
3
4
4
4
4
4
4
4
4
4
4
4
4
4
4
4
4
4
4
4
4
4
4
4
3
3
4
4
4
4
4
4
4
4
4
4
4
4
4
4
4
4
4
4
4
4
4
4
4
3
3
4
4
4
4
4
4
4
4
4
4
4
4
4
4
4
4
4
4
4
4
4
4
4
3
3
4
4
4
4
4
4
4
4
4
4
4
4
4
4
4
4
4
4
4
4
4
4
4
3
3
4
4
4
4
4
4
4
4
4
4
4
4
4
4
4
4
4
4
4
4
4
4
4
3
3
4
4
4
4
4
4
4
4
4
4
4
4
4
4
4
4
4
4
4
4
4
4
4
3
3
4
4
4
4
4
4
4
4
4
4
4
4
4
4
4
4
4
4
4
4
4
4
4
3
3
4
4
4
4
4
4
4
4
4
4
4
4
4
4
4
4
4
4
4
4
4
4
4
3
3
4
4
4
4
4
4
4
4
4
4
4
4
4
4
4
4
4
4
4
4
4
4
4
3
3
4
4
4
4
4
4
4
4
4
4
4
4
4
4
4
4
4
4
4
4
4
4
4
3
2
3
3
3
3
3
3
3
3
3
3
3
3
3
3
3
3
3
3
3
3
3
3
3
2
26 51
2 29
27 23
3 47
1 18
28 63
4 19
2 15
29 49
5 79
3 57
30 69
6 24
4 54
31 65
7 24
5 94
32 65
8 13
6 53
33 66
9 19
7 88
34 98
10 17
8 33
35 96
11 84
9 95
36 32
12 21
10 59
37 56
13 49
11 19
38 63
14 70
12 96
39 76
15 24
13 46
40 15
16 98
14 69
41 16
17 63
15 60
42 71
18 44
16 54
43 48
19 13
17 20
44 41
20 85
18 33
45 97
21 92
19 24
46 54
22 11
20 58
47 76
23 55
21 68
48 34
24 84
22 68
49 67
25 75
23 45
50 13
24 74
51 13
1 58
27 50
52 15
2 93
28 60
26 41
53 22
3 49
29 79
27 54
54 97
4 34
30 52
28 81
55 39
5 99
31 83
29 73
56 61
6 11
32 58
30 54
57 35
7 37
33 54
31 97
58 36
8 28
34 17
32 25
59 49
9 75
35 26
33 75
60 80
10 27
36 18
34 37
61 59
11 38
37 10
35 89
62 23
12 41
38 19
36 20
63 74
13 41
39 58
37 50
64 54
14 67
40 58
38 13
65 79
15 19
41 78
39 65
66 13
16 96
42 12
40 89
67 84
17 66
43 10
41 79
68 89
18 33
44 66
42 43
69 24
19 39
45 18
43 60
70 45
20 75
46 91
44 30
71 57
21 54
47 42
45 85
72 71
22 18
48 15
46 20
73 100
23 98
49 66
47 43
74 81
24 75
50 24
48 59
75 17
25 85
49 69
76 33
26 42
52 21
77 67
27 36
53 82
51 90
78 95
28 11
54 69
52 68
79 29
29 74
55 26
53 44
80 89
30 21
56 35
54 99
81 100
31 85
57 63
55 59
82 59
32 40
58 60
56 87
83 41
33 34
59 28
57 95
84 13
34 82
60 48
58 90
85 76
35 32
61 49
59 64
86 78
36 36
62 68
60 25
87 91
37 10
63 77
61 86
88 12
38 53
64 85
62 19
89 69
39 91
65 12
63 25
90 61
40 48
66 99
64 90
91 16
41 33
67 53
65 68
92 89
42 80
68 42
66 52
93 76
43 78
69 45
67 44
94 63
44 84
70 87
68 47
95 60
45 62
71 67
69 57
96 10
46 95
72 10
70 31
97 79
47 49
73 17
71 24
98 16
48 83
74 11
72 72
99 55
49 56
75 66
73 55
100 49
50 69
74 89
101 76
51 74
77 13
102 82
52 36
78 86
76 65
103 87
53 38
79 49
77 13
104 67
54 59
80 45
78 78
105 79
55 46
81 41
79 19
106 100
56 53
82 62
80 86
107 19
57 39
83 78
81 84
108 19
58 46
84 62
82 70
109 70
59 80
85 73
83 65
110 98
60 16
86 24
84 44
111 30
61 69
87 52
85 28
112 100
62 85
88 59
86 10
113 76
63 77
89 56
87 34
114 47
64 90
90 70
88 44
115 34
65 52
91 82
89 22
116 31
66 81
92 61
90 37
117 16
67 37
93 63
91 58
118 77
68 49
94 58
92 62
119 25
69 96
95 41
93 79
120 32
70 95
96 29
94 58
121 31
71 100
97 33
95 45
122 22
72 90
98 23
96 36
123 70
73 92
99 45
97 82
124 72
74 43
100 77
98 59
125 87
75 44
99 90
126 95
76 40
102 86
127 66
77 72
103 86
101 98
128 36
78 92
104 40
102 24
129 23
79 85
105 27
103 58
130 36
80 80
106 78
104 76
131 85
81 45
107 80
105 10
132 51
82 54
108 55
106 69
133 46
83 99
109 95
107 10
134 45
84 39
110 97
108 92
135 67
85 65
111 34
109 77
136 44
86 31
112 39
110 82
137 82
87 91
113 60
111 95
138 37
88 55
114 15
112 94
139 84
89 94
115 30
113 95
140 19
90 17
116 53
114 75
141 33
91 45
117 34
115 97
142 73
92 19
118 97
116 11
143 83
93 78
119 41
117 40
144 97
94 95
120 43
118 56
145 46
95 37
121 30
119 20
146 24
96 91
122 21
120 26
147 58
97 34
123 81
121 95
148 30
98 44
124 96
122 70
149 58
99 100
125 61
123 99
150 34
100 71
124 99
151 100
101 13
127 27
152 67
102 67
128 98
126 88
153 17
103 49
129 69
127 30
154 74
104 47
130 22
128 60
155 100
105 47
131 78
129 24
156 48
106 11
132 16
130 87
157 25
107 14
133 81
131 77
158 45
108 14
134 66
132 80
159 15
109 38
135 58
133 60
160 77
110 23
136 58
134 40
161 55
111 31
137 43
135 44
162 46
112 46
138 96
136 15
163 12
113 30
139 37
137 91
164 52
114 75
140 62
138 100
165 49
115 55
141 65
139 39
166 47
116 65
142 77
140 91
167 53
117 16
143 75
141 17
168 42
118 14
144 89
142 12
169 65
119 19
145 73
143 42
170 45
120 28
146 54
144 79
171 82
121 60
147 50
145 64
172 34
122 39
148 59
146 71
173 90
123 36
149 45
147 25
174 49
124 50
150 93
148 50
175 49
125 22
149 69
176 71
126 46
152 54
177 92
127 22
153 57
151 91
178 45
128 71
154 24
152 67
179 35
129 15
155 99
153 68
180 66
130 22
156 75
154 49
181 83
131 51
157 59
155 99
182 37
132 17
158 92
156 39
183 99
133 66
159 18
157 48
184 94
134 22
160 62
158 28
185 58
135 93
161 94
159 12
186 52
136 66
162 94
160 85
187 99
137 18
163 60
161 28
188 51
138 49
164 33
162 68
189 13
139 48
165 96
163 78
190 46
140 55
166 95
164 23
191 11
141 92
167 64
165 56
192 70
142 90
168 94
166 47
193 13
143 100
169 80
167 32
194 47
144 17
170 64
168 100
195 77
145 21
171 71
169 23
196 72
146 86
172 53
170 34
197 63
147 55
173 88
171 15
198 55
148 52
174 27
172 60
199 51
149 74
175 92
173 77
200 79
150 52
174 18
201 25
151 45
177 34
202 50
152 15
178 52
176 14
203 64
153 94
179 31
177 96
204 27
154 86
180 50
178 56
205 96
155 90
181 44
179 25
206 73
156 75
182 42
180 70
207 78
157 27
183 99
181 72
208 42
158 49
184 21
182 32
209 87
159 53
185 38
183 58
210 57
160 97
186 47
184 59
211 68
161 73
187 73
185 50
212 22
162 45
188 71
186 28
213 12
163 97
189 46
187 17
214 68
164 40
190 96
188 86
215 25
165 40
191 32
189 23
216 44
166 26
192 79
190 92
217 90
167 32
193 78
191 99
218 71
168 28
194 98
192 52
219 90
169 79
195 59
193 79
220 14
170 78
196 23
194 57
221 10
171 25
197 83
195 22
222 85
172 76
198 42
196 53
223 84
173 96
199 36
197 27
224 84
174 83
200 25
198 72
225 77
175 63
199 40
226 52
176 14
202 90
227 44
177 69
203 65
201 92
228 81
178 69
204 23
202 75
229 33
179 89
205 26
203 98
230 51
180 19
206 76
204 37
231 67
181 55
207 34
205 37
232 58
182 99
208 77
206 22
233 82
183 55
209 48
207 22
234 80
184 12
210 46
208 90
235 95
185 16
211 41
209 80
236 14
186 85
212 39
210 23
237 58
187 58
213 97
211 24
238 32
188 37
214 98
212 12
239 64
189 37
215 55
213 35
240 12
190 77
216 25
214 80
241 72
191 56
217 23
215 17
242 29
192 91
218 100
216 27
243 22
193 33
219 37
217 39
244 17
194 87
220 89
218 24
245 32
195 81
221 87
219 50
246 98
196 89
222 62
220 94
247 96
197 75
223 89
221 29
248 85
198 44
224 60
222 48
249 79
199 27
225 65
223 90
250 72
200 77
224 73
251 96
201 97
227 57
252 68
202 19
228 21
226 72
253 44
203 24
229 53
227 80
254 15
204 49
230 45
228 96
255 46
205 35
231 63
229 52
256 32
206 41
232 21
230 78
257 98
207 44
233 36
231 68
258 46
208 35
234 35
232 24
259 100
209 84
235 84
233 74
260 83
210 43
236 82
234 79
261 54
211 10
237 93
235 73
262 10
212 66
238 33
236 29
263 19
213 98
239 55
237 82
264 37
214 21
240 33
238 54
265 25
215 98
241 14
239 24
266 40
216 75
242 79
240 51
267 63
217 95
243 52
241 82
268 20
218 20
244 92
242 46
269 71
219 39
245 84
243 62
270 62
220 12
246 65
244 73
271 65
221 25
247 29
245 90
272 56
222 81
248 91
246 47
273 55
223 62
249 70
247 74
274 81
224 46
250 89
248 50
275 16
225 41
249 65
276 37
226 93
252 73
277 58
227 90
253 56
251 12
278 100
228 89
254 58
252 55
279 88
229 68
255 12
253 13
280 63
230 26
256 17
254 27
281 89
231 100
257 82
255 38
282 64
232 100
258 51
256 81
283 88
233 48
259 89
257 24
284 94
234 12
260 28
258 42
285 24
235 72
261 10
259 71
286 21
236 16
262 90
260 66
287 48
237 47
263 40
261 12
288 81
238 95
264 23
262 53
289 90
239 96
265 77
263 13
290 99
240 40
266 84
264 44
291 37
241 82
267 11
265 79
292 80
242 30
268 72
266 67
293 31
243 68
269 68
267 72
294 13
244 76
270 87
268 75
295 16
245 40
271 71
269 27
296 38
246 39
272 44
270 45
297 14
247 22
273 78
271 96
298 77
248 38
274 69
272 46
299 70
249 59
275 67
273 63
300 80
250 21
274 52
301 34
251 19
277 51
302 67
252 35
278 71
276 38
303 100
253 52
279 55
277 37
304 90
254 53
280 61
278 88
305 21
255 75
281 91
279 92
306 10
256 23
282 49
280 46
307 20
257 61
283 37
281 25
308 77
258 12
284 69
282 33
309 12
259 71
285 21
283 64
310 10
260 67
286 39
284 16
311 43
261 60
287 40
285 89
312 74
262 90
288 26
286 76
313 87
263 94
289 36
287 78
314 98
264 33
290 58
288 77
315 82
265 56
291 19
289 64
316 23
266 31
292 56
290 47
317 48
267 62
293 38
291 80
318 70
268 22
294 94
292 72
319 13
269 47
295 48
293 25
320 95
270 40
296 21
294 12
321 15
271 74
297 25
295 26
322 82
272 50
298 26
296 75
323 36
273 68
299 15
297 80
324 16
274 91
300 21
298 80
325 52
275 62
299 20
326 25
276 33
302 28
327 99
277 93
303 24
301 15
328 91
278 80
304 47
302 29
329 100
279 29
305 33
303 62
330 46
280 69
306 46
304 56
331 73
281 18
307 69
305 70
332 28
282 26
308 32
306 60
333 94
283 21
309 52
307 37
334 99
284 57
310 23
308 50
335 56
285 49
311 55
309 90
336 85
286 88
312 72
310 23
337 63
287 54
313 92
311 71
338 61
288 51
314 77
312 27
339 81
289 48
315 41
313 87
340 27
290 29
316 54
314 97
341 48
291 61
317 27
315 48
342 67
292 96
318 69
316 61
343 27
293 40
319 14
317 89
344 42
294 70
320 98
318 94
345 31
295 51
321 97
319 24
346 40
296 68
322 83
320 48
347 42
297 11
323 85
321 27
348 95
298 86
324 45
322 18
349 35
299 45
325 42
323 24
350 32
300 13
324 98
351 73
301 97
327 21
352 70
302 13
328 76
326 67
353 40
303 44
329 94
327 99
354 82
304 91
330 91
328 63
355 22
305 32
331 88
329 73
356 81
306 84
332 66
330 58
357 24
307 76
333 58
331 24
358 50
308 72
334 17
332 36
359 15
309 79
335 22
333 39
360 83
310 63
336 67
334 83
361 76
311 65
337 23
335 90
362 85
312 83
338 94
336 79
363 17
313 48
339 77
337 69
364 43
314 81
340 88
338 19
365 61
315 94
341 56
339 13
366 74
316 94
342 86
340 72
367 69
317 43
343 19
341 72
368 24
318 37
344 82
342 28
369 11
319 97
345 75
343 95
370 54
320 93
346 61
344 33
371 97
321 26
347 88
345 83
372 40
322 59
348 83
346 88
373 86
323 83
349 67
347 72
374 85
324 30
350 30
348 89
375 55
325 30
349 44
376 44
326 41
352 69
377 45
327 42
353 51
351 51
378 99
328 98
354 74
352 54
379 60
329 97
355 40
353 49
380 31
330 94
356 94
354 72
381 11
331 13
357 100
355 72
382 58
332 82
358 32
356 28
383 65
333 83
359 46
357 90
384 51
334 43
360 34
358 49
385 45
335 95
361 96
359 39
386 19
336 91
362 85
360 33
387 91
337 51
363 15
361 66
388 35
338 57
364 51
362 93
389 45
339 26
365 87
363 40
390 26
340 70
366 32
364 52
391 25
341 74
367 39
365 17
392 32
342 73
368 13
366 63
393 96
343 96
369 71
367 78
394 33
344 52
370 64
368 50
395 34
345 56
371 34
369 19
396 28
346 42
372 27
370 99
397 65
347 65
373 81
371 12
398 32
348 40
374 77
372 24
399 12
349 32
375 75
373 11
400 88
350 61
374 38
401 71
351 31
377 11
402 84
352 20
378 25
376 17
403 88
353 52
379 32
377 31
404 97
354 96
380 47
378 32
405 66
355 37
381 91
379 80
406 42
356 79
382 80
380 71
407 45
357 69
383 82
381 81
408 64
358 45
384 47
382 24
409 77
359 53
385 20
383 63
410 31
360 26
386 37
384 73
411 30
361 87
387 51
385 12
412 64
362 50
388 49
386 87
413 99
363 34
389 53
387 68
414 67
364 13
390 27
388 14
415 34
365 58
391 47
389 88
416 91
366 26
392 17
390 74
417 48
367 17
393 86
391 55
418 85
368 84
394 48
392 99
419 49
369 39
395 30
393 15
420 79
370 84
396 85
394 20
421 64
371 42
397 55
395 24
422 24
372 76
398 93
396 31
423 95
373 60
399 51
397 61
424 25
374 34
400 37
398 73
425 48
375 82
399 88
426 77
376 60
402 84
427 73
377 46
403 13
401 50
428 18
378 64
404 59
402 84
429 97
379 71
405 27
403 50
430 18
380 55
406 85
404 17
431 20
381 61
407 16
405 64
432 49
382 69
408 50
406 36
433 67
383 10
409 29
407 61
434 73
384 98
410 42
408 62
435 44
385 46
411 67
409 100
436 66
386 35
412 68
410 73
437 57
387 17
413 59
411 80
438 84
388 17
414 11
412 61
439 48
389 23
415 38
413 56
440 18
390 62
416 55
414 73
441 14
391 85
417 82
415 59
442 51
392 97
418 89
416 35
443 25
393 45
419 21
417 15
444 19
394 91
420 80
418 71
445 67
395 80
421 38
419 38
446 51
396 23
422 46
420 93
447 65
397 50
423 16
421 83
448 29
398 88
424 92
422 32
449 29
399 88
425 41
423 77
450 10
400 67
424 17
451 79
401 93
427 39
452 64
402 36
428 93
426 51
453 57
403 24
429 63
427 40
454 65
404 50
430 60
428 25
455 76
405 69
431 75
429 20
456 61
406 53
432 76
430 55
457 83
407 30
433 34
431 83
458 75
408 93
434 75
432 11
459 56
409 28
435 25
433 96
460 31
410 52
436 72
434 92
461 82
411 65
437 33
435 59
462 16
412 100
438 39
436 65
463 92
413 98
439 49
437 87
464 81
414 57
440 89
438 19
465 99
415 98
441 44
439 12
466 49
416 48
442 81
440 44
467 31
417 66
443 32
441 54
468 65
418 94
444 60
442 59
469 26
419 55
445 15
443 23
470 23
420 31
446 76
444 13
471 11
421 31
447 10
445 71
472 94
422 57
448 32
446 43
473 91
423 79
449 44
447 77
474 100
424 41
450 90
448 98
475 45
425 55
449 13
476 74
426 77
452 84
477 17
427 27
453 58
451 69
478 15
428 39
454 95
452 72
479 91
429 31
455 82
453 90
480 48
430 96
456 60
454 58
481 69
431 83
457 36
455 69
482 82
432 96
458 57
456 32
483 55
433 51
459 90
457 32
484 45
434 47
460 23
458 91
485 56
435 31
461 93
459 81
486 29
436 95
462 42
460 14
487 51
437 10
463 25
461 79
488 28
438 17
464 74
462 83
489 98
439 54
465 86
463 16
490 60
440 77
466 58
464 30
491 74
441 11
467 31
465 80
492 83
442 64
468 99
466 21
493 11
443 32
469 42
467 57
494 66
444 56
470 26
468 49
495 86
445 98
471 29
469 36
496 59
446 87
472 72
470 98
497 29
447 49
473 20
471 21
498 96
448 78
474 62
472 68
499 64
449 92
475 96
473 97
500 98
450 62
474 50
501 93
451 19
477 43
502 38
452 95
478 49
476 59
503 28
453 35
479 54
477 80
504 20
454 63
480 13
478 55
505 89
455 15
481 47
479 40
506 14
456 14
482 61
480 76
507 36
457 29
483 25
481 49
508 95
458 31
484 52
482 34
509 42
459 94
485 48
483 39
510 76
460 14
486 20
484 22
511 75
461 16
487 20
485 42
512 78
462 92
488 36
486 84
513 80
463 19
489 80
487 97
514 62
464 91
490 79
488 26
515 13
465 42
491 61
489 86
516 58
466 79
492 21
490 76
517 93
467 47
493 90
491 99
518 86
468 62
494 51
492 72
519 47
469 59
495 26
493 54
520 93
470 40
496 57
494 45
521 72
471 90
497 96
495 22
522 23
472 64
498 19
496 59
523 72
473 90
499 36
497 65
524 72
474 55
500 44
498 26
525 15
475 84
499 10
526 17
476 30
502 27
527 95
477 54
503 37
501 91
528 59
478 21
504 71
502 28
529 19
479 40
505 70
503 94
530 87
480 63
506 85
504 97
531 21
481 31
507 22
505 70
532 91
482 64
508 85
506 31
533 53
483 86
509 52
507 18
534 74
484 99
510 72
508 33
535 13
485 28
511 88
509 90
536 61
486 42
512 53
510 49
537 19
487 93
513 96
511 16
538 47
488 12
514 56
512 51
539 41
489 76
515 22
513 37
540 61
490 86
516 79
514 41
541 61
491 21
517 27
515 85
542 78
492 61
518 10
516 25
543 18
493 77
519 30
517 15
544 92
494 56
520 75
518 32
545 100
495 86
521 16
519 27
546 47
496 35
522 90
520 18
547 12
497 52
523 48
521 72
548 77
498 21
524 30
522 33
549 100
499 26
525 84
523 24
550 92
500 39
524 96
551 98
501 67
527 25
552 88
502 75
528 45
526 12
553 49
503 11
529 73
527 61
554 10
504 16
530 46
528 20
555 91
505 54
531 17
529 79
556 54
506 42
532 90
530 89
557 57
507 81
533 31
531 30
558 52
508 77
534 84
532 70
559 32
509 23
535 15
533 54
560 55
510 26
536 58
534 48
561 84
511 99
537 62
535 67
562 89
512 53
538 23
536 71
563 60
513 81
539 75
537 51
564 27
514 60
540 31
538 44
565 74
515 23
541 54
539 48
566 82
516 82
542 61
540 50
567 96
517 11
543 37
541 10
568 89
518 95
544 37
542 81
569 48
519 18
545 30
543 74
570 60
520 32
546 64
544 30
571 39
521 94
547 57
545 13
572 30
522 89
548 91
546 48
573 58
523 43
549 54
547 38
574 44
524 69
550 37
548 71
575 16
525 50
549 28
576 97
526 85
552 30
577 82
527 64
553 82
551 10
578 17
528 26
554 25
552 72
579 74
529 63
555 84
553 74
580 83
530 74
556 86
554 16
581 79
531 61
557 63
555 69
582 50
532 50
558 42
556 23
583 67
533 48
559 23
557 50
584 60
534 28
560 12
558 77
585 58
535 16
561 96
559 63
586 61
536 45
562 11
560 53
587 87
537 91
563 34
561 83
588 29
538 94
564 36
562 97
589 30
539 52
565 72
563 51
590 58
540 32
566 22
564 51
591 57
541 10
567 85
565 23
592 46
542 73
568 89
566 23
593 53
543 88
569 96
567 14
594 100
544 42
570 55
568 99
595 48
545 49
571 56
569 59
596 25
546 50
572 76
570 47
597 84
547 28
573 77
571 100
598 55
548 40
574 69
572 69
599 50
549 60
575 11
573 12
600 54
550 93
574 38
601 92
551 77
577 13
602 46
552 27
578 79
576 99
603 44
553 50
579 87
577 86
604 76
554 13
580 48
578 66
605 77
555 34
581 100
579 24
606 44
556 100
582 91
580 77
607 73
557 35
583 53
581 34
608 80
558 35
584 49
582 85
609 45
559 59
585 19
583 95
610 92
560 59
586 32
584 62
611 47
561 19
587 94
585 36
612 91
562 55
588 85
586 56
613 54
563 58
589 90
587 45
614 28
564 97
590 94
588 64
615 93
565 86
591 81
589 37
616 15
566 11
592 32
590 72
617 17
567 37
593 79
591 36
618 19
568 61
594 22
592 10
619 66
569 71
595 79
593 70
620 19
570 86
596 27
594 85
621 84
571 51
597 92
595 77
622 54
572 90
598 47
596 87
623 58
573 78
599 20
597 93
624 15
574 91
600 38
598 91
625 47
575 39
599 87
576 42
602 14
577 42
603 63
601 10
578 63
604 56
602 26
579 15
605 69
603 88
580 10
606 95
604 94
581 74
607 91
605 61
582 91
608 59
606 42
583 43
609 75
607 42
584 15
610 17
608 49
585 76
611 67
609 31
586 63
612 53
610 64
587 21
613 84
611 64
588 68
614 59
612 92
589 21
615 37
613 26
590 37
616 41
614 47
591 52
617 49
615 57
592 48
618 55
616 41
593 60
619 55
617 26
594 19
620 22
618 26
595 34
621 42
619 15
596 94
622 81
620 78
597 54
623 11
621 67
598 57
624 14
622 29
599 23
625 64
623 58
600 75
624 83
128
366
1 128 
1 389 
2 470 274 
1 395 
3 189 105 263 
2 533 84 
1 248 
1 386 
1 342 
2 116 144 
2 289 300 
3 135 371 122 
2 592 383 
2 230 624 
2 480 158 
1 38 
1 173 
4 442 209 322 199 
1 303 
1 382 
1 1 
2 101 531 
2 220 232 
5 353 108 337 359 394 
1 309 
4 352 455 477 617 
2 507 299 
1 368 
1 559 
2 37 373 
2 430 166 
2 244 88 
1 614 
1 601 
1 305 
2 231 577 
4 142 472 129 51 
3 306 425 445 
1 534 
2 293 151 
1 335 
2 298 13 
1 573 
3 76 427 619 
1 170 
3 68 566 625 
4 182 467 172 107 
3 249 350 621 
1 238 
2 54 29 
2 361 362 
2 5 424 
1 493 
1 205 
2 515 264 
5 413 360 165 555 457 
2 540 523 
1 160 
2 242 22 
2 346 153 
2 216 176 
1 152 
2 217 459 
1 496 
3 65 588 35 
1 537 
3 169 155 327 
2 419 218 
3 221 486 313 
2 463 579 
2 121 609 
1 90 
1 490 
3 536 567 321 
2 179 258 
3 103 71 197 
2 528 452 
2 213 259 
1 522 
2 516 87 
1 183 
1 549 
1 590 
2 167 374 
1 532 
2 584 357 
2 89 414 
2 604 610 
2 33 291 
1 487 
1 254 
1 260 
1 304 
2 118 80 
4 323 597 569 328 
1 365 
1 407 
1 436 
1 326 
2 98 70 
3 334 574 56 
2 381 474 
3 19 508 476 
1 333 
1 364 
2 58 78 
2 271 399 
1 31 
2 269 405 
2 307 582 
1 130 
3 28 162 514 
1 408 
2 431 454 
3 447 378 618 
2 446 272 
1 79 
2 195 366 
