144 528 10 100 27
2
3
3
3
3
3
3
3
3
3
3
2
3
4
4
4
4
4
4
4
4
4
4
3
3
4
4
4
4
4
4
4
4
4
4
3
3
4
4
4
4
4
4
4
4
4
4
3
3
4
4
4
4
4
4
4
4
4
4
3
3
4
4
4
4
4
4
4
4
4
4
3
3
4
4
4
4
4
4
4
4
4
4
3
3
4
4
4
4
4
4
4
4
4
4
3
3
4
4
4
4
4
4
4
4
4
4
3
3
4
4
4
4
4
4
4
4
4
4
3
3
4
4
4
4
4
4
4
4
4
4
3
2
3
3
3
3
3
3
3
3
3
3
2
13 74
2 29
14 39
3 21
1 11
15 41
4 39
2 21
16 79
5 71
3 73
17 17
6 58
4 86
18 38
7 99
5 55
19 26
8 10
6 63
20 59
9 59
7 76
21 59
10 82
8 30
22 52
11 68
9 62
23 69
12 81
10 18
24 32
11 19
25 43
1 32
14 39
26 34
2 14
15 91
13 26
27 23
3 25
16 81
14 22
28 43
4 76
17 55
15 95
29 94
5 43
18 23
16 79
30 38
6 94
19 24
17 78
31 73
7 85
20 22
18 14
32 70
8 11
21 41
19 56
33 33
9 65
22 24
20 95
34 80
10 80
23 57
21 87
35 11
11 53
24 54
22 28
36 87
12 74
23 26
37 30
13 62
26 91
38 38
14 76
27 22
25 48
39 83
15 99
28 16
26 22
40 90
16 88
29 26
27 61
41 49
17 70
30 55
28 22
42 20
18 36
31 35
29 64
43 85
19 93
32 27
30 56
44 52
20 81
33 100
31 100
45 53
21 71
34 62
32 100
46 41
22 36
35 94
33 14
47 83
23 96
36 16
34 27
48 47
24 38
35 37
49 50
25 60
38 26
50 24
26 55
39 71
37 47
51 100
27 94
40 69
38 31
52 19
28 84
41 58
39 40
53 28
29 52
42 56
40 90
54 64
30 29
43 87
41 24
55 71
31 11
44 30
42 12
56 14
32 17
45 74
43 72
57 70
33 84
46 95
44 80
58 36
34 35
47 24
45 73
59 38
35 85
48 10
46 53
60 67
36 36
47 13
61 30
37 59
50 38
62 74
38 12
51 47
49 88
63 61
39 68
52 78
50 81
64 90
40 68
53 30
51 23
65 31
41 17
54 39
52 89
66 61
42 75
55 23
53 76
67 42
43 52
56 32
54 20
68 54
44 48
57 11
55 30
69 60
45 83
58 13
56 81
70 73
46 93
59 26
57 99
71 63
47 77
60 93
58 63
72 43
48 53
59 39
73 18
49 17
62 55
74 78
50 56
63 50
61 100
75 71
51 17
64 36
62 58
76 25
52 55
65 91
63 15
77 96
53 56
66 16
64 55
78 83
54 63
67 44
65 94
79 36
55 42
68 34
66 97
80 80
56 83
69 29
67 35
81 48
57 75
70 39
68 61
82 14
58 63
71 44
69 44
83 12
59 48
72 11
70 76
84 72
60 92
71 58
85 94
61 33
74 39
86 34
62 41
75 69
73 16
87 47
63 96
76 53
74 48
88 52
64 34
77 84
75 47
89 87
65 85
78 100
76 89
90 44
66 25
79 80
77 82
91 17
67 36
80 69
78 25
92 82
68 83
81 65
79 58
93 67
69 83
82 43
80 94
94 65
70 11
83 92
81 37
95 36
71 48
84 83
82 89
96 23
72 91
83 48
97 36
73 12
86 16
98 22
74 45
87 34
85 14
99 59
75 53
88 25
86 75
100 76
76 80
89 34
87 33
101 46
77 66
90 52
88 93
102 56
78 84
91 85
89 16
103 32
79 19
92 96
90 86
104 16
80 18
93 24
91 15
105 99
81 72
94 60
92 49
106 31
82 66
95 50
93 68
107 82
83 86
96 52
94 80
108 90
84 26
95 88
109 43
85 64
98 63
110 22
86 92
99 58
97 81
111 58
87 45
100 42
98 60
112 15
88 20
101 42
99 16
113 22
89 17
102 41
100 75
114 81
90 23
103 60
101 24
115 54
91 39
104 23
102 31
116 13
92 40
105 87
103 100
117 75
93 76
106 70
104 89
118 68
94 23
107 62
105 85
119 56
95 46
108 37
106 58
120 12
96 43
107 15
121 96
97 100
110 69
122 98
98 44
111 95
109 25
123 60
99 99
112 74
110 36
124 60
100 94
113 23
111 89
125 94
101 92
114 60
112 12
126 36
102 84
115 59
113 65
127 30
103 18
116 22
114 19
128 72
104 35
117 87
115 59
129 41
105 12
118 73
116 56
130 73
106 60
119 57
117 39
131 15
107 55
120 82
118 62
132 99
108 11
119 38
133 41
109 84
122 11
134 55
110 25
123 76
121 58
135 79
111 92
124 26
122 48
136 44
112 97
125 79
123 93
137 89
113 23
126 95
124 21
138 56
114 98
127 18
125 27
139 20
115 76
128 35
126 15
140 90
116 44
129 24
127 54
141 13
117 16
130 86
128 80
142 85
118 81
131 80
129 10
143 46
119 88
132 42
130 73
144 51
120 89
131 43
121 83
134 80
122 67
135 97
133 26
123 74
136 15
134 19
124 47
137 17
135 93
125 31
138 21
136 11
126 28
139 98
137 84
127 20
140 20
138 22
128 87
141 26
139 30
129 13
142 61
140 85
130 85
143 28
141 82
131 73
144 82
142 86
132 80
143 71
2
105
3 5 70 2 
1 69 
3 42 74 84 
1 21 
1 52 
3 91 17 134 
2 128 39 
4 76 35 24 47 
1 127 
1 80 
3 141 46 106 
1 4 
1 73 
2 10 118 
2 8 99 
1 112 
3 82 86 64 
1 36 
2 119 43 
2 22 49 
2 78 56 
2 96 23 
2 88 61 
1 93 
1 28 
2 45 51 
2 126 105 
