100 342 11 100 19
2
3
3
2
3
4
4
3
3
4
4
3
3
4
4
3
3
4
4
3
3
4
4
3
3
4
4
3
3
4
4
3
3
4
4
3
3
4
4
3
3
4
4
3
3
4
4
3
3
4
4
3
3
4
4
3
3
4
4
3
3
4
4
3
3
4
4
3
3
4
4
3
3
4
4
3
3
4
4
3
3
4
4
3
3
4
4
3
3
4
4
3
3
4
4
3
2
3
3
2
5 77
2 29
6 22
3 25
1 23
7 33
4 66
2 24
8 62
3 64
9 25
1 38
6 94
10 19
2 12
7 46
5 75
11 15
3 79
8 82
6 93
12 80
4 66
7 43
13 25
5 59
10 33
14 18
6 36
11 61
9 51
15 73
7 59
12 97
10 67
16 13
8 53
11 37
17 86
9 83
14 51
18 30
10 32
15 40
13 66
19 60
11 89
16 58
14 73
20 48
12 79
15 78
21 48
13 41
18 63
22 31
14 81
19 45
17 68
23 47
15 74
20 20
18 77
24 91
16 40
19 84
25 47
17 32
22 51
26 51
18 27
23 51
21 60
27 65
19 65
24 92
22 36
28 19
20 23
23 42
29 46
21 24
26 95
30 50
22 62
27 54
25 96
31 26
23 48
28 44
26 40
32 69
24 68
27 86
33 70
25 70
30 77
34 75
26 37
31 81
29 37
35 82
27 60
32 80
30 76
36 61
28 38
31 46
37 58
29 62
34 99
38 91
30 81
35 84
33 48
39 41
31 20
36 73
34 52
40 30
32 56
35 49
41 63
33 87
38 100
42 81
34 49
39 27
37 42
43 15
35 64
40 42
38 81
44 60
36 19
39 78
45 14
37 11
42 19
46 23
38 84
43 85
41 44
47 55
39 90
44 61
42 45
48 88
40 35
43 11
49 17
41 21
46 40
50 77
42 40
47 65
45 14
51 53
43 25
48 22
46 55
52 50
44 55
47 20
53 18
45 69
50 35
54 78
46 18
51 92
49 16
55 19
47 40
52 13
50 98
56 42
48 35
51 25
57 37
49 30
54 14
58 94
50 28
55 17
53 27
59 98
51 81
56 41
54 22
60 98
52 30
55 30
61 37
53 79
58 12
62 50
54 68
59 79
57 26
63 47
55 87
60 40
58 28
64 41
56 26
59 99
65 58
57 69
62 81
66 69
58 96
63 80
61 51
67 74
59 23
64 41
62 24
68 49
60 80
63 61
69 93
61 71
66 17
70 43
62 47
67 26
65 64
71 43
63 48
68 43
66 78
72 66
64 85
67 92
73 27
65 62
70 45
74 21
66 27
71 42
69 27
75 66
67 45
72 54
70 86
76 64
68 23
71 43
77 76
69 98
74 23
78 84
70 12
75 23
73 89
79 61
71 91
76 94
74 37
80 95
72 52
75 62
81 90
73 19
78 25
82 25
74 26
79 100
77 92
83 44
75 90
80 66
78 67
84 20
76 15
79 19
85 68
77 41
82 11
86 76
78 59
83 24
81 83
87 20
79 54
84 29
82 96
88 57
80 65
83 37
89 94
81 86
86 66
90 41
82 83
87 72
85 56
91 80
83 54
88 27
86 99
92 84
84 96
87 46
93 98
85 99
90 79
94 37
86 88
91 44
89 88
95 79
87 57
92 100
90 16
96 34
88 51
91 96
97 82
89 39
94 18
98 20
90 90
95 24
93 63
99 53
91 63
96 28
94 51
100 22
92 37
95 72
93 95
98 34
94 68
99 42
97 47
95 67
100 13
98 12
96 66
99 30
69
54
2 96 69 
2 25 89 
2 66 44 
1 7 
1 23 
2 90 58 
1 9 
2 59 4 
1 22 
2 33 63 
3 65 86 24 
3 18 98 67 
3 79 45 49 
4 11 12 43 99 
2 84 41 
1 87 
1 47 
1 48 
1 54 
