625 2400 10 100 118
2
3
3
3
3
3
3
3
3
3
3
3
3
3
3
3
3
3
3
3
3
3
3
3
2
3
4
4
4
4
4
4
4
4
4
4
4
4
4
4
4
4
4
4
4
4
4
4
4
3
3
4
4
4
4
4
4
4
4
4
4
4
4
4
4
4
4
4
4
4
4
4
4
4
3
3
4
4
4
4
4
4
4
4
4
4
4
4
4
4
4
4
4
4
4
4
4
4
4
3
3
4
4
4
4
4
4
4
4
4
4
4
4
4
4
4
4
4
4
4
4
4
4
4
3
3
4
4
4
4
4
4
4
4
4
4
4
4
4
4
4
4
4
4
4
4
4
4
4
3
3
4
4
4
4
4
4
4
4
4
4
4
4
4
4
4
4
4
4
4
4
4
4
4
3
3
4
4
4
4
4
4
4
4
4
4
4
4
4
4
4
4
4
4
4
4
4
4
4
3
3
4
4
4
4
4
4
4
4
4
4
4
4
4
4
4
4
4
4
4
4
4
4
4
3
3
4
4
4
4
4
4
4
4
4
4
4
4
4
4
4
4
4
4
4
4
4
4
4
3
3
4
4
4
4
4
4
4
4
4
4
4
4
4
4
4
4
4
4
4
4
4
4
4
3
3
4
4
4
4
4
4
4
4
4
4
4
4
4
4
4
4
4
4
4
4
4
4
4
3
3
4
4
4
4
4
4
4
4
4
4
4
4
4
4
4
4
4
4
4
4
4
4
4
3
3
4
4
4
4
4
4
4
4
4
4
4
4
4
4
4
4
4
4
4
4
4
4
4
3
3
4
4
4
4
4
4
4
4
4
4
4
4
4
4
4
4
4
4
4
4
4
4
4
3
3
4
4
4
4
4
4
4
4
4
4
4
4
4
4
4
4
4
4
4
4
4
4
4
3
3
4
4
4
4
4
4
4
4
4
4
4
4
4
4
4
4
4
4
4
4
4
4
4
3
3
4
4
4
4
4
4
4
4
4
4
4
4
4
4
4
4
4
4
4
4
4
4
4
3
3
4
4
4
4
4
4
4
4
4
4
4
4
4
4
4
4
4
4
4
4
4
4
4
3
3
4
4
4
4
4
4
4
4
4
4
4
4
4
4
4
4
4
4
4
4
4
4
4
3
3
4
4
4
4
4
4
4
4
4
4
4
4
4
4
4
4
4
4
4
4
4
4
4
3
3
4
4
4
4
4
4
4
4
4
4
4
4
4
4
4
4
4
4
4
4
4
4
4
3
3
4
4
4
4
4
4
4
4
4
4
4
4
4
4
4
4
4
4
4
4
4
4
4
3
3
4
4
4
4
4
4
4
4
4
4
4
4
4
4
4
4
4
4
4
4
4
4
4
3
2
3
3
3
3
3
3
3
3
3
3
3
3
3
3
3
3
3
3
3
3
3
3
3
2
26 41
2 29
27 85
3 63
1 30
28 39
4 21
2 43
29 90
5 45
3 45
30 64
6 51
4 79
31 51
7 72
5 91
32 94
8 11
6 52
33 45
9 30
7 57
34 29
10 79
8 14
35 24
11 41
9 58
36 44
12 35
10 72
37 67
13 81
11 99
38 23
14 84
12 64
39 52
15 31
13 98
40 14
16 10
14 10
41 28
17 71
15 60
42 30
18 63
16 26
43 79
19 75
17 79
44 36
20 59
18 58
45 98
21 29
19 46
46 96
22 13
20 69
47 78
23 23
21 37
48 87
24 99
22 69
49 77
25 42
23 99
50 35
24 85
51 39
1 47
27 50
52 84
2 49
28 62
26 96
53 95
3 61
29 16
27 35
54 75
4 46
30 21
28 96
55 95
5 58
31 34
29 56
56 30
6 52
32 58
30 65
57 75
7 40
33 23
31 67
58 19
8 89
34 85
32 11
59 41
9 16
35 23
33 35
60 49
10 64
36 63
34 40
61 72
11 87
37 99
35 88
62 72
12 85
38 69
36 81
63 66
13 26
39 89
37 12
64 81
14 25
40 39
38 46
65 32
15 35
41 28
39 43
66 10
16 90
42 70
40 75
67 30
17 71
43 77
41 16
68 54
18 89
44 86
42 12
69 48
19 39
45 96
43 61
70 86
20 75
46 63
44 73
71 96
21 67
47 38
45 72
72 24
22 45
48 11
46 58
73 40
23 62
49 69
47 96
74 20
24 55
50 71
48 16
75 89
25 19
49 82
76 38
26 35
52 87
77 43
27 40
53 58
51 72
78 20
28 38
54 12
52 66
79 45
29 48
55 36
53 47
80 45
30 61
56 20
54 75
81 100
31 44
57 43
55 60
82 69
32 79
58 74
56 45
83 72
33 39
59 79
57 39
84 36
34 75
60 21
58 55
85 19
35 29
61 59
59 27
86 17
36 23
62 95
60 11
87 52
37 32
63 80
61 30
88 30
38 12
64 86
62 23
89 43
39 97
65 33
63 38
90 83
40 95
66 14
64 81
91 12
41 70
67 73
65 37
92 66
42 65
68 36
66 95
93 16
43 93
69 72
67 85
94 15
44 35
70 48
68 66
95 78
45 27
71 40
69 99
96 97
46 71
72 54
70 18
97 83
47 51
73 37
71 57
98 20
48 53
74 51
72 82
99 74
49 46
75 50
73 16
100 26
50 26
74 35
101 57
51 40
77 78
102 69
52 17
78 78
76 17
103 90
53 67
79 87
77 59
104 46
54 54
80 21
78 43
105 60
55 52
81 14
79 19
106 97
56 47
82 24
80 30
107 10
57 33
83 56
81 34
108 68
58 75
84 50
82 83
109 48
59 62
85 81
83 50
110 19
60 64
86 21
84 15
111 33
61 29
87 69
85 87
112 64
62 69
88 45
86 49
113 22
63 30
89 52
87 28
114 28
64 26
90 79
88 98
115 87
65 82
91 91
89 39
116 56
66 83
92 13
90 82
117 92
67 60
93 16
91 70
118 57
68 52
94 86
92 98
119 77
69 57
95 33
93 84
120 91
70 31
96 55
94 42
121 79
71 10
97 50
95 21
122 43
72 69
98 53
96 88
123 44
73 30
99 69
97 81
124 65
74 68
100 12
98 85
125 52
75 49
99 86
126 28
76 81
102 16
127 60
77 89
103 14
101 93
128 76
78 59
104 63
102 78
129 86
79 16
105 11
103 33
130 93
80 94
106 83
104 30
131 58
81 15
107 81
105 16
132 12
82 72
108 14
106 23
133 62
83 13
109 39
107 36
134 43
84 78
110 93
108 57
135 45
85 61
111 71
109 66
136 97
86 89
112 28
110 36
137 14
87 43
113 54
111 22
138 31
88 83
114 74
112 13
139 75
89 76
115 41
113 40
140 83
90 69
116 73
114 27
141 35
91 17
117 96
115 44
142 16
92 29
118 91
116 13
143 40
93 14
119 78
117 99
144 88
94 19
120 77
118 12
145 57
95 51
121 91
119 73
146 91
96 85
122 11
120 75
147 41
97 59
123 52
121 69
148 50
98 28
124 59
122 86
149 43
99 13
125 89
123 39
150 55
100 57
124 65
151 38
101 22
127 15
152 93
102 42
128 98
126 76
153 81
103 64
129 79
127 40
154 65
104 74
130 16
128 86
155 38
105 89
131 37
129 100
156 10
106 84
132 20
130 38
157 71
107 71
133 40
131 83
158 24
108 12
134 28
132 80
159 48
109 30
135 17
133 75
160 77
110 49
136 40
134 77
161 51
111 96
137 96
135 80
162 92
112 88
138 31
136 89
163 64
113 16
139 21
137 27
164 75
114 71
140 13
138 52
165 92
115 75
141 87
139 80
166 55
116 90
142 14
140 85
167 88
117 35
143 77
141 14
168 64
118 99
144 25
142 78
169 46
119 83
145 57
143 30
170 63
120 50
146 11
144 21
171 100
121 96
147 45
145 39
172 39
122 58
148 38
146 59
173 25
123 27
149 26
147 89
174 86
124 79
150 48
148 60
175 96
125 44
149 38
176 53
126 60
152 79
177 74
127 68
153 37
151 56
178 94
128 82
154 30
152 80
179 56
129 39
155 98
153 50
180 100
130 22
156 65
154 33
181 65
131 76
157 22
155 88
182 27
132 43
158 57
156 57
183 23
133 17
159 68
157 46
184 78
134 41
160 93
158 99
185 64
135 53
161 47
159 18
186 42
136 91
162 84
160 44
187 55
137 77
163 35
161 32
188 41
138 99
164 92
162 23
189 93
139 95
165 40
163 12
190 66
140 60
166 96
164 35
191 53
141 21
167 98
165 97
192 53
142 63
168 60
166 69
193 76
143 33
169 71
167 21
194 25
144 80
170 11
168 39
195 72
145 10
171 65
169 86
196 38
146 91
172 43
170 60
197 95
147 10
173 82
171 31
198 29
148 97
174 51
172 15
199 53
149 63
175 60
173 23
200 90
150 41
174 97
201 31
151 16
177 80
202 83
152 41
178 95
176 16
203 65
153 76
179 97
177 55
204 92
154 30
180 12
178 62
205 97
155 81
181 90
179 34
206 51
156 77
182 85
180 47
207 91
157 10
183 77
181 17
208 83
158 91
184 96
182 73
209 77
159 27
185 32
183 51
210 77
160 17
186 43
184 25
211 77
161 51
187 36
185 11
212 20
162 97
188 45
186 71
213 96
163 73
189 32
187 40
214 38
164 37
190 16
188 100
215 79
165 40
191 36
189 69
216 47
166 24
192 36
190 62
217 47
167 87
193 78
191 71
218 15
168 93
194 47
192 50
219 90
169 14
195 51
193 87
220 61
170 39
196 57
194 30
221 81
171 19
197 37
195 61
222 78
172 26
198 28
196 19
223 60
173 50
199 68
197 16
224 12
174 71
200 73
198 32
225 57
175 52
199 45
226 62
176 51
202 16
227 58
177 70
203 80
201 31
228 79
178 15
204 73
202 89
229 48
179 79
205 52
203 57
230 24
180 62
206 40
204 82
231 77
181 26
207 37
205 81
232 34
182 46
208 91
206 15
233 10
183 65
209 49
207 12
234 56
184 100
210 19
208 56
235 66
185 70
211 18
209 14
236 19
186 78
212 82
210 79
237 28
187 12
213 81
211 77
238 39
188 29
214 83
212 70
239 55
189 25
215 29
213 25
240 85
190 74
216 36
214 79
241 23
191 84
217 22
215 84
242 60
192 75
218 48
216 50
243 60
193 83
219 13
217 70
244 18
194 90
220 80
218 12
245 25
195 44
221 15
219 31
246 68
196 42
222 97
220 98
247 18
197 42
223 91
221 81
248 48
198 53
224 21
222 65
249 69
199 43
225 15
223 44
250 68
200 56
224 28
251 93
201 18
227 96
252 54
202 87
228 90
226 71
253 51
203 69
229 46
227 91
254 58
204 70
230 52
228 29
255 88
205 59
231 96
229 25
256 68
206 55
232 49
230 69
257 78
207 29
233 13
231 94
258 84
208 23
234 31
232 63
259 71
209 27
235 89
233 28
260 85
210 50
236 63
234 14
261 80
211 75
237 53
235 45
262 52
212 17
238 77
236 71
263 11
213 46
239 57
237 40
264 17
214 50
240 67
238 49
265 42
215 14
241 69
239 85
266 95
216 67
242 64
240 64
267 84
217 29
243 97
241 42
268 88
218 40
244 29
242 28
269 28
219 83
245 82
243 84
270 57
220 56
246 42
244 85
271 40
221 27
247 72
245 10
272 74
222 41
248 14
246 97
273 100
223 89
249 11
247 97
274 82
224 78
250 80
248 43
275 33
225 84
249 100
276 11
226 58
252 29
277 27
227 46
253 81
251 98
278 42
228 99
254 63
252 72
279 83
229 73
255 96
253 36
280 43
230 11
256 80
254 51
281 20
231 87
257 36
255 58
282 52
232 84
258 27
256 53
283 30
233 99
259 23
257 68
284 45
234 74
260 97
258 24
285 34
235 22
261 39
259 77
286 73
236 38
262 42
260 89
287 37
237 25
263 68
261 67
288 66
238 87
264 49
262 52
289 21
239 61
265 13
263 83
290 47
240 56
266 53
264 71
291 36
241 80
267 67
265 77
292 12
242 89
268 97
266 75
293 73
243 86
269 12
267 55
294 51
244 48
270 60
268 19
295 66
245 23
271 92
269 81
296 66
246 96
272 45
270 57
297 100
247 59
273 27
271 94
298 91
248 41
274 78
272 49
299 88
249 13
275 68
273 85
300 61
250 54
274 82
301 73
251 48
277 82
302 33
252 21
278 54
276 59
303 15
253 23
279 27
277 55
304 69
254 44
280 87
278 30
305 50
255 67
281 38
279 59
306 68
256 51
282 97
280 95
307 35
257 92
283 25
281 54
308 42
258 73
284 51
282 42
309 19
259 80
285 79
283 99
310 54
260 43
286 33
284 34
311 27
261 15
287 52
285 35
312 59
262 71
288 64
286 20
313 12
263 79
289 32
287 68
314 13
264 41
290 25
288 79
315 57
265 88
291 68
289 53
316 40
266 33
292 49
290 51
317 86
267 28
293 74
291 36
318 88
268 18
294 37
292 23
319 31
269 44
295 56
293 54
320 96
270 92
296 90
294 72
321 15
271 60
297 71
295 82
322 88
272 16
298 96
296 29
323 63
273 100
299 43
297 61
324 51
274 44
300 42
298 32
325 17
275 37
299 56
326 50
276 89
302 22
327 70
277 21
303 100
301 37
328 33
278 92
304 92
302 52
329 24
279 28
305 10
303 78
330 52
280 71
306 63
304 91
331 53
281 92
307 94
305 99
332 34
282 11
308 48
306 46
333 64
283 16
309 44
307 98
334 93
284 55
310 70
308 28
335 60
285 82
311 17
309 21
336 92
286 75
312 66
310 45
337 75
287 87
313 70
311 14
338 45
288 100
314 31
312 86
339 55
289 79
315 23
313 13
340 49
290 10
316 31
314 12
341 85
291 29
317 77
315 46
342 43
292 69
318 46
316 59
343 49
293 88
319 94
317 75
344 26
294 75
320 15
318 39
345 19
295 26
321 78
319 38
346 47
296 38
322 33
320 61
347 64
297 38
323 47
321 19
348 38
298 32
324 74
322 32
349 100
299 67
325 62
323 47
350 12
300 62
324 65
351 86
301 43
327 51
352 24
302 63
328 75
326 15
353 41
303 92
329 36
327 58
354 100
304 49
330 79
328 97
355 43
305 17
331 12
329 11
356 21
306 33
332 68
330 65
357 66
307 83
333 12
331 66
358 89
308 99
334 16
332 18
359 94
309 48
335 96
333 78
360 19
310 16
336 71
334 14
361 20
311 64
337 40
335 68
362 36
312 20
338 67
336 60
363 90
313 41
339 10
337 78
364 65
314 31
340 19
338 90
365 53
315 51
341 71
339 10
366 69
316 34
342 38
340 22
367 97
317 43
343 14
341 21
368 83
318 37
344 12
342 94
369 47
319 18
345 57
343 93
370 46
320 89
346 40
344 28
371 21
321 16
347 66
345 63
372 40
322 27
348 53
346 68
373 21
323 79
349 77
347 39
374 63
324 99
350 23
348 74
375 49
325 98
349 51
376 62
326 27
352 94
377 63
327 46
353 40
351 62
378 75
328 81
354 94
352 56
379 32
329 61
355 36
353 22
380 76
330 33
356 41
354 68
381 19
331 59
357 63
355 96
382 61
332 74
358 29
356 42
383 27
333 61
359 27
357 91
384 13
334 56
360 10
358 79
385 78
335 12
361 77
359 38
386 29
336 80
362 100
360 72
387 81
337 24
363 19
361 86
388 16
338 95
364 32
362 85
389 84
339 60
365 41
363 73
390 57
340 79
366 34
364 75
391 65
341 58
367 50
365 56
392 60
342 69
368 45
366 64
393 17
343 47
369 38
367 76
394 70
344 55
370 93
368 20
395 28
345 85
371 32
369 59
396 46
346 44
372 90
370 26
397 41
347 82
373 70
371 76
398 52
348 61
374 31
372 47
399 63
349 70
375 73
373 56
400 30
350 83
374 44
401 33
351 41
377 12
402 63
352 81
378 71
376 58
403 100
353 18
379 38
377 74
404 77
354 43
380 81
378 93
405 38
355 17
381 86
379 34
406 44
356 80
382 92
380 44
407 31
357 32
383 48
381 18
408 50
358 10
384 62
382 76
409 52
359 38
385 43
383 49
410 19
360 12
386 23
384 85
411 65
361 29
387 78
385 13
412 77
362 46
388 93
386 75
413 40
363 56
389 18
387 89
414 86
364 90
390 33
388 80
415 95
365 39
391 80
389 21
416 16
366 14
392 50
390 89
417 63
367 68
393 13
391 61
418 58
368 54
394 91
392 20
419 25
369 99
395 32
393 46
420 56
370 79
396 92
394 63
421 95
371 49
397 20
395 32
422 61
372 50
398 92
396 58
423 27
373 80
399 49
397 33
424 45
374 40
400 25
398 31
425 64
375 59
399 28
426 12
376 10
402 90
427 91
377 60
403 38
401 93
428 92
378 66
404 93
402 96
429 33
379 72
405 10
403 13
430 10
380 44
406 47
404 19
431 83
381 48
407 42
405 53
432 25
382 80
408 95
406 34
433 33
383 38
409 69
407 88
434 91
384 36
410 46
408 16
435 15
385 31
411 71
409 37
436 88
386 33
412 45
410 42
437 50
387 67
413 35
411 93
438 70
388 49
414 76
412 28
439 17
389 87
415 20
413 67
440 23
390 52
416 81
414 18
441 65
391 46
417 90
415 73
442 71
392 81
418 75
416 73
443 22
393 96
419 52
417 34
444 58
394 78
420 75
418 11
445 17
395 14
421 35
419 55
446 75
396 98
422 90
420 49
447 64
397 44
423 47
421 26
448 40
398 59
424 63
422 91
449 90
399 32
425 44
423 60
450 45
400 39
424 72
451 19
401 95
427 59
452 92
402 66
428 65
426 83
453 79
403 53
429 34
427 96
454 86
404 93
430 30
428 87
455 28
405 44
431 20
429 12
456 31
406 43
432 23
430 64
457 12
407 79
433 63
431 78
458 29
408 98
434 40
432 66
459 46
409 58
435 17
433 27
460 14
410 94
436 39
434 95
461 39
411 61
437 98
435 10
462 78
412 11
438 81
436 71
463 92
413 43
439 83
437 82
464 12
414 86
440 92
438 12
465 92
415 15
441 95
439 83
466 18
416 78
442 91
440 74
467 61
417 26
443 70
441 67
468 14
418 99
444 57
442 100
469 38
419 43
445 30
443 15
470 12
420 84
446 78
444 27
471 59
421 80
447 46
445 40
472 60
422 88
448 96
446 67
473 80
423 34
449 47
447 29
474 46
424 88
450 100
448 82
475 12
425 25
449 36
476 41
426 98
452 36
477 90
427 20
453 47
451 86
478 26
428 53
454 37
452 20
479 29
429 86
455 99
453 14
480 89
430 32
456 57
454 81
481 24
431 82
457 46
455 80
482 43
432 54
458 48
456 62
483 61
433 16
459 29
457 40
484 59
434 55
460 63
458 32
485 69
435 35
461 99
459 100
486 35
436 28
462 97
460 55
487 21
437 58
463 93
461 47
488 13
438 74
464 18
462 84
489 93
439 19
465 94
463 25
490 24
440 26
466 34
464 13
491 86
441 41
467 50
465 75
492 14
442 12
468 68
466 92
493 51
443 79
469 47
467 14
494 82
444 84
470 26
468 98
495 54
445 47
471 66
469 13
496 47
446 14
472 21
470 21
497 36
447 88
473 91
471 52
498 28
448 70
474 71
472 89
499 50
449 69
475 44
473 40
500 35
450 43
474 41
501 52
451 21
477 80
502 23
452 62
478 96
476 39
503 93
453 44
479 91
477 20
504 21
454 58
480 66
478 73
505 38
455 10
481 25
479 28
506 62
456 33
482 63
480 10
507 40
457 29
483 44
481 50
508 51
458 92
484 42
482 59
509 79
459 86
485 65
483 57
510 80
460 79
486 20
484 42
511 80
461 36
487 77
485 13
512 63
462 59
488 21
486 27
513 96
463 40
489 62
487 83
514 22
464 36
490 66
488 94
515 28
465 72
491 23
489 58
516 63
466 12
492 23
490 39
517 70
467 49
493 58
491 57
518 48
468 33
494 47
492 33
519 50
469 32
495 20
493 11
520 71
470 18
496 95
494 80
521 92
471 89
497 36
495 82
522 79
472 96
498 41
496 33
523 74
473 92
499 59
497 55
524 80
474 60
500 100
498 16
525 81
475 33
499 59
526 15
476 87
502 35
527 22
477 56
503 58
501 96
528 25
478 11
504 49
502 43
529 64
479 30
505 35
503 68
530 89
480 50
506 80
504 47
531 46
481 84
507 69
505 69
532 89
482 19
508 37
506 56
533 32
483 23
509 94
507 57
534 41
484 29
510 97
508 74
535 23
485 32
511 20
509 73
536 34
486 92
512 45
510 96
537 33
487 31
513 17
511 33
538 78
488 40
514 49
512 43
539 19
489 61
515 84
513 43
540 48
490 42
516 14
514 68
541 23
491 59
517 30
515 87
542 54
492 13
518 21
516 62
543 86
493 76
519 77
517 73
544 49
494 13
520 74
518 57
545 20
495 44
521 19
519 82
546 23
496 49
522 43
520 84
547 39
497 48
523 21
521 67
548 32
498 94
524 56
522 34
549 73
499 15
525 43
523 34
550 15
500 62
524 39
551 41
501 23
527 60
552 75
502 92
528 97
526 11
553 27
503 96
529 86
527 35
554 59
504 86
530 81
528 28
555 53
505 89
531 18
529 70
556 82
506 41
532 36
530 94
557 54
507 69
533 51
531 30
558 66
508 86
534 89
532 23
559 41
509 96
535 65
533 39
560 72
510 73
536 93
534 42
561 13
511 16
537 92
535 32
562 79
512 87
538 31
536 27
563 85
513 20
539 82
537 13
564 67
514 41
540 69
538 52
565 78
515 18
541 13
539 26
566 93
516 85
542 17
540 68
567 88
517 36
543 34
541 87
568 70
518 68
544 39
542 32
569 65
519 19
545 39
543 42
570 50
520 24
546 58
544 28
571 83
521 23
547 93
545 87
572 74
522 60
548 71
546 23
573 70
523 31
549 54
547 41
574 21
524 29
550 86
548 47
575 89
525 52
549 51
576 81
526 60
552 19
577 35
527 48
553 26
551 94
578 43
528 40
554 75
552 86
579 59
529 22
555 38
553 68
580 12
530 31
556 41
554 75
581 31
531 36
557 21
555 59
582 56
532 70
558 91
556 34
583 70
533 95
559 57
557 96
584 36
534 82
560 25
558 57
585 47
535 24
561 70
559 62
586 79
536 18
562 18
560 99
587 73
537 43
563 79
561 74
588 92
538 91
564 12
562 38
589 66
539 96
565 24
563 62
590 93
540 69
566 25
564 32
591 56
541 37
567 22
565 57
592 25
542 54
568 93
566 89
593 89
543 90
569 50
567 23
594 22
544 91
570 75
568 10
595 88
545 16
571 71
569 31
596 76
546 51
572 41
570 71
597 13
547 14
573 46
571 38
598 37
548 78
574 90
572 57
599 47
549 34
575 46
573 11
600 17
550 87
574 14
601 61
551 97
577 48
602 47
552 85
578 87
576 16
603 79
553 63
579 78
577 53
604 34
554 74
580 86
578 44
605 69
555 38
581 75
579 86
606 32
556 23
582 40
580 35
607 23
557 59
583 12
581 72
608 89
558 14
584 64
582 45
609 39
559 100
585 29
583 50
610 73
560 88
586 17
584 66
611 83
561 12
587 71
585 79
612 35
562 21
588 87
586 84
613 94
563 80
589 75
587 90
614 11
564 64
590 34
588 17
615 45
565 84
591 72
589 76
616 46
566 97
592 13
590 94
617 11
567 70
593 57
591 28
618 78
568 33
594 76
592 47
619 11
569 100
595 71
593 54
620 55
570 32
596 85
594 31
621 34
571 95
597 52
595 26
622 64
572 93
598 81
596 42
623 43
573 51
599 64
597 39
624 21
574 19
600 57
598 27
625 27
575 60
599 90
576 77
602 67
577 86
603 13
601 99
578 88
604 46
602 75
579 44
605 89
603 97
580 52
606 75
604 97
581 60
607 90
605 62
582 81
608 12
606 36
583 80
609 87
607 90
584 96
610 79
608 38
585 98
611 86
609 10
586 16
612 64
610 94
587 60
613 29
611 44
588 32
614 41
612 12
589 86
615 23
613 46
590 28
616 21
614 19
591 16
617 64
615 81
592 65
618 20
616 14
593 16
619 98
617 98
594 89
620 37
618 56
595 10
621 61
619 22
596 51
622 14
620 47
597 52
623 79
621 47
598 65
624 42
622 52
599 26
625 19
623 31
600 14
624 50
157
62
1 157 
1 426 
2 22 595 
1 619 
2 483 457 
1 625 
1 488 
5 204 568 524 198 29 
3 308 197 449 
2 133 28 
2 571 291 
2 244 46 
1 246 
1 596 
1 215 
3 35 279 355 
2 541 592 
1 14 
2 1 4 
1 177 
1 130 
1 561 
2 68 383 
3 481 261 132 
1 213 
1 273 
2 75 112 
1 475 
2 330 231 
3 298 236 160 
1 242 
2 52 222 
1 425 
2 230 582 
2 285 159 
3 294 19 549 
1 432 
1 201 
1 622 
2 32 474 
2 511 196 
4 106 220 238 570 
3 304 537 353 
1 118 
1 461 
1 615 
1 120 
5 208 556 89 553 531 
1 227 
4 76 277 7 535 
3 328 394 448 
1 101 
3 396 611 315 
1 91 
1 326 
1 364 
2 153 609 
2 55 48 
2 347 212 
1 289 
3 57 612 429 
2 351 452 
1 253 
5 371 523 388 73 165 
2 580 386 
2 150 591 
1 78 
1 476 
2 423 391 
1 417 
1 245 
2 477 162 
2 37 38 
3 51 44 264 
5 186 497 145 179 116 
1 117 
3 613 607 250 
1 105 
2 346 260 
1 581 
1 547 
2 217 18 
2 142 565 
1 39 
3 574 281 472 
2 471 552 
2 210 456 
2 50 377 
1 134 
2 282 209 
3 536 365 618 
1 239 
2 510 125 
2 543 435 
1 135 
3 354 214 195 
1 410 
2 178 248 
1 404 
1 221 
1 63 
2 544 100 
1 502 
3 498 507 143 
1 2 
3 329 397 146 
4 269 54 6 97 
2 13 399 
3 579 458 562 
2 484 9 
1 149 
2 266 532 
1 359 
1 322 
2 407 621 
1 470 
3 485 550 15 
1 62 
