625 2400 10 100 118
2
3
3
3
3
3
3
3
3
3
3
3
3
3
3
3
3
3
3
3
3
3
3
3
2
3
4
4
4
4
4
4
4
4
4
4
4
4
4
4
4
4
4
4
4
4
4
4
4
3
3
4
4
4
4
4
4
4
4
4
4
4
4
4
4
4
4
4
4
4
4
4
4
4
3
3
4
4
4
4
4
4
4
4
4
4
4
4
4
4
4
4
4
4
4
4
4
4
4
3
3
4
4
4
4
4
4
4
4
4
4
4
4
4
4
4
4
4
4
4
4
4
4
4
3
3
4
4
4
4
4
4
4
4
4
4
4
4
4
4
4
4
4
4
4
4
4
4
4
3
3
4
4
4
4
4
4
4
4
4
4
4
4
4
4
4
4
4
4
4
4
4
4
4
3
3
4
4
4
4
4
4
4
4
4
4
4
4
4
4
4
4
4
4
4
4
4
4
4
3
3
4
4
4
4
4
4
4
4
4
4
4
4
4
4
4
4
4
4
4
4
4
4
4
3
3
4
4
4
4
4
4
4
4
4
4
4
4
4
4
4
4
4
4
4
4
4
4
4
3
3
4
4
4
4
4
4
4
4
4
4
4
4
4
4
4
4
4
4
4
4
4
4
4
3
3
4
4
4
4
4
4
4
4
4
4
4
4
4
4
4
4
4
4
4
4
4
4
4
3
3
4
4
4
4
4
4
4
4
4
4
4
4
4
4
4
4
4
4
4
4
4
4
4
3
3
4
4
4
4
4
4
4
4
4
4
4
4
4
4
4
4
4
4
4
4
4
4
4
3
3
4
4
4
4
4
4
4
4
4
4
4
4
4
4
4
4
4
4
4
4
4
4
4
3
3
4
4
4
4
4
4
4
4
4
4
4
4
4
4
4
4
4
4
4
4
4
4
4
3
3
4
4
4
4
4
4
4
4
4
4
4
4
4
4
4
4
4
4
4
4
4
4
4
3
3
4
4
4
4
4
4
4
4
4
4
4
4
4
4
4
4
4
4
4
4
4
4
4
3
3
4
4
4
4
4
4
4
4
4
4
4
4
4
4
4
4
4
4
4
4
4
4
4
3
3
4
4
4
4
4
4
4
4
4
4
4
4
4
4
4
4
4
4
4
4
4
4
4
3
3
4
4
4
4
4
4
4
4
4
4
4
4
4
4
4
4
4
4
4
4
4
4
4
3
3
4
4
4
4
4
4
4
4
4
4
4
4
4
4
4
4
4
4
4
4
4
4
4
3
3
4
4
4
4
4
4
4
4
4
4
4
4
4
4
4
4
4
4
4
4
4
4
4
3
3
4
4
4
4
4
4
4
4
4
4
4
4
4
4
4
4
4
4
4
4
4
4
4
3
2
3
3
3
3
3
3
3
3
3
3
3
3
3
3
3
3
3
3
3
3
3
3
3
2
26 84
2 29
27 45
3 90
1 30
28 23
4 90
2 95
29 99
5 64
3 15
30 20
6 68
4 98
31 77
7 20
5 44
32 85
8 50
6 76
33 49
9 27
7 29
34 56
10 33
8 93
35 92
11 80
9 32
36 94
12 47
10 23
37 61
13 47
11 90
38 62
14 70
12 31
39 65
15 77
13 96
40 77
16 28
14 24
41 13
17 18
15 92
42 66
18 66
16 29
43 93
19 78
17 97
44 50
20 56
18 15
45 52
21 60
19 70
46 59
22 69
20 80
47 48
23 72
21 98
48 81
24 30
22 12
49 53
25 41
23 30
50 91
24 29
51 29
1 13
27 17
52 99
2 82
28 50
26 43
53 97
3 82
29 13
27 21
54 33
4 43
30 53
28 55
55 13
5 70
31 81
29 26
56 38
6 33
32 99
30 55
57 38
7 37
33 80
31 39
58 19
8 43
34 29
32 87
59 99
9 11
35 69
33 24
60 15
10 27
36 53
34 61
61 37
11 28
37 98
35 47
62 13
12 84
38 67
36 99
63 24
13 76
39 40
37 49
64 43
14 70
40 27
38 71
65 68
15 66
41 50
39 75
66 91
16 75
42 75
40 84
67 71
17 97
43 36
41 83
68 63
18 45
44 31
42 33
69 23
19 40
45 96
43 46
70 10
20 85
46 65
44 80
71 12
21 41
47 40
45 20
72 84
22 83
48 24
46 79
73 53
23 41
49 38
47 38
74 27
24 90
50 29
48 61
75 77
25 47
49 68
76 75
26 55
52 27
77 28
27 97
53 37
51 74
78 96
28 66
54 65
52 86
79 13
29 60
55 44
53 67
80 35
30 32
56 35
54 95
81 100
31 40
57 89
55 85
82 52
32 45
58 46
56 22
83 47
33 58
59 52
57 45
84 52
34 51
60 14
58 15
85 59
35 52
61 82
59 40
86 28
36 53
62 89
60 11
87 15
37 17
63 66
61 22
88 66
38 85
64 44
62 27
89 36
39 80
65 22
63 90
90 77
40 45
66 12
64 14
91 71
41 53
67 15
65 40
92 93
42 36
68 47
66 85
93 49
43 52
69 99
67 79
94 78
44 78
70 74
68 86
95 30
45 77
71 71
69 18
96 84
46 66
72 55
70 42
97 62
47 50
73 99
71 93
98 41
48 38
74 12
72 70
99 61
49 73
75 38
73 79
100 49
50 16
74 68
101 95
51 18
77 45
102 76
52 44
78 43
76 59
103 71
53 55
79 34
77 16
104 83
54 46
80 54
78 83
105 41
55 93
81 33
79 63
106 70
56 50
82 12
80 67
107 87
57 98
83 72
81 42
108 48
58 24
84 84
82 15
109 45
59 96
85 43
83 94
110 98
60 95
86 40
84 97
111 30
61 73
87 62
85 21
112 58
62 59
88 26
86 25
113 49
63 90
89 52
87 83
114 69
64 65
90 81
88 44
115 82
65 91
91 45
89 71
116 64
66 17
92 40
90 67
117 28
67 79
93 51
91 81
118 67
68 44
94 16
92 86
119 11
69 91
95 98
93 57
120 70
70 97
96 79
94 25
121 85
71 73
97 71
95 75
122 99
72 60
98 69
96 72
123 18
73 89
99 23
97 32
124 67
74 38
100 20
98 20
125 17
75 94
99 65
126 13
76 76
102 32
127 85
77 43
103 39
101 87
128 31
78 50
104 50
102 27
129 94
79 38
105 39
103 29
130 37
80 12
106 66
104 90
131 63
81 80
107 34
105 45
132 64
82 82
108 73
106 89
133 68
83 71
109 92
107 36
134 30
84 39
110 100
108 98
135 18
85 41
111 79
109 90
136 33
86 63
112 54
110 99
137 57
87 26
113 51
111 46
138 65
88 94
114 35
112 86
139 48
89 91
115 24
113 54
140 66
90 46
116 12
114 52
141 28
91 27
117 41
115 49
142 51
92 63
118 81
116 60
143 59
93 26
119 45
117 46
144 77
94 96
120 24
118 20
145 14
95 29
121 100
119 88
146 65
96 87
122 41
120 91
147 66
97 54
123 41
121 43
148 84
98 49
124 42
122 32
149 51
99 38
125 89
123 44
150 85
100 21
124 14
151 65
101 15
127 61
152 42
102 67
128 28
126 11
153 86
103 31
129 91
127 72
154 51
104 24
130 19
128 82
155 45
105 12
131 40
129 24
156 44
106 33
132 18
130 91
157 26
107 74
133 96
131 80
158 72
108 66
134 16
132 22
159 32
109 30
135 23
133 86
160 52
110 36
136 59
134 90
161 46
111 26
137 11
135 100
162 12
112 52
138 68
136 44
163 57
113 47
139 18
137 17
164 37
114 95
140 93
138 59
165 94
115 24
141 80
139 69
166 24
116 97
142 89
140 15
167 83
117 55
143 94
141 13
168 61
118 51
144 88
142 58
169 84
119 15
145 100
143 49
170 23
120 85
146 97
144 40
171 99
121 83
147 11
145 64
172 15
122 29
148 12
146 20
173 100
123 89
149 92
147 56
174 69
124 66
150 32
148 47
175 53
125 73
149 26
176 23
126 78
152 94
177 97
127 22
153 84
151 81
178 77
128 28
154 72
152 81
179 17
129 52
155 18
153 70
180 19
130 56
156 35
154 45
181 89
131 26
157 73
155 77
182 57
132 93
158 15
156 38
183 28
133 40
159 28
157 81
184 15
134 90
160 80
158 93
185 30
135 68
161 81
159 42
186 46
136 44
162 30
160 33
187 46
137 86
163 37
161 81
188 17
138 15
164 87
162 24
189 52
139 95
165 83
163 72
190 12
140 16
166 57
164 61
191 68
141 47
167 58
165 84
192 66
142 91
168 69
166 97
193 19
143 55
169 64
167 97
194 49
144 32
170 89
168 38
195 24
145 22
171 82
169 79
196 85
146 64
172 71
170 29
197 23
147 86
173 96
171 88
198 81
148 47
174 57
172 100
199 63
149 31
175 52
173 25
200 96
150 91
174 30
201 87
151 46
177 24
202 21
152 90
178 91
176 18
203 38
153 54
179 49
177 87
204 35
154 87
180 54
178 90
205 14
155 42
181 54
179 63
206 39
156 79
182 39
180 56
207 80
157 41
183 57
181 42
208 91
158 36
184 37
182 28
209 16
159 25
185 99
183 39
210 70
160 12
186 90
184 24
211 71
161 67
187 85
185 37
212 15
162 69
188 82
186 65
213 32
163 47
189 77
187 52
214 52
164 89
190 68
188 48
215 17
165 84
191 59
189 30
216 40
166 81
192 24
190 73
217 27
167 26
193 44
191 84
218 78
168 72
194 13
192 44
219 93
169 26
195 47
193 58
220 86
170 97
196 48
194 45
221 58
171 93
197 47
195 73
222 67
172 92
198 16
196 56
223 69
173 62
199 97
197 56
224 44
174 77
200 16
198 84
225 59
175 29
199 77
226 33
176 21
202 61
227 83
177 59
203 95
201 16
228 42
178 71
204 56
202 85
229 50
179 88
205 75
203 28
230 100
180 80
206 78
204 48
231 18
181 83
207 17
205 59
232 31
182 40
208 42
206 42
233 24
183 59
209 66
207 42
234 50
184 49
210 50
208 37
235 81
185 52
211 14
209 30
236 79
186 71
212 39
210 83
237 42
187 82
213 81
211 18
238 26
188 96
214 76
212 58
239 35
189 85
215 88
213 44
240 60
190 12
216 54
214 84
241 12
191 95
217 78
215 40
242 18
192 27
218 77
216 41
243 57
193 90
219 58
217 61
244 94
194 38
220 87
218 77
245 64
195 62
221 72
219 17
246 84
196 43
222 100
220 28
247 14
197 92
223 12
221 17
248 29
198 34
224 72
222 95
249 29
199 88
225 26
223 48
250 67
200 79
224 65
251 29
201 53
227 79
252 41
202 71
228 35
226 25
253 24
203 42
229 88
227 85
254 10
204 85
230 20
228 18
255 19
205 59
231 14
229 61
256 31
206 59
232 65
230 62
257 10
207 52
233 72
231 60
258 53
208 95
234 32
232 94
259 65
209 86
235 57
233 14
260 44
210 38
236 55
234 74
261 38
211 21
237 53
235 65
262 43
212 76
238 26
236 48
263 34
213 61
239 55
237 54
264 97
214 100
240 16
238 63
265 55
215 43
241 79
239 74
266 26
216 56
242 37
240 53
267 80
217 75
243 61
241 51
268 28
218 89
244 27
242 12
269 49
219 59
245 43
243 58
270 30
220 30
246 13
244 89
271 89
221 25
247 51
245 29
272 33
222 80
248 34
246 35
273 12
223 66
249 90
247 60
274 59
224 89
250 56
248 32
275 58
225 68
249 30
276 79
226 79
252 56
277 60
227 85
253 70
251 99
278 38
228 21
254 83
252 67
279 33
229 51
255 51
253 14
280 48
230 50
256 19
254 96
281 53
231 49
257 36
255 37
282 71
232 18
258 70
256 10
283 92
233 54
259 45
257 77
284 92
234 56
260 28
258 81
285 68
235 100
261 96
259 39
286 94
236 63
262 94
260 16
287 86
237 91
263 18
261 57
288 73
238 30
264 66
262 63
289 82
239 82
265 79
263 56
290 92
240 20
266 71
264 65
291 61
241 13
267 90
265 63
292 27
242 69
268 61
266 69
293 83
243 48
269 36
267 92
294 13
244 57
270 10
268 47
295 54
245 51
271 13
269 41
296 51
246 67
272 64
270 54
297 83
247 67
273 88
271 28
298 17
248 91
274 93
272 96
299 25
249 13
275 89
273 73
300 98
250 41
274 36
301 17
251 87
277 87
302 63
252 90
278 72
276 37
303 94
253 90
279 12
277 99
304 70
254 14
280 27
278 56
305 43
255 61
281 68
279 87
306 74
256 94
282 97
280 31
307 46
257 10
283 55
281 47
308 75
258 21
284 53
282 42
309 51
259 46
285 70
283 98
310 30
260 74
286 23
284 85
311 70
261 33
287 40
285 43
312 59
262 15
288 83
286 37
313 84
263 59
289 52
287 14
314 82
264 74
290 24
288 30
315 15
265 29
291 22
289 75
316 17
266 38
292 25
290 24
317 92
267 43
293 60
291 24
318 60
268 29
294 41
292 21
319 18
269 83
295 57
293 53
320 17
270 34
296 46
294 52
321 15
271 21
297 33
295 78
322 44
272 48
298 72
296 46
323 80
273 88
299 41
297 58
324 22
274 53
300 35
298 74
325 80
275 59
299 13
326 73
276 68
302 35
327 43
277 66
303 39
301 17
328 13
278 81
304 81
302 41
329 52
279 78
305 86
303 55
330 62
280 36
306 98
304 82
331 31
281 33
307 72
305 91
332 72
282 13
308 93
306 51
333 74
283 46
309 96
307 95
334 39
284 10
310 60
308 100
335 79
285 57
311 74
309 79
336 98
286 68
312 11
310 72
337 64
287 99
313 26
311 57
338 97
288 93
314 56
312 85
339 64
289 83
315 39
313 52
340 50
290 87
316 91
314 89
341 56
291 37
317 49
315 71
342 90
292 50
318 67
316 25
343 57
293 85
319 41
317 40
344 63
294 47
320 33
318 54
345 63
295 60
321 75
319 43
346 79
296 37
322 67
320 26
347 13
297 95
323 86
321 34
348 66
298 89
324 99
322 46
349 87
299 85
325 72
323 34
350 96
300 96
324 38
351 54
301 25
327 59
352 83
302 41
328 19
326 88
353 97
303 78
329 12
327 14
354 47
304 82
330 95
328 49
355 82
305 12
331 69
329 66
356 53
306 34
332 21
330 34
357 37
307 76
333 73
331 89
358 47
308 51
334 31
332 21
359 100
309 49
335 13
333 19
360 15
310 16
336 90
334 77
361 99
311 42
337 18
335 30
362 65
312 44
338 14
336 61
363 25
313 43
339 96
337 100
364 49
314 63
340 91
338 97
365 49
315 45
341 20
339 19
366 63
316 99
342 22
340 17
367 58
317 18
343 40
341 51
368 35
318 20
344 73
342 17
369 14
319 91
345 90
343 42
370 38
320 58
346 38
344 61
371 42
321 30
347 78
345 14
372 35
322 33
348 98
346 42
373 68
323 85
349 29
347 26
374 49
324 12
350 23
348 42
375 64
325 16
349 12
376 85
326 32
352 53
377 40
327 16
353 99
351 38
378 36
328 36
354 70
352 56
379 10
329 90
355 25
353 24
380 89
330 57
356 94
354 73
381 93
331 34
357 33
355 81
382 22
332 72
358 99
356 100
383 47
333 15
359 33
357 37
384 21
334 68
360 55
358 91
385 81
335 72
361 18
359 62
386 55
336 11
362 92
360 60
387 88
337 47
363 75
361 11
388 100
338 68
364 73
362 68
389 70
339 87
365 68
363 41
390 88
340 93
366 15
364 88
391 24
341 99
367 67
365 22
392 30
342 90
368 10
366 90
393 12
343 54
369 61
367 97
394 21
344 98
370 21
368 13
395 93
345 71
371 35
369 41
396 27
346 49
372 73
370 40
397 42
347 13
373 41
371 45
398 51
348 61
374 71
372 40
399 76
349 82
375 10
373 58
400 30
350 33
374 23
401 42
351 63
377 54
402 65
352 99
378 26
376 27
403 89
353 44
379 65
377 29
404 15
354 57
380 37
378 49
405 32
355 70
381 65
379 79
406 14
356 68
382 65
380 45
407 37
357 15
383 47
381 62
408 18
358 20
384 87
382 17
409 10
359 10
385 74
383 34
410 89
360 77
386 49
384 89
411 75
361 50
387 100
385 39
412 14
362 77
388 11
386 77
413 23
363 21
389 14
387 70
414 19
364 39
390 82
388 12
415 59
365 67
391 29
389 96
416 38
366 25
392 34
390 20
417 69
367 17
393 62
391 10
418 72
368 35
394 36
392 53
419 34
369 98
395 99
393 29
420 93
370 15
396 16
394 93
421 81
371 49
397 57
395 60
422 26
372 65
398 82
396 50
423 64
373 91
399 70
397 52
424 61
374 53
400 90
398 22
425 66
375 18
399 47
426 34
376 48
402 12
427 49
377 85
403 28
401 41
428 72
378 59
404 53
402 25
429 81
379 79
405 69
403 40
430 42
380 28
406 60
404 17
431 67
381 87
407 46
405 81
432 61
382 85
408 80
406 72
433 81
383 34
409 52
407 82
434 28
384 14
410 65
408 46
435 18
385 32
411 18
409 85
436 47
386 81
412 75
410 31
437 73
387 19
413 61
411 25
438 29
388 95
414 80
412 93
439 58
389 62
415 26
413 57
440 65
390 71
416 57
414 87
441 44
391 72
417 21
415 29
442 81
392 39
418 27
416 55
443 48
393 52
419 76
417 48
444 91
394 31
420 72
418 54
445 20
395 11
421 54
419 28
446 44
396 87
422 92
420 62
447 15
397 54
423 50
421 52
448 12
398 88
424 21
422 88
449 35
399 31
425 58
423 18
450 13
400 100
424 53
451 80
401 52
427 37
452 44
402 40
428 28
426 54
453 56
403 97
429 35
427 26
454 88
404 24
430 62
428 50
455 36
405 88
431 100
429 66
456 20
406 55
432 54
430 79
457 67
407 35
433 28
431 20
458 69
408 82
434 97
432 76
459 74
409 19
435 95
433 97
460 10
410 80
436 96
434 89
461 84
411 18
437 71
435 57
462 70
412 47
438 32
436 40
463 20
413 96
439 26
437 70
464 93
414 98
440 52
438 19
465 55
415 45
441 11
439 70
466 17
416 41
442 13
440 70
467 23
417 22
443 79
441 60
468 63
418 78
444 99
442 19
469 31
419 82
445 62
443 36
470 15
420 73
446 51
444 11
471 64
421 57
447 51
445 59
472 99
422 16
448 85
446 32
473 71
423 75
449 34
447 30
474 21
424 72
450 63
448 41
475 65
425 87
449 77
476 33
426 50
452 19
477 100
427 21
453 51
451 82
478 15
428 38
454 31
452 65
479 81
429 28
455 37
453 50
480 77
430 57
456 65
454 33
481 63
431 12
457 56
455 38
482 36
432 32
458 72
456 73
483 51
433 63
459 79
457 17
484 48
434 60
460 14
458 32
485 54
435 19
461 70
459 27
486 31
436 33
462 54
460 87
487 24
437 86
463 45
461 62
488 58
438 82
464 85
462 57
489 51
439 61
465 81
463 12
490 24
440 39
466 92
464 84
491 13
441 51
467 24
465 54
492 95
442 25
468 22
466 41
493 57
443 43
469 16
467 72
494 12
444 11
470 44
468 44
495 58
445 90
471 34
469 40
496 39
446 13
472 14
470 66
497 67
447 37
473 49
471 21
498 17
448 15
474 27
472 93
499 83
449 12
475 25
473 50
500 30
450 61
474 42
501 38
451 31
477 33
502 80
452 57
478 88
476 73
503 42
453 55
479 86
477 16
504 39
454 92
480 91
478 11
505 100
455 40
481 38
479 18
506 37
456 15
482 34
480 64
507 81
457 31
483 69
481 57
508 67
458 68
484 93
482 31
509 82
459 38
485 36
483 39
510 72
460 93
486 39
484 45
511 34
461 84
487 26
485 87
512 61
462 80
488 21
486 89
513 44
463 65
489 92
487 10
514 27
464 100
490 75
488 77
515 50
465 12
491 51
489 75
516 28
466 29
492 60
490 83
517 82
467 62
493 67
491 52
518 78
468 17
494 57
492 20
519 13
469 37
495 65
493 48
520 39
470 17
496 93
494 44
521 95
471 95
497 49
495 28
522 23
472 94
498 94
496 43
523 61
473 96
499 68
497 62
524 55
474 98
500 61
498 48
525 15
475 86
499 74
526 58
476 53
502 37
527 85
477 27
503 32
501 98
528 12
478 52
504 41
502 74
529 42
479 65
505 97
503 65
530 11
480 14
506 79
504 73
531 11
481 39
507 89
505 33
532 54
482 57
508 73
506 67
533 97
483 66
509 55
507 25
534 87
484 26
510 31
508 92
535 40
485 17
511 42
509 66
536 99
486 25
512 20
510 56
537 35
487 25
513 87
511 95
538 67
488 37
514 46
512 16
539 46
489 32
515 94
513 60
540 23
490 34
516 89
514 22
541 59
491 55
517 47
515 46
542 60
492 82
518 59
516 82
543 94
493 61
519 77
517 13
544 14
494 77
520 66
518 24
545 96
495 55
521 93
519 51
546 59
496 72
522 64
520 62
547 63
497 58
523 40
521 97
548 35
498 23
524 83
522 90
549 91
499 22
525 26
523 83
550 85
500 27
524 60
551 89
501 43
527 70
552 51
502 33
528 18
526 40
553 83
503 93
529 97
527 78
554 35
504 60
530 48
528 19
555 50
505 36
531 18
529 34
556 97
506 33
532 46
530 31
557 68
507 100
533 67
531 96
558 79
508 90
534 57
532 93
559 88
509 100
535 57
533 86
560 58
510 17
536 10
534 29
561 37
511 74
537 65
535 98
562 78
512 56
538 47
536 61
563 42
513 53
539 37
537 40
564 75
514 16
540 95
538 43
565 22
515 47
541 80
539 64
566 16
516 54
542 61
540 45
567 61
517 37
543 31
541 29
568 57
518 50
544 24
542 76
569 52
519 94
545 11
543 67
570 30
520 70
546 59
544 87
571 34
521 95
547 73
545 61
572 50
522 88
548 87
546 11
573 41
523 97
549 93
547 83
574 18
524 97
550 62
548 23
575 48
525 15
549 75
576 62
526 96
552 27
577 12
527 81
553 83
551 50
578 93
528 16
554 56
552 14
579 13
529 87
555 99
553 77
580 99
530 81
556 48
554 68
581 45
531 12
557 20
555 41
582 89
532 23
558 62
556 79
583 39
533 69
559 98
557 58
584 13
534 73
560 36
558 84
585 53
535 75
561 49
559 100
586 11
536 68
562 48
560 36
587 39
537 13
563 20
561 17
588 57
538 28
564 25
562 15
589 29
539 78
565 11
563 61
590 11
540 56
566 59
564 58
591 23
541 12
567 84
565 27
592 47
542 48
568 61
566 82
593 17
543 66
569 41
567 26
594 74
544 29
570 30
568 62
595 24
545 90
571 37
569 76
596 77
546 26
572 39
570 100
597 73
547 65
573 81
571 39
598 42
548 22
574 26
572 95
599 52
549 71
575 22
573 93
600 74
550 26
574 39
601 29
551 75
577 43
602 74
552 72
578 62
576 65
603 36
553 10
579 82
577 73
604 27
554 93
580 27
578 89
605 58
555 41
581 61
579 63
606 69
556 98
582 30
580 91
607 24
557 19
583 80
581 27
608 29
558 76
584 62
582 16
609 52
559 38
585 91
583 39
610 66
560 33
586 36
584 55
611 41
561 94
587 96
585 67
612 19
562 19
588 95
586 42
613 19
563 50
589 72
587 64
614 38
564 80
590 45
588 68
615 36
565 43
591 27
589 27
616 94
566 71
592 73
590 47
617 66
567 64
593 100
591 22
618 30
568 92
594 38
592 74
619 24
569 92
595 70
593 22
620 29
570 88
596 72
594 43
621 38
571 12
597 36
595 69
622 93
572 62
598 19
596 79
623 56
573 13
599 78
597 62
624 44
574 63
600 81
598 31
625 20
575 26
599 36
576 18
602 35
577 24
603 99
601 15
578 35
604 68
602 93
579 35
605 83
603 63
580 50
606 29
604 30
581 79
607 22
605 54
582 21
608 65
606 31
583 70
609 51
607 40
584 17
610 15
608 14
585 24
611 14
609 17
586 44
612 66
610 67
587 56
613 68
611 89
588 46
614 89
612 80
589 50
615 12
613 50
590 89
616 94
614 39
591 71
617 68
615 75
592 38
618 47
616 34
593 30
619 34
617 50
594 32
620 73
618 16
595 98
621 15
619 29
596 90
622 97
620 48
597 17
623 98
621 96
598 41
624 65
622 91
599 56
625 43
623 42
600 11
624 24
491
333
2 390 491 
1 391 
1 396 
3 625 94 492 
1 622 
1 106 
2 565 574 
1 431 
4 34 516 222 445 
4 318 100 539 325 
1 252 
1 234 
1 228 
2 446 201 
2 450 95 
1 475 
2 338 221 
1 371 
2 253 155 
1 331 
2 340 407 
2 444 18 
1 209 
3 408 78 504 
1 362 
2 404 393 
3 223 494 457 
2 515 197 
2 41 356 
1 237 
3 498 21 508 
2 150 112 
3 549 171 464 
1 524 
3 69 317 276 
1 294 
2 557 465 
2 262 199 
1 113 
1 250 
2 126 369 
4 174 123 337 73 
2 461 135 
1 128 
3 279 612 245 
4 68 514 621 305 
2 86 468 
2 108 512 
1 319 
1 544 
3 520 376 70 
1 298 
1 522 
1 129 
2 399 114 
2 90 111 
1 277 
1 454 
4 120 117 550 4 
3 323 618 435 
1 133 
2 3 249 
1 48 
2 99 281 
1 611 
2 33 260 
3 236 288 152 
4 269 384 246 145 
2 137 462 
2 579 206 
1 88 
3 62 599 517 
1 204 
3 379 332 151 
1 32 
1 116 
1 191 
1 74 
1 586 
3 420 604 543 
1 487 
2 609 375 
2 312 293 
1 282 
1 511 
1 505 
3 16 306 593 
1 367 
1 85 
1 146 
4 127 349 597 274 
1 51 
3 265 529 413 
1 428 
3 173 373 566 
2 322 353 
3 227 303 485 
2 268 257 
1 122 
2 148 434 
2 578 167 
1 426 
2 284 203 
1 459 
1 165 
2 243 383 
2 432 93 
2 355 617 
3 31 280 169 
4 272 55 166 377 
1 573 
1 190 
1 510 
3 576 181 486 
1 472 
4 526 417 442 378 
1 115 
1 333 
