100 342 10 100 19
2
3
3
2
3
4
4
3
3
4
4
3
3
4
4
3
3
4
4
3
3
4
4
3
3
4
4
3
3
4
4
3
3
4
4
3
3
4
4
3
3
4
4
3
3
4
4
3
3
4
4
3
3
4
4
3
3
4
4
3
3
4
4
3
3
4
4
3
3
4
4
3
3
4
4
3
3
4
4
3
3
4
4
3
3
4
4
3
3
4
4
3
3
4
4
3
2
3
3
2
5 85
2 29
6 85
3 41
1 57
7 77
4 75
2 60
8 30
3 91
9 20
1 61
6 28
10 76
2 50
7 10
5 41
11 53
3 34
8 60
6 74
12 21
4 87
7 32
13 49
5 98
10 15
14 23
6 69
11 52
9 50
15 18
7 79
12 13
10 92
16 72
8 26
11 87
17 75
9 61
14 30
18 59
10 51
15 21
13 77
19 22
11 56
16 43
14 88
20 23
12 42
15 81
21 55
13 23
18 56
22 50
14 96
19 14
17 17
23 100
15 36
20 99
18 83
24 45
16 19
19 23
25 17
17 29
22 70
26 67
18 74
23 31
21 41
27 80
19 91
24 29
22 59
28 93
20 29
23 39
29 93
21 83
26 31
30 54
22 24
27 10
25 17
31 94
23 65
28 14
26 23
32 35
24 95
27 88
33 55
25 85
30 85
34 75
26 62
31 10
29 65
35 41
27 28
32 22
30 57
36 13
28 58
31 18
37 21
29 76
34 25
38 50
30 79
35 42
33 19
39 39
31 34
36 92
34 78
40 86
32 27
35 54
41 74
33 41
38 24
42 46
34 51
39 98
37 73
43 40
35 55
40 66
38 75
44 99
36 70
39 31
45 85
37 31
42 67
46 64
38 52
43 90
41 20
47 44
39 39
44 40
42 90
48 43
40 20
43 43
49 80
41 55
46 92
50 65
42 34
47 67
45 81
51 42
43 81
48 18
46 30
52 34
44 67
47 86
53 23
45 83
50 28
54 26
46 63
51 26
49 16
55 16
47 59
52 51
50 13
56 55
48 11
51 34
57 82
49 39
54 90
58 41
50 51
55 16
53 57
59 16
51 76
56 48
54 88
60 87
52 14
55 36
61 84
53 59
58 71
62 21
54 25
59 15
57 71
63 10
55 40
60 43
58 21
64 68
56 20
59 50
65 38
57 93
62 33
66 14
58 50
63 47
61 72
67 61
59 79
64 16
62 45
68 44
60 30
63 55
69 47
61 75
66 26
70 21
62 82
67 61
65 81
71 32
63 96
68 28
66 69
72 52
64 42
67 79
73 35
65 29
70 76
74 34
66 58
71 49
69 87
75 62
67 43
72 96
70 71
76 37
68 65
71 51
77 26
69 90
74 23
78 17
70 80
75 77
73 97
79 27
71 77
76 79
74 92
80 60
72 60
75 92
81 15
73 29
78 94
82 91
74 43
79 75
77 16
83 28
75 81
80 25
78 36
84 58
76 45
79 58
85 47
77 65
82 77
86 65
78 87
83 100
81 90
87 100
79 10
84 70
82 93
88 30
80 82
83 21
89 80
81 39
86 30
90 25
82 73
87 27
85 63
91 92
83 74
88 78
86 61
92 98
84 61
87 63
93 96
85 18
90 14
94 33
86 61
91 100
89 41
95 78
87 28
92 10
90 63
96 53
88 83
91 45
97 28
89 29
94 13
98 93
90 91
95 94
93 59
99 13
91 19
96 96
94 13
100 25
92 44
95 18
93 50
98 31
94 19
99 22
97 73
95 92
100 47
98 34
96 46
99 91
43
74
1 43 
1 68 
2 86 17 
2 65 60 
4 55 72 25 89 
3 14 38 28 
5 21 63 18 47 8 
1 40 
2 34 52 
1 75 
1 44 
1 36 
2 81 33 
1 94 
2 37 84 
1 19 
3 13 29 57 
1 32 
1 74 
