625 2400 10 100 118
2
3
3
3
3
3
3
3
3
3
3
3
3
3
3
3
3
3
3
3
3
3
3
3
2
3
4
4
4
4
4
4
4
4
4
4
4
4
4
4
4
4
4
4
4
4
4
4
4
3
3
4
4
4
4
4
4
4
4
4
4
4
4
4
4
4
4
4
4
4
4
4
4
4
3
3
4
4
4
4
4
4
4
4
4
4
4
4
4
4
4
4
4
4
4
4
4
4
4
3
3
4
4
4
4
4
4
4
4
4
4
4
4
4
4
4
4
4
4
4
4
4
4
4
3
3
4
4
4
4
4
4
4
4
4
4
4
4
4
4
4
4
4
4
4
4
4
4
4
3
3
4
4
4
4
4
4
4
4
4
4
4
4
4
4
4
4
4
4
4
4
4
4
4
3
3
4
4
4
4
4
4
4
4
4
4
4
4
4
4
4
4
4
4
4
4
4
4
4
3
3
4
4
4
4
4
4
4
4
4
4
4
4
4
4
4
4
4
4
4
4
4
4
4
3
3
4
4
4
4
4
4
4
4
4
4
4
4
4
4
4
4
4
4
4
4
4
4
4
3
3
4
4
4
4
4
4
4
4
4
4
4
4
4
4
4
4
4
4
4
4
4
4
4
3
3
4
4
4
4
4
4
4
4
4
4
4
4
4
4
4
4
4
4
4
4
4
4
4
3
3
4
4
4
4
4
4
4
4
4
4
4
4
4
4
4
4
4
4
4
4
4
4
4
3
3
4
4
4
4
4
4
4
4
4
4
4
4
4
4
4
4
4
4
4
4
4
4
4
3
3
4
4
4
4
4
4
4
4
4
4
4
4
4
4
4
4
4
4
4
4
4
4
4
3
3
4
4
4
4
4
4
4
4
4
4
4
4
4
4
4
4
4
4
4
4
4
4
4
3
3
4
4
4
4
4
4
4
4
4
4
4
4
4
4
4
4
4
4
4
4
4
4
4
3
3
4
4
4
4
4
4
4
4
4
4
4
4
4
4
4
4
4
4
4
4
4
4
4
3
3
4
4
4
4
4
4
4
4
4
4
4
4
4
4
4
4
4
4
4
4
4
4
4
3
3
4
4
4
4
4
4
4
4
4
4
4
4
4
4
4
4
4
4
4
4
4
4
4
3
3
4
4
4
4
4
4
4
4
4
4
4
4
4
4
4
4
4
4
4
4
4
4
4
3
3
4
4
4
4
4
4
4
4
4
4
4
4
4
4
4
4
4
4
4
4
4
4
4
3
3
4
4
4
4
4
4
4
4
4
4
4
4
4
4
4
4
4
4
4
4
4
4
4
3
3
4
4
4
4
4
4
4
4
4
4
4
4
4
4
4
4
4
4
4
4
4
4
4
3
2
3
3
3
3
3
3
3
3
3
3
3
3
3
3
3
3
3
3
3
3
3
3
3
2
26 96
2 29
27 59
3 71
1 54
28 81
4 74
2 49
29 46
5 92
3 26
30 65
6 27
4 58
31 87
7 38
5 76
32 95
8 58
6 13
33 30
9 34
7 97
34 53
10 19
8 87
35 19
11 98
9 97
36 93
12 44
10 77
37 56
13 28
11 24
38 84
14 28
12 77
39 83
15 49
13 99
40 26
16 30
14 66
41 51
17 38
15 70
42 71
18 25
16 80
43 44
19 32
17 33
44 20
20 76
18 32
45 94
21 89
19 49
46 47
22 78
20 66
47 88
23 71
21 64
48 66
24 80
22 92
49 45
25 65
23 65
50 54
24 43
51 35
1 97
27 33
52 42
2 64
28 87
26 69
53 69
3 30
29 53
27 94
54 50
4 49
30 59
28 65
55 79
5 48
31 34
29 27
56 17
6 20
32 33
30 26
57 28
7 30
33 28
31 23
58 77
8 29
34 67
32 72
59 11
9 49
35 22
33 71
60 61
10 97
36 91
34 80
61 71
11 100
37 87
35 23
62 85
12 73
38 64
36 40
63 70
13 22
39 43
37 64
64 88
14 25
40 21
38 80
65 64
15 71
41 62
39 10
66 33
16 81
42 38
40 11
67 76
17 55
43 54
41 16
68 38
18 27
44 70
42 77
69 38
19 46
45 73
43 66
70 78
20 41
46 19
44 20
71 32
21 25
47 42
45 10
72 16
22 51
48 79
46 80
73 89
23 45
49 71
47 35
74 28
24 41
50 94
48 18
75 71
25 54
49 27
76 85
26 50
52 42
77 85
27 27
53 65
51 47
78 53
28 78
54 34
52 90
79 63
29 66
55 13
53 81
80 78
30 57
56 77
54 57
81 100
31 26
57 100
55 33
82 80
32 47
58 24
56 96
83 76
33 71
59 16
57 50
84 86
34 10
60 17
58 21
85 53
35 68
61 37
59 34
86 54
36 86
62 20
60 73
87 22
37 74
63 90
61 53
88 100
38 91
64 19
62 54
89 38
39 97
65 13
63 100
90 90
40 69
66 15
64 22
91 83
41 42
67 36
65 80
92 90
42 41
68 92
66 27
93 95
43 62
69 14
67 40
94 29
44 14
70 37
68 43
95 100
45 77
71 81
69 61
96 99
46 86
72 55
70 46
97 56
47 49
73 87
71 64
98 60
48 86
74 81
72 30
99 35
49 99
75 36
73 43
100 28
50 65
74 38
101 64
51 21
77 99
102 88
52 51
78 33
76 85
103 72
53 53
79 27
77 77
104 41
54 86
80 81
78 30
105 90
55 36
81 75
79 99
106 21
56 53
82 58
80 50
107 88
57 44
83 21
81 74
108 49
58 100
84 50
82 66
109 76
59 46
85 50
83 11
110 63
60 71
86 39
84 83
111 23
61 28
87 60
85 83
112 48
62 69
88 85
86 74
113 74
63 22
89 42
87 73
114 55
64 39
90 15
88 65
115 73
65 13
91 16
89 81
116 62
66 55
92 81
90 82
117 45
67 40
93 41
91 67
118 76
68 98
94 90
92 99
119 59
69 95
95 45
93 21
120 84
70 25
96 68
94 90
121 28
71 28
97 29
95 26
122 56
72 60
98 27
96 95
123 17
73 78
99 23
97 57
124 65
74 29
100 23
98 21
125 46
75 55
99 46
126 74
76 43
102 67
127 12
77 27
103 20
101 48
128 70
78 26
104 27
102 59
129 77
79 11
105 56
103 49
130 50
80 89
106 84
104 28
131 35
81 69
107 76
105 20
132 66
82 77
108 14
106 57
133 41
83 97
109 60
107 89
134 51
84 11
110 34
108 51
135 21
85 28
111 10
109 99
136 92
86 48
112 68
110 48
137 45
87 30
113 24
111 22
138 39
88 23
114 51
112 17
139 81
89 38
115 51
113 15
140 16
90 33
116 21
114 81
141 89
91 23
117 70
115 58
142 22
92 71
118 19
116 29
143 67
93 46
119 41
117 82
144 96
94 53
120 98
118 60
145 93
95 36
121 84
119 88
146 69
96 84
122 79
120 87
147 65
97 78
123 22
121 42
148 20
98 31
124 64
122 67
149 64
99 81
125 56
123 39
150 94
100 88
124 57
151 76
101 90
127 85
152 23
102 53
128 43
126 26
153 57
103 75
129 77
127 68
154 51
104 10
130 22
128 26
155 47
105 72
131 68
129 66
156 47
106 13
132 16
130 74
157 74
107 19
133 19
131 77
158 89
108 60
134 63
132 96
159 16
109 17
135 62
133 83
160 19
110 24
136 23
134 44
161 12
111 80
137 54
135 90
162 64
112 47
138 31
136 59
163 36
113 81
139 63
137 22
164 72
114 21
140 29
138 90
165 10
115 81
141 88
139 97
166 67
116 95
142 64
140 15
167 34
117 12
143 91
141 94
168 92
118 73
144 95
142 86
169 52
119 75
145 12
143 28
170 43
120 33
146 78
144 20
171 41
121 90
147 12
145 50
172 88
122 10
148 21
146 74
173 70
123 12
149 21
147 20
174 58
124 58
150 40
148 91
175 21
125 82
149 87
176 18
126 14
152 36
177 86
127 64
153 10
151 48
178 89
128 54
154 20
152 19
179 48
129 74
155 72
153 47
180 48
130 45
156 44
154 76
181 83
131 98
157 67
155 91
182 95
132 30
158 100
156 74
183 86
133 57
159 19
157 72
184 31
134 13
160 77
158 19
185 56
135 63
161 65
159 84
186 44
136 43
162 12
160 81
187 95
137 65
163 87
161 60
188 55
138 60
164 93
162 30
189 100
139 100
165 95
163 57
190 57
140 80
166 43
164 33
191 43
141 32
167 15
165 100
192 98
142 83
168 43
166 100
193 42
143 33
169 100
167 93
194 34
144 11
170 100
168 95
195 45
145 63
171 65
169 76
196 73
146 28
172 12
170 13
197 88
147 100
173 67
171 42
198 15
148 72
174 43
172 70
199 24
149 29
175 40
173 17
200 59
150 48
174 33
201 16
151 45
177 19
202 47
152 21
178 62
176 35
203 90
153 90
179 32
177 74
204 63
154 79
180 100
178 59
205 55
155 10
181 59
179 42
206 28
156 96
182 77
180 55
207 50
157 70
183 96
181 56
208 32
158 27
184 71
182 67
209 53
159 51
185 56
183 57
210 72
160 97
186 43
184 42
211 61
161 100
187 74
185 91
212 77
162 32
188 37
186 31
213 63
163 51
189 90
187 69
214 60
164 72
190 80
188 90
215 87
165 30
191 90
189 16
216 16
166 87
192 60
190 69
217 22
167 11
193 55
191 91
218 100
168 95
194 14
192 100
219 13
169 46
195 100
193 21
220 33
170 37
196 67
194 63
221 84
171 86
197 94
195 33
222 90
172 49
198 19
196 81
223 69
173 30
199 34
197 50
224 60
174 83
200 10
198 80
225 27
175 74
199 64
226 93
176 35
202 46
227 54
177 96
203 18
201 93
228 36
178 62
204 67
202 96
229 90
179 26
205 58
203 72
230 61
180 72
206 13
204 58
231 14
181 36
207 12
205 39
232 56
182 87
208 96
206 73
233 43
183 48
209 64
207 80
234 64
184 57
210 61
208 58
235 10
185 67
211 39
209 70
236 26
186 21
212 95
210 35
237 50
187 67
213 47
211 10
238 66
188 49
214 13
212 22
239 97
189 89
215 57
213 29
240 79
190 58
216 77
214 17
241 39
191 24
217 83
215 47
242 49
192 30
218 28
216 42
243 24
193 44
219 53
217 82
244 23
194 55
220 12
218 14
245 63
195 80
221 30
219 90
246 13
196 43
222 93
220 54
247 20
197 98
223 76
221 70
248 39
198 50
224 68
222 93
249 82
199 73
225 69
223 66
250 51
200 63
224 72
251 63
201 72
227 73
252 38
202 37
228 78
226 68
253 85
203 88
229 13
227 80
254 36
204 17
230 57
228 13
255 30
205 16
231 38
229 95
256 11
206 14
232 24
230 98
257 85
207 44
233 46
231 32
258 67
208 68
234 28
232 57
259 69
209 84
235 89
233 34
260 24
210 84
236 66
234 64
261 60
211 66
237 61
235 16
262 83
212 88
238 39
236 17
263 41
213 32
239 48
237 38
264 90
214 41
240 11
238 34
265 63
215 17
241 54
239 49
266 67
216 74
242 55
240 23
267 99
217 79
243 59
241 16
268 48
218 12
244 73
242 79
269 70
219 26
245 25
243 62
270 66
220 77
246 96
244 39
271 11
221 18
247 31
245 57
272 47
222 11
248 72
246 95
273 24
223 98
249 93
247 10
274 38
224 28
250 10
248 55
275 33
225 71
249 20
276 96
226 22
252 15
277 72
227 12
253 64
251 96
278 82
228 14
254 11
252 77
279 48
229 39
255 85
253 41
280 34
230 35
256 24
254 95
281 79
231 12
257 36
255 66
282 50
232 23
258 52
256 12
283 12
233 20
259 23
257 28
284 45
234 86
260 91
258 52
285 77
235 25
261 73
259 41
286 27
236 54
262 76
260 62
287 37
237 100
263 10
261 23
288 80
238 90
264 19
262 26
289 68
239 25
265 98
263 58
290 28
240 53
266 97
264 87
291 94
241 35
267 45
265 78
292 55
242 89
268 22
266 53
293 35
243 74
269 45
267 59
294 76
244 47
270 67
268 80
295 96
245 69
271 24
269 42
296 32
246 34
272 74
270 60
297 82
247 89
273 16
271 56
298 37
248 77
274 99
272 64
299 18
249 14
275 12
273 57
300 60
250 43
274 51
301 89
251 66
277 82
302 53
252 46
278 36
276 59
303 44
253 97
279 66
277 83
304 32
254 29
280 51
278 72
305 64
255 17
281 19
279 71
306 36
256 91
282 11
280 80
307 36
257 29
283 88
281 68
308 77
258 61
284 26
282 61
309 43
259 76
285 46
283 74
310 88
260 88
286 51
284 14
311 73
261 37
287 96
285 64
312 31
262 63
288 72
286 10
313 24
263 21
289 52
287 87
314 76
264 71
290 42
288 60
315 28
265 68
291 75
289 72
316 29
266 66
292 74
290 81
317 16
267 53
293 61
291 55
318 48
268 78
294 41
292 96
319 77
269 92
295 77
293 13
320 75
270 33
296 58
294 71
321 15
271 70
297 26
295 79
322 16
272 50
298 93
296 38
323 40
273 91
299 87
297 93
324 37
274 95
300 43
298 93
325 48
275 27
299 54
326 56
276 77
302 92
327 32
277 56
303 67
301 51
328 71
278 45
304 29
302 30
329 40
279 54
305 58
303 61
330 33
280 46
306 36
304 16
331 63
281 68
307 13
305 16
332 94
282 81
308 79
306 45
333 64
283 93
309 69
307 21
334 32
284 54
310 12
308 54
335 92
285 92
311 98
309 47
336 51
286 94
312 88
310 69
337 35
287 44
313 38
311 70
338 50
288 68
314 90
312 17
339 59
289 72
315 83
313 98
340 99
290 69
316 71
314 33
341 77
291 10
317 99
315 98
342 97
292 85
318 34
316 30
343 50
293 79
319 23
317 22
344 37
294 96
320 51
318 14
345 76
295 87
321 18
319 96
346 71
296 65
322 47
320 61
347 75
297 73
323 22
321 91
348 93
298 86
324 99
322 55
349 60
299 41
325 72
323 18
350 23
300 89
324 17
351 100
301 99
327 73
352 15
302 29
328 100
326 75
353 17
303 12
329 46
327 78
354 93
304 70
330 63
328 62
355 47
305 51
331 24
329 38
356 92
306 31
332 62
330 77
357 67
307 55
333 17
331 15
358 99
308 49
334 11
332 91
359 15
309 84
335 21
333 79
360 50
310 10
336 13
334 75
361 15
311 21
337 30
335 71
362 20
312 38
338 60
336 29
363 31
313 40
339 30
337 43
364 16
314 30
340 40
338 95
365 11
315 20
341 67
339 56
366 24
316 32
342 25
340 75
367 12
317 76
343 70
341 99
368 95
318 29
344 53
342 34
369 11
319 27
345 34
343 56
370 74
320 77
346 80
344 35
371 86
321 76
347 94
345 92
372 11
322 92
348 84
346 50
373 85
323 14
349 85
347 75
374 26
324 77
350 99
348 36
375 35
325 15
349 14
376 55
326 27
352 82
377 51
327 54
353 96
351 29
378 66
328 51
354 81
352 61
379 28
329 69
355 53
353 75
380 63
330 56
356 73
354 93
381 24
331 92
357 81
355 52
382 20
332 46
358 79
356 55
383 71
333 15
359 24
357 44
384 77
334 66
360 50
358 31
385 69
335 23
361 48
359 90
386 21
336 98
362 79
360 77
387 14
337 15
363 89
361 41
388 26
338 100
364 59
362 56
389 75
339 17
365 22
363 40
390 30
340 93
366 17
364 20
391 81
341 90
367 83
365 17
392 25
342 95
368 83
366 37
393 12
343 79
369 21
367 16
394 32
344 48
370 82
368 96
395 45
345 57
371 48
369 28
396 56
346 78
372 23
370 59
397 92
347 68
373 57
371 22
398 83
348 13
374 91
372 53
399 59
349 36
375 56
373 71
400 98
350 10
374 23
401 13
351 13
377 84
402 33
352 40
378 74
376 46
403 60
353 16
379 28
377 72
404 27
354 23
380 67
378 40
405 36
355 25
381 40
379 31
406 47
356 99
382 44
380 83
407 38
357 37
383 65
381 66
408 11
358 92
384 57
382 10
409 23
359 22
385 94
383 25
410 49
360 100
386 59
384 46
411 13
361 42
387 83
385 84
412 88
362 38
388 53
386 66
413 93
363 68
389 15
387 19
414 84
364 29
390 67
388 77
415 92
365 80
391 25
389 61
416 94
366 54
392 18
390 70
417 36
367 45
393 70
391 38
418 91
368 59
394 33
392 61
419 34
369 30
395 77
393 93
420 52
370 51
396 17
394 54
421 73
371 63
397 83
395 34
422 17
372 89
398 29
396 61
423 23
373 98
399 80
397 89
424 90
374 36
400 27
398 76
425 15
375 42
399 22
426 11
376 45
402 86
427 57
377 56
403 28
401 49
428 29
378 29
404 10
402 58
429 12
379 29
405 58
403 14
430 96
380 18
406 48
404 10
431 24
381 77
407 25
405 17
432 99
382 42
408 95
406 74
433 75
383 75
409 45
407 14
434 21
384 50
410 79
408 12
435 63
385 10
411 35
409 22
436 65
386 45
412 89
410 98
437 86
387 59
413 52
411 75
438 66
388 23
414 51
412 78
439 21
389 68
415 16
413 28
440 14
390 55
416 83
414 46
441 44
391 35
417 57
415 15
442 81
392 72
418 35
416 43
443 83
393 25
419 74
417 67
444 59
394 44
420 44
418 56
445 28
395 47
421 53
419 16
446 30
396 91
422 99
420 42
447 40
397 92
423 39
421 67
448 77
398 81
424 23
422 99
449 65
399 98
425 42
423 44
450 17
400 77
424 69
451 86
401 20
427 59
452 42
402 64
428 60
426 65
453 78
403 15
429 75
427 60
454 53
404 41
430 67
428 83
455 73
405 77
431 28
429 44
456 86
406 95
432 11
430 78
457 19
407 93
433 96
431 85
458 88
408 99
434 41
432 51
459 15
409 62
435 16
433 33
460 50
410 96
436 39
434 64
461 40
411 68
437 64
435 10
462 63
412 47
438 52
436 77
463 23
413 70
439 82
437 93
464 89
414 32
440 37
438 40
465 39
415 24
441 55
439 52
466 39
416 96
442 97
440 18
467 79
417 14
443 21
441 48
468 23
418 72
444 35
442 63
469 20
419 71
445 68
443 31
470 99
420 35
446 11
444 48
471 92
421 40
447 55
445 91
472 45
422 82
448 64
446 85
473 96
423 100
449 64
447 32
474 59
424 85
450 81
448 79
475 81
425 64
449 53
476 15
426 33
452 23
477 23
427 12
453 50
451 91
478 71
428 81
454 69
452 93
479 34
429 30
455 37
453 80
480 99
430 51
456 95
454 21
481 76
431 22
457 37
455 32
482 15
432 21
458 86
456 98
483 13
433 45
459 26
457 100
484 24
434 13
460 36
458 100
485 98
435 37
461 28
459 63
486 22
436 13
462 43
460 54
487 70
437 44
463 34
461 78
488 72
438 57
464 32
462 11
489 10
439 19
465 29
463 57
490 43
440 95
466 60
464 41
491 41
441 70
467 23
465 29
492 91
442 75
468 93
466 16
493 78
443 47
469 54
467 94
494 62
444 67
470 42
468 55
495 14
445 21
471 37
469 37
496 65
446 46
472 60
470 46
497 53
447 41
473 71
471 21
498 97
448 87
474 10
472 63
499 37
449 44
475 97
473 79
500 65
450 19
474 29
501 67
451 83
477 56
502 62
452 57
478 52
476 18
503 99
453 36
479 42
477 61
504 36
454 66
480 47
478 10
505 34
455 87
481 61
479 32
506 99
456 56
482 73
480 19
507 25
457 44
483 50
481 92
508 58
458 68
484 55
482 34
509 80
459 54
485 19
483 74
510 41
460 20
486 42
484 10
511 86
461 91
487 69
485 38
512 20
462 28
488 84
486 99
513 91
463 51
489 25
487 69
514 66
464 35
490 93
488 37
515 100
465 47
491 25
489 16
516 42
466 68
492 66
490 48
517 99
467 41
493 46
491 33
518 58
468 58
494 10
492 61
519 16
469 99
495 99
493 60
520 19
470 59
496 67
494 24
521 60
471 34
497 86
495 58
522 37
472 59
498 38
496 43
523 92
473 28
499 66
497 79
524 36
474 24
500 66
498 98
525 92
475 70
499 64
526 90
476 88
502 63
527 73
477 66
503 37
501 29
528 63
478 58
504 47
502 73
529 20
479 35
505 65
503 92
530 81
480 80
506 63
504 11
531 69
481 11
507 13
505 32
532 60
482 64
508 70
506 83
533 14
483 63
509 31
507 33
534 68
484 51
510 27
508 79
535 57
485 41
511 15
509 88
536 99
486 62
512 58
510 43
537 70
487 53
513 95
511 71
538 70
488 77
514 20
512 49
539 48
489 37
515 90
513 67
540 51
490 89
516 65
514 25
541 75
491 17
517 50
515 26
542 42
492 56
518 91
516 72
543 87
493 76
519 82
517 15
544 23
494 37
520 25
518 88
545 43
495 27
521 15
519 99
546 97
496 31
522 74
520 84
547 51
497 11
523 82
521 53
548 52
498 91
524 91
522 100
549 36
499 33
525 38
523 78
550 98
500 81
524 51
551 35
501 58
527 98
552 85
502 44
528 92
526 91
553 45
503 67
529 89
527 62
554 12
504 69
530 46
528 76
555 53
505 25
531 17
529 20
556 44
506 84
532 79
530 92
557 44
507 48
533 96
531 63
558 82
508 36
534 89
532 78
559 71
509 85
535 25
533 14
560 21
510 11
536 33
534 47
561 17
511 13
537 83
535 84
562 53
512 60
538 53
536 56
563 59
513 93
539 10
537 99
564 10
514 35
540 29
538 16
565 21
515 88
541 63
539 29
566 14
516 87
542 12
540 57
567 93
517 90
543 99
541 75
568 44
518 92
544 43
542 18
569 20
519 17
545 71
543 39
570 93
520 14
546 50
544 13
571 60
521 38
547 44
545 80
572 17
522 82
548 34
546 87
573 99
523 40
549 15
547 27
574 49
524 85
550 39
548 39
575 81
525 13
549 60
576 24
526 44
552 44
577 76
527 30
553 75
551 90
578 30
528 11
554 62
552 46
579 27
529 57
555 36
553 18
580 28
530 67
556 83
554 62
581 20
531 22
557 24
555 25
582 81
532 97
558 16
556 55
583 72
533 29
559 99
557 51
584 35
534 45
560 27
558 91
585 65
535 70
561 71
559 17
586 71
536 82
562 28
560 87
587 21
537 43
563 89
561 78
588 10
538 68
564 42
562 55
589 100
539 75
565 32
563 80
590 34
540 62
566 52
564 58
591 40
541 31
567 85
565 37
592 25
542 71
568 94
566 90
593 92
543 44
569 85
567 57
594 84
544 90
570 25
568 54
595 60
545 31
571 76
569 61
596 92
546 83
572 52
570 17
597 49
547 17
573 14
571 11
598 33
548 88
574 23
572 78
599 71
549 19
575 61
573 46
600 13
550 73
574 24
601 80
551 98
577 86
602 27
552 30
578 43
576 55
603 71
553 40
579 86
577 15
604 93
554 40
580 82
578 88
605 76
555 63
581 34
579 69
606 46
556 44
582 58
580 15
607 20
557 48
583 62
581 62
608 20
558 73
584 78
582 66
609 17
559 85
585 59
583 77
610 83
560 92
586 12
584 97
611 89
561 32
587 80
585 95
612 100
562 31
588 51
586 69
613 86
563 36
589 26
587 25
614 49
564 95
590 70
588 51
615 74
565 13
591 56
589 43
616 35
566 23
592 63
590 35
617 56
567 11
593 88
591 70
618 90
568 57
594 44
592 15
619 70
569 16
595 50
593 10
620 62
570 79
596 31
594 82
621 52
571 48
597 60
595 90
622 78
572 95
598 52
596 86
623 93
573 45
599 52
597 69
624 80
574 46
600 55
598 17
625 31
575 80
599 41
576 68
602 71
577 76
603 66
601 45
578 96
604 64
602 10
579 51
605 91
603 93
580 34
606 34
604 68
581 53
607 44
605 19
582 65
608 52
606 83
583 94
609 80
607 70
584 57
610 94
608 53
585 58
611 56
609 99
586 89
612 96
610 85
587 24
613 61
611 94
588 45
614 19
612 77
589 93
615 21
613 21
590 13
616 53
614 81
591 89
617 30
615 93
592 27
618 19
616 76
593 100
619 75
617 48
594 69
620 12
618 60
595 32
621 96
619 79
596 17
622 13
620 83
597 17
623 53
621 28
598 27
624 53
622 62
599 32
625 76
623 43
600 56
624 99
348
459
1 348 
2 363 292 
2 571 43 
2 540 305 
1 580 
3 65 159 471 
2 74 224 
2 238 486 
3 133 387 13 
2 188 352 
2 227 57 
2 546 421 
1 515 
2 70 64 
3 110 452 249 
2 183 456 
1 465 
3 22 132 548 
1 335 
2 602 88 
2 556 176 
1 492 
2 329 276 
2 324 590 
2 524 310 
2 417 311 
3 251 232 553 
1 301 
3 518 511 350 
2 209 212 
2 316 98 
3 94 321 476 
1 263 
1 160 
2 308 593 
4 444 282 198 217 
4 371 162 148 130 
2 380 376 
1 258 
1 402 
2 297 338 
1 597 
2 231 495 
1 436 
3 435 191 368 
2 163 603 
2 361 325 
1 177 
1 145 
3 218 407 304 
1 239 
2 375 25 
1 544 
1 102 
3 454 16 445 
1 572 
1 26 
1 377 
3 33 290 599 
1 172 
2 539 410 
2 480 448 
2 200 522 
1 186 
2 469 559 
1 564 
1 24 
1 254 
2 403 319 
2 109 71 
2 390 477 
1 507 
1 131 
1 113 
3 383 285 579 
1 575 
4 607 581 143 140 
1 241 
3 475 158 428 
1 29 
1 248 
2 586 437 
2 303 86 
2 563 169 
1 532 
5 296 269 349 526 612 
2 323 87 
4 288 253 409 446 
1 182 
1 512 
2 408 499 
1 340 
1 213 
2 457 442 
2 535 433 
1 166 
4 225 419 622 210 
2 411 565 
2 101 117 
2 286 534 
3 355 621 63 
1 37 
3 15 45 20 
1 388 
2 156 252 
1 438 
1 128 
1 557 
2 609 379 
1 416 
4 496 331 567 211 
1 391 
2 83 506 
1 400 
1 315 
2 401 281 
2 584 519 
2 517 459 
