600 2276 10 100 114
2
3
3
3
3
3
3
3
3
3
3
3
3
3
3
3
3
3
3
3
3
3
3
3
3
3
3
3
3
3
3
3
3
3
3
3
3
3
3
3
3
3
3
3
3
3
3
3
3
2
3
4
4
4
4
4
4
4
4
4
4
4
4
4
4
4
4
4
4
4
4
4
4
4
4
4
4
4
4
4
4
4
4
4
4
4
4
4
4
4
4
4
4
4
4
4
4
4
4
3
3
4
4
4
4
4
4
4
4
4
4
4
4
4
4
4
4
4
4
4
4
4
4
4
4
4
4
4
4
4
4
4
4
4
4
4
4
4
4
4
4
4
4
4
4
4
4
4
4
3
3
4
4
4
4
4
4
4
4
4
4
4
4
4
4
4
4
4
4
4
4
4
4
4
4
4
4
4
4
4
4
4
4
4
4
4
4
4
4
4
4
4
4
4
4
4
4
4
4
3
3
4
4
4
4
4
4
4
4
4
4
4
4
4
4
4
4
4
4
4
4
4
4
4
4
4
4
4
4
4
4
4
4
4
4
4
4
4
4
4
4
4
4
4
4
4
4
4
4
3
3
4
4
4
4
4
4
4
4
4
4
4
4
4
4
4
4
4
4
4
4
4
4
4
4
4
4
4
4
4
4
4
4
4
4
4
4
4
4
4
4
4
4
4
4
4
4
4
4
3
3
4
4
4
4
4
4
4
4
4
4
4
4
4
4
4
4
4
4
4
4
4
4
4
4
4
4
4
4
4
4
4
4
4
4
4
4
4
4
4
4
4
4
4
4
4
4
4
4
3
3
4
4
4
4
4
4
4
4
4
4
4
4
4
4
4
4
4
4
4
4
4
4
4
4
4
4
4
4
4
4
4
4
4
4
4
4
4
4
4
4
4
4
4
4
4
4
4
4
3
3
4
4
4
4
4
4
4
4
4
4
4
4
4
4
4
4
4
4
4
4
4
4
4
4
4
4
4
4
4
4
4
4
4
4
4
4
4
4
4
4
4
4
4
4
4
4
4
4
3
3
4
4
4
4
4
4
4
4
4
4
4
4
4
4
4
4
4
4
4
4
4
4
4
4
4
4
4
4
4
4
4
4
4
4
4
4
4
4
4
4
4
4
4
4
4
4
4
4
3
3
4
4
4
4
4
4
4
4
4
4
4
4
4
4
4
4
4
4
4
4
4
4
4
4
4
4
4
4
4
4
4
4
4
4
4
4
4
4
4
4
4
4
4
4
4
4
4
4
3
2
3
3
3
3
3
3
3
3
3
3
3
3
3
3
3
3
3
3
3
3
3
3
3
3
3
3
3
3
3
3
3
3
3
3
3
3
3
3
3
3
3
3
3
3
3
3
3
3
2
51 79
2 29
52 21
3 15
1 57
53 16
4 97
2 99
54 32
5 100
3 29
55 80
6 84
4 23
56 41
7 21
5 30
57 26
8 68
6 99
58 54
9 55
7 79
59 92
10 58
8 13
60 99
11 82
9 23
61 18
12 99
10 35
62 80
13 78
11 97
63 12
14 70
12 22
64 98
15 59
13 19
65 97
16 81
14 70
66 52
17 33
15 82
67 37
18 28
16 38
68 43
19 26
17 41
69 48
20 35
18 82
70 25
21 70
19 85
71 70
22 49
20 12
72 63
23 36
21 27
73 13
24 79
22 31
74 59
25 22
23 35
75 32
26 58
24 74
76 39
27 54
25 72
77 86
28 96
26 92
78 75
29 83
27 94
79 37
30 51
28 11
80 48
31 25
29 85
81 17
32 10
30 58
82 67
33 55
31 36
83 27
34 85
32 11
84 57
35 11
33 22
85 96
36 69
34 31
86 88
37 20
35 12
87 65
38 77
36 49
88 24
39 38
37 82
89 71
40 29
38 72
90 11
41 84
39 25
91 54
42 57
40 81
92 52
43 12
41 67
93 46
44 70
42 51
94 98
45 13
43 64
95 55
46 41
44 72
96 52
47 21
45 29
97 98
48 78
46 39
98 44
49 58
47 91
99 16
50 86
48 69
100 41
49 79
101 47
1 42
52 82
102 11
2 72
53 66
51 50
103 34
3 99
54 68
52 60
104 76
4 66
55 35
53 66
105 11
5 72
56 50
54 46
106 84
6 19
57 51
55 74
107 83
7 25
58 14
56 92
108 57
8 58
59 86
57 40
109 49
9 86
60 71
58 79
110 38
10 40
61 82
59 16
111 15
11 17
62 39
60 44
112 88
12 44
63 27
61 54
113 61
13 28
64 19
62 38
114 11
14 85
65 71
63 70
115 96
15 10
66 88
64 19
116 18
16 70
67 15
65 74
117 53
17 19
68 51
66 67
118 100
18 87
69 79
67 43
119 85
19 68
70 69
68 31
120 15
20 69
71 100
69 38
121 69
21 93
72 42
70 100
122 34
22 57
73 42
71 71
123 75
23 31
74 17
72 41
124 40
24 100
75 64
73 75
125 78
25 64
76 57
74 31
126 16
26 99
77 100
75 76
127 41
27 50
78 51
76 51
128 52
28 82
79 66
77 18
129 61
29 87
80 89
78 13
130 58
30 11
81 13
79 26
131 43
31 100
82 77
80 64
132 40
32 21
83 23
81 54
133 29
33 15
84 35
82 79
134 98
34 31
85 28
83 53
135 93
35 60
86 67
84 50
136 59
36 85
87 23
85 97
137 19
37 90
88 16
86 13
138 89
38 81
89 27
87 24
139 48
39 16
90 47
88 57
140 76
40 78
91 25
89 13
141 47
41 95
92 91
90 17
142 54
42 89
93 49
91 64
143 80
43 55
94 32
92 36
144 34
44 43
95 28
93 65
145 99
45 50
96 84
94 90
146 54
46 31
97 91
95 49
147 68
47 45
98 100
96 94
148 60
48 78
99 50
97 13
149 42
49 45
100 55
98 30
150 58
50 14
99 26
151 62
51 83
102 16
152 66
52 16
103 65
101 99
153 83
53 16
104 70
102 25
154 54
54 81
105 50
103 33
155 70
55 91
106 67
104 52
156 46
56 50
107 93
105 58
157 27
57 42
108 68
106 35
158 37
58 45
109 34
107 55
159 13
59 50
110 79
108 63
160 35
60 83
111 23
109 93
161 99
61 37
112 89
110 58
162 10
62 95
113 56
111 37
163 10
63 37
114 56
112 30
164 79
64 42
115 39
113 65
165 33
65 80
116 56
114 74
166 70
66 50
117 74
115 14
167 37
67 47
118 61
116 32
168 10
68 51
119 76
117 96
169 30
69 48
120 34
118 39
170 61
70 62
121 54
119 60
171 35
71 90
122 60
120 44
172 95
72 38
123 80
121 62
173 97
73 11
124 19
122 42
174 95
74 68
125 21
123 37
175 86
75 55
126 23
124 28
176 30
76 73
127 20
125 14
177 50
77 17
128 22
126 24
178 91
78 69
129 18
127 90
179 58
79 96
130 91
128 79
180 36
80 45
131 94
129 72
181 23
81 62
132 35
130 47
182 85
82 36
133 89
131 13
183 51
83 52
134 82
132 20
184 93
84 40
135 47
133 65
185 35
85 90
136 24
134 11
186 23
86 40
137 22
135 43
187 38
87 47
138 75
136 89
188 77
88 33
139 54
137 10
189 20
89 22
140 88
138 75
190 33
90 94
141 88
139 12
191 89
91 84
142 91
140 77
192 33
92 35
143 52
141 23
193 15
93 68
144 54
142 94
194 56
94 43
145 58
143 98
195 93
95 50
146 77
144 76
196 26
96 99
147 52
145 78
197 60
97 49
148 20
146 10
198 49
98 83
149 14
147 54
199 53
99 78
150 86
148 76
200 12
100 81
149 39
201 12
101 31
152 15
202 18
102 66
153 48
151 16
203 93
103 33
154 68
152 54
204 43
104 48
155 11
153 99
205 24
105 13
156 55
154 10
206 78
106 95
157 13
155 71
207 91
107 62
158 85
156 62
208 63
108 27
159 21
157 20
209 21
109 47
160 45
158 33
210 97
110 78
161 69
159 39
211 32
111 59
162 57
160 14
212 21
112 38
163 69
161 48
213 39
113 75
164 30
162 74
214 96
114 98
165 17
163 81
215 66
115 67
166 100
164 76
216 23
116 62
167 20
165 28
217 35
117 23
168 78
166 90
218 57
118 56
169 95
167 61
219 50
119 84
170 63
168 33
220 52
120 49
171 47
169 26
221 41
121 33
172 35
170 42
222 100
122 32
173 57
171 26
223 78
123 89
174 17
172 17
224 34
124 81
175 73
173 60
225 58
125 72
176 83
174 18
226 69
126 88
177 20
175 20
227 54
127 95
178 40
176 30
228 49
128 26
179 41
177 21
229 37
129 12
180 62
178 29
230 47
130 99
181 78
179 76
231 79
131 47
182 15
180 36
232 72
132 66
183 20
181 41
233 20
133 45
184 79
182 22
234 36
134 93
185 97
183 71
235 72
135 71
186 17
184 31
236 59
136 30
187 50
185 88
237 60
137 26
188 72
186 79
238 97
138 67
189 25
187 28
239 30
139 82
190 11
188 46
240 77
140 12
191 81
189 65
241 32
141 40
192 39
190 19
242 72
142 75
193 28
191 56
243 81
143 95
194 55
192 85
244 18
144 98
195 16
193 77
245 75
145 79
196 49
194 80
246 100
146 98
197 40
195 95
247 96
147 16
198 55
196 11
248 100
148 21
199 45
197 82
249 78
149 94
200 58
198 51
250 56
150 87
199 74
251 87
151 19
202 17
252 19
152 90
203 53
201 52
253 72
153 31
204 54
202 66
254 17
154 90
205 60
203 36
255 76
155 70
206 49
204 55
256 31
156 88
207 54
205 17
257 92
157 22
208 39
206 63
258 12
158 71
209 25
207 51
259 73
159 76
210 84
208 73
260 44
160 19
211 77
209 41
261 57
161 15
212 75
210 52
262 95
162 17
213 90
211 32
263 100
163 15
214 85
212 67
264 70
164 35
215 21
213 54
265 25
165 37
216 27
214 90
266 75
166 57
217 77
215 89
267 23
167 88
218 26
216 50
268 64
168 78
219 38
217 21
269 70
169 97
220 68
218 18
270 43
170 10
221 39
219 92
271 60
171 65
222 11
220 38
272 56
172 10
223 30
221 41
273 87
173 38
224 76
222 84
274 77
174 30
225 28
223 74
275 89
175 33
226 61
224 28
276 45
176 42
227 81
225 97
277 44
177 39
228 30
226 62
278 32
178 93
229 63
227 41
279 82
179 89
230 97
228 64
280 15
180 57
231 64
229 76
281 99
181 13
232 36
230 98
282 53
182 91
233 58
231 12
283 58
183 70
234 85
232 63
284 41
184 26
235 83
233 30
285 17
185 73
236 27
234 27
286 15
186 79
237 21
235 83
287 68
187 40
238 58
236 61
288 21
188 49
239 79
237 23
289 20
189 62
240 87
238 90
290 91
190 40
241 61
239 23
291 72
191 58
242 44
240 19
292 89
192 59
243 53
241 100
293 62
193 74
244 83
242 95
294 39
194 60
245 67
243 38
295 81
195 88
246 92
244 42
296 46
196 67
247 35
245 40
297 88
197 100
248 45
246 63
298 74
198 75
249 38
247 14
299 93
199 44
250 48
248 73
300 89
200 15
249 37
301 16
201 39
252 82
302 45
202 34
253 94
251 34
303 92
203 82
254 60
252 90
304 13
204 18
255 28
253 37
305 56
205 71
256 67
254 50
306 57
206 84
257 93
255 63
307 71
207 68
258 25
256 72
308 51
208 88
259 21
257 60
309 41
209 26
260 18
258 41
310 87
210 38
261 14
259 58
311 97
211 68
262 33
260 99
312 13
212 18
263 34
261 38
313 95
213 68
264 47
262 85
314 60
214 54
265 36
263 26
315 89
215 66
266 63
264 97
316 21
216 73
267 88
265 81
317 83
217 21
268 85
266 50
318 96
218 53
269 25
267 19
319 99
219 19
270 81
268 100
320 60
220 14
271 14
269 11
321 62
221 25
272 11
270 68
322 54
222 70
273 27
271 78
323 70
223 17
274 68
272 36
324 43
224 12
275 75
273 59
325 76
225 73
276 21
274 66
326 24
226 73
277 79
275 39
327 64
227 31
278 58
276 99
328 53
228 93
279 23
277 26
329 75
229 21
280 89
278 62
330 96
230 97
281 10
279 88
331 74
231 22
282 94
280 50
332 72
232 54
283 47
281 96
333 77
233 55
284 35
282 15
334 30
234 50
285 21
283 11
335 37
235 35
286 96
284 32
336 70
236 14
287 52
285 12
337 31
237 29
288 29
286 68
338 53
238 83
289 24
287 74
339 95
239 87
290 99
288 69
340 65
240 13
291 61
289 91
341 46
241 26
292 57
290 25
342 35
242 42
293 93
291 35
343 83
243 36
294 30
292 76
344 37
244 15
295 33
293 15
345 45
245 21
296 95
294 77
346 38
246 11
297 40
295 37
347 84
247 91
298 38
296 87
348 61
248 17
299 51
297 43
349 64
249 46
300 41
298 23
350 85
250 82
299 23
351 27
251 87
302 73
352 68
252 27
303 21
301 15
353 19
253 66
304 78
302 53
354 77
254 86
305 98
303 22
355 94
255 85
306 61
304 86
356 47
256 94
307 78
305 32
357 73
257 78
308 93
306 66
358 15
258 88
309 40
307 94
359 26
259 22
310 18
308 92
360 96
260 13
311 42
309 93
361 50
261 59
312 98
310 37
362 10
262 34
313 32
311 26
363 57
263 64
314 85
312 37
364 31
264 11
315 52
313 98
365 100
265 77
316 12
314 34
366 38
266 88
317 25
315 32
367 87
267 35
318 81
316 37
368 45
268 70
319 92
317 61
369 88
269 88
320 77
318 88
370 20
270 48
321 38
319 50
371 59
271 85
322 39
320 42
372 71
272 41
323 94
321 23
373 33
273 42
324 15
322 69
374 94
274 71
325 36
323 12
375 55
275 40
326 68
324 37
376 70
276 30
327 26
325 87
377 12
277 68
328 16
326 26
378 53
278 66
329 83
327 49
379 83
279 80
330 20
328 20
380 17
280 57
331 11
329 98
381 26
281 11
332 90
330 59
382 83
282 36
333 30
331 71
383 66
283 39
334 62
332 17
384 53
284 19
335 74
333 66
385 76
285 81
336 63
334 28
386 39
286 66
337 46
335 81
387 75
287 91
338 24
336 29
388 90
288 56
339 76
337 82
389 49
289 15
340 51
338 98
390 78
290 50
341 33
339 87
391 89
291 62
342 42
340 71
392 62
292 17
343 25
341 58
393 92
293 58
344 58
342 23
394 63
294 78
345 83
343 73
395 78
295 68
346 71
344 25
396 11
296 26
347 91
345 33
397 38
297 85
348 34
346 73
398 61
298 75
349 25
347 78
399 41
299 84
350 46
348 46
400 22
300 79
349 55
401 78
301 41
352 37
402 83
302 68
353 18
351 17
403 97
303 75
354 74
352 84
404 62
304 65
355 29
353 51
405 62
305 70
356 24
354 60
406 43
306 85
357 66
355 76
407 74
307 57
358 44
356 71
408 30
308 78
359 21
357 76
409 67
309 67
360 28
358 50
410 44
310 28
361 42
359 50
411 61
311 42
362 64
360 30
412 30
312 38
363 65
361 55
413 72
313 19
364 65
362 94
414 42
314 62
365 57
363 60
415 87
315 97
366 24
364 95
416 27
316 55
367 73
365 96
417 70
317 49
368 32
366 43
418 65
318 20
369 40
367 28
419 64
319 76
370 56
368 24
420 23
320 28
371 24
369 90
421 31
321 59
372 10
370 43
422 38
322 92
373 43
371 49
423 73
323 80
374 70
372 23
424 28
324 57
375 59
373 99
425 79
325 75
376 74
374 50
426 31
326 69
377 56
375 44
427 67
327 31
378 15
376 84
428 25
328 98
379 84
377 61
429 92
329 27
380 24
378 81
430 70
330 87
381 27
379 100
431 86
331 33
382 94
380 13
432 13
332 100
383 96
381 32
433 27
333 89
384 28
382 69
434 50
334 12
385 100
383 86
435 14
335 84
386 71
384 38
436 85
336 18
387 46
385 85
437 50
337 81
388 70
386 38
438 22
338 95
389 87
387 48
439 10
339 24
390 85
388 13
440 28
340 57
391 94
389 25
441 73
341 92
392 11
390 69
442 13
342 39
393 66
391 60
443 53
343 88
394 53
392 14
444 70
344 45
395 24
393 75
445 33
345 38
396 24
394 74
446 63
346 30
397 38
395 48
447 69
347 49
398 66
396 45
448 90
348 37
399 70
397 30
449 31
349 78
400 74
398 75
450 48
350 95
399 51
451 65
351 36
402 57
452 20
352 55
403 65
401 90
453 56
353 60
404 42
402 75
454 92
354 54
405 60
403 74
455 46
355 68
406 27
404 22
456 100
356 22
407 30
405 87
457 58
357 66
408 56
406 21
458 45
358 77
409 72
407 99
459 86
359 31
410 78
408 18
460 74
360 54
411 58
409 68
461 18
361 96
412 44
410 90
462 90
362 42
413 49
411 62
463 48
363 83
414 16
412 12
464 87
364 12
415 100
413 32
465 84
365 77
416 44
414 39
466 26
366 10
417 22
415 68
467 34
367 29
418 68
416 11
468 21
368 11
419 80
417 23
469 87
369 33
420 14
418 31
470 77
370 28
421 91
419 11
471 73
371 25
422 92
420 50
472 57
372 30
423 31
421 40
473 23
373 63
424 91
422 41
474 98
374 68
425 60
423 24
475 17
375 25
426 72
424 97
476 25
376 91
427 58
425 29
477 80
377 34
428 28
426 27
478 95
378 86
429 34
427 48
479 10
379 47
430 64
428 76
480 40
380 21
431 64
429 19
481 97
381 78
432 82
430 51
482 36
382 99
433 96
431 61
483 77
383 47
434 63
432 88
484 32
384 99
435 25
433 33
485 48
385 81
436 46
434 62
486 33
386 16
437 89
435 72
487 12
387 100
438 98
436 63
488 80
388 82
439 98
437 96
489 21
389 72
440 67
438 76
490 87
390 31
441 72
439 30
491 20
391 46
442 71
440 86
492 80
392 37
443 83
441 77
493 64
393 48
444 22
442 37
494 12
394 80
445 52
443 94
495 71
395 26
446 93
444 72
496 99
396 42
447 19
445 79
497 47
397 98
448 98
446 29
498 22
398 35
449 22
447 52
499 22
399 79
450 17
448 52
500 74
400 39
449 45
501 59
401 49
452 17
502 100
402 68
453 80
451 93
503 88
403 76
454 39
452 68
504 56
404 59
455 81
453 35
505 94
405 80
456 52
454 44
506 60
406 51
457 80
455 96
507 78
407 34
458 87
456 33
508 46
408 35
459 78
457 95
509 67
409 52
460 25
458 37
510 78
410 88
461 38
459 76
511 17
411 50
462 32
460 99
512 28
412 59
463 33
461 77
513 47
413 66
464 39
462 51
514 72
414 39
465 39
463 85
515 75
415 12
466 18
464 66
516 84
416 63
467 37
465 45
517 37
417 82
468 45
466 98
518 95
418 55
469 14
467 68
519 82
419 94
470 35
468 26
520 52
420 86
471 72
469 86
521 47
421 22
472 43
470 68
522 85
422 71
473 85
471 54
523 60
423 95
474 79
472 63
524 64
424 95
475 10
473 99
525 78
425 67
476 93
474 68
526 36
426 54
477 54
475 72
527 36
427 93
478 26
476 57
528 94
428 73
479 88
477 99
529 61
429 98
480 15
478 90
530 12
430 22
481 85
479 79
531 61
431 42
482 77
480 50
532 98
432 29
483 75
481 98
533 46
433 18
484 25
482 38
534 85
434 30
485 52
483 80
535 13
435 46
486 20
484 75
536 46
436 61
487 35
485 26
537 53
437 46
488 69
486 18
538 26
438 29
489 88
487 93
539 66
439 84
490 85
488 71
540 67
440 69
491 64
489 52
541 33
441 90
492 64
490 66
542 66
442 70
493 81
491 89
543 59
443 36
494 27
492 14
544 36
444 53
495 81
493 51
545 46
445 29
496 37
494 76
546 69
446 86
497 17
495 85
547 43
447 23
498 84
496 83
548 78
448 53
499 45
497 11
549 36
449 30
500 88
498 13
550 86
450 30
499 24
551 39
451 59
502 61
552 99
452 82
503 29
501 99
553 68
453 38
504 19
502 89
554 55
454 99
505 10
503 83
555 80
455 100
506 55
504 58
556 24
456 87
507 10
505 89
557 57
457 93
508 12
506 93
558 27
458 68
509 91
507 75
559 23
459 41
510 99
508 27
560 95
460 96
511 37
509 43
561 61
461 69
512 42
510 47
562 46
462 31
513 73
511 28
563 44
463 27
514 35
512 71
564 28
464 70
515 15
513 33
565 58
465 18
516 85
514 72
566 34
466 22
517 27
515 31
567 97
467 62
518 89
516 12
568 45
468 45
519 78
517 80
569 67
469 61
520 17
518 80
570 52
470 86
521 30
519 51
571 52
471 26
522 25
520 14
572 92
472 66
523 96
521 55
573 26
473 31
524 73
522 75
574 90
474 54
525 56
523 66
575 60
475 50
526 95
524 27
576 75
476 66
527 70
525 95
577 35
477 83
528 20
526 14
578 60
478 15
529 13
527 74
579 36
479 57
530 41
528 89
580 99
480 92
531 31
529 47
581 40
481 75
532 63
530 83
582 67
482 55
533 29
531 17
583 85
483 33
534 78
532 100
584 15
484 84
535 30
533 38
585 79
485 63
536 37
534 45
586 64
486 53
537 27
535 84
587 87
487 85
538 80
536 38
588 32
488 15
539 53
537 39
589 33
489 36
540 58
538 59
590 11
490 11
541 52
539 97
591 27
491 26
542 76
540 64
592 64
492 30
543 33
541 15
593 83
493 67
544 91
542 21
594 95
494 29
545 34
543 81
595 10
495 42
546 86
544 30
596 100
496 20
547 43
545 86
597 27
497 81
548 28
546 82
598 53
498 31
549 34
547 27
599 51
499 78
550 96
548 72
600 18
500 29
549 70
501 77
552 55
502 82
553 90
551 12
503 44
554 62
552 27
504 14
555 46
553 86
505 97
556 23
554 86
506 70
557 10
555 32
507 35
558 60
556 22
508 29
559 38
557 44
509 26
560 13
558 10
510 83
561 82
559 52
511 84
562 19
560 90
512 92
563 40
561 86
513 82
564 18
562 66
514 77
565 94
563 69
515 66
566 68
564 46
516 15
567 84
565 77
517 42
568 65
566 20
518 67
569 13
567 50
519 94
570 50
568 87
520 55
571 41
569 60
521 44
572 27
570 100
522 50
573 67
571 88
523 22
574 96
572 27
524 55
575 35
573 87
525 93
576 31
574 47
526 91
577 78
575 58
527 100
578 92
576 67
528 94
579 45
577 61
529 58
580 29
578 85
530 35
581 93
579 87
531 38
582 63
580 53
532 57
583 12
581 68
533 64
584 27
582 87
534 89
585 55
583 72
535 79
586 89
584 52
536 27
587 58
585 72
537 57
588 36
586 21
538 32
589 88
587 53
539 75
590 57
588 44
540 19
591 94
589 71
541 18
592 78
590 11
542 49
593 21
591 82
543 59
594 75
592 57
544 93
595 32
593 65
545 62
596 89
594 71
546 58
597 46
595 56
547 25
598 92
596 21
548 30
599 61
597 97
549 39
600 43
598 81
550 80
599 84
394
395
3 308 114 394 
2 111 547 
1 214 
1 387 
2 248 383 
1 90 
4 243 371 153 18 
1 579 
2 273 131 
1 43 
1 401 
2 331 360 
3 5 63 28 
1 442 
2 491 580 
1 516 
2 126 556 
1 80 
1 485 
1 20 
3 15 295 218 
2 552 342 
2 521 375 
1 563 
4 52 592 366 430 
3 57 534 488 
1 17 
1 306 
2 92 440 
1 224 
3 352 341 448 
1 10 
1 492 
2 323 212 
1 163 
1 504 
2 141 146 
1 53 
1 75 
2 196 566 
1 499 
2 217 187 
3 12 411 83 
2 384 209 
2 513 501 
3 118 546 258 
1 343 
1 116 
2 220 270 
1 101 
1 286 
2 189 285 
3 58 330 237 
1 129 
3 168 377 557 
2 33 299 
2 600 274 
1 525 
1 520 
1 503 
2 541 249 
2 524 287 
2 446 468 
2 124 296 
2 132 156 
2 451 594 
2 183 354 
3 71 300 231 
2 34 325 
3 310 200 388 
2 182 213 
2 79 62 
1 133 
2 84 91 
2 583 39 
5 311 204 136 338 264 
1 206 
3 265 364 170 
3 495 452 577 
1 276 
2 272 40 
1 21 
2 409 64 
1 358 
3 72 30 596 
1 173 
2 8 555 
3 523 171 458 
3 359 160 335 
3 402 447 551 
1 372 
1 393 
1 576 
1 530 
3 60 329 178 
2 454 568 
3 1 498 61 
4 476 526 269 312 
3 24 240 36 
1 399 
1 106 
2 493 190 
2 256 219 
2 322 436 
1 137 
2 47 191 
2 558 292 
1 199 
1 412 
2 400 282 
1 298 
1 361 
3 225 245 509 
1 395 
