100 342 10 100 19
2
3
3
2
3
4
4
3
3
4
4
3
3
4
4
3
3
4
4
3
3
4
4
3
3
4
4
3
3
4
4
3
3
4
4
3
3
4
4
3
3
4
4
3
3
4
4
3
3
4
4
3
3
4
4
3
3
4
4
3
3
4
4
3
3
4
4
3
3
4
4
3
3
4
4
3
3
4
4
3
3
4
4
3
3
4
4
3
3
4
4
3
3
4
4
3
2
3
3
2
5 83
2 29
6 90
3 69
1 90
7 66
4 60
2 31
8 39
3 24
9 94
1 45
6 86
10 65
2 67
7 13
5 43
11 35
3 56
8 12
6 14
12 75
4 39
7 39
13 38
5 95
10 64
14 28
6 40
11 51
9 44
15 49
7 22
12 66
10 61
16 87
8 71
11 35
17 73
9 57
14 73
18 75
10 49
15 55
13 54
19 100
11 19
16 42
14 39
20 75
12 50
15 90
21 83
13 65
18 91
22 95
14 57
19 28
17 63
23 14
15 82
20 35
18 49
24 46
16 49
19 47
25 53
17 44
22 68
26 33
18 79
23 94
21 12
27 19
19 81
24 49
22 28
28 27
20 48
23 74
29 57
21 22
26 70
30 16
22 95
27 56
25 50
31 28
23 55
28 90
26 64
32 96
24 44
27 90
33 63
25 11
30 37
34 56
26 92
31 54
29 82
35 68
27 69
32 56
30 63
36 72
28 77
31 67
37 82
29 59
34 50
38 36
30 96
35 35
33 59
39 88
31 42
36 30
34 56
40 51
32 14
35 90
41 70
33 48
38 34
42 42
34 12
39 29
37 11
43 75
35 61
40 58
38 99
44 23
36 15
39 67
45 39
37 90
42 36
46 15
38 86
43 82
41 43
47 64
39 57
44 63
42 78
48 49
40 50
43 13
49 51
41 41
46 83
50 98
42 15
47 74
45 89
51 59
43 27
48 21
46 42
52 75
44 65
47 41
53 19
45 66
50 75
54 54
46 29
51 86
49 32
55 19
47 75
52 23
50 14
56 83
48 87
51 16
57 70
49 93
54 58
58 61
50 98
55 48
53 69
59 61
51 81
56 38
54 90
60 60
52 80
55 87
61 20
53 94
58 36
62 93
54 35
59 36
57 94
63 99
55 26
60 40
58 77
64 26
56 57
59 29
65 67
57 54
62 39
66 89
58 73
63 16
61 86
67 39
59 75
64 25
62 22
68 90
60 10
63 89
69 16
61 80
66 33
70 99
62 89
67 68
65 92
71 99
63 87
68 36
66 93
72 21
64 33
67 98
73 94
65 10
70 84
74 94
66 25
71 14
69 85
75 97
67 48
72 90
70 73
76 66
68 56
71 37
77 33
69 25
74 16
78 44
70 71
75 31
73 89
79 25
71 62
76 84
74 83
80 59
72 96
75 82
81 60
73 91
78 93
82 15
74 93
79 70
77 30
83 93
75 36
80 27
78 28
84 75
76 60
79 86
85 20
77 17
82 85
86 66
78 41
83 24
81 33
87 51
79 87
84 25
82 20
88 31
80 44
83 89
89 97
81 82
86 78
90 75
82 67
87 39
85 12
91 36
83 17
88 48
86 41
92 59
84 66
87 19
93 41
85 34
90 52
94 34
86 78
91 64
89 55
95 32
87 91
92 100
90 37
96 54
88 46
91 69
97 87
89 23
94 93
98 60
90 11
95 99
93 91
99 77
91 86
96 18
94 59
100 82
92 46
95 45
93 24
98 37
94 54
99 16
97 63
95 21
100 58
98 91
96 34
99 32
23
10
1 23 
2 60 78 
2 34 39 
1 95 
3 61 76 87 
4 9 3 71 50 
1 12 
1 37 
2 99 1 
3 56 53 82 
1 20 
3 8 38 94 
2 52 81 
3 69 5 66 
1 49 
2 48 91 
1 13 
1 51 
1 10 
