625 2400 10 100 118
2
3
3
3
3
3
3
3
3
3
3
3
3
3
3
3
3
3
3
3
3
3
3
3
2
3
4
4
4
4
4
4
4
4
4
4
4
4
4
4
4
4
4
4
4
4
4
4
4
3
3
4
4
4
4
4
4
4
4
4
4
4
4
4
4
4
4
4
4
4
4
4
4
4
3
3
4
4
4
4
4
4
4
4
4
4
4
4
4
4
4
4
4
4
4
4
4
4
4
3
3
4
4
4
4
4
4
4
4
4
4
4
4
4
4
4
4
4
4
4
4
4
4
4
3
3
4
4
4
4
4
4
4
4
4
4
4
4
4
4
4
4
4
4
4
4
4
4
4
3
3
4
4
4
4
4
4
4
4
4
4
4
4
4
4
4
4
4
4
4
4
4
4
4
3
3
4
4
4
4
4
4
4
4
4
4
4
4
4
4
4
4
4
4
4
4
4
4
4
3
3
4
4
4
4
4
4
4
4
4
4
4
4
4
4
4
4
4
4
4
4
4
4
4
3
3
4
4
4
4
4
4
4
4
4
4
4
4
4
4
4
4
4
4
4
4
4
4
4
3
3
4
4
4
4
4
4
4
4
4
4
4
4
4
4
4
4
4
4
4
4
4
4
4
3
3
4
4
4
4
4
4
4
4
4
4
4
4
4
4
4
4
4
4
4
4
4
4
4
3
3
4
4
4
4
4
4
4
4
4
4
4
4
4
4
4
4
4
4
4
4
4
4
4
3
3
4
4
4
4
4
4
4
4
4
4
4
4
4
4
4
4
4
4
4
4
4
4
4
3
3
4
4
4
4
4
4
4
4
4
4
4
4
4
4
4
4
4
4
4
4
4
4
4
3
3
4
4
4
4
4
4
4
4
4
4
4
4
4
4
4
4
4
4
4
4
4
4
4
3
3
4
4
4
4
4
4
4
4
4
4
4
4
4
4
4
4
4
4
4
4
4
4
4
3
3
4
4
4
4
4
4
4
4
4
4
4
4
4
4
4
4
4
4
4
4
4
4
4
3
3
4
4
4
4
4
4
4
4
4
4
4
4
4
4
4
4
4
4
4
4
4
4
4
3
3
4
4
4
4
4
4
4
4
4
4
4
4
4
4
4
4
4
4
4
4
4
4
4
3
3
4
4
4
4
4
4
4
4
4
4
4
4
4
4
4
4
4
4
4
4
4
4
4
3
3
4
4
4
4
4
4
4
4
4
4
4
4
4
4
4
4
4
4
4
4
4
4
4
3
3
4
4
4
4
4
4
4
4
4
4
4
4
4
4
4
4
4
4
4
4
4
4
4
3
3
4
4
4
4
4
4
4
4
4
4
4
4
4
4
4
4
4
4
4
4
4
4
4
3
2
3
3
3
3
3
3
3
3
3
3
3
3
3
3
3
3
3
3
3
3
3
3
3
2
26 93
2 29
27 10
3 75
1 52
28 95
4 95
2 77
29 21
5 46
3 81
30 90
6 27
4 56
31 80
7 67
5 34
32 70
8 61
6 61
33 26
9 19
7 82
34 73
10 71
8 94
35 18
11 36
9 44
36 74
12 56
10 35
37 64
13 48
11 61
38 59
14 14
12 15
39 100
15 37
13 92
40 22
16 34
14 35
41 58
17 61
15 85
42 33
18 17
16 26
43 13
19 34
17 80
44 87
20 33
18 68
45 31
21 46
19 57
46 51
22 87
20 99
47 85
23 98
21 71
48 48
24 37
22 86
49 49
25 18
23 51
50 20
24 32
51 65
1 50
27 74
52 73
2 69
28 53
26 81
53 34
3 99
29 17
27 32
54 40
4 35
30 63
28 26
55 88
5 53
31 14
29 11
56 64
6 82
32 50
30 79
57 31
7 89
33 23
31 42
58 98
8 81
34 100
32 48
59 35
9 15
35 49
33 63
60 90
10 29
36 100
34 97
61 77
11 16
37 17
35 97
62 92
12 49
38 22
36 31
63 93
13 63
39 14
37 97
64 24
14 45
40 28
38 29
65 45
15 31
41 50
39 66
66 52
16 17
42 70
40 71
67 86
17 61
43 42
41 91
68 47
18 41
44 56
42 45
69 42
19 80
45 74
43 19
70 42
20 42
46 21
44 53
71 86
21 89
47 39
45 51
72 45
22 87
48 20
46 89
73 23
23 72
49 35
47 57
74 29
24 19
50 33
48 36
75 77
25 53
49 12
76 37
26 70
52 28
77 99
27 14
53 90
51 10
78 40
28 23
54 77
52 92
79 82
29 14
55 34
53 63
80 32
30 83
56 91
54 98
81 100
31 97
57 57
55 60
82 17
32 27
58 54
56 73
83 96
33 54
59 74
57 88
84 71
34 35
60 53
58 81
85 84
35 47
61 48
59 53
86 100
36 35
62 63
60 39
87 79
37 43
63 80
61 78
88 50
38 24
64 94
62 46
89 75
39 54
65 27
63 60
90 60
40 41
66 54
64 18
91 88
41 11
67 10
65 46
92 64
42 61
68 54
66 92
93 66
43 23
69 15
67 24
94 69
44 73
70 34
68 94
95 73
45 12
71 31
69 71
96 16
46 44
72 100
70 96
97 57
47 51
73 98
71 48
98 77
48 28
74 15
72 13
99 36
49 16
75 79
73 10
100 82
50 54
74 25
101 54
51 49
77 19
102 23
52 97
78 80
76 55
103 14
53 51
79 60
77 71
104 52
54 47
80 44
78 20
105 74
55 34
81 46
79 94
106 15
56 48
82 50
80 12
107 79
57 93
83 86
81 15
108 38
58 59
84 45
82 22
109 13
59 25
85 62
83 62
110 82
60 43
86 96
84 15
111 82
61 49
87 15
85 62
112 66
62 90
88 49
86 55
113 36
63 51
89 62
87 30
114 58
64 19
90 11
88 42
115 89
65 82
91 96
89 76
116 24
66 82
92 59
90 45
117 71
67 37
93 78
91 100
118 62
68 76
94 45
92 22
119 21
69 59
95 93
93 33
120 91
70 65
96 56
94 88
121 99
71 59
97 78
95 61
122 79
72 100
98 28
96 41
123 51
73 39
99 46
97 73
124 26
74 78
100 21
98 78
125 61
75 65
99 29
126 79
76 61
102 51
127 79
77 35
103 25
101 78
128 15
78 68
104 65
102 14
129 69
79 76
105 82
103 98
130 86
80 32
106 40
104 92
131 49
81 32
107 14
105 39
132 89
82 92
108 25
106 19
133 99
83 28
109 13
107 29
134 93
84 92
110 78
108 75
135 93
85 45
111 61
109 93
136 33
86 65
112 97
110 90
137 90
87 15
113 31
111 83
138 16
88 34
114 91
112 10
139 94
89 15
115 79
113 55
140 16
90 46
116 18
114 82
141 10
91 82
117 29
115 42
142 98
92 26
118 93
116 70
143 60
93 56
119 77
117 74
144 99
94 40
120 59
118 74
145 95
95 56
121 74
119 50
146 48
96 45
122 63
120 12
147 78
97 27
123 10
121 76
148 28
98 32
124 11
122 15
149 88
99 53
125 32
123 97
150 91
100 28
124 83
151 22
101 28
127 60
152 36
102 49
128 23
126 54
153 72
103 60
129 18
127 46
154 43
104 58
130 18
128 45
155 47
105 94
131 15
129 79
156 12
106 73
132 19
130 43
157 91
107 39
133 18
131 82
158 79
108 54
134 55
132 55
159 39
109 90
135 78
133 96
160 27
110 42
136 12
134 51
161 77
111 29
137 15
135 29
162 55
112 85
138 32
136 52
163 74
113 28
139 17
137 53
164 28
114 89
140 60
138 32
165 88
115 78
141 23
139 35
166 12
116 58
142 15
140 70
167 37
117 63
143 60
141 23
168 74
118 51
144 67
142 19
169 43
119 57
145 28
143 33
170 75
120 19
146 22
144 70
171 21
121 70
147 38
145 45
172 21
122 78
148 36
146 37
173 76
123 13
149 15
147 30
174 26
124 21
150 61
148 41
175 17
125 79
149 96
176 58
126 15
152 22
177 29
127 47
153 92
151 82
178 56
128 21
154 53
152 52
179 58
129 82
155 15
153 13
180 41
130 39
156 10
154 20
181 61
131 20
157 57
155 58
182 80
132 44
158 91
156 85
183 19
133 80
159 63
157 63
184 57
134 11
160 76
158 71
185 79
135 81
161 68
159 58
186 94
136 67
162 20
160 71
187 84
137 20
163 34
161 81
188 11
138 19
164 34
162 19
189 30
139 91
165 47
163 72
190 77
140 67
166 96
164 57
191 100
141 74
167 81
165 61
192 41
142 21
168 53
166 63
193 59
143 43
169 24
167 49
194 31
144 30
170 25
168 72
195 23
145 79
171 17
169 77
196 31
146 40
172 54
170 28
197 12
147 64
173 42
171 27
198 36
148 43
174 28
172 35
199 60
149 17
175 60
173 79
200 45
150 69
174 84
201 95
151 16
177 92
202 99
152 92
178 26
176 48
203 65
153 97
179 87
177 25
204 24
154 79
180 30
178 44
205 22
155 100
181 77
179 98
206 90
156 18
182 24
180 61
207 13
157 72
183 99
181 40
208 63
158 63
184 18
182 12
209 38
159 43
185 83
183 61
210 64
160 14
186 69
184 51
211 33
161 41
187 30
185 88
212 86
162 91
188 10
186 51
213 15
163 30
189 85
187 42
214 96
164 87
190 38
188 72
215 97
165 23
191 85
189 23
216 62
166 57
192 72
190 37
217 67
167 56
193 62
191 37
218 88
168 84
194 85
192 76
219 82
169 56
195 37
193 35
220 15
170 50
196 23
194 79
221 21
171 46
197 50
195 75
222 38
172 31
198 98
196 94
223 75
173 54
199 84
197 36
224 89
174 75
200 84
198 68
225 46
175 63
199 60
226 51
176 82
202 52
227 79
177 61
203 43
201 23
228 30
178 63
204 35
202 27
229 11
179 65
205 12
203 60
230 39
180 50
206 25
204 20
231 83
181 67
207 11
205 69
232 49
182 35
208 54
206 25
233 13
183 21
209 32
207 65
234 79
184 60
210 10
208 98
235 24
185 72
211 33
209 90
236 26
186 71
212 54
210 89
237 86
187 41
213 69
211 88
238 70
188 39
214 46
212 87
239 99
189 20
215 11
213 69
240 73
190 25
216 41
214 63
241 70
191 35
217 56
215 58
242 10
192 46
218 95
216 36
243 41
193 94
219 86
217 36
244 67
194 39
220 74
218 82
245 85
195 54
221 51
219 28
246 27
196 88
222 62
220 14
247 97
197 67
223 90
221 67
248 100
198 100
224 56
222 19
249 47
199 80
225 79
223 31
250 36
200 62
224 32
251 53
201 97
227 77
252 83
202 52
228 55
226 96
253 41
203 73
229 48
227 88
254 96
204 23
230 58
228 64
255 19
205 11
231 87
229 91
256 34
206 60
232 24
230 22
257 83
207 25
233 36
231 70
258 24
208 68
234 81
232 11
259 12
209 26
235 55
233 32
260 43
210 31
236 85
234 23
261 40
211 41
237 89
235 78
262 90
212 47
238 32
236 68
263 38
213 52
239 15
237 76
264 97
214 92
240 41
238 100
265 54
215 37
241 63
239 94
266 88
216 78
242 51
240 77
267 12
217 47
243 43
241 45
268 69
218 10
244 71
242 74
269 40
219 79
245 41
243 87
270 25
220 61
246 98
244 49
271 55
221 76
247 60
245 56
272 44
222 77
248 51
246 34
273 47
223 24
249 36
247 91
274 24
224 19
250 91
248 95
275 94
225 56
249 49
276 51
226 10
252 66
277 19
227 42
253 25
251 58
278 83
228 80
254 29
252 100
279 84
229 97
255 40
253 21
280 65
230 40
256 29
254 28
281 89
231 66
257 81
255 44
282 55
232 72
258 17
256 77
283 21
233 19
259 33
257 39
284 25
234 16
260 20
258 46
285 31
235 77
261 56
259 18
286 34
236 40
262 47
260 25
287 23
237 23
263 93
261 85
288 70
238 31
264 75
262 61
289 81
239 12
265 47
263 39
290 86
240 60
266 53
264 39
291 86
241 48
267 10
265 86
292 97
242 40
268 82
266 81
293 45
243 48
269 85
267 52
294 66
244 72
270 18
268 75
295 52
245 94
271 53
269 66
296 17
246 39
272 20
270 46
297 76
247 49
273 99
271 12
298 96
248 40
274 50
272 15
299 91
249 58
275 84
273 38
300 17
250 78
274 91
301 54
251 81
277 49
302 42
252 33
278 26
276 95
303 47
253 72
279 43
277 91
304 16
254 30
280 64
278 54
305 17
255 11
281 85
279 27
306 69
256 26
282 93
280 40
307 15
257 42
283 37
281 21
308 44
258 90
284 81
282 23
309 75
259 44
285 88
283 31
310 50
260 74
286 35
284 45
311 89
261 85
287 24
285 25
312 88
262 76
288 12
286 27
313 90
263 42
289 17
287 96
314 77
264 47
290 50
288 20
315 72
265 96
291 38
289 90
316 85
266 57
292 10
290 91
317 34
267 87
293 97
291 32
318 58
268 77
294 44
292 36
319 43
269 94
295 37
293 46
320 55
270 53
296 13
294 22
321 15
271 89
297 67
295 75
322 95
272 17
298 85
296 17
323 39
273 33
299 85
297 67
324 83
274 16
300 69
298 29
325 52
275 11
299 88
326 10
276 49
302 32
327 86
277 99
303 71
301 65
328 82
278 64
304 38
302 46
329 78
279 37
305 16
303 82
330 50
280 54
306 42
304 98
331 34
281 14
307 30
305 25
332 24
282 82
308 85
306 58
333 89
283 59
309 13
307 32
334 20
284 81
310 57
308 92
335 75
285 56
311 77
309 49
336 57
286 38
312 42
310 89
337 88
287 70
313 84
311 21
338 33
288 70
314 35
312 61
339 29
289 96
315 94
313 25
340 93
290 98
316 95
314 93
341 66
291 21
317 30
315 55
342 16
292 51
318 19
316 93
343 68
293 91
319 31
317 87
344 64
294 74
320 70
318 54
345 72
295 50
321 83
319 84
346 12
296 54
322 14
320 66
347 16
297 55
323 33
321 30
348 53
298 30
324 66
322 45
349 16
299 94
325 32
323 90
350 75
300 73
324 91
351 82
301 33
327 51
352 45
302 41
328 92
326 46
353 24
303 46
329 11
327 19
354 21
304 19
330 90
328 13
355 46
305 62
331 99
329 77
356 29
306 38
332 92
330 22
357 38
307 48
333 24
331 38
358 20
308 75
334 58
332 89
359 98
309 15
335 100
333 67
360 69
310 21
336 87
334 66
361 85
311 97
337 85
335 16
362 33
312 62
338 33
336 49
363 78
313 93
339 70
337 76
364 75
314 20
340 88
338 13
365 39
315 22
341 83
339 77
366 53
316 17
342 10
340 94
367 40
317 84
343 24
341 18
368 42
318 95
344 31
342 51
369 46
319 56
345 70
343 93
370 89
320 24
346 87
344 13
371 100
321 36
347 22
345 94
372 56
322 69
348 44
346 66
373 30
323 22
349 41
347 15
374 19
324 39
350 83
348 78
375 100
325 21
349 82
376 82
326 39
352 95
377 17
327 53
353 84
351 35
378 32
328 44
354 47
352 97
379 72
329 79
355 37
353 21
380 31
330 25
356 97
354 11
381 17
331 55
357 15
355 56
382 51
332 51
358 63
356 38
383 79
333 84
359 90
357 49
384 15
334 77
360 83
358 21
385 94
335 60
361 49
359 46
386 10
336 25
362 55
360 37
387 75
337 89
363 42
361 81
388 79
338 68
364 62
362 71
389 57
339 34
365 37
363 72
390 24
340 10
366 50
364 27
391 38
341 37
367 14
365 54
392 20
342 95
368 11
366 64
393 55
343 77
369 22
367 52
394 77
344 79
370 60
368 62
395 37
345 77
371 24
369 90
396 33
346 69
372 23
370 29
397 39
347 61
373 56
371 100
398 63
348 64
374 27
372 24
399 99
349 43
375 24
373 93
400 54
350 77
374 59
401 77
351 80
377 45
402 52
352 31
378 92
376 38
403 22
353 85
379 69
377 54
404 16
354 99
380 31
378 35
405 71
355 97
381 79
379 13
406 11
356 30
382 72
380 52
407 85
357 75
383 74
381 35
408 53
358 44
384 83
382 87
409 67
359 75
385 70
383 36
410 72
360 41
386 52
384 90
411 97
361 69
387 37
385 54
412 90
362 39
388 64
386 45
413 81
363 92
389 11
387 67
414 56
364 69
390 32
388 95
415 53
365 69
391 54
389 31
416 86
366 92
392 41
390 27
417 59
367 54
393 33
391 93
418 16
368 46
394 13
392 16
419 40
369 74
395 64
393 46
420 62
370 39
396 24
394 10
421 37
371 80
397 95
395 55
422 18
372 48
398 84
396 34
423 79
373 91
399 25
397 24
424 39
374 30
400 94
398 100
425 27
375 65
399 36
426 22
376 24
402 80
427 20
377 81
403 23
401 98
428 14
378 41
404 75
402 93
429 83
379 88
405 64
403 81
430 95
380 30
406 32
404 68
431 57
381 26
407 68
405 23
432 40
382 85
408 58
406 43
433 67
383 38
409 50
407 56
434 94
384 12
410 61
408 95
435 65
385 10
411 20
409 37
436 99
386 50
412 76
410 50
437 27
387 45
413 83
411 32
438 16
388 98
414 66
412 95
439 26
389 45
415 83
413 80
440 46
390 96
416 66
414 25
441 34
391 32
417 88
415 20
442 41
392 77
418 87
416 13
443 72
393 57
419 44
417 37
444 47
394 40
420 52
418 28
445 14
395 65
421 19
419 26
446 44
396 77
422 86
420 44
447 56
397 21
423 63
421 50
448 70
398 18
424 88
422 75
449 24
399 56
425 35
423 15
450 85
400 64
424 73
451 60
401 62
427 95
452 68
402 50
428 23
426 74
453 23
403 20
429 42
427 48
454 80
404 65
430 72
428 45
455 49
405 76
431 77
429 23
456 39
406 21
432 21
430 86
457 98
407 90
433 80
431 63
458 25
408 55
434 91
432 60
459 57
409 91
435 77
433 13
460 60
410 58
436 90
434 20
461 59
411 38
437 64
435 81
462 28
412 19
438 78
436 78
463 26
413 58
439 32
437 42
464 47
414 78
440 91
438 47
465 52
415 79
441 15
439 81
466 84
416 12
442 72
440 74
467 86
417 29
443 51
441 22
468 36
418 73
444 49
442 72
469 84
419 21
445 26
443 50
470 23
420 61
446 77
444 56
471 38
421 17
447 94
445 82
472 36
422 96
448 54
446 52
473 42
423 71
449 88
447 75
474 61
424 50
450 73
448 28
475 29
425 49
449 30
476 92
426 43
452 99
477 45
427 30
453 99
451 24
478 89
428 33
454 36
452 59
479 62
429 88
455 53
453 84
480 94
430 74
456 83
454 67
481 70
431 58
457 35
455 69
482 54
432 32
458 26
456 54
483 84
433 59
459 21
457 13
484 22
434 20
460 60
458 56
485 49
435 83
461 98
459 45
486 83
436 54
462 90
460 44
487 71
437 95
463 33
461 55
488 67
438 67
464 33
462 43
489 70
439 78
465 34
463 97
490 51
440 81
466 16
464 26
491 41
441 82
467 11
465 68
492 49
442 26
468 18
466 40
493 40
443 66
469 54
467 34
494 19
444 11
470 100
468 51
495 13
445 44
471 15
469 11
496 100
446 26
472 10
470 17
497 51
447 52
473 96
471 52
498 22
448 97
474 68
472 34
499 54
449 42
475 33
473 72
500 85
450 65
474 11
501 47
451 29
477 78
502 35
452 54
478 75
476 53
503 50
453 33
479 81
477 61
504 96
454 43
480 10
478 27
505 60
455 53
481 22
479 89
506 98
456 11
482 71
480 45
507 22
457 21
483 55
481 25
508 38
458 100
484 20
482 61
509 85
459 88
485 85
483 85
510 54
460 36
486 44
484 37
511 95
461 55
487 94
485 37
512 100
462 51
488 50
486 18
513 17
463 92
489 83
487 95
514 82
464 59
490 61
488 18
515 57
465 39
491 91
489 99
516 87
466 89
492 72
490 49
517 26
467 90
493 91
491 69
518 67
468 58
494 65
492 19
519 82
469 23
495 54
493 55
520 44
470 65
496 27
494 46
521 87
471 23
497 20
495 16
522 72
472 37
498 84
496 48
523 24
473 75
499 28
497 49
524 61
474 100
500 35
498 60
525 88
475 38
499 45
526 49
476 47
502 58
527 83
477 64
503 60
501 78
528 92
478 22
504 30
502 89
529 52
479 66
505 69
503 83
530 38
480 20
506 48
504 11
531 72
481 45
507 40
505 61
532 31
482 23
508 50
506 57
533 30
483 90
509 58
507 46
534 83
484 89
510 49
508 21
535 78
485 31
511 80
509 86
536 41
486 45
512 14
510 50
537 46
487 39
513 22
511 12
538 12
488 41
514 26
512 62
539 58
489 57
515 59
513 17
540 27
490 21
516 15
514 86
541 17
491 90
517 54
515 45
542 36
492 51
518 92
516 11
543 59
493 85
519 72
517 74
544 78
494 58
520 58
518 34
545 50
495 89
521 27
519 34
546 38
496 78
522 64
520 74
547 40
497 65
523 53
521 19
548 19
498 57
524 90
522 17
549 64
499 59
525 96
523 23
550 61
500 48
524 79
551 32
501 84
527 92
552 95
502 37
528 42
526 94
553 58
503 73
529 66
527 25
554 46
504 84
530 80
528 92
555 46
505 22
531 18
529 31
556 66
506 25
532 18
530 76
557 55
507 31
533 46
531 72
558 37
508 100
534 54
532 52
559 38
509 27
535 84
533 43
560 42
510 85
536 83
534 52
561 24
511 72
537 34
535 100
562 57
512 36
538 95
536 39
563 95
513 28
539 88
537 40
564 98
514 29
540 83
538 66
565 85
515 20
541 40
539 73
566 24
516 51
542 87
540 22
567 16
517 29
543 51
541 91
568 17
518 92
544 89
542 21
569 77
519 27
545 28
543 18
570 94
520 59
546 68
544 53
571 30
521 51
547 91
545 75
572 70
522 18
548 10
546 21
573 59
523 50
549 54
547 23
574 77
524 98
550 72
548 87
575 85
525 43
549 12
576 44
526 75
552 14
577 73
527 11
553 74
551 79
578 44
528 53
554 86
552 82
579 22
529 58
555 100
553 95
580 31
530 76
556 61
554 26
581 77
531 35
557 16
555 95
582 22
532 15
558 94
556 80
583 36
533 50
559 73
557 92
584 26
534 51
560 96
558 46
585 91
535 14
561 60
559 21
586 99
536 34
562 82
560 45
587 85
537 14
563 58
561 19
588 42
538 92
564 60
562 54
589 31
539 26
565 29
563 43
590 84
540 43
566 82
564 70
591 81
541 71
567 22
565 48
592 80
542 68
568 59
566 71
593 88
543 31
569 38
567 87
594 44
544 28
570 12
568 51
595 93
545 49
571 26
569 22
596 62
546 92
572 26
570 15
597 82
547 92
573 30
571 22
598 100
548 18
574 43
572 85
599 81
549 50
575 61
573 44
600 27
550 39
574 20
601 53
551 42
577 88
602 88
552 61
578 68
576 55
603 70
553 43
579 80
577 95
604 95
554 65
580 34
578 66
605 80
555 20
581 82
579 44
606 19
556 52
582 87
580 13
607 29
557 61
583 40
581 62
608 54
558 20
584 44
582 89
609 49
559 97
585 18
583 87
610 45
560 39
586 71
584 98
611 65
561 14
587 78
585 34
612 67
562 97
588 53
586 85
613 50
563 49
589 71
587 45
614 40
564 73
590 26
588 21
615 83
565 52
591 66
589 32
616 87
566 15
592 68
590 80
617 13
567 69
593 88
591 63
618 37
568 65
594 12
592 12
619 76
569 26
595 89
593 17
620 28
570 80
596 61
594 54
621 72
571 25
597 96
595 24
622 78
572 59
598 47
596 46
623 72
573 100
599 19
597 20
624 19
574 55
600 27
598 94
625 49
575 46
599 48
576 76
602 28
577 32
603 85
601 34
578 40
604 82
602 95
579 61
605 25
603 62
580 65
606 47
604 96
581 23
607 57
605 86
582 83
608 58
606 21
583 87
609 50
607 77
584 74
610 87
608 99
585 43
611 73
609 73
586 12
612 36
610 36
587 41
613 94
611 16
588 100
614 46
612 26
589 35
615 44
613 82
590 14
616 35
614 51
591 34
617 19
615 99
592 36
618 88
616 47
593 12
619 53
617 28
594 12
620 17
618 89
595 25
621 47
619 28
596 46
622 41
620 14
597 44
623 61
621 53
598 87
624 43
622 95
599 50
625 23
623 46
600 55
624 26
490
31
3 321 568 490 
1 472 
2 620 336 
1 614 
1 121 
1 420 
2 111 26 
5 312 396 324 82 581 
2 551 251 
2 285 457 
2 486 124 
2 119 463 
1 566 
2 342 151 
2 243 200 
2 204 552 
3 168 236 419 
2 268 64 
4 471 521 430 366 
2 35 343 
3 497 367 150 
1 214 
2 176 58 
2 158 598 
1 181 
2 619 535 
1 221 
1 276 
1 431 
5 379 78 94 96 613 
2 207 104 
3 294 10 13 
1 363 
1 531 
2 421 28 
2 579 558 
1 498 
1 40 
2 184 32 
3 139 76 616 
1 178 
1 252 
4 218 512 36 301 
1 143 
2 391 326 
1 167 
1 456 
1 502 
4 465 500 357 231 
1 453 
2 247 33 
2 315 359 
3 248 219 590 
1 183 
2 117 309 
1 162 
1 361 
1 417 
4 56 1 624 556 
1 137 
3 337 553 20 
3 213 263 261 
1 416 
2 197 425 
1 462 
4 97 606 381 406 
2 5 316 
3 25 518 179 
2 345 313 
3 325 573 239 
2 293 572 
1 371 
1 51 
3 314 533 446 
2 67 383 
1 594 
2 39 527 
1 206 
2 541 270 
1 392 
1 55 
1 161 
2 499 347 
1 188 
2 511 492 
2 557 49 
2 615 220 
1 274 
2 546 290 
3 368 480 63 
3 559 45 182 
2 192 302 
1 115 
1 400 
3 249 622 584 
2 434 298 
1 473 
1 578 
1 612 
3 455 198 120 
2 145 4 
1 37 
1 548 
2 106 364 
2 149 157 
2 256 126 
2 375 72 
1 474 
3 358 526 71 
1 509 
1 202 
1 133 
1 260 
2 163 14 
2 42 229 
3 576 335 422 
1 91 
1 31 
