144 528 10 100 27
2
3
3
3
3
3
3
3
3
3
3
2
3
4
4
4
4
4
4
4
4
4
4
3
3
4
4
4
4
4
4
4
4
4
4
3
3
4
4
4
4
4
4
4
4
4
4
3
3
4
4
4
4
4
4
4
4
4
4
3
3
4
4
4
4
4
4
4
4
4
4
3
3
4
4
4
4
4
4
4
4
4
4
3
3
4
4
4
4
4
4
4
4
4
4
3
3
4
4
4
4
4
4
4
4
4
4
3
3
4
4
4
4
4
4
4
4
4
4
3
3
4
4
4
4
4
4
4
4
4
4
3
2
3
3
3
3
3
3
3
3
3
3
2
13 31
2 29
14 78
3 68
1 35
15 55
4 45
2 13
16 71
5 79
3 22
17 88
6 91
4 27
18 73
7 78
5 43
19 76
8 70
6 66
20 45
9 69
7 82
21 95
10 22
8 36
22 87
11 47
9 64
23 22
12 66
10 30
24 57
11 53
25 61
1 56
14 55
26 94
2 53
15 63
13 13
27 21
3 95
16 98
14 27
28 86
4 67
17 40
15 32
29 43
5 92
18 97
16 24
30 74
6 55
19 72
17 35
31 18
7 45
20 65
18 23
32 10
8 62
21 65
19 24
33 43
9 67
22 22
20 51
34 30
10 77
23 11
21 62
35 47
11 20
24 94
22 25
36 44
12 55
23 72
37 40
13 94
26 28
38 98
14 13
27 46
25 61
39 18
15 55
28 66
26 92
40 87
16 16
29 74
27 50
41 15
17 95
30 98
28 18
42 63
18 89
31 10
29 23
43 18
19 48
32 24
30 86
44 18
20 14
33 83
31 82
45 56
21 89
34 45
32 20
46 88
22 94
35 97
33 15
47 64
23 27
36 13
34 86
48 42
24 42
35 36
49 10
25 76
38 75
50 91
26 92
39 61
37 63
51 40
27 32
40 70
38 44
52 22
28 58
41 17
39 19
53 68
29 62
42 61
40 74
54 56
30 87
43 76
41 18
55 38
31 16
44 78
42 21
56 17
32 34
45 43
43 31
57 52
33 72
46 98
44 12
58 33
34 11
47 91
45 16
59 69
35 76
48 53
46 77
60 75
36 15
47 54
61 90
37 73
50 38
62 33
38 58
51 90
49 68
63 70
39 100
52 51
50 46
64 48
40 19
53 46
51 26
65 76
41 98
54 23
52 61
66 97
42 64
55 72
53 47
67 100
43 45
56 39
54 96
68 84
44 78
57 64
55 24
69 98
45 11
58 41
56 23
70 88
46 30
59 81
57 21
71 61
47 48
60 99
58 69
72 94
48 57
59 38
73 49
49 20
62 47
74 77
50 82
63 60
61 54
75 10
51 93
64 59
62 38
76 76
52 49
65 30
63 78
77 85
53 28
66 55
64 94
78 99
54 55
67 61
65 27
79 48
55 46
68 35
66 56
80 60
56 30
69 34
67 19
81 27
57 63
70 28
68 99
82 43
58 18
71 77
69 88
83 19
59 84
72 81
70 43
84 38
60 48
71 85
85 36
61 34
74 67
86 36
62 56
75 48
73 49
87 51
63 78
76 53
74 27
88 92
64 79
77 100
75 73
89 100
65 86
78 25
76 61
90 85
66 29
79 91
77 74
91 26
67 44
80 66
78 52
92 75
68 31
81 91
79 41
93 58
69 15
82 89
80 15
94 26
70 50
83 86
81 35
95 72
71 99
84 15
82 82
96 56
72 67
83 84
97 47
73 68
86 74
98 30
74 64
87 57
85 37
99 32
75 12
88 47
86 12
100 53
76 90
89 79
87 89
101 60
77 95
90 32
88 89
102 88
78 47
91 90
89 53
103 39
79 15
92 82
90 68
104 11
80 21
93 14
91 41
105 72
81 100
94 84
92 32
106 50
82 35
95 67
93 47
107 92
83 100
96 65
94 18
108 64
84 87
95 63
109 38
85 61
98 18
110 68
86 92
99 19
97 15
111 24
87 50
100 15
98 51
112 60
88 18
101 98
99 98
113 57
89 61
102 69
100 62
114 38
90 30
103 93
101 63
115 76
91 61
104 69
102 15
116 34
92 74
105 82
103 75
117 76
93 97
106 89
104 90
118 86
94 46
107 18
105 52
119 71
95 38
108 28
106 51
120 80
96 13
107 39
121 28
97 56
110 58
122 12
98 30
111 38
109 85
123 59
99 81
112 72
110 73
124 48
100 50
113 87
111 81
125 68
101 83
114 66
112 64
126 36
102 23
115 78
113 67
127 61
103 56
116 36
114 94
128 28
104 44
117 76
115 37
129 83
105 44
118 49
116 98
130 85
106 48
119 20
117 79
131 36
107 89
120 35
118 100
132 49
108 72
119 41
133 69
109 79
122 81
134 100
110 39
123 69
121 63
135 88
111 50
124 65
122 60
136 67
112 51
125 19
123 91
137 86
113 72
126 40
124 54
138 40
114 52
127 84
125 12
139 37
115 18
128 43
126 86
140 90
116 51
129 15
127 79
141 93
117 57
130 34
128 78
142 43
118 18
131 46
129 91
143 36
119 65
132 20
130 76
144 45
120 40
131 32
121 22
134 74
122 96
135 72
133 82
123 13
136 15
134 58
124 38
137 40
135 30
125 53
138 21
136 32
126 32
139 57
137 84
127 60
140 78
138 64
128 97
141 59
139 15
129 17
142 99
140 27
130 97
143 66
141 52
131 69
144 99
142 55
132 49
143 86
72
20
2 99 72 
4 47 98 138 21 
2 6 121 
2 141 39 
1 63 
4 142 144 52 61 
1 18 
2 15 10 
2 74 120 
2 57 35 
2 82 101 
2 93 117 
1 118 
3 14 90 11 
1 124 
1 17 
1 4 
1 19 
3 78 1 83 
1 116 
1 103 
2 134 109 
2 33 91 
1 108 
2 131 143 
1 88 
3 24 97 20 
