400 1500 10 100 76
2
3
3
3
3
3
3
3
3
3
3
3
3
3
3
3
3
3
3
3
3
3
3
3
3
3
3
3
3
3
3
3
3
3
3
3
3
3
3
2
3
4
4
4
4
4
4
4
4
4
4
4
4
4
4
4
4
4
4
4
4
4
4
4
4
4
4
4
4
4
4
4
4
4
4
4
4
4
4
3
3
4
4
4
4
4
4
4
4
4
4
4
4
4
4
4
4
4
4
4
4
4
4
4
4
4
4
4
4
4
4
4
4
4
4
4
4
4
4
3
3
4
4
4
4
4
4
4
4
4
4
4
4
4
4
4
4
4
4
4
4
4
4
4
4
4
4
4
4
4
4
4
4
4
4
4
4
4
4
3
3
4
4
4
4
4
4
4
4
4
4
4
4
4
4
4
4
4
4
4
4
4
4
4
4
4
4
4
4
4
4
4
4
4
4
4
4
4
4
3
3
4
4
4
4
4
4
4
4
4
4
4
4
4
4
4
4
4
4
4
4
4
4
4
4
4
4
4
4
4
4
4
4
4
4
4
4
4
4
3
3
4
4
4
4
4
4
4
4
4
4
4
4
4
4
4
4
4
4
4
4
4
4
4
4
4
4
4
4
4
4
4
4
4
4
4
4
4
4
3
3
4
4
4
4
4
4
4
4
4
4
4
4
4
4
4
4
4
4
4
4
4
4
4
4
4
4
4
4
4
4
4
4
4
4
4
4
4
4
3
3
4
4
4
4
4
4
4
4
4
4
4
4
4
4
4
4
4
4
4
4
4
4
4
4
4
4
4
4
4
4
4
4
4
4
4
4
4
4
3
2
3
3
3
3
3
3
3
3
3
3
3
3
3
3
3
3
3
3
3
3
3
3
3
3
3
3
3
3
3
3
3
3
3
3
3
3
3
3
2
41 82
2 29
42 99
3 45
1 62
43 53
4 98
2 30
44 18
5 62
3 69
45 100
6 49
4 80
46 38
7 66
5 26
47 79
8 74
6 46
48 68
9 91
7 75
49 47
10 46
8 22
50 56
11 36
9 93
51 69
12 51
10 35
52 71
13 17
11 42
53 36
14 35
12 30
54 78
15 81
13 36
55 37
16 38
14 13
56 45
17 95
15 78
57 92
18 40
16 50
58 100
19 19
17 93
59 41
20 37
18 96
60 46
21 95
19 22
61 78
22 12
20 16
62 20
23 65
21 75
63 16
24 29
22 67
64 41
25 27
23 19
65 11
26 41
24 25
66 28
27 54
25 64
67 67
28 83
26 62
68 26
29 12
27 72
69 83
30 88
28 12
70 81
31 91
29 91
71 95
32 89
30 75
72 37
33 11
31 24
73 59
34 30
32 50
74 30
35 12
33 39
75 76
36 29
34 56
76 93
37 18
35 84
77 67
38 48
36 92
78 10
39 48
37 44
79 11
40 99
38 78
80 50
39 70
81 47
1 94
42 98
82 72
2 99
43 72
41 72
83 44
3 52
44 60
42 88
84 68
4 100
45 66
43 82
85 99
5 24
46 96
44 74
86 52
6 39
47 42
45 94
87 13
7 93
48 21
46 60
88 94
8 18
49 30
47 22
89 79
9 88
50 82
48 55
90 23
10 23
51 53
49 34
91 65
11 98
52 75
50 57
92 28
12 61
53 56
51 98
93 71
13 98
54 12
52 56
94 44
14 71
55 70
53 34
95 37
15 14
56 44
54 33
96 70
16 94
57 48
55 75
97 54
17 29
58 44
56 96
98 71
18 39
59 28
57 90
99 46
19 62
60 94
58 13
100 87
20 14
61 10
59 83
101 67
21 69
62 90
60 100
102 50
22 78
63 52
61 62
103 57
23 86
64 11
62 16
104 73
24 19
65 89
63 31
105 100
25 79
66 76
64 83
106 94
26 89
67 67
65 56
107 86
27 39
68 86
66 19
108 15
28 64
69 32
67 82
109 39
29 19
70 17
68 82
110 59
30 19
71 10
69 72
111 30
31 82
72 77
70 61
112 15
32 21
73 69
71 37
113 23
33 48
74 45
72 72
114 48
34 63
75 19
73 35
115 26
35 84
76 34
74 98
116 50
36 73
77 49
75 81
117 14
37 88
78 58
76 82
118 93
38 44
79 86
77 33
119 92
39 49
80 36
78 13
120 61
40 77
79 37
121 78
41 31
82 32
122 82
42 51
83 18
81 15
123 58
43 40
84 74
82 45
124 76
44 15
85 64
83 52
125 50
45 12
86 42
84 45
126 14
46 77
87 86
85 46
127 50
47 89
88 75
86 74
128 53
48 95
89 22
87 76
129 56
49 91
90 48
88 63
130 45
50 48
91 35
89 69
131 71
51 44
92 62
90 16
132 68
52 51
93 46
91 13
133 41
53 80
94 96
92 95
134 76
54 28
95 98
93 75
135 22
55 81
96 69
94 70
136 34
56 76
97 49
95 48
137 75
57 88
98 45
96 24
138 19
58 59
99 87
97 19
139 41
59 40
100 49
98 87
140 96
60 100
101 84
99 73
141 17
61 97
102 58
100 38
142 36
62 45
103 49
101 10
143 12
63 51
104 100
102 48
144 51
64 45
105 85
103 27
145 96
65 60
106 18
104 86
146 58
66 79
107 82
105 87
147 24
67 53
108 59
106 87
148 20
68 75
109 97
107 17
149 50
69 25
110 61
108 36
150 47
70 82
111 16
109 12
151 20
71 92
112 87
110 16
152 93
72 84
113 33
111 20
153 72
73 64
114 94
112 68
154 25
74 22
115 48
113 88
155 78
75 99
116 20
114 78
156 12
76 16
117 71
115 44
157 21
77 95
118 62
116 81
158 76
78 12
119 79
117 50
159 17
79 72
120 96
118 66
160 43
80 60
119 44
161 95
81 51
122 99
162 47
82 37
123 17
121 73
163 62
83 57
124 37
122 28
164 30
84 14
125 70
123 93
165 64
85 13
126 18
124 19
166 44
86 36
127 27
125 10
167 42
87 79
128 22
126 74
168 34
88 47
129 30
127 60
169 42
89 82
130 16
128 45
170 66
90 59
131 72
129 77
171 75
91 53
132 41
130 88
172 60
92 89
133 83
131 90
173 37
93 36
134 74
132 66
174 84
94 90
135 58
133 12
175 74
95 90
136 62
134 77
176 44
96 22
137 32
135 61
177 15
97 29
138 75
136 53
178 34
98 92
139 36
137 52
179 12
99 32
140 94
138 40
180 30
100 88
141 25
139 37
181 66
101 95
142 19
140 96
182 57
102 25
143 63
141 29
183 29
103 58
144 82
142 67
184 53
104 31
145 71
143 52
185 77
105 42
146 80
144 67
186 13
106 85
147 47
145 31
187 51
107 76
148 44
146 24
188 99
108 19
149 17
147 15
189 19
109 52
150 28
148 26
190 51
110 20
151 28
149 10
191 28
111 37
152 14
150 65
192 94
112 34
153 86
151 12
193 11
113 44
154 79
152 50
194 24
114 65
155 21
153 23
195 52
115 58
156 47
154 47
196 81
116 89
157 41
155 71
197 64
117 67
158 12
156 67
198 91
118 37
159 21
157 60
199 47
119 25
160 56
158 77
200 100
120 47
159 58
201 38
121 58
162 13
202 66
122 16
163 67
161 46
203 99
123 80
164 43
162 40
204 67
124 45
165 70
163 88
205 87
125 60
166 71
164 98
206 95
126 78
167 84
165 11
207 36
127 81
168 14
166 76
208 13
128 14
169 49
167 12
209 41
129 71
170 46
168 93
210 11
130 76
171 85
169 40
211 25
131 14
172 66
170 16
212 30
132 91
173 10
171 96
213 82
133 22
174 23
172 59
214 100
134 15
175 100
173 76
215 85
135 56
176 59
174 94
216 67
136 52
177 45
175 83
217 23
137 83
178 55
176 33
218 82
138 16
179 56
177 90
219 98
139 24
180 73
178 94
220 23
140 45
181 15
179 46
221 26
141 27
182 73
180 90
222 83
142 16
183 52
181 20
223 14
143 67
184 11
182 86
224 40
144 71
185 56
183 85
225 98
145 80
186 17
184 100
226 45
146 27
187 87
185 81
227 58
147 33
188 15
186 62
228 29
148 99
189 73
187 31
229 16
149 29
190 79
188 19
230 40
150 61
191 27
189 17
231 85
151 12
192 34
190 95
232 94
152 10
193 56
191 49
233 98
153 34
194 98
192 37
234 38
154 84
195 12
193 76
235 96
155 48
196 39
194 26
236 21
156 38
197 14
195 92
237 86
157 88
198 28
196 39
238 83
158 89
199 66
197 90
239 21
159 67
200 54
198 45
240 88
160 87
199 42
241 87
161 88
202 14
242 45
162 26
203 99
201 38
243 72
163 37
204 94
202 35
244 30
164 59
205 53
203 15
245 35
165 66
206 88
204 97
246 61
166 55
207 88
205 12
247 52
167 69
208 74
206 34
248 47
168 58
209 24
207 38
249 84
169 20
210 73
208 13
250 47
170 89
211 31
209 58
251 22
171 47
212 51
210 13
252 95
172 49
213 18
211 42
253 99
173 100
214 34
212 98
254 84
174 71
215 74
213 98
255 74
175 22
216 47
214 71
256 97
176 89
217 71
215 98
257 26
177 91
218 12
216 59
258 23
178 21
219 81
217 87
259 67
179 94
220 76
218 65
260 17
180 29
221 80
219 17
261 42
181 29
222 90
220 62
262 55
182 29
223 36
221 43
263 96
183 57
224 96
222 76
264 68
184 33
225 14
223 79
265 60
185 39
226 90
224 85
266 91
186 58
227 35
225 56
267 42
187 54
228 46
226 82
268 83
188 47
229 23
227 54
269 37
189 50
230 45
228 70
270 11
190 68
231 47
229 96
271 93
191 27
232 43
230 37
272 29
192 18
233 73
231 27
273 53
193 66
234 85
232 46
274 36
194 12
235 65
233 50
275 19
195 60
236 33
234 51
276 74
196 66
237 82
235 52
277 69
197 54
238 81
236 88
278 79
198 51
239 72
237 78
279 69
199 93
240 87
238 64
280 16
200 92
239 93
281 28
201 99
242 41
282 74
202 86
243 23
241 88
283 12
203 25
244 27
242 73
284 69
204 41
245 55
243 74
285 14
205 21
246 40
244 99
286 12
206 11
247 44
245 72
287 31
207 29
248 28
246 34
288 79
208 76
249 45
247 22
289 69
209 78
250 60
248 26
290 68
210 61
251 36
249 97
291 16
211 98
252 68
250 27
292 65
212 10
253 82
251 31
293 66
213 13
254 79
252 81
294 36
214 14
255 87
253 49
295 32
215 77
256 35
254 29
296 29
216 91
257 78
255 81
297 53
217 46
258 47
256 11
298 53
218 57
259 49
257 59
299 91
219 80
260 58
258 59
300 98
220 85
261 79
259 43
301 85
221 46
262 66
260 76
302 13
222 60
263 56
261 20
303 60
223 65
264 77
262 86
304 45
224 62
265 99
263 28
305 73
225 70
266 53
264 68
306 100
226 57
267 72
265 38
307 62
227 21
268 65
266 26
308 24
228 71
269 70
267 89
309 67
229 29
270 90
268 22
310 75
230 91
271 79
269 72
311 51
231 32
272 71
270 23
312 92
232 65
273 88
271 41
313 16
233 48
274 11
272 65
314 49
234 60
275 73
273 19
315 22
235 35
276 65
274 91
316 17
236 93
277 40
275 92
317 59
237 18
278 31
276 57
318 51
238 43
279 36
277 85
319 17
239 85
280 49
278 21
320 98
240 95
279 79
321 42
241 13
282 52
322 48
242 60
283 87
281 61
323 18
243 46
284 85
282 73
324 83
244 27
285 77
283 97
325 47
245 44
286 20
284 10
326 32
246 29
287 95
285 24
327 73
247 47
288 92
286 64
328 47
248 95
289 99
287 84
329 42
249 22
290 13
288 100
330 34
250 81
291 10
289 11
331 54
251 22
292 93
290 24
332 80
252 10
293 55
291 16
333 70
253 69
294 28
292 33
334 94
254 26
295 10
293 94
335 54
255 72
296 82
294 32
336 39
256 46
297 34
295 34
337 18
257 49
298 27
296 90
338 79
258 48
299 41
297 28
339 65
259 58
300 61
298 93
340 43
260 44
301 59
299 79
341 51
261 24
302 52
300 21
342 38
262 77
303 61
301 80
343 78
263 17
304 28
302 90
344 71
264 53
305 98
303 15
345 54
265 60
306 27
304 87
346 65
266 53
307 80
305 83
347 37
267 94
308 73
306 42
348 20
268 65
309 61
307 70
349 82
269 65
310 76
308 72
350 49
270 34
311 31
309 91
351 31
271 64
312 53
310 41
352 79
272 46
313 86
311 72
353 50
273 59
314 33
312 56
354 72
274 37
315 100
313 19
355 78
275 43
316 20
314 20
356 62
276 55
317 10
315 93
357 62
277 63
318 17
316 34
358 23
278 15
319 96
317 29
359 67
279 66
320 62
318 32
360 98
280 97
319 86
361 71
281 44
322 12
362 10
282 70
323 75
321 55
363 64
283 51
324 68
322 65
364 57
284 93
325 97
323 34
365 84
285 30
326 22
324 60
366 80
286 97
327 70
325 93
367 19
287 100
328 21
326 36
368 13
288 29
329 85
327 85
369 39
289 92
330 22
328 76
370 75
290 38
331 79
329 32
371 55
291 14
332 45
330 23
372 17
292 84
333 79
331 56
373 43
293 72
334 19
332 42
374 49
294 16
335 62
333 39
375 75
295 53
336 41
334 48
376 40
296 100
337 46
335 38
377 95
297 51
338 12
336 37
378 84
298 37
339 60
337 20
379 44
299 48
340 69
338 56
380 19
300 86
341 66
339 61
381 18
301 75
342 80
340 11
382 21
302 70
343 21
341 18
383 16
303 60
344 43
342 37
384 13
304 60
345 59
343 38
385 93
305 68
346 22
344 55
386 21
306 10
347 81
345 20
387 52
307 67
348 95
346 44
388 40
308 32
349 53
347 44
389 87
309 65
350 61
348 44
390 40
310 48
351 35
349 99
391 82
311 31
352 30
350 54
392 48
312 55
353 76
351 61
393 65
313 74
354 44
352 12
394 21
314 66
355 99
353 32
395 17
315 44
356 94
354 66
396 15
316 40
357 97
355 39
397 22
317 39
358 69
356 81
398 26
318 44
359 51
357 70
399 38
319 67
360 83
358 34
400 26
320 21
359 47
321 57
362 41
322 76
363 72
361 37
323 24
364 15
362 99
324 87
365 71
363 49
325 21
366 15
364 99
326 85
367 92
365 90
327 52
368 83
366 90
328 56
369 29
367 76
329 36
370 39
368 83
330 22
371 34
369 89
331 20
372 20
370 100
332 17
373 69
371 35
333 38
374 80
372 51
334 39
375 98
373 85
335 63
376 67
374 86
336 29
377 44
375 71
337 27
378 64
376 13
338 94
379 43
377 52
339 88
380 69
378 78
340 21
381 39
379 68
341 79
382 74
380 26
342 60
383 43
381 42
343 78
384 66
382 21
344 94
385 47
383 34
345 42
386 15
384 19
346 66
387 76
385 78
347 77
388 37
386 60
348 64
389 27
387 33
349 38
390 25
388 67
350 22
391 78
389 41
351 80
392 87
390 83
352 69
393 72
391 25
353 98
394 19
392 39
354 55
395 52
393 85
355 56
396 83
394 21
356 11
397 65
395 57
357 87
398 76
396 67
358 85
399 43
397 27
359 13
400 64
398 67
360 57
399 16
23
269
2 4 23 
1 142 
2 111 105 
2 202 148 
2 70 96 
4 386 145 48 292 
1 318 
1 106 
2 198 216 
1 239 
2 197 351 
2 181 312 
2 156 68 
4 341 258 346 232 
1 335 
1 60 
1 308 
1 19 
1 172 
2 192 284 
1 115 
1 177 
3 65 133 378 
2 238 281 
1 365 
2 32 52 
3 14 214 309 
2 255 201 
1 49 
1 277 
3 168 320 297 
4 222 151 184 307 
3 83 275 282 
2 137 305 
2 259 283 
1 173 
2 200 317 
1 256 
1 399 
1 24 
2 370 174 
3 162 272 355 
1 366 
2 278 37 
2 374 188 
2 84 73 
1 112 
1 369 
2 234 9 
2 63 376 
1 208 
2 229 160 
1 44 
3 315 389 364 
2 242 260 
2 293 213 
1 310 
3 64 274 138 
4 104 342 34 125 
2 21 88 
2 254 338 
1 74 
1 62 
2 337 159 
3 15 344 130 
1 116 
1 273 
3 244 230 271 
2 241 102 
1 91 
2 75 140 
4 90 72 66 235 
1 16 
2 311 79 
1 94 
2 233 269 
