400 1500 10 100 76
2
3
3
3
3
3
3
3
3
3
3
3
3
3
3
3
3
3
3
3
3
3
3
3
3
3
3
3
3
3
3
3
3
3
3
3
3
3
3
2
3
4
4
4
4
4
4
4
4
4
4
4
4
4
4
4
4
4
4
4
4
4
4
4
4
4
4
4
4
4
4
4
4
4
4
4
4
4
4
3
3
4
4
4
4
4
4
4
4
4
4
4
4
4
4
4
4
4
4
4
4
4
4
4
4
4
4
4
4
4
4
4
4
4
4
4
4
4
4
3
3
4
4
4
4
4
4
4
4
4
4
4
4
4
4
4
4
4
4
4
4
4
4
4
4
4
4
4
4
4
4
4
4
4
4
4
4
4
4
3
3
4
4
4
4
4
4
4
4
4
4
4
4
4
4
4
4
4
4
4
4
4
4
4
4
4
4
4
4
4
4
4
4
4
4
4
4
4
4
3
3
4
4
4
4
4
4
4
4
4
4
4
4
4
4
4
4
4
4
4
4
4
4
4
4
4
4
4
4
4
4
4
4
4
4
4
4
4
4
3
3
4
4
4
4
4
4
4
4
4
4
4
4
4
4
4
4
4
4
4
4
4
4
4
4
4
4
4
4
4
4
4
4
4
4
4
4
4
4
3
3
4
4
4
4
4
4
4
4
4
4
4
4
4
4
4
4
4
4
4
4
4
4
4
4
4
4
4
4
4
4
4
4
4
4
4
4
4
4
3
3
4
4
4
4
4
4
4
4
4
4
4
4
4
4
4
4
4
4
4
4
4
4
4
4
4
4
4
4
4
4
4
4
4
4
4
4
4
4
3
2
3
3
3
3
3
3
3
3
3
3
3
3
3
3
3
3
3
3
3
3
3
3
3
3
3
3
3
3
3
3
3
3
3
3
3
3
3
3
2
41 92
2 29
42 88
3 25
1 23
43 90
4 66
2 24
44 35
5 94
3 64
45 65
6 46
4 75
46 75
7 82
5 93
47 53
8 33
6 43
48 65
9 61
7 51
49 93
10 97
8 67
50 22
11 51
9 37
51 84
12 40
10 66
52 79
13 58
11 73
53 80
14 63
12 78
54 29
15 45
13 68
55 63
16 20
14 77
56 45
17 51
15 84
57 43
18 51
16 60
58 91
19 92
17 36
59 55
20 95
18 42
60 42
21 54
19 96
61 33
22 44
20 40
62 18
23 77
21 86
63 21
24 81
22 37
64 24
25 80
23 76
65 23
26 99
24 46
66 20
27 84
25 48
67 45
28 73
26 52
68 18
29 100
27 49
69 52
30 27
28 42
70 93
31 42
29 81
71 12
32 19
30 78
72 52
33 85
31 44
73 98
34 61
32 45
74 80
35 40
33 11
75 25
36 65
34 14
76 41
37 22
35 55
77 63
38 35
36 20
78 51
39 92
37 16
79 96
40 13
38 98
80 99
39 25
81 51
1 92
42 14
82 73
2 50
43 17
41 27
83 90
3 55
44 41
42 22
84 33
4 28
45 12
43 30
85 92
5 76
46 79
44 26
86 22
6 40
47 40
45 28
87 56
7 82
48 81
46 99
88 90
8 24
49 80
47 51
89 80
9 46
50 41
48 24
90 82
10 75
51 17
49 61
91 76
11 17
52 26
50 64
92 71
12 48
53 43
51 78
93 26
13 38
54 45
52 92
94 35
14 34
55 42
53 27
95 80
15 13
56 54
54 86
96 40
16 93
57 23
55 43
97 98
17 33
58 23
56 89
98 67
18 83
59 94
57 37
99 68
19 57
60 25
58 62
100 75
20 72
61 100
59 92
101 19
21 64
62 66
60 67
102 21
22 32
63 11
61 19
103 18
23 71
64 24
62 83
104 47
24 86
65 29
63 96
105 28
25 48
66 66
64 37
106 28
26 41
67 72
65 56
107 95
27 23
68 27
66 99
108 35
28 94
69 79
67 46
109 89
29 98
70 44
68 88
110 79
30 53
71 100
69 16
111 69
31 68
72 18
70 96
112 92
32 10
73 24
71 63
113 95
33 39
74 28
72 51
114 100
34 44
75 34
73 72
115 30
35 89
76 42
74 47
116 30
36 84
77 13
75 12
117 81
37 62
78 77
76 30
118 12
38 15
79 22
77 38
119 24
39 67
80 33
78 12
120 15
40 76
79 79
121 89
41 89
82 62
122 44
42 79
83 25
81 66
123 56
43 42
84 19
82 59
124 82
44 52
85 15
83 36
125 23
45 27
86 80
84 59
126 55
46 68
87 25
85 53
127 85
47 72
88 18
86 83
128 79
48 76
89 73
87 32
129 78
49 26
90 13
88 89
130 82
50 85
91 86
89 79
131 30
51 45
92 30
90 41
132 92
52 90
93 60
91 81
133 47
53 60
94 48
92 74
134 85
54 40
95 48
93 40
135 29
55 79
96 31
94 32
136 69
56 50
97 47
95 27
137 69
57 87
98 91
96 65
138 67
58 88
99 47
97 23
139 17
59 35
100 51
98 24
140 52
60 90
101 65
99 62
141 60
61 71
102 19
100 48
142 55
62 67
103 46
101 68
143 54
63 82
104 50
102 70
144 42
64 21
105 26
103 37
145 59
65 70
106 69
104 60
146 39
66 83
107 70
105 38
147 35
67 38
108 75
106 62
148 48
68 93
109 82
107 81
149 41
69 87
110 61
108 20
150 60
70 58
111 58
109 56
151 26
71 83
112 91
110 87
152 29
72 65
113 41
111 49
153 11
73 92
114 30
112 64
154 39
74 90
115 63
113 19
155 89
75 47
116 81
114 11
156 97
76 19
117 15
115 84
157 74
77 92
118 60
116 90
158 18
78 66
119 14
117 35
159 18
79 42
120 23
118 21
160 83
80 32
119 40
161 69
81 80
122 55
162 99
82 48
123 88
121 25
163 20
83 25
124 17
122 55
164 14
84 94
125 77
123 69
165 85
85 56
126 53
124 18
166 56
86 50
127 50
125 40
167 96
87 99
128 18
126 35
168 90
88 94
129 78
127 30
169 10
89 64
130 19
128 28
170 98
90 78
131 42
129 81
171 55
91 74
132 37
130 30
172 99
92 58
133 94
131 79
173 45
93 30
134 98
132 68
174 25
94 85
135 98
133 87
175 43
95 66
136 37
134 26
176 77
96 36
137 50
135 69
177 93
97 28
138 47
136 96
178 66
98 79
139 41
137 23
179 59
99 31
140 58
138 80
180 37
100 11
141 69
139 71
181 53
101 71
142 74
140 47
182 78
102 40
143 49
141 48
183 10
103 69
144 93
142 85
184 82
104 16
145 43
143 62
185 91
105 30
146 43
144 27
186 93
106 68
147 66
145 45
187 12
107 44
148 27
146 23
188 21
108 92
149 21
147 98
189 57
109 97
150 66
148 12
190 57
110 35
151 64
149 91
191 40
111 22
152 76
150 52
192 40
112 65
153 84
151 19
193 100
113 26
154 61
152 26
194 53
114 47
155 95
153 90
195 12
115 73
156 90
154 15
196 45
116 51
157 25
155 41
197 81
117 28
158 44
156 59
198 22
118 17
159 20
157 54
199 44
119 98
160 68
158 65
200 87
120 22
159 86
201 12
121 23
162 76
202 16
122 84
163 20
161 83
203 29
123 87
164 57
162 54
204 38
124 45
165 94
163 96
205 81
125 58
166 41
164 99
206 14
126 62
167 80
165 88
207 59
127 68
168 84
166 57
208 75
128 79
169 98
167 51
209 10
129 30
170 37
168 39
210 38
130 28
171 79
169 90
211 34
131 80
172 34
170 63
212 18
132 15
173 82
171 37
213 94
133 79
174 20
172 95
214 46
134 34
175 53
173 68
215 12
135 42
176 22
174 67
216 48
136 59
177 18
175 66
217 59
137 71
178 58
176 72
218 55
138 27
179 59
177 21
219 90
139 24
180 80
178 94
220 59
140 15
181 93
179 48
221 94
141 68
182 82
180 97
222 19
142 24
183 81
181 46
223 82
143 90
184 57
182 42
224 30
144 64
185 64
183 11
225 32
145 29
186 59
184 21
226 91
146 58
187 61
185 58
227 48
147 84
188 43
186 75
228 45
148 24
189 12
187 21
229 26
149 66
190 19
188 65
230 43
150 100
191 91
189 35
231 69
151 38
192 21
190 76
232 63
152 15
193 59
191 59
233 19
153 30
194 43
192 69
234 94
154 88
195 23
193 61
235 12
155 35
196 91
194 80
236 49
156 79
197 12
195 72
237 75
157 49
198 79
196 11
238 46
158 27
199 47
197 19
239 87
159 75
200 68
198 45
240 36
160 85
199 57
241 59
161 51
202 27
242 53
162 37
203 83
201 68
243 85
163 83
204 25
202 64
244 79
164 28
205 84
203 100
245 50
165 21
206 42
204 25
246 50
166 76
207 23
205 84
247 58
167 38
208 70
206 65
248 13
168 31
209 18
207 80
249 34
169 62
210 54
208 15
250 72
170 27
211 58
209 22
251 66
171 14
212 94
210 60
252 100
172 22
213 22
211 59
253 96
173 11
214 37
212 80
254 62
174 19
215 31
213 76
255 12
175 97
216 64
214 72
256 67
176 72
217 28
215 85
257 62
177 82
218 90
216 49
258 56
178 71
219 20
217 87
259 42
179 86
220 12
218 21
260 94
180 95
221 60
219 80
261 54
181 96
222 96
220 52
262 62
182 40
223 25
221 94
263 50
183 17
224 16
222 17
264 79
184 98
225 88
223 87
265 44
185 100
226 79
224 37
266 63
186 19
227 18
225 100
267 95
187 98
228 43
226 77
268 55
188 57
229 94
227 37
269 33
189 14
230 15
228 82
270 43
190 31
231 99
229 43
271 13
191 46
232 78
230 10
272 15
192 97
233 41
231 54
273 94
193 44
234 71
232 19
274 62
194 54
235 39
233 42
275 35
195 56
236 85
234 46
276 81
196 87
237 51
235 71
277 73
197 38
238 11
236 79
278 87
198 15
239 48
237 81
279 14
199 69
240 13
238 27
280 76
200 28
239 27
281 27
201 69
242 26
282 83
202 23
243 86
241 40
283 84
203 73
244 55
242 14
284 40
204 36
245 52
243 56
285 62
205 88
246 52
244 62
286 96
206 29
247 22
245 15
287 67
207 94
248 44
246 17
288 15
208 77
249 89
247 82
289 62
209 97
250 34
248 27
290 64
210 62
251 100
249 49
291 16
211 12
252 66
250 73
292 83
212 44
253 82
251 72
293 35
213 100
254 43
252 32
294 26
214 77
255 72
253 56
295 56
215 42
256 84
254 13
296 16
216 54
257 90
255 89
297 46
217 21
258 32
256 68
298 89
218 16
259 71
257 20
299 54
219 72
260 27
258 30
300 50
220 39
261 98
259 70
301 75
221 82
262 10
260 75
302 100
222 96
263 79
261 30
303 89
223 33
264 96
262 36
304 31
224 33
265 72
263 33
305 39
225 67
266 24
264 59
306 100
226 100
267 56
265 46
307 70
227 40
268 73
266 88
308 99
228 91
269 34
267 85
309 71
229 56
270 11
268 47
310 37
230 35
271 23
269 59
311 31
231 34
272 98
270 64
312 36
232 69
273 21
271 56
313 59
233 38
274 68
272 26
314 25
234 71
275 96
273 18
315 54
235 66
276 21
274 68
316 46
236 13
277 69
275 19
317 33
237 15
278 21
276 58
318 93
238 11
279 43
277 18
319 91
239 41
280 67
278 60
320 32
240 85
279 21
321 50
241 53
282 22
322 71
242 32
283 50
281 46
323 82
243 83
284 70
282 65
324 13
244 34
285 27
283 96
325 30
245 76
286 45
284 79
326 35
246 19
287 93
285 33
327 92
247 44
288 99
286 41
328 96
248 81
289 22
287 86
329 81
249 64
290 69
288 16
330 97
250 32
291 33
289 55
331 37
251 73
292 11
290 98
332 94
252 67
293 95
291 50
333 28
253 46
294 46
292 50
334 27
254 65
295 27
293 56
335 17
255 82
296 87
294 44
336 14
256 14
297 93
295 33
337 88
257 50
298 79
296 69
338 44
258 77
299 69
297 43
339 59
259 23
300 84
298 23
340 21
260 37
301 75
299 19
341 74
261 15
302 33
300 85
342 35
262 18
303 20
301 16
343 65
263 91
304 46
302 26
344 90
264 79
305 64
303 49
345 100
265 69
306 54
304 40
346 48
266 49
307 18
305 58
347 26
267 48
308 82
306 85
348 16
268 60
309 85
307 32
349 50
269 77
310 46
308 78
350 14
270 41
311 39
309 32
351 56
271 36
312 95
310 37
352 18
272 82
313 15
311 74
353 51
273 52
314 31
312 97
354 100
274 67
315 75
313 49
355 100
275 61
316 73
314 28
356 36
276 17
317 13
315 85
357 69
277 57
318 91
316 91
358 86
278 36
319 10
317 72
359 13
279 30
320 82
318 20
360 33
280 25
319 60
361 54
281 57
322 29
362 92
282 50
323 44
321 17
363 39
283 26
324 81
322 27
364 72
284 65
325 61
323 77
365 88
285 29
326 71
324 44
366 37
286 22
327 12
325 18
367 54
287 61
328 69
326 68
368 22
288 47
329 47
327 28
369 43
289 48
330 12
328 23
370 31
290 63
331 25
329 30
371 79
291 44
332 94
330 78
372 23
292 76
333 86
331 35
373 61
293 96
334 16
332 100
374 67
294 34
335 68
333 62
375 12
295 16
336 46
334 27
376 10
296 10
337 92
335 54
377 61
297 97
338 98
336 22
378 59
298 80
339 67
337 31
379 58
299 81
340 55
338 42
380 73
300 83
341 53
339 36
381 74
301 66
342 92
340 95
382 80
302 64
343 71
341 73
383 54
303 12
344 72
342 64
384 35
304 89
345 64
343 41
385 68
305 88
346 22
344 62
386 37
306 70
347 23
345 47
387 24
307 64
348 55
346 73
388 53
308 47
349 25
347 55
389 22
309 55
350 15
348 31
390 65
310 61
351 79
349 33
391 99
311 74
352 57
350 10
392 70
312 65
353 72
351 21
393 88
313 32
354 61
352 20
394 24
314 59
355 57
353 29
395 50
315 40
356 76
354 72
396 35
316 98
357 67
355 13
397 82
317 54
358 63
356 42
398 53
318 83
359 40
357 11
399 89
319 71
360 40
358 74
400 49
320 39
359 83
321 49
362 19
322 23
363 22
361 90
323 13
364 67
362 14
324 28
365 32
363 60
325 83
366 68
364 61
326 17
367 95
365 100
327 16
368 15
366 68
328 67
369 42
367 18
329 54
370 26
368 46
330 96
371 13
369 49
331 62
372 80
370 64
332 22
373 24
371 66
333 63
374 24
372 38
334 85
375 97
373 25
335 92
376 41
374 42
336 63
377 69
375 56
337 59
378 80
376 14
338 79
379 35
377 99
339 38
380 39
378 57
340 81
381 53
379 56
341 45
382 81
380 27
342 62
383 77
381 47
343 19
384 83
382 68
344 100
385 99
383 32
345 89
386 37
384 71
346 22
387 55
385 60
347 75
388 32
386 54
348 12
389 58
387 89
349 67
390 100
388 80
350 74
391 62
389 52
351 90
392 24
390 27
352 14
393 78
391 24
353 82
394 97
392 60
354 79
395 45
393 74
355 30
396 63
394 70
356 81
397 89
395 26
357 98
398 51
396 78
358 35
399 64
397 92
359 47
400 98
398 30
360 82
399 39
294
52
1 294 
2 227 255 
1 47 
2 309 105 
1 106 
2 365 264 
2 33 271 
1 153 
1 314 
1 275 
2 26 268 
2 141 88 
3 193 304 315 
1 379 
1 349 
2 234 89 
1 195 
2 298 388 
3 289 372 319 
3 377 66 262 
3 333 342 145 
3 25 60 260 
2 322 188 
1 171 
1 249 
2 198 123 
2 142 272 
2 192 180 
2 253 346 
2 38 270 
2 381 265 
1 15 
3 4 176 336 
2 53 239 
2 45 228 
1 392 
2 177 263 
2 216 28 
1 185 
2 287 69 
3 187 205 215 
1 313 
1 93 
1 41 
1 312 
2 132 104 
2 320 83 
1 63 
3 174 101 19 
1 259 
2 98 375 
3 94 328 36 
3 244 356 277 
3 200 78 334 
1 186 
4 17 236 56 163 
1 276 
3 5 360 73 
1 59 
2 84 274 
3 278 353 378 
1 243 
2 72 284 
1 245 
2 325 48 
2 55 305 
2 95 383 
2 130 82 
1 194 
3 138 129 390 
1 343 
3 347 191 393 
1 46 
2 179 164 
2 190 300 
1 52 
