600 2276 10 100 114
2
3
3
3
3
3
3
3
3
3
3
3
3
3
3
3
3
3
3
3
3
3
3
3
3
3
3
3
3
3
3
3
3
3
3
3
3
3
3
3
3
3
3
3
3
3
3
3
3
2
3
4
4
4
4
4
4
4
4
4
4
4
4
4
4
4
4
4
4
4
4
4
4
4
4
4
4
4
4
4
4
4
4
4
4
4
4
4
4
4
4
4
4
4
4
4
4
4
4
3
3
4
4
4
4
4
4
4
4
4
4
4
4
4
4
4
4
4
4
4
4
4
4
4
4
4
4
4
4
4
4
4
4
4
4
4
4
4
4
4
4
4
4
4
4
4
4
4
4
3
3
4
4
4
4
4
4
4
4
4
4
4
4
4
4
4
4
4
4
4
4
4
4
4
4
4
4
4
4
4
4
4
4
4
4
4
4
4
4
4
4
4
4
4
4
4
4
4
4
3
3
4
4
4
4
4
4
4
4
4
4
4
4
4
4
4
4
4
4
4
4
4
4
4
4
4
4
4
4
4
4
4
4
4
4
4
4
4
4
4
4
4
4
4
4
4
4
4
4
3
3
4
4
4
4
4
4
4
4
4
4
4
4
4
4
4
4
4
4
4
4
4
4
4
4
4
4
4
4
4
4
4
4
4
4
4
4
4
4
4
4
4
4
4
4
4
4
4
4
3
3
4
4
4
4
4
4
4
4
4
4
4
4
4
4
4
4
4
4
4
4
4
4
4
4
4
4
4
4
4
4
4
4
4
4
4
4
4
4
4
4
4
4
4
4
4
4
4
4
3
3
4
4
4
4
4
4
4
4
4
4
4
4
4
4
4
4
4
4
4
4
4
4
4
4
4
4
4
4
4
4
4
4
4
4
4
4
4
4
4
4
4
4
4
4
4
4
4
4
3
3
4
4
4
4
4
4
4
4
4
4
4
4
4
4
4
4
4
4
4
4
4
4
4
4
4
4
4
4
4
4
4
4
4
4
4
4
4
4
4
4
4
4
4
4
4
4
4
4
3
3
4
4
4
4
4
4
4
4
4
4
4
4
4
4
4
4
4
4
4
4
4
4
4
4
4
4
4
4
4
4
4
4
4
4
4
4
4
4
4
4
4
4
4
4
4
4
4
4
3
3
4
4
4
4
4
4
4
4
4
4
4
4
4
4
4
4
4
4
4
4
4
4
4
4
4
4
4
4
4
4
4
4
4
4
4
4
4
4
4
4
4
4
4
4
4
4
4
4
3
2
3
3
3
3
3
3
3
3
3
3
3
3
3
3
3
3
3
3
3
3
3
3
3
3
3
3
3
3
3
3
3
3
3
3
3
3
3
3
3
3
3
3
3
3
3
3
3
3
2
51 97
2 29
52 76
3 49
1 66
53 87
4 31
2 91
54 53
5 97
3 46
55 38
6 89
4 29
56 81
7 72
5 70
57 99
8 42
6 60
58 23
9 39
7 10
59 20
10 80
8 44
60 67
11 42
9 98
61 36
12 82
10 83
62 80
13 82
11 87
63 80
14 14
12 71
64 41
15 57
13 56
65 26
16 68
14 34
66 15
17 30
15 43
67 64
18 49
16 59
68 34
19 99
17 37
69 13
20 43
18 62
70 18
21 88
19 26
71 38
22 10
20 100
72 84
23 45
21 62
73 22
24 48
22 70
74 56
25 32
23 72
75 31
26 58
24 32
76 85
27 66
25 18
77 61
28 74
26 46
78 32
29 92
27 90
79 10
30 78
28 42
80 13
31 25
29 17
81 44
32 19
30 28
82 93
33 23
31 27
83 15
34 21
32 100
84 31
35 24
33 34
85 16
36 82
34 31
86 98
37 19
35 46
87 98
38 68
36 99
88 43
39 69
37 72
89 51
40 56
38 52
90 55
41 16
39 16
91 35
42 38
40 86
92 62
43 72
41 89
93 94
44 61
42 38
94 86
45 86
43 77
95 60
46 42
44 76
96 28
47 100
45 70
97 54
48 12
46 63
98 15
49 57
47 64
99 15
50 80
48 13
100 69
49 32
101 39
1 49
52 89
102 89
2 93
53 83
51 37
103 100
3 14
54 39
52 33
104 13
4 87
55 91
53 73
105 21
5 26
56 82
54 85
106 12
6 11
57 73
55 99
107 58
7 10
58 12
56 95
108 85
8 54
59 67
57 89
109 88
9 14
60 94
58 24
110 55
10 73
61 35
59 59
111 71
11 38
62 65
60 73
112 28
12 14
63 27
61 66
113 72
13 19
64 13
62 34
114 31
14 85
65 18
63 59
115 39
15 85
66 31
64 54
116 13
16 53
67 17
65 49
117 13
17 31
68 95
66 68
118 100
18 23
69 51
67 11
119 56
19 28
70 25
68 32
120 58
20 90
71 10
69 81
121 50
21 71
72 49
70 78
122 76
22 60
73 44
71 16
123 15
23 30
74 86
72 39
124 90
24 22
75 98
73 52
125 99
25 16
76 46
74 31
126 89
26 72
77 50
75 37
127 100
27 58
78 32
76 74
128 14
28 45
79 87
77 96
129 29
29 21
80 87
78 68
130 10
30 85
81 33
79 40
131 18
31 48
82 15
80 34
132 22
32 60
83 73
81 84
133 69
33 76
84 74
82 35
134 19
34 62
85 63
83 11
135 14
35 57
86 33
84 65
136 28
36 91
87 37
85 86
137 51
37 44
88 27
86 11
138 29
38 83
89 24
87 71
139 91
39 54
90 87
88 97
140 36
40 70
91 64
89 100
141 92
41 64
92 70
90 20
142 33
42 38
93 77
91 62
143 55
43 67
94 50
92 41
144 50
44 19
95 89
93 20
145 59
45 22
96 88
94 23
146 47
46 46
97 45
95 49
147 51
47 20
98 66
96 100
148 20
48 42
99 31
97 92
149 91
49 65
100 89
98 31
150 73
50 12
99 10
151 28
51 69
102 23
152 25
52 15
103 96
101 16
153 11
53 45
104 56
102 12
154 85
54 59
105 75
103 84
155 76
55 87
106 92
104 53
156 70
56 51
107 18
105 25
157 10
57 52
108 43
106 97
158 88
58 52
109 62
107 45
159 97
59 49
110 17
108 37
160 30
60 27
111 12
109 88
161 63
61 53
112 33
110 82
162 33
62 94
113 27
111 79
163 67
63 33
114 11
112 82
164 54
64 86
115 21
113 15
165 21
65 58
116 84
114 35
166 65
66 65
117 11
115 36
167 85
67 32
118 25
116 31
168 18
68 53
119 72
117 81
169 41
69 76
120 37
118 77
170 69
70 27
121 63
119 54
171 22
71 96
122 83
120 66
172 36
72 90
123 85
121 79
173 18
73 74
124 75
122 13
174 63
74 34
125 86
123 66
175 100
75 95
126 20
124 51
176 19
76 53
127 22
125 46
177 45
77 61
128 34
126 80
178 77
78 16
129 16
127 39
179 35
79 11
130 89
128 77
180 61
80 83
131 92
129 72
181 65
81 35
132 34
130 30
182 17
82 93
133 42
131 15
183 84
83 64
134 28
132 75
184 98
84 20
135 40
133 44
185 17
85 43
136 42
134 30
186 66
86 85
137 49
135 56
187 83
87 59
138 95
136 26
188 68
88 74
139 59
137 50
189 38
89 43
140 35
138 89
190 40
90 65
141 67
139 19
191 14
91 78
142 83
140 54
192 90
92 31
143 25
141 92
193 78
93 77
144 30
142 75
194 30
94 24
145 38
143 75
195 73
95 36
146 43
144 18
196 17
96 62
147 52
145 75
197 60
97 76
148 90
146 32
198 89
98 53
149 85
147 64
199 40
99 40
150 19
148 34
200 75
100 73
149 70
201 18
101 49
152 93
202 58
102 38
153 64
151 86
203 12
103 16
154 40
152 57
204 58
104 58
155 73
153 55
205 18
105 96
156 80
154 49
206 18
106 39
157 82
155 77
207 73
107 97
158 86
156 48
208 58
108 81
159 76
157 19
209 46
109 92
160 65
158 71
210 63
110 57
161 52
159 77
211 60
111 45
162 34
160 19
212 73
112 94
163 56
161 97
213 31
113 85
164 59
162 24
214 23
114 79
165 26
163 88
215 13
115 23
166 76
164 53
216 82
116 28
167 22
165 33
217 12
117 50
168 93
166 33
218 23
118 74
169 59
167 66
219 53
119 81
170 91
168 81
220 21
120 76
171 79
169 13
221 71
121 100
172 83
170 58
222 85
122 24
173 44
171 68
223 42
123 96
174 96
172 42
224 33
124 17
175 93
173 97
225 87
125 37
176 55
174 29
226 98
126 63
177 33
175 17
227 61
127 90
178 28
176 50
228 24
128 45
179 34
177 50
229 16
129 72
180 28
178 18
230 81
130 62
181 93
179 26
231 59
131 93
182 42
180 97
232 34
132 34
183 44
181 13
233 43
133 100
184 86
182 62
234 66
134 62
185 74
183 25
235 93
135 35
186 14
184 92
236 45
136 61
187 48
185 75
237 83
137 71
188 85
186 62
238 43
138 63
189 77
187 88
239 47
139 17
190 77
188 86
240 38
140 48
191 83
189 63
241 14
141 33
192 82
190 65
242 71
142 23
193 67
191 97
243 74
143 23
194 72
192 30
244 41
144 64
195 33
193 28
245 89
145 54
196 36
194 52
246 12
146 41
197 61
195 42
247 77
147 53
198 63
196 94
248 59
148 66
199 82
197 13
249 65
149 51
200 38
198 63
250 19
150 34
199 35
251 57
151 57
202 53
252 17
152 89
203 65
201 39
253 97
153 13
204 11
202 29
254 30
154 20
205 99
203 38
255 79
155 11
206 96
204 78
256 18
156 70
207 99
205 36
257 40
157 77
208 53
206 99
258 17
158 70
209 30
207 35
259 62
159 23
210 75
208 56
260 64
160 19
211 58
209 57
261 52
161 44
212 33
210 27
262 10
162 46
213 12
211 26
263 46
163 75
214 34
212 47
264 27
164 53
215 28
213 97
265 52
165 29
216 17
214 41
266 18
166 47
217 72
215 42
267 95
167 13
218 42
216 10
268 87
168 12
219 11
217 84
269 25
169 23
220 40
218 78
270 90
170 50
221 40
219 27
271 28
171 20
222 78
220 12
272 12
172 97
223 36
221 67
273 60
173 18
224 91
222 80
274 47
174 28
225 92
223 16
275 47
175 66
226 90
224 49
276 47
176 82
227 86
225 74
277 10
177 26
228 49
226 81
278 59
178 16
229 26
227 68
279 86
179 34
230 30
228 51
280 56
180 26
231 31
229 29
281 86
181 96
232 21
230 28
282 42
182 24
233 72
231 13
283 15
183 46
234 46
232 24
284 24
184 40
235 34
233 57
285 54
185 99
236 37
234 88
286 83
186 83
237 77
235 14
287 44
187 17
238 31
236 86
288 22
188 12
239 97
237 29
289 88
189 75
240 35
238 31
290 38
190 30
241 15
239 58
291 73
191 35
242 31
240 16
292 25
192 60
243 36
241 20
293 64
193 30
244 100
242 49
294 19
194 23
245 44
243 27
295 44
195 46
246 27
244 97
296 28
196 42
247 67
245 93
297 35
197 85
248 56
246 84
298 92
198 90
249 79
247 20
299 16
199 70
250 56
248 27
300 79
200 83
249 45
301 48
201 16
252 82
302 15
202 22
253 23
251 81
303 76
203 74
254 92
252 90
304 21
204 10
255 21
253 56
305 88
205 18
256 33
254 61
306 69
206 44
257 41
255 31
307 98
207 79
258 30
256 57
308 84
208 89
259 79
257 47
309 75
209 75
260 75
258 73
310 74
210 22
261 10
259 11
311 84
211 89
262 56
260 47
312 100
212 88
263 66
261 49
313 25
213 64
264 37
262 25
314 16
214 73
265 30
263 81
315 15
215 79
266 70
264 17
316 35
216 67
267 23
265 65
317 24
217 40
268 86
266 12
318 76
218 36
269 48
267 70
319 76
219 75
270 55
268 55
320 77
220 18
271 31
269 80
321 89
221 54
272 55
270 36
322 64
222 68
273 100
271 99
323 29
223 25
274 48
272 66
324 33
224 65
275 26
273 94
325 80
225 10
276 59
274 91
326 30
226 78
277 44
275 83
327 66
227 81
278 11
276 71
328 53
228 43
279 85
277 16
329 16
229 13
280 25
278 44
330 97
230 39
281 85
279 26
331 37
231 22
282 57
280 79
332 31
232 68
283 87
281 60
333 30
233 16
284 97
282 54
334 44
234 48
285 33
283 14
335 85
235 79
286 20
284 31
336 91
236 83
287 68
285 77
337 23
237 81
288 84
286 43
338 16
238 28
289 87
287 40
339 78
239 47
290 40
288 90
340 25
240 50
291 87
289 36
341 13
241 90
292 24
290 25
342 79
242 99
293 20
291 66
343 15
243 13
294 50
292 37
344 72
244 59
295 22
293 96
345 16
245 72
296 21
294 32
346 23
246 19
297 53
295 30
347 84
247 40
298 97
296 31
348 53
248 37
299 33
297 33
349 17
249 26
300 86
298 28
350 94
250 58
299 40
351 38
251 32
302 94
352 10
252 87
303 75
301 76
353 92
253 80
304 38
302 85
354 66
254 18
305 82
303 94
355 11
255 15
306 63
304 54
356 67
256 37
307 20
305 100
357 99
257 18
308 94
306 75
358 15
258 33
309 97
307 11
359 24
259 50
310 76
308 12
360 11
260 90
311 92
309 55
361 14
261 59
312 52
310 50
362 46
262 51
313 87
311 30
363 37
263 82
314 96
312 78
364 39
264 80
315 83
313 28
365 64
265 21
316 65
314 95
366 20
266 51
317 62
315 21
367 59
267 89
318 86
316 98
368 90
268 23
319 21
317 16
369 86
269 79
320 29
318 20
370 55
270 17
321 77
319 78
371 100
271 17
322 30
320 41
372 44
272 35
323 84
321 92
373 70
273 29
324 63
322 87
374 26
274 24
325 61
323 23
375 46
275 57
326 95
324 12
376 51
276 54
327 39
325 79
377 32
277 72
328 21
326 93
378 56
278 78
329 56
327 42
379 77
279 50
330 93
328 65
380 89
280 97
331 19
329 12
381 95
281 77
332 44
330 95
382 60
282 61
333 23
331 90
383 51
283 69
334 71
332 70
384 86
284 80
335 35
333 15
385 92
285 98
336 26
334 17
386 98
286 66
337 14
335 36
387 80
287 46
338 81
336 43
388 48
288 92
339 57
337 97
389 88
289 74
340 96
338 64
390 39
290 34
341 54
339 67
391 97
291 62
342 91
340 16
392 56
292 68
343 92
341 49
393 96
293 24
344 26
342 34
394 51
294 69
345 21
343 83
395 55
295 57
346 52
344 63
396 15
296 52
347 27
345 53
397 69
297 76
348 36
346 100
398 25
298 65
349 75
347 45
399 29
299 10
350 35
348 94
400 67
300 13
349 29
401 97
301 19
352 17
402 86
302 21
353 25
351 86
403 98
303 84
354 93
352 46
404 54
304 21
355 77
353 92
405 58
305 31
356 23
354 93
406 72
306 45
357 32
355 13
407 50
307 38
358 31
356 10
408 52
308 34
359 72
357 70
409 93
309 33
360 37
358 78
410 24
310 56
361 46
359 89
411 67
311 100
362 35
360 57
412 58
312 24
363 57
361 51
413 28
313 99
364 53
362 31
414 23
314 34
365 52
363 16
415 55
315 31
366 79
364 25
416 48
316 93
367 35
365 63
417 44
317 27
368 19
366 30
418 89
318 74
369 78
367 79
419 38
319 48
370 29
368 25
420 73
320 72
371 87
369 26
421 55
321 55
372 13
370 13
422 16
322 53
373 84
371 76
423 83
323 67
374 92
372 57
424 18
324 23
375 29
373 91
425 84
325 38
376 30
374 35
426 85
326 44
377 89
375 74
427 32
327 56
378 97
376 68
428 39
328 11
379 63
377 48
429 84
329 27
380 24
378 58
430 15
330 87
381 63
379 94
431 63
331 94
382 80
380 98
432 79
332 10
383 48
381 52
433 35
333 92
384 18
382 38
434 70
334 73
385 95
383 32
435 100
335 21
386 58
384 48
436 44
336 63
387 32
385 89
437 40
337 10
388 55
386 65
438 85
338 22
389 32
387 97
439 16
339 88
390 99
388 71
440 50
340 36
391 30
389 98
441 65
341 90
392 54
390 17
442 86
342 44
393 25
391 91
443 79
343 88
394 33
392 79
444 35
344 34
395 54
393 19
445 24
345 83
396 68
394 33
446 96
346 13
397 36
395 99
447 86
347 60
398 59
396 61
448 68
348 40
399 18
397 56
449 66
349 34
400 50
398 28
450 91
350 84
399 25
451 60
351 13
402 30
452 81
352 39
403 25
401 56
453 64
353 65
404 36
402 45
454 62
354 42
405 80
403 44
455 93
355 43
406 35
404 83
456 29
356 47
407 100
405 18
457 13
357 57
408 62
406 37
458 75
358 90
409 18
407 31
459 76
359 39
410 17
408 46
460 29
360 35
411 62
409 23
461 52
361 98
412 32
410 81
462 34
362 23
413 88
411 70
463 80
363 67
414 56
412 25
464 82
364 47
415 78
413 61
465 63
365 35
416 92
414 61
466 44
366 90
417 73
415 33
467 62
367 21
418 36
416 86
468 55
368 75
419 49
417 39
469 55
369 57
420 49
418 67
470 47
370 77
421 100
419 72
471 94
371 42
422 43
420 52
472 39
372 34
423 20
421 25
473 95
373 27
424 56
422 55
474 35
374 95
425 30
423 34
475 60
375 19
426 74
424 12
476 72
376 95
427 28
425 54
477 13
377 26
428 75
426 54
478 54
378 63
429 87
427 21
479 31
379 85
430 93
428 65
480 41
380 81
431 50
429 47
481 73
381 87
432 29
430 95
482 76
382 10
433 42
431 40
483 83
383 71
434 79
432 46
484 32
384 93
435 26
433 34
485 32
385 49
436 55
434 64
486 16
386 67
437 50
435 29
487 80
387 29
438 10
436 98
488 58
388 70
439 14
437 38
489 65
389 29
440 40
438 77
490 54
390 17
441 18
439 73
491 79
391 46
442 33
440 66
492 41
392 66
443 48
441 99
493 33
393 52
444 91
442 39
494 58
394 64
445 22
443 76
495 32
395 96
446 16
444 39
496 62
396 34
447 68
445 50
497 26
397 89
448 35
446 59
498 87
398 49
449 65
447 63
499 17
399 12
450 71
448 43
500 61
400 55
449 26
501 91
401 83
452 67
502 50
402 83
453 13
451 68
503 97
403 48
454 97
452 77
504 35
404 63
455 19
453 48
505 70
405 78
456 11
454 41
506 18
406 29
457 61
455 75
507 94
407 66
458 81
456 73
508 59
408 53
459 61
457 75
509 90
409 15
460 88
458 75
510 68
410 18
461 77
459 88
511 45
411 40
462 100
460 67
512 63
412 80
463 87
461 60
513 56
413 26
464 58
462 81
514 25
414 43
465 23
463 92
515 59
415 43
466 98
464 43
516 76
416 38
467 91
465 21
517 25
417 50
468 83
466 65
518 17
418 18
469 69
467 85
519 54
419 54
470 59
468 86
520 90
420 71
471 65
469 89
521 17
421 13
472 16
470 61
522 81
422 20
473 27
471 15
523 19
423 70
474 56
472 94
524 46
424 29
475 70
473 55
525 56
425 31
476 80
474 36
526 11
426 84
477 25
475 67
527 98
427 90
478 69
476 73
528 91
428 52
479 67
477 90
529 94
429 57
480 97
478 71
530 39
430 34
481 43
479 22
531 30
431 46
482 50
480 100
532 81
432 66
483 32
481 71
533 36
433 43
484 26
482 88
534 31
434 60
485 93
483 93
535 98
435 46
486 100
484 78
536 89
436 100
487 52
485 100
537 84
437 67
488 75
486 38
538 89
438 49
489 16
487 83
539 70
439 99
490 43
488 61
540 62
440 65
491 75
489 51
541 71
441 61
492 97
490 38
542 16
442 36
493 100
491 58
543 98
443 62
494 63
492 61
544 22
444 26
495 56
493 13
545 46
445 13
496 10
494 50
546 32
446 32
497 96
495 39
547 29
447 100
498 85
496 98
548 89
448 47
499 12
497 64
549 92
449 56
500 81
498 57
550 95
450 40
499 10
551 37
451 68
502 89
552 68
452 71
503 64
501 29
553 67
453 29
504 99
502 78
554 10
454 49
505 83
503 16
555 78
455 22
506 61
504 51
556 36
456 40
507 87
505 37
557 24
457 56
508 87
506 57
558 86
458 63
509 39
507 45
559 72
459 69
510 99
508 46
560 68
460 59
511 75
509 92
561 84
461 88
512 68
510 15
562 27
462 36
513 94
511 16
563 84
463 13
514 80
512 31
564 35
464 14
515 53
513 95
565 94
465 67
516 62
514 36
566 21
466 36
517 77
515 57
567 18
467 50
518 33
516 32
568 25
468 39
519 16
517 64
569 80
469 48
520 17
518 30
570 31
470 81
521 46
519 62
571 35
471 41
522 58
520 14
572 11
472 22
523 30
521 81
573 20
473 25
524 59
522 92
574 86
474 37
525 85
523 16
575 77
475 31
526 60
524 89
576 81
476 17
527 93
525 81
577 78
477 48
528 18
526 24
578 19
478 34
529 28
527 97
579 30
479 69
530 66
528 83
580 80
480 87
531 56
529 28
581 91
481 82
532 90
530 36
582 24
482 35
533 15
531 58
583 53
483 46
534 24
532 57
584 34
484 88
535 45
533 38
585 14
485 37
536 40
534 11
586 45
486 13
537 46
535 39
587 70
487 35
538 93
536 24
588 74
488 77
539 39
537 59
589 24
489 100
540 48
538 40
590 43
490 40
541 42
539 86
591 13
491 94
542 75
540 99
592 10
492 86
543 20
541 30
593 10
493 65
544 52
542 17
594 70
494 94
545 72
543 71
595 32
495 86
546 98
544 66
596 84
496 66
547 33
545 21
597 100
497 16
548 63
546 36
598 86
498 68
549 94
547 92
599 41
499 70
550 94
548 98
600 89
500 98
549 46
501 55
552 16
502 29
553 44
551 42
503 46
554 49
552 89
504 54
555 32
553 91
505 45
556 54
554 12
506 30
557 35
555 52
507 99
558 21
556 71
508 90
559 45
557 70
509 27
560 22
558 31
510 23
561 14
559 97
511 35
562 54
560 42
512 34
563 99
561 50
513 55
564 47
562 28
514 33
565 19
563 50
515 55
566 92
564 70
516 86
567 86
565 21
517 45
568 93
566 66
518 67
569 72
567 84
519 97
570 78
568 86
520 53
571 65
569 10
521 75
572 88
570 59
522 37
573 12
571 10
523 45
574 35
572 78
524 32
575 15
573 23
525 97
576 70
574 13
526 58
577 95
575 19
527 49
578 31
576 16
528 28
579 47
577 75
529 25
580 74
578 53
530 30
581 60
579 51
531 77
582 21
580 16
532 99
583 40
581 21
533 20
584 62
582 51
534 19
585 79
583 34
535 69
586 53
584 25
536 91
587 33
585 61
537 30
588 31
586 52
538 91
589 60
587 26
539 79
590 97
588 57
540 67
591 97
589 96
541 56
592 99
590 34
542 35
593 14
591 29
543 40
594 89
592 96
544 22
595 19
593 67
545 23
596 21
594 18
546 81
597 28
595 85
547 88
598 22
596 92
548 64
599 19
597 62
549 27
600 84
598 73
550 29
599 42
482
559
1 482 
2 498 186 
1 322 
4 140 490 549 11 
3 205 437 456 
1 398 
3 138 256 69 
1 68 
1 592 
2 299 562 
2 351 378 
3 183 135 298 
1 26 
3 544 199 440 
3 450 271 577 
3 483 331 573 
3 307 464 319 
1 579 
1 526 
2 431 225 
1 182 
1 418 
4 436 150 595 261 
2 596 170 
1 171 
2 405 253 
2 149 236 
3 79 270 419 
1 584 
3 280 159 337 
3 344 475 396 
2 551 185 
1 59 
2 513 497 
2 404 258 
2 109 119 
2 204 578 
1 95 
1 283 
2 144 43 
2 566 219 
3 207 67 583 
1 368 
1 24 
1 472 
2 110 108 
2 432 38 
2 309 74 
1 252 
2 303 37 
3 439 101 98 
1 536 
2 217 233 
2 28 291 
2 33 347 
2 294 446 
1 169 
2 324 301 
2 3 542 
1 474 
1 240 
1 357 
2 473 312 
2 462 548 
3 520 449 21 
1 426 
3 72 385 494 
1 438 
1 148 
1 254 
1 64 
3 121 190 442 
4 102 556 560 158 
1 155 
2 202 128 
1 90 
2 189 531 
1 557 
2 34 409 
3 160 39 244 
2 80 365 
1 187 
2 133 550 
2 105 157 
1 245 
1 492 
2 381 58 
3 100 374 523 
1 406 
1 194 
2 591 336 
3 32 345 516 
1 384 
2 302 14 
2 85 589 
1 300 
3 517 29 218 
2 70 414 
2 56 89 
3 113 297 91 
4 571 156 480 12 
2 590 429 
2 16 192 
1 200 
1 209 
1 134 
1 316 
2 281 116 
1 391 
1 499 
1 361 
3 570 20 54 
2 572 588 
1 559 
