100 342 10 100 19
2
3
3
2
3
4
4
3
3
4
4
3
3
4
4
3
3
4
4
3
3
4
4
3
3
4
4
3
3
4
4
3
3
4
4
3
3
4
4
3
3
4
4
3
3
4
4
3
3
4
4
3
3
4
4
3
3
4
4
3
3
4
4
3
3
4
4
3
3
4
4
3
3
4
4
3
3
4
4
3
3
4
4
3
3
4
4
3
3
4
4
3
3
4
4
3
2
3
3
2
5 29
2 29
6 77
3 79
1 64
7 68
4 31
2 80
8 24
3 72
9 45
1 43
6 70
10 47
2 67
7 15
5 45
11 60
3 80
8 50
6 72
12 10
4 13
7 41
13 69
5 88
10 85
14 56
6 48
11 21
9 57
15 24
7 15
12 86
10 39
16 59
8 22
11 18
17 93
9 98
14 19
18 45
10 25
15 15
13 83
19 47
11 97
16 67
14 23
20 99
12 45
15 67
21 62
13 53
18 77
22 68
14 22
19 92
17 47
23 15
15 47
20 89
18 17
24 23
16 21
19 90
25 72
17 18
22 90
26 32
18 44
23 43
21 98
27 28
19 16
24 12
22 11
28 47
20 92
23 55
29 58
21 54
26 87
30 86
22 55
27 76
25 58
31 58
23 95
28 74
26 52
32 71
24 60
27 38
33 24
25 45
30 31
34 93
26 41
31 28
29 97
35 30
27 81
32 75
30 80
36 72
28 56
31 57
37 16
29 72
34 66
38 34
30 64
35 20
33 67
39 39
31 50
36 35
34 61
40 37
32 83
35 10
41 16
33 58
38 36
42 57
34 42
39 14
37 87
43 12
35 17
40 83
38 59
44 24
36 95
39 20
45 71
37 33
42 71
46 52
38 66
43 90
41 79
47 41
39 52
44 93
42 80
48 14
40 58
43 72
49 61
41 18
46 23
50 95
42 62
47 11
45 64
51 87
43 51
48 65
46 56
52 63
44 51
47 77
53 21
45 79
50 82
54 76
46 30
51 64
49 46
55 17
47 60
52 67
50 49
56 53
48 61
51 84
57 72
49 17
54 54
58 55
50 61
55 76
53 46
59 49
51 79
56 93
54 78
60 85
52 63
55 67
61 78
53 54
58 63
62 84
54 34
59 90
57 27
63 68
55 34
60 41
58 65
64 24
56 83
59 100
65 85
57 50
62 54
66 22
58 97
63 36
61 26
67 11
59 44
64 45
62 37
68 51
60 35
63 76
69 56
61 18
66 96
70 22
62 23
67 93
65 89
71 27
63 78
68 88
66 58
72 12
64 70
67 34
73 56
65 96
70 68
74 92
66 90
71 28
69 44
75 33
67 87
72 85
70 46
76 94
68 11
71 53
77 48
69 30
74 74
78 90
70 33
75 42
73 47
79 80
71 67
76 96
74 18
80 22
72 57
75 57
81 83
73 42
78 37
82 68
74 14
79 71
77 25
83 32
75 48
80 39
78 90
84 30
76 76
79 62
85 14
77 32
82 60
86 80
78 45
83 17
81 45
87 29
79 90
84 54
82 79
88 69
80 49
83 22
89 85
81 68
86 37
90 45
82 94
87 82
85 12
91 84
83 56
88 32
86 47
92 25
84 62
87 82
93 62
85 79
90 74
94 38
86 85
91 97
89 52
95 80
87 100
92 55
90 64
96 69
88 27
91 97
97 96
89 50
94 31
98 61
90 32
95 30
93 78
99 55
91 63
96 26
94 69
100 100
92 31
95 72
93 52
98 75
94 58
99 58
97 43
95 80
100 30
98 80
96 42
99 13
2
8
1 2 
1 40 
2 67 90 
1 47 
2 98 92 
1 1 
3 38 79 7 
2 20 89 
3 97 81 9 
4 94 53 55 96 
2 74 83 
1 69 
2 48 57 
1 29 
2 70 5 
1 99 
1 82 
3 84 93 85 
2 80 8 
