196 728 10 100 37
2
3
3
3
3
3
3
3
3
3
3
3
3
2
3
4
4
4
4
4
4
4
4
4
4
4
4
3
3
4
4
4
4
4
4
4
4
4
4
4
4
3
3
4
4
4
4
4
4
4
4
4
4
4
4
3
3
4
4
4
4
4
4
4
4
4
4
4
4
3
3
4
4
4
4
4
4
4
4
4
4
4
4
3
3
4
4
4
4
4
4
4
4
4
4
4
4
3
3
4
4
4
4
4
4
4
4
4
4
4
4
3
3
4
4
4
4
4
4
4
4
4
4
4
4
3
3
4
4
4
4
4
4
4
4
4
4
4
4
3
3
4
4
4
4
4
4
4
4
4
4
4
4
3
3
4
4
4
4
4
4
4
4
4
4
4
4
3
3
4
4
4
4
4
4
4
4
4
4
4
4
3
2
3
3
3
3
3
3
3
3
3
3
3
3
2
15 86
2 29
16 60
3 41
1 42
17 10
4 70
2 85
18 19
5 49
3 64
19 35
6 22
4 50
20 72
7 16
5 85
21 11
8 87
6 100
22 81
9 35
7 60
23 67
10 49
8 62
24 98
11 76
9 59
25 31
12 73
10 78
26 34
13 44
11 71
27 88
14 70
12 57
28 33
13 55
29 80
1 55
16 39
30 90
2 68
17 48
15 70
31 97
3 36
18 63
16 33
32 84
4 38
19 87
17 95
33 54
5 32
20 51
18 84
34 78
6 34
21 26
19 88
35 40
7 58
22 28
20 24
36 64
8 85
23 35
21 12
37 54
9 96
24 89
22 36
38 30
10 22
25 68
23 47
39 83
11 31
26 99
24 15
40 42
12 96
27 74
25 75
41 55
13 49
28 41
26 45
42 79
14 58
27 78
43 85
15 82
30 38
44 56
16 62
31 54
29 30
45 46
17 62
32 78
30 71
46 26
18 75
33 50
31 56
47 84
19 71
34 14
32 72
48 77
20 53
35 41
33 57
49 10
21 12
36 22
34 64
50 49
22 13
37 87
35 85
51 33
23 53
38 94
36 96
52 86
24 89
39 24
37 88
53 57
25 64
40 23
38 47
54 19
26 55
41 87
39 38
55 16
27 84
42 23
40 86
56 28
28 39
41 80
57 30
29 75
44 48
58 27
30 54
45 61
43 86
59 13
31 95
46 87
44 23
60 18
32 50
47 84
45 33
61 55
33 96
48 39
46 40
62 90
34 58
49 38
47 47
63 52
35 70
50 32
48 48
64 86
36 91
51 10
49 33
65 70
37 31
52 34
50 63
66 52
38 70
53 34
51 68
67 92
39 45
54 83
52 57
68 53
40 52
55 61
53 13
69 72
41 74
56 63
54 90
70 68
42 45
55 91
71 19
43 70
58 34
72 23
44 57
59 25
57 21
73 40
45 67
60 32
58 48
74 84
46 25
61 75
59 85
75 17
47 73
62 71
60 32
76 90
48 33
63 25
61 17
77 21
49 55
64 19
62 87
78 81
50 21
65 54
63 49
79 88
51 69
66 94
64 34
80 92
52 54
67 33
65 63
81 27
53 13
68 17
66 28
82 90
54 59
69 68
67 11
83 98
55 22
70 52
68 26
84 88
56 45
69 23
85 17
57 15
72 62
86 81
58 86
73 62
71 34
87 58
59 96
74 75
72 70
88 78
60 79
75 99
73 53
89 50
61 15
76 90
74 70
90 95
62 74
77 13
75 68
91 23
63 37
78 100
76 12
92 46
64 30
79 76
77 48
93 85
65 39
80 91
78 54
94 98
66 28
81 19
79 19
95 27
67 98
82 63
80 88
96 20
68 58
83 25
81 16
97 31
69 10
84 53
82 48
98 73
70 73
83 92
99 61
71 98
86 67
100 84
72 86
87 15
85 52
101 44
73 46
88 13
86 32
102 54
74 70
89 57
87 58
103 72
75 21
90 72
88 14
104 36
76 20
91 84
89 40
105 27
77 55
92 47
90 41
106 98
78 62
93 91
91 44
107 41
79 50
94 99
92 29
108 49
80 55
95 20
93 97
109 68
81 83
96 39
94 13
110 80
82 21
97 66
95 20
111 26
83 36
98 65
96 34
112 86
84 70
97 83
113 82
85 24
100 38
114 80
86 82
101 18
99 15
115 65
87 15
102 24
100 17
116 72
88 69
103 92
101 73
117 41
89 51
104 55
102 73
118 27
90 41
105 70
103 41
119 67
91 64
106 82
104 77
120 49
92 88
107 59
105 29
121 43
93 89
108 51
106 91
122 54
94 41
109 54
107 14
123 25
95 73
110 80
108 80
124 48
96 86
111 91
109 19
125 60
97 92
112 88
110 62
126 76
98 58
111 13
127 64
99 61
114 12
128 50
100 80
115 33
113 12
129 97
101 91
116 68
114 25
130 92
102 39
117 42
115 88
131 41
103 17
118 56
116 78
132 52
104 35
119 17
117 14
133 35
105 67
120 63
118 29
134 37
106 98
121 47
119 92
135 37
107 19
122 65
120 19
136 70
108 52
123 48
121 52
137 65
109 48
124 95
122 74
138 67
110 17
125 79
123 65
139 60
111 20
126 60
124 65
140 52
112 41
125 82
141 51
113 62
128 92
142 87
114 59
129 79
127 85
143 61
115 68
130 27
128 80
144 12
116 30
131 96
129 21
145 98
117 44
132 49
130 25
146 53
118 52
133 21
131 23
147 20
119 17
134 16
132 14
148 100
120 82
135 94
133 23
149 51
121 94
136 20
134 94
150 67
122 79
137 19
135 83
151 89
123 83
138 57
136 55
152 44
124 13
139 79
137 22
153 96
125 62
140 59
138 48
154 23
126 95
139 65
155 12
127 40
142 70
156 25
128 74
143 39
141 73
157 24
129 45
144 91
142 34
158 94
130 68
145 33
143 19
159 75
131 18
146 95
144 99
160 48
132 21
147 10
145 30
161 61
133 36
148 22
146 100
162 64
134 60
149 88
147 12
163 13
135 11
150 36
148 56
164 16
136 63
151 49
149 92
165 68
137 97
152 62
150 64
166 23
138 91
153 56
151 60
167 83
139 72
154 49
152 88
168 16
140 61
153 44
169 37
141 43
156 61
170 55
142 39
157 43
155 74
171 66
143 85
158 21
156 72
172 10
144 24
159 29
157 95
173 95
145 54
160 28
158 73
174 56
146 30
161 85
159 42
175 75
147 96
162 86
160 55
176 19
148 80
163 29
161 38
177 76
149 89
164 38
162 24
178 31
150 36
165 98
163 66
179 98
151 86
166 68
164 72
180 43
152 70
167 56
165 73
181 95
153 87
168 13
166 43
182 50
154 71
167 71
183 90
155 25
170 51
184 96
156 59
171 70
169 66
185 98
157 91
172 18
170 99
186 52
158 75
173 51
171 20
187 68
159 89
174 43
172 56
188 37
160 81
175 48
173 72
189 28
161 75
176 23
174 68
190 92
162 43
177 93
175 43
191 66
163 85
178 90
176 23
192 36
164 87
179 14
177 70
193 97
165 48
180 87
178 49
194 27
166 43
181 12
179 64
195 97
167 43
182 14
180 41
196 27
168 34
181 23
169 26
184 38
170 25
185 67
183 78
171 25
186 58
184 33
172 66
187 64
185 10
173 62
188 36
186 42
174 73
189 15
187 11
175 79
190 52
188 24
176 57
191 69
189 20
177 15
192 42
190 80
178 99
193 97
191 25
179 37
194 94
192 11
180 27
195 16
193 88
181 65
196 41
194 10
182 78
195 37
19
87
4 149 102 175 19 
1 125 
2 48 191 
3 73 172 195 
3 76 119 141 
1 8 
1 137 
1 183 
3 51 118 85 
4 59 78 154 71 
1 92 
2 135 69 
1 79 
1 58 
1 75 
2 153 194 
2 136 117 
2 30 189 
1 188 
4 147 91 123 93 
1 107 
2 37 98 
1 134 
1 6 
1 161 
2 24 126 
2 110 45 
2 4 53 
2 84 133 
2 96 11 
1 88 
1 66 
3 49 86 60 
1 127 
1 25 
3 146 106 82 
2 186 87 
