196 728 10 100 37
2
3
3
3
3
3
3
3
3
3
3
3
3
2
3
4
4
4
4
4
4
4
4
4
4
4
4
3
3
4
4
4
4
4
4
4
4
4
4
4
4
3
3
4
4
4
4
4
4
4
4
4
4
4
4
3
3
4
4
4
4
4
4
4
4
4
4
4
4
3
3
4
4
4
4
4
4
4
4
4
4
4
4
3
3
4
4
4
4
4
4
4
4
4
4
4
4
3
3
4
4
4
4
4
4
4
4
4
4
4
4
3
3
4
4
4
4
4
4
4
4
4
4
4
4
3
3
4
4
4
4
4
4
4
4
4
4
4
4
3
3
4
4
4
4
4
4
4
4
4
4
4
4
3
3
4
4
4
4
4
4
4
4
4
4
4
4
3
3
4
4
4
4
4
4
4
4
4
4
4
4
3
2
3
3
3
3
3
3
3
3
3
3
3
3
2
15 24
2 29
16 24
3 29
1 35
17 98
4 92
2 26
18 29
5 27
3 55
19 91
6 34
4 64
20 64
7 65
5 40
21 25
8 56
6 23
22 64
9 63
7 25
23 29
10 21
8 12
24 72
11 34
9 11
25 48
12 90
10 23
26 16
13 77
11 35
27 65
14 35
12 39
28 30
13 22
29 69
1 24
16 99
30 58
2 74
17 75
15 59
31 41
3 15
18 80
16 89
32 94
4 88
19 77
17 42
33 89
5 75
20 70
18 59
34 35
6 55
21 57
19 29
35 25
7 47
22 84
20 98
36 37
8 97
23 31
21 84
37 23
9 96
24 10
22 54
38 62
10 21
25 72
23 48
39 88
11 96
26 46
24 14
40 22
12 49
27 91
25 71
41 66
13 19
28 51
26 34
42 84
14 11
27 81
43 40
15 42
30 92
44 98
16 83
31 73
29 33
45 64
17 13
32 26
30 27
46 50
18 85
33 74
31 61
47 84
19 48
34 67
32 56
48 77
20 58
35 75
33 74
49 13
21 72
36 15
34 63
50 10
22 43
37 54
35 77
51 26
23 16
38 58
36 73
52 81
24 74
39 65
37 80
53 80
25 15
40 12
38 92
54 31
26 72
41 37
39 33
55 65
27 79
42 29
40 81
56 13
28 85
41 39
57 99
29 78
44 89
58 34
30 65
45 51
43 73
59 90
31 61
46 79
44 55
60 52
32 94
47 92
45 78
61 34
33 17
48 57
46 91
62 57
34 71
49 41
47 42
63 43
35 61
50 24
48 19
64 97
36 81
51 81
49 21
65 75
37 29
52 53
50 25
66 35
38 89
53 85
51 34
67 88
39 46
54 30
52 51
68 67
40 52
55 54
53 44
69 34
41 33
56 79
54 64
70 36
42 46
55 63
71 47
43 35
58 70
72 33
44 85
59 83
57 72
73 83
45 83
60 43
58 23
74 80
46 41
61 83
59 49
75 99
47 84
62 47
60 66
76 49
48 99
63 14
61 66
77 38
49 59
64 17
62 78
78 36
50 68
65 26
63 79
79 55
51 52
66 69
64 35
80 72
52 61
67 14
65 68
81 35
53 63
68 30
66 66
82 16
54 83
69 93
67 13
83 49
55 10
70 99
68 67
84 42
56 64
69 31
85 12
57 67
72 44
86 50
58 22
73 28
71 35
87 32
59 81
74 19
72 69
88 22
60 30
75 55
73 76
89 13
61 98
76 43
74 54
90 89
62 50
77 39
75 37
91 27
63 31
78 66
76 19
92 22
64 58
79 90
77 28
93 42
65 36
80 20
78 35
94 73
66 72
81 74
79 21
95 68
67 71
82 61
80 23
96 86
68 55
83 53
81 78
97 52
69 44
84 50
82 68
98 58
70 62
83 53
99 87
71 58
86 90
100 32
72 83
87 25
85 57
101 58
73 76
88 94
86 86
102 25
74 25
89 69
87 70
103 97
75 34
90 76
88 12
104 30
76 89
91 45
89 20
105 95
77 73
92 13
90 60
106 77
78 89
93 86
91 16
107 26
79 66
94 66
92 19
108 74
80 100
95 28
93 79
109 82
81 45
96 88
94 85
110 99
82 48
97 62
95 81
111 96
83 10
98 54
96 88
112 21
84 86
97 64
113 15
85 39
100 54
114 26
86 28
101 21
99 80
115 43
87 57
102 34
100 30
116 41
88 65
103 68
101 99
117 27
89 28
104 99
102 36
118 44
90 93
105 31
103 49
119 49
91 11
106 68
104 39
120 87
92 15
107 91
105 39
121 37
93 60
108 23
106 31
122 62
94 15
109 96
107 23
123 83
95 24
110 69
108 39
124 18
96 88
111 24
109 32
125 16
97 56
112 81
110 65
126 84
98 95
111 59
127 81
99 53
114 90
128 13
100 80
115 51
113 52
129 80
101 98
116 35
114 72
130 94
102 94
117 44
115 56
131 29
103 54
118 34
116 43
132 21
104 26
119 92
117 36
133 23
105 30
120 50
118 91
134 76
106 32
121 50
119 72
135 13
107 30
122 44
120 64
136 60
108 32
123 42
121 76
137 55
109 60
124 25
122 69
138 41
110 27
125 11
123 43
139 48
111 89
126 12
124 27
140 43
112 16
125 27
141 66
113 79
128 86
142 78
114 62
129 90
127 61
143 23
115 53
130 46
128 100
144 42
116 70
131 21
129 65
145 86
117 68
132 26
130 85
146 56
118 89
133 95
131 54
147 40
119 30
134 21
132 51
148 99
120 88
135 48
133 59
149 77
121 18
136 17
134 46
150 55
122 60
137 77
135 78
151 27
123 71
138 55
136 39
152 90
124 36
139 71
137 38
153 20
125 57
140 44
138 52
154 87
126 85
139 92
155 43
127 36
142 77
156 83
128 39
143 83
141 57
157 26
129 97
144 25
142 67
158 33
130 35
145 55
143 70
159 90
131 92
146 41
144 32
160 85
132 37
147 37
145 45
161 80
133 60
148 31
146 65
162 87
134 58
149 18
147 51
163 44
135 24
150 72
148 92
164 28
136 88
151 36
149 84
165 16
137 19
152 27
150 22
166 87
138 69
153 34
151 80
167 30
139 60
154 63
152 11
168 56
140 34
153 84
169 16
141 19
156 23
170 97
142 83
157 91
155 31
171 94
143 65
158 98
156 54
172 79
144 49
159 14
157 14
173 31
145 80
160 17
158 96
174 43
146 61
161 73
159 41
175 83
147 46
162 84
160 73
176 71
148 69
163 26
161 53
177 81
149 40
164 20
162 28
178 43
150 18
165 17
163 92
179 66
151 63
166 98
164 47
180 57
152 82
167 30
165 73
181 77
153 22
168 48
166 33
182 75
154 44
167 44
183 77
155 76
170 31
184 81
156 75
171 93
169 14
185 41
157 36
172 30
170 53
186 12
158 44
173 98
171 97
187 26
159 11
174 33
172 24
188 76
160 17
175 48
173 33
189 16
161 43
176 83
174 85
190 100
162 87
177 53
175 92
191 27
163 100
178 22
176 61
192 18
164 74
179 27
177 95
193 49
165 81
180 76
178 90
194 81
166 73
181 27
179 79
195 19
167 40
182 80
180 63
196 17
168 46
181 78
169 18
184 82
170 76
185 35
183 31
171 75
186 16
184 64
172 97
187 88
185 76
173 45
188 55
186 25
174 71
189 89
187 23
175 41
190 81
188 45
176 21
191 94
189 54
177 99
192 36
190 100
178 84
193 76
191 82
179 12
194 60
192 36
180 65
195 88
193 81
181 57
196 48
194 99
182 24
195 94
14
114
2 20 14 
2 76 143 
2 3 149 
2 118 62 
2 139 50 
1 126 
2 25 86 
1 36 
2 39 191 
4 167 175 19 117 
1 97 
1 170 
1 83 
1 190 
1 152 
3 88 26 173 
1 99 
2 31 8 
2 85 63 
2 127 81 
2 9 172 
2 133 16 
2 78 134 
2 132 55 
2 69 15 
2 5 71 
1 42 
1 154 
2 180 82 
3 125 79 104 
1 113 
2 158 157 
2 87 37 
1 106 
4 46 195 54 115 
1 38 
3 34 93 114 
