400 1500 10 100 76
2
3
3
3
3
3
3
3
3
3
3
3
3
3
3
3
3
3
3
3
3
3
3
3
3
3
3
3
3
3
3
3
3
3
3
3
3
3
3
2
3
4
4
4
4
4
4
4
4
4
4
4
4
4
4
4
4
4
4
4
4
4
4
4
4
4
4
4
4
4
4
4
4
4
4
4
4
4
4
3
3
4
4
4
4
4
4
4
4
4
4
4
4
4
4
4
4
4
4
4
4
4
4
4
4
4
4
4
4
4
4
4
4
4
4
4
4
4
4
3
3
4
4
4
4
4
4
4
4
4
4
4
4
4
4
4
4
4
4
4
4
4
4
4
4
4
4
4
4
4
4
4
4
4
4
4
4
4
4
3
3
4
4
4
4
4
4
4
4
4
4
4
4
4
4
4
4
4
4
4
4
4
4
4
4
4
4
4
4
4
4
4
4
4
4
4
4
4
4
3
3
4
4
4
4
4
4
4
4
4
4
4
4
4
4
4
4
4
4
4
4
4
4
4
4
4
4
4
4
4
4
4
4
4
4
4
4
4
4
3
3
4
4
4
4
4
4
4
4
4
4
4
4
4
4
4
4
4
4
4
4
4
4
4
4
4
4
4
4
4
4
4
4
4
4
4
4
4
4
3
3
4
4
4
4
4
4
4
4
4
4
4
4
4
4
4
4
4
4
4
4
4
4
4
4
4
4
4
4
4
4
4
4
4
4
4
4
4
4
3
3
4
4
4
4
4
4
4
4
4
4
4
4
4
4
4
4
4
4
4
4
4
4
4
4
4
4
4
4
4
4
4
4
4
4
4
4
4
4
3
2
3
3
3
3
3
3
3
3
3
3
3
3
3
3
3
3
3
3
3
3
3
3
3
3
3
3
3
3
3
3
3
3
3
3
3
3
3
3
2
41 33
2 29
42 55
3 27
1 78
43 73
4 80
2 41
44 14
5 10
3 66
45 73
6 60
4 90
46 17
7 16
5 64
47 18
8 27
6 16
48 93
9 43
7 13
49 41
10 50
8 92
50 70
11 77
9 99
51 90
12 29
10 89
52 49
13 44
11 58
53 21
14 91
12 64
54 33
15 66
13 13
55 13
16 14
14 94
56 25
17 22
15 16
57 69
18 73
16 37
58 13
19 75
17 41
59 13
20 100
18 92
60 38
21 87
19 95
61 22
22 32
20 42
62 42
23 20
21 61
63 57
24 17
22 47
64 29
25 89
23 78
65 17
26 83
24 22
66 19
27 45
25 57
67 41
28 96
26 89
68 17
29 33
27 24
69 85
30 31
28 57
70 31
31 16
29 99
71 13
32 11
30 34
72 63
33 70
31 73
73 93
34 20
32 38
74 77
35 48
33 79
75 45
36 77
34 40
76 18
37 64
35 53
77 42
38 93
36 43
78 89
39 26
37 65
79 55
40 51
38 94
80 55
39 20
81 17
1 43
42 85
82 45
2 39
43 22
41 66
83 43
3 91
44 73
42 100
84 45
4 84
45 49
43 100
85 22
5 12
46 62
44 44
86 98
6 89
47 42
45 51
87 28
7 100
48 30
46 60
88 99
8 28
49 44
47 91
89 75
9 46
50 20
48 20
90 14
10 49
51 26
49 90
91 15
11 71
52 23
50 18
92 15
12 15
53 41
51 75
93 74
13 32
54 66
52 75
94 70
14 98
55 14
53 90
95 96
15 56
56 64
54 46
96 83
16 23
57 31
55 11
97 62
17 23
58 99
56 49
98 48
18 13
59 27
57 66
99 28
19 14
60 60
58 14
100 32
20 73
61 49
59 44
101 22
21 61
62 39
60 92
102 72
22 61
63 36
61 78
103 22
23 63
64 13
62 59
104 44
24 26
65 20
63 97
105 37
25 17
66 25
64 27
106 98
26 82
67 34
65 70
107 35
27 45
68 85
66 97
108 24
28 99
69 64
67 70
109 95
29 55
70 60
68 94
110 70
30 36
71 55
69 25
111 69
31 54
72 11
70 91
112 51
32 48
73 97
71 93
113 96
33 61
74 46
72 35
114 57
34 43
75 96
73 65
115 30
35 96
76 59
74 69
116 27
36 97
77 73
75 88
117 72
37 10
78 74
76 27
118 55
38 14
79 98
77 92
119 18
39 82
80 25
78 86
120 11
40 32
79 97
121 62
41 67
82 44
122 35
42 79
83 72
81 93
123 17
43 15
84 95
82 66
124 43
44 76
85 19
83 78
125 87
45 73
86 65
84 29
126 43
46 57
87 71
85 56
127 18
47 68
88 32
86 99
128 21
48 21
89 39
87 48
129 56
49 25
90 33
88 61
130 20
50 76
91 94
89 20
131 87
51 81
92 87
90 43
132 67
52 81
93 50
91 32
133 62
53 77
94 18
92 13
134 61
54 84
95 33
93 82
135 49
55 25
96 57
94 14
136 98
56 18
97 59
95 43
137 30
57 26
98 68
96 41
138 48
58 42
99 18
97 87
139 88
59 57
100 86
98 47
140 57
60 29
101 66
99 15
141 30
61 97
102 18
100 53
142 34
62 73
103 45
101 73
143 87
63 51
104 27
102 87
144 75
64 29
105 74
103 57
145 57
65 98
106 78
104 48
146 34
66 14
107 67
105 51
147 84
67 21
108 53
106 53
148 87
68 18
109 23
107 83
149 83
69 71
110 57
108 26
150 44
70 56
111 91
109 63
151 63
71 12
112 15
110 56
152 14
72 29
113 95
111 52
153 70
73 64
114 92
112 84
154 68
74 36
115 63
113 63
155 26
75 62
116 58
114 41
156 62
76 97
117 72
115 80
157 69
77 47
118 43
116 93
158 77
78 20
119 60
117 73
159 17
79 14
120 87
118 67
160 12
80 29
119 67
161 19
81 60
122 13
162 62
82 19
123 12
121 65
163 92
83 24
124 22
122 29
164 47
84 34
125 64
123 60
165 37
85 40
126 37
124 15
166 43
86 51
127 53
125 33
167 26
87 33
128 22
126 65
168 27
88 88
129 92
127 94
169 69
89 25
130 16
128 95
170 10
90 39
131 69
129 78
171 80
91 48
132 30
130 47
172 78
92 43
133 96
131 68
173 67
93 30
134 60
132 77
174 40
94 14
135 92
133 60
175 35
95 68
136 48
134 28
176 57
96 87
137 20
135 37
177 80
97 73
138 68
136 22
178 40
98 50
139 11
137 45
179 53
99 26
140 55
138 86
180 10
100 69
141 71
139 85
181 87
101 78
142 39
140 44
182 95
102 17
143 63
141 80
183 20
103 57
144 64
142 72
184 29
104 76
145 48
143 10
185 89
105 47
146 55
144 76
186 59
106 42
147 65
145 17
187 99
107 75
148 64
146 59
188 25
108 94
149 54
147 68
189 69
109 86
150 70
148 80
190 34
110 37
151 18
149 48
191 46
111 70
152 23
150 94
192 66
112 54
153 84
151 95
193 12
113 22
154 12
152 24
194 24
114 22
155 45
153 36
195 67
115 23
156 49
154 27
196 47
116 93
157 88
155 44
197 65
117 53
158 16
156 11
198 58
118 41
159 48
157 48
199 67
119 33
160 43
158 82
200 94
120 55
159 34
201 84
121 84
162 12
202 34
122 79
163 64
161 73
203 43
123 76
164 69
162 70
204 49
124 95
165 12
163 38
205 86
125 16
166 100
164 75
206 13
126 40
167 52
165 12
207 20
127 88
168 34
166 61
208 97
128 46
169 31
167 81
209 68
129 91
170 15
168 29
210 97
130 87
171 24
169 29
211 56
131 97
172 24
170 46
212 59
132 76
173 36
171 98
213 41
133 63
174 70
172 13
214 88
134 33
175 39
173 49
215 74
135 83
176 63
174 29
216 83
136 20
177 11
175 91
217 39
137 79
178 99
176 83
218 84
138 20
179 70
177 45
219 33
139 82
180 63
178 45
220 89
140 60
181 75
179 60
221 31
141 42
182 39
180 86
222 94
142 63
183 41
181 61
223 99
143 26
184 14
182 27
224 55
144 77
185 44
183 93
225 13
145 82
186 59
184 73
226 97
146 71
187 39
185 93
227 49
147 77
188 98
186 42
228 38
148 18
189 18
187 54
229 39
149 14
190 100
188 85
230 15
150 28
191 49
189 72
231 84
151 99
192 67
190 13
232 43
152 33
193 96
191 67
233 78
153 77
194 41
192 70
234 53
154 14
195 34
193 70
235 54
155 86
196 32
194 96
236 79
156 85
197 61
195 24
237 33
157 92
198 77
196 19
238 16
158 87
199 17
197 94
239 83
159 74
200 97
198 20
240 41
160 23
199 54
241 30
161 100
202 18
242 77
162 76
203 93
201 12
243 56
163 85
204 27
202 40
244 88
164 28
205 17
203 76
245 96
165 43
206 43
204 88
246 41
166 99
207 40
205 98
247 27
167 65
208 68
206 93
248 81
168 50
209 11
207 73
249 18
169 53
210 13
208 61
250 84
170 34
211 47
209 90
251 65
171 59
212 59
210 85
252 23
172 42
213 80
211 36
253 62
173 47
214 32
212 97
254 74
174 12
215 41
213 52
255 63
175 72
216 94
214 20
256 71
176 17
217 21
215 68
257 23
177 71
218 23
216 86
258 97
178 32
219 83
217 58
259 23
179 18
220 37
218 97
260 58
180 31
221 13
219 63
261 42
181 19
222 11
220 80
262 56
182 69
223 83
221 42
263 68
183 55
224 86
222 66
264 87
184 54
225 78
223 80
265 95
185 88
226 35
224 18
266 14
186 11
227 52
225 93
267 40
187 69
228 57
226 50
268 72
188 91
229 53
227 39
269 68
189 66
230 23
228 79
270 92
190 81
231 62
229 68
271 73
191 81
232 86
230 85
272 65
192 50
233 71
231 39
273 57
193 58
234 13
232 99
274 61
194 25
235 44
233 100
275 51
195 85
236 57
234 81
276 50
196 39
237 20
235 35
277 61
197 53
238 99
236 96
278 41
198 97
239 95
237 64
279 19
199 78
240 30
238 70
280 45
200 13
239 92
281 79
201 27
242 46
282 54
202 99
243 25
241 77
283 43
203 94
244 32
242 66
284 46
204 53
245 91
243 36
285 48
205 31
246 17
244 88
286 49
206 25
247 78
245 89
287 36
207 92
248 38
246 82
288 68
208 83
249 69
247 91
289 80
209 32
250 10
248 91
290 24
210 19
251 73
249 90
291 76
211 32
252 89
250 50
292 41
212 15
253 36
251 24
293 95
213 48
254 84
252 58
294 78
214 58
255 70
253 61
295 38
215 14
256 42
254 59
296 47
216 26
257 84
255 81
297 70
217 25
258 97
256 90
298 21
218 60
259 51
257 90
299 23
219 93
260 47
258 68
300 76
220 22
261 52
259 88
301 59
221 51
262 14
260 25
302 67
222 63
263 67
261 17
303 25
223 10
264 19
262 44
304 55
224 28
265 29
263 81
305 40
225 46
266 84
264 83
306 100
226 10
267 24
265 83
307 33
227 77
268 63
266 70
308 39
228 53
269 65
267 59
309 13
229 50
270 88
268 76
310 99
230 79
271 98
269 53
311 67
231 36
272 72
270 19
312 67
232 73
273 74
271 12
313 98
233 70
274 43
272 24
314 48
234 49
275 45
273 61
315 19
235 34
276 32
274 26
316 37
236 25
277 16
275 12
317 59
237 81
278 91
276 97
318 17
238 62
279 88
277 80
319 97
239 61
280 32
278 50
320 35
240 20
279 74
321 38
241 16
282 90
322 72
242 82
283 73
281 78
323 59
243 65
284 43
282 57
324 21
244 83
285 31
283 33
325 75
245 62
286 61
284 48
326 86
246 89
287 82
285 47
327 93
247 55
288 57
286 72
328 92
248 25
289 76
287 99
329 53
249 40
290 36
288 81
330 67
250 52
291 96
289 66
331 89
251 48
292 22
290 19
332 12
252 76
293 57
291 84
333 70
253 21
294 46
292 13
334 18
254 88
295 44
293 40
335 40
255 27
296 57
294 72
336 18
256 19
297 43
295 47
337 44
257 49
298 66
296 13
338 73
258 58
299 77
297 31
339 91
259 98
300 45
298 91
340 68
260 32
301 29
299 50
341 52
261 46
302 67
300 40
342 34
262 30
303 19
301 36
343 75
263 63
304 81
302 40
344 81
264 43
305 65
303 26
345 27
265 29
306 66
304 49
346 56
266 52
307 38
305 39
347 48
267 17
308 93
306 39
348 43
268 45
309 98
307 41
349 60
269 54
310 20
308 15
350 19
270 17
311 82
309 82
351 61
271 30
312 86
310 11
352 97
272 89
313 71
311 70
353 63
273 76
314 60
312 38
354 53
274 66
315 50
313 52
355 29
275 17
316 57
314 52
356 92
276 68
317 84
315 39
357 16
277 73
318 11
316 42
358 98
278 69
319 73
317 50
359 85
279 65
320 62
318 14
360 51
280 70
319 23
361 34
281 10
322 77
362 81
282 70
323 55
321 81
363 71
283 99
324 14
322 95
364 49
284 50
325 14
323 31
365 74
285 63
326 11
324 44
366 65
286 14
327 60
325 60
367 49
287 58
328 81
326 100
368 56
288 12
329 67
327 67
369 34
289 53
330 21
328 15
370 33
290 64
331 98
329 10
371 99
291 85
332 64
330 59
372 40
292 63
333 68
331 86
373 13
293 65
334 59
332 56
374 69
294 23
335 98
333 85
375 73
295 34
336 75
334 84
376 60
296 59
337 45
335 46
377 54
297 50
338 73
336 25
378 23
298 32
339 65
337 38
379 67
299 61
340 37
338 30
380 42
300 44
341 33
339 67
381 17
301 99
342 98
340 37
382 77
302 46
343 24
341 85
383 58
303 55
344 97
342 47
384 17
304 25
345 85
343 62
385 10
305 66
346 60
344 54
386 75
306 79
347 36
345 45
387 16
307 16
348 24
346 66
388 22
308 82
349 92
347 32
389 55
309 99
350 89
348 16
390 15
310 100
351 68
349 38
391 49
311 81
352 81
350 42
392 83
312 13
353 10
351 13
393 35
313 63
354 90
352 50
394 74
314 46
355 46
353 93
395 12
315 29
356 75
354 16
396 75
316 45
357 48
355 54
397 94
317 52
358 96
356 61
398 56
318 91
359 40
357 71
399 63
319 93
360 37
358 28
400 33
320 24
359 48
321 21
362 82
322 78
363 99
361 50
323 84
364 48
362 97
324 15
365 33
363 97
325 98
366 58
364 34
326 85
367 82
365 63
327 40
368 10
366 28
328 51
369 70
367 73
329 21
370 73
368 80
330 36
371 72
369 44
331 19
372 76
370 95
332 22
373 55
371 70
333 57
374 50
372 76
334 64
375 36
373 29
335 61
376 50
374 30
336 22
377 85
375 25
337 62
378 94
376 61
338 42
379 83
377 31
339 83
380 43
378 89
340 92
381 44
379 11
341 38
382 86
380 51
342 99
383 20
381 78
343 51
384 93
382 28
344 68
385 71
383 42
345 43
386 19
384 98
346 89
387 29
385 26
347 36
388 83
386 35
348 98
389 78
387 85
349 14
390 93
388 76
350 97
391 72
389 70
351 84
392 77
390 80
352 48
393 70
391 16
353 80
394 81
392 48
354 38
395 56
393 69
355 91
396 38
394 18
356 20
397 98
395 72
357 38
398 79
396 51
358 56
399 24
397 97
359 59
400 92
398 15
360 45
399 38
24
182
1 24 
2 297 67 
1 319 
2 337 188 
1 330 
1 381 
2 173 148 
1 369 
3 222 58 208 
2 26 356 
2 363 391 
2 75 141 
1 233 
2 247 120 
2 122 350 
2 259 89 
2 380 334 
1 14 
3 389 336 268 
4 392 286 253 317 
2 195 166 
1 333 
3 272 236 314 
4 128 292 290 84 
5 335 387 316 326 16 
2 355 35 
2 95 157 
1 342 
2 64 25 
4 165 376 111 282 
3 249 288 328 
2 378 191 
2 283 304 
1 229 
2 8 69 
1 198 
1 338 
1 397 
1 385 
2 270 17 
3 142 85 246 
2 214 299 
1 92 
1 103 
1 146 
1 78 
2 174 372 
1 215 
2 361 130 
3 227 57 91 
2 158 239 
2 34 204 
1 102 
1 54 
2 377 196 
1 248 
1 55 
3 294 202 234 
1 311 
2 71 339 
1 300 
2 176 223 
5 302 167 184 382 194 
1 250 
2 269 168 
3 86 106 323 
2 343 79 
1 395 
2 190 189 
1 134 
2 216 206 
1 118 
2 320 150 
1 325 
1 201 
1 182 
