400 1500 10 100 76
2
3
3
3
3
3
3
3
3
3
3
3
3
3
3
3
3
3
3
3
3
3
3
3
3
3
3
3
3
3
3
3
3
3
3
3
3
3
3
2
3
4
4
4
4
4
4
4
4
4
4
4
4
4
4
4
4
4
4
4
4
4
4
4
4
4
4
4
4
4
4
4
4
4
4
4
4
4
4
3
3
4
4
4
4
4
4
4
4
4
4
4
4
4
4
4
4
4
4
4
4
4
4
4
4
4
4
4
4
4
4
4
4
4
4
4
4
4
4
3
3
4
4
4
4
4
4
4
4
4
4
4
4
4
4
4
4
4
4
4
4
4
4
4
4
4
4
4
4
4
4
4
4
4
4
4
4
4
4
3
3
4
4
4
4
4
4
4
4
4
4
4
4
4
4
4
4
4
4
4
4
4
4
4
4
4
4
4
4
4
4
4
4
4
4
4
4
4
4
3
3
4
4
4
4
4
4
4
4
4
4
4
4
4
4
4
4
4
4
4
4
4
4
4
4
4
4
4
4
4
4
4
4
4
4
4
4
4
4
3
3
4
4
4
4
4
4
4
4
4
4
4
4
4
4
4
4
4
4
4
4
4
4
4
4
4
4
4
4
4
4
4
4
4
4
4
4
4
4
3
3
4
4
4
4
4
4
4
4
4
4
4
4
4
4
4
4
4
4
4
4
4
4
4
4
4
4
4
4
4
4
4
4
4
4
4
4
4
4
3
3
4
4
4
4
4
4
4
4
4
4
4
4
4
4
4
4
4
4
4
4
4
4
4
4
4
4
4
4
4
4
4
4
4
4
4
4
4
4
3
2
3
3
3
3
3
3
3
3
3
3
3
3
3
3
3
3
3
3
3
3
3
3
3
3
3
3
3
3
3
3
3
3
3
3
3
3
3
3
2
41 38
2 29
42 95
3 17
1 14
43 46
4 18
2 84
44 22
5 26
3 18
45 10
6 58
4 88
46 82
7 70
5 97
47 50
8 97
6 15
48 92
9 74
7 91
49 64
10 30
8 23
50 98
11 39
9 25
51 98
12 69
10 59
52 98
13 19
11 74
53 88
14 14
12 88
54 99
15 93
13 28
55 25
16 51
14 35
56 70
17 91
15 64
57 44
18 33
16 42
58 54
19 21
17 58
59 65
20 83
18 20
60 36
21 67
19 87
61 91
22 48
20 54
62 40
23 26
21 21
63 60
24 43
22 32
64 66
25 70
23 62
65 22
26 66
24 32
66 15
27 60
25 49
67 30
28 91
26 84
68 13
29 32
27 12
69 69
30 46
28 72
70 82
31 83
29 48
71 17
32 67
30 81
72 25
33 61
31 38
73 67
34 80
32 36
74 57
35 17
33 20
75 19
36 50
34 64
76 83
37 21
35 39
77 86
38 86
36 98
78 63
39 49
37 51
79 98
40 99
38 59
80 80
39 43
81 64
1 42
42 89
82 91
2 15
43 86
41 89
83 20
3 47
44 18
42 21
84 73
4 48
45 22
43 28
85 18
5 38
46 99
44 20
86 83
6 43
47 40
45 63
87 50
7 49
48 15
46 80
88 51
8 76
49 24
47 60
89 76
9 71
50 91
48 96
90 88
10 30
51 54
49 13
91 65
11 76
52 89
50 21
92 83
12 100
53 80
51 19
93 51
13 93
54 82
52 48
94 20
14 35
55 91
53 40
95 26
15 10
56 69
54 72
96 68
16 68
57 63
55 86
97 84
17 24
58 88
56 91
98 46
18 80
59 15
57 40
99 39
19 11
60 25
58 39
100 71
20 57
61 49
59 49
101 89
21 58
62 27
60 30
102 12
22 83
63 61
61 11
103 49
23 10
64 20
62 47
104 77
24 13
65 81
63 38
105 91
25 47
66 66
64 95
106 20
26 13
67 81
65 70
107 85
27 82
68 10
66 92
108 79
28 22
69 42
67 98
109 29
29 95
70 28
68 97
110 80
30 53
71 100
69 89
111 89
31 47
72 73
70 63
112 89
32 42
73 75
71 15
113 87
33 57
74 37
72 25
114 83
34 79
75 58
73 38
115 32
35 99
76 18
74 89
116 62
36 12
77 10
75 100
117 60
37 88
78 38
76 47
118 60
38 90
79 21
77 95
119 75
39 90
80 23
78 85
120 34
40 76
79 73
121 67
41 96
82 60
122 16
42 48
83 30
81 28
123 16
43 16
84 22
82 73
124 91
44 95
85 85
83 70
125 28
45 80
86 39
84 36
126 63
46 53
87 41
85 14
127 81
47 59
88 95
86 58
128 34
48 57
89 64
87 72
129 67
49 83
90 60
88 73
130 85
50 95
91 73
89 25
131 21
51 81
92 26
90 55
132 33
52 56
93 12
91 67
133 20
53 66
94 85
92 48
134 20
54 91
95 53
93 19
135 52
55 69
96 83
94 40
136 25
56 51
97 58
95 77
137 27
57 25
98 91
96 15
138 26
58 57
99 89
97 43
139 76
59 55
100 87
98 15
140 81
60 24
101 57
99 55
141 97
61 39
102 89
100 12
142 89
62 38
103 43
101 57
143 62
63 21
104 48
102 52
144 71
64 17
105 45
103 16
145 38
65 12
106 13
104 36
146 71
66 16
107 16
105 72
147 90
67 14
108 15
106 41
148 10
68 73
109 61
107 24
149 33
69 56
110 57
108 18
150 96
70 44
111 67
109 86
151 21
71 53
112 17
110 46
152 28
72 20
113 53
111 22
153 85
73 32
114 14
112 37
154 74
74 25
115 25
113 74
155 31
75 82
116 43
114 98
156 59
76 98
117 44
115 10
157 50
77 46
118 42
116 98
158 48
78 93
119 28
117 65
159 17
79 44
120 50
118 90
160 77
80 15
119 20
161 52
81 74
122 36
162 42
82 70
123 47
121 41
163 26
83 53
124 13
122 43
164 84
84 29
125 67
123 48
165 93
85 16
126 100
124 15
166 49
86 13
127 64
125 48
167 53
87 89
128 20
126 91
168 10
88 21
129 70
127 80
169 53
89 15
130 18
128 41
170 26
90 94
131 99
129 80
171 25
91 13
132 28
130 63
172 97
92 28
133 10
131 17
173 71
93 72
134 72
132 78
174 11
94 57
135 67
133 52
175 20
95 56
136 81
134 93
176 73
96 94
137 29
135 41
177 28
97 72
138 100
136 90
178 56
98 43
139 14
137 76
179 76
99 71
140 37
138 60
180 13
100 76
141 48
139 56
181 35
101 21
142 67
140 19
182 60
102 24
143 10
141 89
183 56
103 62
144 24
142 35
184 44
104 68
145 34
143 15
185 51
105 41
146 37
144 11
186 53
106 34
147 75
145 70
187 79
107 14
148 11
146 13
188 32
108 40
149 56
147 64
189 88
109 18
150 43
148 28
190 37
110 45
151 82
149 43
191 98
111 63
152 100
150 42
192 39
112 70
153 37
151 53
193 57
113 14
154 49
152 12
194 84
114 12
155 82
153 25
195 47
115 76
156 26
154 11
196 75
116 74
157 34
155 29
197 28
117 33
158 77
156 98
198 69
118 31
159 93
157 45
199 20
119 24
160 49
158 76
200 87
120 88
159 48
201 71
121 67
162 89
202 54
122 22
163 86
161 46
203 99
123 34
164 30
162 31
204 80
124 49
165 24
163 42
205 83
125 15
166 40
164 30
206 18
126 78
167 96
165 96
207 77
127 36
168 69
166 52
208 37
128 32
169 10
167 10
209 53
129 25
170 11
168 93
210 66
130 18
171 66
169 99
211 61
131 85
172 99
170 69
212 98
132 83
173 26
171 23
213 46
133 46
174 68
172 76
214 16
134 43
175 61
173 45
215 83
135 76
176 45
174 61
216 28
136 24
177 88
175 82
217 11
137 27
178 10
176 12
218 71
138 71
179 26
177 10
219 74
139 83
180 67
178 91
220 62
140 90
181 68
179 15
221 65
141 62
182 43
180 44
222 62
142 21
183 10
181 74
223 42
143 83
184 82
182 96
224 95
144 73
185 94
183 56
225 71
145 56
186 34
184 79
226 29
146 41
187 26
185 36
227 44
147 57
188 66
186 49
228 91
148 26
189 78
187 49
229 44
149 32
190 24
188 17
230 17
150 48
191 81
189 81
231 31
151 66
192 14
190 49
232 73
152 35
193 98
191 27
233 84
153 75
194 13
192 40
234 36
154 62
195 85
193 62
235 58
155 79
196 13
194 77
236 47
156 15
197 60
195 60
237 28
157 72
198 11
196 97
238 44
158 11
199 53
197 13
239 26
159 32
200 13
198 20
240 60
160 68
199 16
241 61
161 81
202 70
242 36
162 81
203 84
201 73
243 63
163 17
204 84
202 54
244 67
164 13
205 78
203 73
245 12
165 21
206 20
204 52
246 35
166 19
207 98
205 43
247 31
167 95
208 20
206 63
248 64
168 36
209 53
207 48
249 39
169 74
210 49
208 62
250 97
170 94
211 60
209 26
251 41
171 43
212 80
210 63
252 26
172 74
213 82
211 90
253 60
173 94
214 79
212 42
254 18
174 32
215 19
213 87
255 32
175 19
216 11
214 21
256 11
176 99
217 45
215 16
257 87
177 66
218 62
216 81
258 67
178 11
219 98
217 58
259 10
179 59
220 51
218 75
260 51
180 19
221 48
219 49
261 94
181 52
222 14
220 29
262 60
182 29
223 32
221 67
263 90
183 81
224 45
222 36
264 47
184 41
225 24
223 84
265 41
185 73
226 75
224 85
266 91
186 83
227 89
225 24
267 67
187 91
228 55
226 93
268 13
188 50
229 42
227 76
269 20
189 48
230 53
228 85
270 62
190 17
231 42
229 42
271 79
191 91
232 12
230 26
272 13
192 90
233 55
231 53
273 77
193 48
234 97
232 86
274 28
194 92
235 76
233 95
275 59
195 83
236 83
234 33
276 54
196 95
237 50
235 91
277 17
197 90
238 19
236 46
278 44
198 34
239 37
237 65
279 83
199 66
240 84
238 97
280 75
200 27
239 59
281 79
201 57
242 38
282 58
202 21
243 11
241 99
283 79
203 73
244 46
242 36
284 32
204 96
245 89
243 73
285 72
205 19
246 22
244 70
286 91
206 34
247 22
245 15
287 99
207 33
248 46
246 73
288 35
208 84
249 46
247 30
289 31
209 87
250 43
248 92
290 21
210 65
251 14
249 21
291 31
211 80
252 88
250 73
292 95
212 77
253 82
251 44
293 34
213 47
254 65
252 33
294 72
214 90
255 62
253 65
295 95
215 42
256 21
254 51
296 85
216 98
257 90
255 39
297 67
217 58
258 44
256 28
298 85
218 40
259 16
257 26
299 95
219 89
260 77
258 54
300 98
220 90
261 16
259 11
301 100
221 23
262 32
260 25
302 65
222 81
263 79
261 67
303 40
223 40
264 28
262 19
304 93
224 13
265 15
263 38
305 68
225 90
266 70
264 33
306 100
226 31
267 61
265 87
307 82
227 41
268 67
266 10
308 32
228 63
269 93
267 57
309 15
229 19
270 95
268 43
310 35
230 97
271 70
269 92
311 12
231 37
272 86
270 40
312 39
232 75
273 86
271 65
313 75
233 19
274 71
272 50
314 36
234 100
275 56
273 14
315 80
235 49
276 10
274 60
316 51
236 31
277 30
275 20
317 92
237 34
278 86
276 98
318 83
238 46
279 91
277 47
319 89
239 84
280 87
278 69
320 93
240 15
279 90
321 88
241 36
282 76
322 38
242 23
283 54
281 25
323 91
243 38
284 35
282 53
324 32
244 86
285 97
283 78
325 21
245 33
286 74
284 83
326 42
246 84
287 35
285 52
327 57
247 99
288 60
286 16
328 25
248 63
289 83
287 100
329 72
249 61
290 18
288 40
330 99
250 73
291 62
289 88
331 35
251 28
292 27
290 56
332 64
252 60
293 31
291 10
333 49
253 100
294 55
292 67
334 30
254 17
295 98
293 21
335 21
255 32
296 60
294 33
336 51
256 94
297 27
295 92
337 33
257 50
298 91
296 94
338 55
258 27
299 45
297 38
339 43
259 34
300 11
298 56
340 57
260 29
301 37
299 20
341 63
261 87
302 58
300 72
342 32
262 91
303 44
301 95
343 69
263 100
304 44
302 54
344 91
264 56
305 93
303 89
345 96
265 33
306 34
304 26
346 93
266 50
307 53
305 26
347 88
267 84
308 97
306 61
348 86
268 43
309 19
307 22
349 90
269 15
310 96
308 18
350 47
270 21
311 40
309 98
351 73
271 16
312 16
310 100
352 66
272 16
313 81
311 26
353 18
273 73
314 13
312 59
354 21
274 36
315 83
313 21
355 86
275 26
316 38
314 11
356 33
276 95
317 85
315 80
357 19
277 70
318 93
316 25
358 84
278 80
319 30
317 26
359 12
279 92
320 72
318 53
360 64
280 34
319 10
361 71
281 16
322 86
362 76
282 60
323 39
321 62
363 58
283 41
324 66
322 76
364 57
284 81
325 87
323 52
365 76
285 62
326 81
324 82
366 44
286 67
327 31
325 68
367 21
287 84
328 14
326 25
368 15
288 66
329 48
327 39
369 82
289 77
330 15
328 80
370 56
290 77
331 71
329 100
371 20
291 100
332 89
330 86
372 43
292 13
333 26
331 30
373 22
293 77
334 57
332 85
374 32
294 32
335 56
333 51
375 87
295 61
336 77
334 73
376 45
296 14
337 23
335 100
377 83
297 27
338 70
336 63
378 56
298 99
339 68
337 89
379 28
299 78
340 30
338 68
380 23
300 88
341 72
339 55
381 45
301 95
342 59
340 79
382 61
302 88
343 95
341 66
383 31
303 31
344 66
342 15
384 28
304 40
345 88
343 18
385 43
305 31
346 15
344 13
386 83
306 18
347 53
345 13
387 47
307 14
348 50
346 35
388 75
308 90
349 78
347 37
389 68
309 95
350 66
348 10
390 28
310 61
351 90
349 51
391 58
311 56
352 49
350 20
392 48
312 18
353 99
351 85
393 92
313 42
354 99
352 54
394 30
314 43
355 71
353 92
395 28
315 27
356 20
354 19
396 39
316 28
357 33
355 87
397 33
317 60
358 47
356 87
398 70
318 19
359 80
357 41
399 43
319 95
360 61
358 94
400 45
320 33
359 21
321 62
362 26
322 51
363 74
361 77
323 78
364 28
362 100
324 76
365 59
363 56
325 38
366 84
364 15
326 97
367 83
365 68
327 67
368 22
366 17
328 56
369 31
367 44
329 30
370 67
368 61
330 72
371 16
369 69
331 85
372 61
370 32
332 24
373 78
371 85
333 69
374 67
372 24
334 41
375 36
373 44
335 75
376 82
374 100
336 85
377 97
375 17
337 78
378 57
376 61
338 80
379 34
377 55
339 58
380 74
378 79
340 76
381 96
379 96
341 67
382 90
380 52
342 54
383 37
381 35
343 67
384 56
382 96
344 26
385 97
383 87
345 67
386 30
384 33
346 21
387 18
385 62
347 35
388 81
386 78
348 72
389 48
387 68
349 28
390 39
388 83
350 32
391 64
389 31
351 43
392 91
390 53
352 21
393 73
391 61
353 73
394 29
392 13
354 50
395 98
393 63
355 78
396 73
394 43
356 55
397 19
395 11
357 44
398 66
396 57
358 76
399 80
397 38
359 76
400 18
398 42
360 12
399 50
159
73
1 159 
2 364 124 
1 291 
2 395 167 
2 220 134 
2 198 368 
2 280 125 
3 382 157 393 
2 216 56 
2 186 374 
1 151 
2 329 31 
2 373 156 
1 396 
3 241 260 357 
3 108 270 303 
1 279 
1 398 
1 142 
2 112 110 
3 344 145 187 
1 378 
3 114 234 25 
2 143 33 
3 362 161 164 
3 353 217 69 
2 265 140 
2 22 331 
1 176 
1 82 
1 116 
1 45 
4 304 184 1 333 
3 54 204 206 
2 262 42 
2 224 306 
2 286 314 
2 294 277 
1 81 
1 39 
2 326 269 
2 77 88 
3 239 302 356 
2 162 106 
1 214 
3 17 67 97 
1 166 
4 242 359 295 65 
3 230 46 337 
2 195 238 
1 322 
1 146 
1 221 
1 36 
1 358 
1 20 
3 365 338 240 
1 400 
2 155 84 
1 232 
1 128 
3 154 318 117 
3 246 328 305 
1 98 
2 366 330 
1 16 
1 332 
1 101 
1 41 
1 89 
3 193 310 308 
2 336 203 
1 177 
2 181 183 
4 150 267 53 111 
1 73 
