400 1500 10 100 76
2
3
3
3
3
3
3
3
3
3
3
3
3
3
3
3
3
3
3
3
3
3
3
3
3
3
3
3
3
3
3
3
3
3
3
3
3
3
3
2
3
4
4
4
4
4
4
4
4
4
4
4
4
4
4
4
4
4
4
4
4
4
4
4
4
4
4
4
4
4
4
4
4
4
4
4
4
4
4
3
3
4
4
4
4
4
4
4
4
4
4
4
4
4
4
4
4
4
4
4
4
4
4
4
4
4
4
4
4
4
4
4
4
4
4
4
4
4
4
3
3
4
4
4
4
4
4
4
4
4
4
4
4
4
4
4
4
4
4
4
4
4
4
4
4
4
4
4
4
4
4
4
4
4
4
4
4
4
4
3
3
4
4
4
4
4
4
4
4
4
4
4
4
4
4
4
4
4
4
4
4
4
4
4
4
4
4
4
4
4
4
4
4
4
4
4
4
4
4
3
3
4
4
4
4
4
4
4
4
4
4
4
4
4
4
4
4
4
4
4
4
4
4
4
4
4
4
4
4
4
4
4
4
4
4
4
4
4
4
3
3
4
4
4
4
4
4
4
4
4
4
4
4
4
4
4
4
4
4
4
4
4
4
4
4
4
4
4
4
4
4
4
4
4
4
4
4
4
4
3
3
4
4
4
4
4
4
4
4
4
4
4
4
4
4
4
4
4
4
4
4
4
4
4
4
4
4
4
4
4
4
4
4
4
4
4
4
4
4
3
3
4
4
4
4
4
4
4
4
4
4
4
4
4
4
4
4
4
4
4
4
4
4
4
4
4
4
4
4
4
4
4
4
4
4
4
4
4
4
3
2
3
3
3
3
3
3
3
3
3
3
3
3
3
3
3
3
3
3
3
3
3
3
3
3
3
3
3
3
3
3
3
3
3
3
3
3
3
3
2
41 14
2 29
42 22
3 55
1 28
43 86
4 67
2 46
44 80
5 57
3 12
45 31
6 12
4 42
46 53
7 36
5 90
47 14
8 40
6 81
48 12
9 97
7 47
49 84
10 85
8 77
50 97
11 97
9 16
51 75
12 83
10 65
52 93
13 88
11 18
53 72
14 28
12 86
54 58
15 67
13 85
55 84
16 67
14 21
56 81
17 23
15 80
57 91
18 62
16 72
58 78
19 84
17 89
59 29
20 96
18 56
60 99
21 79
19 33
61 96
22 97
20 43
62 37
23 15
21 43
63 36
24 32
22 73
64 34
25 84
23 60
65 34
26 83
24 88
66 79
27 84
25 39
67 40
28 61
26 22
68 77
29 29
27 26
69 16
30 63
28 42
70 50
31 16
29 87
71 44
32 97
30 94
72 25
33 40
31 32
73 75
34 97
32 84
74 14
35 42
33 28
75 37
36 25
34 39
76 18
37 20
35 36
77 83
38 97
36 64
78 63
39 11
37 69
79 99
40 83
38 13
80 51
39 70
81 30
1 21
42 28
82 72
2 97
43 32
41 18
83 62
3 17
44 89
42 44
84 17
4 53
45 99
43 61
85 78
5 27
46 71
44 37
86 22
6 58
47 41
45 49
87 67
7 89
48 81
46 40
88 74
8 20
49 31
47 34
89 61
9 35
50 66
48 79
90 83
10 81
51 75
49 27
91 33
11 47
52 19
50 41
92 81
12 20
53 32
51 35
93 16
13 74
54 80
52 89
94 40
14 92
55 77
53 86
95 36
15 87
56 48
54 72
96 58
16 57
57 20
55 44
97 72
17 85
58 54
56 93
98 51
18 20
59 36
57 87
99 37
19 96
60 48
58 87
100 46
20 55
61 27
59 68
101 48
21 30
62 26
60 32
102 38
22 60
63 36
61 27
103 41
23 25
64 16
62 61
104 81
24 64
65 47
63 57
105 90
25 12
66 54
64 10
106 13
26 34
67 33
65 38
107 53
27 32
68 63
66 51
108 95
28 40
69 33
67 86
109 22
29 69
70 82
68 48
110 12
30 87
71 10
69 50
111 27
31 40
72 53
70 57
112 64
32 71
73 51
71 29
113 34
33 26
74 57
72 81
114 69
34 19
75 80
73 31
115 45
35 50
76 19
74 23
116 79
36 96
77 52
75 17
117 41
37 77
78 84
76 61
118 79
38 87
79 42
77 53
119 29
39 20
80 71
78 13
120 61
40 77
79 90
121 82
41 91
82 80
122 48
42 44
83 57
81 17
123 39
43 95
84 70
82 51
124 42
44 30
85 44
83 100
125 21
45 36
86 94
84 50
126 48
46 74
87 43
85 49
127 100
47 82
88 71
86 59
128 63
48 51
89 79
87 95
129 47
49 65
90 34
88 37
130 41
50 81
91 74
89 92
131 36
51 45
92 67
90 44
132 96
52 48
93 15
91 76
133 98
53 72
94 95
92 14
134 43
54 33
95 24
93 79
135 61
55 26
96 72
94 36
136 66
56 29
97 12
95 76
137 36
57 51
98 45
96 41
138 93
58 52
99 35
97 39
139 13
59 38
100 50
98 98
140 60
60 23
101 95
99 14
141 16
61 68
102 60
100 60
142 62
62 36
103 30
101 70
143 47
63 82
104 80
102 93
144 84
64 72
105 61
103 31
145 99
65 64
106 20
104 94
146 87
66 26
107 59
105 68
147 47
67 83
108 65
106 22
148 68
68 100
109 55
107 42
149 83
69 86
110 43
108 84
150 71
70 54
111 51
109 66
151 95
71 15
112 89
110 44
152 49
72 94
113 18
111 31
153 48
73 94
114 69
112 12
154 49
74 13
115 72
113 42
155 83
75 78
116 44
114 15
156 83
76 53
117 12
115 24
157 97
77 39
118 61
116 48
158 17
78 70
119 16
117 81
159 17
79 24
120 85
118 48
160 95
80 12
119 24
161 48
81 81
122 100
162 49
82 78
123 46
121 54
163 99
83 44
124 66
122 21
164 78
84 28
125 36
123 29
165 54
85 84
126 50
124 92
166 31
86 60
127 54
125 22
167 27
87 69
128 21
126 95
168 20
88 48
129 86
127 66
169 11
89 75
130 17
128 75
170 42
90 85
131 24
129 78
171 67
91 61
132 76
130 47
172 39
92 58
133 51
131 31
173 95
93 52
134 84
132 30
174 78
94 33
135 74
133 78
175 80
95 81
136 52
134 38
176 94
96 64
137 57
135 28
177 28
97 65
138 100
136 16
178 47
98 68
139 92
137 77
179 12
99 50
140 98
138 20
180 15
100 76
141 97
139 32
181 42
101 67
142 95
140 40
182 11
102 67
143 21
141 91
183 40
103 45
144 32
142 38
184 10
104 80
145 60
143 19
185 83
105 74
146 65
144 87
186 63
106 60
147 37
145 91
187 36
107 45
148 19
146 60
188 86
108 85
149 19
147 12
189 70
109 16
150 80
148 75
190 54
110 99
151 97
149 24
191 69
111 31
152 75
150 78
192 73
112 28
153 31
151 15
193 65
113 37
154 72
152 23
194 54
114 39
155 14
153 13
195 54
115 10
156 83
154 53
196 67
116 38
157 53
155 41
197 16
117 15
158 61
156 64
198 100
118 65
159 21
157 94
199 10
119 72
160 79
158 17
200 76
120 55
159 15
201 100
121 26
162 20
202 64
122 25
163 30
161 24
203 35
123 10
164 30
162 46
204 37
124 64
165 43
163 18
205 85
125 23
166 96
164 26
206 44
126 35
167 64
165 24
207 82
127 76
168 79
166 14
208 38
128 94
169 69
167 64
209 11
129 55
170 79
168 72
210 22
130 20
171 10
169 96
211 83
131 77
172 53
170 53
212 43
132 97
173 57
171 91
213 50
133 63
174 76
172 37
214 24
134 96
175 45
173 37
215 20
135 14
176 99
174 11
216 23
136 73
177 71
175 40
217 38
137 23
178 93
176 85
218 16
138 75
179 76
177 80
219 95
139 42
180 21
178 76
220 19
140 88
181 46
179 65
221 17
141 80
182 77
180 20
222 76
142 19
183 27
181 30
223 41
143 76
184 48
182 86
224 73
144 13
185 41
183 73
225 72
145 23
186 70
184 50
226 100
146 94
187 40
185 17
227 18
147 90
188 99
186 49
228 17
148 51
189 12
187 63
229 38
149 26
190 74
188 55
230 96
150 58
191 16
189 97
231 42
151 22
192 65
190 14
232 81
152 30
193 75
191 89
233 84
153 69
194 21
192 50
234 42
154 49
195 71
193 52
235 63
155 61
196 24
194 30
236 69
156 72
197 68
195 84
237 100
157 36
198 66
196 46
238 87
158 64
199 58
197 98
239 29
159 52
200 78
198 100
240 13
160 86
199 48
241 40
161 73
202 74
242 66
162 85
203 74
201 32
243 77
163 74
204 67
202 46
244 68
164 10
205 84
203 49
245 59
165 66
206 70
204 86
246 56
166 82
207 62
205 41
247 18
167 20
208 91
206 83
248 52
168 29
209 95
207 55
249 100
169 73
210 11
208 69
250 39
170 28
211 96
209 98
251 76
171 34
212 68
210 32
252 97
172 75
213 56
211 49
253 98
173 64
214 71
212 54
254 93
174 32
215 20
213 16
255 49
175 52
216 90
214 90
256 30
176 100
217 72
215 93
257 40
177 87
218 25
216 18
258 55
178 96
219 75
217 32
259 39
179 36
220 51
218 66
260 48
180 55
221 72
219 79
261 83
181 37
222 56
220 21
262 58
182 88
223 50
221 100
263 23
183 23
224 82
222 53
264 18
184 59
225 25
223 82
265 17
185 27
226 49
224 48
266 80
186 24
227 83
225 37
267 100
187 17
228 100
226 62
268 90
188 33
229 88
227 29
269 54
189 54
230 87
228 20
270 79
190 17
231 50
229 75
271 79
191 16
232 57
230 63
272 78
192 49
233 78
231 74
273 51
193 39
234 98
232 53
274 10
194 11
235 18
233 29
275 80
195 95
236 36
234 67
276 41
196 56
237 15
235 96
277 70
197 11
238 71
236 85
278 64
198 73
239 62
237 97
279 29
199 29
240 21
238 67
280 40
200 48
239 30
281 10
201 69
242 72
282 59
202 43
243 48
241 14
283 41
203 26
244 38
242 67
284 58
204 57
245 53
243 31
285 70
205 84
246 99
244 66
286 64
206 73
247 90
245 49
287 82
207 37
248 71
246 100
288 53
208 22
249 99
247 64
289 84
209 68
250 50
248 81
290 30
210 80
251 98
249 42
291 89
211 82
252 85
250 27
292 72
212 60
253 82
251 65
293 90
213 11
254 28
252 80
294 68
214 21
255 99
253 15
295 96
215 99
256 91
254 95
296 78
216 58
257 10
255 30
297 50
217 91
258 77
256 15
298 13
218 95
259 94
257 98
299 40
219 58
260 64
258 29
300 61
220 67
261 69
259 72
301 99
221 97
262 62
260 94
302 11
222 57
263 11
261 42
303 53
223 34
264 49
262 84
304 57
224 87
265 34
263 66
305 60
225 87
266 42
264 10
306 100
226 74
267 66
265 77
307 47
227 65
268 50
266 32
308 18
228 61
269 19
267 33
309 69
229 76
270 77
268 50
310 78
230 14
271 20
269 30
311 98
231 51
272 63
270 76
312 88
232 12
273 97
271 28
313 88
233 26
274 52
272 13
314 58
234 46
275 100
273 91
315 35
235 11
276 11
274 100
316 10
236 24
277 88
275 45
317 30
237 17
278 63
276 76
318 86
238 66
279 20
277 95
319 64
239 31
280 92
278 55
320 90
240 91
279 37
321 63
241 11
282 76
322 20
242 49
283 36
281 18
323 99
243 79
284 61
282 88
324 37
244 30
285 57
283 96
325 58
245 75
286 30
284 74
326 70
246 62
287 76
285 46
327 26
247 46
288 95
286 73
328 66
248 71
289 68
287 66
329 76
249 93
290 54
288 48
330 77
250 98
291 19
289 83
331 11
251 79
292 97
290 54
332 49
252 87
293 89
291 66
333 89
253 23
294 17
292 58
334 67
254 42
295 35
293 24
335 93
255 22
296 47
294 91
336 83
256 15
297 94
295 52
337 64
257 50
298 11
296 81
338 65
258 41
299 70
297 34
339 63
259 44
300 15
298 29
340 89
260 78
301 84
299 55
341 42
261 93
302 45
300 83
342 18
262 54
303 99
301 73
343 73
263 29
304 54
302 10
344 24
264 82
305 85
303 10
345 36
265 81
306 74
304 13
346 76
266 52
307 37
305 55
347 51
267 94
308 76
306 96
348 91
268 63
309 52
307 37
349 33
269 51
310 82
308 56
350 53
270 37
311 53
309 31
351 77
271 89
312 15
310 76
352 18
272 61
313 94
311 18
353 69
273 56
314 32
312 36
354 10
274 31
315 90
313 31
355 51
275 87
316 41
314 41
356 88
276 94
317 11
315 53
357 10
277 24
318 83
316 93
358 48
278 96
319 25
317 65
359 46
279 33
320 52
318 82
360 35
280 87
319 57
361 28
281 49
322 55
362 97
282 80
323 81
321 22
363 18
283 77
324 18
322 50
364 99
284 27
325 65
323 88
365 31
285 11
326 78
324 36
366 27
286 85
327 47
325 100
367 15
287 48
328 22
326 67
368 89
288 72
329 15
327 25
369 59
289 56
330 18
328 73
370 21
290 66
331 21
329 13
371 83
291 81
332 28
330 81
372 38
292 26
333 64
331 84
373 68
293 27
334 36
332 84
374 93
294 41
335 10
333 30
375 50
295 20
336 25
334 57
376 65
296 28
337 65
335 26
377 45
297 69
338 46
336 31
378 20
298 36
339 81
337 61
379 13
299 97
340 100
338 68
380 59
300 12
341 43
339 14
381 76
301 17
342 30
340 99
382 44
302 86
343 59
341 95
383 68
303 59
344 73
342 30
384 22
304 53
345 97
343 21
385 10
305 94
346 77
344 94
386 100
306 52
347 21
345 85
387 22
307 84
348 79
346 92
388 82
308 93
349 78
347 67
389 97
309 61
350 43
348 93
390 86
310 72
351 89
349 55
391 89
311 30
352 41
350 18
392 75
312 23
353 20
351 26
393 38
313 39
354 87
352 15
394 59
314 63
355 82
353 67
395 66
315 61
356 51
354 86
396 78
316 81
357 49
355 83
397 82
317 99
358 67
356 47
398 73
318 78
359 47
357 10
399 95
319 14
360 11
358 32
400 53
320 28
359 80
321 18
362 32
322 19
363 52
361 76
323 56
364 18
362 84
324 27
365 37
363 53
325 10
366 18
364 65
326 76
367 39
365 40
327 56
368 74
366 63
328 24
369 89
367 89
329 43
370 34
368 86
330 52
371 98
369 18
331 37
372 44
370 49
332 37
373 69
371 11
333 30
374 94
372 46
334 94
375 61
373 61
335 38
376 39
374 14
336 24
377 54
375 29
337 94
378 70
376 68
338 70
379 21
377 16
339 86
380 93
378 52
340 27
381 99
379 63
341 29
382 41
380 62
342 25
383 93
381 81
343 18
384 55
382 76
344 97
385 49
383 33
345 24
386 24
384 22
346 66
387 32
385 53
347 58
388 90
386 76
348 80
389 40
387 37
349 86
390 55
388 17
350 98
391 54
389 46
351 48
392 25
390 97
352 83
393 56
391 25
353 19
394 14
392 29
354 47
395 31
393 99
355 64
396 94
394 77
356 21
397 38
395 99
357 19
398 11
396 72
358 10
399 70
397 71
359 45
400 96
398 52
360 31
399 25
291
342
1 291 
2 257 107 
1 2 
2 127 370 
1 258 
2 346 359 
3 395 206 297 
2 26 202 
2 308 332 
2 111 13 
1 397 
2 96 382 
2 283 164 
3 398 290 208 
2 6 21 
1 392 
1 102 
2 285 8 
2 271 389 
2 400 273 
1 364 
2 194 130 
1 380 
1 156 
3 207 117 79 
4 233 379 315 317 
1 369 
1 113 
1 168 
1 115 
2 225 281 
2 309 265 
2 390 383 
2 238 355 
3 149 254 27 
1 180 
2 196 56 
2 184 244 
2 320 231 
1 357 
2 198 112 
2 365 330 
1 329 
1 353 
2 272 311 
2 336 84 
2 154 24 
2 248 163 
2 183 16 
1 11 
1 270 
3 241 350 37 
4 48 341 253 213 
2 152 36 
4 109 155 275 153 
3 190 276 195 
2 165 59 
1 40 
3 204 260 101 
1 239 
2 32 348 
2 89 145 
3 54 235 227 
1 352 
2 347 178 
2 199 267 
1 236 
1 356 
2 138 298 
2 223 371 
3 139 120 378 
3 269 170 376 
1 262 
1 268 
1 326 
1 342 
