600 2276 10 100 114
2
3
3
3
3
3
3
3
3
3
3
3
3
3
3
3
3
3
3
3
3
3
3
3
3
3
3
3
3
3
3
3
3
3
3
3
3
3
3
3
3
3
3
3
3
3
3
3
3
2
3
4
4
4
4
4
4
4
4
4
4
4
4
4
4
4
4
4
4
4
4
4
4
4
4
4
4
4
4
4
4
4
4
4
4
4
4
4
4
4
4
4
4
4
4
4
4
4
4
3
3
4
4
4
4
4
4
4
4
4
4
4
4
4
4
4
4
4
4
4
4
4
4
4
4
4
4
4
4
4
4
4
4
4
4
4
4
4
4
4
4
4
4
4
4
4
4
4
4
3
3
4
4
4
4
4
4
4
4
4
4
4
4
4
4
4
4
4
4
4
4
4
4
4
4
4
4
4
4
4
4
4
4
4
4
4
4
4
4
4
4
4
4
4
4
4
4
4
4
3
3
4
4
4
4
4
4
4
4
4
4
4
4
4
4
4
4
4
4
4
4
4
4
4
4
4
4
4
4
4
4
4
4
4
4
4
4
4
4
4
4
4
4
4
4
4
4
4
4
3
3
4
4
4
4
4
4
4
4
4
4
4
4
4
4
4
4
4
4
4
4
4
4
4
4
4
4
4
4
4
4
4
4
4
4
4
4
4
4
4
4
4
4
4
4
4
4
4
4
3
3
4
4
4
4
4
4
4
4
4
4
4
4
4
4
4
4
4
4
4
4
4
4
4
4
4
4
4
4
4
4
4
4
4
4
4
4
4
4
4
4
4
4
4
4
4
4
4
4
3
3
4
4
4
4
4
4
4
4
4
4
4
4
4
4
4
4
4
4
4
4
4
4
4
4
4
4
4
4
4
4
4
4
4
4
4
4
4
4
4
4
4
4
4
4
4
4
4
4
3
3
4
4
4
4
4
4
4
4
4
4
4
4
4
4
4
4
4
4
4
4
4
4
4
4
4
4
4
4
4
4
4
4
4
4
4
4
4
4
4
4
4
4
4
4
4
4
4
4
3
3
4
4
4
4
4
4
4
4
4
4
4
4
4
4
4
4
4
4
4
4
4
4
4
4
4
4
4
4
4
4
4
4
4
4
4
4
4
4
4
4
4
4
4
4
4
4
4
4
3
3
4
4
4
4
4
4
4
4
4
4
4
4
4
4
4
4
4
4
4
4
4
4
4
4
4
4
4
4
4
4
4
4
4
4
4
4
4
4
4
4
4
4
4
4
4
4
4
4
3
2
3
3
3
3
3
3
3
3
3
3
3
3
3
3
3
3
3
3
3
3
3
3
3
3
3
3
3
3
3
3
3
3
3
3
3
3
3
3
3
3
3
3
3
3
3
3
3
3
2
51 90
2 29
52 80
3 63
1 38
53 38
4 24
2 76
54 84
5 34
3 58
55 100
6 91
4 29
56 80
7 49
5 85
57 97
8 67
6 18
58 71
9 84
7 98
59 45
10 61
8 29
60 92
11 18
9 27
61 95
12 54
10 72
62 14
13 35
11 17
63 10
14 77
12 75
64 81
15 18
13 33
65 42
16 36
14 63
66 46
17 75
15 100
67 29
18 80
16 90
68 86
19 64
17 67
69 16
20 17
18 79
70 43
21 65
19 43
71 71
22 93
20 29
72 91
23 67
21 18
73 43
24 70
22 78
74 60
25 94
23 75
75 74
26 25
24 11
76 51
27 17
25 38
77 19
28 43
26 80
78 53
29 97
27 62
79 37
30 44
28 11
80 41
31 66
29 29
81 67
32 49
30 92
82 60
33 64
31 38
83 13
34 78
32 94
84 81
35 65
33 19
85 68
36 40
34 81
86 44
37 21
35 52
87 56
38 46
36 77
88 68
39 54
37 35
89 35
40 88
38 53
90 16
41 45
39 52
91 51
42 54
40 47
92 41
43 21
41 44
93 49
44 89
42 63
94 84
45 51
43 43
95 46
46 40
44 13
96 67
47 57
45 59
97 60
48 87
46 25
98 69
49 16
47 98
99 50
50 38
48 76
100 33
49 84
101 24
1 32
52 47
102 72
2 49
53 87
51 94
103 74
3 81
54 43
52 42
104 59
4 44
55 28
53 73
105 91
5 27
56 33
54 85
106 21
6 88
57 70
55 92
107 56
7 62
58 80
56 91
108 99
8 67
59 25
57 85
109 30
9 98
60 48
58 19
110 17
10 15
61 78
59 20
111 90
11 77
62 66
60 69
112 13
12 76
63 77
61 35
113 74
13 14
64 21
62 97
114 47
14 28
65 86
63 23
115 12
15 65
66 55
64 42
116 86
16 99
67 23
65 23
117 31
17 99
68 80
66 59
118 100
18 13
69 70
67 35
119 35
19 54
70 98
68 39
120 86
20 71
71 100
69 68
121 33
21 41
72 89
70 90
122 81
22 15
73 91
71 78
123 26
23 65
74 47
72 16
124 84
24 72
75 55
73 65
125 73
25 28
76 44
74 72
126 46
26 15
77 56
75 20
127 100
27 64
78 31
76 45
128 96
28 51
79 44
77 87
129 62
29 64
80 81
78 31
130 96
30 89
81 83
79 96
131 66
31 23
82 52
80 56
132 28
32 43
83 67
81 37
133 26
33 48
84 65
82 66
134 53
34 97
85 44
83 73
135 90
35 44
86 27
84 88
136 18
36 17
87 85
85 84
137 68
37 28
88 88
86 56
138 64
38 97
89 77
87 53
139 61
39 88
90 86
88 55
140 46
40 31
91 72
89 30
141 85
41 79
92 64
90 91
142 76
42 69
93 58
91 40
143 13
43 27
94 18
92 10
144 79
44 58
95 20
93 28
145 69
45 32
96 91
94 26
146 64
46 68
97 46
95 90
147 89
47 27
98 84
96 18
148 46
48 87
99 14
97 16
149 29
49 81
100 12
98 22
150 54
50 88
99 96
151 79
51 96
102 81
152 53
52 57
103 32
101 81
153 53
53 33
104 82
102 20
154 21
54 95
105 43
103 53
155 68
55 59
106 77
104 27
156 23
56 91
107 22
105 34
157 40
57 72
108 34
106 43
158 31
58 27
109 75
107 99
159 80
59 50
110 46
108 86
160 20
60 90
111 43
109 36
161 85
61 33
112 71
110 85
162 20
62 87
113 97
111 59
163 60
63 21
114 85
112 40
164 60
64 71
115 19
113 79
165 11
65 19
116 82
114 19
166 88
66 13
117 74
115 99
167 65
67 26
118 79
116 40
168 90
68 50
119 94
117 50
169 60
69 57
120 58
118 70
170 50
70 79
121 27
119 45
171 46
71 23
122 87
120 39
172 95
72 58
123 70
121 33
173 12
73 18
124 46
122 50
174 21
74 36
125 94
123 95
175 90
75 36
126 40
124 13
176 24
76 63
127 20
125 39
177 43
77 30
128 94
126 17
178 20
78 17
129 18
127 62
179 48
79 11
130 58
128 80
180 96
80 52
131 86
129 14
181 20
81 62
132 44
130 93
182 87
82 78
133 19
131 20
183 50
83 90
134 14
132 22
184 18
84 70
135 98
133 62
185 16
85 62
136 78
134 56
186 36
86 11
137 48
135 22
187 66
87 69
138 28
136 24
188 29
88 39
139 28
137 40
189 23
89 25
140 28
138 47
190 22
90 53
141 11
139 68
191 43
91 28
142 60
140 50
192 18
92 52
143 10
141 87
193 14
93 25
144 69
142 66
194 63
94 89
145 72
143 13
195 91
95 46
146 28
144 67
196 29
96 43
147 36
145 71
197 35
97 67
148 75
146 46
198 54
98 25
149 12
147 60
199 90
99 47
150 79
148 72
200 61
100 17
149 89
201 51
101 10
152 51
202 32
102 99
153 77
151 71
203 40
103 80
154 84
152 37
204 96
104 62
155 27
153 78
205 34
105 40
156 56
154 57
206 52
106 12
157 44
155 53
207 88
107 61
158 27
156 25
208 73
108 13
159 39
157 12
209 40
109 43
160 97
158 97
210 56
110 50
161 99
159 53
211 49
111 21
162 55
160 62
212 57
112 72
163 56
161 68
213 25
113 47
164 22
162 72
214 82
114 70
165 97
163 95
215 64
115 29
166 48
164 16
216 48
116 79
167 94
165 19
217 91
117 74
168 66
166 15
218 58
118 59
169 14
167 18
219 74
119 93
170 23
168 87
220 27
120 50
171 79
169 46
221 99
121 81
172 22
170 13
222 96
122 34
173 28
171 56
223 63
123 95
174 37
172 60
224 26
124 82
175 76
173 16
225 67
125 81
176 91
174 23
226 61
126 70
177 50
175 54
227 77
127 55
178 18
176 91
228 23
128 87
179 34
177 80
229 92
129 95
180 71
178 99
230 13
130 35
181 25
179 73
231 51
131 67
182 99
180 93
232 99
132 75
183 22
181 32
233 22
133 14
184 10
182 28
234 86
134 35
185 94
183 83
235 83
135 23
186 76
184 39
236 95
136 47
187 75
185 75
237 21
137 55
188 36
186 34
238 78
138 93
189 69
187 12
239 26
139 75
190 26
188 52
240 38
140 68
191 72
189 41
241 12
141 67
192 36
190 31
242 80
142 31
193 51
191 78
243 83
143 98
194 100
192 50
244 54
144 33
195 11
193 32
245 54
145 61
196 20
194 96
246 33
146 80
197 43
195 52
247 35
147 47
198 52
196 13
248 87
148 67
199 43
197 34
249 98
149 97
200 31
198 89
250 66
150 19
199 27
251 71
151 33
202 73
252 53
152 49
203 99
201 55
253 15
153 94
204 90
202 76
254 64
154 77
205 91
203 60
255 42
155 28
206 78
204 82
256 60
156 76
207 49
205 86
257 40
157 15
208 60
206 86
258 68
158 47
209 16
207 22
259 84
159 73
210 94
208 94
260 14
160 60
211 82
209 28
261 100
161 15
212 86
210 18
262 86
162 100
213 29
211 92
263 90
163 15
214 32
212 97
264 90
164 46
215 52
213 50
265 26
165 31
216 55
214 70
266 98
166 43
217 54
215 77
267 44
167 18
218 88
216 61
268 50
168 30
219 12
217 12
269 66
169 92
220 84
218 19
270 56
170 57
221 47
219 44
271 27
171 60
222 42
220 36
272 67
172 10
223 53
221 33
273 20
173 93
224 89
222 84
274 61
174 97
225 53
223 90
275 67
175 32
226 11
224 22
276 19
176 15
227 88
225 46
277 86
177 18
228 49
226 82
278 58
178 31
229 49
227 16
279 31
179 46
230 15
228 76
280 20
180 99
231 32
229 47
281 20
181 40
232 64
230 76
282 23
182 10
233 71
231 77
283 70
183 11
234 71
232 66
284 70
184 63
235 38
233 80
285 15
185 33
236 16
234 77
286 22
186 78
237 63
235 27
287 26
187 63
238 73
236 22
288 45
188 92
239 41
237 88
289 50
189 26
240 59
238 89
290 81
190 27
241 32
239 46
291 22
191 23
242 47
240 45
292 56
192 76
243 16
241 14
293 20
193 36
244 37
242 58
294 12
194 37
245 90
243 49
295 33
195 74
246 69
244 43
296 76
196 65
247 51
245 25
297 61
197 22
248 42
246 16
298 85
198 38
249 93
247 70
299 56
199 61
250 63
248 28
300 43
200 38
249 93
301 32
201 53
252 82
302 29
202 87
253 97
251 79
303 55
203 18
254 18
252 98
304 86
204 78
255 63
253 57
305 22
205 94
256 10
254 80
306 53
206 21
257 65
255 56
307 80
207 66
258 57
256 93
308 33
208 88
259 14
257 96
309 23
209 71
260 60
258 41
310 24
210 50
261 40
259 54
311 100
211 70
262 10
260 96
312 48
212 81
263 26
261 10
313 32
213 19
264 91
262 60
314 88
214 90
265 87
263 36
315 51
215 13
266 61
264 36
316 34
216 99
267 56
265 20
317 25
217 73
268 51
266 61
318 76
218 90
269 84
267 55
319 72
219 20
270 64
268 88
320 89
220 80
271 76
269 100
321 55
221 25
272 32
270 19
322 67
222 62
273 48
271 81
323 81
223 40
274 49
272 94
324 21
224 55
275 23
273 16
325 75
225 33
276 35
274 43
326 72
226 22
277 89
275 36
327 14
227 50
278 63
276 66
328 78
228 90
279 73
277 45
329 24
229 81
280 23
278 59
330 13
230 79
281 31
279 39
331 17
231 88
282 96
280 100
332 50
232 92
283 77
281 23
333 65
233 41
284 93
282 71
334 75
234 92
285 43
283 27
335 48
235 14
286 43
284 98
336 56
236 70
287 98
285 52
337 83
237 89
288 13
286 25
338 72
238 32
289 81
287 50
339 66
239 23
290 82
288 96
340 44
240 45
291 62
289 15
341 22
241 58
292 99
290 42
342 32
242 60
293 55
291 59
343 44
243 42
294 74
292 12
344 69
244 45
295 69
293 85
345 45
245 57
296 90
294 56
346 100
246 67
297 94
295 39
347 59
247 88
298 88
296 86
348 30
248 95
299 31
297 54
349 69
249 60
300 20
298 96
350 50
250 72
299 85
351 73
251 35
302 75
352 50
252 52
303 55
301 73
353 32
253 62
304 55
302 61
354 14
254 23
305 93
303 27
355 50
255 96
306 94
304 87
356 82
256 35
307 61
305 30
357 33
257 45
308 27
306 46
358 15
258 78
309 33
307 25
359 76
259 63
310 52
308 56
360 12
260 91
311 94
309 13
361 93
261 59
312 28
310 66
362 91
262 79
313 50
311 75
363 29
263 68
314 82
312 59
364 79
264 34
315 76
313 58
365 60
265 76
316 30
314 58
366 100
266 40
317 81
315 68
367 62
267 12
318 96
316 20
368 24
268 25
319 62
317 49
369 39
269 24
320 90
318 16
370 52
270 56
321 85
319 68
371 15
271 95
322 34
320 92
372 54
272 84
323 39
321 21
373 56
273 87
324 68
322 89
374 38
274 17
325 29
323 50
375 32
275 77
326 78
324 19
376 25
276 15
327 14
325 14
377 64
277 92
328 15
326 16
378 20
278 46
329 65
327 34
379 51
279 63
330 33
328 73
380 63
280 79
331 33
329 88
381 15
281 100
332 86
330 99
382 81
282 21
333 23
331 41
383 37
283 30
334 85
332 11
384 27
284 18
335 43
333 71
385 71
285 35
336 74
334 81
386 89
286 74
337 79
335 93
387 57
287 20
338 33
336 42
388 52
288 55
339 24
337 87
389 30
289 31
340 63
338 24
390 31
290 71
341 35
339 10
391 21
291 21
342 78
340 78
392 22
292 61
343 73
341 44
393 25
293 67
344 84
342 53
394 58
294 97
345 83
343 29
395 85
295 30
346 84
344 40
396 10
296 19
347 26
345 85
397 62
297 79
348 83
346 24
398 30
298 85
349 77
347 37
399 94
299 63
350 50
348 99
400 52
300 23
349 54
401 23
301 88
352 84
402 75
302 56
353 49
351 72
403 88
303 64
354 69
352 95
404 39
304 44
355 16
353 48
405 21
305 56
356 83
354 100
406 44
306 46
357 83
355 93
407 22
307 37
358 97
356 71
408 99
308 73
359 81
357 12
409 10
309 10
360 25
358 51
410 41
310 28
361 90
359 90
411 34
311 34
362 56
360 89
412 81
312 100
363 10
361 57
413 92
313 21
364 93
362 20
414 55
314 94
365 50
363 72
415 22
315 32
366 67
364 23
416 54
316 11
367 10
365 63
417 44
317 88
368 85
366 71
418 92
318 97
369 95
367 89
419 80
319 34
370 63
368 81
420 34
320 74
371 14
369 83
421 83
321 69
372 51
370 60
422 86
322 78
373 32
371 42
423 79
323 83
374 89
372 47
424 56
324 58
375 25
373 68
425 61
325 60
376 94
374 21
426 91
326 59
377 22
375 60
427 77
327 66
378 58
376 31
428 46
328 63
379 56
377 23
429 77
329 93
380 32
378 37
430 86
330 70
381 42
379 93
431 84
331 74
382 82
380 47
432 36
332 67
383 51
381 69
433 83
333 97
384 31
382 60
434 11
334 78
385 68
383 51
435 24
335 35
386 41
384 52
436 88
336 22
387 49
385 59
437 69
337 51
388 24
386 14
438 87
338 66
389 52
387 67
439 92
339 48
390 49
388 72
440 63
340 54
391 62
389 79
441 25
341 35
392 83
390 76
442 43
342 55
393 69
391 19
443 63
343 63
394 84
392 12
444 55
344 65
395 16
393 24
445 19
345 83
396 87
394 93
446 45
346 76
397 55
395 33
447 15
347 88
398 85
396 41
448 55
348 53
399 68
397 14
449 79
349 99
400 15
398 71
450 37
350 90
399 42
451 100
351 17
402 40
452 45
352 10
403 92
401 25
453 62
353 92
404 85
402 34
454 67
354 98
405 47
403 65
455 58
355 33
406 17
404 54
456 70
356 15
407 77
405 31
457 96
357 68
408 22
406 58
458 62
358 57
409 20
407 11
459 72
359 37
410 62
408 35
460 21
360 92
411 73
409 80
461 59
361 12
412 64
410 59
462 23
362 31
413 79
411 18
463 97
363 46
414 30
412 91
464 56
364 52
415 56
413 90
465 15
365 97
416 89
414 82
466 37
366 46
417 24
415 94
467 10
367 97
418 19
416 23
468 28
368 51
419 14
417 51
469 96
369 60
420 38
418 71
470 93
370 31
421 15
419 36
471 59
371 53
422 89
420 99
472 95
372 86
423 84
421 86
473 20
373 64
424 34
422 45
474 66
374 44
425 84
423 13
475 71
375 93
426 54
424 62
476 61
376 32
427 82
425 64
477 73
377 77
428 90
426 20
478 65
378 50
429 61
427 72
479 71
379 12
430 39
428 87
480 65
380 62
431 51
429 61
481 87
381 59
432 14
430 38
482 50
382 32
433 37
431 100
483 34
383 90
434 43
432 75
484 73
384 34
435 67
433 41
485 52
385 65
436 60
434 78
486 13
386 19
437 50
435 51
487 27
387 20
438 97
436 12
488 94
388 52
439 71
437 87
489 66
389 92
440 17
438 76
490 38
390 51
441 54
439 84
491 87
391 54
442 40
440 75
492 74
392 54
443 68
441 30
493 22
393 80
444 61
442 78
494 66
394 26
445 52
443 74
495 98
395 65
446 73
444 89
496 17
396 36
447 22
445 95
497 86
397 26
448 65
446 70
498 30
398 56
449 76
447 99
499 23
399 72
450 44
448 71
500 28
400 50
449 99
501 75
401 48
452 70
502 72
402 55
453 82
451 83
503 69
403 67
454 56
452 65
504 62
404 99
455 90
453 73
505 10
405 39
456 30
454 36
506 47
406 49
457 86
455 28
507 49
407 59
458 72
456 22
508 26
408 80
459 66
457 84
509 61
409 46
460 49
458 18
510 89
410 74
461 69
459 89
511 26
411 70
462 47
460 100
512 10
412 78
463 11
461 65
513 19
413 10
464 50
462 52
514 85
414 96
465 27
463 75
515 96
415 86
466 21
464 31
516 62
416 45
467 63
465 93
517 48
417 99
468 51
466 17
518 17
418 48
469 82
467 30
519 40
419 38
470 12
468 26
520 59
420 98
471 98
469 68
521 97
421 90
472 67
470 45
522 78
422 68
473 42
471 48
523 47
423 10
474 85
472 62
524 11
424 80
475 43
473 78
525 76
425 10
476 47
474 43
526 43
426 95
477 62
475 65
527 94
427 35
478 31
476 85
528 29
428 79
479 69
477 44
529 77
429 84
480 43
478 21
530 54
430 69
481 13
479 28
531 52
431 75
482 76
480 86
532 44
432 35
483 78
481 56
533 56
433 36
484 33
482 16
534 42
434 80
485 16
483 94
535 15
435 88
486 40
484 33
536 84
436 59
487 13
485 97
537 78
437 65
488 17
486 79
538 66
438 31
489 57
487 30
539 23
439 55
490 39
488 33
540 28
440 62
491 45
489 69
541 63
441 89
492 63
490 32
542 47
442 71
493 34
491 89
543 49
443 95
494 17
492 10
544 15
444 86
495 38
493 61
545 63
445 16
496 19
494 91
546 54
446 18
497 78
495 98
547 64
447 35
498 42
496 21
548 99
448 72
499 46
497 13
549 13
449 98
500 31
498 100
550 18
450 19
499 11
551 47
451 81
502 70
552 90
452 27
503 28
501 27
553 35
453 65
504 39
502 83
554 68
454 30
505 56
503 52
555 23
455 39
506 29
504 27
556 54
456 17
507 55
505 62
557 91
457 28
508 83
506 95
558 94
458 78
509 15
507 74
559 51
459 25
510 91
508 46
560 44
460 24
511 35
509 96
561 79
461 63
512 10
510 89
562 18
462 37
513 51
511 81
563 100
463 64
514 65
512 24
564 75
464 85
515 13
513 49
565 65
465 21
516 50
514 74
566 38
466 26
517 30
515 98
567 85
467 23
518 30
516 14
568 50
468 38
519 78
517 100
569 96
469 89
520 17
518 52
570 65
470 70
521 10
519 56
571 40
471 38
522 65
520 80
572 89
472 79
523 15
521 73
573 11
473 90
524 93
522 87
574 100
474 17
525 98
523 63
575 14
475 22
526 46
524 60
576 89
476 47
527 38
525 65
577 16
477 92
528 70
526 19
578 88
478 85
529 100
527 17
579 54
479 45
530 59
528 50
580 55
480 85
531 24
529 60
581 84
481 64
532 97
530 30
582 45
482 93
533 41
531 73
583 94
483 13
534 68
532 29
584 93
484 75
535 92
533 95
585 31
485 29
536 11
534 87
586 27
486 81
537 97
535 72
587 100
487 58
538 93
536 17
588 86
488 40
539 57
537 67
589 27
489 60
540 86
538 32
590 93
490 86
541 39
539 75
591 31
491 16
542 60
540 13
592 78
492 65
543 28
541 86
593 61
493 26
544 85
542 22
594 69
494 28
545 49
543 84
595 70
495 88
546 33
544 95
596 88
496 16
547 13
545 87
597 48
497 17
548 60
546 20
598 11
498 70
549 76
547 26
599 71
499 89
550 39
548 48
600 15
500 67
549 59
501 91
552 74
502 88
553 11
551 20
503 35
554 73
552 85
504 94
555 17
553 10
505 95
556 23
554 24
506 31
557 20
555 76
507 100
558 37
556 17
508 21
559 69
557 46
509 34
560 52
558 12
510 42
561 34
559 81
511 97
562 76
560 94
512 83
563 41
561 13
513 64
564 27
562 43
514 15
565 56
563 41
515 86
566 86
564 48
516 29
567 83
565 26
517 74
568 40
566 66
518 58
569 64
567 49
519 26
570 76
568 54
520 64
571 59
569 24
521 77
572 85
570 61
522 21
573 57
571 51
523 32
574 54
572 96
524 69
575 98
573 22
525 25
576 54
574 73
526 42
577 40
575 19
527 47
578 42
576 40
528 13
579 86
577 73
529 34
580 92
578 11
530 28
581 19
579 64
531 36
582 16
580 63
532 21
583 46
581 40
533 43
584 34
582 81
534 75
585 81
583 98
535 73
586 99
584 50
536 59
587 32
585 25
537 72
588 71
586 54
538 41
589 22
587 52
539 99
590 63
588 23
540 81
591 19
589 39
541 99
592 31
590 21
542 36
593 81
591 30
543 72
594 72
592 63
544 95
595 19
593 56
545 23
596 100
594 36
546 93
597 18
595 64
547 41
598 70
596 68
548 12
599 56
597 48
549 34
600 89
598 50
550 28
599 54
97
296
5 101 92 564 180 97 
2 324 154 
2 444 513 
1 110 
1 421 
2 545 117 
1 5 
2 313 555 
3 323 342 496 
1 10 
2 40 569 
3 184 306 597 
1 355 
1 4 
1 146 
1 66 
1 23 
2 502 55 
2 376 420 
1 562 
1 552 
2 508 598 
2 60 141 
2 73 289 
1 498 
3 457 283 442 
1 447 
1 440 
1 454 
1 464 
1 568 
1 234 
1 65 
1 352 
1 350 
2 382 332 
2 500 84 
2 161 150 
1 393 
2 533 217 
3 401 156 408 
2 532 347 
2 339 543 
2 557 43 
3 298 391 185 
1 571 
1 594 
1 394 
1 542 
3 327 102 116 
1 13 
3 277 377 56 
2 538 451 
2 206 574 
3 546 567 232 
2 268 42 
1 351 
4 197 503 588 585 
2 510 134 
2 354 25 
3 448 595 94 
1 373 
1 192 
1 331 
1 32 
1 524 
1 50 
2 514 74 
1 52 
2 79 369 
3 85 178 160 
5 269 2 190 279 129 
3 258 478 290 
2 438 341 
2 138 286 
4 16 434 495 419 
1 449 
3 263 63 333 
1 345 
3 230 370 390 
1 64 
1 300 
2 511 39 
1 30 
2 48 100 
3 531 482 518 
1 159 
2 231 385 
1 105 
2 22 599 
3 360 559 489 
2 485 34 
1 33 
2 356 193 
2 249 78 
1 530 
2 24 241 
4 254 81 243 12 
3 439 566 348 
2 51 53 
2 461 344 
3 410 374 504 
2 463 548 
1 554 
3 310 450 229 
1 475 
3 359 575 550 
1 275 
1 361 
2 49 226 
1 325 
1 386 
3 402 340 319 
2 31 296 
