625 2400 10 100 118
2
3
3
3
3
3
3
3
3
3
3
3
3
3
3
3
3
3
3
3
3
3
3
3
2
3
4
4
4
4
4
4
4
4
4
4
4
4
4
4
4
4
4
4
4
4
4
4
4
3
3
4
4
4
4
4
4
4
4
4
4
4
4
4
4
4
4
4
4
4
4
4
4
4
3
3
4
4
4
4
4
4
4
4
4
4
4
4
4
4
4
4
4
4
4
4
4
4
4
3
3
4
4
4
4
4
4
4
4
4
4
4
4
4
4
4
4
4
4
4
4
4
4
4
3
3
4
4
4
4
4
4
4
4
4
4
4
4
4
4
4
4
4
4
4
4
4
4
4
3
3
4
4
4
4
4
4
4
4
4
4
4
4
4
4
4
4
4
4
4
4
4
4
4
3
3
4
4
4
4
4
4
4
4
4
4
4
4
4
4
4
4
4
4
4
4
4
4
4
3
3
4
4
4
4
4
4
4
4
4
4
4
4
4
4
4
4
4
4
4
4
4
4
4
3
3
4
4
4
4
4
4
4
4
4
4
4
4
4
4
4
4
4
4
4
4
4
4
4
3
3
4
4
4
4
4
4
4
4
4
4
4
4
4
4
4
4
4
4
4
4
4
4
4
3
3
4
4
4
4
4
4
4
4
4
4
4
4
4
4
4
4
4
4
4
4
4
4
4
3
3
4
4
4
4
4
4
4
4
4
4
4
4
4
4
4
4
4
4
4
4
4
4
4
3
3
4
4
4
4
4
4
4
4
4
4
4
4
4
4
4
4
4
4
4
4
4
4
4
3
3
4
4
4
4
4
4
4
4
4
4
4
4
4
4
4
4
4
4
4
4
4
4
4
3
3
4
4
4
4
4
4
4
4
4
4
4
4
4
4
4
4
4
4
4
4
4
4
4
3
3
4
4
4
4
4
4
4
4
4
4
4
4
4
4
4
4
4
4
4
4
4
4
4
3
3
4
4
4
4
4
4
4
4
4
4
4
4
4
4
4
4
4
4
4
4
4
4
4
3
3
4
4
4
4
4
4
4
4
4
4
4
4
4
4
4
4
4
4
4
4
4
4
4
3
3
4
4
4
4
4
4
4
4
4
4
4
4
4
4
4
4
4
4
4
4
4
4
4
3
3
4
4
4
4
4
4
4
4
4
4
4
4
4
4
4
4
4
4
4
4
4
4
4
3
3
4
4
4
4
4
4
4
4
4
4
4
4
4
4
4
4
4
4
4
4
4
4
4
3
3
4
4
4
4
4
4
4
4
4
4
4
4
4
4
4
4
4
4
4
4
4
4
4
3
3
4
4
4
4
4
4
4
4
4
4
4
4
4
4
4
4
4
4
4
4
4
4
4
3
2
3
3
3
3
3
3
3
3
3
3
3
3
3
3
3
3
3
3
3
3
3
3
3
2
26 84
2 29
27 76
3 43
1 14
28 45
4 87
2 45
29 27
5 45
3 80
30 79
6 75
4 15
31 37
7 18
5 50
32 77
8 45
6 39
33 72
9 71
7 63
34 37
10 75
8 12
35 29
11 78
9 90
36 52
12 82
10 10
37 54
13 75
11 65
38 38
14 91
12 56
39 60
15 48
13 26
40 14
16 68
14 48
41 75
17 37
15 96
42 12
18 35
16 46
43 27
19 24
17 76
44 34
20 80
18 67
45 16
21 98
19 19
46 41
22 13
20 65
47 74
23 75
21 81
48 71
24 65
22 66
49 96
25 70
23 83
50 25
24 67
51 44
1 47
27 33
52 32
2 19
28 48
26 87
53 46
3 68
29 88
27 70
54 41
4 86
30 63
28 63
55 84
5 54
31 93
29 42
56 87
6 79
32 33
30 38
57 22
7 56
33 32
31 53
58 79
8 85
34 96
32 22
59 90
9 84
35 35
33 25
60 39
10 53
36 97
34 41
61 57
11 54
37 48
35 23
62 40
12 79
38 18
36 57
63 84
13 89
39 38
37 44
64 84
14 57
40 37
38 76
65 58
15 30
41 30
39 91
66 20
16 17
42 94
40 52
67 45
17 67
43 44
41 64
68 43
18 19
44 54
42 43
69 47
19 20
45 23
43 14
70 20
20 15
46 10
44 27
71 92
21 10
47 42
45 12
72 35
22 22
48 27
46 10
73 98
23 89
49 84
47 93
74 11
24 44
50 49
48 50
75 87
25 77
49 90
76 45
26 52
52 85
77 50
27 91
53 68
51 23
78 25
28 74
54 42
52 38
79 61
29 96
55 90
53 68
80 58
30 77
56 14
54 61
81 100
31 32
57 24
55 97
82 65
32 80
58 35
56 63
83 98
33 57
59 61
57 97
84 31
34 63
60 99
58 91
85 74
35 56
61 49
59 53
86 23
36 23
62 42
60 49
87 93
37 84
63 12
61 22
88 19
38 45
64 19
62 15
89 29
39 44
65 10
63 99
90 74
40 23
66 79
64 62
91 18
41 11
67 99
65 98
92 28
42 31
68 93
66 60
93 26
43 60
69 36
67 86
94 62
44 59
70 68
68 27
95 45
45 82
71 59
69 16
96 74
46 89
72 10
70 22
97 17
47 49
73 45
71 99
98 20
48 12
74 36
72 94
99 19
49 61
75 25
73 88
100 44
50 19
74 72
101 79
51 65
77 25
102 64
52 28
78 73
76 40
103 98
53 88
79 48
77 57
104 18
54 48
80 71
78 87
105 79
55 74
81 40
79 47
106 99
56 54
82 11
80 32
107 50
57 58
83 76
81 81
108 29
58 83
84 65
82 51
109 27
59 49
85 75
83 26
110 100
60 52
86 13
84 61
111 48
61 59
87 32
85 62
112 27
62 98
88 22
86 81
113 82
63 42
89 94
87 22
114 84
64 75
90 65
88 18
115 53
65 35
91 15
89 14
116 71
66 29
92 10
90 10
117 60
67 89
93 61
91 65
118 79
68 71
94 34
92 54
119 25
69 36
95 60
93 20
120 75
70 100
96 77
94 93
121 99
71 80
97 14
95 95
122 53
72 50
98 74
96 61
123 60
73 100
99 45
97 57
124 92
74 51
100 98
98 69
125 12
75 16
99 85
126 58
76 63
102 12
127 91
77 38
103 82
101 49
128 65
78 57
104 76
102 52
129 29
79 99
105 71
103 53
130 29
80 87
106 31
104 21
131 39
81 73
107 89
105 45
132 72
82 23
108 72
106 11
133 90
83 45
109 68
107 73
134 90
84 83
110 21
108 82
135 37
85 42
111 69
109 48
136 98
86 78
112 83
110 81
137 29
87 10
113 64
111 19
138 92
88 19
114 69
112 28
139 30
89 93
115 36
113 35
140 59
90 65
116 44
114 61
141 37
91 14
117 61
115 79
142 56
92 31
118 33
116 55
143 34
93 42
119 10
117 48
144 71
94 25
120 80
118 14
145 13
95 99
121 36
119 81
146 85
96 19
122 80
120 15
147 68
97 100
123 26
121 84
148 56
98 20
124 30
122 77
149 40
99 29
125 13
123 47
150 26
100 25
124 88
151 72
101 49
127 22
152 32
102 43
128 30
126 41
153 61
103 99
129 76
127 80
154 14
104 84
130 23
128 88
155 29
105 40
131 74
129 95
156 79
106 68
132 16
130 94
157 16
107 63
133 64
131 77
158 79
108 74
134 16
132 96
159 11
109 96
135 16
133 29
160 19
110 20
136 91
134 91
161 78
111 83
137 72
135 72
162 58
112 15
138 27
136 49
163 68
113 18
139 27
137 32
164 30
114 99
140 88
138 97
165 30
115 78
141 97
139 66
166 27
116 14
142 20
140 81
167 42
117 88
143 65
141 56
168 89
118 99
144 40
142 89
169 68
119 53
145 54
143 17
170 79
120 17
146 19
144 55
171 39
121 72
147 91
145 40
172 10
122 86
148 10
146 63
173 53
123 40
149 50
147 37
174 26
124 28
150 85
148 90
175 93
125 13
149 52
176 60
126 12
152 71
177 49
127 32
153 91
151 53
178 17
128 26
154 32
152 43
179 32
129 71
155 20
153 62
180 82
130 19
156 97
154 66
181 21
131 16
157 99
155 92
182 96
132 13
158 41
156 97
183 71
133 90
159 76
157 46
184 47
134 75
160 21
158 22
185 94
135 82
161 20
159 32
186 72
136 65
162 39
160 35
187 50
137 44
163 51
161 34
188 70
138 79
164 84
162 49
189 23
139 28
165 38
163 14
190 15
140 80
166 82
164 57
191 76
141 68
167 75
165 29
192 87
142 48
168 48
166 58
193 59
143 95
169 88
167 82
194 24
144 93
170 56
168 52
195 72
145 91
171 27
169 93
196 39
146 28
172 39
170 61
197 57
147 28
173 81
171 65
198 71
148 27
174 14
172 63
199 63
149 44
175 19
173 25
200 71
150 62
174 100
201 80
151 75
177 12
202 55
152 30
178 56
176 48
203 25
153 41
179 88
177 93
204 53
154 74
180 40
178 19
205 55
155 63
181 65
179 40
206 70
156 18
182 71
180 19
207 61
157 33
183 47
181 25
208 39
158 47
184 100
182 61
209 55
159 29
185 18
183 32
210 17
160 95
186 57
184 73
211 86
161 90
187 40
185 31
212 25
162 77
188 41
186 50
213 90
163 67
189 79
187 91
214 90
164 46
190 79
188 75
215 40
165 69
191 89
189 10
216 28
166 48
192 66
190 60
217 28
167 29
193 81
191 30
218 56
168 34
194 47
192 74
219 52
169 43
195 10
193 20
220 52
170 95
196 88
194 41
221 87
171 74
197 22
195 53
222 39
172 56
198 73
196 99
223 33
173 89
199 42
197 26
224 57
174 85
200 95
198 20
225 30
175 63
199 38
226 65
176 17
202 56
227 78
177 57
203 68
201 89
228 50
178 57
204 86
202 16
229 62
179 14
205 93
203 77
230 52
180 27
206 31
204 39
231 25
181 14
207 64
205 32
232 33
182 69
208 29
206 100
233 66
183 73
209 37
207 81
234 93
184 45
210 38
208 24
235 79
185 60
211 16
209 79
236 12
186 74
212 10
210 53
237 80
187 35
213 49
211 93
238 91
188 37
214 54
212 14
239 98
189 78
215 48
213 82
240 16
190 98
216 10
214 95
241 98
191 20
217 44
215 89
242 97
192 71
218 48
216 78
243 45
193 63
219 56
217 13
244 62
194 81
220 52
218 81
245 12
195 85
221 28
219 67
246 82
196 89
222 10
220 79
247 57
197 76
223 63
221 11
248 57
198 88
224 100
222 78
249 70
199 84
225 25
223 33
250 38
200 53
224 14
251 64
201 70
227 15
252 27
202 92
228 81
226 81
253 58
203 95
229 66
227 78
254 82
204 14
230 43
228 75
255 89
205 25
231 98
229 60
256 58
206 51
232 72
230 86
257 75
207 72
233 10
231 41
258 49
208 69
234 55
232 26
259 60
209 54
235 11
233 28
260 89
210 83
236 95
234 86
261 69
211 70
237 54
235 72
262 90
212 69
238 46
236 63
263 81
213 92
239 74
237 18
264 15
214 89
240 32
238 48
265 47
215 42
241 59
239 79
266 59
216 49
242 83
240 35
267 58
217 76
243 92
241 74
268 64
218 74
244 82
242 81
269 76
219 72
245 90
243 33
270 80
220 84
246 73
244 11
271 27
221 44
247 25
245 56
272 19
222 55
248 18
246 10
273 17
223 29
249 10
247 32
274 77
224 62
250 89
248 95
275 31
225 52
249 93
276 61
226 39
252 74
277 51
227 84
253 34
251 31
278 90
228 78
254 62
252 87
279 10
229 25
255 60
253 90
280 49
230 64
256 28
254 27
281 24
231 92
257 82
255 24
282 39
232 90
258 17
256 81
283 20
233 91
259 84
257 73
284 13
234 90
260 43
258 16
285 36
235 46
261 56
259 92
286 97
236 64
262 96
260 46
287 77
237 90
263 58
261 15
288 82
238 79
264 94
262 65
289 26
239 43
265 81
263 74
290 75
240 37
266 49
264 18
291 94
241 87
267 11
265 53
292 26
242 54
268 83
266 13
293 81
243 84
269 40
267 75
294 58
244 64
270 19
268 62
295 76
245 84
271 73
269 48
296 54
246 52
272 87
270 97
297 44
247 58
273 62
271 82
298 61
248 25
274 20
272 90
299 28
249 59
275 90
273 80
300 11
250 52
274 85
301 70
251 75
277 91
302 45
252 35
278 13
276 43
303 69
253 23
279 57
277 94
304 61
254 56
280 86
278 41
305 86
255 45
281 40
279 89
306 93
256 22
282 30
280 47
307 99
257 25
283 25
281 90
308 17
258 92
284 93
282 47
309 81
259 88
285 77
283 69
310 43
260 40
286 65
284 51
311 23
261 30
287 42
285 33
312 98
262 40
288 54
286 70
313 74
263 75
289 26
287 24
314 36
264 83
290 72
288 34
315 45
265 25
291 81
289 74
316 66
266 27
292 36
290 80
317 11
267 84
293 68
291 87
318 98
268 53
294 23
292 38
319 87
269 80
295 63
293 87
320 88
270 90
296 74
294 36
321 15
271 85
297 85
295 97
322 15
272 81
298 31
296 83
323 88
273 99
299 96
297 17
324 19
274 50
300 53
298 74
325 66
275 96
299 49
326 92
276 95
302 40
327 36
277 41
303 30
301 73
328 53
278 83
304 35
302 27
329 77
279 54
305 88
303 33
330 19
280 72
306 73
304 11
331 40
281 96
307 36
305 63
332 93
282 31
308 89
306 99
333 82
283 42
309 96
307 51
334 97
284 67
310 83
308 70
335 79
285 87
311 90
309 83
336 24
286 44
312 89
310 53
337 46
287 52
313 54
311 13
338 91
288 35
314 44
312 22
339 49
289 15
315 21
313 57
340 18
290 46
316 100
314 84
341 32
291 15
317 79
315 34
342 48
292 63
318 11
316 82
343 86
293 59
319 51
317 24
344 26
294 31
320 11
318 35
345 64
295 77
321 34
319 16
346 18
296 44
322 28
320 46
347 46
297 56
323 41
321 40
348 10
298 55
324 56
322 40
349 89
299 25
325 82
323 41
350 25
300 82
324 73
351 33
301 94
327 94
352 35
302 60
328 74
326 44
353 43
303 70
329 41
327 32
354 51
304 89
330 13
328 96
355 44
305 40
331 48
329 47
356 49
306 12
332 75
330 37
357 61
307 41
333 76
331 48
358 41
308 71
334 63
332 42
359 16
309 36
335 23
333 22
360 20
310 82
336 90
334 72
361 88
311 60
337 66
335 48
362 14
312 21
338 64
336 32
363 99
313 67
339 52
337 16
364 26
314 64
340 36
338 58
365 12
315 78
341 26
339 82
366 25
316 79
342 97
340 95
367 99
317 76
343 96
341 93
368 48
318 29
344 37
342 12
369 71
319 12
345 63
343 17
370 62
320 77
346 71
344 88
371 97
321 77
347 71
345 30
372 24
322 31
348 50
346 39
373 29
323 27
349 19
347 93
374 29
324 54
350 87
348 77
375 49
325 70
349 65
376 78
326 81
352 65
377 88
327 40
353 20
351 80
378 96
328 41
354 26
352 35
379 84
329 22
355 67
353 40
380 96
330 13
356 29
354 15
381 36
331 46
357 60
355 35
382 97
332 86
358 28
356 79
383 50
333 83
359 14
357 31
384 43
334 12
360 53
358 66
385 12
335 74
361 12
359 25
386 72
336 100
362 12
360 98
387 54
337 84
363 89
361 12
388 29
338 95
364 88
362 70
389 56
339 51
365 16
363 100
390 13
340 39
366 42
364 16
391 89
341 92
367 43
365 77
392 21
342 43
368 40
366 11
393 75
343 21
369 51
367 30
394 66
344 61
370 78
368 48
395 33
345 53
371 88
369 87
396 14
346 38
372 66
370 82
397 56
347 26
373 84
371 77
398 80
348 49
374 72
372 37
399 39
349 82
375 95
373 64
400 93
350 45
374 49
401 45
351 50
377 58
402 36
352 57
378 15
376 92
403 71
353 86
379 14
377 40
404 69
354 18
380 23
378 71
405 27
355 67
381 15
379 90
406 60
356 86
382 55
380 100
407 66
357 95
383 96
381 62
408 52
358 71
384 81
382 93
409 40
359 76
385 65
383 40
410 12
360 11
386 100
384 84
411 47
361 24
387 27
385 32
412 60
362 52
388 99
386 55
413 24
363 65
389 33
387 16
414 82
364 31
390 14
388 28
415 31
365 30
391 46
389 70
416 52
366 42
392 13
390 55
417 20
367 64
393 67
391 11
418 68
368 90
394 27
392 20
419 89
369 34
395 25
393 50
420 30
370 52
396 55
394 22
421 42
371 75
397 10
395 58
422 12
372 40
398 81
396 44
423 45
373 82
399 94
397 80
424 62
374 61
400 93
398 95
425 78
375 98
399 82
426 72
376 39
402 20
427 54
377 80
403 63
401 82
428 18
378 68
404 70
402 31
429 21
379 29
405 34
403 84
430 20
380 32
406 93
404 36
431 41
381 79
407 21
405 70
432 38
382 80
408 23
406 87
433 15
383 19
409 78
407 36
434 31
384 46
410 65
408 44
435 55
385 52
411 61
409 96
436 10
386 98
412 41
410 37
437 100
387 26
413 16
411 60
438 42
388 31
414 55
412 17
439 90
389 84
415 97
413 39
440 27
390 18
416 40
414 54
441 24
391 66
417 30
415 26
442 91
392 74
418 50
416 12
443 83
393 69
419 31
417 90
444 92
394 33
420 84
418 51
445 48
395 18
421 27
419 66
446 78
396 54
422 28
420 48
447 41
397 28
423 74
421 36
448 23
398 47
424 93
422 65
449 56
399 93
425 68
423 73
450 51
400 42
424 61
451 29
401 46
427 44
452 64
402 21
428 90
426 73
453 61
403 76
429 92
427 78
454 37
404 73
430 72
428 22
455 53
405 16
431 49
429 45
456 25
406 32
432 97
430 25
457 42
407 73
433 79
431 46
458 69
408 47
434 72
432 57
459 43
409 58
435 17
433 82
460 39
410 25
436 70
434 76
461 72
411 56
437 42
435 69
462 15
412 60
438 33
436 63
463 62
413 52
439 51
437 42
464 60
414 93
440 76
438 55
465 14
415 23
441 74
439 29
466 43
416 40
442 70
440 53
467 23
417 85
443 29
441 72
468 57
418 32
444 35
442 18
469 44
419 72
445 27
443 33
470 62
420 53
446 36
444 71
471 98
421 98
447 11
445 18
472 11
422 52
448 68
446 55
473 46
423 54
449 50
447 77
474 28
424 13
450 54
448 55
475 99
425 29
449 88
476 20
426 43
452 95
477 91
427 65
453 78
451 11
478 17
428 79
454 13
452 48
479 30
429 61
455 22
453 26
480 93
430 34
456 57
454 96
481 82
431 35
457 62
455 17
482 47
432 53
458 100
456 68
483 77
433 37
459 48
457 60
484 100
434 77
460 17
458 95
485 96
435 75
461 53
459 99
486 47
436 10
462 100
460 87
487 62
437 11
463 63
461 82
488 61
438 62
464 92
462 63
489 89
439 24
465 54
463 56
490 74
440 90
466 51
464 30
491 39
441 66
467 20
465 95
492 62
442 96
468 84
466 97
493 46
443 54
469 40
467 22
494 46
444 89
470 16
468 61
495 97
445 93
471 70
469 66
496 14
446 44
472 41
470 83
497 26
447 10
473 35
471 81
498 94
448 23
474 48
472 21
499 13
449 99
475 92
473 22
500 35
450 22
474 17
501 99
451 31
477 38
502 65
452 75
478 71
476 47
503 51
453 61
479 24
477 70
504 10
454 27
480 14
478 85
505 55
455 35
481 12
479 33
506 27
456 53
482 60
480 16
507 64
457 83
483 21
481 27
508 13
458 21
484 43
482 95
509 62
459 16
485 94
483 97
510 79
460 89
486 81
484 85
511 46
461 88
487 100
485 81
512 48
462 20
488 60
486 16
513 50
463 87
489 14
487 19
514 20
464 56
490 43
488 27
515 85
465 29
491 95
489 33
516 41
466 78
492 52
490 27
517 76
467 93
493 25
491 65
518 11
468 10
494 10
492 41
519 68
469 12
495 74
493 66
520 48
470 49
496 61
494 71
521 44
471 86
497 94
495 49
522 16
472 16
498 87
496 99
523 78
473 14
499 76
497 28
524 48
474 49
500 45
498 48
525 83
475 90
499 18
526 64
476 28
502 23
527 31
477 52
503 99
501 15
528 81
478 72
504 12
502 58
529 14
479 24
505 83
503 70
530 41
480 17
506 51
504 83
531 14
481 55
507 46
505 19
532 22
482 96
508 64
506 14
533 95
483 85
509 77
507 40
534 59
484 74
510 10
508 60
535 16
485 54
511 12
509 64
536 50
486 81
512 72
510 36
537 68
487 49
513 67
511 82
538 78
488 21
514 60
512 89
539 51
489 26
515 81
513 79
540 27
490 17
516 23
514 21
541 54
491 64
517 88
515 90
542 85
492 75
518 37
516 53
543 78
493 50
519 10
517 46
544 94
494 17
520 25
518 97
545 68
495 59
521 79
519 78
546 36
496 16
522 41
520 22
547 60
497 11
523 47
521 92
548 20
498 15
524 22
522 35
549 27
499 100
525 57
523 63
550 44
500 51
524 34
551 56
501 91
527 41
552 35
502 67
528 71
526 13
553 61
503 15
529 61
527 27
554 96
504 59
530 15
528 23
555 71
505 72
531 17
529 86
556 53
506 84
532 87
530 52
557 32
507 49
533 68
531 63
558 93
508 35
534 10
532 46
559 18
509 100
535 18
533 68
560 57
510 96
536 93
534 21
561 80
511 25
537 66
535 24
562 93
512 94
538 65
536 49
563 94
513 50
539 100
537 14
564 43
514 64
540 36
538 27
565 33
515 63
541 30
539 71
566 51
516 100
542 70
540 93
567 42
517 73
543 22
541 51
568 86
518 44
544 82
542 38
569 31
519 82
545 44
543 17
570 94
520 80
546 12
544 14
571 14
521 62
547 91
545 17
572 63
522 47
548 89
546 64
573 71
523 81
549 67
547 66
574 91
524 26
550 32
548 95
575 84
525 90
549 95
576 78
526 74
552 84
577 96
527 32
553 70
551 39
578 13
528 36
554 16
552 18
579 17
529 76
555 30
553 71
580 77
530 60
556 63
554 15
581 53
531 13
557 43
555 65
582 28
532 16
558 22
556 28
583 84
533 100
559 94
557 18
584 65
534 11
560 91
558 68
585 40
535 56
561 10
559 95
586 95
536 99
562 27
560 54
587 23
537 37
563 69
561 66
588 79
538 43
564 20
562 25
589 55
539 82
565 26
563 65
590 94
540 44
566 91
564 61
591 41
541 14
567 55
565 45
592 41
542 48
568 15
566 55
593 100
543 83
569 66
567 82
594 82
544 96
570 74
568 67
595 15
545 35
571 35
569 26
596 58
546 83
572 19
570 39
597 59
547 58
573 31
571 33
598 22
548 96
574 98
572 14
599 84
549 49
575 30
573 73
600 71
550 22
574 15
601 33
551 82
577 94
602 65
552 48
578 55
576 66
603 92
553 77
579 88
577 33
604 60
554 31
580 50
578 65
605 51
555 49
581 63
579 87
606 100
556 68
582 26
580 60
607 93
557 31
583 29
581 82
608 58
558 24
584 63
582 46
609 57
559 79
585 32
583 83
610 86
560 62
586 27
584 31
611 58
561 46
587 71
585 62
612 68
562 88
588 24
586 52
613 29
563 85
589 80
587 97
614 91
564 100
590 39
588 70
615 81
565 39
591 57
589 50
616 82
566 10
592 40
590 19
617 96
567 45
593 26
591 97
618 43
568 74
594 24
592 87
619 26
569 64
595 64
593 78
620 57
570 74
596 48
594 64
621 46
571 29
597 27
595 71
622 50
572 16
598 34
596 28
623 56
573 74
599 85
597 64
624 53
574 57
600 53
598 78
625 60
575 51
599 28
576 63
602 12
577 44
603 86
601 98
578 66
604 66
602 68
579 99
605 11
603 13
580 67
606 76
604 41
581 68
607 96
605 84
582 40
608 46
606 84
583 89
609 91
607 89
584 85
610 85
608 67
585 94
611 66
609 89
586 83
612 29
610 68
587 44
613 82
611 44
588 37
614 73
612 10
589 71
615 49
613 70
590 40
616 42
614 46
591 16
617 40
615 51
592 76
618 89
616 41
593 15
619 95
617 25
594 98
620 49
618 56
595 10
621 80
619 27
596 88
622 22
620 35
597 95
623 82
621 82
598 13
624 62
622 32
599 58
625 31
623 98
600 65
624 39
166
324
1 166 
1 19 
3 352 190 267 
3 278 490 4 
3 473 298 464 
1 306 
1 103 
2 320 537 
2 360 177 
2 325 12 
3 270 262 328 
1 165 
2 432 445 
3 175 359 246 
1 335 
3 288 107 591 
1 226 
2 294 308 
3 242 410 202 
2 281 116 
2 515 158 
1 219 
2 210 526 
2 499 272 
3 307 373 505 
1 184 
5 115 551 559 440 44 
2 596 110 
3 280 295 489 
2 478 157 
2 481 362 
1 99 
2 367 299 
2 33 525 
4 121 68 252 168 
2 151 495 
2 345 260 
1 413 
1 431 
2 120 539 
2 75 541 
2 622 342 
1 169 
2 620 62 
1 59 
1 67 
2 419 148 
2 279 556 
2 254 64 
1 332 
2 125 53 
3 615 349 433 
1 573 
1 479 
3 108 625 617 
1 139 
2 449 198 
2 323 220 
2 150 574 
1 516 
3 600 50 379 
3 547 133 409 
1 286 
1 58 
2 134 510 
2 616 467 
1 508 
1 316 
1 488 
1 276 
1 356 
1 232 
1 201 
2 159 34 
2 318 247 
1 234 
2 558 442 
1 89 
1 565 
3 533 550 46 
2 101 205 
3 588 469 429 
1 277 
3 604 611 492 
1 548 
1 319 
3 530 311 441 
2 196 217 
2 273 390 
1 18 
3 576 147 452 
1 261 
3 128 400 340 
4 388 493 191 582 
1 23 
3 142 145 466 
2 428 484 
2 123 507 
4 265 524 24 468 
1 520 
2 612 245 
1 179 
3 131 1 20 
1 602 
2 536 39 
3 296 527 163 
1 266 
1 511 
1 448 
1 599 
1 124 
1 214 
1 341 
1 154 
2 482 593 
1 263 
1 171 
4 144 391 225 324 
