144 528 10 100 27
2
3
3
3
3
3
3
3
3
3
3
2
3
4
4
4
4
4
4
4
4
4
4
3
3
4
4
4
4
4
4
4
4
4
4
3
3
4
4
4
4
4
4
4
4
4
4
3
3
4
4
4
4
4
4
4
4
4
4
3
3
4
4
4
4
4
4
4
4
4
4
3
3
4
4
4
4
4
4
4
4
4
4
3
3
4
4
4
4
4
4
4
4
4
4
3
3
4
4
4
4
4
4
4
4
4
4
3
3
4
4
4
4
4
4
4
4
4
4
3
3
4
4
4
4
4
4
4
4
4
4
3
2
3
3
3
3
3
3
3
3
3
3
2
13 35
2 29
14 86
3 19
1 61
15 43
4 30
2 69
16 20
5 43
3 98
17 99
6 32
4 62
18 46
7 27
5 74
19 20
8 36
6 22
20 87
9 94
7 13
21 14
10 92
8 34
22 16
11 88
9 28
23 72
12 39
10 84
24 60
11 51
25 93
1 46
14 52
26 72
2 63
15 49
13 63
27 77
3 20
16 35
14 38
28 94
4 37
17 20
15 91
29 26
5 26
18 58
16 46
30 29
6 11
19 37
17 47
31 63
7 48
20 16
18 75
32 87
8 27
21 41
19 48
33 54
9 15
22 64
20 89
34 69
10 64
23 47
21 96
35 75
11 38
24 16
22 15
36 54
12 27
23 33
37 17
13 92
26 98
38 24
14 100
27 27
25 88
39 82
15 44
28 74
26 81
40 19
16 90
29 66
27 26
41 63
17 61
30 87
28 76
42 92
18 41
31 71
29 21
43 27
19 12
32 41
30 42
44 32
20 77
33 50
31 11
45 18
21 43
34 32
32 12
46 70
22 70
35 67
33 39
47 60
23 28
36 75
34 61
48 18
24 58
35 18
49 79
25 78
38 23
50 13
26 14
39 31
37 97
51 16
27 10
40 21
38 66
52 94
28 70
41 96
39 56
53 90
29 26
42 59
40 19
54 11
30 76
43 77
41 46
55 93
31 20
44 93
42 61
56 74
32 34
45 23
43 96
57 98
33 74
46 24
44 67
58 96
34 22
47 65
45 97
59 53
35 95
48 94
46 67
60 18
36 35
47 54
61 63
37 74
50 40
62 35
38 62
51 99
49 39
63 83
39 55
52 60
50 81
64 84
40 95
53 33
51 10
65 23
41 81
54 22
52 47
66 61
42 69
55 96
53 55
67 39
43 92
56 94
54 79
68 65
44 11
57 96
55 36
69 89
45 21
58 56
56 14
70 24
46 60
59 88
57 98
71 10
47 90
60 76
58 98
72 71
48 88
59 91
73 74
49 42
62 72
74 51
50 10
63 35
61 39
75 72
51 19
64 71
62 90
76 82
52 97
65 16
63 83
77 61
53 24
66 14
64 17
78 24
54 33
67 94
65 58
79 11
55 35
68 21
66 56
80 71
56 25
69 91
67 98
81 57
57 39
70 43
68 81
82 78
58 78
71 56
69 67
83 67
59 40
72 59
70 25
84 73
60 98
71 62
85 37
61 14
74 97
86 83
62 49
75 77
73 72
87 90
63 72
76 100
74 48
88 69
64 72
77 14
75 26
89 45
65 57
78 17
76 49
90 93
66 79
79 58
77 99
91 64
67 68
80 52
78 92
92 46
68 30
81 69
79 55
93 78
69 18
82 10
80 32
94 64
70 34
83 25
81 43
95 29
71 73
84 67
82 80
96 80
72 70
83 67
97 53
73 85
86 48
98 61
74 37
87 15
85 29
99 63
75 51
88 74
86 83
100 30
76 16
89 21
87 93
101 25
77 79
90 45
88 62
102 29
78 33
91 49
89 19
103 55
79 73
92 14
90 70
104 44
80 65
93 76
91 19
105 79
81 39
94 21
92 39
106 51
82 79
95 94
93 32
107 74
83 58
96 99
94 84
108 45
84 97
95 97
109 67
85 31
98 27
110 84
86 85
99 24
97 25
111 73
87 96
100 30
98 31
112 17
88 20
101 75
99 92
113 17
89 89
102 48
100 15
114 89
90 89
103 33
101 65
115 81
91 39
104 91
102 73
116 52
92 19
105 79
103 84
117 48
93 68
106 32
104 17
118 34
94 99
107 59
105 79
119 52
95 69
108 72
106 89
120 67
96 37
107 14
121 91
97 37
110 21
122 56
98 63
111 26
109 79
123 40
99 99
112 40
110 90
124 81
100 69
113 49
111 19
125 37
101 79
114 29
112 86
126 82
102 28
115 53
113 46
127 37
103 84
116 89
114 84
128 65
104 53
117 35
115 64
129 14
105 46
118 19
116 78
130 22
106 45
119 35
117 33
131 86
107 83
120 50
118 97
132 98
108 13
119 43
133 42
109 21
122 64
134 13
110 30
123 12
121 83
135 49
111 28
124 30
122 31
136 33
112 73
125 14
123 97
137 23
113 51
126 24
124 73
138 75
114 33
127 70
125 35
139 13
115 40
128 66
126 50
140 60
116 64
129 18
127 70
141 45
117 29
130 35
128 37
142 10
118 83
131 37
129 23
143 74
119 70
132 24
130 53
144 58
120 48
131 84
121 71
134 88
122 83
135 15
133 69
123 35
136 19
134 77
124 92
137 26
135 45
125 82
138 18
136 83
126 39
139 17
137 80
127 77
140 53
138 55
128 29
141 77
139 78
129 64
142 56
140 53
130 66
143 52
141 83
131 84
144 25
142 31
132 69
143 71
85
96
3 2 128 85 
1 127 
3 131 15 120 
2 88 27 
2 79 91 
2 134 59 
3 102 121 103 
2 49 54 
2 22 97 
1 55 
2 1 13 
1 24 
1 108 
2 58 126 
1 66 
1 116 
1 60 
1 74 
2 117 3 
2 41 70 
2 20 51 
2 141 64 
1 69 
4 92 40 82 65 
2 137 129 
2 122 12 
2 78 96 
