625 2400 10 100 118
2
3
3
3
3
3
3
3
3
3
3
3
3
3
3
3
3
3
3
3
3
3
3
3
2
3
4
4
4
4
4
4
4
4
4
4
4
4
4
4
4
4
4
4
4
4
4
4
4
3
3
4
4
4
4
4
4
4
4
4
4
4
4
4
4
4
4
4
4
4
4
4
4
4
3
3
4
4
4
4
4
4
4
4
4
4
4
4
4
4
4
4
4
4
4
4
4
4
4
3
3
4
4
4
4
4
4
4
4
4
4
4
4
4
4
4
4
4
4
4
4
4
4
4
3
3
4
4
4
4
4
4
4
4
4
4
4
4
4
4
4
4
4
4
4
4
4
4
4
3
3
4
4
4
4
4
4
4
4
4
4
4
4
4
4
4
4
4
4
4
4
4
4
4
3
3
4
4
4
4
4
4
4
4
4
4
4
4
4
4
4
4
4
4
4
4
4
4
4
3
3
4
4
4
4
4
4
4
4
4
4
4
4
4
4
4
4
4
4
4
4
4
4
4
3
3
4
4
4
4
4
4
4
4
4
4
4
4
4
4
4
4
4
4
4
4
4
4
4
3
3
4
4
4
4
4
4
4
4
4
4
4
4
4
4
4
4
4
4
4
4
4
4
4
3
3
4
4
4
4
4
4
4
4
4
4
4
4
4
4
4
4
4
4
4
4
4
4
4
3
3
4
4
4
4
4
4
4
4
4
4
4
4
4
4
4
4
4
4
4
4
4
4
4
3
3
4
4
4
4
4
4
4
4
4
4
4
4
4
4
4
4
4
4
4
4
4
4
4
3
3
4
4
4
4
4
4
4
4
4
4
4
4
4
4
4
4
4
4
4
4
4
4
4
3
3
4
4
4
4
4
4
4
4
4
4
4
4
4
4
4
4
4
4
4
4
4
4
4
3
3
4
4
4
4
4
4
4
4
4
4
4
4
4
4
4
4
4
4
4
4
4
4
4
3
3
4
4
4
4
4
4
4
4
4
4
4
4
4
4
4
4
4
4
4
4
4
4
4
3
3
4
4
4
4
4
4
4
4
4
4
4
4
4
4
4
4
4
4
4
4
4
4
4
3
3
4
4
4
4
4
4
4
4
4
4
4
4
4
4
4
4
4
4
4
4
4
4
4
3
3
4
4
4
4
4
4
4
4
4
4
4
4
4
4
4
4
4
4
4
4
4
4
4
3
3
4
4
4
4
4
4
4
4
4
4
4
4
4
4
4
4
4
4
4
4
4
4
4
3
3
4
4
4
4
4
4
4
4
4
4
4
4
4
4
4
4
4
4
4
4
4
4
4
3
3
4
4
4
4
4
4
4
4
4
4
4
4
4
4
4
4
4
4
4
4
4
4
4
3
2
3
3
3
3
3
3
3
3
3
3
3
3
3
3
3
3
3
3
3
3
3
3
3
2
26 74
2 29
27 48
3 59
1 25
28 21
4 89
2 74
29 68
5 11
3 67
30 74
6 12
4 40
31 23
7 66
5 48
32 16
8 43
6 38
33 51
9 82
7 32
34 59
10 46
8 83
35 48
11 35
9 53
36 64
12 95
10 24
37 65
13 16
11 54
38 88
14 14
12 23
39 35
15 55
13 78
40 13
16 71
14 80
41 87
17 46
15 95
42 62
18 54
16 17
43 58
19 85
17 45
44 30
20 54
18 92
45 16
21 35
19 42
46 83
22 15
20 77
47 76
23 43
21 50
48 33
24 80
22 67
49 14
25 37
23 46
50 46
24 78
51 70
1 35
27 33
52 11
2 66
28 50
26 51
53 29
3 80
29 25
27 51
54 18
4 98
30 33
28 78
55 49
5 13
31 44
29 26
56 56
6 29
32 34
30 49
57 62
7 59
33 92
31 22
58 62
8 56
34 73
32 99
59 82
9 24
35 33
33 76
60 99
10 90
36 51
34 44
61 69
11 12
37 46
35 22
62 88
12 32
38 69
36 28
63 76
13 75
39 69
37 96
64 21
14 15
40 18
38 18
65 11
15 46
41 71
39 69
66 18
16 10
42 61
40 39
67 82
17 72
43 20
41 92
68 99
18 75
44 74
42 11
69 72
19 20
45 10
43 15
70 61
20 15
46 73
44 70
71 40
21 23
47 39
45 90
72 80
22 48
48 23
46 48
73 38
23 53
49 86
47 55
74 41
24 24
50 96
48 97
75 67
25 10
49 12
76 51
26 44
52 60
77 26
27 95
53 44
51 96
78 41
28 11
54 76
52 37
79 77
29 70
55 100
53 70
80 14
30 26
56 91
54 36
81 100
31 82
57 96
55 99
82 75
32 29
58 49
56 21
83 38
33 62
59 21
57 40
84 54
34 55
60 72
58 56
85 18
35 53
61 59
59 15
86 53
36 10
62 70
60 35
87 54
37 15
63 15
61 57
88 38
38 95
64 19
62 19
89 94
39 50
65 31
63 21
90 96
40 70
66 86
64 53
91 15
41 48
67 27
65 66
92 96
42 15
68 86
66 12
93 57
43 75
69 64
67 36
94 14
44 11
70 30
68 46
95 63
45 47
71 32
69 58
96 71
46 65
72 54
70 100
97 21
47 51
73 64
71 41
98 25
48 74
74 76
72 13
99 38
49 52
75 100
73 48
100 21
50 67
74 18
101 61
51 31
77 90
102 51
52 100
78 66
76 83
103 100
53 26
79 86
77 11
104 88
54 43
80 47
78 52
105 61
55 80
81 13
79 47
106 96
56 47
82 64
80 66
107 41
57 52
83 54
81 31
108 78
58 21
84 52
82 64
109 96
59 31
85 83
83 11
110 22
60 99
86 11
84 32
111 52
61 19
87 48
85 30
112 82
62 81
88 98
86 30
113 27
63 85
89 90
87 16
114 66
64 10
90 75
88 72
115 14
65 65
91 24
89 32
116 96
66 30
92 52
90 55
117 45
67 21
93 14
91 77
118 59
68 75
94 61
92 91
119 77
69 88
95 52
93 26
120 44
70 35
96 12
94 77
121 57
71 81
97 30
95 71
122 74
72 29
98 13
96 22
123 34
73 38
99 69
97 56
124 85
74 76
100 33
98 96
125 69
75 21
99 81
126 83
76 12
102 33
127 85
77 56
103 100
101 44
128 14
78 24
104 99
102 15
129 92
79 30
105 55
103 27
130 86
80 10
106 36
104 67
131 11
81 43
107 90
105 51
132 32
82 41
108 31
106 56
133 15
83 49
109 12
107 98
134 88
84 31
110 18
108 46
135 16
85 37
111 15
109 37
136 59
86 45
112 72
110 35
137 51
87 54
113 58
111 37
138 86
88 47
114 37
112 38
139 21
89 74
115 47
113 72
140 32
90 26
116 65
114 13
141 39
91 76
117 32
115 26
142 91
92 41
118 27
116 56
143 82
93 69
119 47
117 16
144 61
94 40
120 22
118 62
145 24
95 22
121 98
119 42
146 61
96 14
122 70
120 64
147 51
97 34
123 88
121 59
148 76
98 94
124 84
122 94
149 26
99 33
125 41
123 79
150 47
100 11
124 54
151 10
101 59
127 11
152 58
102 19
128 30
126 28
153 35
103 24
129 86
127 90
154 95
104 20
130 17
128 23
155 59
105 82
131 33
129 79
156 41
106 50
132 20
130 44
157 61
107 28
133 23
131 83
158 58
108 71
134 68
132 97
159 45
109 88
135 66
133 44
160 19
110 47
136 73
134 37
161 73
111 58
137 35
135 17
162 13
112 57
138 53
136 31
163 29
113 95
139 11
137 58
164 53
114 95
140 40
138 49
165 73
115 97
141 28
139 15
166 34
116 39
142 49
140 75
167 78
117 15
143 66
141 52
168 20
118 94
144 67
142 65
169 49
119 25
145 37
143 96
170 98
120 38
146 67
144 87
171 57
121 17
147 85
145 15
172 15
122 14
148 81
146 51
173 79
123 31
149 31
147 10
174 63
124 57
150 40
148 10
175 48
125 36
149 21
176 42
126 25
152 96
177 31
127 77
153 71
151 18
178 67
128 37
154 39
152 57
179 52
129 95
155 19
153 44
180 26
130 20
156 88
154 50
181 94
131 42
157 62
155 81
182 86
132 40
158 96
156 24
183 86
133 41
159 36
157 44
184 31
134 94
160 52
158 93
185 100
135 42
161 64
159 37
186 62
136 91
162 29
160 84
187 97
137 12
163 26
161 38
188 60
138 39
164 53
162 95
189 12
139 76
165 73
163 39
190 36
140 84
166 83
164 69
191 28
141 89
167 18
165 70
192 70
142 21
168 14
166 80
193 30
143 28
169 79
167 70
194 93
144 65
170 94
168 82
195 66
145 79
171 20
169 66
196 96
146 32
172 30
170 87
197 90
147 74
173 75
171 81
198 45
148 72
174 38
172 18
199 64
149 33
175 77
173 62
200 82
150 51
174 88
201 86
151 46
177 58
202 89
152 56
178 99
176 50
203 26
153 23
179 63
177 52
204 27
154 18
180 92
178 25
205 55
155 54
181 20
179 50
206 48
156 20
182 23
180 87
207 74
157 16
183 25
181 60
208 80
158 89
184 83
182 11
209 45
159 94
185 13
183 25
210 37
160 16
186 53
184 39
211 95
161 69
187 95
185 84
212 24
162 38
188 14
186 94
213 82
163 43
189 65
187 24
214 60
164 43
190 89
188 89
215 95
165 68
191 94
189 56
216 31
166 45
192 24
190 31
217 76
167 84
193 81
191 93
218 90
168 98
194 87
192 73
219 52
169 69
195 93
193 29
220 99
170 56
196 31
194 14
221 67
171 68
197 68
195 92
222 32
172 97
198 59
196 65
223 100
173 43
199 74
197 15
224 76
174 73
200 51
198 72
225 10
175 52
199 42
226 75
176 54
202 73
227 92
177 58
203 83
201 28
228 47
178 94
204 46
202 30
229 78
179 95
205 28
203 37
230 25
180 71
206 86
204 84
231 36
181 76
207 66
205 77
232 100
182 16
208 42
206 93
233 85
183 82
209 38
207 71
234 69
184 41
210 12
208 81
235 50
185 23
211 84
209 12
236 17
186 67
212 54
210 18
237 50
187 79
213 33
211 55
238 99
188 29
214 38
212 72
239 89
189 66
215 22
213 72
240 89
190 95
216 20
214 95
241 50
191 48
217 44
215 65
242 37
192 55
218 88
216 10
243 83
193 22
219 32
217 44
244 63
194 84
220 43
218 69
245 95
195 48
221 46
219 48
246 52
196 42
222 44
220 83
247 69
197 43
223 65
221 63
248 20
198 97
224 60
222 96
249 61
199 10
225 65
223 78
250 34
200 32
224 59
251 61
201 83
227 54
252 13
202 69
228 59
226 80
253 64
203 49
229 60
227 90
254 33
204 35
230 50
228 98
255 40
205 49
231 40
229 33
256 94
206 66
232 100
230 77
257 54
207 58
233 78
231 68
258 87
208 58
234 50
232 65
259 31
209 87
235 15
233 73
260 91
210 90
236 76
234 22
261 95
211 44
237 15
235 45
262 41
212 20
238 90
236 14
263 73
213 39
239 76
237 67
264 87
214 27
240 66
238 43
265 64
215 49
241 23
239 50
266 23
216 41
242 68
240 47
267 78
217 10
243 47
241 35
268 42
218 93
244 19
242 63
269 32
219 25
245 88
243 55
270 75
220 36
246 51
244 24
271 93
221 46
247 67
245 66
272 36
222 16
248 32
246 60
273 63
223 56
249 42
247 56
274 77
224 95
250 80
248 89
275 48
225 95
249 38
276 35
226 96
252 30
277 20
227 40
253 60
251 27
278 31
228 87
254 68
252 13
279 97
229 30
255 53
253 22
280 30
230 48
256 91
254 51
281 46
231 79
257 36
255 44
282 28
232 75
258 84
256 53
283 52
233 51
259 18
257 27
284 55
234 61
260 20
258 89
285 46
235 86
261 85
259 98
286 58
236 86
262 48
260 69
287 66
237 68
263 86
261 70
288 68
238 70
264 28
262 64
289 48
239 99
265 17
263 54
290 23
240 54
266 19
264 46
291 94
241 85
267 67
265 50
292 49
242 23
268 18
266 21
293 32
243 11
269 74
267 58
294 96
244 36
270 83
268 96
295 35
245 67
271 95
269 10
296 82
246 18
272 87
270 18
297 39
247 94
273 11
271 80
298 76
248 28
274 28
272 93
299 46
249 13
275 92
273 11
300 83
250 85
274 25
301 18
251 13
277 30
302 10
252 21
278 87
276 64
303 75
253 85
279 28
277 21
304 40
254 47
280 22
278 74
305 24
255 37
281 78
279 55
306 59
256 50
282 78
280 96
307 23
257 55
283 12
281 29
308 73
258 62
284 75
282 56
309 88
259 97
285 44
283 12
310 87
260 16
286 60
284 69
311 99
261 76
287 55
285 70
312 83
262 21
288 92
286 14
313 89
263 60
289 22
287 13
314 42
264 91
290 39
288 35
315 19
265 56
291 39
289 63
316 83
266 29
292 30
290 84
317 49
267 50
293 14
291 43
318 25
268 49
294 57
292 80
319 14
269 76
295 70
293 25
320 89
270 51
296 52
294 96
321 15
271 71
297 39
295 62
322 21
272 47
298 10
296 38
323 23
273 40
299 33
297 89
324 55
274 94
300 74
298 27
325 30
275 70
299 86
326 26
276 61
302 34
327 98
277 59
303 15
301 95
328 86
278 95
304 80
302 49
329 92
279 53
305 64
303 49
330 26
280 74
306 90
304 46
331 20
281 79
307 61
305 93
332 100
282 17
308 14
306 85
333 52
283 37
309 88
307 21
334 91
284 65
310 39
308 48
335 83
285 29
311 53
309 14
336 31
286 31
312 83
310 75
337 58
287 84
313 32
311 47
338 75
288 84
314 89
312 81
339 24
289 47
315 94
313 74
340 40
290 26
316 78
314 90
341 69
291 74
317 37
315 32
342 24
292 36
318 79
316 81
343 17
293 15
319 40
317 10
344 10
294 36
320 19
318 71
345 53
295 53
321 15
319 30
346 25
296 14
322 69
320 58
347 67
297 83
323 93
321 32
348 44
298 92
324 84
322 54
349 64
299 47
325 12
323 63
350 97
300 40
324 40
351 45
301 39
327 33
352 80
302 20
328 73
326 83
353 43
303 27
329 74
327 82
354 70
304 46
330 92
328 39
355 66
305 26
331 62
329 75
356 81
306 52
332 77
330 44
357 12
307 48
333 29
331 90
358 80
308 99
334 62
332 23
359 96
309 96
335 98
333 61
360 47
310 35
336 94
334 94
361 32
311 59
337 84
335 26
362 56
312 49
338 37
336 12
363 81
313 61
339 76
337 25
364 47
314 14
340 58
338 39
365 96
315 36
341 41
339 79
366 20
316 19
342 49
340 45
367 36
317 76
343 91
341 42
368 15
318 29
344 59
342 78
369 16
319 24
345 45
343 15
370 54
320 73
346 49
344 83
371 20
321 67
347 49
345 10
372 24
322 91
348 19
346 20
373 55
323 23
349 28
347 60
374 98
324 33
350 81
348 62
375 42
325 47
349 71
376 96
326 66
352 90
377 15
327 44
353 100
351 91
378 72
328 24
354 45
352 37
379 56
329 77
355 63
353 13
380 50
330 43
356 67
354 11
381 44
331 92
357 23
355 59
382 100
332 78
358 24
356 92
383 12
333 61
359 85
357 32
384 96
334 25
360 29
358 96
385 45
335 82
361 84
359 24
386 83
336 89
362 26
360 46
387 44
337 57
363 93
361 32
388 10
338 42
364 69
362 63
389 96
339 84
365 61
363 42
390 45
340 48
366 45
364 39
391 38
341 76
367 54
365 25
392 49
342 40
368 71
366 12
393 88
343 63
369 19
367 28
394 12
344 64
370 15
368 19
395 27
345 82
371 85
369 36
396 33
346 41
372 38
370 10
397 31
347 44
373 73
371 50
398 99
348 71
374 25
372 60
399 90
349 29
375 93
373 18
400 35
350 67
374 54
401 97
351 60
377 59
402 16
352 28
378 62
376 42
403 83
353 52
379 19
377 83
404 50
354 55
380 58
378 41
405 90
355 47
381 100
379 43
406 62
356 87
382 67
380 73
407 51
357 57
383 62
381 89
408 38
358 36
384 96
382 54
409 14
359 61
385 88
383 27
410 92
360 88
386 86
384 95
411 82
361 57
387 54
385 33
412 74
362 48
388 51
386 42
413 56
363 87
389 89
387 37
414 100
364 17
390 20
388 95
415 92
365 11
391 79
389 94
416 68
366 31
392 47
390 70
417 35
367 24
393 86
391 17
418 42
368 60
394 70
392 31
419 65
369 94
395 27
393 81
420 97
370 46
396 61
394 64
421 73
371 83
397 66
395 67
422 49
372 15
398 80
396 71
423 69
373 10
399 92
397 51
424 82
374 67
400 82
398 53
425 93
375 74
399 22
426 98
376 80
402 26
427 73
377 94
403 89
401 34
428 92
378 69
404 12
402 43
429 48
379 30
405 17
403 47
430 12
380 22
406 54
404 38
431 12
381 66
407 48
405 59
432 13
382 91
408 68
406 85
433 72
383 47
409 27
407 62
434 49
384 74
410 69
408 89
435 26
385 36
411 65
409 33
436 32
386 96
412 17
410 97
437 93
387 76
413 84
411 74
438 28
388 64
414 29
412 75
439 59
389 58
415 79
413 50
440 32
390 99
416 67
414 90
441 75
391 28
417 37
415 40
442 21
392 58
418 36
416 50
443 80
393 29
419 62
417 18
444 41
394 20
420 79
418 83
445 90
395 42
421 24
419 83
446 11
396 38
422 71
420 95
447 40
397 22
423 14
421 70
448 34
398 17
424 64
422 33
449 26
399 37
425 71
423 56
450 86
400 14
424 25
451 60
401 48
427 64
452 92
402 51
428 62
426 15
453 84
403 14
429 63
427 43
454 58
404 26
430 42
428 84
455 97
405 82
431 85
429 38
456 86
406 22
432 44
430 33
457 62
407 31
433 17
431 42
458 23
408 52
434 38
432 21
459 32
409 88
435 100
433 13
460 22
410 67
436 37
434 79
461 29
411 52
437 15
435 20
462 76
412 62
438 75
436 69
463 62
413 88
439 85
437 37
464 82
414 31
440 79
438 47
465 99
415 31
441 34
439 100
466 13
416 70
442 79
440 82
467 53
417 44
443 67
441 85
468 96
418 37
444 32
442 59
469 56
419 61
445 41
443 24
470 51
420 15
446 38
444 86
471 55
421 56
447 47
445 78
472 69
422 82
448 41
446 79
473 35
423 100
449 54
447 30
474 65
424 60
450 64
448 40
475 66
425 90
449 21
476 78
426 64
452 47
477 73
427 58
453 67
451 28
478 29
428 93
454 45
452 87
479 59
429 26
455 38
453 41
480 43
430 61
456 54
454 28
481 37
431 34
457 72
455 28
482 99
432 11
458 91
456 98
483 83
433 93
459 78
457 69
484 23
434 85
460 57
458 36
485 18
435 79
461 60
459 27
486 53
436 34
462 64
460 38
487 32
437 59
463 40
461 50
488 46
438 28
464 37
462 64
489 84
439 81
465 63
463 66
490 39
440 38
466 27
464 14
491 51
441 96
467 39
465 90
492 84
442 44
468 53
466 77
493 86
443 100
469 46
467 70
494 62
444 26
470 15
468 19
495 64
445 41
471 16
469 42
496 93
446 62
472 82
470 98
497 33
447 48
473 15
471 22
498 26
448 15
474 57
472 42
499 90
449 76
475 40
473 56
500 63
450 95
474 99
501 59
451 33
477 75
502 49
452 41
478 28
476 27
503 24
453 70
479 61
477 100
504 11
454 22
480 66
478 12
505 94
455 31
481 80
479 21
506 76
456 72
482 61
480 40
507 68
457 82
483 39
481 27
508 59
458 82
484 33
482 30
509 99
459 100
485 21
483 25
510 83
460 63
486 81
484 14
511 51
461 17
487 66
485 53
512 34
462 78
488 45
486 50
513 66
463 16
489 87
487 97
514 71
464 92
490 29
488 95
515 100
465 59
491 58
489 95
516 46
466 11
492 55
490 82
517 53
467 95
493 84
491 23
518 64
468 73
494 97
492 92
519 71
469 76
495 67
493 23
520 26
470 27
496 99
494 15
521 64
471 85
497 34
495 18
522 72
472 47
498 19
496 74
523 81
473 16
499 99
497 18
524 55
474 54
500 11
498 37
525 58
475 39
499 67
526 62
476 85
502 31
527 50
477 55
503 29
501 20
528 46
478 63
504 81
502 74
529 60
479 13
505 48
503 43
530 43
480 95
506 47
504 34
531 39
481 17
507 92
505 18
532 19
482 51
508 16
506 39
533 75
483 22
509 28
507 79
534 27
484 95
510 35
508 11
535 26
485 57
511 34
509 47
536 24
486 39
512 64
510 83
537 81
487 77
513 80
511 99
538 19
488 49
514 53
512 80
539 29
489 12
515 53
513 85
540 14
490 64
516 49
514 49
541 16
491 10
517 91
515 93
542 60
492 27
518 48
516 90
543 54
493 49
519 57
517 12
544 51
494 65
520 24
518 31
545 79
495 18
521 83
519 42
546 12
496 30
522 86
520 89
547 87
497 98
523 20
521 88
548 66
498 88
524 47
522 36
549 92
499 88
525 16
523 73
550 58
500 74
524 67
551 89
501 46
527 76
552 22
502 84
528 33
526 13
553 39
503 10
529 74
527 92
554 54
504 38
530 50
528 31
555 33
505 16
531 18
529 77
556 81
506 82
532 34
530 57
557 28
507 37
533 88
531 63
558 16
508 44
534 15
532 90
559 27
509 83
535 68
533 54
560 74
510 52
536 37
534 15
561 100
511 33
537 96
535 80
562 84
512 37
538 72
536 96
563 28
513 79
539 15
537 67
564 83
514 45
540 74
538 35
565 37
515 58
541 80
539 48
566 63
516 12
542 26
540 20
567 34
517 98
543 19
541 36
568 67
518 16
544 84
542 80
569 47
519 83
545 52
543 76
570 84
520 72
546 96
544 12
571 58
521 81
547 36
545 91
572 16
522 18
548 70
546 39
573 83
523 68
549 67
547 69
574 68
524 77
550 81
548 71
575 66
525 92
549 27
576 63
526 49
552 73
577 50
527 17
553 14
551 32
578 39
528 49
554 67
552 32
579 93
529 36
555 75
553 65
580 97
530 17
556 18
554 73
581 97
531 79
557 92
555 55
582 34
532 36
558 71
556 38
583 87
533 56
559 37
557 64
584 41
534 66
560 13
558 48
585 29
535 64
561 75
559 94
586 22
536 72
562 34
560 100
587 99
537 80
563 23
561 57
588 51
538 39
564 87
562 57
589 92
539 35
565 69
563 77
590 38
540 81
566 94
564 42
591 39
541 41
567 83
565 80
592 20
542 29
568 19
566 30
593 45
543 85
569 19
567 91
594 95
544 54
570 94
568 69
595 55
545 93
571 50
569 89
596 19
546 84
572 74
570 63
597 78
547 44
573 92
571 62
598 96
548 42
574 29
572 94
599 81
549 23
575 65
573 71
600 34
550 17
574 81
601 92
551 11
577 37
602 67
552 15
578 62
576 74
603 37
553 90
579 79
577 90
604 18
554 92
580 88
578 44
605 43
555 53
581 39
579 57
606 88
556 82
582 67
580 18
607 43
557 55
583 79
581 29
608 67
558 94
584 78
582 96
609 51
559 30
585 42
583 38
610 66
560 91
586 11
584 35
611 93
561 39
587 48
585 14
612 13
562 54
588 27
586 80
613 69
563 17
589 65
587 51
614 74
564 67
590 70
588 23
615 33
565 37
591 48
589 90
616 23
566 96
592 21
590 41
617 89
567 78
593 95
591 89
618 10
568 45
594 78
592 33
619 62
569 94
595 56
593 61
620 92
570 20
596 15
594 10
621 88
571 73
597 77
595 21
622 61
572 20
598 68
596 74
623 41
573 48
599 38
597 10
624 59
574 76
600 72
598 14
625 40
575 72
599 31
576 99
602 65
577 87
603 36
601 96
578 91
604 56
602 26
579 38
605 30
603 23
580 18
606 56
604 45
581 55
607 95
605 84
582 30
608 90
606 78
583 35
609 12
607 46
584 75
610 56
608 57
585 25
611 85
609 69
586 36
612 41
610 98
587 84
613 28
611 25
588 93
614 56
612 22
589 45
615 35
613 90
590 31
616 22
614 18
591 71
617 55
615 75
592 93
618 55
616 14
593 62
619 46
617 97
594 77
620 64
618 86
595 76
621 99
619 33
596 45
622 46
620 95
597 92
623 59
621 62
598 22
624 90
622 55
599 61
625 76
623 71
600 95
624 97
194
20
2 457 194 
3 551 101 57 
2 492 586 
1 232 
1 33 
1 221 
2 250 345 
2 290 181 
1 289 
3 624 528 520 
2 271 319 
1 87 
1 312 
4 330 306 192 220 
2 359 391 
1 284 
2 447 24 
1 124 
2 486 532 
3 48 72 540 
1 288 
2 66 254 
2 203 53 
1 10 
2 294 413 
2 471 464 
2 389 482 
2 209 223 
2 372 158 
1 571 
3 495 233 429 
2 506 234 
1 106 
2 592 507 
1 19 
2 180 468 
3 622 557 12 
3 279 349 170 
1 518 
1 237 
3 460 157 400 
2 95 275 
2 178 575 
1 189 
1 356 
2 222 62 
1 162 
2 559 465 
2 116 50 
1 212 
3 253 30 144 
2 324 115 
2 297 395 
3 374 215 370 
2 213 55 
1 52 
1 286 
2 123 104 
3 100 533 140 
2 126 25 
1 7 
4 80 98 29 89 
3 171 132 83 
2 18 364 
2 187 249 
3 301 564 531 
1 270 
1 576 
2 434 577 
1 122 
1 609 
1 313 
2 353 379 
2 174 601 
1 108 
1 159 
1 245 
2 34 563 
1 302 
2 82 545 
2 344 570 
2 421 521 
1 257 
2 142 161 
1 483 
1 511 
1 488 
2 269 610 
3 617 226 228 
3 390 510 366 
1 190 
1 239 
1 154 
1 315 
2 210 454 
1 304 
2 166 496 
1 322 
1 548 
3 196 425 36 
3 620 371 258 
1 438 
5 135 37 287 260 46 
1 410 
1 309 
1 229 
2 35 596 
3 146 585 256 
4 14 169 230 616 
2 358 21 
2 340 137 
3 450 524 241 
1 300 
2 593 28 
2 134 591 
3 153 498 452 
2 59 103 
3 117 556 20 
