196 728 10 100 37
2
3
3
3
3
3
3
3
3
3
3
3
3
2
3
4
4
4
4
4
4
4
4
4
4
4
4
3
3
4
4
4
4
4
4
4
4
4
4
4
4
3
3
4
4
4
4
4
4
4
4
4
4
4
4
3
3
4
4
4
4
4
4
4
4
4
4
4
4
3
3
4
4
4
4
4
4
4
4
4
4
4
4
3
3
4
4
4
4
4
4
4
4
4
4
4
4
3
3
4
4
4
4
4
4
4
4
4
4
4
4
3
3
4
4
4
4
4
4
4
4
4
4
4
4
3
3
4
4
4
4
4
4
4
4
4
4
4
4
3
3
4
4
4
4
4
4
4
4
4
4
4
4
3
3
4
4
4
4
4
4
4
4
4
4
4
4
3
3
4
4
4
4
4
4
4
4
4
4
4
4
3
2
3
3
3
3
3
3
3
3
3
3
3
3
2
15 18
2 29
16 42
3 96
1 83
17 40
4 35
2 50
18 42
5 25
3 73
19 29
6 82
4 20
20 41
7 75
5 64
21 92
8 47
6 97
22 15
9 85
7 66
23 88
10 38
8 35
24 48
11 44
9 40
25 65
12 48
10 96
26 90
13 53
11 21
27 52
14 84
12 46
28 20
13 34
29 99
1 74
16 86
30 18
2 51
17 27
15 10
31 24
3 55
18 11
16 39
32 37
4 10
19 79
17 43
33 17
5 69
20 63
18 58
34 97
6 26
21 18
19 10
35 81
7 77
22 50
20 77
36 62
8 58
23 65
21 24
37 98
9 25
24 42
22 79
38 98
10 81
25 14
23 16
39 77
11 21
26 94
24 18
40 46
12 81
27 41
25 85
41 63
13 13
28 68
26 64
42 29
14 44
27 87
43 51
15 66
30 90
44 25
16 62
31 81
29 83
45 41
17 90
32 66
30 26
46 51
18 91
33 91
31 34
47 13
19 78
34 67
32 14
48 42
20 39
35 47
33 92
49 51
21 51
36 55
34 99
50 81
22 100
37 70
35 54
51 22
23 19
38 41
36 55
52 68
24 15
39 67
37 89
53 98
25 69
40 70
38 13
54 79
26 10
41 60
39 68
55 20
27 54
42 77
40 37
56 94
28 38
41 48
57 77
29 84
44 88
58 81
30 50
45 29
43 14
59 19
31 90
46 48
44 79
60 51
32 95
47 43
45 70
61 27
33 42
48 50
46 40
62 18
34 63
49 39
47 85
63 57
35 11
50 96
48 49
64 31
36 87
51 57
49 99
65 91
37 50
52 37
50 76
66 42
38 50
53 22
51 82
67 79
39 50
54 58
52 83
68 46
40 99
55 15
53 85
69 57
41 46
56 85
54 32
70 51
42 38
55 17
71 89
43 17
58 21
72 11
44 20
59 56
57 73
73 100
45 89
60 84
58 58
74 11
46 59
61 94
59 43
75 77
47 73
62 73
60 14
76 70
48 82
63 36
61 12
77 48
49 33
64 81
62 20
78 36
50 63
65 27
63 73
79 75
51 50
66 52
64 78
80 52
52 57
67 26
65 26
81 97
53 45
68 42
66 11
82 73
54 80
69 38
67 87
83 39
55 45
70 63
68 74
84 82
56 76
69 62
85 51
57 55
72 67
86 73
58 33
73 57
71 70
87 32
59 70
74 37
72 34
88 44
60 64
75 54
73 10
89 44
61 35
76 12
74 72
90 33
62 96
77 19
75 84
91 21
63 58
78 99
76 30
92 100
64 100
79 26
77 48
93 92
65 93
80 16
78 51
94 21
66 29
81 37
79 87
95 31
67 99
82 15
80 70
96 54
68 92
83 80
81 20
97 28
69 98
84 87
82 12
98 23
70 45
83 92
99 55
71 55
86 29
100 80
72 57
87 35
85 90
101 53
73 58
88 41
86 61
102 35
74 13
89 10
87 71
103 74
75 42
90 93
88 61
104 62
76 67
91 37
89 100
105 78
77 11
92 85
90 56
106 74
78 21
93 42
91 37
107 83
79 49
94 55
92 37
108 87
80 77
95 27
93 62
109 22
81 48
96 54
94 25
110 48
82 32
97 53
95 52
111 65
83 30
98 25
96 99
112 100
84 13
97 64
113 59
85 81
100 52
114 11
86 93
101 55
99 92
115 80
87 75
102 83
100 34
116 12
88 40
103 23
101 23
117 35
89 66
104 80
102 50
118 65
90 46
105 51
103 72
119 56
91 79
106 45
104 70
120 32
92 35
107 88
105 76
121 17
93 46
108 64
106 83
122 29
94 50
109 91
107 81
123 99
95 50
110 20
108 84
124 96
96 16
111 92
109 40
125 59
97 66
112 42
110 79
126 31
98 13
111 23
127 98
99 26
114 31
128 75
100 96
115 72
113 87
129 15
101 15
116 79
114 55
130 65
102 17
117 90
115 24
131 76
103 79
118 91
116 48
132 83
104 16
119 15
117 98
133 15
105 37
120 70
118 73
134 25
106 60
121 92
119 76
135 67
107 67
122 41
120 41
136 62
108 44
123 46
121 34
137 17
109 53
124 60
122 36
138 77
110 13
125 44
123 88
139 27
111 55
126 89
124 62
140 33
112 83
125 13
141 13
113 29
128 78
142 16
114 25
129 95
127 20
143 38
115 90
130 70
128 76
144 12
116 73
131 23
129 30
145 85
117 53
132 83
130 36
146 22
118 47
133 34
131 43
147 91
119 97
134 18
132 40
148 76
120 17
135 92
133 100
149 85
121 92
136 19
134 36
150 98
122 83
137 30
135 81
151 92
123 47
138 92
136 88
152 98
124 97
139 41
137 87
153 10
125 56
140 10
138 14
154 56
126 75
139 12
155 44
127 15
142 57
156 60
128 13
143 80
141 39
157 88
129 10
144 33
142 15
158 78
130 75
145 53
143 19
159 65
131 31
146 78
144 29
160 51
132 23
147 37
145 75
161 61
133 45
148 65
146 47
162 49
134 15
149 25
147 79
163 17
135 20
150 39
148 86
164 24
136 53
151 12
149 77
165 12
137 58
152 41
150 99
166 12
138 90
153 39
151 32
167 11
139 48
154 86
152 38
168 28
140 47
153 32
169 13
141 42
156 90
170 99
142 88
157 22
155 97
171 96
143 38
158 79
156 93
172 77
144 97
159 59
157 71
173 10
145 29
160 91
158 78
174 47
146 65
161 92
159 65
175 15
147 41
162 14
160 42
176 36
148 68
163 48
161 87
177 26
149 70
164 31
162 85
178 99
150 49
165 51
163 56
179 66
151 69
166 56
164 58
180 100
152 39
167 66
165 17
181 17
153 14
168 51
166 27
182 84
154 72
167 53
183 45
155 41
170 55
184 62
156 85
171 79
169 77
185 17
157 38
172 31
170 10
186 44
158 67
173 42
171 78
187 91
159 90
174 47
172 36
188 92
160 24
175 52
173 68
189 59
161 35
176 55
174 19
190 36
162 20
177 57
175 19
191 35
163 83
178 91
176 34
192 25
164 54
179 15
177 13
193 74
165 93
180 31
178 49
194 40
166 11
181 26
179 58
195 47
167 42
182 56
180 89
196 27
168 50
181 13
169 23
184 39
170 77
185 54
183 91
171 33
186 70
184 100
172 15
187 22
185 39
173 75
188 87
186 86
174 64
189 44
187 67
175 84
190 55
188 76
176 66
191 83
189 34
177 24
192 75
190 48
178 54
193 89
191 19
179 51
194 37
192 76
180 14
195 72
193 77
181 82
196 95
194 65
182 65
195 95
179
4
1 179 
2 29 22 
2 51 64 
1 110 
2 151 141 
1 72 
1 7 
3 79 168 59 
1 121 
3 174 48 100 
2 92 122 
2 181 42 
4 166 65 40 160 
1 94 
2 155 125 
1 41 
1 95 
1 52 
2 112 153 
1 13 
1 136 
1 154 
1 25 
2 146 45 
3 175 159 73 
4 26 35 18 75 
2 61 185 
3 85 156 123 
4 16 193 142 183 
1 3 
3 103 186 49 
1 55 
2 1 2 
1 70 
1 11 
1 147 
3 38 74 4 
