400 1520 10 100 76
2
3
3
3
3
3
3
3
3
3
3
3
3
3
3
3
3
3
3
2
3
4
4
4
4
4
4
4
4
4
4
4
4
4
4
4
4
4
4
3
3
4
4
4
4
4
4
4
4
4
4
4
4
4
4
4
4
4
4
3
3
4
4
4
4
4
4
4
4
4
4
4
4
4
4
4
4
4
4
3
3
4
4
4
4
4
4
4
4
4
4
4
4
4
4
4
4
4
4
3
3
4
4
4
4
4
4
4
4
4
4
4
4
4
4
4
4
4
4
3
3
4
4
4
4
4
4
4
4
4
4
4
4
4
4
4
4
4
4
3
3
4
4
4
4
4
4
4
4
4
4
4
4
4
4
4
4
4
4
3
3
4
4
4
4
4
4
4
4
4
4
4
4
4
4
4
4
4
4
3
3
4
4
4
4
4
4
4
4
4
4
4
4
4
4
4
4
4
4
3
3
4
4
4
4
4
4
4
4
4
4
4
4
4
4
4
4
4
4
3
3
4
4
4
4
4
4
4
4
4
4
4
4
4
4
4
4
4
4
3
3
4
4
4
4
4
4
4
4
4
4
4
4
4
4
4
4
4
4
3
3
4
4
4
4
4
4
4
4
4
4
4
4
4
4
4
4
4
4
3
3
4
4
4
4
4
4
4
4
4
4
4
4
4
4
4
4
4
4
3
3
4
4
4
4
4
4
4
4
4
4
4
4
4
4
4
4
4
4
3
3
4
4
4
4
4
4
4
4
4
4
4
4
4
4
4
4
4
4
3
3
4
4
4
4
4
4
4
4
4
4
4
4
4
4
4
4
4
4
3
3
4
4
4
4
4
4
4
4
4
4
4
4
4
4
4
4
4
4
3
2
3
3
3
3
3
3
3
3
3
3
3
3
3
3
3
3
3
3
2
21 10
2 29
22 81
3 43
1 14
23 94
4 87
2 45
24 93
5 45
3 80
25 20
6 75
4 15
26 63
7 18
5 50
27 70
8 45
6 39
28 34
9 71
7 63
29 93
10 75
8 12
30 21
11 78
9 90
31 23
12 82
10 10
32 78
13 75
11 65
33 65
14 91
12 56
34 61
15 48
13 26
35 41
16 68
14 48
36 16
17 37
15 96
37 55
18 35
16 46
38 97
19 24
17 76
39 40
20 80
18 67
40 30
19 19
41 50
1 44
22 98
42 31
2 80
23 13
21 65
43 84
3 95
24 75
22 81
44 27
4 82
25 65
23 66
45 28
5 82
26 70
24 83
46 74
6 31
27 33
25 67
47 93
7 84
28 48
26 87
48 68
8 36
29 88
27 70
49 44
9 70
30 63
28 63
50 90
10 87
31 93
29 42
51 92
11 36
32 33
30 38
52 72
12 44
33 32
31 53
53 49
13 96
34 96
32 22
54 97
14 37
35 35
33 25
55 79
15 60
36 97
34 41
56 72
16 17
37 48
35 23
57 17
17 39
38 18
36 57
58 70
18 54
39 38
37 44
59 42
19 26
40 37
38 76
60 33
20 12
39 91
61 51
21 90
42 30
62 76
22 51
43 94
41 52
63 74
23 66
44 44
42 64
64 70
24 48
45 54
43 43
65 29
25 36
46 23
44 14
66 35
26 65
47 10
45 27
67 27
27 73
48 42
46 12
68 36
28 61
49 27
47 10
69 11
29 73
50 84
48 93
70 68
30 78
51 49
49 50
71 50
31 22
52 85
50 90
72 54
32 45
53 68
51 23
73 95
33 25
54 42
52 38
74 78
34 46
55 90
53 68
75 13
35 57
56 14
54 61
76 22
36 82
57 24
55 97
77 57
37 76
58 35
56 63
78 62
38 69
59 61
57 97
79 100
39 63
60 99
58 91
80 48
40 42
59 53
81 17
41 55
62 49
82 53
42 29
63 42
61 49
83 100
43 53
64 12
62 22
84 63
44 72
65 19
63 15
85 92
45 18
66 10
64 99
86 54
46 33
67 79
65 62
87 51
47 71
68 99
66 98
88 20
48 18
69 93
67 60
89 84
49 55
70 36
68 86
90 40
50 77
71 68
69 27
91 16
51 55
72 59
70 16
92 70
52 88
73 10
71 22
93 41
53 11
74 45
72 99
94 35
54 48
75 36
73 94
95 48
55 26
76 25
74 88
96 92
56 96
77 25
75 72
97 38
57 17
78 73
76 40
98 71
58 68
79 48
77 57
99 24
59 60
80 71
78 87
100 14
60 95
79 47
101 12
61 99
82 40
102 60
62 87
83 11
81 32
103 21
63 82
84 76
82 81
104 43
64 63
85 65
83 51
105 94
65 56
86 75
84 26
106 81
66 30
87 13
85 61
107 100
67 95
88 32
86 62
108 60
68 97
89 22
87 81
109 14
69 22
90 94
88 22
110 43
70 61
91 65
89 18
111 95
71 66
92 15
90 14
112 52
72 83
93 10
91 10
113 25
73 81
94 61
92 65
114 10
74 21
95 34
93 54
115 74
75 22
96 60
94 20
116 61
76 17
97 77
95 93
117 94
77 47
98 14
96 95
118 87
78 70
99 74
97 61
119 76
79 85
100 45
98 57
120 45
80 33
99 69
121 23
81 16
102 98
122 99
82 27
103 12
101 85
123 12
83 95
104 82
102 49
124 83
84 97
105 76
103 52
125 51
85 85
106 71
104 53
126 46
86 81
107 31
105 21
127 64
87 16
108 89
106 45
128 77
88 19
109 72
107 11
129 10
89 27
110 68
108 73
130 12
90 33
111 21
109 82
131 72
91 27
112 69
110 48
132 67
92 65
113 83
111 81
133 60
93 41
114 64
112 19
134 81
94 66
115 69
113 28
135 23
95 71
116 36
114 35
136 88
96 49
117 44
115 61
137 37
97 99
118 61
116 79
138 10
98 28
119 33
117 55
139 25
99 48
120 10
118 48
140 79
100 18
119 14
141 41
101 15
122 80
142 47
102 58
123 36
121 81
143 22
103 70
124 80
122 15
144 57
104 83
125 26
123 84
145 41
105 19
126 30
124 77
146 71
106 14
127 13
125 47
147 61
107 40
128 22
126 88
148 15
108 60
129 30
127 41
149 17
109 64
130 76
128 80
150 87
110 36
131 23
129 88
151 68
111 82
132 74
130 95
152 10
112 89
133 16
131 94
153 18
113 79
134 64
132 77
154 93
114 21
135 16
133 96
155 66
115 90
136 16
134 29
156 65
116 53
137 91
135 91
157 100
117 46
138 72
136 72
158 36
118 97
139 27
137 49
159 30
119 78
140 27
138 32
160 70
120 22
139 97
161 22
121 92
142 88
162 82
122 35
143 97
141 66
163 44
123 63
144 20
142 81
164 12
124 34
145 65
143 56
165 91
125 13
146 40
144 89
166 89
126 27
147 54
145 17
167 67
127 23
148 19
146 55
168 32
128 86
149 91
147 40
169 84
129 52
150 10
148 63
170 70
130 63
151 50
149 37
171 16
131 46
152 85
150 90
172 30
132 68
153 71
151 52
173 63
133 21
154 91
152 53
174 43
134 24
155 32
153 43
175 22
135 49
156 20
154 62
176 94
136 14
157 97
155 66
177 91
137 27
158 99
156 92
178 10
138 71
159 41
157 97
179 27
139 93
160 76
158 46
180 69
140 51
159 22
181 20
141 38
162 21
182 26
142 17
163 20
161 32
183 91
143 14
164 39
162 35
184 55
144 17
165 51
163 34
185 15
145 64
166 84
164 49
186 66
146 66
167 38
165 14
187 74
147 95
168 82
166 57
188 35
148 95
169 75
167 29
189 19
149 39
170 48
168 58
190 31
150 18
171 88
169 82
191 98
151 71
172 56
170 52
192 30
152 15
173 27
171 93
193 94
153 65
174 39
172 61
194 55
154 28
175 81
173 65
195 88
155 18
176 14
174 63
196 50
156 68
177 19
175 25
197 63
157 95
178 12
176 100
198 26
158 54
179 56
177 48
199 29
159 66
180 88
178 93
200 63
160 25
179 19
201 32
161 65
182 40
202 27
162 61
183 65
181 40
203 71
163 45
184 71
182 19
204 24
164 55
185 47
183 25
205 80
165 82
186 100
184 61
206 39
166 67
187 18
185 32
207 57
167 26
188 57
186 73
208 40
168 39
189 40
187 31
209 26
169 33
190 41
188 50
210 24
170 14
191 79
189 91
211 64
171 73
192 79
190 75
212 48
172 15
193 89
191 10
213 27
173 66
194 66
192 60
214 34
174 33
195 81
193 30
215 85
175 65
196 47
194 74
216 53
176 87
197 10
195 20
217 12
177 60
198 88
196 41
218 86
178 82
199 22
197 53
219 66
179 46
200 73
198 99
220 11
180 83
199 26
221 76
181 31
202 42
222 96
182 62
203 95
201 20
223 46
183 52
204 56
202 38
224 91
184 97
205 68
203 89
225 85
185 70
206 86
204 16
226 66
186 50
207 93
205 77
227 29
187 19
208 31
206 39
228 82
188 97
209 64
207 32
229 73
189 87
210 29
208 100
230 49
190 78
211 37
209 81
231 42
191 64
212 38
210 24
232 40
192 71
213 16
211 79
233 89
193 28
214 10
212 53
234 95
194 64
215 49
213 93
235 49
195 78
216 54
214 14
236 80
196 28
217 48
215 82
237 22
197 98
218 10
216 95
238 82
198 68
219 44
217 89
239 62
199 13
220 48
218 78
240 31
200 41
219 13
241 84
201 84
222 56
242 76
202 84
223 52
221 81
243 45
203 89
224 28
222 67
244 27
204 67
225 10
223 79
245 79
205 89
226 63
224 11
246 37
206 68
227 100
225 78
247 77
207 44
228 25
226 33
248 72
208 10
229 15
227 14
249 37
209 70
230 81
228 81
250 29
210 46
231 66
229 78
251 52
211 51
232 43
230 75
252 54
212 41
233 98
231 60
253 38
213 25
234 72
232 86
254 60
214 56
235 10
233 41
255 14
215 27
236 55
234 26
256 75
216 35
237 11
235 28
257 12
217 82
238 95
236 86
258 27
218 32
239 54
237 72
259 34
219 98
240 46
238 63
260 16
220 39
239 18
261 41
221 47
242 74
262 74
222 19
243 32
241 48
263 71
223 68
244 59
242 79
264 96
224 86
245 83
243 35
265 25
225 54
246 92
244 74
266 44
226 79
247 82
245 81
267 32
227 56
248 90
246 33
268 46
228 85
249 73
247 11
269 41
229 84
250 25
248 56
270 84
230 53
251 18
249 10
271 87
231 54
252 10
250 32
272 22
232 79
253 89
251 95
273 79
233 89
254 74
252 93
274 90
234 57
255 34
253 31
275 39
235 30
256 62
254 87
276 57
236 17
257 60
255 90
277 40
237 67
258 28
256 27
278 84
238 19
259 82
257 24
279 84
239 20
260 17
258 81
280 58
240 15
259 73
281 20
241 10
262 84
282 45
242 22
263 43
261 16
283 43
243 89
264 56
262 92
284 47
244 44
265 96
263 46
285 20
245 77
266 58
264 15
286 92
246 52
267 94
265 65
287 35
247 91
268 81
266 74
288 98
248 74
269 49
267 18
289 11
249 96
270 11
268 53
290 87
250 77
271 83
269 13
291 45
251 32
272 40
270 75
292 50
252 80
273 19
271 62
293 25
253 57
274 73
272 48
294 61
254 63
275 87
273 97
295 58
255 56
276 62
274 82
296 100
256 23
277 20
275 90
297 65
257 84
278 90
276 80
298 98
258 45
279 91
277 85
299 31
259 44
280 13
278 43
300 74
260 23
279 94
301 23
261 11
282 57
302 93
262 31
283 86
281 41
303 19
263 60
284 40
282 89
304 29
264 59
285 30
283 47
305 74
265 82
286 25
284 90
306 18
266 89
287 93
285 47
307 28
267 49
288 77
286 69
308 26
268 12
289 65
287 51
309 62
269 61
290 42
288 33
310 45
270 19
291 54
289 70
311 74
271 65
292 26
290 24
312 17
272 28
293 72
291 34
313 20
273 88
294 81
292 74
314 19
274 48
295 36
293 80
315 44
275 74
296 68
294 87
316 79
276 54
297 23
295 38
317 64
277 58
298 63
296 87
318 98
278 83
299 74
297 36
319 18
279 49
300 85
298 97
320 79
280 52
299 83
321 99
281 59
302 31
322 50
282 98
303 96
301 17
323 29
283 42
304 53
302 74
324 27
284 75
305 40
303 49
325 100
285 35
306 30
304 73
326 48
286 29
307 35
305 27
327 27
287 89
308 88
306 33
328 82
288 71
309 73
307 11
329 84
289 36
310 36
308 63
330 53
290 100
311 89
309 99
331 71
291 80
312 96
310 51
332 60
292 50
313 83
311 70
333 79
293 100
314 90
312 83
334 25
294 51
315 89
313 53
335 75
295 16
316 54
314 13
336 99
296 63
317 44
315 22
337 53
297 38
318 21
316 57
338 60
298 57
319 100
317 84
339 92
299 99
320 79
318 34
340 12
300 87
319 82
341 58
301 73
322 11
342 91
302 23
323 51
321 24
343 65
303 45
324 11
322 35
344 29
304 83
325 34
323 16
345 29
305 42
326 28
324 46
346 39
306 78
327 41
325 40
347 72
307 10
328 56
326 40
348 90
308 19
329 82
327 41
349 90
309 93
330 94
328 73
350 37
310 65
331 74
329 44
351 98
311 14
332 41
330 32
352 29
312 31
333 13
331 96
353 92
313 42
334 48
332 47
354 30
314 25
335 75
333 37
355 59
315 99
336 76
334 48
356 37
316 19
337 63
335 42
357 56
317 100
338 23
336 22
358 34
318 20
339 90
337 72
359 71
319 29
340 66
338 48
360 13
320 25
339 32
361 85
321 49
342 64
362 68
322 43
343 52
341 16
363 56
323 99
344 36
342 58
364 40
324 84
345 26
343 82
365 26
325 40
346 97
344 95
366 72
326 68
347 96
345 93
367 32
327 63
348 37
346 12
368 61
328 74
349 63
347 17
369 14
329 96
350 71
348 88
370 29
330 20
351 71
349 30
371 79
331 83
352 50
350 39
372 16
332 15
353 19
351 93
373 79
333 18
354 87
352 77
374 11
334 99
355 65
353 65
375 19
335 78
356 20
354 80
376 78
336 14
357 26
355 35
377 58
337 88
358 67
356 40
378 68
338 99
359 29
357 15
379 30
339 53
360 60
358 35
380 30
340 17
359 79
381 27
341 72
362 28
382 42
342 86
363 14
361 31
383 89
343 40
364 53
362 66
384 68
344 28
365 12
363 25
385 79
345 13
366 12
364 98
386 39
346 12
367 89
365 12
387 10
347 32
368 88
366 70
388 53
348 26
369 16
367 100
389 26
349 71
370 42
368 16
390 93
350 19
371 43
369 77
391 60
351 16
372 40
370 11
392 49
352 13
373 51
371 30
393 17
353 90
374 78
372 48
394 32
354 75
375 88
373 87
395 82
355 82
376 66
374 82
396 21
356 65
377 84
375 77
397 96
357 44
378 72
376 37
398 71
358 79
379 95
377 64
399 47
359 28
380 58
378 49
400 94
360 80
379 92
361 68
382 15
362 48
383 14
381 40
363 95
384 23
382 71
364 93
385 15
383 90
365 91
386 55
384 100
366 28
387 96
385 62
367 28
388 81
386 93
368 27
389 65
387 40
369 44
390 100
388 84
370 62
391 27
389 32
371 75
392 99
390 55
372 30
393 33
391 16
373 41
394 14
392 28
374 74
395 46
393 70
375 63
396 13
394 55
376 18
397 67
395 11
377 33
398 27
396 20
378 47
399 25
397 50
379 29
400 55
398 22
380 95
399 58
356
177
2 353 356 
2 127 104 
3 29 75 136 
1 147 
2 98 340 
2 48 240 
2 205 376 
2 233 139 
2 344 106 
1 232 
1 58 
1 314 
2 263 186 
2 335 295 
3 78 281 338 
1 254 
2 71 124 
2 192 24 
1 272 
2 227 114 
1 191 
1 197 
2 52 128 
1 51 
3 357 175 166 
1 69 
1 132 
1 169 
1 87 
2 108 369 
1 203 
2 267 194 
2 38 332 
3 210 31 195 
2 115 213 
2 384 383 
1 206 
1 324 
1 130 
3 211 260 381 
4 60 168 72 174 
2 293 140 
3 236 36 271 
3 118 22 117 
1 207 
3 222 226 249 
2 220 366 
2 122 180 
1 61 
1 111 
3 256 323 331 
1 291 
1 43 
1 282 
2 30 40 
2 76 94 
3 322 346 268 
2 134 11 
4 176 138 215 320 
2 45 355 
4 280 97 74 318 
1 125 
1 199 
1 162 
1 217 
1 82 
4 170 44 342 218 
2 305 64 
2 146 56 
1 46 
2 143 275 
1 101 
2 239 301 
2 286 53 
3 265 34 196 
1 177 
