196 728 10 100 37
2
3
3
3
3
3
3
3
3
3
3
3
3
2
3
4
4
4
4
4
4
4
4
4
4
4
4
3
3
4
4
4
4
4
4
4
4
4
4
4
4
3
3
4
4
4
4
4
4
4
4
4
4
4
4
3
3
4
4
4
4
4
4
4
4
4
4
4
4
3
3
4
4
4
4
4
4
4
4
4
4
4
4
3
3
4
4
4
4
4
4
4
4
4
4
4
4
3
3
4
4
4
4
4
4
4
4
4
4
4
4
3
3
4
4
4
4
4
4
4
4
4
4
4
4
3
3
4
4
4
4
4
4
4
4
4
4
4
4
3
3
4
4
4
4
4
4
4
4
4
4
4
4
3
3
4
4
4
4
4
4
4
4
4
4
4
4
3
3
4
4
4
4
4
4
4
4
4
4
4
4
3
2
3
3
3
3
3
3
3
3
3
3
3
3
2
15 42
2 29
16 18
3 88
1 73
17 45
4 78
2 20
18 33
5 47
3 27
19 22
6 94
4 33
20 80
7 62
5 68
21 62
8 20
6 69
22 77
9 98
7 16
23 100
10 62
8 82
24 96
11 32
9 29
25 89
12 77
10 90
26 97
13 14
11 22
27 87
14 35
12 56
28 63
13 86
29 10
1 12
16 44
30 77
2 95
17 58
15 59
31 17
3 10
18 50
16 19
32 15
4 74
19 61
17 25
33 92
5 37
20 83
18 80
34 47
6 89
21 98
19 78
35 25
7 79
22 63
20 67
36 57
8 55
23 70
21 38
37 100
9 13
24 82
22 13
38 84
10 76
25 66
23 11
39 47
11 15
26 85
24 95
40 89
12 56
27 99
25 71
41 51
13 63
28 44
26 66
42 68
14 49
27 29
43 69
15 57
30 17
44 88
16 36
31 13
29 46
45 28
17 26
32 86
30 57
46 90
18 50
33 41
31 92
47 92
19 75
34 23
32 17
48 51
20 98
35 23
33 85
49 58
21 98
36 74
34 90
50 19
22 13
37 47
35 63
51 50
23 22
38 26
36 14
52 65
24 46
39 66
37 72
53 78
25 31
40 31
38 91
54 91
26 21
41 17
39 11
55 59
27 94
42 72
40 88
56 41
28 60
41 66
57 20
29 25
44 71
58 16
30 21
45 98
43 75
59 33
31 53
46 25
44 78
60 78
32 64
47 53
45 69
61 64
33 19
48 70
46 33
62 16
34 36
49 40
47 29
63 56
35 30
50 30
48 29
64 39
36 85
51 92
49 17
65 81
37 98
52 87
50 56
66 22
38 65
53 59
51 33
67 91
39 66
54 30
52 40
68 63
40 47
55 51
53 26
69 49
41 50
56 31
54 79
70 89
42 36
55 30
71 60
43 33
58 70
72 11
44 19
59 70
57 59
73 11
45 65
60 34
58 10
74 59
46 22
61 68
59 45
75 85
47 60
62 85
60 16
76 75
48 11
63 37
61 80
77 70
49 90
64 31
62 68
78 36
50 47
65 79
63 36
79 98
51 30
66 11
64 70
80 43
52 89
67 21
65 81
81 35
53 12
68 93
66 45
82 73
54 12
69 38
67 54
83 52
55 62
70 72
68 88
84 28
56 84
69 54
85 10
57 55
72 49
86 81
58 89
73 20
71 31
87 53
59 18
74 21
72 43
88 45
60 38
75 55
73 83
89 67
61 98
76 67
74 39
90 67
62 96
77 70
75 35
91 67
63 30
78 17
76 95
92 14
64 10
79 51
77 15
93 86
65 11
80 82
78 93
94 80
66 67
81 33
79 84
95 23
67 49
82 67
80 87
96 10
68 52
83 78
81 77
97 15
69 13
84 77
82 85
98 88
70 69
83 86
99 59
71 86
86 26
100 40
72 97
87 40
85 51
101 42
73 95
88 44
86 75
102 88
74 87
89 81
87 14
103 48
75 48
90 52
88 38
104 19
76 41
91 53
89 61
105 97
77 52
92 71
90 32
106 36
78 34
93 33
91 77
107 87
79 21
94 11
92 21
108 52
80 72
95 15
93 99
109 92
81 82
96 50
94 39
110 76
82 99
97 95
95 37
111 99
83 40
98 62
96 73
112 61
84 37
97 43
113 29
85 78
100 57
114 51
86 85
101 16
99 100
115 19
87 77
102 95
100 84
116 28
88 80
103 23
101 65
117 63
89 95
104 31
102 71
118 75
90 55
105 87
103 63
119 36
91 57
106 37
104 63
120 97
92 15
107 67
105 40
121 42
93 34
108 61
106 72
122 42
94 32
109 88
107 63
123 75
95 53
110 39
108 63
124 23
96 35
111 36
109 15
125 21
97 41
112 78
110 22
126 56
98 27
111 93
127 31
99 49
114 62
128 73
100 38
115 51
113 30
129 44
101 64
116 76
114 53
130 46
102 68
117 98
115 54
131 19
103 96
118 17
116 99
132 98
104 72
119 27
117 70
133 40
105 25
120 54
118 45
134 74
106 28
121 54
119 40
135 69
107 92
122 94
120 37
136 75
108 39
123 75
121 50
137 84
109 86
124 42
122 44
138 59
110 14
125 58
123 27
139 35
111 42
126 25
124 40
140 89
112 70
125 83
141 85
113 57
128 59
142 18
114 65
129 54
127 36
143 58
115 76
130 65
128 64
144 92
116 42
131 13
129 100
145 51
117 29
132 40
130 33
146 18
118 37
133 49
131 51
147 76
119 37
134 19
132 96
148 11
120 83
135 84
133 59
149 95
121 64
136 18
134 48
150 25
122 35
137 87
135 80
151 37
123 99
138 82
136 30
152 99
124 69
139 48
137 25
153 14
125 39
140 75
138 24
154 11
126 71
139 69
155 39
127 40
142 25
156 90
128 57
143 33
141 15
157 38
129 43
144 13
142 78
158 65
130 25
145 15
143 12
159 96
131 76
146 51
144 82
160 73
132 72
147 15
145 55
161 33
133 20
148 43
146 32
162 50
134 53
149 18
147 51
163 84
135 69
150 90
148 36
164 43
136 10
151 34
149 28
165 70
137 69
152 31
150 52
166 36
138 56
153 33
151 16
167 96
139 26
154 95
152 62
168 52
140 55
153 21
169 97
141 37
156 73
170 38
142 73
157 57
155 63
171 91
143 26
158 56
156 17
172 38
144 53
159 76
157 24
173 62
145 74
160 24
158 68
174 58
146 16
161 46
159 99
175 97
147 100
162 92
160 28
176 62
148 94
163 35
161 22
177 65
149 89
164 57
162 80
178 21
150 33
165 60
163 44
179 100
151 63
166 89
164 97
180 66
152 82
167 48
165 99
181 92
153 82
168 32
166 38
182 33
154 22
167 15
183 66
155 98
170 68
184 69
156 47
171 54
169 40
185 69
157 20
172 96
170 78
186 97
158 45
173 63
171 25
187 27
159 17
174 46
172 57
188 17
160 34
175 68
173 77
189 47
161 99
176 40
174 14
190 43
162 54
177 60
175 68
191 23
163 55
178 65
176 88
192 66
164 92
179 93
177 22
193 78
165 75
180 96
178 56
194 21
166 56
181 61
179 44
195 10
167 72
182 13
180 71
196 71
168 70
181 81
169 51
184 47
170 64
185 77
183 86
171 28
186 49
184 26
172 12
187 65
185 71
173 29
188 53
186 76
174 32
189 31
187 63
175 33
190 30
188 43
176 92
191 44
189 72
177 40
192 95
190 77
178 74
193 23
191 74
179 19
194 67
192 31
180 34
195 48
193 44
181 68
196 60
194 43
182 84
195 69
107
93
2 68 107 
1 104 
1 2 
2 124 8 
1 190 
2 170 167 
2 158 11 
1 15 
2 97 46 
2 169 16 
1 31 
2 55 183 
3 19 4 140 
2 35 123 
3 138 63 14 
2 176 175 
1 152 
2 20 129 
1 155 
4 108 85 91 95 
4 171 49 181 147 
1 144 
2 130 101 
1 188 
2 128 161 
1 116 
3 162 42 9 
1 112 
1 114 
2 148 52 
2 177 45 
2 156 195 
3 65 5 56 
1 182 
3 109 90 24 
1 50 
1 93 
