144 528 10 100 27
2
3
3
3
3
3
3
3
3
3
3
2
3
4
4
4
4
4
4
4
4
4
4
3
3
4
4
4
4
4
4
4
4
4
4
3
3
4
4
4
4
4
4
4
4
4
4
3
3
4
4
4
4
4
4
4
4
4
4
3
3
4
4
4
4
4
4
4
4
4
4
3
3
4
4
4
4
4
4
4
4
4
4
3
3
4
4
4
4
4
4
4
4
4
4
3
3
4
4
4
4
4
4
4
4
4
4
3
3
4
4
4
4
4
4
4
4
4
4
3
3
4
4
4
4
4
4
4
4
4
4
3
2
3
3
3
3
3
3
3
3
3
3
2
13 72
2 29
14 61
3 61
1 81
15 90
4 12
2 91
16 46
5 17
3 69
17 68
6 25
4 55
18 32
7 91
5 18
19 51
8 37
6 11
20 38
9 64
7 85
21 90
10 90
8 18
22 93
11 60
9 24
23 30
12 84
10 47
24 77
11 40
25 38
1 66
14 94
26 74
2 37
15 42
13 10
27 84
3 81
16 76
14 24
28 57
4 66
17 66
15 98
29 88
5 61
18 16
16 27
30 13
6 37
19 76
17 85
31 46
7 75
20 69
18 50
32 86
8 55
21 59
19 51
33 24
9 100
22 69
20 40
34 36
10 73
23 94
21 78
35 57
11 45
24 77
22 24
36 93
12 83
23 77
37 79
13 86
26 15
38 26
14 14
27 46
25 48
39 95
15 86
28 17
26 53
40 27
16 34
29 11
27 61
41 74
17 79
30 48
28 88
42 52
18 62
31 57
29 53
43 44
19 56
32 49
30 42
44 44
20 95
33 99
31 66
45 99
21 80
34 84
32 70
46 19
22 78
35 58
33 37
47 27
23 55
36 83
34 69
48 31
24 43
35 21
49 17
25 30
38 59
50 84
26 85
39 59
37 47
51 13
27 13
40 20
38 25
52 86
28 55
41 36
39 28
53 61
29 86
42 43
40 66
54 33
30 86
43 18
41 65
55 99
31 96
44 41
42 34
56 65
32 77
45 26
43 40
57 61
33 21
46 15
44 90
58 12
34 93
47 46
45 85
59 51
35 33
48 56
46 87
60 86
36 97
47 22
61 65
37 31
50 41
62 67
38 15
51 63
49 100
63 58
39 50
52 51
50 95
64 30
40 61
53 74
51 93
65 70
41 20
54 70
52 41
66 46
42 10
55 40
53 50
67 48
43 22
56 73
54 34
68 69
44 14
57 30
55 54
69 66
45 55
58 63
56 99
70 70
46 69
59 14
57 59
71 14
47 85
60 57
58 80
72 100
48 75
59 92
73 71
49 33
62 96
74 54
50 23
63 96
61 85
75 74
51 64
64 94
62 59
76 19
52 23
65 20
63 78
77 96
53 18
66 78
64 82
78 68
54 57
67 44
65 78
79 66
55 23
68 19
66 88
80 40
56 94
69 76
67 54
81 28
57 74
70 77
68 57
82 82
58 31
71 48
69 27
83 46
59 24
72 30
70 34
84 83
60 50
71 70
85 27
61 12
74 15
86 78
62 96
75 49
73 64
87 79
63 34
76 100
74 18
88 39
64 28
77 57
75 36
89 97
65 53
78 58
76 43
90 61
66 69
79 27
77 33
91 36
67 44
80 61
78 11
92 69
68 94
81 83
79 14
93 17
69 40
82 55
80 88
94 90
70 10
83 45
81 49
95 13
71 11
84 89
82 11
96 72
72 49
83 49
97 21
73 98
86 56
98 38
74 71
87 37
85 49
99 50
75 83
88 99
86 92
100 97
76 77
89 68
87 18
101 75
77 83
90 15
88 75
102 22
78 53
91 34
89 90
103 36
79 85
92 54
90 32
104 58
80 54
93 13
91 32
105 69
81 48
94 40
92 88
106 84
82 79
95 44
93 94
107 45
83 15
96 60
94 87
108 32
84 98
95 79
109 81
85 38
98 71
110 37
86 84
99 52
97 42
111 84
87 80
100 22
98 56
112 65
88 26
101 88
99 27
113 93
89 50
102 56
100 53
114 36
90 69
103 26
101 38
115 17
91 63
104 46
102 32
116 81
92 98
105 94
103 69
117 45
93 96
106 68
104 14
118 71
94 30
107 10
105 88
119 98
95 94
108 98
106 19
120 44
96 34
107 33
121 24
97 77
110 54
122 40
98 13
111 13
109 84
123 44
99 64
112 47
110 70
124 26
100 18
113 40
111 44
125 23
101 15
114 100
112 20
126 82
102 29
115 87
113 38
127 34
103 61
116 48
114 40
128 15
104 28
117 68
115 40
129 70
105 41
118 91
116 44
130 79
106 82
119 53
117 98
131 23
107 72
120 100
118 75
132 66
108 12
119 33
133 49
109 35
122 35
134 62
110 78
123 32
121 70
135 23
111 63
124 95
122 86
136 56
112 28
125 13
123 12
137 31
113 86
126 97
124 65
138 31
114 79
127 52
125 81
139 53
115 32
128 42
126 19
140 62
116 44
129 45
127 85
141 77
117 90
130 99
128 42
142 43
118 91
131 46
129 53
143 14
119 49
132 89
130 45
144 76
120 11
131 26
121 71
134 15
122 87
135 89
133 84
123 37
136 20
134 53
124 29
137 46
135 52
125 16
138 18
136 20
126 30
139 49
137 79
127 47
140 61
138 22
128 91
141 68
139 32
129 54
142 35
140 46
130 31
143 29
141 82
131 96
144 64
142 33
132 71
143 26
19
62
2 141 19 
2 9 131 
2 90 10 
1 119 
4 95 106 113 61 
2 25 138 
1 21 
3 139 124 20 
2 14 118 
2 43 52 
1 31 
2 89 114 
1 111 
5 57 81 55 38 12 
1 1 
1 109 
1 100 
1 142 
2 144 39 
1 6 
2 122 59 
1 93 
1 117 
2 91 13 
3 140 16 75 
2 64 41 
2 87 62 
