144 528 10 100 27
2
3
3
3
3
3
3
3
3
3
3
2
3
4
4
4
4
4
4
4
4
4
4
3
3
4
4
4
4
4
4
4
4
4
4
3
3
4
4
4
4
4
4
4
4
4
4
3
3
4
4
4
4
4
4
4
4
4
4
3
3
4
4
4
4
4
4
4
4
4
4
3
3
4
4
4
4
4
4
4
4
4
4
3
3
4
4
4
4
4
4
4
4
4
4
3
3
4
4
4
4
4
4
4
4
4
4
3
3
4
4
4
4
4
4
4
4
4
4
3
3
4
4
4
4
4
4
4
4
4
4
3
2
3
3
3
3
3
3
3
3
3
3
2
13 24
2 29
14 22
3 15
1 57
15 75
4 97
2 99
16 54
5 100
3 29
17 88
6 84
4 23
18 88
7 21
5 30
19 91
8 68
6 99
20 52
9 55
7 79
21 54
10 58
8 13
22 58
11 82
9 23
23 77
12 99
10 35
24 52
11 97
25 20
1 43
14 78
26 14
2 89
15 70
13 22
27 86
3 10
16 59
14 19
28 15
4 75
17 81
15 70
29 48
5 12
18 33
16 82
30 68
6 77
19 28
17 38
31 11
7 23
20 26
18 41
32 55
8 94
21 35
19 82
33 13
9 98
22 70
20 85
34 85
10 76
23 49
21 12
35 21
11 78
24 36
22 27
36 45
12 10
23 31
37 69
13 54
26 79
38 57
14 76
27 22
25 35
39 69
15 39
28 58
26 74
40 30
16 16
29 54
27 72
41 17
17 54
30 96
28 92
42 100
18 99
31 83
29 94
43 20
19 10
32 51
30 11
44 78
20 71
33 25
31 85
45 95
21 62
34 10
32 58
46 63
22 20
35 55
33 36
47 47
23 33
36 85
34 11
48 35
24 39
35 22
49 57
25 14
38 11
50 17
26 48
39 69
37 31
51 73
27 74
40 20
38 12
52 83
28 81
41 77
39 49
53 20
29 76
42 38
40 82
54 40
30 28
43 29
41 72
55 41
31 90
44 84
42 25
56 62
32 61
45 57
43 81
57 78
33 33
46 12
44 67
58 15
34 26
47 70
45 51
59 20
35 42
48 13
46 64
60 79
36 26
47 72
61 97
37 17
50 41
62 17
38 60
51 21
49 29
63 50
39 18
52 78
50 39
64 72
40 20
53 58
51 91
65 25
41 30
54 86
52 69
66 11
42 21
55 82
53 79
67 81
43 29
56 66
54 50
68 39
44 76
57 68
55 60
69 28
45 36
58 35
56 66
70 55
46 41
59 50
57 46
71 16
47 22
60 51
58 74
72 49
48 71
59 92
73 40
49 31
62 14
74 55
50 88
63 86
61 40
75 45
51 79
64 71
62 79
76 58
52 28
65 82
63 16
77 17
53 46
66 39
64 44
78 53
54 65
67 27
65 54
79 54
55 19
68 19
66 38
80 60
56 56
69 71
67 70
81 49
57 85
70 88
68 19
82 54
58 77
71 15
69 74
83 39
59 80
72 51
70 67
84 25
60 95
71 43
85 84
61 11
74 79
86 77
62 82
75 69
73 31
87 75
63 51
76 100
74 38
88 90
64 74
77 42
75 100
89 85
65 52
78 42
76 71
90 21
66 66
79 17
77 41
91 27
67 36
80 64
78 75
92 77
68 55
81 57
79 31
93 26
69 17
82 100
80 76
94 38
70 63
83 51
81 51
95 68
71 51
84 66
82 18
96 39
72 73
83 13
97 11
73 41
86 89
98 30
74 52
87 13
85 26
99 76
75 32
88 77
86 64
100 28
76 67
89 23
87 54
101 61
77 54
90 35
88 79
102 81
78 90
91 28
89 53
103 30
79 89
92 67
90 50
104 63
80 50
93 23
91 97
105 97
81 21
94 16
92 13
106 64
82 18
95 27
93 24
107 36
83 92
96 47
94 57
108 58
84 38
95 13
109 85
85 41
98 25
110 83
86 84
99 91
97 17
111 27
87 74
100 49
98 64
112 21
88 28
101 32
99 36
113 58
89 97
102 28
100 65
114 79
90 62
103 84
101 90
115 87
91 41
104 91
102 49
116 61
92 64
105 100
103 94
117 44
93 76
106 50
104 13
118 53
94 98
107 55
105 30
119 83
95 12
108 16
106 26
120 67
96 63
107 99
121 92
97 30
110 65
122 35
98 27
111 70
109 25
123 45
99 83
112 50
110 33
124 38
100 61
113 67
111 52
125 48
101 23
114 93
112 58
126 82
102 90
115 68
113 35
127 94
103 23
116 34
114 55
128 60
104 19
117 79
115 63
129 28
105 100
118 23
116 93
130 67
106 95
119 89
117 58
131 93
107 38
120 56
118 37
132 25
108 42
119 30
133 21
109 40
122 56
134 18
110 63
123 39
121 65
135 14
111 14
124 56
122 74
136 33
112 73
125 74
123 14
137 34
113 37
126 61
124 32
138 47
114 34
127 76
125 96
139 36
115 90
128 34
126 39
140 63
116 37
129 54
127 60
141 88
117 50
130 60
128 44
142 85
118 63
131 80
129 62
143 25
119 72
132 19
130 42
144 81
120 60
131 37
121 41
134 21
122 58
135 23
133 28
123 99
136 20
134 14
124 38
137 22
135 24
125 85
138 18
136 90
126 26
139 91
137 79
127 97
140 94
138 72
128 81
141 35
139 47
129 50
142 89
140 13
130 19
143 82
141 20
131 100
144 47
142 65
132 11
143 11
93
3
2 9 93 
3 44 110 36 
1 118 
2 37 102 
4 91 78 63 51 
1 67 
3 60 126 40 
2 69 56 
2 13 128 
2 98 97 
1 32 
1 2 
2 129 70 
1 120 
1 124 
1 61 
2 38 19 
3 121 76 20 
1 144 
3 15 113 81 
2 106 11 
1 8 
2 7 87 
2 95 136 
3 17 5 105 
1 141 
1 3 
