400 1500 10 100 76
2
3
3
3
3
3
3
3
3
3
3
3
3
3
3
3
3
3
3
3
3
3
3
3
3
3
3
3
3
3
3
3
3
3
3
3
3
3
3
2
3
4
4
4
4
4
4
4
4
4
4
4
4
4
4
4
4
4
4
4
4
4
4
4
4
4
4
4
4
4
4
4
4
4
4
4
4
4
4
3
3
4
4
4
4
4
4
4
4
4
4
4
4
4
4
4
4
4
4
4
4
4
4
4
4
4
4
4
4
4
4
4
4
4
4
4
4
4
4
3
3
4
4
4
4
4
4
4
4
4
4
4
4
4
4
4
4
4
4
4
4
4
4
4
4
4
4
4
4
4
4
4
4
4
4
4
4
4
4
3
3
4
4
4
4
4
4
4
4
4
4
4
4
4
4
4
4
4
4
4
4
4
4
4
4
4
4
4
4
4
4
4
4
4
4
4
4
4
4
3
3
4
4
4
4
4
4
4
4
4
4
4
4
4
4
4
4
4
4
4
4
4
4
4
4
4
4
4
4
4
4
4
4
4
4
4
4
4
4
3
3
4
4
4
4
4
4
4
4
4
4
4
4
4
4
4
4
4
4
4
4
4
4
4
4
4
4
4
4
4
4
4
4
4
4
4
4
4
4
3
3
4
4
4
4
4
4
4
4
4
4
4
4
4
4
4
4
4
4
4
4
4
4
4
4
4
4
4
4
4
4
4
4
4
4
4
4
4
4
3
3
4
4
4
4
4
4
4
4
4
4
4
4
4
4
4
4
4
4
4
4
4
4
4
4
4
4
4
4
4
4
4
4
4
4
4
4
4
4
3
2
3
3
3
3
3
3
3
3
3
3
3
3
3
3
3
3
3
3
3
3
3
3
3
3
3
3
3
3
3
3
3
3
3
3
3
3
3
3
2
41 53
2 29
42 10
3 85
1 26
43 88
4 66
2 35
44 12
5 30
3 38
45 48
6 29
4 59
46 19
7 14
5 91
47 34
8 82
6 62
48 84
9 79
7 94
49 43
10 91
8 72
50 59
11 74
9 26
51 80
12 16
10 65
52 86
13 73
11 45
53 76
14 91
12 82
54 44
15 10
13 76
55 73
16 89
14 94
56 18
17 83
15 37
57 21
18 56
16 21
58 85
19 88
17 63
59 42
20 50
18 49
60 25
21 66
19 65
61 64
22 71
20 87
62 73
23 92
21 19
63 74
24 11
22 10
64 75
25 37
23 68
65 74
26 91
24 22
66 95
27 38
25 89
67 88
28 22
26 37
68 93
29 64
27 37
69 79
30 90
28 87
70 26
31 75
29 39
71 28
32 58
30 86
72 38
33 17
31 83
73 41
34 79
32 65
74 92
35 41
33 65
75 77
36 45
34 72
76 75
37 66
35 46
77 73
38 21
36 42
78 11
39 97
37 43
79 52
40 93
38 10
80 30
39 48
81 40
1 57
42 67
82 27
2 28
43 70
41 68
83 30
3 81
44 20
42 33
84 71
4 86
45 10
43 91
85 40
5 97
46 75
44 77
86 68
6 49
47 40
45 38
87 61
7 40
48 36
46 69
88 82
8 67
49 55
47 88
89 25
9 86
50 54
48 51
90 37
10 32
51 91
49 90
91 100
11 32
52 23
50 98
92 31
12 34
53 38
51 57
93 21
13 56
54 17
52 90
94 83
14 17
55 14
53 56
95 12
15 95
56 51
54 33
96 49
16 30
57 21
55 89
97 85
17 14
58 84
56 46
98 13
18 97
59 65
57 17
99 98
19 77
60 82
58 29
100 15
20 64
61 63
59 35
101 33
21 47
62 92
60 49
102 75
22 91
63 69
61 23
103 75
23 48
64 20
62 72
104 64
24 75
65 84
63 76
105 14
25 30
66 60
64 69
106 21
26 83
67 98
65 92
107 28
27 73
68 90
66 30
108 20
28 67
69 56
67 66
109 56
29 38
70 63
68 68
110 91
30 25
71 55
69 33
111 94
31 54
72 36
70 76
112 32
32 86
73 37
71 92
113 65
33 78
74 88
72 21
114 84
34 77
75 57
73 52
115 83
35 70
76 31
74 35
116 100
36 45
77 33
75 60
117 15
37 69
78 80
76 91
118 45
38 97
79 32
77 91
119 26
39 43
80 52
78 13
120 38
40 31
79 39
121 86
41 90
82 71
122 92
42 61
83 87
81 87
123 93
43 23
84 45
82 55
124 17
44 41
85 30
83 23
125 22
45 77
86 41
84 55
126 97
46 71
87 80
85 97
127 47
47 77
88 90
86 71
128 71
48 18
89 76
87 18
129 17
49 46
90 69
88 63
130 62
50 37
91 80
89 40
131 33
51 45
92 49
90 88
132 94
52 69
93 83
91 79
133 73
53 66
94 26
92 89
134 19
54 36
95 36
93 60
135 45
55 53
96 52
94 34
136 22
56 85
97 29
95 97
137 53
57 69
98 23
96 98
138 80
58 25
99 41
97 31
139 61
59 37
100 50
98 61
140 56
60 57
101 35
99 38
141 38
61 69
102 85
100 54
142 58
62 52
103 83
101 23
143 50
63 82
104 20
102 36
144 63
64 46
105 44
103 80
145 33
65 67
106 90
104 32
146 18
66 100
107 64
105 99
147 86
67 61
108 24
106 87
148 58
68 97
109 23
107 62
149 16
69 41
110 97
108 97
150 66
70 11
111 55
109 61
151 15
71 95
112 90
110 20
152 39
72 34
113 30
111 86
153 75
73 93
114 95
112 38
154 89
74 97
115 67
113 31
155 86
75 17
116 17
114 13
156 45
76 36
117 14
115 54
157 85
77 20
118 60
116 69
158 18
78 23
119 15
117 58
159 17
79 78
120 100
118 80
160 43
80 22
119 32
161 13
81 35
122 77
162 74
82 17
123 67
121 40
163 60
83 80
124 41
122 83
164 46
84 61
125 56
123 95
165 69
85 70
126 52
124 55
166 89
86 55
127 98
125 31
167 61
87 84
128 20
126 19
168 100
88 25
129 36
127 94
169 56
89 69
130 18
128 97
170 70
90 81
131 79
129 80
171 16
91 22
132 57
130 39
172 69
92 13
133 72
131 55
173 24
93 41
134 91
132 49
174 97
94 59
135 40
133 37
175 16
95 73
136 90
134 78
176 85
96 50
137 99
135 49
177 15
97 47
138 28
136 56
178 56
98 28
139 21
137 96
179 81
99 40
140 33
138 96
180 71
100 43
141 83
139 51
181 47
101 69
142 39
140 44
182 44
102 54
143 81
141 24
183 25
103 11
144 62
142 16
184 92
104 93
145 52
143 41
185 42
105 52
146 54
144 12
186 78
106 19
147 97
145 68
187 24
107 44
148 23
146 87
188 54
108 88
149 20
147 100
189 64
109 11
150 27
148 44
190 55
110 67
151 81
149 57
191 100
111 26
152 30
150 65
192 56
112 92
153 57
151 62
193 37
113 31
154 21
152 70
194 54
114 89
155 54
153 97
195 79
115 41
156 87
154 79
196 10
116 44
157 39
155 86
197 49
117 21
158 98
156 62
198 15
118 41
159 66
157 74
199 73
119 85
160 28
158 87
200 36
120 39
159 96
201 56
121 70
162 48
202 40
122 100
163 25
161 99
203 32
123 94
164 43
162 95
204 37
124 54
165 69
163 57
205 83
125 40
166 23
164 17
206 29
126 94
167 72
165 56
207 25
127 27
168 81
166 81
208 56
128 87
169 38
167 58
209 56
129 88
170 58
168 55
210 75
130 69
171 90
169 47
211 13
131 33
172 44
170 12
212 31
132 10
173 70
171 64
213 72
133 71
174 93
172 20
214 35
134 65
175 94
173 52
215 61
135 28
176 15
174 84
216 81
136 20
177 44
175 53
217 94
137 47
178 75
176 78
218 81
138 51
179 68
177 96
219 47
139 79
180 96
178 85
220 39
140 51
181 24
179 57
221 55
141 74
182 79
180 13
222 93
142 67
183 100
181 38
223 62
143 38
184 52
182 19
224 97
144 84
185 52
183 88
225 52
145 26
186 19
184 36
226 95
146 76
187 51
185 38
227 33
147 41
188 25
186 17
228 31
148 37
189 12
187 42
229 77
149 91
190 46
188 14
230 24
150 34
191 53
189 66
231 10
151 75
192 89
190 91
232 27
152 68
193 22
191 29
233 52
153 50
194 77
192 14
234 68
154 23
195 47
193 11
235 83
155 94
196 12
194 55
236 13
156 30
197 86
195 32
237 42
157 42
198 27
196 74
238 66
158 91
199 98
197 13
239 12
159 63
200 28
198 27
240 24
160 40
199 98
241 95
161 62
202 51
242 60
162 15
203 33
201 50
243 81
163 33
204 46
202 55
244 74
164 19
205 84
203 29
245 100
165 89
206 56
204 10
246 53
166 34
207 43
205 62
247 38
167 74
208 80
206 29
248 78
168 75
209 11
207 22
249 22
169 68
210 33
208 87
250 10
170 27
211 32
209 60
251 26
171 24
212 81
210 91
252 99
172 94
213 39
211 100
253 97
173 38
214 99
212 21
254 77
174 25
215 26
213 92
255 30
175 75
216 77
214 36
256 49
176 41
217 50
215 43
257 97
177 84
218 12
216 33
258 55
178 83
219 48
217 14
259 86
179 61
220 77
218 89
260 25
180 29
221 21
219 34
261 23
181 21
222 76
220 82
262 60
182 64
223 37
221 97
263 36
183 20
224 95
222 35
264 49
184 33
225 11
223 84
265 76
185 18
226 18
224 88
266 72
186 67
227 50
225 69
267 97
187 12
228 26
226 70
268 72
188 45
229 46
227 33
269 44
189 80
230 51
228 96
270 61
190 69
231 74
229 59
271 46
191 77
232 67
230 82
272 47
192 73
233 14
231 64
273 27
193 87
234 39
232 82
274 82
194 32
235 74
233 81
275 12
195 75
236 15
234 57
276 61
196 71
237 33
235 38
277 26
197 70
238 41
236 36
278 30
198 89
239 10
237 43
279 67
199 94
240 17
238 47
280 58
200 38
239 29
281 64
201 69
242 49
282 26
202 33
243 21
241 27
283 62
203 50
244 46
242 86
284 49
204 46
245 53
243 89
285 66
205 40
246 30
244 18
286 35
206 96
247 56
245 78
287 29
207 20
248 57
246 58
288 34
208 95
249 48
247 28
289 73
209 82
250 88
248 99
290 47
210 71
251 99
249 91
291 98
211 93
252 30
250 96
292 32
212 98
253 36
251 23
293 17
213 10
254 35
252 11
294 47
214 94
255 40
253 36
295 76
215 25
256 42
254 54
296 47
216 10
257 50
255 59
297 48
217 56
258 100
256 87
298 51
218 10
259 37
257 59
299 47
219 19
260 45
258 75
300 56
220 53
261 83
259 26
301 87
221 44
262 36
260 39
302 10
222 31
263 90
261 36
303 26
223 34
264 72
262 15
304 44
224 60
265 98
263 95
305 95
225 77
266 33
264 34
306 100
226 87
267 16
265 62
307 58
227 98
268 16
266 15
308 13
228 31
269 72
267 14
309 70
229 21
270 44
268 49
310 58
230 24
271 21
269 90
311 64
231 88
272 35
270 70
312 16
232 86
273 14
271 42
313 74
233 32
274 14
272 65
314 87
234 59
275 52
273 100
315 90
235 38
276 16
274 84
316 73
236 64
277 78
275 32
317 32
237 61
278 42
276 21
318 90
238 38
279 77
277 56
319 78
239 82
280 34
278 12
320 15
240 88
279 29
321 57
241 77
282 49
322 91
242 86
283 43
281 78
323 45
243 81
284 20
282 31
324 25
244 32
285 42
283 51
325 44
245 76
286 38
284 77
326 98
246 40
287 85
285 85
327 59
247 90
288 97
286 57
328 81
248 76
289 90
287 31
329 33
249 33
290 61
288 78
330 42
250 20
291 71
289 24
331 69
251 31
292 100
290 76
332 26
252 77
293 92
291 58
333 59
253 34
294 77
292 54
334 92
254 54
295 31
293 86
335 10
255 98
296 67
294 68
336 49
256 60
297 48
295 43
337 76
257 50
298 45
296 75
338 54
258 59
299 70
297 38
339 16
259 79
300 50
298 26
340 100
260 58
301 34
299 37
341 13
261 99
302 39
300 84
342 72
262 36
303 60
301 90
343 69
263 14
304 50
302 18
344 11
264 35
305 29
303 29
345 23
265 29
306 18
304 72
346 62
266 50
307 28
305 11
347 39
267 25
308 79
306 91
348 99
268 61
309 23
307 80
349 87
269 64
310 19
308 22
350 34
270 39
311 46
309 77
351 67
271 63
312 100
310 57
352 18
272 71
313 100
311 46
353 60
273 54
314 77
312 67
354 100
274 49
315 37
313 85
355 30
275 74
316 11
314 35
356 16
276 56
317 12
315 24
357 85
277 40
318 41
316 47
358 22
278 66
319 18
317 68
359 75
279 31
320 22
318 51
360 79
280 10
319 13
361 87
281 53
322 42
362 94
282 19
323 17
321 65
363 29
283 97
324 50
322 39
364 86
284 46
325 17
323 82
365 14
285 65
326 29
324 40
366 32
286 99
327 30
325 13
367 35
287 100
328 91
326 22
368 10
288 14
329 77
327 27
369 51
289 52
330 15
328 93
370 72
290 19
331 23
329 67
371 35
291 17
332 61
330 80
372 76
292 51
333 75
331 14
373 19
293 16
334 72
332 47
374 34
294 83
335 39
333 46
375 77
295 18
336 81
334 88
376 37
296 19
337 33
335 40
377 98
297 37
338 26
336 72
378 39
298 58
339 28
337 91
379 81
299 89
340 77
338 55
380 66
300 93
341 48
339 25
381 75
301 87
342 61
340 52
382 16
302 75
343 65
341 84
383 15
303 81
344 72
342 47
384 28
304 26
345 81
343 31
385 85
305 91
346 49
344 33
386 69
306 15
347 68
345 66
387 23
307 29
348 22
346 37
388 22
308 25
349 52
347 15
389 14
309 58
350 29
348 17
390 76
310 67
351 84
349 44
391 94
311 52
352 95
350 60
392 72
312 44
353 92
351 69
393 18
313 81
354 74
352 17
394 87
314 61
355 24
353 48
395 58
315 96
356 18
354 34
396 56
316 89
357 58
355 48
397 82
317 31
358 19
356 45
398 63
318 35
359 89
357 11
399 46
319 88
360 26
358 53
400 96
320 33
359 81
321 79
362 71
322 21
363 37
361 38
323 34
364 42
362 49
324 28
365 34
363 11
325 47
366 89
364 18
326 46
367 21
365 24
327 36
368 44
366 20
328 46
369 66
367 53
329 48
370 30
368 21
330 74
371 10
369 33
331 95
372 16
370 11
332 75
373 46
371 38
333 92
374 13
372 87
334 44
375 79
373 89
335 65
376 40
374 73
336 43
377 61
375 43
337 31
378 30
376 86
338 74
379 28
377 12
339 17
380 21
378 100
340 54
381 76
379 60
341 82
382 61
380 45
342 89
383 85
381 18
343 64
384 69
382 26
344 53
385 28
383 78
345 57
386 30
384 92
346 44
387 43
385 56
347 21
388 15
386 65
348 46
389 94
387 63
349 76
390 77
388 94
350 41
391 12
389 94
351 23
392 70
390 62
352 49
393 22
391 70
353 50
394 56
392 44
354 17
395 38
393 41
355 92
396 78
394 73
356 96
397 63
395 63
357 58
398 76
396 75
358 23
399 67
397 36
359 91
400 51
398 87
360 11
399 32
293
197
3 225 207 293 
2 202 382 
2 131 224 
1 36 
1 381 
1 110 
2 97 283 
2 30 376 
1 322 
2 296 342 
2 250 331 
1 232 
2 295 39 
3 17 319 291 
2 46 180 
1 41 
1 148 
1 397 
2 350 152 
3 374 280 71 
2 299 57 
1 398 
1 284 
3 89 101 363 
1 165 
1 22 
1 121 
1 346 
3 34 149 254 
1 392 
3 367 200 77 
1 339 
3 243 219 157 
2 258 102 
2 24 325 
1 86 
3 215 127 359 
4 103 160 308 334 
2 183 209 
3 2 59 214 
1 365 
1 123 
1 15 
2 9 199 
3 268 7 114 
3 107 79 95 
4 391 251 196 54 
1 310 
2 226 216 
3 396 204 332 
1 318 
1 233 
2 379 44 
3 29 362 178 
2 385 170 
2 1 380 
4 314 263 94 161 
1 53 
3 198 345 274 
1 252 
1 162 
1 399 
1 52 
3 312 98 104 
3 91 92 113 
1 85 
1 305 
2 328 20 
2 205 49 
1 182 
1 357 
1 186 
3 257 136 356 
1 21 
2 87 120 
1 197 
