400 1500 10 100 76
2
3
3
3
3
3
3
3
3
3
3
3
3
3
3
3
3
3
3
3
3
3
3
3
3
3
3
3
3
3
3
3
3
3
3
3
3
3
3
2
3
4
4
4
4
4
4
4
4
4
4
4
4
4
4
4
4
4
4
4
4
4
4
4
4
4
4
4
4
4
4
4
4
4
4
4
4
4
4
3
3
4
4
4
4
4
4
4
4
4
4
4
4
4
4
4
4
4
4
4
4
4
4
4
4
4
4
4
4
4
4
4
4
4
4
4
4
4
4
3
3
4
4
4
4
4
4
4
4
4
4
4
4
4
4
4
4
4
4
4
4
4
4
4
4
4
4
4
4
4
4
4
4
4
4
4
4
4
4
3
3
4
4
4
4
4
4
4
4
4
4
4
4
4
4
4
4
4
4
4
4
4
4
4
4
4
4
4
4
4
4
4
4
4
4
4
4
4
4
3
3
4
4
4
4
4
4
4
4
4
4
4
4
4
4
4
4
4
4
4
4
4
4
4
4
4
4
4
4
4
4
4
4
4
4
4
4
4
4
3
3
4
4
4
4
4
4
4
4
4
4
4
4
4
4
4
4
4
4
4
4
4
4
4
4
4
4
4
4
4
4
4
4
4
4
4
4
4
4
3
3
4
4
4
4
4
4
4
4
4
4
4
4
4
4
4
4
4
4
4
4
4
4
4
4
4
4
4
4
4
4
4
4
4
4
4
4
4
4
3
3
4
4
4
4
4
4
4
4
4
4
4
4
4
4
4
4
4
4
4
4
4
4
4
4
4
4
4
4
4
4
4
4
4
4
4
4
4
4
3
2
3
3
3
3
3
3
3
3
3
3
3
3
3
3
3
3
3
3
3
3
3
3
3
3
3
3
3
3
3
3
3
3
3
3
3
3
3
3
2
41 11
2 29
42 66
3 100
1 88
43 98
4 59
2 20
44 79
5 59
3 50
45 97
6 31
4 59
46 76
7 81
5 16
47 16
8 15
6 20
48 61
9 33
7 92
49 94
10 72
8 56
50 62
11 50
9 46
51 33
12 79
10 54
52 97
13 26
11 66
53 16
14 63
12 87
54 34
15 62
13 54
55 48
16 57
14 31
56 87
17 36
15 94
57 19
18 88
16 52
58 36
19 53
17 92
59 24
20 24
18 67
60 81
21 43
19 81
61 54
22 63
20 17
62 79
23 22
21 66
63 30
24 33
22 18
64 47
25 99
23 71
65 51
26 58
24 92
66 58
27 80
25 18
67 68
28 82
26 71
68 57
29 70
27 10
69 95
30 56
28 56
70 91
31 25
29 51
71 65
32 88
30 58
72 40
33 59
31 95
73 26
34 45
32 59
74 88
35 82
33 50
75 41
36 94
34 30
76 24
37 68
35 51
77 78
38 90
36 20
78 12
39 82
37 96
79 48
40 34
38 11
80 86
39 84
81 17
1 99
42 96
82 64
2 44
43 86
41 28
83 38
3 50
44 60
42 79
84 92
4 75
45 38
43 25
85 10
5 27
46 40
44 43
86 98
6 20
47 39
45 67
87 27
7 52
48 84
46 58
88 36
8 89
49 40
47 49
89 55
9 66
50 13
48 85
90 48
10 21
51 49
49 61
91 73
11 89
52 72
50 58
92 33
12 12
53 42
51 23
93 91
13 95
54 21
52 100
94 42
14 84
55 42
53 56
95 83
15 33
56 94
54 34
96 69
16 51
57 18
55 82
97 18
17 74
58 61
56 42
98 95
18 34
59 22
57 12
99 12
19 89
60 36
58 24
100 66
20 68
61 16
59 87
101 25
21 12
62 93
60 46
102 22
22 47
63 28
61 82
103 90
23 18
64 28
62 44
104 57
24 65
65 61
63 40
105 17
25 100
66 84
64 57
106 35
26 41
67 13
65 66
107 92
27 82
68 75
66 20
108 78
28 32
69 75
67 90
109 69
29 90
70 45
68 75
110 44
30 48
71 54
69 20
111 36
31 68
72 76
70 88
112 82
32 29
73 85
71 62
113 79
33 48
74 49
72 89
114 23
34 16
75 14
73 65
115 56
35 76
76 28
74 75
116 67
36 58
77 38
75 43
117 53
37 91
78 80
76 62
118 98
38 11
79 80
77 83
119 28
39 93
80 47
78 67
120 75
40 30
79 96
121 56
41 10
82 30
122 26
42 70
83 33
81 18
123 48
43 46
84 39
82 100
124 23
44 80
85 21
83 54
125 36
45 74
86 23
84 27
126 36
46 30
87 74
85 28
127 100
47 31
88 47
86 69
128 13
48 29
89 46
87 63
129 58
49 82
90 31
88 45
130 58
50 65
91 79
89 89
131 94
51 27
92 56
90 18
132 60
52 85
93 77
91 59
133 98
53 54
94 98
92 66
134 64
54 62
95 95
93 29
135 27
55 48
96 74
94 42
136 31
56 37
97 32
95 99
137 35
57 17
98 23
96 48
138 37
58 34
99 59
97 40
139 94
59 70
100 33
98 76
140 97
60 58
101 50
99 28
141 19
61 11
102 52
100 49
142 21
62 57
103 20
101 89
143 81
63 52
104 46
102 44
144 36
64 29
105 11
103 49
145 93
65 54
106 75
104 97
146 77
66 80
107 69
105 17
147 82
67 12
108 15
106 33
148 34
68 42
109 36
107 25
149 99
69 72
110 36
108 56
150 26
70 81
111 86
109 100
151 48
71 79
112 37
110 23
152 87
72 67
113 100
111 66
153 59
73 60
114 78
112 87
154 49
74 29
115 65
113 94
155 74
75 25
116 15
114 88
156 89
76 34
117 77
115 26
157 82
77 32
118 23
116 78
158 80
78 68
119 38
117 27
159 18
79 29
120 30
118 73
160 98
80 28
119 23
161 20
81 21
122 42
162 59
82 93
123 70
121 12
163 95
83 99
124 27
122 37
164 58
84 62
125 28
123 41
165 55
85 25
126 60
124 83
166 34
86 52
127 27
125 84
167 22
87 33
128 17
126 12
168 81
88 63
129 96
127 30
169 49
89 41
130 19
128 30
170 38
90 99
131 47
129 82
171 23
91 16
132 51
130 72
172 95
92 43
133 82
131 28
173 69
93 81
134 68
132 54
174 53
94 16
135 27
133 75
175 79
95 23
136 58
134 96
176 45
96 18
137 44
135 75
177 15
97 61
138 27
136 22
178 74
98 68
139 46
137 94
179 27
99 84
140 93
138 85
180 67
100 44
141 76
139 100
181 33
101 67
142 74
140 93
182 52
102 59
143 58
141 20
183 58
103 47
144 47
142 11
184 68
104 70
145 91
143 32
185 68
105 77
146 88
144 41
186 58
106 57
147 82
145 26
187 20
107 73
148 98
146 83
188 36
108 89
149 95
147 23
189 99
109 14
150 45
148 39
190 22
110 49
151 50
149 95
191 66
111 91
152 79
150 83
192 80
112 85
153 70
151 48
193 22
113 76
154 65
152 49
194 22
114 35
155 100
153 29
195 63
115 82
156 63
154 87
196 27
116 27
157 92
155 62
197 73
117 57
158 39
156 39
198 45
118 63
159 29
157 67
199 93
119 79
160 60
158 22
200 58
120 14
159 72
201 89
121 61
162 94
202 20
122 95
163 46
161 50
203 69
123 50
164 44
162 66
204 32
124 25
165 31
163 14
205 80
125 24
166 93
164 25
206 68
126 88
167 44
165 19
207 16
127 38
168 62
166 67
208 54
128 53
169 11
167 40
209 49
129 29
170 13
168 98
210 73
130 64
171 22
169 53
211 59
131 48
172 44
170 45
212 50
132 73
173 99
171 19
213 64
133 37
174 77
172 99
214 19
134 50
175 36
173 70
215 97
135 60
176 89
174 94
216 92
136 13
177 80
175 47
217 41
137 55
178 92
176 24
218 99
138 43
179 58
177 46
219 97
139 68
180 96
178 24
220 34
140 57
181 68
179 47
221 61
141 39
182 11
180 60
222 64
142 72
183 65
181 34
223 64
143 51
184 31
182 38
224 51
144 22
185 67
183 54
225 51
145 93
186 39
184 94
226 44
146 60
187 21
185 76
227 86
147 66
188 52
186 17
228 87
148 79
189 54
187 15
229 90
149 14
190 38
188 29
230 47
150 12
191 93
189 33
231 77
151 71
192 78
190 69
232 10
152 78
193 67
191 85
233 51
153 62
194 61
192 86
234 55
154 48
195 75
193 31
235 72
155 39
196 81
194 59
236 62
156 97
197 70
195 76
237 79
157 24
198 99
196 84
238 71
158 75
199 87
197 24
239 97
159 24
200 79
198 49
240 28
160 94
199 34
241 46
161 78
202 44
242 90
162 97
203 53
201 41
243 52
163 11
204 80
202 71
244 72
164 24
205 72
203 76
245 97
165 89
206 48
204 31
246 10
166 89
207 24
205 66
247 63
167 43
208 31
206 79
248 12
168 89
209 19
207 100
249 81
169 70
210 19
208 73
250 35
170 69
211 51
209 98
251 47
171 42
212 14
210 63
252 47
172 93
213 92
211 91
253 22
173 98
214 25
212 87
254 18
174 25
215 24
213 51
255 87
175 99
216 10
214 80
256 11
176 39
217 88
215 72
257 99
177 43
218 85
216 68
258 81
178 97
219 93
217 65
259 28
179 17
220 77
218 17
260 32
180 48
221 64
219 65
261 44
181 51
222 83
220 98
262 64
182 37
223 93
221 31
263 79
183 45
224 21
222 92
264 15
184 88
225 100
223 88
265 34
185 20
226 70
224 72
266 93
186 93
227 62
225 42
267 33
187 69
228 28
226 42
268 100
188 79
229 45
227 35
269 67
189 67
230 74
228 44
270 28
190 70
231 60
229 84
271 45
191 44
232 69
230 100
272 97
192 62
233 58
231 21
273 80
193 14
234 38
232 55
274 27
194 12
235 99
233 32
275 61
195 51
236 19
234 80
276 87
196 58
237 12
235 27
277 10
197 46
238 27
236 49
278 82
198 11
239 51
237 71
279 84
199 77
240 52
238 15
280 37
200 86
239 86
281 20
201 45
242 73
282 24
202 81
243 38
241 15
283 48
203 51
244 62
242 24
284 88
204 33
245 33
243 82
285 71
205 92
246 58
244 27
286 89
206 19
247 11
245 100
287 63
207 13
248 99
246 96
288 89
208 37
249 33
247 51
289 58
209 31
250 73
248 31
290 30
210 43
251 22
249 49
291 72
211 88
252 37
250 96
292 78
212 41
253 36
251 72
293 87
213 81
254 19
252 100
294 56
214 49
255 57
253 44
295 74
215 93
256 83
254 56
296 61
216 91
257 28
255 78
297 81
217 82
258 33
256 21
298 12
218 82
259 63
257 96
299 67
219 80
260 71
258 33
300 40
220 99
261 68
259 85
301 89
221 78
262 66
260 82
302 26
222 80
263 44
261 85
303 89
223 45
264 32
262 67
304 25
224 94
265 61
263 39
305 21
225 83
266 89
264 80
306 100
226 93
267 98
265 81
307 37
227 50
268 49
266 61
308 41
228 35
269 37
267 63
309 53
229 87
270 80
268 33
310 62
230 99
271 30
269 32
311 75
231 60
272 79
270 89
312 10
232 29
273 82
271 25
313 47
233 18
274 53
272 47
314 44
234 76
275 54
273 37
315 89
235 22
276 14
274 96
316 64
236 78
277 54
275 74
317 65
237 95
278 87
276 65
318 84
238 90
279 37
277 51
319 35
239 97
280 22
278 41
320 22
240 28
279 44
321 14
241 37
282 48
322 35
242 34
283 80
281 91
323 30
243 91
284 59
282 52
324 16
244 54
285 32
283 14
325 61
245 83
286 34
284 94
326 42
246 85
287 94
285 97
327 29
247 15
288 29
286 34
328 90
248 61
289 29
287 97
329 25
249 60
290 82
288 60
330 85
250 62
291 66
289 34
331 27
251 19
292 50
290 81
332 56
252 22
293 67
291 37
333 68
253 98
294 61
292 71
334 18
254 94
295 66
293 79
335 47
255 27
296 91
294 42
336 75
256 35
297 95
295 31
337 13
257 51
298 23
296 100
338 34
258 32
299 20
297 46
339 67
259 59
300 41
298 82
340 37
260 50
301 32
299 58
341 55
261 87
302 65
300 62
342 100
262 21
303 41
301 43
343 61
263 66
304 30
302 15
344 55
264 74
305 46
303 96
345 52
265 23
306 30
304 97
346 96
266 48
307 59
305 44
347 22
267 97
308 30
306 20
348 89
268 22
309 48
307 52
349 18
269 83
310 45
308 36
350 21
270 98
311 21
309 29
351 59
271 98
312 11
310 15
352 24
272 74
313 75
311 62
353 50
273 87
314 40
312 20
354 32
274 59
315 23
313 65
355 100
275 43
316 96
314 65
356 89
276 56
317 68
315 78
357 13
277 41
318 61
316 93
358 94
278 34
319 28
317 82
359 99
279 59
320 62
318 84
360 47
280 86
319 100
361 81
281 78
322 12
362 53
282 70
323 25
321 54
363 18
283 25
324 53
322 90
364 91
284 64
325 63
323 12
365 13
285 75
326 34
324 42
366 66
286 64
327 88
325 41
367 47
287 82
328 74
326 29
368 44
288 93
329 52
327 53
369 97
289 93
330 100
328 16
370 51
290 41
331 32
329 58
371 93
291 55
332 92
330 88
372 86
292 24
333 90
331 89
373 18
293 26
334 22
332 50
374 95
294 64
335 39
333 89
375 60
295 99
336 95
334 29
376 89
296 82
337 40
335 97
377 83
297 45
338 74
336 45
378 21
298 93
339 94
337 57
379 20
299 49
340 29
338 54
380 85
300 63
341 15
339 15
381 12
301 60
342 28
340 11
382 49
302 78
343 46
341 27
383 32
303 24
344 59
342 18
384 41
304 89
345 62
343 25
385 60
305 55
346 17
344 52
386 34
306 38
347 39
345 13
387 73
307 71
348 54
346 13
388 99
308 19
349 50
347 47
389 48
309 35
350 76
348 32
390 50
310 45
351 87
349 36
391 31
311 14
352 19
350 64
392 19
312 35
353 68
351 94
393 34
313 87
354 98
352 94
394 30
314 21
355 92
353 97
395 73
315 28
356 48
354 81
396 71
316 74
357 26
355 56
397 76
317 43
358 70
356 34
398 56
318 100
359 64
357 72
399 35
319 69
360 35
358 86
400 80
320 43
359 54
321 78
362 58
322 85
363 81
361 38
323 79
364 63
362 81
324 34
365 78
363 17
325 12
366 38
364 98
326 89
367 19
365 80
327 59
368 32
366 18
328 19
369 41
367 54
329 22
370 96
368 62
330 24
371 27
369 44
331 100
372 50
370 67
332 49
373 65
371 96
333 80
374 51
372 43
334 29
375 28
373 55
335 48
376 36
374 64
336 73
377 57
375 20
337 89
378 93
376 72
338 95
379 53
377 90
339 50
380 73
378 63
340 62
381 69
379 35
341 67
382 68
380 23
342 57
383 64
381 18
343 71
384 71
382 67
344 93
385 32
383 95
345 51
386 43
384 23
346 45
387 17
385 75
347 67
388 89
386 69
348 31
389 21
387 33
349 52
390 46
388 43
350 92
391 33
389 64
351 14
392 20
390 64
352 14
393 54
391 52
353 67
394 85
392 12
354 24
395 82
393 61
355 30
396 38
394 97
356 73
397 26
395 67
357 17
398 95
396 45
358 64
399 86
397 61
359 62
400 77
398 66
360 65
399 81
29
59
1 29 
1 13 
2 236 1 
2 155 31 
3 344 42 134 
1 130 
1 339 
2 4 357 
2 77 173 
3 391 153 268 
1 241 
1 335 
3 142 164 17 
3 32 115 265 
1 67 
1 266 
3 260 86 106 
3 119 328 379 
1 63 
3 280 293 146 
3 9 16 95 
2 291 100 
2 239 376 
3 218 135 118 
1 329 
2 116 318 
1 55 
1 387 
3 304 258 261 
1 324 
3 314 75 145 
2 300 292 
2 49 61 
4 192 351 91 186 
1 365 
1 334 
3 313 15 83 
1 2 
1 302 
1 372 
1 278 
3 332 53 24 
2 127 64 
1 98 
2 3 295 
3 253 330 122 
2 370 327 
1 121 
1 68 
3 242 132 389 
2 156 19 
2 108 54 
3 110 93 46 
2 45 200 
1 184 
3 58 148 38 
2 20 137 
1 386 
1 243 
2 207 231 
1 114 
1 338 
1 212 
1 382 
2 284 23 
1 383 
2 133 104 
2 33 297 
4 309 305 234 323 
1 10 
3 165 215 220 
1 224 
2 377 161 
2 8 219 
1 66 
1 59 
