625 2400 10 100 118
2
3
3
3
3
3
3
3
3
3
3
3
3
3
3
3
3
3
3
3
3
3
3
3
2
3
4
4
4
4
4
4
4
4
4
4
4
4
4
4
4
4
4
4
4
4
4
4
4
3
3
4
4
4
4
4
4
4
4
4
4
4
4
4
4
4
4
4
4
4
4
4
4
4
3
3
4
4
4
4
4
4
4
4
4
4
4
4
4
4
4
4
4
4
4
4
4
4
4
3
3
4
4
4
4
4
4
4
4
4
4
4
4
4
4
4
4
4
4
4
4
4
4
4
3
3
4
4
4
4
4
4
4
4
4
4
4
4
4
4
4
4
4
4
4
4
4
4
4
3
3
4
4
4
4
4
4
4
4
4
4
4
4
4
4
4
4
4
4
4
4
4
4
4
3
3
4
4
4
4
4
4
4
4
4
4
4
4
4
4
4
4
4
4
4
4
4
4
4
3
3
4
4
4
4
4
4
4
4
4
4
4
4
4
4
4
4
4
4
4
4
4
4
4
3
3
4
4
4
4
4
4
4
4
4
4
4
4
4
4
4
4
4
4
4
4
4
4
4
3
3
4
4
4
4
4
4
4
4
4
4
4
4
4
4
4
4
4
4
4
4
4
4
4
3
3
4
4
4
4
4
4
4
4
4
4
4
4
4
4
4
4
4
4
4
4
4
4
4
3
3
4
4
4
4
4
4
4
4
4
4
4
4
4
4
4
4
4
4
4
4
4
4
4
3
3
4
4
4
4
4
4
4
4
4
4
4
4
4
4
4
4
4
4
4
4
4
4
4
3
3
4
4
4
4
4
4
4
4
4
4
4
4
4
4
4
4
4
4
4
4
4
4
4
3
3
4
4
4
4
4
4
4
4
4
4
4
4
4
4
4
4
4
4
4
4
4
4
4
3
3
4
4
4
4
4
4
4
4
4
4
4
4
4
4
4
4
4
4
4
4
4
4
4
3
3
4
4
4
4
4
4
4
4
4
4
4
4
4
4
4
4
4
4
4
4
4
4
4
3
3
4
4
4
4
4
4
4
4
4
4
4
4
4
4
4
4
4
4
4
4
4
4
4
3
3
4
4
4
4
4
4
4
4
4
4
4
4
4
4
4
4
4
4
4
4
4
4
4
3
3
4
4
4
4
4
4
4
4
4
4
4
4
4
4
4
4
4
4
4
4
4
4
4
3
3
4
4
4
4
4
4
4
4
4
4
4
4
4
4
4
4
4
4
4
4
4
4
4
3
3
4
4
4
4
4
4
4
4
4
4
4
4
4
4
4
4
4
4
4
4
4
4
4
3
3
4
4
4
4
4
4
4
4
4
4
4
4
4
4
4
4
4
4
4
4
4
4
4
3
2
3
3
3
3
3
3
3
3
3
3
3
3
3
3
3
3
3
3
3
3
3
3
3
2
26 12
2 29
27 67
3 61
1 73
28 76
4 10
2 59
29 34
5 28
3 56
30 69
6 77
4 14
31 83
7 23
5 24
32 55
8 73
6 45
33 93
9 10
7 45
34 90
10 17
8 94
35 36
11 83
9 55
36 54
12 65
10 48
37 66
13 49
11 31
38 55
14 49
12 89
39 44
15 89
13 88
40 59
16 41
14 45
41 12
17 13
15 77
42 92
18 59
16 22
43 23
19 80
17 62
44 33
20 11
18 30
45 11
21 32
19 44
46 44
22 14
20 28
47 32
23 33
21 44
48 15
24 44
22 68
49 46
25 85
23 73
50 40
24 36
51 100
1 86
27 41
52 47
2 57
28 56
26 28
53 62
3 25
29 20
27 43
54 46
4 27
30 72
28 87
55 72
5 36
31 39
29 87
56 89
6 41
32 92
30 11
57 23
7 49
33 58
31 45
58 86
8 27
34 79
32 10
59 61
9 20
35 28
33 10
60 74
10 31
36 57
34 42
61 25
11 95
37 27
35 55
62 80
12 13
38 69
36 54
63 71
13 51
39 79
37 54
64 97
14 20
40 28
38 77
65 21
15 86
41 50
39 56
66 14
16 50
42 65
40 57
67 10
17 26
43 49
41 100
68 31
18 37
44 80
42 57
69 60
19 29
45 53
43 83
70 73
20 90
46 68
44 26
71 68
21 45
47 38
45 81
72 98
22 92
48 17
46 99
73 84
23 12
49 32
47 76
74 31
24 40
50 38
48 11
75 78
25 60
49 47
76 90
26 85
52 28
77 80
27 22
53 51
51 38
78 76
28 70
54 89
52 97
79 61
29 59
55 23
53 59
80 30
30 43
56 56
54 10
81 100
31 63
57 24
55 34
82 72
32 99
58 62
56 33
83 55
33 50
59 96
57 40
84 91
34 20
60 92
58 56
85 19
35 41
61 13
59 66
86 80
36 16
62 37
60 68
87 53
37 69
63 93
61 44
88 34
38 53
64 53
62 66
89 23
39 28
65 32
63 30
90 44
40 37
66 95
64 22
91 14
41 59
67 96
65 52
92 36
42 86
68 61
66 99
93 82
43 84
69 22
67 60
94 60
44 68
70 85
68 10
95 25
45 37
71 82
69 33
96 39
46 22
72 54
70 59
97 52
47 51
73 96
71 94
98 23
48 18
74 18
72 47
99 11
49 49
75 29
73 32
100 23
50 92
74 72
101 14
51 81
77 84
102 60
52 58
78 27
76 50
103 49
53 47
79 86
77 35
104 21
54 48
80 34
78 47
105 15
55 66
81 59
79 33
106 51
56 47
82 89
80 48
107 71
57 88
83 100
81 78
108 27
58 94
84 97
82 28
109 72
59 46
85 82
83 31
110 66
60 82
86 62
84 24
111 42
61 24
87 59
85 13
112 73
62 29
88 72
86 85
113 24
63 12
89 71
87 68
114 47
64 64
90 31
88 39
115 96
65 74
91 57
89 81
116 76
66 56
92 78
90 23
117 23
67 86
93 15
91 28
118 58
68 18
94 74
92 49
119 31
69 27
95 88
93 100
120 22
70 33
96 34
94 60
121 22
71 45
97 85
95 46
122 59
72 49
98 79
96 10
123 85
73 80
99 69
97 23
124 75
74 27
100 22
98 45
125 15
75 35
99 84
126 55
76 47
102 70
127 72
77 27
103 12
101 69
128 90
78 87
104 81
102 92
129 44
79 23
105 33
103 76
130 44
80 52
106 14
104 94
131 34
81 75
107 86
105 34
132 22
82 11
108 68
106 39
133 39
83 76
109 26
107 21
134 66
84 55
110 56
108 52
135 76
85 49
111 43
109 97
136 33
86 67
112 50
110 81
137 32
87 94
113 10
111 29
138 58
88 65
114 56
112 25
139 48
89 29
115 44
113 56
140 57
90 47
116 23
114 20
141 83
91 47
117 18
115 35
142 53
92 80
118 13
116 80
143 61
93 87
119 17
117 12
144 29
94 75
120 95
118 37
145 86
95 82
121 49
119 12
146 31
96 95
122 86
120 24
147 91
97 92
123 70
121 18
148 63
98 16
124 72
122 90
149 34
99 68
125 65
123 59
150 97
100 34
124 60
151 69
101 40
127 59
152 30
102 31
128 18
126 97
153 58
103 90
129 37
127 20
154 35
104 92
130 16
128 100
155 49
105 85
131 80
129 44
156 71
106 21
132 20
130 87
157 66
107 95
133 31
131 83
158 86
108 42
134 94
132 89
159 47
109 59
135 42
133 14
160 93
110 48
136 57
134 11
161 17
111 32
137 20
135 49
162 98
112 27
138 87
136 60
163 92
113 10
139 16
137 88
164 19
114 83
140 26
138 96
165 82
115 41
141 58
139 93
166 90
116 19
142 32
140 35
167 83
117 71
143 26
141 33
168 88
118 51
144 46
142 71
169 93
119 100
145 47
143 18
170 35
120 44
146 39
144 100
171 33
121 57
147 65
145 27
172 27
122 36
148 59
146 55
173 52
123 29
149 29
147 95
174 74
124 68
150 90
148 35
175 72
125 86
149 75
176 93
126 42
152 42
177 53
127 73
153 99
151 83
178 35
128 14
154 34
152 23
179 100
129 22
155 13
153 47
180 63
130 21
156 77
154 87
181 34
131 13
157 42
155 39
182 11
132 87
158 77
156 40
183 100
133 29
159 97
157 45
184 100
134 22
160 73
158 50
185 37
135 93
161 55
159 73
186 52
136 91
162 11
160 18
187 30
137 44
163 30
161 80
188 96
138 23
164 72
162 14
189 98
139 86
165 11
163 71
190 51
140 26
166 44
164 52
191 40
141 10
167 12
165 38
192 16
142 42
168 37
166 29
193 99
143 30
169 75
167 91
194 14
144 27
170 53
168 15
195 23
145 45
171 42
169 76
196 67
146 16
172 36
170 28
197 92
147 42
173 78
171 56
198 82
148 39
174 90
172 62
199 58
149 94
175 69
173 43
200 86
150 46
174 47
201 13
151 77
177 69
202 86
152 94
178 52
176 79
203 91
153 50
179 34
177 54
204 14
154 70
180 97
178 89
205 30
155 68
181 100
179 42
206 50
156 48
182 99
180 67
207 37
157 13
183 51
181 38
208 36
158 90
184 90
182 88
209 61
159 60
185 68
183 84
210 57
160 17
186 48
184 78
211 86
161 15
187 65
185 48
212 67
162 22
188 30
186 37
213 89
163 12
189 94
187 32
214 49
164 85
190 98
188 95
215 87
165 54
191 19
189 17
216 84
166 34
192 30
190 92
217 16
167 85
193 79
191 82
218 98
168 96
194 67
192 16
219 71
169 87
195 27
193 12
220 34
170 93
196 90
194 22
221 74
171 89
197 53
195 77
222 100
172 62
198 89
196 42
223 80
173 46
199 71
197 16
224 44
174 72
200 62
198 52
225 34
175 97
199 43
226 68
176 52
202 44
227 75
177 64
203 82
201 29
228 17
178 55
204 14
202 59
229 63
179 41
205 40
203 93
230 70
180 21
206 63
204 83
231 56
181 51
207 97
205 79
232 67
182 31
208 66
206 99
233 93
183 73
209 89
207 87
234 17
184 71
210 61
208 68
235 58
185 92
211 51
209 59
236 63
186 72
212 68
210 94
237 39
187 91
213 57
211 66
238 23
188 74
214 15
212 25
239 72
189 46
215 26
213 94
240 87
190 39
216 28
214 41
241 36
191 66
217 33
215 75
242 94
192 65
218 23
216 30
243 26
193 98
219 22
217 11
244 40
194 41
220 61
218 86
245 15
195 46
221 30
219 40
246 60
196 42
222 25
220 90
247 89
197 42
223 78
221 27
248 80
198 75
224 40
222 35
249 65
199 72
225 40
223 15
250 97
200 44
224 89
251 77
201 50
227 75
252 34
202 33
228 75
226 76
253 57
203 13
229 98
227 91
254 91
204 52
230 96
228 18
255 19
205 54
231 68
229 29
256 36
206 60
232 74
230 73
257 66
207 89
233 91
231 81
258 86
208 40
234 40
232 19
259 51
209 57
235 52
233 50
260 43
210 25
236 24
234 63
261 42
211 60
237 34
235 91
262 46
212 19
238 38
236 88
263 42
213 42
239 66
237 99
264 97
214 84
240 66
238 46
265 53
215 32
241 46
239 22
266 59
216 99
242 66
240 10
267 35
217 20
243 26
241 39
268 19
218 21
244 24
242 45
269 30
219 99
245 39
243 24
270 21
220 92
246 92
244 100
271 21
221 36
247 70
245 84
272 55
222 74
248 68
246 33
273 82
223 72
249 72
247 31
274 79
224 41
250 34
248 66
275 40
225 44
249 69
276 23
226 32
252 75
277 69
227 89
253 71
251 17
278 37
228 47
254 66
252 43
279 44
229 51
255 29
253 29
280 82
230 29
256 40
254 51
281 33
231 83
257 36
255 51
282 40
232 34
258 56
256 53
283 41
233 75
259 20
257 93
284 50
234 68
260 13
258 11
285 85
235 54
261 16
259 88
286 66
236 16
262 91
260 34
287 52
237 47
263 77
261 23
288 67
238 33
264 84
262 58
289 80
239 34
265 15
263 23
290 81
240 100
266 36
264 13
291 20
241 83
267 22
265 18
292 76
242 10
268 12
266 93
293 98
243 48
269 43
267 11
294 28
244 88
270 26
268 12
295 50
245 45
271 94
269 91
296 74
246 12
272 66
270 38
297 69
247 31
273 19
271 87
298 83
248 80
274 98
272 25
299 67
249 13
275 80
273 94
300 27
250 24
274 54
301 91
251 76
277 10
302 22
252 66
278 70
276 62
303 90
253 54
279 73
277 83
304 54
254 45
280 100
278 52
305 83
255 52
281 12
279 57
306 64
256 50
282 88
280 50
307 75
257 74
283 19
281 87
308 12
258 68
284 17
282 94
309 99
259 43
285 16
283 56
310 70
260 75
286 47
284 97
311 18
261 45
287 99
285 98
312 25
262 46
288 32
286 17
313 96
263 24
289 73
287 86
314 73
264 21
290 77
288 11
315 38
265 72
291 54
289 13
316 62
266 76
292 85
290 67
317 68
267 39
293 44
291 40
318 57
268 33
294 47
292 51
319 68
269 15
295 18
293 39
320 93
270 71
296 71
294 84
321 15
271 65
297 100
295 72
322 55
272 77
298 98
296 79
323 88
273 70
299 38
297 75
324 53
274 69
300 13
298 75
325 24
275 54
299 71
326 38
276 30
302 28
327 39
277 40
303 12
301 21
328 60
278 48
304 86
302 51
329 12
279 86
305 37
303 18
330 39
280 72
306 76
304 23
331 36
281 85
307 78
305 50
332 67
282 59
308 77
306 66
333 12
283 72
309 21
307 59
334 92
284 60
310 55
308 83
335 71
285 55
311 81
309 18
336 16
286 98
312 74
310 15
337 21
287 40
313 51
311 76
338 60
288 47
314 14
312 38
339 85
289 18
315 59
313 89
340 44
290 18
316 100
314 96
341 77
291 97
317 12
315 39
342 33
292 52
318 63
316 70
343 78
293 97
319 21
317 43
344 64
294 10
320 17
318 55
345 81
295 39
321 92
319 34
346 36
296 71
322 51
320 14
347 20
297 15
323 70
321 26
348 41
298 62
324 33
322 43
349 37
299 11
325 83
323 55
350 54
300 51
324 53
351 20
301 41
327 42
352 97
302 42
328 74
326 95
353 42
303 14
329 10
327 25
354 85
304 48
330 86
328 68
355 100
305 21
331 37
329 89
356 96
306 42
332 72
330 100
357 39
307 20
333 66
331 78
358 84
308 99
334 85
332 66
359 95
309 72
335 97
333 24
360 33
310 26
336 83
334 54
361 72
311 62
337 62
335 92
362 91
312 80
338 52
336 36
363 40
313 51
339 43
337 52
364 11
314 68
340 84
338 19
365 29
315 89
341 56
339 45
366 44
316 27
342 89
340 79
367 21
317 59
343 98
341 77
368 49
318 78
344 81
342 86
369 77
319 21
345 51
343 54
370 50
320 81
346 44
344 55
371 66
321 42
347 57
345 82
372 78
322 14
348 82
346 90
373 83
323 51
349 52
347 95
374 81
324 66
350 52
348 23
375 45
325 27
349 61
376 79
326 46
352 46
377 85
327 91
353 70
351 31
378 28
328 52
354 24
352 47
379 44
329 69
355 49
353 17
380 63
330 84
356 99
354 39
381 31
331 76
357 88
355 32
382 80
332 31
358 27
356 67
383 19
333 61
359 56
357 61
384 100
334 86
360 20
358 42
385 16
335 47
361 80
359 31
386 56
336 39
362 18
360 14
387 62
337 40
363 10
361 59
388 59
338 69
364 50
362 74
389 45
339 72
365 97
363 12
390 51
340 18
366 85
364 57
391 52
341 67
367 52
365 86
392 100
342 100
368 12
366 38
393 98
343 100
369 74
367 98
394 41
344 59
370 99
368 20
395 73
345 84
371 13
369 48
396 39
346 88
372 64
370 18
397 36
347 18
373 71
371 63
398 76
348 66
374 73
372 99
399 31
349 95
375 38
373 37
400 78
350 29
374 94
401 20
351 96
377 36
402 40
352 54
378 67
376 50
403 46
353 35
379 74
377 79
404 18
354 49
380 24
378 21
405 19
355 32
381 93
379 39
406 99
356 84
382 80
380 59
407 41
357 45
383 10
381 99
408 89
358 68
384 79
382 65
409 33
359 50
385 65
383 38
410 55
360 95
386 54
384 90
411 28
361 88
387 66
385 68
412 75
362 93
388 27
386 13
413 48
363 72
389 99
387 63
414 93
364 99
390 72
388 87
415 48
365 70
391 79
389 58
416 42
366 68
392 49
390 34
417 49
367 91
393 95
391 85
418 50
368 57
394 81
392 71
419 45
369 51
395 29
393 63
420 31
370 62
396 31
394 18
421 84
371 20
397 43
395 49
422 100
372 32
398 86
396 19
423 93
373 91
399 70
397 88
424 18
374 99
400 99
398 87
425 79
375 21
399 25
426 10
376 90
402 58
427 82
377 77
403 18
401 63
428 46
378 22
404 98
402 69
429 86
379 96
405 59
403 30
430 56
380 33
406 96
404 29
431 47
381 57
407 90
405 56
432 19
382 85
408 36
406 14
433 52
383 42
409 48
407 29
434 70
384 10
410 57
408 53
435 21
385 79
411 22
409 80
436 60
386 19
412 76
410 69
437 72
387 72
413 14
411 38
438 95
388 11
414 52
412 97
439 84
389 27
415 49
413 13
440 28
390 30
416 74
414 54
441 24
391 83
417 63
415 11
442 91
392 24
418 56
416 61
443 96
393 63
419 12
417 26
444 95
394 49
420 32
418 93
445 99
395 28
421 75
419 24
446 43
396 68
422 80
420 26
447 97
397 79
423 76
421 48
448 37
398 38
424 64
422 62
449 12
399 80
425 12
423 13
450 65
400 27
424 94
451 40
401 72
427 61
452 92
402 59
428 18
426 94
453 81
403 33
429 48
427 69
454 72
404 14
430 82
428 40
455 62
405 63
431 53
429 71
456 58
406 78
432 79
430 94
457 37
407 55
433 40
431 15
458 72
408 29
434 85
432 43
459 39
409 73
435 58
433 20
460 18
410 35
436 84
434 42
461 34
411 57
437 57
435 15
462 77
412 82
438 32
436 25
463 32
413 20
439 38
437 14
464 92
414 59
440 40
438 75
465 50
415 23
441 19
439 91
466 61
416 74
442 40
440 78
467 57
417 35
443 23
441 76
468 100
418 68
444 90
442 34
469 47
419 52
445 81
443 65
470 31
420 49
446 13
444 11
471 11
421 68
447 47
445 14
472 65
422 85
448 23
446 73
473 12
423 67
449 51
447 29
474 10
424 28
450 82
448 15
475 85
425 12
449 74
476 60
426 35
452 87
477 82
427 39
453 57
451 57
478 73
428 27
454 41
452 54
479 44
429 56
455 68
453 27
480 20
430 92
456 10
454 100
481 76
431 12
457 13
455 99
482 71
432 33
458 70
456 34
483 26
433 54
459 53
457 100
484 86
434 70
460 14
458 80
485 44
435 57
461 34
459 63
486 44
436 76
462 35
460 92
487 26
437 13
463 21
461 48
488 75
438 51
464 73
462 29
489 89
439 96
465 78
463 91
490 77
440 32
466 30
464 59
491 69
441 23
467 90
465 83
492 94
442 28
468 15
466 39
493 23
443 90
469 92
467 87
494 27
444 10
470 66
468 59
495 59
445 89
471 87
469 73
496 70
446 38
472 97
470 59
497 35
447 68
473 53
471 83
498 27
448 88
474 18
472 66
499 24
449 73
475 42
473 94
500 49
450 69
474 70
501 55
451 27
477 32
502 81
452 51
478 62
476 33
503 59
453 11
479 76
477 14
504 62
454 86
480 21
478 42
505 20
455 66
481 98
479 70
506 69
456 98
482 16
480 25
507 54
457 10
483 41
481 84
508 100
458 42
484 37
482 90
509 89
459 47
485 43
483 41
510 36
460 71
486 50
484 28
511 66
461 26
487 71
485 78
512 49
462 23
488 79
486 39
513 81
463 28
489 75
487 90
514 46
464 19
490 47
488 49
515 64
465 65
491 40
489 31
516 55
466 57
492 85
490 15
517 62
467 26
493 25
491 85
518 56
468 99
494 72
492 17
519 60
469 99
495 43
493 63
520 48
470 22
496 51
494 48
521 78
471 42
497 81
495 96
522 30
472 71
498 75
496 54
523 78
473 54
499 79
497 36
524 67
474 11
500 10
498 72
525 69
475 81
499 17
526 39
476 40
502 79
527 81
477 10
503 89
501 58
528 81
478 82
504 19
502 13
529 62
479 67
505 41
503 10
530 66
480 27
506 18
504 40
531 42
481 50
507 81
505 89
532 99
482 81
508 26
506 47
533 53
483 22
509 61
507 68
534 79
484 62
510 66
508 42
535 24
485 45
511 27
509 14
536 75
486 65
512 100
510 44
537 57
487 54
513 49
511 21
538 48
488 45
514 97
512 16
539 69
489 82
515 23
513 64
540 31
490 99
516 31
514 59
541 65
491 34
517 60
515 45
542 12
492 20
518 34
516 30
543 25
493 17
519 67
517 43
544 50
494 39
520 49
518 44
545 95
495 31
521 51
519 16
546 18
496 85
522 64
520 86
547 18
497 73
523 66
521 32
548 94
498 91
524 97
522 35
549 37
499 97
525 75
523 53
550 36
500 68
524 99
551 65
501 34
527 23
552 49
502 42
528 65
526 57
553 33
503 53
529 35
527 63
554 57
504 17
530 20
528 75
555 43
505 98
531 18
529 28
556 36
506 16
532 80
530 30
557 41
507 53
533 24
531 47
558 87
508 19
534 52
532 11
559 79
509 44
535 21
533 92
560 27
510 63
536 65
534 74
561 11
511 70
537 94
535 11
562 36
512 17
538 52
536 16
563 56
513 95
539 48
537 40
564 30
514 43
540 72
538 89
565 57
515 83
541 92
539 82
566 33
516 49
542 22
540 90
567 61
517 22
543 72
541 61
568 69
518 42
544 62
542 56
569 11
519 51
545 45
543 59
570 67
520 48
546 77
544 20
571 25
521 98
547 19
545 89
572 90
522 39
548 25
546 31
573 77
523 95
549 15
547 55
574 45
524 98
550 83
548 59
575 32
525 72
549 39
576 27
526 54
552 92
577 43
527 32
553 66
551 17
578 86
528 90
554 25
552 59
579 31
529 29
555 11
553 21
580 54
530 70
556 75
554 74
581 19
531 58
557 11
555 57
582 45
532 99
558 35
556 81
583 33
533 30
559 47
557 35
584 38
534 29
560 64
558 98
585 38
535 44
561 72
559 33
586 96
536 90
562 26
560 54
587 40
537 16
563 96
561 20
588 26
538 65
564 95
562 93
589 34
539 65
565 47
563 24
590 66
540 30
566 14
564 83
591 47
541 39
567 52
565 68
592 22
542 87
568 56
566 60
593 67
543 87
569 35
567 57
594 13
544 27
570 85
568 40
595 72
545 100
571 15
569 60
596 48
546 67
572 12
570 22
597 91
547 29
573 69
571 96
598 67
548 14
574 60
572 75
599 19
549 29
575 10
573 86
600 71
550 52
574 93
601 77
551 100
577 43
602 12
552 50
578 75
576 45
603 12
553 77
579 78
577 26
604 71
554 37
580 41
578 44
605 10
555 91
581 12
579 26
606 60
556 98
582 54
580 27
607 33
557 12
583 91
581 96
608 78
558 54
584 26
582 71
609 45
559 65
585 36
583 44
610 24
560 44
586 14
584 51
611 88
561 25
587 60
585 92
612 24
562 83
588 11
586 37
613 82
563 49
589 70
587 25
614 42
564 66
590 98
588 65
615 39
565 61
591 15
589 38
616 80
566 51
592 62
590 22
617 50
567 74
593 76
591 13
618 44
568 39
594 77
592 40
619 37
569 52
595 18
593 12
620 28
570 72
596 50
594 66
621 15
571 39
597 65
595 69
622 63
572 56
598 74
596 12
623 88
573 95
599 51
597 70
624 86
574 47
600 64
598 66
625 79
575 66
599 60
576 42
602 21
577 41
603 70
601 52
578 44
604 96
602 96
579 86
605 59
603 60
580 81
606 66
604 71
581 57
607 92
605 27
582 55
608 51
606 12
583 12
609 49
607 22
584 40
610 67
608 93
585 62
611 40
609 39
586 71
612 98
610 96
587 27
613 28
611 34
588 62
614 94
612 63
589 20
615 75
613 23
590 30
616 67
614 64
591 89
617 60
615 32
592 33
618 37
616 59
593 85
619 72
617 97
594 83
620 51
618 71
595 43
621 80
619 27
596 93
622 76
620 71
597 72
623 24
621 100
598 43
624 20
622 99
599 44
625 93
623 51
600 100
624 28
488
353
1 488 
1 554 
3 514 122 276 
1 112 
1 244 
1 109 
2 30 103 
3 401 548 105 
2 356 56 
1 587 
1 617 
1 65 
2 296 280 
4 319 151 220 96 
4 460 623 519 304 
2 53 7 
1 622 
1 383 
2 557 578 
3 111 142 359 
3 388 480 518 
1 408 
2 66 529 
3 45 603 71 
1 621 
2 546 52 
2 179 606 
1 347 
1 502 
1 363 
2 285 330 
2 107 535 
2 610 262 
3 38 123 543 
2 613 400 
2 608 195 
3 329 379 531 
2 368 492 
1 567 
2 70 349 
2 547 607 
1 419 
2 206 457 
3 510 493 153 
1 403 
2 131 25 
2 423 448 
1 494 
3 333 360 136 
1 370 
1 609 
1 416 
2 351 39 
1 224 
1 496 
1 203 
2 128 439 
1 380 
1 479 
1 462 
3 133 355 527 
2 381 260 
2 288 161 
1 569 
1 303 
1 558 
1 474 
1 205 
2 447 167 
3 428 394 261 
1 418 
1 226 
2 15 511 
2 101 115 
2 88 106 
2 600 440 
3 328 523 233 
1 325 
2 350 583 
1 245 
2 536 240 
1 580 
2 27 399 
1 91 
1 469 
3 624 568 213 
1 465 
1 175 
2 218 483 
4 373 591 598 595 
3 452 126 84 
2 320 542 
3 594 301 441 
1 358 
2 61 602 
2 295 235 
2 272 444 
2 178 268 
2 113 467 
3 287 294 427 
2 410 458 
1 258 
1 264 
2 481 263 
1 143 
3 102 197 490 
1 31 
1 313 
3 509 389 588 
2 42 13 
3 310 549 437 
2 508 68 
2 395 11 
3 277 522 164 
3 461 284 604 
3 411 155 450 
3 592 127 54 
3 148 100 353 
