196 728 10 100 37
2
3
3
3
3
3
3
3
3
3
3
3
3
2
3
4
4
4
4
4
4
4
4
4
4
4
4
3
3
4
4
4
4
4
4
4
4
4
4
4
4
3
3
4
4
4
4
4
4
4
4
4
4
4
4
3
3
4
4
4
4
4
4
4
4
4
4
4
4
3
3
4
4
4
4
4
4
4
4
4
4
4
4
3
3
4
4
4
4
4
4
4
4
4
4
4
4
3
3
4
4
4
4
4
4
4
4
4
4
4
4
3
3
4
4
4
4
4
4
4
4
4
4
4
4
3
3
4
4
4
4
4
4
4
4
4
4
4
4
3
3
4
4
4
4
4
4
4
4
4
4
4
4
3
3
4
4
4
4
4
4
4
4
4
4
4
4
3
3
4
4
4
4
4
4
4
4
4
4
4
4
3
2
3
3
3
3
3
3
3
3
3
3
3
3
2
15 59
2 29
16 18
3 27
1 71
17 18
4 77
2 100
18 70
5 21
3 53
19 46
6 20
4 49
20 27
7 40
5 69
21 27
8 63
6 50
22 53
9 80
7 63
23 88
10 68
8 77
24 23
11 100
9 39
25 50
12 10
10 90
26 45
13 90
11 50
27 37
14 98
12 52
28 40
13 77
29 60
1 82
16 78
30 56
2 54
17 80
15 42
31 18
3 70
18 19
16 66
32 92
4 60
19 55
17 64
33 73
5 67
20 87
18 54
34 37
6 53
21 52
19 71
35 32
7 38
22 51
20 99
36 78
8 80
23 43
21 82
37 35
9 52
24 67
22 80
38 97
10 13
25 46
23 38
39 30
11 20
26 37
24 12
40 26
12 74
27 17
25 95
41 57
13 22
28 90
26 25
42 54
14 67
27 44
43 47
15 66
30 69
44 75
16 15
31 49
29 58
45 91
17 41
32 22
30 11
46 25
18 71
33 100
31 44
47 40
19 21
34 75
32 100
48 71
20 65
35 91
33 46
49 46
21 26
36 56
34 70
50 32
22 66
37 46
35 100
51 35
23 82
38 46
36 47
52 34
24 97
39 22
37 82
53 45
25 89
40 45
38 69
54 18
26 96
41 12
39 76
55 16
27 40
42 82
40 85
56 96
28 11
41 43
57 45
29 40
44 19
58 26
30 94
45 45
43 35
59 60
31 76
46 47
44 68
60 19
32 19
47 55
45 98
61 29
33 80
48 74
46 74
62 86
34 33
49 39
47 19
63 74
35 12
50 75
48 59
64 100
36 87
51 25
49 72
65 28
37 48
52 75
50 29
66 18
38 96
53 76
51 96
67 68
39 73
54 34
52 97
68 36
40 51
55 57
53 47
69 57
41 35
56 59
54 80
70 88
42 20
55 92
71 82
43 52
58 98
72 68
44 100
59 74
57 21
73 89
45 93
60 35
58 55
74 100
46 74
61 98
59 89
75 32
47 50
62 23
60 36
76 76
48 44
63 71
61 22
77 15
49 42
64 67
62 35
78 81
50 85
65 53
63 53
79 14
51 100
66 44
64 66
80 75
52 87
67 25
65 92
81 77
53 25
68 39
66 64
82 22
54 31
69 44
67 22
83 74
55 29
70 46
68 52
84 61
56 37
69 33
85 82
57 83
72 77
86 96
58 48
73 43
71 11
87 27
59 73
74 93
72 63
88 33
60 56
75 100
73 66
89 91
61 56
76 50
74 58
90 41
62 73
77 57
75 98
91 58
63 79
78 48
76 34
92 55
64 32
79 28
77 35
93 51
65 31
80 94
78 14
94 42
66 26
81 14
79 36
95 82
67 79
82 64
80 26
96 11
68 33
83 68
81 24
97 78
69 65
84 58
82 85
98 96
70 24
83 35
99 21
71 40
86 17
100 83
72 43
87 70
85 30
101 47
73 89
88 18
86 79
102 78
74 18
89 66
87 27
103 27
75 77
90 90
88 42
104 76
76 65
91 89
89 18
105 39
77 36
92 90
90 43
106 100
78 17
93 30
91 91
107 94
79 92
94 46
92 47
108 10
80 71
95 21
93 47
109 78
81 51
96 31
94 83
110 84
82 93
97 72
95 40
111 16
83 53
98 84
96 57
112 64
84 88
97 23
113 52
85 87
100 69
114 59
86 69
101 86
99 98
115 71
87 64
102 21
100 14
116 30
88 25
103 91
101 32
117 66
89 56
104 37
102 63
118 43
90 12
105 87
103 26
119 32
91 49
106 68
104 87
120 25
92 74
107 92
105 34
121 87
93 68
108 24
106 25
122 76
94 77
109 28
107 97
123 75
95 56
110 21
108 20
124 57
96 74
111 15
109 44
125 62
97 25
112 84
110 53
126 50
98 82
111 67
127 83
99 79
114 21
128 69
100 70
115 19
113 49
129 79
101 86
116 39
114 66
130 81
102 60
117 11
115 49
131 10
103 91
118 18
116 74
132 10
104 42
119 38
117 33
133 10
105 93
120 80
118 71
134 11
106 19
121 50
119 29
135 62
107 85
122 67
120 35
136 69
108 44
123 76
121 80
137 90
109 83
124 41
122 65
138 13
110 87
125 57
123 96
139 73
111 43
126 39
124 72
140 59
112 88
125 91
141 86
113 65
128 37
142 67
114 84
129 76
127 21
143 51
115 43
130 41
128 36
144 62
116 88
131 34
129 74
145 38
117 23
132 41
130 87
146 45
118 80
133 92
131 60
147 17
119 93
134 18
132 21
148 55
120 38
135 34
133 86
149 45
121 44
136 19
134 71
150 99
122 63
137 51
135 81
151 15
123 39
138 63
136 22
152 70
124 33
139 69
137 49
153 11
125 32
140 82
138 43
154 13
126 41
139 27
155 72
127 85
142 83
156 10
128 61
143 71
141 55
157 74
129 12
144 55
142 99
158 94
130 72
145 34
143 53
159 61
131 29
146 70
144 10
160 41
132 60
147 41
145 40
161 13
133 15
148 29
146 52
162 89
134 58
149 53
147 54
163 61
135 74
150 59
148 60
164 48
136 56
151 65
149 97
165 10
137 70
152 23
150 73
166 42
138 77
153 22
151 31
167 96
139 80
154 64
152 39
168 35
140 53
153 48
169 70
141 58
156 77
170 84
142 36
157 58
155 61
171 34
143 43
158 95
156 77
172 12
144 83
159 60
157 57
173 48
145 88
160 70
158 55
174 53
146 57
161 72
159 56
175 60
147 39
162 41
160 75
176 43
148 81
163 75
161 15
177 52
149 99
164 61
162 16
178 54
150 76
165 46
163 90
179 68
151 52
166 35
164 95
180 75
152 99
167 93
165 79
181 44
153 92
168 72
166 17
182 75
154 52
167 96
183 81
155 79
170 96
184 17
156 83
171 49
169 24
185 54
157 60
172 18
170 37
186 31
158 60
173 89
171 63
187 25
159 97
174 64
172 48
188 87
160 76
175 76
173 18
189 30
161 50
176 42
174 81
190 13
162 57
177 29
175 62
191 91
163 36
178 44
176 71
192 62
164 40
179 83
177 64
193 80
165 40
180 86
178 15
194 85
166 54
181 74
179 17
195 78
167 72
182 30
180 54
196 81
168 92
181 97
169 53
184 97
170 25
185 84
183 68
171 84
186 23
184 39
172 60
187 48
185 64
173 72
188 45
186 91
174 17
189 15
187 73
175 81
190 99
188 34
176 57
191 46
189 64
177 65
192 76
190 84
178 89
193 28
191 97
179 72
194 79
192 45
180 61
195 88
193 30
181 19
196 70
194 63
182 21
195 36
40
95
2 48 40 
2 179 75 
1 182 
2 1 163 
2 178 82 
1 175 
2 192 191 
2 186 104 
2 184 4 
1 20 
1 77 
1 27 
3 46 151 98 
1 59 
3 107 55 31 
1 89 
1 124 
2 38 33 
2 49 3 
4 93 159 114 142 
4 150 91 39 135 
2 9 140 
2 97 79 
1 16 
2 152 127 
1 63 
1 90 
2 170 148 
3 126 143 68 
3 65 18 145 
1 134 
2 118 73 
1 156 
2 37 87 
1 99 
1 14 
3 25 50 95 
