400 1520 10 100 76
2
3
3
3
3
3
3
3
3
3
3
3
3
3
3
3
3
3
3
2
3
4
4
4
4
4
4
4
4
4
4
4
4
4
4
4
4
4
4
3
3
4
4
4
4
4
4
4
4
4
4
4
4
4
4
4
4
4
4
3
3
4
4
4
4
4
4
4
4
4
4
4
4
4
4
4
4
4
4
3
3
4
4
4
4
4
4
4
4
4
4
4
4
4
4
4
4
4
4
3
3
4
4
4
4
4
4
4
4
4
4
4
4
4
4
4
4
4
4
3
3
4
4
4
4
4
4
4
4
4
4
4
4
4
4
4
4
4
4
3
3
4
4
4
4
4
4
4
4
4
4
4
4
4
4
4
4
4
4
3
3
4
4
4
4
4
4
4
4
4
4
4
4
4
4
4
4
4
4
3
3
4
4
4
4
4
4
4
4
4
4
4
4
4
4
4
4
4
4
3
3
4
4
4
4
4
4
4
4
4
4
4
4
4
4
4
4
4
4
3
3
4
4
4
4
4
4
4
4
4
4
4
4
4
4
4
4
4
4
3
3
4
4
4
4
4
4
4
4
4
4
4
4
4
4
4
4
4
4
3
3
4
4
4
4
4
4
4
4
4
4
4
4
4
4
4
4
4
4
3
3
4
4
4
4
4
4
4
4
4
4
4
4
4
4
4
4
4
4
3
3
4
4
4
4
4
4
4
4
4
4
4
4
4
4
4
4
4
4
3
3
4
4
4
4
4
4
4
4
4
4
4
4
4
4
4
4
4
4
3
3
4
4
4
4
4
4
4
4
4
4
4
4
4
4
4
4
4
4
3
3
4
4
4
4
4
4
4
4
4
4
4
4
4
4
4
4
4
4
3
2
3
3
3
3
3
3
3
3
3
3
3
3
3
3
3
3
3
3
2
21 60
2 29
22 35
3 73
1 11
23 59
4 86
2 34
24 44
5 18
3 15
25 27
6 92
4 32
26 48
7 86
5 52
27 95
8 87
6 20
28 99
9 53
7 19
29 90
10 81
8 98
30 68
11 56
9 100
31 63
12 14
10 10
32 66
13 60
11 92
33 67
14 63
12 52
34 84
15 82
13 18
35 57
16 90
14 31
36 73
17 97
15 52
37 75
18 29
16 85
38 78
19 27
17 50
39 90
20 33
18 61
40 83
19 51
41 54
1 100
22 86
42 24
2 34
23 77
21 17
43 88
3 20
24 61
22 57
44 13
4 25
25 44
23 93
45 17
5 79
26 22
24 91
46 10
6 85
27 41
25 92
47 23
7 88
28 93
26 46
48 74
8 92
29 48
27 85
49 57
9 14
30 99
28 74
50 16
10 94
31 29
29 88
51 60
11 72
32 91
30 80
52 16
12 66
33 84
31 45
53 87
13 69
34 73
32 74
54 46
14 70
35 17
33 96
55 28
15 39
36 97
34 78
56 88
16 100
37 68
35 56
57 65
17 82
38 65
36 66
58 86
18 10
39 53
37 22
59 14
19 77
40 32
38 49
60 100
20 55
39 88
61 35
21 75
42 40
62 89
22 66
43 42
41 29
63 40
23 48
44 82
42 24
64 57
24 64
45 76
43 32
65 68
25 45
46 25
44 44
66 92
26 37
47 14
45 67
67 17
27 92
48 42
46 92
68 76
28 47
49 73
47 40
69 55
29 54
50 17
48 56
70 46
30 87
51 37
49 22
71 61
31 39
52 10
50 62
72 100
32 77
53 72
51 80
73 63
33 48
54 47
52 59
74 40
34 57
55 27
53 70
75 65
35 74
56 42
54 31
76 67
36 40
57 28
55 59
77 52
37 26
58 37
56 17
78 70
38 96
59 91
57 49
79 64
39 33
60 37
58 20
80 92
40 70
59 86
81 84
41 68
62 83
82 94
42 44
63 79
61 16
83 13
43 14
64 78
62 40
84 15
44 39
65 52
63 11
85 69
45 38
66 14
64 18
86 45
46 72
67 25
65 81
87 64
47 64
68 14
66 66
88 74
48 27
69 67
67 23
89 55
49 79
70 64
68 64
90 100
50 31
71 92
69 98
91 93
51 55
72 39
70 36
92 16
52 15
73 55
71 96
93 75
53 30
74 27
72 27
94 18
54 59
75 23
73 65
95 63
55 66
76 56
74 27
96 99
56 93
77 93
75 92
97 13
57 12
78 85
76 52
98 86
58 35
79 28
77 100
99 57
59 41
80 68
78 25
100 93
60 52
79 85
101 78
61 99
82 30
102 28
62 17
83 83
81 31
103 52
63 76
84 67
82 30
104 59
64 67
85 94
83 30
105 41
65 83
86 49
84 30
106 11
66 86
87 90
85 74
107 75
67 22
88 70
86 66
108 26
68 69
89 58
87 38
109 12
69 20
90 23
88 34
110 20
70 94
91 63
89 32
111 99
71 67
92 49
90 40
112 95
72 99
93 16
91 50
113 79
73 82
94 42
92 18
114 76
74 87
95 11
93 57
115 75
75 26
96 82
94 96
116 19
76 91
97 89
95 73
117 41
77 24
98 85
96 92
118 95
78 66
99 92
97 82
119 46
79 40
100 23
98 24
120 66
80 81
99 62
121 20
81 95
102 13
122 97
82 58
103 13
101 48
123 77
83 94
104 22
102 73
124 58
84 90
105 100
103 46
125 35
85 24
106 34
104 97
126 92
86 64
107 62
105 55
127 81
87 87
108 72
106 93
128 64
88 62
109 51
107 40
129 58
89 82
110 74
108 13
130 99
90 42
111 71
109 56
131 94
91 72
112 37
110 67
132 64
92 96
113 46
111 94
133 63
93 77
114 67
112 14
134 60
94 99
115 70
113 95
135 48
95 57
116 48
114 90
136 19
96 44
117 71
115 88
137 77
97 23
118 57
116 67
138 92
98 97
119 97
117 53
139 50
99 42
120 11
118 78
140 74
100 14
119 35
141 52
101 67
122 80
142 37
102 13
123 35
121 58
143 49
103 59
124 95
122 47
144 97
104 18
125 95
123 92
145 44
105 12
126 51
124 63
146 33
106 91
127 80
125 19
147 49
107 22
128 42
126 63
148 16
108 20
129 31
127 95
149 17
109 55
130 28
128 89
150 35
110 95
131 22
129 12
151 33
111 84
132 24
130 31
152 35
112 75
133 17
131 25
153 69
113 46
134 28
132 78
154 61
114 35
135 88
133 88
155 81
115 69
136 38
134 53
156 32
116 12
137 98
135 19
157 43
117 45
138 39
136 30
158 26
118 10
139 65
137 88
159 75
119 73
140 68
138 52
160 98
120 81
139 46
161 61
121 88
142 16
162 21
122 99
143 26
141 84
163 64
123 58
144 46
142 65
164 31
124 83
145 51
143 75
165 27
125 45
146 74
144 93
166 80
126 33
147 22
145 41
167 54
127 29
148 50
146 33
168 41
128 62
149 83
147 61
169 62
129 65
150 90
148 78
170 35
130 47
151 19
149 14
171 21
131 90
152 89
150 26
172 63
132 53
153 72
151 50
173 49
133 14
154 38
152 21
174 34
134 14
155 16
153 77
175 71
135 67
156 66
154 50
176 18
136 73
157 33
155 22
177 79
137 69
158 48
156 49
178 69
138 63
159 81
157 90
179 20
139 35
160 80
158 73
180 71
140 100
159 68
181 51
141 85
162 98
182 10
142 22
163 57
161 29
183 63
143 22
164 85
162 15
184 54
144 77
165 91
163 12
185 40
145 78
166 21
164 39
186 100
146 13
167 33
165 89
187 15
147 27
168 95
166 16
188 41
148 71
169 10
167 68
189 81
149 75
170 66
168 49
190 82
150 73
171 96
169 23
191 54
151 65
172 59
170 28
192 97
152 63
173 87
171 86
193 91
153 27
174 19
172 45
194 55
154 98
175 71
173 16
195 86
155 21
176 95
174 23
196 35
156 50
177 31
175 89
197 97
157 46
178 29
176 83
198 45
158 41
179 15
177 64
199 74
159 41
180 95
178 76
200 26
160 91
179 32
201 53
161 27
182 14
202 14
162 99
183 48
181 34
203 92
163 26
184 62
182 35
204 35
164 29
185 31
183 34
205 31
165 23
186 78
184 52
206 97
166 25
187 21
185 24
207 22
167 32
188 38
186 80
208 14
168 66
189 45
187 54
209 69
169 45
190 52
188 65
210 44
170 59
191 28
189 77
211 12
171 62
192 89
190 96
212 66
172 36
193 15
191 68
213 47
173 25
194 66
192 39
214 58
174 41
195 53
193 80
215 65
175 88
196 85
194 43
216 48
176 38
197 33
195 96
217 27
177 24
198 35
196 71
218 100
178 38
199 79
197 17
219 14
179 40
200 49
198 58
220 30
180 83
199 51
221 44
181 21
202 31
222 41
182 81
203 21
201 60
223 13
183 26
204 17
202 66
224 26
184 90
205 17
203 95
225 14
185 93
206 36
204 34
226 11
186 82
207 70
205 36
227 62
187 16
208 81
206 57
228 62
188 85
209 43
207 41
229 57
189 21
210 29
208 79
230 61
190 52
211 23
209 96
231 98
191 47
212 19
210 46
232 34
192 47
213 97
211 25
233 93
193 25
214 18
212 20
234 10
194 38
215 71
213 21
235 89
195 69
216 80
214 67
236 77
196 71
217 61
215 51
237 42
197 93
218 84
216 55
238 18
198 80
219 72
217 56
239 75
199 39
220 54
218 62
240 93
200 94
219 50
241 34
201 53
222 43
242 78
202 17
223 31
221 31
243 44
203 46
224 15
222 82
244 11
204 89
225 73
223 61
245 60
205 70
226 89
224 34
246 56
206 83
227 48
225 33
247 43
207 12
228 44
226 94
248 72
208 27
229 94
227 11
249 84
209 44
230 93
228 63
250 98
210 36
231 52
229 81
251 83
211 51
232 13
230 24
252 57
212 31
233 66
231 91
253 51
213 49
234 89
232 94
254 91
214 45
235 59
233 45
255 72
215 74
236 18
234 11
256 67
216 58
237 35
235 12
257 10
217 66
238 14
236 15
258 100
218 14
239 81
237 62
259 24
219 22
240 78
238 91
260 89
220 30
239 70
261 99
221 57
242 39
262 43
222 56
243 12
241 37
263 47
223 66
244 77
242 21
264 76
224 68
245 53
243 77
265 48
225 71
246 39
244 20
266 65
226 32
247 78
245 61
267 79
227 21
248 67
246 31
268 12
228 91
249 46
247 24
269 79
229 45
250 33
248 74
270 11
230 39
251 18
249 69
271 50
231 92
252 32
250 76
272 80
232 54
253 55
251 32
273 10
233 89
254 60
252 52
274 81
234 30
255 75
253 86
275 35
235 20
256 100
254 15
276 27
236 30
257 61
255 48
277 77
237 100
258 64
256 96
278 65
238 79
259 36
257 73
279 73
239 55
260 24
258 12
280 74
240 26
259 94
281 29
241 47
262 25
282 96
242 95
263 84
261 66
283 61
243 95
264 95
262 30
284 26
244 57
265 27
263 27
285 90
245 13
266 92
264 67
286 61
246 91
267 75
265 20
287 33
247 45
268 96
266 27
288 45
248 46
269 23
267 54
289 18
249 55
270 90
268 46
290 82
250 74
271 16
269 35
291 33
251 98
272 13
270 12
292 49
252 27
273 10
271 86
293 88
253 59
274 23
272 32
294 47
254 65
275 52
273 79
295 93
255 56
276 24
274 63
296 100
256 93
277 78
275 88
297 77
257 37
278 92
276 49
298 93
258 50
279 62
277 79
299 32
259 75
280 20
278 57
300 54
260 36
279 55
301 81
261 53
282 20
302 21
262 21
283 38
281 50
303 96
263 71
284 45
282 73
304 58
264 71
285 21
283 34
305 38
265 67
286 94
284 36
306 82
266 43
287 59
285 100
307 29
267 50
288 18
286 26
308 29
268 30
289 38
287 42
309 75
269 96
290 50
288 92
310 62
270 90
291 13
289 13
311 67
271 71
292 11
290 69
312 87
272 10
293 80
291 36
313 58
273 74
294 89
292 22
314 98
274 92
295 39
293 64
315 30
275 22
296 91
294 51
316 16
276 52
297 31
295 67
317 97
277 80
298 24
296 28
318 21
278 82
299 77
297 58
319 65
279 62
300 87
298 89
320 44
280 54
299 79
321 67
281 33
302 90
322 27
282 18
303 92
301 79
323 90
283 39
304 72
302 51
324 52
284 93
305 85
303 40
325 16
285 22
306 64
304 67
326 13
286 81
307 34
305 31
327 39
287 14
308 31
306 30
328 71
288 41
309 23
307 84
329 37
289 34
310 30
308 64
330 64
290 23
311 50
309 26
331 42
291 83
312 92
310 59
332 23
292 80
313 27
311 89
333 75
293 29
314 35
312 51
334 13
294 70
315 79
313 100
335 62
295 70
316 57
314 99
336 85
296 77
317 15
315 65
337 40
297 90
318 48
316 22
338 68
298 89
319 93
317 40
339 55
299 95
320 73
318 14
340 83
300 40
319 19
341 47
301 10
322 17
342 91
302 48
323 96
321 54
343 56
303 34
324 49
322 89
344 29
304 34
325 95
323 100
345 99
305 40
326 29
324 16
346 58
306 70
327 90
325 85
347 56
307 70
328 48
326 44
348 64
308 41
329 52
327 10
349 28
309 84
330 81
328 29
350 81
310 55
331 10
329 87
351 66
311 84
332 73
330 21
352 26
312 20
333 57
331 91
353 12
313 64
334 89
332 51
354 17
314 88
335 57
333 42
355 41
315 96
336 54
334 94
356 42
316 74
337 33
335 43
357 76
317 45
338 20
336 42
358 46
318 43
339 92
337 35
359 63
319 26
340 99
338 46
360 64
320 20
339 53
361 38
321 71
342 75
362 15
322 65
343 88
341 70
363 98
323 50
344 65
342 75
364 73
324 82
345 82
343 21
365 52
325 76
346 65
344 18
366 45
326 76
347 76
345 43
367 85
327 86
348 76
346 42
368 81
328 31
349 40
347 95
369 82
329 79
350 76
348 99
370 36
330 25
351 11
349 73
371 77
331 54
352 56
350 29
372 79
332 17
353 18
351 19
373 26
333 87
354 71
352 87
374 18
334 100
355 38
353 95
375 93
335 24
356 66
354 61
376 46
336 75
357 59
355 71
377 58
337 68
358 40
356 80
378 99
338 30
359 15
357 30
379 38
339 58
360 55
358 25
380 20
340 39
359 30
381 32
341 39
362 82
382 40
342 33
363 86
361 74
383 69
343 11
364 40
362 68
384 96
344 69
365 45
363 97
385 71
345 40
366 70
364 45
386 18
346 31
367 98
365 68
387 10
347 59
368 41
366 67
388 43
348 31
369 58
367 10
389 69
349 92
370 57
368 37
390 45
350 47
371 82
369 78
391 69
351 70
372 25
370 63
392 16
352 77
373 76
371 86
393 58
353 45
374 75
372 97
394 95
354 32
375 67
373 39
395 86
355 23
376 49
374 67
396 23
356 43
377 55
375 34
397 20
357 98
378 48
376 92
398 100
358 45
379 91
377 90
399 100
359 19
380 60
378 64
400 83
360 23
379 54
361 44
382 79
362 13
383 82
381 68
363 36
384 33
382 21
364 64
385 33
383 27
365 28
386 56
384 69
366 12
387 13
385 75
367 68
388 40
386 21
368 39
389 72
387 37
369 90
390 28
388 41
370 42
391 95
389 29
371 75
392 28
390 37
372 59
393 25
391 45
373 26
394 28
392 69
374 40
395 25
393 24
375 23
396 20
394 34
376 34
397 79
395 14
377 66
398 43
396 100
378 28
399 79
397 76
379 18
400 78
398 99
380 98
399 16
161
87
3 201 96 161 
4 11 6 214 371 
1 40 
1 354 
3 257 283 27 
1 340 
1 125 
2 195 374 
1 196 
2 256 109 
3 17 153 251 
2 2 388 
1 358 
5 341 380 103 46 37 
1 242 
1 159 
2 233 32 
2 269 116 
1 249 
1 369 
3 188 348 45 
1 384 
1 209 
2 264 293 
3 3 78 359 
3 145 270 80 
1 165 
2 327 314 
2 366 290 
1 292 
1 244 
1 393 
1 156 
1 337 
3 106 238 222 
2 211 164 
1 307 
1 339 
1 309 
2 297 395 
3 223 54 385 
1 392 
1 91 
1 263 
2 43 133 
1 60 
3 317 117 35 
2 291 236 
3 347 34 208 
1 321 
1 304 
1 93 
3 399 357 135 
1 24 
2 203 221 
2 10 138 
1 92 
2 171 28 
4 57 349 280 139 
1 254 
2 62 205 
1 265 
2 119 365 
3 320 110 310 
4 151 44 335 294 
2 107 383 
2 240 177 
1 98 
3 227 305 42 
1 246 
2 150 143 
1 13 
2 367 224 
3 71 39 316 
2 137 318 
2 174 87 
