196 728 10 100 37
2
3
3
3
3
3
3
3
3
3
3
3
3
2
3
4
4
4
4
4
4
4
4
4
4
4
4
3
3
4
4
4
4
4
4
4
4
4
4
4
4
3
3
4
4
4
4
4
4
4
4
4
4
4
4
3
3
4
4
4
4
4
4
4
4
4
4
4
4
3
3
4
4
4
4
4
4
4
4
4
4
4
4
3
3
4
4
4
4
4
4
4
4
4
4
4
4
3
3
4
4
4
4
4
4
4
4
4
4
4
4
3
3
4
4
4
4
4
4
4
4
4
4
4
4
3
3
4
4
4
4
4
4
4
4
4
4
4
4
3
3
4
4
4
4
4
4
4
4
4
4
4
4
3
3
4
4
4
4
4
4
4
4
4
4
4
4
3
3
4
4
4
4
4
4
4
4
4
4
4
4
3
2
3
3
3
3
3
3
3
3
3
3
3
3
2
15 85
2 29
16 66
3 13
1 92
17 36
4 83
2 81
18 52
5 93
3 27
19 36
6 70
4 98
20 93
7 87
5 59
21 30
8 74
6 35
22 44
9 72
7 26
23 75
10 14
8 78
24 91
11 56
9 51
25 42
12 19
10 11
26 84
13 91
11 20
27 16
14 42
12 36
28 68
13 74
29 98
1 46
16 38
30 51
2 98
17 87
15 52
31 30
3 10
18 62
16 59
32 58
4 37
19 97
17 61
33 32
5 10
20 42
18 36
34 55
6 55
21 29
19 33
35 47
7 76
22 37
20 86
36 67
8 60
23 61
21 10
37 96
9 36
24 93
22 53
38 21
10 87
25 52
23 21
39 17
11 27
26 13
24 33
40 94
12 16
27 74
25 99
41 75
13 54
28 93
26 63
42 82
14 39
27 55
43 34
15 76
30 73
44 54
16 89
31 58
29 28
45 54
17 63
32 46
30 87
46 13
18 41
33 50
31 67
47 25
19 80
34 19
32 11
48 32
20 71
35 70
33 98
49 43
21 95
36 35
34 18
50 52
22 95
37 94
35 45
51 86
23 15
38 56
36 97
52 72
24 76
39 68
37 14
53 27
25 15
40 18
38 26
54 67
26 91
41 12
39 33
55 71
27 15
42 82
40 76
56 55
28 15
41 30
57 42
29 52
44 14
58 56
30 79
45 52
43 43
59 96
31 36
46 72
44 79
60 25
32 35
47 34
45 71
61 80
33 64
48 30
46 46
62 20
34 90
49 39
47 49
63 57
35 83
50 72
48 68
64 23
36 90
51 22
49 90
65 11
37 93
52 79
50 95
66 62
38 35
53 76
51 40
67 67
39 33
54 86
52 34
68 30
40 61
55 69
53 52
69 66
41 43
56 48
54 76
70 14
42 39
55 95
71 27
43 92
58 63
72 11
44 22
59 41
57 86
73 98
45 22
60 43
58 15
74 54
46 96
61 29
59 41
75 69
47 86
62 62
60 11
76 65
48 63
63 36
61 35
77 25
49 66
64 41
62 63
78 36
50 78
65 67
63 18
79 53
51 71
66 94
64 86
80 62
52 25
67 30
65 62
81 69
53 77
68 81
66 68
82 73
54 58
69 39
67 28
83 27
55 28
70 53
68 59
84 45
56 68
69 69
85 91
57 55
72 84
86 64
58 68
73 94
71 18
87 10
59 32
74 53
72 25
88 44
60 90
75 54
73 29
89 21
61 64
76 48
74 14
90 90
62 96
77 60
75 41
91 66
63 86
78 90
76 56
92 95
64 99
79 93
77 82
93 98
65 85
80 40
78 100
94 53
66 82
81 40
79 91
95 39
67 58
82 53
80 54
96 98
68 41
83 81
81 55
97 40
69 93
84 97
82 30
98 49
70 22
83 99
99 52
71 23
86 31
100 28
72 17
87 30
85 37
101 65
73 21
88 37
86 47
102 73
74 30
89 31
87 37
103 100
75 36
90 43
88 84
104 13
76 93
91 21
89 47
105 58
77 61
92 100
90 81
106 21
78 100
93 51
91 88
107 78
79 76
94 98
92 52
108 31
80 81
95 40
93 25
109 42
81 15
96 59
94 11
110 20
82 56
97 10
95 67
111 32
83 20
98 79
96 34
112 48
84 81
97 86
113 89
85 85
100 47
114 62
86 100
101 94
99 83
115 51
87 73
102 72
100 74
116 88
88 91
103 23
101 73
117 99
89 37
104 38
102 30
118 56
90 36
105 15
103 80
119 76
91 100
106 54
104 78
120 59
92 56
107 17
105 21
121 83
93 58
108 66
106 94
122 17
94 68
109 93
107 99
123 31
95 47
110 93
108 14
124 78
96 88
111 58
109 64
125 96
97 92
112 96
110 45
126 98
98 90
111 44
127 74
99 94
114 90
128 77
100 63
115 92
113 53
129 77
101 57
116 83
114 57
130 85
102 57
117 82
115 86
131 42
103 62
118 74
116 89
132 68
104 51
119 94
117 34
133 81
105 48
120 86
118 10
134 66
106 93
121 38
119 22
135 66
107 42
122 79
120 45
136 50
108 49
123 17
121 18
137 42
109 19
124 77
122 28
138 94
110 12
125 31
123 58
139 20
111 68
126 62
124 84
140 68
112 95
125 33
141 33
113 92
128 97
142 14
114 76
129 45
127 96
143 18
115 13
130 75
128 89
144 22
116 14
131 32
129 52
145 29
117 78
132 36
130 39
146 27
118 57
133 20
131 34
147 16
119 66
134 17
132 75
148 50
120 42
135 100
133 51
149 75
121 29
136 20
134 23
150 79
122 40
137 64
135 83
151 57
123 85
138 10
136 55
152 97
124 34
139 33
137 59
153 98
125 73
140 36
138 95
154 100
126 80
139 47
155 49
127 81
142 88
156 29
128 60
143 36
141 63
157 47
129 67
144 54
142 43
158 91
130 34
145 92
143 25
159 33
131 77
146 14
144 67
160 29
132 66
147 58
145 95
161 88
133 70
148 86
146 62
162 48
134 69
149 32
147 16
163 42
135 62
150 78
148 45
164 97
136 96
151 81
149 36
165 45
137 48
152 50
150 55
166 79
138 34
153 46
151 49
167 16
139 69
154 77
152 13
168 95
140 39
153 43
169 21
141 46
156 15
170 70
142 12
157 78
155 40
171 11
143 49
158 11
156 77
172 24
144 51
159 41
157 28
173 50
145 74
160 67
158 89
174 36
146 24
161 48
159 31
175 23
147 74
162 26
160 56
176 100
148 41
163 60
161 62
177 79
149 51
164 96
162 89
178 85
150 65
165 42
163 69
179 31
151 76
166 22
164 19
180 43
152 88
167 84
165 26
181 33
153 37
168 69
166 16
182 44
154 31
167 91
183 25
155 75
170 43
184 55
156 32
171 13
169 23
185 55
157 56
172 57
170 32
186 82
158 88
173 20
171 41
187 64
159 73
174 48
172 14
188 76
160 14
175 36
173 60
189 71
161 62
176 70
174 24
190 29
162 77
177 55
175 60
191 46
163 20
178 26
176 71
192 76
164 16
179 28
177 94
193 71
165 19
180 57
178 42
194 59
166 57
181 82
179 72
195 83
167 12
182 98
180 17
196 75
168 30
181 36
169 86
184 32
170 90
185 32
183 97
171 39
186 90
184 84
172 18
187 71
185 99
173 30
188 30
186 97
174 97
189 57
187 71
175 44
190 80
188 18
176 41
191 31
189 86
177 100
192 56
190 20
178 33
193 64
191 56
179 83
194 98
192 31
180 86
195 96
193 20
181 96
196 39
194 87
182 46
195 30
55
111
3 153 184 55 
2 61 134 
3 160 13 124 
2 151 14 
3 70 30 90 
1 172 
1 4 
1 104 
4 33 62 45 195 
3 26 131 185 
1 17 
2 115 95 
1 177 
2 27 66 
2 164 37 
3 89 142 103 
1 35 
1 169 
2 56 146 
1 126 
2 46 117 
2 181 155 
4 171 156 92 140 
3 190 157 91 
2 78 175 
1 24 
1 161 
2 174 125 
2 72 50 
2 1 152 
1 49 
1 102 
1 147 
1 143 
1 192 
1 41 
2 179 111 
