196 728 10 100 37
2
3
3
3
3
3
3
3
3
3
3
3
3
2
3
4
4
4
4
4
4
4
4
4
4
4
4
3
3
4
4
4
4
4
4
4
4
4
4
4
4
3
3
4
4
4
4
4
4
4
4
4
4
4
4
3
3
4
4
4
4
4
4
4
4
4
4
4
4
3
3
4
4
4
4
4
4
4
4
4
4
4
4
3
3
4
4
4
4
4
4
4
4
4
4
4
4
3
3
4
4
4
4
4
4
4
4
4
4
4
4
3
3
4
4
4
4
4
4
4
4
4
4
4
4
3
3
4
4
4
4
4
4
4
4
4
4
4
4
3
3
4
4
4
4
4
4
4
4
4
4
4
4
3
3
4
4
4
4
4
4
4
4
4
4
4
4
3
3
4
4
4
4
4
4
4
4
4
4
4
4
3
2
3
3
3
3
3
3
3
3
3
3
3
3
2
15 52
2 29
16 54
3 100
1 88
17 38
4 59
2 20
18 93
5 59
3 50
19 78
6 31
4 59
20 67
7 81
5 16
21 61
8 15
6 20
22 75
9 33
7 92
23 81
10 72
8 56
24 70
11 50
9 46
25 99
12 79
10 54
26 87
13 26
11 66
27 79
14 63
12 87
28 44
13 54
29 53
1 15
16 62
30 80
2 29
17 57
15 31
31 72
3 33
18 36
16 94
32 48
4 69
19 88
17 52
33 24
5 85
20 53
18 92
34 31
6 86
21 24
19 67
35 19
7 31
22 43
20 81
36 19
8 59
23 63
21 17
37 51
9 76
24 22
22 66
38 14
10 84
25 33
23 18
39 92
11 24
26 99
24 71
40 25
12 49
27 58
25 92
41 24
13 34
28 80
26 18
42 10
14 41
27 71
43 88
15 71
30 82
44 85
16 76
31 70
29 10
45 93
17 31
32 56
30 56
46 77
18 66
33 25
31 51
47 64
19 79
34 88
32 58
48 83
20 100
35 59
33 95
49 93
21 73
36 45
34 59
50 21
22 98
37 82
35 50
51 100
23 63
38 94
36 30
52 70
24 91
39 68
37 51
53 62
25 87
40 90
38 20
54 28
26 51
41 82
39 96
55 45
27 80
42 34
40 11
56 74
28 72
41 84
57 60
29 68
44 96
58 69
30 65
45 86
43 28
59 58
31 17
46 60
44 79
60 38
32 65
47 38
45 25
61 99
33 98
48 40
46 43
62 19
34 31
49 39
47 67
63 12
35 92
50 84
48 58
64 27
36 88
51 40
49 49
65 51
37 72
52 13
50 85
66 52
38 42
53 49
51 61
67 73
39 42
54 72
52 58
68 38
40 35
55 42
53 23
69 62
41 44
56 21
54 100
70 33
42 84
55 56
71 58
43 100
58 42
72 11
44 21
59 94
57 34
73 99
45 55
60 18
58 82
74 33
46 32
61 61
59 42
75 73
47 80
62 22
60 12
76 22
48 27
63 36
61 24
77 37
49 49
64 16
62 87
78 36
50 71
65 93
63 46
79 19
51 15
66 28
64 82
80 57
52 86
67 28
65 44
81 83
53 15
68 61
66 40
82 28
54 24
69 84
67 57
83 33
55 82
70 13
68 66
84 63
56 27
69 20
85 71
57 100
72 75
86 68
58 96
73 75
71 90
87 66
59 51
74 45
72 75
88 44
60 31
75 54
73 20
89 32
61 49
76 76
74 88
90 61
62 96
77 85
75 62
91 89
63 72
78 49
76 89
92 98
64 100
79 14
77 65
93 49
65 44
80 28
78 75
94 37
66 56
81 38
79 43
95 80
67 78
82 80
80 62
96 30
68 21
83 80
81 83
97 79
69 96
84 47
82 67
98 82
70 33
83 96
99 53
71 85
86 30
100 54
72 82
87 33
85 18
101 14
73 85
88 39
86 100
102 54
74 67
89 21
87 54
103 87
75 39
90 23
88 27
104 37
76 80
91 74
89 28
105 22
77 81
92 47
90 69
106 48
78 61
93 46
91 63
107 80
79 63
94 31
92 45
108 59
80 33
95 79
93 89
109 32
81 32
96 56
94 18
110 34
82 89
97 77
95 59
111 94
83 25
98 98
96 66
112 29
84 47
97 29
113 29
85 37
100 95
114 82
86 96
101 74
99 42
115 66
87 74
102 32
100 99
116 50
88 65
103 23
101 48
117 67
89 51
104 59
102 40
118 61
90 41
105 33
103 76
119 66
91 44
106 50
104 28
120 91
92 91
107 52
105 49
121 95
93 52
108 20
106 89
122 23
94 14
109 46
107 44
123 20
95 94
110 11
108 49
124 41
96 97
111 75
109 97
125 32
97 34
112 69
110 17
126 65
98 97
111 33
127 41
99 60
114 15
128 30
100 34
115 36
113 25
129 46
101 81
116 36
114 56
130 30
102 37
117 86
115 100
131 59
103 71
118 37
116 23
132 30
104 79
119 100
117 66
133 48
105 42
120 78
118 87
134 45
106 31
121 65
119 94
135 21
107 100
122 15
120 88
136 11
108 46
123 77
121 26
137 75
109 82
124 23
122 78
138 40
110 58
125 38
123 27
139 23
111 62
126 30
124 73
140 96
112 43
125 23
141 68
113 15
128 42
142 61
114 96
129 70
127 12
143 28
115 97
130 27
128 37
144 62
116 44
131 28
129 41
145 12
117 20
132 60
130 83
146 25
118 52
133 27
131 84
147 53
119 36
134 17
132 12
148 63
120 29
135 96
133 30
149 34
121 15
136 19
134 30
150 88
122 62
137 47
135 82
151 74
123 20
138 51
136 72
152 52
124 65
139 82
137 28
153 100
125 65
140 68
138 54
154 32
126 78
139 75
155 92
127 93
142 27
156 90
128 82
143 58
141 96
157 22
129 84
144 44
142 75
158 39
130 100
145 27
143 22
159 95
131 54
146 46
144 94
160 40
132 90
147 93
145 85
161 74
133 12
148 76
146 100
162 94
134 42
149 74
147 93
163 29
135 41
150 58
148 20
164 15
136 29
151 47
149 11
165 28
137 53
152 91
150 32
166 46
138 16
153 88
151 41
167 59
139 58
154 82
152 26
168 62
140 88
153 83
169 17
141 89
156 98
170 39
142 50
157 95
155 23
171 54
143 89
158 45
156 39
172 50
144 29
159 50
157 95
173 76
145 97
160 79
158 83
174 87
146 45
161 70
159 48
175 19
147 57
162 65
160 49
176 68
148 54
163 100
161 29
177 98
149 15
164 63
162 87
178 92
150 11
165 92
163 62
179 48
151 27
166 39
164 39
180 26
152 18
167 29
165 67
181 70
153 25
168 60
166 22
182 64
154 52
167 72
183 35
155 13
170 94
184 58
156 13
171 46
169 50
185 81
157 47
172 44
170 66
186 63
158 32
173 31
171 14
187 78
159 36
174 93
172 25
188 38
160 64
175 44
173 19
189 19
161 94
176 62
174 67
190 32
162 94
177 11
175 40
191 41
163 97
178 13
176 98
192 96
164 81
179 22
177 53
193 27
165 56
180 44
178 45
194 50
166 34
181 99
179 19
195 65
167 72
182 77
180 99
196 51
168 86
181 70
169 54
184 36
170 38
185 89
183 94
171 81
186 80
184 47
172 17
187 92
185 24
173 98
188 58
186 46
174 80
189 96
187 24
175 18
190 68
188 47
176 54
191 11
189 60
177 62
192 65
190 34
178 44
193 31
191 38
179 67
194 67
192 54
180 96
195 39
193 94
181 43
196 21
194 76
182 55
195 17
117
58
1 117 
3 103 8 175 
1 93 
2 154 61 
3 89 53 17 
1 24 
1 105 
2 7 82 
1 59 
3 138 116 144 
1 69 
1 168 
1 71 
1 180 
3 76 161 80 
2 48 74 
3 31 4 64 
2 185 12 
1 150 
1 167 
2 32 127 
2 10 52 
3 115 30 182 
4 41 15 135 68 
1 25 
1 147 
3 176 44 173 
1 124 
2 47 118 
1 79 
2 142 148 
1 83 
4 162 145 90 174 
1 107 
2 183 100 
2 38 192 
2 194 58 
