600 2276 10 100 114
2
3
3
3
3
3
3
3
3
3
3
3
3
3
3
3
3
3
3
3
3
3
3
3
3
3
3
3
3
3
3
3
3
3
3
3
3
3
3
3
3
3
3
3
3
3
3
3
3
2
3
4
4
4
4
4
4
4
4
4
4
4
4
4
4
4
4
4
4
4
4
4
4
4
4
4
4
4
4
4
4
4
4
4
4
4
4
4
4
4
4
4
4
4
4
4
4
4
4
3
3
4
4
4
4
4
4
4
4
4
4
4
4
4
4
4
4
4
4
4
4
4
4
4
4
4
4
4
4
4
4
4
4
4
4
4
4
4
4
4
4
4
4
4
4
4
4
4
4
3
3
4
4
4
4
4
4
4
4
4
4
4
4
4
4
4
4
4
4
4
4
4
4
4
4
4
4
4
4
4
4
4
4
4
4
4
4
4
4
4
4
4
4
4
4
4
4
4
4
3
3
4
4
4
4
4
4
4
4
4
4
4
4
4
4
4
4
4
4
4
4
4
4
4
4
4
4
4
4
4
4
4
4
4
4
4
4
4
4
4
4
4
4
4
4
4
4
4
4
3
3
4
4
4
4
4
4
4
4
4
4
4
4
4
4
4
4
4
4
4
4
4
4
4
4
4
4
4
4
4
4
4
4
4
4
4
4
4
4
4
4
4
4
4
4
4
4
4
4
3
3
4
4
4
4
4
4
4
4
4
4
4
4
4
4
4
4
4
4
4
4
4
4
4
4
4
4
4
4
4
4
4
4
4
4
4
4
4
4
4
4
4
4
4
4
4
4
4
4
3
3
4
4
4
4
4
4
4
4
4
4
4
4
4
4
4
4
4
4
4
4
4
4
4
4
4
4
4
4
4
4
4
4
4
4
4
4
4
4
4
4
4
4
4
4
4
4
4
4
3
3
4
4
4
4
4
4
4
4
4
4
4
4
4
4
4
4
4
4
4
4
4
4
4
4
4
4
4
4
4
4
4
4
4
4
4
4
4
4
4
4
4
4
4
4
4
4
4
4
3
3
4
4
4
4
4
4
4
4
4
4
4
4
4
4
4
4
4
4
4
4
4
4
4
4
4
4
4
4
4
4
4
4
4
4
4
4
4
4
4
4
4
4
4
4
4
4
4
4
3
3
4
4
4
4
4
4
4
4
4
4
4
4
4
4
4
4
4
4
4
4
4
4
4
4
4
4
4
4
4
4
4
4
4
4
4
4
4
4
4
4
4
4
4
4
4
4
4
4
3
2
3
3
3
3
3
3
3
3
3
3
3
3
3
3
3
3
3
3
3
3
3
3
3
3
3
3
3
3
3
3
3
3
3
3
3
3
3
3
3
3
3
3
3
3
3
3
3
3
2
51 47
2 29
52 20
3 49
1 59
53 70
4 29
2 58
54 34
5 16
3 33
55 49
6 50
4 78
56 99
7 96
5 75
57 40
8 78
6 94
58 12
9 76
7 60
59 80
10 98
8 29
60 55
11 65
9 39
61 73
12 63
10 84
62 85
13 37
11 78
63 20
14 21
12 59
64 46
15 70
13 29
65 23
16 42
14 73
66 59
17 27
15 93
67 99
18 31
16 86
68 89
19 20
17 49
69 92
20 85
18 41
70 20
21 52
19 30
71 87
22 20
20 49
72 17
23 93
21 82
73 23
24 77
22 61
74 63
25 70
23 96
75 71
26 83
24 15
76 86
27 20
25 76
77 55
28 47
26 91
78 98
29 16
27 33
79 95
30 68
28 87
80 51
31 17
29 53
81 13
32 84
30 94
82 40
33 44
31 91
83 97
34 57
32 41
84 27
35 22
33 55
85 35
36 50
34 39
86 40
37 67
35 75
87 76
38 20
36 34
88 13
39 54
37 84
89 100
40 88
38 43
90 44
41 40
39 39
91 58
42 61
40 55
92 25
43 46
41 56
93 75
44 67
42 36
94 77
45 98
43 16
95 34
46 39
44 44
96 93
47 54
45 69
97 43
48 84
46 44
98 18
49 21
47 73
99 38
50 38
48 19
100 11
49 20
101 96
1 64
52 100
102 49
2 62
53 99
51 100
103 36
3 14
54 33
52 38
104 75
4 57
55 84
53 76
105 75
5 96
56 92
54 60
106 39
6 70
57 77
55 52
107 88
7 61
58 11
56 43
108 82
8 34
59 64
57 59
109 82
9 54
60 14
58 32
110 78
10 19
61 52
59 49
111 92
11 82
62 79
60 34
112 13
12 79
63 36
61 54
113 36
13 51
64 25
62 67
114 27
14 16
65 37
63 27
115 47
15 82
66 49
64 48
116 64
16 91
67 30
65 30
117 28
17 81
68 87
66 95
118 100
18 62
69 29
67 42
119 90
19 14
70 58
68 92
120 44
20 17
71 54
69 31
121 53
21 46
72 88
70 45
122 15
22 18
73 94
71 21
123 97
23 53
74 89
72 38
124 58
24 36
75 29
73 21
125 57
25 15
76 81
74 67
126 86
26 82
77 82
75 75
127 83
27 29
78 21
76 72
128 22
28 84
79 57
77 27
129 33
29 28
80 29
78 67
130 21
30 85
81 97
79 69
131 57
31 64
82 13
80 62
132 71
32 92
83 86
81 97
133 49
33 96
84 30
82 75
134 48
34 11
85 88
83 24
135 35
35 75
86 50
84 26
136 84
36 37
87 95
85 31
137 100
37 35
88 18
86 53
138 23
38 21
89 38
87 58
139 98
39 96
90 14
88 33
140 80
40 78
91 99
89 49
141 54
41 33
92 92
90 27
142 17
42 30
93 53
91 16
143 49
43 84
94 87
92 73
144 72
44 40
95 27
93 13
145 58
45 29
96 50
94 86
146 32
46 53
97 69
95 40
147 73
47 22
98 85
96 76
148 98
48 69
99 33
97 71
149 36
49 16
100 90
98 12
150 41
50 27
99 83
151 68
51 70
102 96
152 59
52 53
103 75
101 59
153 14
53 82
104 56
102 22
154 64
54 29
105 23
103 47
155 64
55 30
106 28
104 48
156 33
56 86
107 35
105 26
157 61
57 98
108 12
106 20
158 45
58 96
109 58
107 12
159 60
59 51
110 90
108 77
160 54
60 80
111 23
109 73
161 43
61 66
112 36
110 100
162 65
62 33
113 62
111 60
163 36
63 52
114 90
112 70
164 54
64 32
115 98
113 72
165 86
65 15
116 93
114 29
166 63
66 15
117 15
115 36
167 23
67 58
118 23
116 94
168 76
68 49
119 69
117 12
169 84
69 52
120 81
118 82
170 81
70 23
121 87
119 78
171 19
71 44
122 56
120 22
172 78
72 96
123 13
121 86
173 11
73 85
124 44
122 28
174 55
74 66
125 89
123 47
175 41
75 88
126 59
124 78
176 70
76 16
127 18
125 93
177 85
77 22
128 68
126 72
178 93
78 82
129 19
127 15
179 95
79 60
130 71
128 81
180 97
80 84
131 34
129 47
181 42
81 29
132 98
130 11
182 78
82 46
133 63
131 72
183 33
83 76
134 19
132 42
184 30
84 19
135 63
133 70
185 51
85 12
136 76
134 92
186 73
86 51
137 14
135 86
187 72
87 39
138 63
136 81
188 77
88 24
139 45
137 96
189 17
89 17
140 85
138 57
190 99
90 71
141 81
139 30
191 35
91 66
142 79
140 34
192 19
92 72
143 26
141 26
193 73
93 68
144 96
142 48
194 38
94 99
145 95
143 30
195 98
95 94
146 42
144 41
196 36
96 97
147 65
145 65
197 10
97 70
148 95
146 25
198 85
98 27
149 19
147 60
199 42
99 36
150 61
148 43
200 78
100 48
149 31
201 42
101 25
152 48
202 26
102 100
153 52
151 47
203 27
103 44
154 69
152 18
204 51
104 25
155 12
153 34
205 48
105 71
156 91
154 39
206 12
106 47
157 41
155 32
207 48
107 87
158 15
156 40
208 85
108 62
159 30
157 50
209 45
109 17
160 94
158 97
210 32
110 34
161 45
159 48
211 97
111 36
162 19
160 61
212 21
112 79
163 96
161 64
213 60
113 60
164 44
162 49
214 15
114 51
165 81
163 61
215 43
115 59
166 99
164 58
216 90
116 23
167 30
165 53
217 22
117 65
168 92
166 14
218 30
118 99
169 88
167 18
219 97
119 58
170 59
168 25
220 17
120 38
171 50
169 73
221 50
121 50
172 30
170 68
222 54
122 40
173 96
171 19
223 21
123 98
174 63
172 90
224 63
124 23
175 23
173 45
225 61
125 63
176 67
174 68
226 39
126 64
177 73
175 89
227 50
127 18
178 94
176 97
228 54
128 48
179 77
177 78
229 67
129 12
180 52
178 83
230 53
130 35
181 10
179 95
231 33
131 18
182 78
180 29
232 98
132 100
183 58
181 83
233 58
133 91
184 29
182 14
234 75
134 84
185 12
183 73
235 39
135 39
186 45
184 62
236 93
136 93
187 10
185 69
237 61
137 61
188 84
186 89
238 87
138 30
189 86
187 56
239 13
139 10
190 98
188 84
240 65
140 61
191 62
189 18
241 93
141 97
192 12
190 65
242 88
142 14
193 54
191 80
243 42
143 92
194 91
192 89
244 78
144 75
195 89
193 12
245 27
145 10
196 88
194 80
246 56
146 92
197 34
195 35
247 29
147 59
198 91
196 20
248 49
148 90
199 22
197 67
249 78
149 31
200 59
198 31
250 49
150 23
199 90
251 24
151 28
202 20
252 43
152 99
203 94
201 65
253 37
153 30
204 11
202 59
254 13
154 98
205 57
203 82
255 52
155 16
206 37
204 52
256 49
156 74
207 68
205 55
257 60
157 72
208 74
206 92
258 31
158 23
209 95
207 91
259 55
159 51
210 64
208 32
260 19
160 56
211 96
209 53
261 54
161 92
212 73
210 88
262 73
162 78
213 97
211 18
263 17
163 76
214 50
212 91
264 86
164 48
215 80
213 25
265 14
165 74
216 42
214 75
266 59
166 34
217 33
215 88
267 75
167 76
218 51
216 47
268 24
168 60
219 90
217 62
269 84
169 33
220 68
218 34
270 44
170 84
221 100
219 27
271 56
171 78
222 40
220 94
272 10
172 13
223 73
221 13
273 58
173 67
224 48
222 87
274 14
174 28
225 91
223 45
275 20
175 15
226 84
224 52
276 83
176 13
227 47
225 97
277 100
177 48
228 13
226 93
278 24
178 99
229 98
227 24
279 24
179 75
230 13
228 94
280 96
180 20
231 62
229 87
281 84
181 71
232 10
230 88
282 44
182 53
233 77
231 97
283 13
183 55
234 32
232 89
284 63
184 94
235 63
233 26
285 86
185 25
236 91
234 96
286 39
186 76
237 78
235 51
287 86
187 97
238 56
236 15
288 70
188 62
239 85
237 59
289 92
189 28
240 58
238 27
290 98
190 18
241 26
239 97
291 17
191 90
242 56
240 72
292 56
192 46
243 33
241 13
293 22
193 20
244 74
242 89
294 85
194 32
245 34
243 21
295 95
195 36
246 78
244 63
296 23
196 76
247 97
245 75
297 60
197 42
248 78
246 49
298 87
198 39
249 82
247 77
299 12
199 20
250 73
248 51
300 47
200 73
249 100
301 33
201 79
252 36
302 28
202 100
253 44
251 55
303 25
203 49
254 97
252 60
304 18
204 97
255 56
253 23
305 63
205 98
256 62
254 59
306 44
206 23
257 18
255 64
307 75
207 57
258 41
256 31
308 90
208 42
259 23
257 94
309 34
209 46
260 28
258 25
310 59
210 25
261 23
259 28
311 65
211 62
262 22
260 28
312 85
212 64
263 47
261 22
313 94
213 63
264 49
262 20
314 47
214 71
265 95
263 64
315 96
215 44
266 10
264 61
316 85
216 38
267 11
265 12
317 42
217 25
268 62
266 45
318 21
218 91
269 41
267 65
319 57
219 84
270 59
268 53
320 18
220 52
271 38
269 63
321 79
221 56
272 77
270 77
322 30
222 55
273 78
271 73
323 21
223 59
274 86
272 92
324 49
224 27
275 41
273 46
325 71
225 23
276 30
274 52
326 71
226 15
277 71
275 10
327 99
227 45
278 90
276 47
328 12
228 20
279 91
277 70
329 95
229 53
280 35
278 19
330 66
230 90
281 15
279 21
331 71
231 17
282 25
280 90
332 48
232 32
283 42
281 14
333 31
233 92
284 29
282 62
334 68
234 89
285 58
283 41
335 36
235 63
286 27
284 74
336 32
236 91
287 44
285 60
337 93
237 77
288 16
286 40
338 18
238 54
289 61
287 43
339 45
239 70
290 48
288 66
340 87
240 13
291 96
289 12
341 60
241 13
292 21
290 13
342 97
242 49
293 99
291 68
343 39
243 59
294 18
292 58
344 38
244 98
295 65
293 68
345 14
245 22
296 31
294 13
346 33
246 27
297 50
295 44
347 79
247 65
298 18
296 23
348 49
248 71
299 65
297 70
349 98
249 83
300 69
298 31
350 56
250 74
299 93
351 69
251 57
302 67
352 16
252 92
303 63
301 10
353 100
253 98
304 53
302 52
354 48
254 84
305 97
303 88
355 49
255 96
306 35
304 13
356 16
256 50
307 28
305 84
357 71
257 87
308 97
306 23
358 15
258 51
309 88
307 89
359 36
259 46
310 56
308 59
360 61
260 40
311 75
309 88
361 63
261 13
312 71
310 43
362 63
262 25
313 40
311 30
363 57
263 62
314 28
312 59
364 31
264 67
315 85
313 99
365 38
265 58
316 68
314 98
366 35
266 55
317 28
315 64
367 50
267 53
318 63
316 18
368 27
268 49
319 22
317 14
369 81
269 56
320 81
318 69
370 66
270 34
321 67
319 26
371 87
271 93
322 33
320 98
372 50
272 85
323 34
321 76
373 15
273 48
324 97
322 100
374 62
274 78
325 100
323 38
375 59
275 59
326 28
324 59
376 81
276 80
327 41
325 83
377 16
277 68
328 11
326 63
378 30
278 65
329 61
327 22
379 68
279 15
330 100
328 59
380 74
280 36
331 52
329 75
381 15
281 20
332 59
330 75
382 90
282 40
333 20
331 48
383 61
283 98
334 57
332 69
384 31
284 78
335 31
333 57
385 59
285 72
336 57
334 48
386 19
286 37
337 38
335 37
387 36
287 63
338 14
336 94
388 81
288 35
339 72
337 38
389 82
289 64
340 99
338 13
390 49
290 55
341 72
339 34
391 85
291 70
342 90
340 67
392 77
292 79
343 42
341 79
393 93
293 48
344 35
342 32
394 59
294 75
345 69
343 25
395 58
295 43
346 62
344 80
396 99
296 89
347 38
345 81
397 26
297 78
348 85
346 53
398 16
298 55
349 60
347 13
399 62
299 33
350 13
348 37
400 14
300 90
349 66
401 49
301 10
352 50
402 65
302 67
353 77
351 93
403 79
303 49
354 100
352 79
404 21
304 45
355 70
353 25
405 28
305 62
356 50
354 79
406 75
306 73
357 72
355 96
407 74
307 27
358 66
356 11
408 65
308 90
359 25
357 42
409 31
309 61
360 63
358 83
410 94
310 60
361 91
359 64
411 96
311 42
362 17
360 44
412 26
312 77
363 49
361 15
413 89
313 29
364 82
362 69
414 32
314 95
365 92
363 60
415 18
315 91
366 82
364 77
416 25
316 40
367 56
365 47
417 76
317 47
368 98
366 15
418 16
318 10
369 86
367 33
419 18
319 97
370 38
368 92
420 66
320 97
371 19
369 17
421 77
321 35
372 44
370 46
422 99
322 83
373 46
371 67
423 34
323 48
374 96
372 54
424 43
324 76
375 52
373 41
425 40
325 19
376 90
374 90
426 78
326 16
377 18
375 62
427 13
327 42
378 61
376 31
428 59
328 72
379 85
377 37
429 67
329 68
380 85
378 96
430 38
330 53
381 39
379 90
431 48
331 39
382 31
380 40
432 71
332 33
383 76
381 95
433 89
333 12
384 38
382 67
434 99
334 22
385 39
383 42
435 36
335 64
386 17
384 15
436 20
336 49
387 14
385 76
437 92
337 57
388 31
386 23
438 30
338 73
389 90
387 62
439 79
339 86
390 51
388 57
440 87
340 62
391 17
389 52
441 27
341 25
392 87
390 63
442 82
342 22
393 47
391 99
443 60
343 84
394 79
392 69
444 11
344 44
395 39
393 92
445 55
345 61
396 82
394 43
446 11
346 84
397 27
395 85
447 90
347 75
398 16
396 73
448 77
348 67
399 46
397 76
449 64
349 50
400 13
398 45
450 95
350 90
399 91
451 46
351 56
402 36
452 40
352 17
403 94
401 68
453 18
353 31
404 86
402 53
454 58
354 12
405 69
403 72
455 92
355 57
406 94
404 56
456 75
356 87
407 43
405 54
457 64
357 74
408 30
406 88
458 18
358 77
409 87
407 93
459 64
359 84
410 30
408 84
460 35
360 95
411 41
409 69
461 37
361 65
412 44
410 33
462 75
362 75
413 44
411 16
463 85
363 62
414 24
412 73
464 27
364 75
415 69
413 88
465 48
365 47
416 65
414 69
466 40
366 87
417 92
415 91
467 62
367 32
418 76
416 44
468 18
368 14
419 100
417 71
469 75
369 29
420 44
418 92
470 78
370 56
421 25
419 31
471 35
371 27
422 65
420 56
472 51
372 50
423 51
421 94
473 72
373 83
424 85
422 88
474 19
374 98
425 78
423 88
475 59
375 73
426 36
424 69
476 28
376 62
427 76
425 86
477 54
377 79
428 83
426 44
478 55
378 27
429 16
427 19
479 31
379 49
430 45
428 59
480 89
380 73
431 91
429 89
481 44
381 36
432 19
430 49
482 44
382 56
433 96
431 13
483 33
383 30
434 14
432 38
484 23
384 18
435 16
433 93
485 19
385 64
436 25
434 92
486 93
386 88
437 77
435 96
487 98
387 67
438 50
436 35
488 74
388 28
439 40
437 17
489 90
389 88
440 71
438 30
490 96
390 32
441 64
439 71
491 78
391 63
442 29
440 28
492 87
392 56
443 26
441 64
493 42
393 19
444 66
442 72
494 96
394 26
445 68
443 17
495 54
395 69
446 91
444 31
496 91
396 34
447 92
445 35
497 45
397 94
448 18
446 51
498 96
398 25
449 18
447 95
499 72
399 99
450 89
448 94
500 34
400 54
449 27
501 29
401 30
452 97
502 70
402 80
453 27
451 40
503 46
403 27
454 44
452 58
504 33
404 45
455 39
453 59
505 74
405 44
456 75
454 30
506 100
406 58
457 100
455 61
507 57
407 22
458 59
456 36
508 91
408 70
459 62
457 83
509 89
409 13
460 87
458 71
510 59
410 95
461 34
459 96
511 66
411 94
462 28
460 71
512 65
412 41
463 98
461 16
513 78
413 20
464 98
462 82
514 30
414 14
465 68
463 16
515 80
415 100
466 30
464 52
516 43
416 86
467 17
465 61
517 65
417 86
468 38
466 88
518 24
418 14
469 77
467 75
519 57
419 94
470 22
468 42
520 92
420 72
471 82
469 49
521 70
421 72
472 12
470 26
522 73
422 46
473 29
471 16
523 99
423 30
474 12
472 91
524 57
424 52
475 92
473 34
525 84
425 63
476 53
474 35
526 62
426 76
477 39
475 15
527 29
427 70
478 60
476 15
528 56
428 50
479 60
477 39
529 31
429 90
480 29
478 53
530 36
430 64
481 53
479 52
531 59
431 14
482 89
480 52
532 90
432 23
483 12
481 73
533 26
433 87
484 40
482 14
534 25
434 69
485 96
483 10
535 20
435 84
486 64
484 34
536 55
436 37
487 75
485 85
537 41
437 27
488 99
486 84
538 75
438 24
489 18
487 17
539 70
439 64
490 14
488 45
540 36
440 56
491 65
489 41
541 29
441 58
492 92
490 12
542 98
442 88
493 24
491 13
543 20
443 49
494 80
492 28
544 47
444 86
495 98
493 90
545 34
445 12
496 60
494 28
546 57
446 69
497 54
495 88
547 46
447 99
498 46
496 43
548 70
448 94
499 63
497 34
549 52
449 16
500 69
498 29
550 82
450 94
499 96
551 11
451 98
502 65
552 97
452 69
503 54
501 35
553 94
453 96
504 18
502 38
554 12
454 31
505 20
503 99
555 12
455 62
506 45
504 91
556 32
456 16
507 62
505 62
557 95
457 74
508 25
506 24
558 85
458 90
509 10
507 43
559 100
459 41
510 83
508 56
560 98
460 15
511 59
509 78
561 85
461 94
512 10
510 10
562 90
462 42
513 64
511 94
563 90
463 62
514 71
512 42
564 73
464 82
515 83
513 80
565 54
465 90
516 72
514 93
566 48
466 69
517 53
515 61
567 22
467 37
518 90
516 52
568 20
468 34
519 19
517 83
569 73
469 79
520 18
518 49
570 89
470 12
521 72
519 10
571 36
471 89
522 44
520 55
572 36
472 22
523 13
521 31
573 44
473 62
524 30
522 45
574 20
474 79
525 80
523 85
575 51
475 49
526 15
524 62
576 10
476 97
527 86
525 43
577 20
477 28
528 30
526 19
578 45
478 53
529 88
527 40
579 30
479 73
530 19
528 59
580 20
480 35
531 49
529 37
581 57
481 50
532 27
530 92
582 90
482 50
533 14
531 17
583 73
483 31
534 85
532 70
584 71
484 18
535 11
533 62
585 15
485 99
536 30
534 10
586 91
486 83
537 20
535 81
587 76
487 10
538 54
536 48
588 29
488 33
539 68
537 39
589 72
489 97
540 73
538 59
590 68
490 56
541 30
539 13
591 42
491 17
542 90
540 81
592 75
492 71
543 30
541 12
593 31
493 32
544 98
542 70
594 55
494 85
545 44
543 46
595 28
495 21
546 65
544 96
596 38
496 79
547 78
545 30
597 33
497 30
548 28
546 72
598 89
498 90
549 88
547 38
599 50
499 12
550 74
548 57
600 67
500 71
549 61
501 25
552 21
502 75
553 46
551 59
503 70
554 91
552 66
504 63
555 40
553 22
505 27
556 53
554 45
506 12
557 17
555 65
507 43
558 34
556 78
508 27
559 51
557 34
509 41
560 41
558 50
510 75
561 21
559 87
511 44
562 24
560 77
512 12
563 58
561 94
513 14
564 66
562 86
514 19
565 11
563 23
515 65
566 92
564 38
516 53
567 81
565 48
517 60
568 47
566 44
518 50
569 84
567 30
519 49
570 42
568 67
520 75
571 19
569 58
521 94
572 67
570 43
522 89
573 75
571 99
523 30
574 89
572 48
524 50
575 80
573 80
525 92
576 12
574 24
526 56
577 39
575 90
527 20
578 23
576 84
528 10
579 34
577 78
529 27
580 86
578 45
530 69
581 98
579 14
531 60
582 81
580 91
532 10
583 65
581 35
533 90
584 23
582 92
534 95
585 50
583 53
535 27
586 35
584 17
536 60
587 64
585 75
537 10
588 17
586 26
538 20
589 15
587 64
539 29
590 48
588 42
540 27
591 33
589 41
541 70
592 65
590 19
542 30
593 99
591 96
543 95
594 16
592 95
544 88
595 12
593 47
545 95
596 99
594 72
546 71
597 89
595 58
547 71
598 38
596 34
548 69
599 27
597 17
549 35
600 24
598 68
550 92
599 91
356
114
1 356 
2 501 240 
2 247 457 
2 299 319 
2 112 119 
3 39 352 587 
2 242 266 
2 328 184 
3 1 90 333 
3 383 219 16 
1 148 
2 40 264 
2 84 388 
2 546 167 
2 538 9 
1 485 
1 503 
2 509 76 
2 539 34 
1 102 
1 309 
5 304 517 290 283 515 
1 254 
3 544 426 510 
2 139 100 
4 494 103 491 519 
1 172 
2 444 224 
1 402 
3 600 185 51 
2 361 418 
1 372 
1 453 
1 55 
1 200 
2 393 60 
3 193 48 104 
2 417 524 
1 317 
1 431 
4 132 59 481 166 
3 337 25 321 
1 568 
1 567 
1 477 
1 61 
1 99 
2 192 407 
1 535 
2 445 164 
1 135 
1 595 
1 75 
2 173 343 
1 13 
4 323 127 378 7 
2 570 490 
1 165 
4 118 409 12 332 
1 455 
2 210 238 
3 534 142 433 
2 81 287 
1 251 
2 341 571 
6 117 460 569 386 434 549 
2 23 270 
2 523 101 
3 387 72 458 
1 421 
1 463 
2 465 591 
2 278 136 
1 564 
2 191 194 
1 366 
2 525 227 
1 307 
2 208 502 
1 225 
2 536 514 
3 364 355 204 
1 367 
2 151 396 
1 63 
4 94 398 209 109 
2 10 588 
1 279 
1 122 
2 232 226 
2 585 28 
1 504 
1 475 
1 390 
3 420 469 350 
2 557 32 
2 424 27 
1 260 
1 336 
3 583 474 147 
2 349 36 
6 520 206 429 489 182 404 
1 599 
2 486 199 
1 576 
1 492 
1 508 
2 411 394 
1 20 
1 354 
2 33 331 
2 47 267 
1 105 
1 114 
