144 528 10 100 27
2
3
3
3
3
3
3
3
3
3
3
2
3
4
4
4
4
4
4
4
4
4
4
3
3
4
4
4
4
4
4
4
4
4
4
3
3
4
4
4
4
4
4
4
4
4
4
3
3
4
4
4
4
4
4
4
4
4
4
3
3
4
4
4
4
4
4
4
4
4
4
3
3
4
4
4
4
4
4
4
4
4
4
3
3
4
4
4
4
4
4
4
4
4
4
3
3
4
4
4
4
4
4
4
4
4
4
3
3
4
4
4
4
4
4
4
4
4
4
3
3
4
4
4
4
4
4
4
4
4
4
3
2
3
3
3
3
3
3
3
3
3
3
2
13 18
2 29
14 93
3 90
1 30
15 80
4 90
2 95
16 89
5 64
3 15
17 94
6 68
4 98
18 88
7 20
5 44
19 100
8 50
6 76
20 97
9 27
7 29
21 11
10 33
8 93
22 12
11 80
9 32
23 92
12 47
10 23
24 32
11 90
25 94
1 59
14 47
26 84
2 69
15 70
13 31
27 72
3 15
16 77
14 96
28 18
4 13
17 28
15 24
29 35
5 58
18 18
16 92
30 73
6 49
19 66
17 29
31 15
7 40
20 78
18 97
32 28
8 64
21 56
19 15
33 80
9 20
22 60
20 70
34 81
10 56
23 69
21 80
35 30
11 47
24 72
22 98
36 37
12 26
23 12
37 87
13 81
26 30
38 83
14 81
27 41
25 30
39 57
15 70
28 17
26 29
40 58
16 45
29 50
27 43
41 69
17 77
30 13
28 21
42 64
18 38
31 53
29 55
43 89
19 81
32 81
30 26
44 82
20 93
33 99
31 55
45 71
21 42
34 80
32 39
46 96
22 33
35 29
33 87
47 57
23 81
36 69
34 24
48 52
24 24
35 61
49 24
25 72
38 53
50 91
26 61
39 98
37 47
51 49
27 84
40 67
38 99
52 54
28 97
41 40
39 49
53 54
29 97
42 27
40 71
54 39
30 38
43 50
41 75
55 57
31 79
44 75
42 84
56 37
32 29
45 36
43 83
57 99
33 88
46 31
44 33
58 90
34 100
47 96
45 46
59 85
35 25
48 65
46 80
60 82
36 30
47 20
61 77
37 18
50 40
62 68
38 87
51 24
49 79
63 59
39 90
52 38
50 38
64 24
40 63
53 29
51 61
65 44
41 56
54 27
52 68
66 13
42 42
55 37
53 74
67 47
43 28
56 65
54 86
68 48
44 39
57 44
55 67
69 47
45 24
58 35
56 95
70 16
46 37
59 89
57 85
71 97
47 65
60 46
58 22
72 16
48 52
59 45
73 61
49 48
62 52
74 95
50 30
63 14
61 15
75 56
51 73
64 82
62 40
76 75
52 84
65 89
63 11
77 78
53 44
66 66
64 22
78 17
54 58
67 44
65 27
79 42
55 45
68 22
66 90
80 66
56 73
69 12
67 14
81 50
57 56
70 15
68 40
82 14
58 56
71 47
69 85
83 39
59 84
72 99
70 79
84 81
60 77
71 86
85 76
61 16
74 74
86 88
62 85
75 71
73 18
87 54
63 28
76 55
74 42
88 78
64 48
77 99
75 93
89 77
65 59
78 12
76 70
90 58
66 42
79 38
77 79
91 87
67 42
80 45
78 68
92 72
68 37
81 43
79 59
93 100
69 30
82 34
80 16
94 12
70 83
83 54
81 83
95 72
71 18
84 33
82 63
96 26
72 58
83 67
97 79
73 44
86 12
98 35
74 84
87 72
85 42
99 88
75 40
88 84
86 15
100 20
76 41
89 43
87 94
101 14
77 61
90 40
88 97
102 65
78 77
91 62
89 21
103 72
79 17
92 26
90 25
104 32
80 28
93 52
91 83
105 57
81 17
94 81
92 44
106 55
82 95
95 45
93 71
107 53
83 48
96 40
94 67
108 26
84 65
95 81
109 55
85 25
98 51
110 16
86 85
99 16
97 86
111 79
87 18
100 98
98 57
112 37
88 61
101 79
99 25
113 61
89 62
102 71
100 75
114 27
90 60
103 69
101 72
115 43
91 94
104 23
102 32
116 13
92 14
105 20
103 20
117 51
93 74
106 32
104 65
118 34
94 65
107 39
105 87
119 90
95 48
108 50
106 27
120 56
96 54
107 29
121 56
97 63
110 39
122 70
98 74
111 66
109 90
123 83
99 53
112 34
110 45
124 51
100 51
113 73
111 89
125 19
101 12
114 92
112 36
126 36
102 58
115 100
113 98
127 70
103 89
116 79
114 90
128 45
104 29
117 54
115 99
129 28
105 35
118 51
116 46
130 96
106 60
119 35
117 86
131 94
107 32
120 24
118 54
132 18
108 30
119 52
133 66
109 99
122 12
134 79
110 67
123 41
121 49
135 71
111 14
124 81
122 60
136 90
112 96
125 45
123 46
137 61
113 37
126 24
124 20
138 36
114 10
127 100
125 88
139 10
115 77
128 41
126 91
140 13
116 81
129 41
127 43
141 64
117 39
130 42
128 32
142 88
118 16
131 89
129 44
143 93
119 57
132 61
130 14
144 89
120 63
131 11
121 56
134 28
122 65
135 91
133 72
123 63
136 19
134 82
124 69
137 40
135 24
125 92
138 18
136 91
126 47
139 96
137 80
127 41
140 16
138 22
128 54
141 23
139 86
129 28
142 59
140 90
130 96
143 11
141 100
131 73
144 68
142 44
132 36
143 17
44
100
1 44 
2 104 3 
2 102 140 
2 62 71 
3 119 126 117 
1 22 
1 53 
1 111 
1 6 
2 95 86 
2 107 73 
1 94 
5 68 43 66 91 76 
2 28 5 
3 143 42 49 
1 26 
1 125 
1 93 
2 45 97 
2 92 103 
3 63 83 29 
2 20 138 
2 121 77 
1 114 
2 4 123 
2 13 39 
2 9 100 
