196 728 10 100 37
2
3
3
3
3
3
3
3
3
3
3
3
3
2
3
4
4
4
4
4
4
4
4
4
4
4
4
3
3
4
4
4
4
4
4
4
4
4
4
4
4
3
3
4
4
4
4
4
4
4
4
4
4
4
4
3
3
4
4
4
4
4
4
4
4
4
4
4
4
3
3
4
4
4
4
4
4
4
4
4
4
4
4
3
3
4
4
4
4
4
4
4
4
4
4
4
4
3
3
4
4
4
4
4
4
4
4
4
4
4
4
3
3
4
4
4
4
4
4
4
4
4
4
4
4
3
3
4
4
4
4
4
4
4
4
4
4
4
4
3
3
4
4
4
4
4
4
4
4
4
4
4
4
3
3
4
4
4
4
4
4
4
4
4
4
4
4
3
3
4
4
4
4
4
4
4
4
4
4
4
4
3
2
3
3
3
3
3
3
3
3
3
3
3
3
2
15 64
2 29
16 97
3 23
1 74
17 11
4 56
2 72
18 90
5 67
3 89
19 18
6 20
4 51
20 70
7 10
5 20
21 71
8 59
6 93
22 65
9 96
7 78
23 38
10 16
8 71
24 40
11 71
9 93
25 43
12 89
10 41
26 20
13 70
11 14
27 69
14 21
12 24
28 85
13 84
29 48
1 23
16 90
30 57
2 16
17 76
15 73
31 59
3 94
18 87
16 51
32 33
4 45
19 63
17 28
33 32
5 51
20 86
18 98
34 43
6 11
21 95
19 35
35 73
7 25
22 94
20 91
36 56
8 95
23 34
21 49
37 93
9 64
24 40
22 73
38 52
10 17
25 88
23 45
39 65
11 91
26 84
24 25
40 54
12 53
27 66
25 14
41 80
13 33
28 33
26 13
42 22
14 15
27 15
43 76
15 35
30 14
44 54
16 63
31 45
29 97
45 31
17 56
32 41
30 27
46 11
18 31
33 82
31 82
47 52
19 91
34 80
32 81
48 61
20 11
35 58
33 69
49 41
21 39
36 29
34 79
50 55
22 92
37 37
35 84
51 92
23 42
38 24
36 65
52 33
24 51
39 64
37 90
53 87
25 78
40 73
38 36
54 17
26 12
41 96
39 36
55 27
27 86
42 94
40 29
56 42
28 34
41 75
57 79
29 11
44 77
58 99
30 43
45 57
43 51
59 33
31 79
46 61
44 100
60 26
32 93
47 54
45 54
61 62
33 23
48 72
46 40
62 56
34 74
49 42
47 69
63 65
35 75
50 42
48 50
64 12
36 79
51 61
49 50
65 44
37 88
52 45
50 10
66 20
38 10
53 90
51 20
67 52
39 58
54 100
52 42
68 34
40 12
55 13
53 45
69 27
41 81
56 39
54 99
70 18
42 22
55 51
71 48
43 93
58 84
72 78
44 39
59 26
57 85
73 39
45 42
60 96
58 78
74 48
46 36
61 40
59 50
75 14
47 75
62 78
60 67
76 30
48 90
63 60
61 94
77 100
49 79
64 24
62 68
78 36
50 56
65 64
63 28
79 50
51 14
66 60
64 74
80 65
52 63
67 11
65 41
81 56
53 16
68 92
66 68
82 39
54 32
69 70
67 57
83 12
55 90
70 84
68 78
84 69
56 47
69 48
85 27
57 44
72 76
86 56
58 19
73 46
71 51
87 71
59 19
74 52
72 53
88 67
60 33
75 56
73 16
89 30
61 76
76 39
74 75
90 91
62 50
77 32
75 23
91 16
63 10
78 96
76 67
92 26
64 58
79 17
77 48
93 15
65 20
80 47
78 44
94 50
66 33
81 72
79 41
95 39
67 11
82 10
80 36
96 30
68 70
83 97
81 29
97 20
69 93
84 65
82 32
98 15
70 80
83 94
99 45
71 58
86 43
100 70
72 91
87 74
85 74
101 72
73 81
88 97
86 28
102 88
74 81
89 99
87 96
103 78
75 84
90 45
88 63
104 21
76 70
91 34
89 37
105 88
77 12
92 71
90 86
106 26
78 31
93 34
91 23
107 75
79 45
94 57
92 53
108 71
80 28
95 42
93 84
109 21
81 70
96 85
94 50
110 75
82 53
97 26
95 25
111 53
83 17
98 37
96 45
112 37
84 81
97 25
113 15
85 13
100 81
114 56
86 23
101 38
99 64
115 20
87 12
102 20
100 68
116 75
88 72
103 68
101 16
117 25
89 95
104 39
102 97
118 51
90 55
105 13
103 42
119 34
91 18
106 62
104 57
120 89
92 22
107 53
105 80
121 55
93 51
108 89
106 68
122 72
94 69
109 72
107 32
123 65
95 95
110 83
108 91
124 99
96 57
111 95
109 82
125 56
97 14
112 40
110 22
126 34
98 15
111 43
127 76
99 48
114 68
128 34
100 37
115 59
113 55
129 34
101 43
116 10
114 24
130 11
102 64
117 95
115 78
131 55
103 21
118 69
116 81
132 55
104 68
119 10
117 84
133 65
105 66
120 84
118 70
134 90
106 76
121 90
119 45
135 37
107 71
122 84
120 84
136 47
108 28
123 41
121 88
137 13
109 62
124 80
122 52
138 96
110 96
125 66
123 43
139 54
111 33
126 55
124 56
140 85
112 75
125 57
141 28
113 54
128 49
142 57
114 46
129 37
127 72
143 83
115 42
130 66
128 68
144 11
116 68
131 59
129 49
145 60
117 72
132 61
130 59
146 52
118 36
133 60
131 83
147 52
119 75
134 22
132 93
148 27
120 69
135 88
133 74
149 62
121 88
136 16
134 10
150 69
122 92
137 52
135 77
151 99
123 64
138 70
136 63
152 23
124 83
139 54
137 37
153 22
125 44
140 93
138 37
154 30
126 36
139 88
155 17
127 55
142 31
156 38
128 72
143 70
141 62
157 34
129 30
144 10
142 69
158 46
130 89
145 94
143 19
159 45
131 58
146 43
144 72
160 56
132 28
147 90
145 76
161 59
133 64
148 60
146 32
162 20
134 18
149 82
147 30
163 25
135 39
150 43
148 55
164 42
136 33
151 29
149 47
165 82
137 72
152 88
150 78
166 82
138 89
153 98
151 68
167 49
139 90
154 70
152 29
168 52
140 17
153 99
169 56
141 39
156 56
170 96
142 94
157 72
155 52
171 67
143 34
158 12
156 42
172 27
144 62
159 27
157 24
173 24
145 69
160 35
158 89
174 28
146 46
161 15
159 21
175 76
147 22
162 51
160 17
176 69
148 43
163 84
161 95
177 18
149 31
164 17
162 25
178 53
150 75
165 46
163 38
179 92
151 36
166 32
164 31
180 31
152 69
167 85
165 89
181 42
153 50
168 34
166 87
182 60
154 75
167 15
183 47
155 73
170 63
184 86
156 47
171 97
169 100
185 35
157 23
172 56
170 13
186 29
158 51
173 23
171 12
187 46
159 92
174 54
172 86
188 20
160 93
175 60
173 62
189 30
161 45
176 27
174 13
190 14
162 67
177 77
175 60
191 64
163 79
178 93
176 56
192 94
164 80
179 17
177 79
193 28
165 91
180 11
178 50
194 67
166 39
181 53
179 46
195 37
167 40
182 48
180 94
196 27
168 84
181 83
169 17
184 42
170 89
185 29
183 27
171 49
186 92
184 53
172 95
187 29
185 99
173 11
188 98
186 85
174 47
189 11
187 88
175 93
190 62
188 88
176 86
191 19
189 60
177 42
192 51
190 75
178 54
193 72
191 99
179 79
194 14
192 25
180 80
195 92
193 56
181 24
196 21
194 82
182 38
195 29
107
34
1 107 
2 159 9 
1 4 
4 70 11 27 135 
4 136 190 147 138 
2 32 2 
2 180 139 
1 3 
1 184 
2 146 152 
2 176 175 
1 178 
1 117 
1 161 
2 79 23 
2 7 124 
2 38 49 
2 167 164 
3 42 104 68 
3 103 129 50 
2 162 185 
2 114 62 
1 195 
1 113 
1 82 
1 154 
1 59 
1 51 
2 108 83 
1 187 
4 88 116 177 157 
4 100 92 14 18 
2 10 76 
1 142 
1 169 
1 66 
3 37 91 34 
