100 342 10 100 19
2
3
3
2
3
4
4
3
3
4
4
3
3
4
4
3
3
4
4
3
3
4
4
3
3
4
4
3
3
4
4
3
3
4
4
3
3
4
4
3
3
4
4
3
3
4
4
3
3
4
4
3
3
4
4
3
3
4
4
3
3
4
4
3
3
4
4
3
3
4
4
3
3
4
4
3
3
4
4
3
3
4
4
3
3
4
4
3
3
4
4
3
3
4
4
3
2
3
3
2
5 19
2 29
6 42
3 51
1 23
7 21
4 43
2 76
8 79
3 35
9 60
1 81
6 23
10 72
2 49
7 63
5 94
11 34
3 87
8 30
6 46
12 73
4 89
7 67
13 97
5 12
10 72
14 18
6 27
11 58
9 22
15 74
7 84
12 51
10 55
16 58
8 29
11 10
17 22
9 47
14 91
18 65
10 69
15 52
13 17
19 82
11 29
16 23
14 64
20 22
12 65
15 45
21 72
13 51
18 49
22 53
14 69
19 91
17 66
23 63
15 46
20 37
18 91
24 45
16 23
19 25
25 56
17 86
22 89
26 68
18 11
23 53
21 63
27 91
19 16
24 94
22 54
28 96
20 49
23 90
29 74
21 94
26 91
30 34
22 56
27 85
25 29
31 71
23 88
28 100
26 51
32 37
24 64
27 56
33 32
25 39
30 35
34 81
26 66
31 12
29 71
35 90
27 36
32 80
30 98
36 86
28 39
31 81
37 56
29 12
34 66
38 52
30 14
35 72
33 86
39 24
31 83
36 70
34 38
40 61
32 81
35 99
41 99
33 69
38 40
42 71
34 63
39 73
37 12
43 72
35 89
40 83
38 71
44 98
36 24
39 50
45 23
37 58
42 76
46 53
38 32
43 29
41 28
47 45
39 98
44 16
42 34
48 71
40 50
43 32
49 18
41 37
46 30
50 31
42 14
47 63
45 64
51 74
43 62
48 19
46 73
52 61
44 60
47 57
53 22
45 18
50 78
54 82
46 45
51 80
49 41
55 17
47 71
52 35
50 39
56 98
48 32
51 34
57 26
49 45
54 20
58 100
50 81
55 66
53 94
59 26
51 78
56 77
54 43
60 13
52 63
55 15
61 74
53 91
58 13
62 47
54 81
59 81
57 33
63 36
55 15
60 42
58 67
64 33
56 72
59 30
65 42
57 60
62 94
66 86
58 12
63 49
61 84
67 46
59 13
64 90
62 69
68 93
60 10
63 48
69 88
61 70
66 48
70 10
62 26
67 96
65 66
71 17
63 67
68 96
66 97
72 41
64 13
67 21
73 11
65 87
70 53
74 36
66 79
71 56
69 47
75 23
67 12
72 10
70 20
76 15
68 100
71 20
77 87
69 86
74 85
78 53
70 37
75 87
73 94
79 20
71 91
76 87
74 88
80 53
72 73
75 76
81 50
73 32
78 48
82 12
74 15
79 93
77 92
83 78
75 71
80 52
78 59
84 57
76 50
79 23
85 70
77 35
82 60
86 72
78 84
83 14
81 43
87 63
79 44
84 27
82 28
88 17
80 23
83 39
89 54
81 87
86 99
90 50
82 51
87 83
85 45
91 72
83 80
88 54
86 93
92 71
84 82
87 66
93 24
85 37
90 14
94 66
86 73
91 74
89 98
95 94
87 57
92 10
90 40
96 40
88 44
91 41
97 75
89 99
94 81
98 55
90 56
95 76
93 51
99 49
91 56
96 16
94 23
100 65
92 38
95 15
93 28
98 92
94 71
99 98
97 89
95 99
100 51
98 61
96 93
99 70
100
15
1 100 
1 78 
1 95 
3 51 97 79 
4 74 28 38 44 
3 53 84 7 
3 76 39 72 
3 57 49 19 
1 48 
1 61 
1 69 
1 35 
1 93 
2 90 5 
3 55 12 99 
1 71 
1 96 
2 70 3 
2 52 15 
