400 1520 10 100 76
2
3
3
3
3
3
3
3
3
3
3
3
3
3
3
3
3
3
3
2
3
4
4
4
4
4
4
4
4
4
4
4
4
4
4
4
4
4
4
3
3
4
4
4
4
4
4
4
4
4
4
4
4
4
4
4
4
4
4
3
3
4
4
4
4
4
4
4
4
4
4
4
4
4
4
4
4
4
4
3
3
4
4
4
4
4
4
4
4
4
4
4
4
4
4
4
4
4
4
3
3
4
4
4
4
4
4
4
4
4
4
4
4
4
4
4
4
4
4
3
3
4
4
4
4
4
4
4
4
4
4
4
4
4
4
4
4
4
4
3
3
4
4
4
4
4
4
4
4
4
4
4
4
4
4
4
4
4
4
3
3
4
4
4
4
4
4
4
4
4
4
4
4
4
4
4
4
4
4
3
3
4
4
4
4
4
4
4
4
4
4
4
4
4
4
4
4
4
4
3
3
4
4
4
4
4
4
4
4
4
4
4
4
4
4
4
4
4
4
3
3
4
4
4
4
4
4
4
4
4
4
4
4
4
4
4
4
4
4
3
3
4
4
4
4
4
4
4
4
4
4
4
4
4
4
4
4
4
4
3
3
4
4
4
4
4
4
4
4
4
4
4
4
4
4
4
4
4
4
3
3
4
4
4
4
4
4
4
4
4
4
4
4
4
4
4
4
4
4
3
3
4
4
4
4
4
4
4
4
4
4
4
4
4
4
4
4
4
4
3
3
4
4
4
4
4
4
4
4
4
4
4
4
4
4
4
4
4
4
3
3
4
4
4
4
4
4
4
4
4
4
4
4
4
4
4
4
4
4
3
3
4
4
4
4
4
4
4
4
4
4
4
4
4
4
4
4
4
4
3
2
3
3
3
3
3
3
3
3
3
3
3
3
3
3
3
3
3
3
2
21 90
2 29
22 51
3 49
1 59
23 17
4 29
2 58
24 87
5 16
3 33
25 47
6 50
4 78
26 79
7 96
5 75
27 39
8 78
6 94
28 82
9 76
7 60
29 27
10 98
8 29
30 16
11 65
9 39
31 46
12 63
10 84
32 13
13 37
11 78
33 36
14 21
12 59
34 94
15 70
13 29
35 86
16 42
14 73
36 69
17 27
15 93
37 94
18 31
16 86
38 43
19 20
17 49
39 30
20 85
18 41
40 87
19 30
41 30
1 57
22 52
42 41
2 52
23 20
21 49
43 44
3 63
24 93
22 82
44 44
4 99
25 77
23 61
45 24
5 69
26 70
24 96
46 69
6 92
27 83
25 15
47 65
7 43
28 20
26 76
48 92
8 85
29 47
27 91
49 76
9 73
30 16
28 33
50 100
10 76
31 68
29 87
51 44
11 45
32 17
30 53
52 25
12 91
33 84
31 94
53 65
13 68
34 44
32 91
54 51
14 53
35 57
33 41
55 85
15 72
36 22
34 55
56 78
16 56
37 50
35 39
57 36
17 54
38 67
36 75
58 76
18 88
39 20
37 34
59 83
19 93
40 54
38 84
60 16
20 84
39 43
61 45
21 69
42 88
62 91
22 33
43 40
41 39
63 19
23 16
44 61
42 55
64 96
24 73
45 46
43 56
65 14
25 88
46 67
44 36
66 16
26 69
47 98
45 16
67 25
27 91
48 39
46 44
68 77
28 44
49 54
47 69
69 50
29 71
50 84
48 44
70 40
30 92
51 21
49 73
71 71
31 31
52 38
50 19
72 64
32 56
53 100
51 20
73 29
33 94
54 99
52 100
74 26
34 88
55 33
53 38
75 66
35 88
56 84
54 76
76 68
36 69
57 92
55 60
77 91
37 86
58 77
56 52
78 92
38 44
59 11
57 43
79 18
39 19
60 64
58 59
80 18
40 59
59 32
81 89
41 89
62 14
82 97
42 49
63 52
61 49
83 27
43 13
64 79
62 34
84 44
44 38
65 36
63 54
85 39
45 93
66 25
64 67
86 75
46 92
67 37
65 27
87 100
47 96
68 49
66 48
88 59
48 35
69 30
67 30
89 62
49 17
70 87
68 95
90 87
50 30
71 29
69 42
91 34
51 71
72 58
70 92
92 28
52 28
73 54
71 31
93 98
53 64
74 88
72 45
94 98
54 72
75 94
73 21
95 68
55 17
76 89
74 38
96 30
56 31
77 29
75 21
97 17
57 35
78 81
76 67
98 38
58 51
79 82
77 75
99 77
59 95
80 21
78 72
100 22
60 94
79 27
101 82
61 27
82 57
102 12
62 40
83 29
81 67
103 29
63 58
84 97
82 69
104 12
64 59
85 13
83 62
105 92
65 30
86 86
84 97
106 53
66 61
87 30
85 75
107 39
67 36
88 88
86 24
108 60
68 83
89 50
87 26
109 60
69 71
90 95
88 31
110 29
70 96
91 18
89 53
111 53
71 71
92 38
90 58
112 89
72 16
93 14
91 33
113 12
73 82
94 99
92 49
114 40
74 16
95 92
93 27
115 96
75 52
96 53
94 16
116 64
76 61
97 87
95 73
117 75
77 88
98 27
96 13
118 99
78 75
99 50
97 86
119 18
79 42
100 69
98 40
120 14
80 49
99 76
121 65
81 26
102 85
122 92
82 16
103 33
101 71
123 24
83 91
104 90
102 12
124 80
84 34
105 96
103 83
125 98
85 35
106 75
104 59
126 60
86 15
107 56
105 22
127 54
87 15
108 23
106 47
128 46
88 39
109 28
107 48
129 63
89 53
110 35
108 26
130 69
90 52
111 12
109 20
131 65
91 52
112 58
110 12
132 54
92 73
113 90
111 77
133 18
93 14
114 23
112 73
134 20
94 10
115 36
113 100
135 45
95 34
116 62
114 60
136 62
96 85
117 90
115 70
137 25
97 84
118 98
116 72
138 10
98 17
119 93
117 29
139 83
99 45
120 15
118 36
140 59
100 41
119 94
141 10
101 12
122 23
142 64
102 13
123 69
121 12
143 71
103 28
124 81
122 82
144 83
104 90
125 87
123 78
145 72
105 28
126 56
124 22
146 53
106 88
127 13
125 86
147 90
107 43
128 44
126 28
148 19
108 34
129 89
127 47
149 18
109 29
130 59
128 78
150 72
110 96
131 18
129 93
151 44
111 35
132 68
130 72
152 13
112 38
133 19
131 15
153 30
113 99
134 71
132 81
154 80
114 91
135 34
133 47
155 15
115 62
136 98
134 11
156 86
116 24
137 63
135 72
157 30
117 43
138 19
136 42
158 88
118 56
139 63
137 70
159 19
119 78
140 76
138 92
160 49
120 10
139 86
161 27
121 94
142 14
162 14
122 42
143 63
141 81
163 85
123 80
144 45
142 96
164 11
124 93
145 85
143 57
165 30
125 61
146 81
144 30
166 20
126 52
147 79
145 34
167 54
127 83
148 26
146 26
168 68
128 49
149 96
147 48
169 73
129 10
150 95
148 30
170 30
130 55
151 42
149 41
171 90
131 31
152 65
150 65
172 30
132 45
153 95
151 25
173 98
133 85
154 19
152 60
174 44
134 62
155 61
153 43
175 65
135 43
156 48
154 31
176 78
136 19
157 52
155 47
177 28
137 40
158 69
156 18
178 88
138 59
159 12
157 34
179 74
139 37
160 91
158 39
180 21
140 92
159 32
181 46
141 17
162 41
182 91
142 70
163 15
161 40
183 40
143 62
164 30
162 50
184 53
144 10
165 94
163 97
185 17
145 81
166 45
164 48
186 34
146 48
167 19
165 61
187 51
147 39
168 96
166 64
188 41
148 59
169 44
167 49
189 21
149 13
170 81
168 61
190 24
150 81
171 99
169 58
191 58
151 12
172 30
170 53
192 66
152 70
173 92
171 14
193 11
153 46
174 88
172 18
194 92
154 96
175 59
173 25
195 81
155 30
176 50
174 73
196 47
156 72
177 30
175 68
197 84
157 38
178 96
176 19
198 42
158 57
179 63
177 90
199 19
159 61
180 23
178 45
200 67
160 59
179 68
201 75
161 66
182 67
202 89
162 22
183 73
181 89
203 80
163 45
184 94
182 97
204 12
164 65
185 77
183 78
205 39
165 78
186 52
184 83
206 23
166 34
187 10
185 95
207 34
167 50
188 78
186 29
208 86
168 87
189 58
187 83
209 98
169 77
190 29
188 14
210 81
170 94
191 12
189 73
211 65
171 86
192 45
190 62
212 23
172 23
193 10
191 69
213 50
173 38
194 84
192 89
214 35
174 48
195 86
193 56
215 64
175 44
196 98
194 84
216 17
176 30
197 62
195 18
217 15
177 67
198 12
196 65
218 48
178 58
199 54
197 80
219 33
179 43
200 91
198 89
220 65
180 99
199 12
221 99
181 48
202 89
222 16
182 80
203 88
201 80
223 12
183 24
204 34
202 35
224 99
184 90
205 91
203 20
225 89
185 84
206 22
204 67
226 38
186 78
207 59
205 31
227 27
187 45
208 20
206 90
228 24
188 14
209 94
207 65
229 47
189 91
210 11
208 59
230 20
190 35
211 57
209 82
231 70
191 92
212 37
210 52
232 34
192 53
213 68
211 55
233 49
193 17
214 74
212 92
234 99
194 75
215 95
213 91
235 40
195 26
216 64
214 32
236 12
196 64
217 96
215 53
237 80
197 42
218 73
216 88
238 55
198 41
219 97
217 18
239 73
199 19
220 50
218 91
240 85
200 96
219 25
241 20
201 95
222 80
242 46
202 47
223 42
221 75
243 23
203 72
224 33
222 88
244 59
204 58
225 51
223 47
245 99
205 34
226 90
224 62
246 89
206 17
227 68
225 34
247 92
207 68
228 100
226 27
248 20
208 91
229 40
227 94
249 87
209 64
230 73
228 13
250 17
210 62
231 48
229 87
251 23
211 14
232 91
230 45
252 63
212 57
233 84
231 52
253 71
213 96
234 47
232 97
254 86
214 70
235 13
233 93
255 55
215 61
236 98
234 24
256 98
216 34
237 13
235 94
257 95
217 54
238 62
236 87
258 51
218 19
239 10
237 88
259 13
219 82
240 77
238 97
260 40
220 79
239 89
261 97
221 51
242 32
262 27
222 16
243 63
241 26
263 35
223 82
244 91
242 96
264 40
224 91
245 78
243 51
265 76
225 81
246 56
244 15
266 13
226 62
247 85
245 59
267 100
227 14
248 58
246 27
268 44
228 17
249 26
247 97
269 58
229 46
250 56
248 72
270 25
230 18
251 33
249 13
271 75
231 53
252 74
250 89
272 77
232 36
253 34
251 21
273 34
233 15
254 78
252 63
274 93
234 82
255 97
253 75
275 43
235 29
256 78
254 49
276 18
236 84
257 82
255 77
277 38
237 28
258 73
256 51
278 11
238 85
259 36
257 100
279 96
239 64
260 44
258 55
280 49
240 92
259 60
281 36
241 96
262 97
282 75
242 11
263 56
261 23
283 75
243 75
264 62
262 59
284 39
244 37
265 18
263 64
285 88
245 35
266 41
264 31
286 82
246 21
267 23
265 94
287 82
247 96
268 28
266 25
288 78
248 78
269 23
267 28
289 92
249 33
270 22
268 28
290 13
250 30
271 47
269 22
291 36
251 84
272 49
270 20
292 27
252 40
273 95
271 64
293 47
253 29
274 10
272 61
294 64
254 53
275 11
273 12
295 28
255 22
276 62
274 45
296 100
256 69
277 41
275 65
297 90
257 16
278 59
276 53
298 44
258 27
279 38
277 63
299 53
259 70
280 77
278 77
300 15
260 53
279 73
301 97
261 82
282 78
302 58
262 29
283 86
281 92
303 57
263 30
284 41
282 46
304 86
264 86
285 30
283 52
305 83
265 98
286 71
284 10
306 22
266 96
287 90
285 47
307 33
267 51
288 91
286 70
308 21
268 80
289 35
287 19
309 57
269 66
290 15
288 21
310 71
270 33
291 25
289 90
311 49
271 52
292 42
290 14
312 48
272 32
293 29
291 62
313 35
273 15
294 58
292 41
314 84
274 15
295 27
293 74
315 100
275 58
296 44
294 60
316 23
276 49
297 16
295 40
317 98
277 52
298 61
296 43
318 80
278 23
299 48
297 66
319 54
279 44
300 96
298 12
320 17
280 96
299 13
321 49
281 85
302 21
322 72
282 66
303 99
301 68
323 58
283 88
304 18
302 58
324 32
284 16
305 65
303 68
325 73
285 22
306 31
304 13
326 98
286 82
307 50
305 44
327 36
287 60
308 18
306 23
328 41
288 84
309 65
307 70
329 68
289 29
310 69
308 31
330 59
290 46
311 67
309 93
331 14
291 76
312 63
310 10
332 64
292 19
313 53
311 52
333 64
293 12
314 97
312 88
334 33
294 51
315 35
313 13
335 61
295 39
316 28
314 84
336 45
296 24
317 97
315 23
337 60
297 17
318 88
316 89
338 54
298 71
319 56
317 59
339 43
299 66
320 75
318 88
340 65
300 72
319 43
341 36
301 68
322 71
342 54
302 99
323 40
321 30
343 86
303 94
324 28
322 59
344 63
304 97
325 85
323 99
345 23
305 70
326 68
324 98
346 76
306 27
327 28
325 64
347 84
307 36
328 63
326 18
348 81
308 48
329 22
327 14
349 19
309 25
330 81
328 69
350 78
310 100
331 67
329 26
351 11
311 44
332 33
330 98
352 55
312 25
333 34
331 76
353 41
313 71
334 97
332 100
354 70
314 47
335 100
333 38
355 85
315 87
336 28
334 59
356 93
316 62
337 41
335 83
357 95
317 17
338 11
336 63
358 97
318 34
339 61
337 22
359 42
319 36
340 100
338 59
360 78
320 79
339 75
361 33
321 60
342 52
362 30
322 51
343 59
341 75
363 51
323 59
344 20
342 48
364 73
324 23
345 57
343 69
365 72
325 65
346 31
344 57
366 77
326 99
347 57
345 48
367 17
327 58
348 38
346 37
368 99
328 38
349 14
347 94
369 35
329 50
350 72
348 38
370 19
330 40
351 99
349 13
371 73
331 98
352 72
350 34
372 38
332 23
353 90
351 67
373 98
333 63
354 42
352 79
374 36
334 64
355 35
353 32
375 10
335 18
356 69
354 25
376 85
336 48
357 62
355 80
377 42
337 12
358 38
356 81
378 78
338 35
359 85
357 53
379 42
339 18
360 60
358 13
380 26
340 100
359 37
381 27
341 91
362 13
382 51
342 84
363 50
361 66
383 48
343 39
364 77
362 93
384 12
344 93
365 100
363 79
385 48
345 61
366 70
364 25
386 85
346 30
367 50
365 79
387 45
347 10
368 72
366 96
388 32
348 61
369 66
367 11
389 97
349 97
370 25
368 42
390 21
350 14
371 63
369 83
391 60
351 92
372 91
370 64
392 15
352 75
373 17
371 44
393 43
353 10
374 49
372 15
394 90
354 92
375 82
373 69
395 22
355 59
376 92
374 60
396 30
356 90
377 82
375 77
397 97
357 31
378 56
376 47
398 17
358 23
379 98
377 15
399 50
359 28
380 86
378 33
400 54
360 99
379 92
361 30
382 38
362 98
383 19
381 17
363 16
384 44
382 46
364 74
385 46
383 67
365 72
386 96
384 54
366 23
387 52
385 41
367 51
388 90
386 90
368 56
389 18
387 62
369 92
390 61
388 31
370 78
391 85
389 37
371 76
392 85
390 96
372 48
393 39
391 90
373 74
394 31
392 40
374 34
395 76
393 95
375 76
396 38
394 67
376 60
397 39
395 42
377 33
398 17
396 15
378 84
399 14
397 76
379 78
400 31
398 23
380 13
399 62
255
236
2 190 255 
1 319 
3 121 301 171 
3 173 126 376 
1 271 
1 385 
3 390 153 218 
3 189 16 227 
2 328 200 
3 69 211 6 
2 222 143 
3 346 332 108 
3 357 245 207 
2 38 354 
1 295 
2 184 129 
1 10 
2 30 205 
1 183 
2 113 199 
2 221 107 
1 31 
1 275 
1 333 
1 33 
2 154 106 
1 172 
2 197 17 
3 22 370 62 
2 70 168 
1 386 
3 161 74 320 
1 157 
2 240 362 
1 36 
1 47 
1 57 
1 242 
1 260 
4 234 384 209 355 
2 192 98 
3 248 249 303 
2 322 326 
1 284 
3 72 35 195 
1 104 
2 274 316 
1 257 
1 229 
1 272 
2 100 94 
2 95 353 
2 160 226 
1 119 
3 225 281 339 
1 91 
1 253 
1 2 
2 296 280 
1 223 
1 388 
2 343 15 
5 180 389 44 42 212 
4 170 43 156 14 
3 145 52 228 
1 344 
1 175 
2 63 186 
1 309 
2 198 256 
2 331 193 
2 12 243 
3 139 202 361 
2 127 334 
1 196 
2 380 236 
