600 2276 10 100 114
2
3
3
3
3
3
3
3
3
3
3
3
3
3
3
3
3
3
3
3
3
3
3
3
3
3
3
3
3
3
3
3
3
3
3
3
3
3
3
3
3
3
3
3
3
3
3
3
3
2
3
4
4
4
4
4
4
4
4
4
4
4
4
4
4
4
4
4
4
4
4
4
4
4
4
4
4
4
4
4
4
4
4
4
4
4
4
4
4
4
4
4
4
4
4
4
4
4
4
3
3
4
4
4
4
4
4
4
4
4
4
4
4
4
4
4
4
4
4
4
4
4
4
4
4
4
4
4
4
4
4
4
4
4
4
4
4
4
4
4
4
4
4
4
4
4
4
4
4
3
3
4
4
4
4
4
4
4
4
4
4
4
4
4
4
4
4
4
4
4
4
4
4
4
4
4
4
4
4
4
4
4
4
4
4
4
4
4
4
4
4
4
4
4
4
4
4
4
4
3
3
4
4
4
4
4
4
4
4
4
4
4
4
4
4
4
4
4
4
4
4
4
4
4
4
4
4
4
4
4
4
4
4
4
4
4
4
4
4
4
4
4
4
4
4
4
4
4
4
3
3
4
4
4
4
4
4
4
4
4
4
4
4
4
4
4
4
4
4
4
4
4
4
4
4
4
4
4
4
4
4
4
4
4
4
4
4
4
4
4
4
4
4
4
4
4
4
4
4
3
3
4
4
4
4
4
4
4
4
4
4
4
4
4
4
4
4
4
4
4
4
4
4
4
4
4
4
4
4
4
4
4
4
4
4
4
4
4
4
4
4
4
4
4
4
4
4
4
4
3
3
4
4
4
4
4
4
4
4
4
4
4
4
4
4
4
4
4
4
4
4
4
4
4
4
4
4
4
4
4
4
4
4
4
4
4
4
4
4
4
4
4
4
4
4
4
4
4
4
3
3
4
4
4
4
4
4
4
4
4
4
4
4
4
4
4
4
4
4
4
4
4
4
4
4
4
4
4
4
4
4
4
4
4
4
4
4
4
4
4
4
4
4
4
4
4
4
4
4
3
3
4
4
4
4
4
4
4
4
4
4
4
4
4
4
4
4
4
4
4
4
4
4
4
4
4
4
4
4
4
4
4
4
4
4
4
4
4
4
4
4
4
4
4
4
4
4
4
4
3
3
4
4
4
4
4
4
4
4
4
4
4
4
4
4
4
4
4
4
4
4
4
4
4
4
4
4
4
4
4
4
4
4
4
4
4
4
4
4
4
4
4
4
4
4
4
4
4
4
3
2
3
3
3
3
3
3
3
3
3
3
3
3
3
3
3
3
3
3
3
3
3
3
3
3
3
3
3
3
3
3
3
3
3
3
3
3
3
3
3
3
3
3
3
3
3
3
3
3
2
51 19
2 29
52 63
3 31
1 76
53 12
4 10
2 69
54 66
5 55
3 30
55 34
6 60
4 88
56 66
7 46
5 22
57 10
8 31
6 64
58 83
9 28
7 88
59 56
10 11
8 99
60 89
11 15
9 45
61 99
12 41
10 48
62 31
13 64
11 95
63 62
14 77
12 93
64 65
15 54
13 97
65 77
16 19
14 63
66 49
17 45
15 30
67 88
18 64
16 73
68 64
19 77
17 88
69 89
20 57
18 37
70 93
21 44
19 12
71 43
22 41
20 75
72 58
23 47
21 67
73 24
24 65
22 41
74 64
25 42
23 65
75 42
26 33
24 11
76 13
27 11
25 69
77 91
28 60
26 28
78 20
29 37
27 76
79 94
30 12
28 41
80 41
31 33
29 60
81 43
32 97
30 53
82 29
33 12
31 49
83 77
34 46
32 30
84 63
35 58
33 96
85 39
36 99
34 22
86 65
37 22
35 45
87 17
38 64
36 76
88 80
39 33
37 13
89 92
40 39
38 59
90 96
41 27
39 80
91 99
42 11
40 49
92 54
43 59
41 68
93 34
44 50
42 54
94 57
45 64
43 77
95 65
46 39
44 92
96 70
47 63
45 69
97 78
48 99
46 22
98 54
49 50
47 39
99 42
50 12
48 75
100 90
49 73
101 17
1 48
52 48
102 95
2 74
53 84
51 76
103 96
3 32
54 86
52 57
104 51
4 69
55 28
53 40
105 13
5 74
56 21
54 73
106 81
6 82
57 60
55 79
107 94
7 71
58 66
56 87
108 100
8 48
59 63
57 35
109 100
9 26
60 70
58 33
110 46
10 26
61 92
59 11
111 24
11 36
62 28
60 26
112 83
12 37
63 19
61 70
113 11
13 75
64 28
62 19
114 81
14 20
65 59
63 93
115 12
15 26
66 90
64 84
116 75
16 44
67 87
65 45
117 86
17 19
68 86
66 82
118 100
18 88
69 61
67 30
119 61
19 84
70 10
68 13
120 59
20 21
71 100
69 75
121 90
21 59
72 22
70 75
122 39
22 46
73 31
71 76
123 23
23 57
74 89
72 93
124 33
24 39
75 16
73 52
125 48
25 51
76 15
74 38
126 85
26 47
77 15
75 83
127 80
27 96
78 37
76 18
128 42
28 37
79 69
77 86
129 34
29 84
80 18
78 48
130 78
30 67
81 18
79 38
131 47
31 85
82 67
80 49
132 99
32 80
83 16
81 26
133 45
33 100
84 76
82 10
134 72
34 18
85 20
83 99
135 76
35 97
86 35
84 37
136 22
36 27
87 52
85 56
137 37
37 33
88 34
86 25
138 76
38 45
89 22
87 55
139 27
39 68
90 72
88 75
140 35
40 98
91 33
89 76
141 65
41 100
92 97
90 47
142 51
42 46
93 66
91 25
143 84
43 88
94 21
92 79
144 94
44 62
95 15
93 48
145 58
45 48
96 61
94 80
146 47
46 17
97 91
95 56
147 59
47 41
98 16
96 53
148 77
48 38
99 69
97 30
149 61
49 25
100 72
98 45
150 35
50 48
99 98
151 94
51 88
102 57
152 84
52 24
103 71
101 31
153 14
53 16
104 74
102 60
154 60
54 96
105 12
103 76
155 62
55 73
106 89
104 11
156 44
56 57
107 20
105 81
157 35
57 52
108 97
106 77
158 37
58 68
109 75
107 78
159 71
59 51
110 87
108 67
160 77
60 91
111 98
109 34
161 21
61 14
112 55
110 49
162 35
62 21
113 32
111 93
163 66
63 74
114 88
112 85
164 72
64 76
115 23
113 47
165 99
65 61
116 41
114 82
166 44
66 96
117 16
115 72
167 65
67 27
118 96
116 16
168 15
68 48
119 50
117 35
169 38
69 66
120 71
118 83
170 65
70 95
121 92
119 10
171 36
71 33
122 51
120 13
172 32
72 80
123 89
121 87
173 65
73 51
124 38
122 85
174 35
74 18
125 17
123 43
175 48
75 14
126 85
124 11
176 62
76 46
127 17
125 84
177 74
77 87
128 38
126 16
178 77
78 95
129 19
127 65
179 34
79 70
130 68
128 82
180 49
80 48
131 22
129 97
181 37
81 28
132 20
130 81
182 35
82 19
133 49
131 83
183 78
83 42
134 53
132 90
184 53
84 19
135 49
133 21
185 21
85 60
136 65
134 67
186 93
86 99
137 99
135 56
187 70
87 72
138 38
136 74
188 97
88 33
139 97
137 50
189 67
89 66
140 40
138 14
190 38
90 54
141 11
139 68
191 58
91 27
142 78
140 85
192 42
92 99
143 99
141 31
193 73
93 48
144 73
142 97
194 94
94 77
145 71
143 40
195 48
95 87
146 59
144 27
196 40
96 13
147 86
145 99
197 19
97 51
148 41
146 78
198 48
98 76
149 61
147 23
199 97
99 35
150 51
148 81
200 60
100 43
149 60
201 11
101 38
152 58
202 93
102 57
153 50
151 39
203 85
103 68
154 93
152 82
204 86
104 91
155 36
153 48
205 17
105 65
156 94
154 18
206 65
106 12
157 87
155 96
207 43
107 85
158 19
156 75
208 54
108 40
159 57
157 38
209 27
109 56
160 81
158 11
210 62
110 84
161 44
159 24
211 32
111 71
162 16
160 88
212 29
112 39
163 31
161 94
213 83
113 18
164 78
162 90
214 86
114 100
165 19
163 38
215 86
115 47
166 68
164 59
216 36
116 94
167 50
165 38
217 60
117 50
168 73
166 82
218 31
118 13
169 57
167 45
219 88
119 72
170 89
168 14
220 71
120 85
171 99
169 12
221 46
121 76
172 56
170 70
222 47
122 43
173 52
171 63
223 90
123 61
174 93
172 63
224 51
124 25
175 27
173 71
225 74
125 32
176 33
174 76
226 27
126 83
177 26
175 48
227 85
127 95
178 17
176 51
228 61
128 48
179 67
177 29
229 59
129 91
180 21
178 96
230 47
130 30
181 66
179 91
231 83
131 94
182 67
180 70
232 93
132 22
183 61
181 24
233 62
133 90
184 18
182 22
234 59
134 89
185 54
183 46
235 100
135 58
186 88
184 74
236 12
136 27
187 93
185 49
237 93
137 59
188 30
186 22
238 59
138 23
189 16
187 32
239 97
139 45
190 30
188 47
240 52
140 100
191 94
189 27
241 18
141 91
192 53
190 83
242 55
142 85
193 88
191 22
243 90
143 51
194 22
192 83
244 85
144 23
195 82
193 82
245 87
145 74
196 44
194 13
246 46
146 66
197 84
195 15
247 74
147 61
198 42
196 23
248 28
148 22
199 64
197 41
249 63
149 81
200 64
198 43
250 18
150 57
199 65
251 90
151 95
202 13
252 48
152 83
203 27
201 70
253 44
153 34
204 66
202 29
254 82
154 77
205 12
203 73
255 46
155 89
206 80
204 47
256 91
156 56
207 62
205 22
257 28
157 16
208 61
206 36
258 70
158 32
209 35
207 48
259 72
159 94
210 80
208 64
260 65
160 27
211 13
209 34
261 73
161 47
212 45
210 82
262 13
162 66
213 96
211 17
263 47
163 77
214 17
212 46
264 25
164 65
215 35
213 65
265 60
165 65
216 83
214 45
266 49
166 13
217 43
215 24
267 16
167 16
218 53
216 18
268 47
168 33
219 51
217 94
269 78
169 71
220 92
218 80
270 17
170 18
221 21
219 46
271 98
171 71
222 87
220 92
272 28
172 14
223 63
221 93
273 94
173 59
224 22
222 88
274 80
174 83
225 36
223 69
275 33
175 60
226 10
224 89
276 90
176 17
227 57
225 65
277 27
177 16
228 42
226 77
278 18
178 98
229 77
227 33
279 84
179 11
230 28
228 66
280 13
180 37
231 13
229 44
281 11
181 65
232 99
230 10
282 44
182 23
233 97
231 60
283 31
183 56
234 10
232 47
284 16
184 13
235 87
233 56
285 38
185 10
236 29
234 80
286 49
186 74
237 96
235 58
287 22
187 40
238 79
236 92
288 61
188 36
239 28
237 65
289 93
189 19
240 62
238 26
290 37
190 89
241 28
239 87
291 79
191 83
242 61
240 65
292 99
192 25
243 69
241 66
293 50
193 55
244 51
242 78
294 44
194 88
245 68
243 38
295 69
195 16
246 88
244 20
296 22
196 29
247 30
245 53
297 65
197 15
248 28
246 24
298 13
198 29
249 28
247 70
299 48
199 47
250 95
248 73
300 22
200 17
249 93
301 11
201 55
252 81
302 49
202 43
253 48
251 31
303 15
203 44
254 79
252 73
304 36
204 97
255 62
253 52
305 58
205 41
256 68
254 58
306 39
206 18
257 68
255 53
307 89
207 53
258 43
256 62
308 19
208 88
259 12
257 12
309 99
209 21
260 92
258 69
310 56
210 44
261 62
259 68
311 25
211 20
262 33
260 24
312 45
212 22
263 79
261 72
313 90
213 81
264 69
262 74
314 89
214 34
265 35
263 78
315 40
215 55
266 53
264 15
316 58
216 32
267 100
265 56
317 46
217 59
268 58
266 15
318 82
218 11
269 40
267 27
319 16
219 86
270 79
268 34
320 61
220 59
271 39
269 59
321 23
221 56
272 63
270 48
322 96
222 89
273 20
271 31
323 38
223 48
274 57
272 43
324 16
224 92
275 98
273 73
325 70
225 99
276 97
274 63
326 97
226 75
277 40
275 51
327 70
227 74
278 52
276 42
328 94
228 16
279 75
277 98
329 19
229 98
280 74
278 14
330 78
230 64
281 92
279 39
331 78
231 71
282 74
280 74
332 15
232 43
283 88
281 41
333 13
233 71
284 70
282 100
334 91
234 61
285 45
283 64
335 100
235 78
286 83
284 83
336 56
236 38
287 21
285 75
337 34
237 76
288 39
286 22
338 91
238 23
289 56
287 99
339 93
239 20
290 68
288 62
340 100
240 60
291 97
289 80
341 69
241 16
292 39
290 83
342 46
242 76
293 42
291 14
343 25
243 68
294 84
292 99
344 86
244 51
295 74
293 80
345 13
245 31
296 69
294 27
346 35
246 65
297 86
295 46
347 42
247 15
298 94
296 21
348 49
248 96
299 35
297 41
349 59
249 58
300 83
298 50
350 48
250 58
299 48
351 93
251 26
302 25
352 36
252 38
303 24
301 51
353 29
253 46
304 19
302 64
354 44
254 79
305 45
303 50
355 74
255 21
306 84
304 59
356 24
256 53
307 48
305 81
357 11
257 83
308 43
306 85
358 15
258 36
309 31
307 32
359 20
259 63
310 16
308 50
360 71
260 66
311 17
309 58
361 37
261 58
312 57
310 42
362 48
262 93
313 67
311 12
363 61
263 22
314 69
312 92
364 11
264 10
315 31
313 41
365 69
265 11
316 50
314 43
366 38
266 74
317 21
315 72
367 12
267 64
318 41
316 39
368 87
268 72
319 22
317 86
369 99
269 51
320 55
318 97
370 69
270 93
321 47
319 52
371 66
271 17
322 70
320 36
372 69
272 58
323 42
321 73
373 95
273 70
324 86
322 84
374 69
274 88
325 90
323 95
375 25
275 23
326 88
324 32
376 14
276 12
327 23
325 65
377 49
277 13
328 100
326 94
378 25
278 81
329 81
327 91
379 66
279 81
330 29
328 94
380 53
280 23
331 41
329 15
381 90
281 64
332 99
330 89
382 41
282 18
333 55
331 94
383 63
283 86
334 91
332 14
384 38
284 78
335 30
333 65
385 52
285 48
336 27
334 36
386 94
286 49
337 43
335 55
387 100
287 48
338 73
336 67
388 70
288 79
339 39
337 44
389 99
289 44
340 26
338 39
390 69
290 41
341 76
339 10
391 28
291 53
342 53
340 78
392 63
292 99
343 69
341 12
393 37
293 17
344 73
342 31
394 97
294 58
345 24
343 50
395 22
295 77
346 82
344 11
396 97
296 78
347 76
345 69
397 17
297 24
348 22
346 25
398 14
298 71
349 93
347 43
399 50
299 93
350 64
348 25
400 58
300 51
349 19
401 57
301 81
352 75
402 97
302 94
353 33
351 40
403 20
303 78
354 47
352 50
404 32
304 14
355 50
353 66
405 59
305 87
356 92
354 94
406 76
306 61
357 98
355 77
407 42
307 43
358 55
356 12
408 31
308 83
359 70
357 36
409 37
309 67
360 13
358 85
410 90
310 61
361 28
359 77
411 10
311 31
362 50
360 41
412 56
312 33
363 11
361 62
413 28
313 34
364 34
362 95
414 52
314 52
365 81
363 33
415 10
315 85
366 10
364 15
416 21
316 65
367 97
365 44
417 83
317 15
368 41
366 12
418 56
318 33
369 33
367 79
419 87
319 34
370 94
368 88
420 82
320 30
371 97
369 51
421 63
321 49
372 14
370 71
422 79
322 16
373 75
371 11
423 42
323 99
374 78
372 90
424 85
324 32
375 93
373 85
425 13
325 88
376 29
374 47
426 77
326 47
377 58
375 42
427 27
327 94
378 36
376 41
428 45
328 67
379 89
377 72
429 45
329 76
380 97
378 31
430 60
330 29
381 16
379 34
431 46
331 100
382 58
380 46
432 15
332 74
383 100
381 13
433 82
333 69
384 42
382 55
434 87
334 30
385 83
383 81
435 97
335 36
386 64
384 82
436 70
336 10
387 66
385 37
437 30
337 11
388 100
386 32
438 38
338 29
389 84
387 91
439 19
339 31
390 42
388 54
440 95
340 13
391 14
389 42
441 92
341 30
392 57
390 72
442 81
342 91
393 51
391 83
443 74
343 47
394 33
392 67
444 79
344 28
395 73
393 15
445 79
345 38
396 85
394 27
446 31
346 62
397 99
395 64
447 54
347 42
398 44
396 21
448 25
348 91
399 88
397 98
449 46
349 35
400 60
398 85
450 77
350 36
399 31
451 98
351 28
402 56
452 31
352 86
403 90
401 16
453 27
353 78
404 60
402 36
454 20
354 79
405 48
403 59
455 20
355 96
406 33
404 15
456 30
356 76
407 68
405 62
457 75
357 78
408 24
406 98
458 43
358 92
409 10
407 51
459 44
359 93
410 51
408 19
460 91
360 16
411 19
409 41
461 53
361 76
412 28
410 78
462 65
362 12
413 90
411 42
463 68
363 98
414 91
412 10
464 70
364 45
415 49
413 39
465 82
365 31
416 42
414 89
466 57
366 50
417 96
415 85
467 26
367 89
418 48
416 17
468 29
368 74
419 92
417 23
469 43
369 24
420 80
418 61
470 11
370 15
421 46
419 23
471 59
371 24
422 15
420 39
472 17
372 90
423 39
421 71
473 68
373 40
424 91
422 95
474 16
374 62
425 69
423 26
475 95
375 84
426 10
424 62
476 38
376 19
427 68
425 92
477 44
377 53
428 84
426 79
478 55
378 19
429 56
427 56
479 31
379 42
430 54
428 76
480 80
380 90
431 26
429 61
481 74
381 98
432 53
430 76
482 19
382 47
433 52
431 26
483 60
383 95
434 74
432 18
484 40
384 57
435 33
433 14
485 71
385 86
436 91
434 25
486 17
386 92
437 64
435 19
487 29
387 38
438 94
436 95
488 95
388 74
439 45
437 49
489 23
389 27
440 40
438 75
490 67
390 17
441 36
439 16
491 42
391 30
442 28
440 56
492 78
392 36
443 94
441 38
493 25
393 67
444 79
442 43
494 85
394 37
445 22
443 77
495 95
395 82
446 15
444 12
496 60
396 70
447 96
445 13
497 12
397 77
448 15
446 67
498 61
398 57
449 99
447 29
499 29
399 43
450 38
448 32
500 10
400 72
449 63
501 53
401 75
452 85
502 74
402 61
453 30
451 71
503 17
403 59
454 69
452 55
504 88
404 60
455 97
453 25
505 38
405 74
456 87
454 64
506 80
406 100
457 17
455 94
507 13
407 13
458 37
456 65
508 61
408 92
459 45
457 66
509 34
409 49
460 32
458 89
510 76
410 74
461 80
459 25
511 34
411 32
462 50
460 72
512 84
412 70
463 63
461 44
513 83
413 73
464 70
462 82
514 50
414 99
465 95
463 91
515 66
415 75
466 34
464 91
516 55
416 59
467 57
465 87
517 37
417 21
468 47
466 56
518 44
418 49
469 43
467 18
519 40
419 11
470 33
468 87
520 56
420 90
471 31
469 23
521 99
421 84
472 48
470 37
522 16
422 87
473 11
471 53
523 78
423 40
474 22
472 91
524 23
424 75
475 96
473 48
525 35
425 69
476 29
474 89
526 72
426 92
477 97
475 96
527 70
427 30
478 21
476 58
528 50
428 14
479 77
477 47
529 54
429 24
480 70
478 86
530 54
430 88
481 37
479 21
531 47
431 62
482 42
480 61
532 56
432 33
483 62
481 55
533 43
433 23
484 98
482 72
534 97
434 52
485 42
483 30
535 22
435 55
486 94
484 62
536 66
436 80
487 43
485 100
537 33
437 56
488 67
486 38
538 90
438 74
489 18
487 58
539 51
439 20
490 81
488 78
540 67
440 91
491 82
489 21
541 75
441 57
492 91
490 97
542 23
442 44
493 45
491 58
543 95
443 47
494 66
492 21
544 15
444 43
495 34
493 15
545 13
445 85
496 34
494 97
546 80
446 58
497 10
495 62
547 31
447 27
498 74
496 86
548 12
448 30
499 18
497 83
549 62
449 26
500 31
498 24
550 25
450 33
499 76
551 25
451 86
502 78
552 84
452 32
503 52
501 18
553 45
453 91
504 93
502 30
554 31
454 64
505 44
503 97
555 17
455 16
506 97
504 45
556 31
456 48
507 39
505 67
557 55
457 23
508 85
506 72
558 48
458 59
509 77
507 43
559 51
459 17
510 25
508 40
560 68
460 42
511 56
509 21
561 67
461 40
512 53
510 27
562 48
462 98
513 76
511 36
563 37
463 71
514 70
512 62
564 99
464 59
515 34
513 58
565 64
465 95
516 19
514 50
566 53
466 75
517 12
515 26
567 95
467 70
518 46
516 57
568 74
468 70
519 19
517 69
569 71
469 30
520 18
518 52
570 64
470 35
521 41
519 17
571 18
471 62
522 59
520 63
572 77
472 40
523 27
521 58
573 67
473 14
524 61
522 17
574 79
474 69
525 97
523 81
575 27
475 53
526 78
524 20
576 32
476 22
527 84
525 90
577 81
477 42
528 14
526 72
578 87
478 21
529 82
527 47
579 12
479 56
530 46
528 90
580 44
480 25
531 85
529 57
581 32
481 80
532 32
530 12
582 12
482 17
533 32
531 100
583 41
483 46
534 25
532 55
584 97
484 95
535 58
533 12
585 33
485 94
536 83
534 28
586 82
486 79
537 33
535 17
587 95
487 59
538 28
536 16
588 20
488 25
539 74
537 35
589 63
489 41
540 23
538 63
590 55
490 77
541 100
539 72
591 47
491 93
542 20
540 95
592 51
492 32
543 68
541 27
593 90
493 61
544 90
542 26
594 16
494 84
545 20
543 96
595 27
495 44
546 77
544 11
596 65
496 27
547 32
545 32
597 19
497 70
548 76
546 25
598 71
498 58
549 14
547 81
599 33
499 73
550 33
548 67
600 63
500 84
549 46
501 92
552 95
502 84
553 64
551 26
503 57
554 63
552 62
504 47
555 42
553 45
505 23
556 53
554 88
506 45
557 31
555 86
507 50
558 91
556 25
508 15
559 52
557 82
509 98
560 100
558 54
510 13
561 40
559 85
511 64
562 18
560 84
512 45
563 13
561 30
513 79
564 34
562 97
514 17
565 45
563 72
515 49
566 74
564 86
516 28
567 80
565 17
517 63
568 56
566 21
518 82
569 68
567 74
519 39
570 35
568 63
520 42
571 46
569 49
521 98
572 63
570 76
522 45
573 15
571 44
523 45
574 27
572 61
524 71
575 38
573 73
525 36
576 91
574 63
526 74
577 28
575 32
527 32
578 40
576 43
528 24
579 50
577 97
529 82
580 88
578 25
530 59
581 33
579 25
531 56
582 57
580 15
532 47
583 70
581 38
533 13
584 33
582 82
534 74
585 44
583 93
535 18
586 50
584 15
536 17
587 71
585 96
537 79
588 69
586 75
538 78
589 97
587 17
539 19
590 56
588 57
540 73
591 57
589 84
541 55
592 40
590 35
542 11
593 98
591 18
543 70
594 56
592 58
544 46
595 84
593 79
545 37
596 23
594 65
546 32
597 47
595 71
547 49
598 96
596 59
548 88
599 65
597 81
549 73
600 49
598 67
550 14
599 46
211
265
1 211 
1 251 
1 3 
2 143 502 
2 300 172 
4 349 352 322 25 
1 546 
3 196 171 448 
3 164 219 282 
3 216 435 269 
1 101 
1 17 
2 470 577 
1 113 
1 258 
2 529 106 
1 302 
2 415 339 
1 534 
2 535 320 
2 555 212 
1 294 
1 491 
1 94 
2 446 206 
2 573 450 
2 301 517 
1 423 
3 386 14 124 
4 192 38 495 115 
1 304 
2 459 407 
2 223 412 
3 594 233 567 
2 23 184 
2 480 406 
4 290 11 358 6 
3 204 388 367 
2 490 199 
2 400 507 
1 35 
1 264 
2 482 369 
2 494 318 
2 401 597 
1 530 
2 428 471 
2 140 230 
1 350 
1 185 
1 20 
1 244 
1 403 
2 19 110 
1 430 
1 522 
1 315 
1 252 
1 48 
2 576 333 
2 26 593 
2 186 566 
2 117 156 
1 310 
1 78 
4 236 139 540 454 
1 98 
2 284 149 
1 39 
3 59 12 93 
2 436 62 
4 240 170 379 384 
2 519 372 
2 111 49 
4 228 52 90 563 
2 201 303 
1 286 
2 581 257 
1 162 
1 102 
3 215 393 545 
1 331 
2 392 335 
1 205 
2 224 508 
2 501 30 
2 509 574 
1 469 
1 64 
4 558 465 109 590 
2 457 208 
1 262 
5 571 53 414 589 254 
2 599 468 
2 537 181 
2 547 579 
1 588 
1 107 
2 584 500 
1 514 
2 394 398 
1 278 
1 197 
4 31 191 485 76 
2 179 413 
1 328 
6 103 552 176 551 421 311 
3 411 138 213 
2 375 543 
1 564 
1 86 
1 312 
2 175 127 
1 265 
