400 1500 10 100 76
2
3
3
3
3
3
3
3
3
3
3
3
3
3
3
3
3
3
3
3
3
3
3
3
3
3
3
3
3
3
3
3
3
3
3
3
3
3
3
2
3
4
4
4
4
4
4
4
4
4
4
4
4
4
4
4
4
4
4
4
4
4
4
4
4
4
4
4
4
4
4
4
4
4
4
4
4
4
4
3
3
4
4
4
4
4
4
4
4
4
4
4
4
4
4
4
4
4
4
4
4
4
4
4
4
4
4
4
4
4
4
4
4
4
4
4
4
4
4
3
3
4
4
4
4
4
4
4
4
4
4
4
4
4
4
4
4
4
4
4
4
4
4
4
4
4
4
4
4
4
4
4
4
4
4
4
4
4
4
3
3
4
4
4
4
4
4
4
4
4
4
4
4
4
4
4
4
4
4
4
4
4
4
4
4
4
4
4
4
4
4
4
4
4
4
4
4
4
4
3
3
4
4
4
4
4
4
4
4
4
4
4
4
4
4
4
4
4
4
4
4
4
4
4
4
4
4
4
4
4
4
4
4
4
4
4
4
4
4
3
3
4
4
4
4
4
4
4
4
4
4
4
4
4
4
4
4
4
4
4
4
4
4
4
4
4
4
4
4
4
4
4
4
4
4
4
4
4
4
3
3
4
4
4
4
4
4
4
4
4
4
4
4
4
4
4
4
4
4
4
4
4
4
4
4
4
4
4
4
4
4
4
4
4
4
4
4
4
4
3
3
4
4
4
4
4
4
4
4
4
4
4
4
4
4
4
4
4
4
4
4
4
4
4
4
4
4
4
4
4
4
4
4
4
4
4
4
4
4
3
2
3
3
3
3
3
3
3
3
3
3
3
3
3
3
3
3
3
3
3
3
3
3
3
3
3
3
3
3
3
3
3
3
3
3
3
3
3
3
2
41 36
2 29
42 24
3 69
1 98
43 90
4 62
2 64
44 77
5 75
3 37
45 30
6 53
4 84
46 31
7 80
5 100
47 28
8 28
6 96
48 46
9 14
7 85
49 75
10 47
8 76
50 30
11 50
9 95
51 16
12 74
10 53
52 34
13 87
11 48
53 92
14 84
12 11
54 93
15 15
13 89
55 89
16 60
14 10
56 68
17 71
15 88
57 24
18 20
16 76
58 10
19 38
17 15
59 62
20 28
18 95
60 13
21 92
19 46
61 89
22 79
20 24
62 27
23 80
21 70
63 60
24 25
22 91
64 67
25 17
23 38
65 73
26 25
24 85
66 86
27 81
25 92
67 58
28 57
26 11
68 83
29 19
27 56
69 23
30 39
28 57
70 95
31 66
29 64
71 37
32 63
30 92
72 76
33 61
31 70
73 70
34 27
32 46
74 46
35 85
33 83
75 66
36 15
34 81
76 68
37 64
35 13
77 28
38 33
36 15
78 36
39 10
37 21
79 56
40 83
38 23
80 82
39 84
81 67
1 47
42 33
82 63
2 49
43 25
41 100
83 74
3 65
44 64
42 32
84 60
4 34
45 30
43 88
85 73
5 20
46 24
44 64
86 98
6 56
47 42
45 19
87 48
7 65
48 85
46 30
88 96
8 82
49 34
47 15
89 17
9 44
50 61
48 13
90 50
10 32
51 74
49 83
91 79
11 59
52 58
50 13
92 54
12 46
53 20
51 30
93 72
13 76
54 91
52 93
94 53
14 19
55 21
53 83
95 87
15 89
56 81
54 98
96 14
16 70
57 12
55 84
97 57
17 88
58 32
56 50
98 64
18 91
59 88
57 22
99 40
19 76
60 83
58 74
100 99
20 34
61 53
59 40
101 82
21 36
62 12
60 67
102 57
22 12
63 77
61 98
103 45
23 17
64 12
62 91
104 33
24 21
65 96
63 53
105 49
25 28
66 59
64 95
106 95
26 26
67 26
65 30
107 99
27 10
68 55
66 15
108 18
28 15
69 73
67 78
109 27
29 31
70 31
68 86
110 93
30 25
71 55
69 87
111 43
31 12
72 55
70 11
112 27
32 60
73 48
71 86
113 47
33 22
74 15
72 59
114 51
34 57
75 14
73 75
115 88
35 88
76 73
74 27
116 73
36 81
77 26
75 53
117 64
37 31
78 94
76 34
118 50
38 65
79 29
77 22
119 37
39 90
80 33
78 68
120 74
40 32
79 27
121 42
41 13
82 66
122 36
42 91
83 97
81 11
123 14
43 62
84 51
82 83
124 35
44 35
85 79
83 91
125 32
45 93
86 50
84 100
126 23
46 40
87 21
85 19
127 39
47 51
88 61
86 21
128 73
48 71
89 58
87 97
129 87
49 69
90 73
88 32
130 67
50 57
91 55
89 23
131 15
51 26
92 40
90 25
132 67
52 91
93 78
91 49
133 18
53 79
94 100
92 37
134 71
54 47
95 46
93 17
135 92
55 32
96 65
94 51
136 25
56 87
97 52
95 16
137 60
57 37
98 22
96 90
138 89
58 53
99 34
97 72
139 87
59 76
100 31
98 44
140 22
60 16
101 18
99 23
141 21
61 97
102 45
100 73
142 35
62 85
103 78
101 92
143 67
63 51
104 15
102 92
144 29
64 40
105 81
103 37
145 83
65 42
106 68
104 73
146 80
66 57
107 47
105 75
147 14
67 12
108 87
106 45
148 73
68 56
109 73
107 39
149 91
69 70
110 90
108 93
150 46
70 74
111 72
109 29
151 95
71 35
112 33
110 29
152 36
72 35
113 54
111 30
153 41
73 64
114 63
112 74
154 70
74 57
115 83
113 49
155 61
75 86
116 32
114 96
156 59
76 12
117 71
115 86
157 37
77 19
118 25
116 85
158 76
78 75
119 42
117 28
159 17
79 83
120 63
118 36
160 32
80 80
119 82
161 69
81 24
122 40
162 52
82 61
123 76
121 71
163 72
83 46
124 32
122 59
164 96
84 21
125 38
123 52
165 85
85 83
126 55
124 48
166 74
86 71
127 35
125 48
167 67
87 64
128 22
126 40
168 32
88 60
129 20
127 10
169 51
89 63
130 16
128 31
170 17
90 22
131 11
129 77
171 46
91 82
132 37
130 14
172 66
92 43
133 87
131 22
173 77
93 34
134 39
132 70
174 69
94 95
135 69
133 58
175 61
95 52
136 88
134 30
176 79
96 74
137 58
135 84
177 67
97 44
138 42
136 43
178 36
98 48
139 58
137 20
179 25
99 30
140 81
138 55
180 24
100 82
141 40
139 22
181 12
101 59
142 26
140 79
182 100
102 22
143 93
141 16
183 26
103 88
144 15
142 99
184 15
104 16
145 33
143 38
185 51
105 74
146 42
144 70
186 89
106 40
147 23
145 26
187 67
107 76
148 81
146 66
188 74
108 75
149 90
147 33
189 36
109 33
150 72
148 75
190 15
110 86
151 25
149 53
191 34
111 18
152 78
150 44
192 55
112 10
153 55
151 39
193 42
113 97
154 87
152 42
194 24
114 20
155 29
153 57
195 57
115 46
156 48
154 71
196 70
116 90
157 57
155 62
197 34
117 32
158 74
156 49
198 19
118 69
159 30
157 56
199 24
119 28
160 82
158 18
200 37
120 80
159 20
201 84
121 67
162 73
202 25
122 67
163 66
161 25
203 80
123 79
164 82
162 50
204 31
124 62
165 20
163 41
205 87
125 45
166 20
164 60
206 37
126 35
167 13
165 72
207 61
127 53
168 51
166 71
208 71
128 85
169 43
167 66
209 50
129 78
170 96
168 72
210 40
130 50
171 64
169 67
211 66
131 42
172 82
170 26
212 100
132 56
173 49
171 36
213 68
133 96
174 99
172 74
214 66
134 82
175 19
173 98
215 21
135 95
176 61
174 73
216 42
136 41
177 95
175 86
217 89
137 51
178 70
176 50
218 22
138 48
179 91
177 75
219 16
139 13
180 70
178 77
220 45
140 20
181 65
179 81
221 88
141 62
182 92
180 89
222 87
142 62
183 48
181 94
223 73
143 23
184 12
182 36
224 45
144 12
185 22
183 87
225 39
145 80
186 61
184 60
226 63
146 42
187 71
185 85
227 25
147 78
188 73
186 55
228 32
148 42
189 54
187 99
229 23
149 24
190 56
188 11
230 62
150 19
191 34
189 66
231 24
151 41
192 75
190 37
232 46
152 18
193 99
191 55
233 91
153 48
194 18
192 48
234 43
154 61
195 80
193 13
235 82
155 91
196 37
194 50
236 10
156 84
197 91
195 100
237 38
157 89
198 74
196 63
238 61
158 58
199 20
197 92
239 72
159 69
200 99
198 67
240 73
160 96
199 16
241 98
161 31
202 46
242 25
162 13
203 36
201 60
243 37
163 84
204 72
202 36
244 49
164 79
205 71
203 66
245 25
165 88
206 13
204 64
246 24
166 100
207 11
205 71
247 74
167 98
208 72
206 23
248 89
168 86
209 80
207 49
249 32
169 92
210 23
208 90
250 60
170 71
211 36
209 69
251 67
171 81
212 54
210 98
252 41
172 17
213 69
211 70
253 26
173 22
214 94
212 37
254 80
174 51
215 93
213 22
255 70
175 99
216 62
214 24
256 27
176 95
217 85
215 88
257 55
177 54
218 46
216 98
258 78
178 55
219 21
217 47
259 22
179 99
220 63
218 15
260 31
180 60
221 88
219 63
261 12
181 26
222 94
220 37
262 55
182 42
223 52
221 43
263 26
183 57
224 62
222 73
264 74
184 100
225 66
223 79
265 71
185 55
226 11
224 93
266 35
186 12
227 10
225 99
267 41
187 89
228 50
226 11
268 79
188 31
229 33
227 19
269 17
189 56
230 38
228 13
270 99
190 42
231 52
229 57
271 87
191 75
232 27
230 23
272 41
192 59
233 42
231 61
273 84
193 93
234 91
232 33
274 14
194 17
235 58
233 97
275 60
195 38
236 11
234 31
276 96
196 87
237 31
235 77
277 96
197 84
238 57
236 61
278 36
198 36
239 79
237 13
279 22
199 88
240 68
238 96
280 56
200 35
239 93
281 76
201 45
242 73
282 67
202 30
243 54
241 54
283 53
203 48
244 29
242 40
284 31
204 75
245 36
243 31
285 86
205 85
246 63
244 34
286 25
206 16
247 55
245 78
287 94
207 81
248 61
246 80
288 75
208 18
249 53
247 14
289 12
209 63
250 13
248 47
290 53
210 77
251 18
249 34
291 36
211 45
252 75
250 95
292 57
212 72
253 36
251 59
293 15
213 85
254 81
252 13
294 50
214 29
255 20
253 53
295 65
215 26
256 98
254 39
296 95
216 99
257 50
255 51
297 89
217 39
258 34
256 98
298 43
218 58
259 19
257 70
299 38
219 54
260 55
258 31
300 60
220 64
261 100
259 89
301 46
221 18
262 79
260 29
302 31
222 92
263 90
261 19
303 18
223 47
264 28
262 72
304 79
224 20
265 76
263 15
305 62
225 31
266 33
264 73
306 100
226 41
267 26
265 53
307 83
227 10
268 95
266 40
308 59
228 65
269 99
267 49
309 49
229 36
270 29
268 40
310 53
230 56
271 24
269 65
311 26
231 94
272 11
270 22
312 23
232 98
273 53
271 62
313 13
233 86
274 21
272 21
314 18
234 26
275 64
273 93
315 51
235 96
276 85
274 69
316 84
236 100
277 92
275 35
317 59
237 100
278 81
276 10
318 70
238 19
279 83
277 23
319 74
239 77
280 74
278 31
320 47
240 39
279 77
321 40
241 44
282 65
322 25
242 68
283 52
281 36
323 62
243 82
284 41
282 98
324 62
244 45
285 92
283 15
325 26
245 80
286 94
284 83
326 20
246 80
287 61
285 31
327 80
247 19
288 19
286 97
328 32
248 41
289 30
287 58
329 16
249 28
290 51
288 33
330 45
250 11
291 39
289 90
331 66
251 30
292 39
290 83
332 57
252 62
293 56
291 69
333 100
253 53
294 95
292 87
334 99
254 47
295 82
293 16
335 19
255 87
296 13
294 45
336 32
256 37
297 98
295 69
337 57
257 49
298 70
296 34
338 77
258 51
299 23
297 29
339 74
259 11
300 86
298 92
340 82
260 40
301 49
299 39
341 82
261 61
302 88
300 58
342 67
262 92
303 16
301 65
343 77
263 33
304 46
302 73
344 13
264 80
305 87
303 18
345 15
265 49
306 70
304 44
346 62
266 53
307 96
305 38
347 71
267 99
308 19
306 41
348 58
268 28
309 73
307 60
349 75
269 31
310 27
308 83
350 100
270 89
311 48
309 27
351 10
271 23
312 34
310 91
352 24
272 30
313 50
311 41
353 85
273 95
314 42
312 81
354 35
274 77
315 53
313 30
355 92
275 95
316 32
314 91
356 11
276 29
317 65
315 14
357 77
277 66
318 45
316 97
358 17
278 63
319 58
317 66
359 73
279 65
320 92
318 26
360 52
280 28
319 95
361 28
281 63
322 64
362 64
282 40
323 98
321 64
363 67
283 37
324 19
322 45
364 54
284 79
325 70
323 33
365 81
285 41
326 49
324 25
366 45
286 99
327 67
325 21
367 59
287 56
328 72
326 27
368 88
288 54
329 79
327 48
369 37
289 18
330 22
328 25
370 31
290 46
331 25
329 24
371 100
291 38
332 51
330 96
372 25
292 16
333 45
331 96
373 33
293 70
334 63
332 17
374 56
294 79
335 14
333 24
375 44
295 16
336 52
334 90
376 17
296 26
337 76
335 41
377 51
297 81
338 63
336 64
378 34
298 96
339 31
337 26
379 21
299 83
340 28
338 17
380 57
300 11
341 85
339 63
381 17
301 53
342 86
340 20
382 70
302 32
343 22
341 71
383 61
303 28
344 61
342 41
384 14
304 18
345 37
343 76
385 35
305 68
346 35
344 24
386 69
306 93
347 36
345 89
387 70
307 20
348 11
346 51
388 64
308 19
349 66
347 71
389 15
309 46
350 40
348 65
390 92
310 65
351 16
349 79
391 11
311 17
352 77
350 80
392 29
312 41
353 54
351 15
393 25
313 100
354 59
352 85
394 100
314 29
355 51
353 82
395 15
315 69
356 88
354 19
396 65
316 41
357 81
355 14
397 76
317 43
358 78
356 44
398 97
318 90
359 78
357 70
399 46
319 45
360 67
358 93
400 89
320 22
359 47
321 15
362 85
322 77
363 51
361 11
323 74
364 57
362 38
324 33
365 88
363 95
325 47
366 29
364 16
326 24
367 89
365 51
327 48
368 59
366 100
328 24
369 42
367 14
329 92
370 20
368 52
330 27
371 17
369 74
331 50
372 69
370 38
332 79
373 64
371 77
333 14
374 10
372 60
334 47
375 47
373 36
335 32
376 31
374 97
336 87
377 27
375 56
337 69
378 74
376 90
338 77
379 26
377 14
339 56
380 91
378 52
340 44
381 71
379 49
341 35
382 78
380 95
342 73
383 96
381 84
343 69
384 14
382 84
344 85
385 24
383 97
345 12
386 16
384 15
346 43
387 61
385 61
347 33
388 22
386 21
348 75
389 74
387 20
349 91
390 48
388 100
350 47
391 15
389 51
351 21
392 23
390 22
352 62
393 11
391 52
353 31
394 10
392 42
354 49
395 53
393 19
355 98
396 99
394 20
356 45
397 15
395 32
357 40
398 16
396 31
358 15
399 98
397 20
359 59
400 73
398 20
360 53
399 54
23
240
1 23 
1 117 
1 310 
2 296 161 
1 41 
1 321 
4 380 65 45 394 
1 61 
1 213 
1 145 
3 191 254 97 
3 28 306 123 
2 73 126 
1 331 
1 208 
2 261 72 
1 318 
3 68 20 17 
1 206 
1 166 
2 383 134 
2 334 232 
1 359 
1 84 
1 382 
1 313 
2 379 260 
1 251 
1 307 
1 13 
2 78 177 
2 297 2 
1 160 
2 59 15 
4 274 366 53 349 
3 253 285 317 
2 344 56 
1 43 
1 395 
1 156 
1 70 
1 74 
2 221 143 
1 328 
1 309 
1 79 
1 202 
2 121 319 
1 52 
4 164 209 210 280 
3 248 187 224 
3 398 381 46 
5 277 304 101 5 335 
2 47 396 
1 112 
3 38 88 98 
2 290 95 
2 90 303 
3 276 86 326 
2 115 178 
3 142 14 62 
3 40 374 130 
2 391 111 
2 185 196 
1 278 
1 323 
3 358 10 217 
1 49 
4 204 315 131 140 
3 339 356 375 
2 392 293 
2 362 201 
3 176 347 199 
2 12 29 
2 225 135 
1 240 
