600 2276 10 100 114
2
3
3
3
3
3
3
3
3
3
3
3
3
3
3
3
3
3
3
3
3
3
3
3
3
3
3
3
3
3
3
3
3
3
3
3
3
3
3
3
3
3
3
3
3
3
3
3
3
2
3
4
4
4
4
4
4
4
4
4
4
4
4
4
4
4
4
4
4
4
4
4
4
4
4
4
4
4
4
4
4
4
4
4
4
4
4
4
4
4
4
4
4
4
4
4
4
4
4
3
3
4
4
4
4
4
4
4
4
4
4
4
4
4
4
4
4
4
4
4
4
4
4
4
4
4
4
4
4
4
4
4
4
4
4
4
4
4
4
4
4
4
4
4
4
4
4
4
4
3
3
4
4
4
4
4
4
4
4
4
4
4
4
4
4
4
4
4
4
4
4
4
4
4
4
4
4
4
4
4
4
4
4
4
4
4
4
4
4
4
4
4
4
4
4
4
4
4
4
3
3
4
4
4
4
4
4
4
4
4
4
4
4
4
4
4
4
4
4
4
4
4
4
4
4
4
4
4
4
4
4
4
4
4
4
4
4
4
4
4
4
4
4
4
4
4
4
4
4
3
3
4
4
4
4
4
4
4
4
4
4
4
4
4
4
4
4
4
4
4
4
4
4
4
4
4
4
4
4
4
4
4
4
4
4
4
4
4
4
4
4
4
4
4
4
4
4
4
4
3
3
4
4
4
4
4
4
4
4
4
4
4
4
4
4
4
4
4
4
4
4
4
4
4
4
4
4
4
4
4
4
4
4
4
4
4
4
4
4
4
4
4
4
4
4
4
4
4
4
3
3
4
4
4
4
4
4
4
4
4
4
4
4
4
4
4
4
4
4
4
4
4
4
4
4
4
4
4
4
4
4
4
4
4
4
4
4
4
4
4
4
4
4
4
4
4
4
4
4
3
3
4
4
4
4
4
4
4
4
4
4
4
4
4
4
4
4
4
4
4
4
4
4
4
4
4
4
4
4
4
4
4
4
4
4
4
4
4
4
4
4
4
4
4
4
4
4
4
4
3
3
4
4
4
4
4
4
4
4
4
4
4
4
4
4
4
4
4
4
4
4
4
4
4
4
4
4
4
4
4
4
4
4
4
4
4
4
4
4
4
4
4
4
4
4
4
4
4
4
3
3
4
4
4
4
4
4
4
4
4
4
4
4
4
4
4
4
4
4
4
4
4
4
4
4
4
4
4
4
4
4
4
4
4
4
4
4
4
4
4
4
4
4
4
4
4
4
4
4
3
2
3
3
3
3
3
3
3
3
3
3
3
3
3
3
3
3
3
3
3
3
3
3
3
3
3
3
3
3
3
3
3
3
3
3
3
3
3
3
3
3
3
3
3
3
3
3
3
3
2
51 69
2 29
52 29
3 31
1 83
53 29
4 13
2 11
54 86
5 44
3 43
55 22
6 99
4 39
56 48
7 23
5 16
57 69
8 86
6 30
58 93
9 82
7 38
59 87
10 83
8 23
60 10
11 83
9 13
61 62
12 60
10 47
62 27
13 18
11 12
63 32
14 70
12 14
64 60
15 41
13 32
65 80
16 44
14 24
66 96
17 48
15 71
67 53
18 82
16 46
68 99
19 65
17 76
69 11
20 15
18 58
70 91
21 81
19 100
71 84
22 30
20 35
72 34
23 91
21 48
73 22
24 36
22 50
74 57
25 94
23 40
75 93
26 99
24 29
76 12
27 57
25 11
77 96
28 87
26 73
78 45
29 22
27 42
79 100
30 22
28 87
80 93
31 41
29 24
81 74
32 32
30 78
82 82
33 81
31 76
83 86
34 10
32 88
84 67
35 60
33 75
85 20
36 39
34 15
86 32
37 65
35 16
87 39
38 22
36 50
88 18
39 48
37 93
89 43
40 99
38 69
90 16
41 93
39 57
91 76
42 79
40 80
92 91
43 85
41 100
93 53
44 44
42 55
94 66
45 52
43 47
95 91
46 41
44 33
96 96
47 18
45 70
97 89
48 27
46 41
98 52
49 86
47 30
99 20
50 53
48 69
100 57
49 85
101 50
1 34
52 37
102 45
2 14
53 68
51 13
103 69
3 33
54 93
52 52
104 80
4 99
55 35
53 37
105 50
5 94
56 11
54 98
106 54
6 23
57 56
55 35
107 64
7 20
58 66
56 48
108 12
8 68
59 67
57 65
109 14
9 77
60 60
58 26
110 23
10 80
61 75
59 20
111 93
11 83
62 13
60 65
112 98
12 63
63 11
61 82
113 47
13 43
64 15
62 77
114 85
14 89
65 40
63 35
115 95
15 30
66 71
64 89
116 24
16 97
67 74
65 63
117 71
17 59
68 93
66 56
118 100
18 49
69 83
67 90
119 27
19 98
70 68
68 44
120 73
20 94
71 55
69 35
121 87
21 84
72 75
70 17
122 100
22 88
73 72
71 72
123 31
23 35
74 87
72 94
124 65
24 25
75 84
73 82
125 91
25 52
76 71
74 93
126 88
26 38
77 75
75 45
127 97
27 34
78 48
76 19
128 34
28 89
79 99
77 64
129 30
29 77
80 75
78 49
130 67
30 67
81 46
79 100
131 98
31 69
82 70
80 22
132 50
32 48
83 94
81 14
133 65
33 80
84 29
82 61
134 43
34 70
85 86
83 86
135 55
35 79
86 18
84 76
136 57
36 80
87 85
85 20
137 79
37 42
88 43
86 74
138 82
38 16
89 100
87 68
139 19
39 26
90 54
88 47
140 82
40 90
91 89
89 36
141 12
41 39
92 75
90 40
142 66
42 55
93 90
91 71
143 90
43 70
94 76
92 47
144 72
44 42
95 76
93 55
145 59
45 42
96 99
94 17
146 62
46 11
97 68
95 65
147 37
47 38
98 88
96 77
148 90
48 11
99 68
97 51
149 26
49 73
100 71
98 64
150 67
50 33
99 25
151 54
51 87
102 74
152 50
52 77
103 92
101 79
153 12
53 70
104 74
102 50
154 80
54 35
105 65
103 22
155 73
55 39
106 61
104 15
156 81
56 21
107 94
105 80
157 75
57 97
108 37
106 64
158 79
58 25
109 79
107 20
159 17
59 50
110 14
108 27
160 53
60 37
111 87
109 49
161 40
61 92
112 52
110 31
162 94
62 82
113 89
111 21
163 98
63 55
114 100
112 98
164 72
64 39
115 37
113 81
165 34
65 13
116 31
114 88
166 47
66 55
117 12
115 72
167 36
67 92
118 98
116 44
168 48
68 52
119 53
117 12
169 86
69 89
120 28
118 78
170 53
70 99
121 68
119 77
171 40
71 85
122 78
120 57
172 81
72 73
123 70
121 81
173 71
73 40
124 69
122 71
174 43
74 77
125 14
123 63
175 16
75 20
126 46
124 74
176 11
76 82
127 21
125 37
177 35
77 35
128 96
126 24
178 62
78 29
129 17
127 89
179 66
79 21
130 86
128 78
180 14
80 47
131 80
129 30
181 60
81 34
132 47
130 99
182 66
82 66
133 28
131 27
183 37
83 30
134 62
132 32
184 30
84 20
135 26
133 85
185 78
85 91
136 31
134 97
186 86
86 42
137 42
135 26
187 81
87 91
138 70
136 19
188 88
88 82
139 20
137 96
189 89
89 92
140 82
138 46
190 70
90 48
141 88
139 58
191 36
91 39
142 82
140 14
192 21
92 57
143 98
141 97
193 77
93 57
144 98
142 33
194 86
94 94
145 13
143 84
195 24
95 29
146 61
144 96
196 21
96 69
147 73
145 18
197 68
97 57
148 37
146 85
198 52
98 11
149 36
147 27
199 95
99 39
150 100
148 72
200 57
100 68
149 99
201 78
101 63
152 11
202 34
102 87
153 62
151 78
203 70
103 39
154 64
152 31
204 93
104 34
155 97
153 69
205 79
105 91
156 82
154 29
206 71
106 95
157 38
155 50
207 68
107 95
158 90
156 83
208 27
108 59
159 12
157 98
209 28
109 41
160 53
158 76
210 93
110 16
161 51
159 53
211 86
111 80
162 31
160 46
212 81
112 55
163 82
161 36
213 55
113 44
164 93
162 65
214 94
114 37
165 56
163 64
215 56
115 12
166 44
164 54
216 29
116 100
167 42
165 18
217 50
117 35
168 75
166 11
218 24
118 79
169 29
167 93
219 44
119 95
170 30
168 70
220 75
120 32
171 37
169 43
221 67
121 36
172 18
170 60
222 79
122 27
173 91
171 22
223 19
123 60
174 35
172 15
224 21
124 18
175 97
173 32
225 100
125 97
176 21
174 37
226 86
126 82
177 78
175 68
227 95
127 75
178 41
176 95
228 30
128 45
179 24
177 92
229 99
129 60
180 87
178 31
230 76
130 56
181 58
179 22
231 18
131 78
182 31
180 47
232 29
132 47
183 47
181 45
233 46
133 98
184 75
182 70
234 50
134 66
185 26
183 89
235 64
135 54
186 57
184 13
236 55
136 86
187 41
185 55
237 24
137 69
188 30
186 85
238 16
138 57
189 97
187 63
239 40
139 52
190 100
188 49
240 25
140 87
191 24
189 72
241 30
141 28
192 31
190 83
242 38
142 94
193 10
191 39
243 31
143 73
194 94
192 24
244 48
144 12
195 26
193 97
245 59
145 27
196 83
194 76
246 93
146 14
197 20
195 22
247 31
147 54
198 14
196 97
248 38
148 89
199 34
197 78
249 50
149 10
200 42
198 75
250 79
150 68
199 10
251 32
151 33
202 46
252 22
152 73
203 89
201 44
253 12
153 16
204 65
202 90
254 99
154 90
205 54
203 29
255 74
155 85
206 48
204 73
256 61
156 52
207 93
205 94
257 98
157 21
208 39
206 43
258 56
158 79
209 61
207 83
259 79
159 65
210 91
208 88
260 18
160 81
211 66
209 38
261 70
161 90
212 96
210 21
262 41
162 35
213 11
211 25
263 76
163 76
214 92
212 92
264 57
164 70
215 75
213 46
265 99
165 20
216 58
214 12
266 99
166 26
217 82
215 70
267 37
167 44
218 44
216 72
268 20
168 76
219 63
217 25
269 19
169 62
220 64
218 33
270 63
170 75
221 52
219 46
271 70
171 13
222 34
220 10
272 30
172 99
223 25
221 56
273 96
173 10
224 65
222 82
274 22
174 83
225 37
223 40
275 60
175 19
226 16
224 86
276 54
176 87
227 96
225 42
277 28
177 85
228 78
226 65
278 52
178 14
229 95
227 78
279 55
179 61
230 45
228 23
280 64
180 43
231 73
229 77
281 13
181 91
232 19
230 40
282 43
182 84
233 91
231 66
283 33
183 48
234 25
232 73
284 68
184 51
235 58
233 88
285 97
185 84
236 66
234 71
286 93
186 81
237 95
235 22
287 70
187 51
238 55
236 72
288 13
188 77
239 40
237 35
289 89
189 66
240 40
238 31
290 68
190 100
241 17
239 48
291 44
191 28
242 36
240 100
292 67
192 39
243 72
241 74
293 92
193 64
244 77
242 39
294 69
194 79
245 78
243 44
295 18
195 26
246 37
244 53
296 27
196 85
247 91
245 71
297 40
197 58
248 97
246 59
298 19
198 80
249 25
247 14
299 52
199 97
250 78
248 50
300 54
200 26
249 37
301 26
201 83
252 36
302 35
202 56
253 27
251 57
303 66
203 69
254 74
252 11
304 38
204 100
255 28
253 85
305 83
205 52
256 39
254 60
306 64
206 40
257 91
255 19
307 21
207 75
258 32
256 88
308 12
208 43
259 68
257 56
309 48
209 51
260 47
258 27
310 71
210 41
261 49
259 51
311 44
211 47
262 67
260 44
312 60
212 47
263 98
261 98
313 20
213 82
264 57
262 79
314 59
214 37
265 61
263 96
315 49
215 90
266 21
264 62
316 100
216 61
267 21
265 18
317 28
217 73
268 81
266 73
318 47
218 47
269 47
267 33
319 36
219 77
270 74
268 36
320 29
220 25
271 33
269 77
321 33
221 54
272 41
270 99
322 39
222 11
273 41
271 57
323 45
223 13
274 19
272 17
324 91
224 39
275 83
273 30
325 78
225 86
276 35
274 11
326 57
226 47
277 13
275 32
327 36
227 19
278 63
276 66
328 45
228 38
279 68
277 45
329 32
229 58
280 64
278 39
330 18
230 13
281 71
279 43
331 44
231 76
282 15
280 63
332 89
232 79
283 42
281 87
333 12
233 86
284 47
282 92
334 67
234 20
285 20
283 38
335 57
235 94
286 76
284 40
336 25
236 30
287 45
285 92
337 56
237 81
288 16
286 24
338 89
238 88
289 81
287 95
339 35
239 88
290 60
288 86
340 37
240 97
291 89
289 13
341 22
241 93
292 42
290 96
342 28
242 34
293 54
291 12
343 92
243 23
294 25
292 78
344 29
244 12
295 30
293 18
345 16
245 80
296 59
294 46
346 25
246 57
297 89
295 33
347 47
247 82
298 81
296 29
348 52
248 62
299 94
297 95
349 69
249 92
300 100
298 47
350 86
250 43
299 87
351 62
251 91
302 52
352 29
252 33
303 36
301 26
353 21
253 29
304 96
302 97
354 63
254 13
305 31
303 56
355 37
255 31
306 21
304 100
356 75
256 39
307 40
305 97
357 39
257 13
308 40
306 46
358 15
258 18
309 41
307 45
359 99
259 67
310 36
308 94
360 21
260 26
311 34
309 25
361 79
261 14
312 38
310 49
362 31
262 28
313 23
311 12
363 41
263 42
314 46
312 20
364 20
264 23
315 29
313 61
365 96
265 65
316 48
314 41
366 23
266 70
317 55
315 30
367 21
267 100
318 63
316 27
368 59
268 46
319 21
317 88
369 12
269 75
320 94
318 48
370 57
270 75
321 57
319 13
371 79
271 33
322 67
320 71
372 63
272 99
323 92
321 89
373 59
273 51
324 52
322 71
374 33
274 35
325 51
323 80
375 12
275 21
326 63
324 76
376 75
276 77
327 21
325 62
377 65
277 17
328 19
326 32
378 51
278 94
329 75
327 20
379 75
279 25
330 21
328 100
380 67
280 85
331 98
329 43
381 79
281 29
332 84
330 18
382 11
282 38
333 59
331 45
383 53
283 57
334 14
332 15
384 93
284 80
335 35
333 23
385 85
285 75
336 87
334 96
386 82
286 78
337 18
335 55
387 53
287 31
338 50
336 17
388 36
288 44
339 23
337 12
389 14
289 54
340 24
338 91
390 59
290 20
341 58
339 42
391 40
291 46
342 55
340 26
392 42
292 89
343 28
341 73
393 41
293 83
344 64
342 34
394 89
294 52
345 67
343 16
395 19
295 90
346 73
344 85
396 13
296 41
347 66
345 41
397 60
297 22
348 64
346 72
398 23
298 82
349 17
347 75
399 18
299 69
350 85
348 83
400 20
300 65
349 73
401 15
301 90
352 42
402 27
302 49
353 71
351 33
403 40
303 23
354 39
352 16
404 65
304 81
355 57
353 42
405 89
305 55
356 65
354 17
406 73
306 32
357 58
355 84
407 18
307 54
358 20
356 10
408 18
308 27
359 26
357 64
409 99
309 39
360 79
358 79
410 19
310 57
361 73
359 11
411 73
311 89
362 67
360 54
412 88
312 71
363 19
361 98
413 58
313 12
364 95
362 57
414 43
314 83
365 42
363 79
415 48
315 25
366 98
364 53
416 43
316 28
367 75
365 60
417 50
317 86
368 53
366 27
418 38
318 98
369 25
367 33
419 16
319 76
370 86
368 20
420 90
320 95
371 73
369 60
421 41
321 69
372 74
370 38
422 87
322 77
373 21
371 19
423 91
323 27
374 75
372 93
424 60
324 70
375 70
373 44
425 57
325 16
376 60
374 83
426 84
326 75
377 38
375 53
427 46
327 17
378 72
376 79
428 25
328 96
379 68
377 82
429 62
329 35
380 37
378 84
430 37
330 62
381 40
379 38
431 60
331 65
382 15
380 13
432 23
332 51
383 72
381 60
433 28
333 58
384 22
382 26
434 58
334 81
385 47
383 70
435 69
335 84
386 14
384 23
436 94
336 24
387 83
385 50
437 69
337 55
388 32
386 75
438 92
338 68
389 25
387 36
439 47
339 33
390 89
388 68
440 58
340 78
391 27
389 88
441 39
341 95
392 24
390 26
442 85
342 21
393 30
391 74
443 93
343 51
394 78
392 77
444 12
344 18
395 87
393 34
445 48
345 61
396 71
394 16
446 24
346 82
397 16
395 78
447 50
347 27
398 86
396 100
448 15
348 64
399 60
397 78
449 47
349 19
400 97
398 68
450 74
350 31
399 57
451 21
351 76
402 50
452 72
352 17
403 20
401 95
453 73
353 22
404 10
402 28
454 25
354 18
405 60
403 31
455 20
355 82
406 65
404 41
456 74
356 37
407 34
405 26
457 23
357 61
408 55
406 47
458 100
358 14
409 32
407 79
459 55
359 48
410 38
408 72
460 85
360 47
411 39
409 87
461 67
361 18
412 17
410 35
462 24
362 51
413 43
411 95
463 63
363 12
414 31
412 53
464 34
364 16
415 58
413 12
465 96
365 19
416 68
414 81
466 61
366 53
417 77
415 27
467 26
367 78
418 99
416 60
468 66
368 45
419 41
417 82
469 23
369 51
420 84
418 36
470 72
370 37
421 30
419 63
471 28
371 39
422 83
420 35
472 96
372 73
423 99
421 93
473 90
373 75
424 62
422 62
474 32
374 59
425 22
423 63
475 96
375 30
426 48
424 97
476 82
376 52
427 20
425 60
477 94
377 91
428 76
426 89
478 54
378 56
429 36
427 57
479 31
379 78
430 11
428 82
480 33
380 98
431 77
429 19
481 12
381 59
432 63
430 32
482 51
382 92
433 89
431 53
483 19
383 44
434 48
432 26
484 49
384 42
435 43
433 46
485 84
385 71
436 31
434 88
486 31
386 71
437 37
435 42
487 11
387 91
438 54
436 67
488 79
388 26
439 19
437 70
489 88
389 59
440 10
438 31
490 26
390 93
441 81
439 18
491 42
391 13
442 32
440 95
492 32
392 46
443 25
441 73
493 17
393 100
444 13
442 100
494 48
394 74
445 67
443 46
495 73
395 18
446 31
444 20
496 32
396 70
447 73
445 28
497 84
397 72
448 32
446 76
498 52
398 81
449 56
447 87
499 65
399 48
450 20
448 71
500 37
400 73
449 63
501 24
401 36
452 55
502 54
402 65
453 15
451 99
503 68
403 81
454 32
452 73
504 89
404 78
455 77
453 14
505 34
405 17
456 23
454 75
506 89
406 71
457 69
455 18
507 50
407 57
458 59
456 11
508 29
408 74
459 43
457 58
509 35
409 51
460 33
458 93
510 84
410 88
461 32
459 17
511 13
411 69
462 31
460 68
512 82
412 18
463 53
461 87
513 61
413 79
464 29
462 82
514 45
414 37
465 50
463 77
515 45
415 18
466 11
464 81
516 87
416 11
467 40
465 48
517 88
417 75
468 92
466 33
518 37
418 54
469 34
467 28
519 36
419 62
470 69
468 41
520 54
420 89
471 14
469 63
521 46
421 25
472 52
470 72
522 25
422 62
473 100
471 52
523 90
423 80
474 65
472 94
524 12
424 52
475 74
473 69
525 98
425 37
476 56
474 90
526 21
426 10
477 83
475 57
527 48
427 50
478 31
476 25
528 84
428 15
479 84
477 98
529 26
429 82
480 47
478 13
530 57
430 58
481 27
479 83
531 18
431 94
482 94
480 17
532 47
432 76
483 82
481 53
533 52
433 70
484 84
482 55
534 11
434 44
485 39
483 21
535 100
435 17
486 38
484 14
536 100
436 51
487 20
485 24
537 75
437 96
488 44
486 84
538 14
438 99
489 16
487 34
539 52
439 55
490 19
488 94
540 93
440 100
491 91
489 31
541 26
441 60
492 96
490 33
542 32
442 83
493 30
491 13
543 82
443 59
494 48
492 54
544 81
444 74
495 83
493 28
545 25
445 85
496 75
494 27
546 55
446 21
497 51
495 13
547 14
447 27
498 22
496 51
548 31
448 74
499 58
497 22
549 11
449 66
500 43
498 52
550 37
450 69
499 82
551 50
451 56
502 12
552 56
452 34
503 62
501 12
553 18
453 24
504 83
502 70
554 29
454 82
505 16
503 15
555 83
455 66
506 22
504 95
556 35
456 72
507 64
505 42
557 75
457 96
508 57
506 14
558 50
458 32
509 15
507 45
559 23
459 45
510 41
508 30
560 38
460 87
511 72
509 35
561 66
461 35
512 20
510 32
562 76
462 92
513 15
511 50
563 30
463 23
514 78
512 52
564 61
464 82
515 95
513 74
565 13
465 72
516 100
514 84
566 26
466 43
517 36
515 21
567 92
467 84
518 81
516 36
568 78
468 75
519 16
517 50
569 79
469 91
520 17
518 34
570 98
470 13
521 14
519 70
571 17
471 14
522 73
520 22
572 52
472 40
523 44
521 17
573 43
473 69
524 89
522 64
574 55
474 27
525 12
523 11
575 54
475 35
526 33
524 47
576 12
476 33
527 92
525 37
577 48
477 62
528 93
526 78
578 61
478 93
529 22
527 13
579 12
479 52
530 93
528 23
580 13
480 77
531 91
529 48
581 66
481 21
532 95
530 47
582 38
482 93
533 33
531 49
583 21
483 61
534 54
532 42
584 59
484 74
535 93
533 79
585 32
485 31
536 92
534 29
586 36
486 100
537 59
535 66
587 89
487 84
538 67
536 83
588 65
488 68
539 45
537 55
589 15
489 45
540 89
538 44
590 30
490 62
541 22
539 53
591 19
491 79
542 96
540 22
592 77
492 47
543 58
541 45
593 68
493 94
544 43
542 64
594 31
494 92
545 49
543 29
595 31
495 19
546 19
544 72
596 20
496 14
547 79
545 23
597 87
497 55
548 20
546 79
598 69
498 36
549 20
547 45
599 24
499 40
550 54
548 17
600 84
500 20
549 31
501 31
552 90
502 38
553 63
551 100
503 32
554 21
552 85
504 38
555 34
553 23
505 42
556 54
554 55
506 63
557 49
555 73
507 15
558 78
556 18
508 78
559 46
557 26
509 84
560 80
558 34
510 52
561 34
559 95
511 55
562 48
560 49
512 66
563 54
561 77
513 29
564 15
562 39
514 31
565 54
563 99
515 39
566 74
564 27
516 61
567 85
565 81
517 48
568 11
566 43
518 100
569 56
567 37
519 87
570 70
568 82
520 21
571 93
569 93
521 79
572 84
570 93
522 84
573 43
571 46
523 61
574 64
572 90
524 54
575 64
573 16
525 41
576 58
574 51
526 75
577 84
575 51
527 61
578 48
576 66
528 43
579 63
577 94
529 80
580 76
578 33
530 20
581 86
579 62
531 74
582 88
580 31
532 45
583 45
581 24
533 34
584 72
582 41
534 89
585 74
583 74
535 61
586 68
584 24
536 48
587 39
585 82
537 99
588 83
586 11
538 59
589 51
587 70
539 69
590 15
588 72
540 23
591 30
589 48
541 40
592 74
590 49
542 16
593 12
591 42
543 14
594 38
592 59
544 71
595 91
593 99
545 55
596 37
594 11
546 43
597 77
595 98
547 66
598 80
596 26
548 83
599 57
597 35
549 65
600 18
598 72
550 42
599 88
337
110
1 337 
1 198 
2 157 470 
2 506 192 
3 336 448 510 
2 233 436 
1 348 
1 330 
1 541 
1 213 
3 584 482 332 
1 51 
5 461 130 372 517 218 
2 380 388 
2 590 224 
1 194 
2 406 117 
3 180 234 240 
3 317 571 431 
1 445 
2 499 87 
3 352 586 199 
1 504 
2 77 361 
3 264 200 279 
2 310 183 
1 585 
3 389 385 20 
2 468 308 
1 403 
2 245 284 
1 226 
1 18 
3 320 49 413 
4 592 402 488 250 
3 339 440 473 
1 487 
1 544 
1 166 
1 119 
3 182 508 88 
3 196 374 533 
2 543 167 
2 158 375 
1 595 
2 581 578 
2 479 410 
3 507 68 498 
2 438 66 
2 290 60 
2 63 582 
2 179 187 
2 373 561 
1 57 
1 156 
2 415 358 
2 128 596 
1 390 
2 579 263 
2 369 350 
4 169 159 549 599 
1 490 
2 294 181 
1 10 
3 26 161 129 
2 154 328 
2 152 326 
1 492 
1 327 
1 526 
1 261 
2 424 232 
2 299 395 
4 443 32 540 238 
2 434 500 
2 335 24 
1 591 
2 79 509 
3 589 36 69 
3 21 459 118 
1 396 
1 304 
2 7 516 
2 588 565 
2 37 85 
3 377 355 417 
1 43 
1 115 
1 349 
3 347 546 556 
1 513 
2 354 274 
2 50 160 
2 575 89 
2 486 420 
1 246 
2 289 178 
2 153 265 
1 257 
1 458 
2 222 376 
2 92 301 
1 391 
2 557 74 
3 81 184 39 
1 566 
1 109 
1 531 
1 314 
2 432 106 
1 114 
1 95 
3 331 367 9 
1 110 
