625 2400 10 100 118
2
3
3
3
3
3
3
3
3
3
3
3
3
3
3
3
3
3
3
3
3
3
3
3
2
3
4
4
4
4
4
4
4
4
4
4
4
4
4
4
4
4
4
4
4
4
4
4
4
3
3
4
4
4
4
4
4
4
4
4
4
4
4
4
4
4
4
4
4
4
4
4
4
4
3
3
4
4
4
4
4
4
4
4
4
4
4
4
4
4
4
4
4
4
4
4
4
4
4
3
3
4
4
4
4
4
4
4
4
4
4
4
4
4
4
4
4
4
4
4
4
4
4
4
3
3
4
4
4
4
4
4
4
4
4
4
4
4
4
4
4
4
4
4
4
4
4
4
4
3
3
4
4
4
4
4
4
4
4
4
4
4
4
4
4
4
4
4
4
4
4
4
4
4
3
3
4
4
4
4
4
4
4
4
4
4
4
4
4
4
4
4
4
4
4
4
4
4
4
3
3
4
4
4
4
4
4
4
4
4
4
4
4
4
4
4
4
4
4
4
4
4
4
4
3
3
4
4
4
4
4
4
4
4
4
4
4
4
4
4
4
4
4
4
4
4
4
4
4
3
3
4
4
4
4
4
4
4
4
4
4
4
4
4
4
4
4
4
4
4
4
4
4
4
3
3
4
4
4
4
4
4
4
4
4
4
4
4
4
4
4
4
4
4
4
4
4
4
4
3
3
4
4
4
4
4
4
4
4
4
4
4
4
4
4
4
4
4
4
4
4
4
4
4
3
3
4
4
4
4
4
4
4
4
4
4
4
4
4
4
4
4
4
4
4
4
4
4
4
3
3
4
4
4
4
4
4
4
4
4
4
4
4
4
4
4
4
4
4
4
4
4
4
4
3
3
4
4
4
4
4
4
4
4
4
4
4
4
4
4
4
4
4
4
4
4
4
4
4
3
3
4
4
4
4
4
4
4
4
4
4
4
4
4
4
4
4
4
4
4
4
4
4
4
3
3
4
4
4
4
4
4
4
4
4
4
4
4
4
4
4
4
4
4
4
4
4
4
4
3
3
4
4
4
4
4
4
4
4
4
4
4
4
4
4
4
4
4
4
4
4
4
4
4
3
3
4
4
4
4
4
4
4
4
4
4
4
4
4
4
4
4
4
4
4
4
4
4
4
3
3
4
4
4
4
4
4
4
4
4
4
4
4
4
4
4
4
4
4
4
4
4
4
4
3
3
4
4
4
4
4
4
4
4
4
4
4
4
4
4
4
4
4
4
4
4
4
4
4
3
3
4
4
4
4
4
4
4
4
4
4
4
4
4
4
4
4
4
4
4
4
4
4
4
3
3
4
4
4
4
4
4
4
4
4
4
4
4
4
4
4
4
4
4
4
4
4
4
4
3
2
3
3
3
3
3
3
3
3
3
3
3
3
3
3
3
3
3
3
3
3
3
3
3
2
26 80
2 29
27 10
3 96
1 83
28 95
4 35
2 50
29 87
5 25
3 73
30 97
6 82
4 20
31 74
7 75
5 64
32 21
8 47
6 97
33 86
9 85
7 66
34 57
10 38
8 35
35 56
11 44
9 40
36 64
12 48
10 96
37 63
13 53
11 21
38 54
14 84
12 46
39 90
15 86
13 34
40 33
16 27
14 10
41 61
17 11
15 39
42 64
18 79
16 43
43 79
19 63
17 58
44 60
20 18
18 10
45 37
21 50
19 77
46 32
22 65
20 24
47 96
23 42
21 79
48 26
24 14
22 16
49 56
25 94
23 18
50 73
24 85
51 28
1 77
27 41
52 27
2 57
28 68
26 64
53 15
3 100
29 90
27 87
54 27
4 10
30 81
28 83
55 82
5 47
31 66
29 26
56 45
6 68
32 91
30 34
57 12
7 10
33 67
31 14
58 91
8 48
34 47
32 92
59 38
9 89
35 55
33 99
60 31
10 34
36 70
34 54
61 86
11 94
37 41
35 55
62 79
12 27
38 67
36 89
63 99
13 94
39 70
37 13
64 89
14 84
40 60
38 68
65 100
15 95
41 77
39 37
66 80
16 13
42 88
40 48
67 39
17 50
43 29
41 14
68 41
18 20
44 48
42 79
69 79
19 68
45 43
43 70
70 49
20 39
46 50
44 40
71 96
21 16
47 39
45 85
72 46
22 33
48 96
46 49
73 10
23 100
49 57
47 99
74 87
24 45
50 37
48 76
75 18
25 14
49 82
76 11
26 87
52 22
77 100
27 60
53 58
51 83
78 19
28 62
54 15
52 85
79 57
29 28
55 85
53 32
80 81
30 84
56 21
54 17
81 100
31 75
57 56
55 73
82 43
32 75
58 84
56 58
83 98
33 23
59 94
57 43
84 71
34 35
60 73
58 14
85 61
35 16
61 36
59 12
86 20
36 72
62 81
60 20
87 12
37 89
63 27
61 73
88 55
38 52
64 52
62 78
89 96
39 13
65 26
63 26
90 12
40 37
66 42
64 11
91 67
41 87
67 38
65 87
92 94
42 64
68 63
66 74
93 34
43 80
69 67
67 62
94 34
44 69
70 57
68 70
95 98
45 47
71 37
69 34
96 78
46 29
72 54
70 10
97 64
47 51
73 12
71 72
98 34
48 52
74 19
72 84
99 70
49 65
75 99
73 30
100 56
50 91
74 48
101 45
51 78
77 26
102 12
52 12
78 16
76 51
103 10
53 25
79 37
77 87
104 66
54 63
80 15
78 70
105 85
55 51
81 80
79 20
106 26
56 49
82 87
80 12
107 87
57 25
83 29
81 92
108 78
58 60
84 35
82 90
109 65
59 51
85 41
83 61
110 49
60 42
86 10
84 71
111 93
61 88
87 93
85 61
112 31
62 86
88 37
86 100
113 40
63 51
89 85
87 56
114 13
64 43
90 42
88 37
115 55
65 26
91 55
89 37
116 95
66 95
92 27
90 62
117 53
67 93
93 54
91 25
118 64
68 56
94 53
92 52
119 56
69 90
95 25
93 99
120 96
70 91
96 52
94 64
121 74
71 58
97 55
95 92
122 53
72 29
98 83
96 34
123 79
73 32
99 23
97 23
124 38
74 72
100 80
98 50
125 38
75 47
99 72
126 22
76 87
102 51
127 48
77 48
103 45
101 70
128 79
78 57
104 88
102 76
129 39
79 16
105 64
103 83
130 93
80 48
106 91
104 81
131 42
81 83
107 20
105 84
132 33
82 84
108 92
106 40
133 47
83 62
109 42
107 79
134 53
84 17
110 31
108 23
135 17
85 76
111 72
109 87
136 44
86 38
112 79
110 55
137 91
87 56
113 90
111 24
138 73
88 57
114 91
112 48
139 38
89 48
115 15
113 98
140 52
90 19
116 70
114 73
141 69
91 29
117 92
115 76
142 31
92 90
118 41
116 41
143 86
93 79
119 46
117 34
144 71
94 19
120 60
118 36
145 18
95 26
121 44
119 88
146 63
96 57
122 89
120 62
147 96
97 46
123 78
121 13
148 44
98 85
124 95
122 20
149 78
99 54
125 70
123 76
150 52
100 90
124 30
151 61
101 51
127 23
152 48
102 12
128 83
126 36
153 66
103 46
129 34
127 43
154 50
104 59
130 18
128 40
155 14
105 22
131 92
129 100
156 43
106 40
132 19
130 36
157 40
107 92
133 30
131 81
158 66
108 68
134 92
132 88
159 37
109 35
135 41
133 87
160 93
110 40
136 10
134 14
161 57
111 39
137 57
135 12
162 85
112 54
138 80
136 39
163 64
113 66
139 33
137 15
164 25
114 58
140 53
138 19
165 31
115 35
141 78
139 29
166 10
116 38
142 37
140 75
167 99
117 39
143 65
141 47
168 81
118 14
144 25
142 79
169 34
119 55
145 39
143 86
170 17
120 12
146 12
144 77
171 28
121 20
147 41
145 99
172 51
122 95
148 39
146 32
173 19
123 84
149 86
147 38
174 12
124 99
150 90
148 32
175 33
125 40
149 97
176 85
126 39
152 22
177 71
127 98
153 79
151 93
178 73
128 50
154 59
152 71
179 68
129 15
155 91
153 78
180 40
130 60
156 92
154 65
181 91
131 32
157 14
155 42
182 14
132 53
158 48
156 87
183 70
133 95
159 31
157 85
184 39
134 56
160 51
158 56
185 22
135 39
161 56
159 58
186 16
136 45
162 66
160 17
187 30
137 93
163 51
161 27
188 34
138 61
164 55
162 53
189 36
139 33
165 79
163 77
190 58
140 25
166 31
164 10
191 15
141 82
167 42
165 78
192 86
142 63
168 47
166 36
193 42
143 62
169 52
167 68
194 85
144 100
170 55
168 19
195 77
145 100
171 57
169 19
196 89
146 15
172 91
170 34
197 31
147 81
173 15
171 13
198 12
148 39
174 31
172 49
199 45
149 32
175 26
173 58
200 18
150 75
174 89
201 50
151 46
177 56
202 12
152 22
178 39
176 13
203 52
153 42
179 54
177 91
204 86
154 60
180 70
178 100
205 30
155 83
181 22
179 39
206 43
156 74
182 87
180 86
207 59
157 31
183 44
181 67
208 50
158 39
184 55
182 76
209 64
159 16
185 83
183 34
210 39
160 13
186 75
184 48
211 44
161 86
187 89
185 19
212 55
162 20
188 37
186 76
213 52
163 45
189 72
187 77
214 18
164 34
190 95
188 65
215 84
165 41
191 18
189 95
216 18
166 48
192 42
190 74
217 28
167 31
193 40
191 51
218 10
168 64
194 42
192 55
219 58
169 79
195 29
193 10
220 73
170 26
196 41
194 69
221 80
171 65
197 92
195 26
222 89
172 76
198 15
196 77
223 100
173 72
199 88
197 58
224 38
174 75
200 48
198 25
225 39
175 74
199 81
226 13
176 16
202 65
227 32
177 77
203 90
201 21
228 44
178 44
204 52
202 81
229 97
179 18
205 20
203 13
230 52
180 21
206 99
204 44
231 79
181 99
207 18
205 66
232 22
182 85
208 24
206 62
233 48
183 32
209 37
207 90
234 76
184 46
210 17
208 91
235 14
185 77
211 97
209 78
236 36
186 87
212 81
210 39
237 99
187 26
213 62
211 51
238 73
188 51
214 98
212 100
239 75
189 23
215 98
213 19
240 53
190 27
216 77
214 15
241 63
191 58
217 46
215 69
242 98
192 57
218 63
216 10
243 67
193 45
219 29
217 54
244 27
194 92
220 51
218 38
245 95
195 56
221 25
219 84
246 17
196 42
222 41
220 50
247 72
197 91
223 51
221 90
248 25
198 60
224 13
222 95
249 42
199 93
225 42
223 42
250 72
200 24
224 63
251 78
201 47
227 51
252 12
202 52
228 81
226 11
253 95
203 26
229 22
227 87
254 92
204 46
230 68
228 50
255 46
205 73
231 98
229 50
256 38
206 43
232 79
230 50
257 46
207 54
233 20
231 99
258 49
208 44
234 94
232 46
259 33
209 86
235 77
233 38
260 81
210 23
236 81
234 17
261 61
211 67
237 19
235 20
262 60
212 71
238 51
236 89
263 31
213 70
239 27
237 59
264 38
214 89
240 18
238 73
265 23
215 82
241 57
239 82
266 43
216 50
242 31
240 33
267 43
217 13
243 91
241 63
268 52
218 54
244 42
242 50
269 43
219 100
245 79
243 57
270 48
220 14
246 46
244 45
271 54
221 88
247 57
245 80
272 89
222 73
248 51
246 45
273 69
223 26
249 89
247 76
274 66
224 19
250 11
248 55
275 35
225 97
249 33
276 43
226 68
252 100
277 26
227 49
253 11
251 70
278 53
228 84
254 77
252 64
279 59
229 24
255 70
253 35
280 23
230 86
256 48
254 96
281 14
231 61
257 36
255 58
282 17
232 77
258 75
256 100
283 58
233 34
259 52
257 93
284 77
234 76
260 97
258 29
285 96
235 94
261 73
259 99
286 25
236 36
262 39
260 92
287 42
237 27
263 82
261 98
288 71
238 10
264 51
262 45
289 87
239 70
265 73
263 55
290 83
240 70
266 32
264 57
291 20
241 96
267 44
265 58
292 17
242 32
268 44
266 13
293 99
243 69
269 33
267 42
294 82
244 31
270 21
268 67
295 10
245 76
271 100
269 11
296 27
246 48
272 92
270 21
297 83
247 60
273 21
271 49
298 40
248 66
274 31
272 77
299 88
249 13
275 54
273 48
300 19
250 40
274 32
301 54
251 94
277 28
302 96
252 44
278 23
276 30
303 50
253 88
279 55
277 13
304 21
254 100
280 80
278 81
305 35
255 15
281 53
279 93
306 86
256 94
282 35
280 75
307 18
257 65
283 74
281 40
308 74
258 37
284 62
282 66
309 84
259 66
285 78
283 46
310 71
260 69
286 74
284 79
311 100
261 32
287 83
285 35
312 69
262 90
288 87
286 46
313 14
263 41
289 22
287 50
314 84
264 45
290 48
288 50
315 71
265 76
291 65
289 16
316 44
266 89
292 100
290 66
317 57
267 10
293 59
291 13
318 64
268 73
294 11
292 26
319 89
269 80
295 80
293 96
320 27
270 96
296 12
294 15
321 15
271 95
297 35
295 17
322 53
272 48
298 65
296 79
323 94
273 87
299 56
297 16
324 17
274 70
300 32
298 37
325 60
275 100
299 60
326 18
276 65
302 17
327 47
277 100
303 29
301 67
328 24
278 32
304 99
302 44
329 86
279 86
305 96
303 53
330 11
280 33
306 59
304 13
331 81
281 51
307 31
305 55
332 65
282 51
308 98
306 83
333 47
283 61
309 75
307 29
334 42
284 87
310 15
308 25
335 44
285 46
311 65
309 90
336 53
286 89
312 76
310 73
337 43
287 57
313 83
311 53
338 52
288 72
314 15
312 47
339 66
289 87
315 25
313 97
340 64
290 63
316 67
314 17
341 79
291 15
317 62
315 92
342 27
292 99
318 17
316 83
343 59
293 57
319 77
317 47
344 42
294 60
320 27
318 97
345 59
295 21
321 33
319 56
346 21
296 28
322 13
320 75
347 53
297 72
323 16
321 15
348 57
298 91
324 38
322 13
349 96
299 70
325 12
323 10
350 60
300 37
324 75
351 68
301 30
327 85
352 46
302 14
328 22
326 31
353 94
303 39
329 91
327 23
354 93
304 86
330 76
328 45
355 94
305 90
331 85
329 15
356 100
306 96
332 98
330 20
357 27
307 83
333 92
331 53
358 60
308 52
334 98
332 58
359 98
309 68
335 10
333 90
360 64
310 78
336 56
334 48
361 36
311 49
337 44
335 47
362 80
312 46
338 60
336 42
363 84
313 14
339 88
337 88
364 30
314 43
340 78
338 38
365 31
315 23
341 65
339 97
366 46
316 31
342 51
340 29
367 13
317 59
343 61
341 65
368 45
318 78
344 49
342 41
369 15
319 83
345 17
343 68
370 26
320 82
346 24
344 70
371 88
321 45
347 12
345 49
372 13
322 75
348 12
346 69
373 63
323 78
349 11
347 39
374 87
324 20
350 28
348 14
375 73
325 47
349 72
376 35
326 64
352 13
377 66
327 64
353 99
351 41
378 87
328 31
354 96
352 85
379 65
329 66
355 77
353 38
380 37
330 88
356 10
354 67
381 55
331 76
357 47
355 90
382 54
332 20
358 15
356 24
383 69
333 15
359 36
357 35
384 33
334 69
360 26
358 20
385 84
335 58
361 99
359 83
386 66
336 42
362 66
360 54
387 52
337 87
363 100
361 93
388 64
338 58
364 17
362 11
389 98
339 49
365 84
363 42
390 16
340 93
366 45
364 50
391 66
341 72
367 62
365 23
392 92
342 88
368 17
366 77
393 43
343 75
369 44
367 33
394 17
344 84
370 91
368 15
395 48
345 75
371 92
369 75
396 47
346 100
372 59
370 64
397 56
347 26
373 36
371 84
398 70
348 47
374 35
372 66
399 82
349 97
375 25
373 24
400 69
350 10
374 54
401 83
351 80
377 74
402 45
352 89
378 40
376 51
403 69
353 84
379 47
377 14
404 11
354 38
380 27
378 82
405 92
355 25
381 43
379 65
406 33
356 57
382 11
380 92
407 97
357 68
383 71
381 91
408 80
358 26
384 36
382 50
409 66
359 67
385 98
383 68
410 72
360 100
386 45
384 74
411 96
361 53
387 45
385 55
412 20
362 29
388 27
386 81
413 91
363 65
389 44
387 57
414 88
364 12
390 57
388 81
415 17
365 63
391 31
389 77
416 50
366 45
392 39
390 95
417 19
367 38
393 90
391 31
418 96
368 26
394 68
392 81
419 65
369 60
395 16
393 68
420 77
370 64
396 16
394 45
421 23
371 44
397 79
395 99
422 90
372 27
398 99
396 76
423 48
373 59
399 97
397 70
424 51
374 58
400 50
398 34
425 22
375 41
399 55
426 41
376 79
402 17
427 77
377 34
403 89
401 38
428 25
378 100
404 36
402 14
429 13
379 96
405 12
403 80
430 85
380 62
406 94
404 80
431 82
381 60
407 83
405 72
432 78
382 69
408 75
406 41
433 23
383 21
409 24
407 74
434 91
384 93
410 30
408 27
435 94
385 70
411 73
409 46
436 41
386 32
412 70
410 39
437 100
387 96
413 34
411 99
438 47
388 28
414 60
412 67
439 41
389 61
415 29
413 36
440 52
390 46
416 79
414 70
441 75
391 54
417 100
415 33
442 21
392 28
418 86
416 90
443 97
393 61
419 16
417 73
444 71
394 27
420 20
418 84
445 48
395 60
421 24
419 32
446 49
396 85
422 29
420 39
447 98
397 41
423 54
421 77
448 21
398 60
424 20
422 84
449 86
399 70
425 63
423 70
450 42
400 48
424 78
451 18
401 32
427 29
452 45
402 63
428 78
426 20
453 49
403 64
429 83
427 15
454 40
404 80
430 90
428 100
455 24
405 31
431 94
429 73
456 28
406 42
432 68
430 79
457 84
407 15
433 97
431 29
458 33
408 15
434 55
432 54
459 94
409 65
435 61
433 27
460 88
410 75
436 54
434 67
461 98
411 32
437 12
435 42
462 73
412 16
438 85
436 88
463 19
413 75
439 68
437 93
464 34
414 89
440 26
438 12
465 91
415 21
441 56
439 45
466 70
416 52
442 76
440 57
467 35
417 86
443 38
441 33
468 76
418 80
444 91
442 35
469 95
419 55
445 90
443 67
470 47
420 86
446 64
444 59
471 24
421 93
447 49
445 48
472 87
422 24
448 31
446 14
473 93
423 67
449 24
447 30
474 38
424 67
450 27
448 59
475 29
425 34
449 54
476 69
426 55
452 49
477 35
427 54
453 21
451 78
478 57
428 23
454 19
452 56
479 36
429 27
455 38
453 10
480 100
430 58
456 24
454 67
481 89
431 39
457 62
455 70
482 43
432 97
458 98
456 65
483 64
433 38
459 97
457 20
484 56
434 16
460 68
458 70
485 40
435 43
461 84
459 45
486 94
436 69
462 58
460 67
487 100
437 39
463 80
461 57
488 53
438 60
464 11
462 41
489 64
439 14
465 37
463 88
490 48
440 21
466 11
464 38
491 65
441 14
467 85
465 32
492 36
442 69
468 89
466 19
493 50
443 11
469 64
467 35
494 87
444 54
470 14
468 71
495 42
445 52
471 63
469 41
496 60
446 33
472 60
470 42
497 72
447 96
473 72
471 22
498 20
448 51
474 94
472 73
499 67
449 92
475 31
473 71
500 80
450 74
474 47
501 28
451 13
477 87
502 86
452 87
478 10
476 91
503 53
453 61
479 39
477 32
504 100
454 100
480 45
478 11
505 61
455 54
481 91
479 74
506 16
456 93
482 81
480 18
507 40
457 88
483 75
481 45
508 100
458 37
484 14
482 31
509 52
459 63
485 12
483 88
510 22
460 26
486 37
484 87
511 77
461 21
487 42
485 74
512 14
462 97
488 31
486 55
513 89
463 100
489 54
487 81
514 45
464 60
490 38
488 30
515 34
465 31
491 90
489 65
516 53
466 76
492 58
490 64
517 16
467 39
493 74
491 58
518 54
468 94
494 73
492 67
519 72
469 16
495 84
493 75
520 16
470 94
496 41
494 51
521 46
471 55
497 98
495 78
522 79
472 75
498 82
496 74
523 51
473 27
499 99
497 26
524 91
474 62
500 59
498 62
525 51
475 31
499 16
526 78
476 11
502 89
527 89
477 74
503 31
501 31
528 26
478 20
504 38
502 74
529 49
479 44
505 77
503 57
530 78
480 83
506 84
504 94
531 22
481 48
507 54
505 64
532 22
482 55
508 14
506 92
533 33
483 66
509 62
507 83
534 63
484 17
510 33
508 96
535 35
485 70
511 20
509 58
536 69
486 12
512 37
510 31
537 53
487 46
513 84
511 42
538 66
488 24
514 85
512 96
539 76
489 60
515 96
513 88
540 74
490 46
516 37
514 51
541 24
491 37
517 47
515 83
542 97
492 60
518 18
516 85
543 96
493 56
519 15
517 13
544 11
494 90
520 49
518 63
545 53
495 95
521 89
519 66
546 76
496 55
522 91
520 54
547 36
497 74
523 87
521 20
548 29
498 31
524 51
522 87
549 18
499 48
525 22
523 24
550 19
500 100
524 63
551 17
501 99
527 91
552 39
502 90
528 24
526 84
553 66
503 42
529 70
527 84
554 43
504 88
530 49
528 60
555 80
505 10
531 18
529 70
556 54
506 16
532 96
530 42
557 16
507 57
533 57
531 47
558 18
508 17
534 77
532 37
559 64
509 75
535 98
533 18
560 100
510 49
536 94
534 24
561 44
511 94
537 59
535 72
562 26
512 85
538 75
536 94
563 36
513 100
539 47
537 51
564 96
514 100
540 87
538 22
565 82
515 33
541 25
539 76
566 16
516 74
542 47
540 72
567 50
517 79
543 99
541 14
568 61
518 37
544 48
542 96
569 32
519 89
545 82
543 16
570 70
520 89
546 92
544 21
571 26
521 53
547 22
545 55
572 91
522 60
548 43
546 77
573 21
523 86
549 28
547 41
574 38
524 71
550 69
548 79
575 37
525 45
549 19
576 44
526 23
552 82
577 82
527 37
553 56
551 97
578 53
528 47
554 24
552 94
579 100
529 67
555 89
553 36
580 62
530 56
556 36
554 70
581 84
531 39
557 49
555 47
582 31
532 28
558 47
556 26
583 58
533 82
559 38
557 61
584 97
534 52
560 99
558 52
585 80
535 16
561 41
559 98
586 52
536 33
562 24
560 80
587 44
537 94
563 57
561 88
588 73
538 14
564 50
562 32
589 36
539 79
565 34
563 86
590 95
540 84
566 91
564 88
591 48
541 97
567 83
565 85
592 54
542 41
568 81
566 80
593 83
543 74
569 87
567 16
594 10
544 39
570 92
568 65
595 73
545 18
571 24
569 81
596 72
546 67
572 35
570 67
597 21
547 20
573 13
571 49
598 46
548 30
574 27
572 40
599 45
549 88
575 39
573 48
600 95
550 40
574 74
601 73
551 68
577 59
602 89
552 85
578 98
576 69
603 54
553 60
579 81
577 61
604 96
554 20
580 70
578 89
605 52
555 64
581 71
579 60
606 77
556 55
582 81
580 26
607 86
557 70
583 25
581 46
608 62
558 47
584 86
582 30
609 34
559 53
585 72
583 57
610 30
560 75
586 45
584 11
611 26
561 53
587 40
585 28
612 53
562 15
588 50
586 94
613 57
563 55
589 87
587 77
614 34
564 75
590 37
588 14
615 53
565 22
591 17
589 52
616 84
566 26
592 16
590 81
617 39
567 52
593 43
591 67
618 40
568 73
594 35
592 94
619 39
569 56
595 46
593 56
620 18
570 61
596 86
594 29
621 94
571 91
597 89
595 32
622 99
572 81
598 38
596 77
623 14
573 64
599 25
597 59
624 32
574 68
600 59
598 97
625 46
575 99
599 34
576 32
602 83
577 67
603 19
601 66
578 76
604 99
602 30
579 91
605 80
603 83
580 56
606 58
604 18
581 87
607 15
605 66
582 97
608 38
606 13
583 93
609 72
607 61
584 95
610 50
608 31
585 42
611 61
609 19
586 59
612 56
610 61
587 67
613 70
611 27
588 46
614 21
612 20
589 66
615 40
613 30
590 84
616 47
614 85
591 34
617 81
615 39
592 42
618 86
616 80
593 97
619 21
617 51
594 50
620 33
618 63
595 89
621 48
619 13
596 54
622 95
620 67
597 47
623 83
621 28
598 15
624 38
622 41
599 95
625 93
623 72
600 26
624 90
123
83
1 123 
1 7 
2 528 98 
2 536 140 
3 444 597 12 
4 550 515 481 404 
1 483 
4 540 19 584 210 
1 384 
1 532 
2 381 530 
3 253 362 179 
1 141 
1 461 
1 465 
1 275 
2 403 147 
3 576 504 523 
2 427 308 
1 416 
1 485 
1 489 
1 396 
1 55 
1 379 
1 421 
2 160 217 
1 586 
2 478 155 
2 190 247 
2 66 225 
3 446 11 411 
1 320 
2 361 16 
1 176 
1 114 
2 265 161 
3 112 442 568 
1 279 
2 477 619 
1 380 
1 534 
3 599 469 438 
2 327 30 
2 229 413 
3 31 220 207 
2 546 92 
2 553 613 
1 588 
2 144 406 
2 127 230 
1 600 
4 512 497 418 89 
1 348 
1 218 
3 426 1 590 
2 400 153 
1 61 
1 433 
2 233 518 
1 458 
1 184 
2 623 311 
1 309 
1 213 
2 565 363 
1 196 
1 316 
3 71 367 505 
2 76 45 
2 193 173 
3 429 526 301 
1 22 
2 143 580 
1 62 
3 344 592 378 
4 167 59 149 212 
3 470 352 23 
2 258 222 
1 291 
1 142 
2 104 557 
1 148 
3 303 86 103 
2 224 498 
1 259 
1 551 
1 340 
3 113 616 271 
1 237 
3 501 539 612 
2 4 375 
3 575 117 56 
2 554 2 
2 306 395 
2 6 205 
1 364 
2 138 154 
1 545 
2 611 401 
1 200 
1 556 
2 120 269 
6 111 373 385 238 136 60 
1 347 
2 462 570 
4 603 549 87 299 
2 14 226 
2 365 96 
1 359 
1 274 
1 338 
2 47 296 
2 50 304 
3 36 507 519 
2 24 415 
5 531 582 32 324 614 
2 563 83 
