600 2276 10 100 114
2
3
3
3
3
3
3
3
3
3
3
3
3
3
3
3
3
3
3
3
3
3
3
3
3
3
3
3
3
3
3
3
3
3
3
3
3
3
3
3
3
3
3
3
3
3
3
3
3
2
3
4
4
4
4
4
4
4
4
4
4
4
4
4
4
4
4
4
4
4
4
4
4
4
4
4
4
4
4
4
4
4
4
4
4
4
4
4
4
4
4
4
4
4
4
4
4
4
4
3
3
4
4
4
4
4
4
4
4
4
4
4
4
4
4
4
4
4
4
4
4
4
4
4
4
4
4
4
4
4
4
4
4
4
4
4
4
4
4
4
4
4
4
4
4
4
4
4
4
3
3
4
4
4
4
4
4
4
4
4
4
4
4
4
4
4
4
4
4
4
4
4
4
4
4
4
4
4
4
4
4
4
4
4
4
4
4
4
4
4
4
4
4
4
4
4
4
4
4
3
3
4
4
4
4
4
4
4
4
4
4
4
4
4
4
4
4
4
4
4
4
4
4
4
4
4
4
4
4
4
4
4
4
4
4
4
4
4
4
4
4
4
4
4
4
4
4
4
4
3
3
4
4
4
4
4
4
4
4
4
4
4
4
4
4
4
4
4
4
4
4
4
4
4
4
4
4
4
4
4
4
4
4
4
4
4
4
4
4
4
4
4
4
4
4
4
4
4
4
3
3
4
4
4
4
4
4
4
4
4
4
4
4
4
4
4
4
4
4
4
4
4
4
4
4
4
4
4
4
4
4
4
4
4
4
4
4
4
4
4
4
4
4
4
4
4
4
4
4
3
3
4
4
4
4
4
4
4
4
4
4
4
4
4
4
4
4
4
4
4
4
4
4
4
4
4
4
4
4
4
4
4
4
4
4
4
4
4
4
4
4
4
4
4
4
4
4
4
4
3
3
4
4
4
4
4
4
4
4
4
4
4
4
4
4
4
4
4
4
4
4
4
4
4
4
4
4
4
4
4
4
4
4
4
4
4
4
4
4
4
4
4
4
4
4
4
4
4
4
3
3
4
4
4
4
4
4
4
4
4
4
4
4
4
4
4
4
4
4
4
4
4
4
4
4
4
4
4
4
4
4
4
4
4
4
4
4
4
4
4
4
4
4
4
4
4
4
4
4
3
3
4
4
4
4
4
4
4
4
4
4
4
4
4
4
4
4
4
4
4
4
4
4
4
4
4
4
4
4
4
4
4
4
4
4
4
4
4
4
4
4
4
4
4
4
4
4
4
4
3
2
3
3
3
3
3
3
3
3
3
3
3
3
3
3
3
3
3
3
3
3
3
3
3
3
3
3
3
3
3
3
3
3
3
3
3
3
3
3
3
3
3
3
3
3
3
3
3
3
2
51 21
2 29
52 88
3 45
1 62
53 87
4 98
2 30
54 45
5 62
3 69
55 72
6 49
4 80
56 30
7 66
5 26
57 35
8 74
6 46
58 61
9 91
7 75
59 52
10 46
8 22
60 47
11 36
9 93
61 84
12 51
10 35
62 47
13 17
11 42
63 22
14 35
12 30
64 95
15 81
13 36
65 99
16 38
14 13
66 84
17 95
15 78
67 74
18 40
16 50
68 97
19 19
17 93
69 26
20 37
18 96
70 23
21 95
19 22
71 67
22 12
20 16
72 17
23 65
21 75
73 42
24 29
22 67
74 55
25 27
23 19
75 96
26 41
24 25
76 68
27 54
25 64
77 60
28 83
26 62
78 91
29 12
27 72
79 42
30 88
28 12
80 83
31 91
29 91
81 37
32 89
30 75
82 11
33 11
31 24
83 93
34 30
32 50
84 29
35 12
33 39
85 53
36 29
34 56
86 36
37 18
35 84
87 19
38 48
36 92
88 74
39 48
37 44
89 69
40 99
38 78
90 79
41 98
39 70
91 69
42 72
40 72
92 16
43 60
41 88
93 28
44 66
42 82
94 74
45 96
43 74
95 12
46 42
44 94
96 69
47 21
45 60
97 14
48 30
46 22
98 12
49 82
47 55
99 31
50 53
48 34
100 79
49 57
101 69
1 93
52 75
102 68
2 92
53 56
51 98
103 16
3 99
54 12
52 56
104 65
4 86
55 70
53 34
105 66
5 25
56 44
54 33
106 36
6 41
57 48
55 75
107 32
7 21
58 44
56 96
108 29
8 11
59 28
57 90
109 53
9 29
60 94
58 13
110 53
10 76
61 10
59 83
111 91
11 78
62 90
60 100
112 98
12 61
63 52
61 62
113 85
13 98
64 11
62 16
114 13
14 10
65 89
63 31
115 60
15 13
66 76
64 83
116 45
16 14
67 67
65 56
117 73
17 77
68 86
66 19
118 100
18 91
69 32
67 82
119 62
19 46
70 17
68 82
120 24
20 57
71 10
69 72
121 67
21 80
72 77
70 61
122 75
22 85
73 69
71 37
123 51
23 46
74 45
72 72
124 92
24 60
75 19
73 35
125 16
25 65
76 34
74 98
126 49
26 62
77 49
75 81
127 22
27 70
78 58
76 82
128 17
28 57
79 86
77 33
129 59
29 21
80 36
78 13
130 51
30 71
81 32
79 37
131 17
31 29
82 18
80 15
132 98
32 91
83 74
81 45
133 42
33 32
84 64
82 52
134 48
34 65
85 42
83 45
135 18
35 48
86 86
84 46
136 83
36 60
87 75
85 74
137 47
37 35
88 22
86 76
138 32
38 93
89 48
87 63
139 73
39 18
90 35
88 69
140 47
40 43
91 62
89 16
141 42
41 85
92 46
90 13
142 34
42 95
93 96
91 95
143 54
43 13
94 98
92 75
144 80
44 60
95 69
93 70
145 70
45 46
96 49
94 48
146 94
46 27
97 45
95 24
147 54
47 44
98 87
96 19
148 39
48 29
99 49
97 87
149 18
49 47
100 84
98 73
150 79
50 95
99 38
151 65
51 22
102 58
152 43
52 81
103 49
101 10
153 51
53 22
104 100
102 48
154 38
54 10
105 85
103 27
155 78
55 69
106 18
104 86
156 71
56 26
107 82
105 87
157 54
57 72
108 59
106 87
158 65
58 46
109 97
107 17
159 37
59 49
110 61
108 36
160 20
60 48
111 16
109 12
161 82
61 58
112 87
110 16
162 49
62 44
113 33
111 20
163 31
63 24
114 94
112 68
164 79
64 77
115 48
113 88
165 50
65 17
116 20
114 78
166 72
66 53
117 71
115 44
167 78
67 60
118 62
116 81
168 62
68 53
119 79
117 50
169 62
69 94
120 96
118 66
170 23
70 65
121 99
119 44
171 67
71 65
122 17
120 73
172 98
72 34
123 37
121 28
173 71
73 64
124 70
122 93
174 10
74 46
125 18
123 19
175 64
75 59
126 27
124 10
176 57
76 37
127 22
125 74
177 84
77 43
128 30
126 60
178 80
78 55
129 16
127 45
179 19
79 63
130 72
128 77
180 13
80 15
131 41
129 88
181 39
81 66
132 83
130 90
182 75
82 97
133 74
131 66
183 55
83 44
134 58
132 12
184 17
84 70
135 62
133 77
185 43
85 51
136 32
134 61
186 49
86 93
137 75
135 53
187 75
87 30
138 36
136 52
188 40
88 97
139 94
137 40
189 95
89 100
140 25
138 37
190 84
90 29
141 19
139 96
191 44
91 92
142 63
140 29
192 19
92 38
143 82
141 67
193 18
93 14
144 71
142 52
194 21
94 84
145 80
143 67
195 16
95 72
146 47
144 31
196 13
96 16
147 44
145 24
197 93
97 53
148 17
146 15
198 21
98 100
149 28
147 26
199 52
99 51
150 28
148 10
200 40
100 37
149 65
201 87
101 48
152 14
202 40
102 86
153 86
151 12
203 82
103 75
154 79
152 50
204 48
104 70
155 21
153 23
205 65
105 60
156 47
154 47
206 21
106 60
157 41
155 71
207 17
107 68
158 12
156 67
208 15
108 10
159 21
157 60
209 22
109 67
160 56
158 77
210 26
110 32
161 13
159 58
211 38
111 65
162 67
160 46
212 26
112 48
163 43
161 40
213 20
113 31
164 70
162 88
214 71
114 55
165 71
163 98
215 77
115 74
166 84
164 11
216 79
116 66
167 14
165 76
217 29
117 44
168 49
166 12
218 52
118 40
169 46
167 93
219 21
119 39
170 85
168 40
220 85
120 44
171 66
169 16
221 25
121 67
172 10
170 96
222 30
122 21
173 23
171 59
223 62
123 57
174 100
172 76
224 75
124 76
175 59
173 94
225 15
125 24
176 45
174 83
226 18
126 87
177 55
175 33
227 30
127 21
178 56
176 90
228 89
128 85
179 73
177 94
229 33
129 52
180 15
178 46
230 36
130 56
181 73
179 90
231 35
131 36
182 52
180 20
232 29
132 22
183 11
181 86
233 10
133 20
184 56
182 85
234 60
134 17
185 17
183 100
235 18
135 38
186 87
184 81
236 57
136 39
187 15
185 62
237 75
137 63
188 73
186 31
238 98
138 29
189 79
187 19
239 52
139 27
190 27
188 17
240 90
140 94
191 34
189 95
241 40
141 88
192 56
190 49
242 30
142 21
193 98
191 37
243 72
143 79
194 12
192 76
244 24
144 60
195 39
193 26
245 86
145 78
196 14
194 92
246 71
146 94
197 28
195 39
247 37
147 42
198 66
196 90
248 77
148 66
199 54
197 45
249 69
149 77
200 14
198 42
250 96
150 64
199 38
251 79
151 38
202 99
252 32
152 22
203 94
201 35
253 81
153 80
204 53
202 15
254 59
154 69
205 88
203 97
255 64
155 98
206 88
204 12
256 71
156 55
207 74
205 34
257 79
157 56
208 24
206 38
258 94
158 11
209 73
207 13
259 16
159 87
210 31
208 58
260 13
160 85
211 51
209 13
261 25
161 13
212 18
210 42
262 53
162 57
213 34
211 98
263 59
163 15
214 74
212 98
264 61
164 68
215 47
213 71
265 20
165 67
216 71
214 98
266 47
166 35
217 12
215 59
267 97
167 77
218 81
216 87
268 46
168 46
219 76
217 65
269 91
169 30
220 80
218 17
270 74
170 48
221 90
219 62
271 41
171 87
222 36
220 43
272 87
172 96
223 96
221 76
273 58
173 36
224 14
222 79
274 69
174 61
225 90
223 85
275 16
175 36
226 35
224 56
276 81
176 88
227 46
225 82
277 14
177 55
228 23
226 54
278 85
178 37
229 45
227 70
279 63
179 31
230 47
228 96
280 79
180 31
231 43
229 37
281 40
181 61
232 73
230 27
282 22
182 41
233 85
231 46
283 90
183 95
234 65
232 50
284 76
184 20
235 33
233 51
285 26
185 92
236 82
234 52
286 75
186 84
237 81
235 88
287 10
187 17
238 72
236 78
288 80
188 15
239 87
237 64
289 47
189 63
240 41
238 93
290 51
190 18
241 23
239 88
291 48
191 51
242 27
240 73
292 67
192 68
243 55
241 74
293 90
193 80
244 40
242 99
294 87
194 84
245 44
243 72
295 47
195 64
246 28
244 34
296 80
196 74
247 45
245 22
297 41
197 38
248 60
246 26
298 16
198 79
249 36
247 97
299 95
199 47
250 68
248 27
300 50
200 83
249 31
301 26
201 57
252 82
302 36
202 42
253 79
251 81
303 95
203 38
254 87
252 49
304 15
204 81
255 35
253 29
305 42
205 48
256 78
254 81
306 74
206 38
257 47
255 11
307 25
207 83
258 49
256 59
308 46
208 89
259 58
257 59
309 37
209 76
260 79
258 43
310 36
210 66
261 66
259 76
311 79
211 55
262 56
260 20
312 24
212 65
263 77
261 86
313 49
213 38
264 99
262 28
314 100
214 56
265 53
263 68
315 95
215 59
266 72
264 38
316 49
216 32
267 65
265 26
317 10
217 30
268 70
266 89
318 11
218 46
269 90
267 22
319 51
219 13
270 79
268 72
320 100
220 52
271 71
269 23
321 99
221 23
272 88
270 41
322 76
222 17
273 11
271 65
323 14
223 85
274 73
272 19
324 62
224 67
275 65
273 91
325 82
225 95
276 40
274 92
326 58
226 55
277 31
275 57
327 41
227 25
278 36
276 85
328 20
228 16
279 49
277 21
329 53
229 85
280 52
278 79
330 56
230 93
281 87
279 61
331 81
231 56
282 85
280 73
332 91
232 48
283 77
281 97
333 46
233 35
284 20
282 10
334 74
234 23
285 95
283 24
335 69
235 46
286 92
284 64
336 49
236 99
287 99
285 84
337 45
237 92
288 13
286 100
338 52
238 66
289 10
287 11
339 56
239 41
290 93
288 24
340 84
240 38
291 55
289 16
341 75
241 47
292 28
290 33
342 54
242 45
293 10
291 94
343 97
243 96
294 82
292 32
344 60
244 50
295 34
293 34
345 47
245 24
296 27
294 90
346 92
246 97
297 41
295 28
347 26
247 14
298 61
296 93
348 33
248 86
299 59
297 79
349 41
249 69
300 52
298 21
350 81
250 42
299 80
351 67
251 70
302 61
352 63
252 84
303 28
301 90
353 44
253 85
304 98
302 15
354 29
254 42
305 27
303 87
355 39
255 31
306 80
304 83
356 50
256 24
307 73
305 42
357 91
257 62
308 61
306 70
358 15
258 46
309 76
307 72
359 48
259 85
310 31
308 91
360 62
260 77
311 53
309 41
361 18
261 59
312 86
310 72
362 59
262 82
313 33
311 56
363 13
263 47
314 100
312 19
364 67
264 80
315 20
313 20
365 27
265 83
316 10
314 93
366 89
266 55
317 17
315 34
367 33
267 60
318 96
316 29
368 56
268 22
319 62
317 32
369 61
269 43
320 12
318 86
370 42
270 97
321 75
319 55
371 98
271 34
322 68
320 65
372 67
272 99
323 97
321 34
373 100
273 90
324 22
322 60
374 100
274 65
325 70
323 93
375 76
275 39
326 21
324 36
376 20
276 13
327 85
325 85
377 22
277 41
328 22
326 76
378 40
278 75
329 79
327 32
379 58
279 73
330 45
328 23
380 57
280 37
331 79
329 56
381 79
281 18
332 19
330 42
382 93
282 20
333 62
331 39
383 29
283 80
334 41
332 48
384 89
284 20
335 46
333 38
385 98
285 38
336 12
334 37
386 62
286 25
337 60
335 20
387 74
287 79
338 69
336 56
388 99
288 64
339 66
337 61
389 53
289 22
340 80
338 11
390 41
290 36
341 21
339 18
391 66
291 87
342 43
340 37
392 78
292 71
343 59
341 38
393 65
293 11
344 22
342 55
394 88
294 74
345 81
343 20
395 46
295 77
346 95
344 44
396 16
296 62
347 53
345 44
397 97
297 23
348 61
346 44
398 37
298 21
349 35
347 99
399 50
299 99
350 30
348 54
400 58
300 88
349 61
401 80
301 77
352 76
402 37
302 37
353 44
351 12
403 49
303 38
354 99
352 32
404 84
304 80
355 94
353 66
405 82
305 49
356 97
354 39
406 41
306 96
357 69
355 81
407 58
307 64
358 51
356 70
408 52
308 10
359 83
357 34
409 78
309 79
360 41
358 47
410 58
310 25
361 72
359 37
411 11
311 80
362 15
360 99
412 52
312 93
363 71
361 49
413 61
313 95
364 15
362 99
414 66
314 82
365 92
363 90
415 52
315 57
366 83
364 90
416 72
316 90
367 29
365 76
417 18
317 36
368 39
366 83
418 23
318 94
369 34
367 89
419 78
319 13
370 20
368 100
420 58
320 71
371 69
369 35
421 47
321 12
372 80
370 51
422 74
322 72
373 98
371 85
423 45
323 63
374 67
372 86
424 73
324 52
375 44
373 71
425 78
325 58
376 64
374 13
426 96
326 27
377 43
375 52
427 19
327 41
378 69
376 78
428 12
328 87
379 39
377 68
429 72
329 60
380 74
378 26
430 85
330 78
381 43
379 42
431 95
331 100
382 66
380 21
432 79
332 85
383 47
381 34
433 21
333 52
384 15
382 19
434 61
334 45
385 76
383 78
435 56
335 55
386 37
384 60
436 71
336 87
387 27
385 33
437 45
337 50
388 25
386 67
438 58
338 61
389 78
387 41
439 60
339 87
390 87
388 83
440 34
340 69
391 72
389 25
441 38
341 14
392 19
390 39
442 47
342 54
393 52
391 85
443 96
343 30
394 83
392 21
444 55
344 39
395 65
393 57
445 12
345 83
396 76
394 67
446 58
346 73
397 43
395 27
447 67
347 39
398 64
396 67
448 84
348 50
399 82
397 16
449 62
349 68
400 99
398 94
450 16
350 31
399 99
451 75
351 38
402 53
452 78
352 100
403 18
401 52
453 26
353 83
404 100
402 100
454 34
354 12
405 38
403 24
455 76
355 59
406 79
404 39
456 69
356 56
407 68
405 93
457 54
357 54
408 47
406 18
458 53
358 86
409 56
407 88
459 63
359 91
410 69
408 23
460 70
360 44
411 71
409 98
461 89
361 57
412 36
410 61
462 63
362 99
413 78
411 98
463 75
363 86
414 37
412 71
464 64
364 84
415 45
413 14
465 63
365 69
416 92
414 94
466 59
366 12
417 100
415 29
467 64
367 52
418 41
416 39
468 76
368 82
419 46
417 62
469 44
369 82
420 78
418 14
470 86
370 12
421 20
419 69
471 52
371 65
422 16
420 78
472 49
372 19
423 41
421 86
473 38
373 56
424 11
422 19
474 78
374 97
425 28
423 79
475 17
375 49
426 67
424 89
476 23
376 22
427 26
425 39
477 22
377 90
428 83
426 64
478 64
378 79
429 81
427 19
479 71
379 41
430 95
428 19
480 100
380 87
431 37
429 82
481 55
381 82
432 59
430 21
482 57
382 68
433 30
431 48
483 19
383 13
434 76
432 63
484 98
384 58
435 93
433 84
485 26
385 71
436 67
434 73
486 43
386 93
437 10
435 88
487 31
387 44
438 11
436 44
488 99
388 50
439 50
437 49
489 64
389 63
440 47
438 77
490 59
390 20
441 72
439 31
491 51
391 95
442 44
440 51
492 19
392 44
443 68
441 40
493 88
393 70
444 99
442 15
494 17
394 74
445 52
443 12
495 26
395 14
446 13
444 77
496 49
396 72
447 94
445 89
497 35
397 94
448 79
446 95
498 77
398 21
449 23
447 91
499 16
399 21
450 65
448 48
500 32
400 70
449 44
501 70
401 53
452 28
502 56
402 40
453 71
451 51
503 91
403 30
454 44
452 80
504 27
404 40
455 37
453 28
505 61
405 12
456 70
454 81
506 35
406 62
457 54
455 76
507 42
407 94
458 71
456 88
508 55
408 84
459 46
457 59
509 98
409 84
460 87
458 40
510 23
410 68
461 67
459 100
511 64
411 45
462 50
460 97
512 26
412 55
463 57
461 45
513 93
413 69
464 73
462 51
514 99
414 28
465 100
463 45
515 61
415 95
466 94
464 60
516 15
416 61
467 86
465 79
517 71
417 88
468 15
466 53
518 30
418 88
469 39
467 75
519 19
419 97
470 59
468 25
520 20
420 25
471 30
469 82
521 73
421 43
472 15
470 92
522 30
422 84
473 23
471 84
523 38
423 61
474 48
472 64
524 57
424 80
475 26
473 22
525 90
425 75
476 50
474 99
526 93
426 29
477 14
475 16
527 21
427 15
478 93
476 95
528 56
428 44
479 92
477 12
529 73
429 76
480 61
478 72
530 74
430 63
481 78
479 60
531 11
431 63
482 82
480 51
532 91
432 88
483 58
481 37
533 82
433 19
484 76
482 57
534 28
434 55
485 50
483 14
535 95
435 21
486 14
484 13
536 39
436 73
487 50
485 36
537 21
437 42
488 53
486 79
538 96
438 15
489 56
487 47
539 97
439 46
490 45
488 82
540 85
440 14
491 71
489 59
541 60
441 91
492 68
490 53
542 72
442 65
493 41
491 89
543 20
443 14
494 76
492 36
544 50
444 74
495 22
493 90
545 54
445 90
496 34
494 90
546 52
446 62
497 75
495 22
547 32
447 53
498 19
496 29
548 60
448 52
499 41
497 92
549 63
449 56
500 96
498 32
550 65
450 85
499 88
551 86
451 39
502 17
552 49
452 83
503 36
501 95
553 50
453 84
504 12
502 25
554 84
454 80
505 51
503 58
555 94
455 43
506 96
504 31
556 57
456 73
507 58
505 42
557 70
457 50
508 24
506 85
558 58
458 20
509 20
507 76
559 65
459 30
510 50
508 19
560 75
460 96
511 47
509 52
561 60
461 95
512 20
510 20
562 94
462 87
513 93
511 37
563 40
463 25
514 72
512 34
564 63
464 85
515 25
513 44
565 25
465 93
516 78
514 65
566 16
466 91
517 12
515 58
567 64
467 70
518 21
516 89
568 17
468 79
519 76
517 67
569 11
469 10
520 17
518 37
570 74
470 71
521 43
519 25
571 21
471 55
522 95
520 47
572 14
472 97
523 47
521 58
573 10
473 97
524 62
522 16
574 44
474 56
525 30
523 80
575 17
475 98
526 64
524 45
576 91
476 73
527 44
525 60
577 44
477 36
528 42
526 78
578 12
478 33
529 34
527 81
579 36
479 24
530 42
528 14
580 48
480 36
531 66
529 71
581 93
481 36
532 75
530 76
582 84
482 45
533 60
531 14
583 41
483 42
534 37
532 91
584 82
484 40
535 84
533 22
585 48
485 52
536 74
534 15
586 63
486 98
537 44
535 56
587 22
487 41
538 15
536 52
588 32
488 75
539 34
537 83
589 62
489 99
540 12
538 16
590 55
490 92
541 30
539 24
591 99
491 78
542 66
540 45
592 81
492 40
543 57
541 27
593 99
493 89
544 29
542 16
594 45
494 35
545 53
543 67
595 73
495 86
546 77
544 71
596 70
496 41
547 13
545 80
597 11
497 41
548 51
546 27
598 82
498 16
549 99
547 33
599 45
499 26
550 19
548 99
600 32
500 16
549 29
501 97
552 51
502 52
553 28
551 61
503 88
554 94
552 12
504 68
555 11
553 10
505 18
556 24
554 34
506 82
557 52
555 84
507 73
558 81
556 48
508 71
559 64
557 38
509 77
560 91
558 88
510 18
561 47
559 89
511 18
562 100
560 67
512 45
563 38
561 87
513 79
564 66
562 88
514 26
565 99
563 26
515 59
566 67
564 37
516 37
567 87
565 59
517 63
568 95
566 66
518 18
569 36
567 55
519 65
570 13
568 69
520 11
571 41
569 58
521 61
572 11
570 20
522 15
573 25
571 89
523 62
574 30
572 47
524 73
575 82
573 49
525 66
576 100
574 100
526 62
577 85
575 71
527 89
578 67
576 22
528 45
579 23
577 89
529 88
580 82
578 91
530 69
581 98
579 21
531 50
582 23
580 94
532 56
583 26
581 29
533 78
584 83
582 29
534 68
585 14
583 29
535 16
586 40
584 57
536 47
587 98
585 33
537 70
588 45
586 39
538 80
589 58
587 58
539 48
590 29
588 54
540 76
591 16
589 47
541 69
592 40
590 50
542 22
593 85
591 68
543 82
594 94
592 27
544 79
595 98
593 18
545 74
596 38
594 66
546 65
597 96
595 12
547 36
598 21
596 60
548 26
599 86
597 66
549 64
600 83
598 54
550 69
599 51
77
292
5 23 249 479 64 77 
1 112 
3 464 167 526 
3 463 286 582 
1 210 
2 155 565 
2 188 87 
3 265 502 102 
1 106 
2 448 208 
1 156 
1 387 
1 190 
2 436 228 
3 354 544 360 
2 417 379 
1 240 
1 218 
1 221 
2 476 307 
2 447 339 
2 241 288 
3 114 364 391 
1 139 
1 76 
2 181 116 
2 98 268 
1 248 
1 369 
4 351 300 278 219 
1 443 
3 3 396 88 
2 508 235 
5 572 400 328 29 111 
1 413 
2 472 147 
4 524 564 20 470 
1 169 
2 134 260 
1 512 
1 344 
2 451 566 
2 540 150 
1 454 
1 306 
2 359 493 
2 574 313 
1 496 
2 283 79 
3 105 244 13 
3 312 148 466 
1 254 
1 347 
3 545 367 298 
2 423 385 
1 399 
1 467 
1 215 
1 59 
2 514 523 
4 315 6 486 458 
1 439 
1 85 
1 96 
2 323 191 
3 427 8 318 
2 559 109 
1 469 
4 10 166 546 528 
3 547 113 483 
1 555 
2 232 366 
2 468 554 
1 17 
2 100 598 
2 230 72 
1 214 
2 304 541 
1 517 
1 289 
1 543 
1 410 
3 14 389 183 
2 414 194 
1 117 
1 233 
3 569 207 203 
2 437 229 
1 331 
1 336 
2 255 382 
2 26 408 
1 321 
2 24 485 
3 506 487 133 
1 145 
1 395 
3 30 316 18 
2 560 275 
1 363 
1 83 
3 256 587 416 
1 348 
3 45 474 442 
3 581 497 290 
1 556 
3 345 197 157 
1 420 
2 398 51 
1 580 
1 110 
1 216 
4 270 552 403 237 
2 127 292 
