144 528 10 100 27
2
3
3
3
3
3
3
3
3
3
3
2
3
4
4
4
4
4
4
4
4
4
4
3
3
4
4
4
4
4
4
4
4
4
4
3
3
4
4
4
4
4
4
4
4
4
4
3
3
4
4
4
4
4
4
4
4
4
4
3
3
4
4
4
4
4
4
4
4
4
4
3
3
4
4
4
4
4
4
4
4
4
4
3
3
4
4
4
4
4
4
4
4
4
4
3
3
4
4
4
4
4
4
4
4
4
4
3
3
4
4
4
4
4
4
4
4
4
4
3
3
4
4
4
4
4
4
4
4
4
4
3
2
3
3
3
3
3
3
3
3
3
3
2
13 76
2 29
14 14
3 49
1 59
15 63
4 29
2 58
16 45
5 16
3 33
17 85
6 50
4 78
18 81
7 96
5 75
19 79
8 78
6 94
20 26
9 76
7 60
21 96
10 98
8 29
22 95
11 65
9 39
23 42
12 63
10 84
24 65
11 78
25 95
1 86
14 37
26 19
2 81
15 21
13 59
27 61
3 96
16 70
14 29
28 48
4 57
17 42
15 73
29 52
5 30
18 27
16 93
30 69
6 34
19 31
17 86
31 12
7 26
20 20
18 49
32 91
8 48
21 85
19 41
33 41
9 30
22 52
20 30
34 15
10 41
23 20
21 49
35 30
11 65
24 93
22 82
36 94
12 25
23 61
37 45
13 60
26 77
38 19
14 43
27 70
25 96
39 96
15 31
28 83
26 15
40 44
16 47
29 20
27 76
41 81
17 18
30 47
28 91
42 99
18 34
31 16
29 33
43 30
19 39
32 68
30 87
44 92
20 32
33 17
31 53
45 88
21 40
34 84
32 94
46 59
22 50
35 44
33 91
47 50
23 97
36 57
34 41
48 30
24 48
35 55
49 96
25 61
38 22
50 63
26 64
39 50
37 39
51 23
27 49
40 67
38 75
52 67
28 61
41 20
39 34
53 73
29 58
42 54
40 84
54 94
30 53
43 88
41 43
55 77
31 14
44 40
42 39
56 52
32 18
45 61
43 55
57 10
33 25
46 46
44 56
58 78
34 73
47 67
45 36
59 58
35 68
48 98
46 16
60 29
36 19
47 44
61 12
37 90
50 39
62 45
38 45
51 54
49 69
63 10
39 68
52 84
50 44
64 84
40 89
53 21
51 73
65 86
41 97
54 38
52 19
66 98
42 78
55 100
53 20
67 62
43 83
56 99
54 100
68 12
44 95
57 33
55 38
69 54
45 29
58 84
56 76
70 91
46 83
59 92
57 60
71 89
47 14
60 77
58 52
72 88
48 73
59 43
73 34
49 62
62 11
74 91
50 69
63 64
61 59
75 22
51 89
64 14
62 32
76 59
52 56
65 52
63 49
77 20
53 84
66 79
64 34
78 94
54 18
67 36
65 54
79 11
55 65
68 25
66 67
80 57
56 80
69 37
67 27
81 37
57 89
70 49
68 48
82 68
58 12
71 30
69 30
83 74
59 80
72 87
70 95
84 95
60 35
71 42
85 64
61 20
74 29
86 96
62 67
75 58
73 92
87 73
63 31
76 54
74 31
88 97
64 90
77 88
75 45
89 50
65 65
78 94
76 21
90 80
66 59
79 89
77 38
91 42
67 82
80 29
78 21
92 33
68 52
81 81
79 67
93 51
69 55
82 82
80 75
94 90
70 92
83 21
81 72
95 68
71 91
84 57
82 27
96 100
72 32
83 67
97 40
73 53
86 29
98 73
74 88
87 97
85 69
99 48
75 18
88 13
86 62
100 91
76 91
89 86
87 97
101 84
77 25
90 30
88 75
102 47
78 75
91 88
89 24
103 13
79 88
92 50
90 26
104 98
80 47
93 95
91 31
105 13
81 62
94 18
92 53
106 62
82 34
95 38
93 58
107 10
83 27
96 14
94 33
108 77
84 94
95 49
109 32
85 13
98 99
110 63
86 87
99 92
97 27
111 91
87 45
100 53
98 16
112 78
88 52
101 87
99 73
113 56
89 97
102 27
100 13
114 85
90 93
103 50
101 86
115 58
91 24
104 69
102 40
116 26
92 94
105 85
103 76
117 56
93 87
106 33
104 71
118 33
94 88
107 90
105 12
119 74
95 97
108 96
106 83
120 34
96 89
107 59
121 78
97 26
110 75
122 97
98 96
111 56
109 22
123 78
99 51
112 23
110 47
124 82
100 15
113 28
111 48
125 73
101 59
114 35
112 26
126 36
102 27
115 12
113 20
127 44
103 97
116 58
114 12
128 97
104 72
117 90
115 77
129 56
105 13
118 23
116 73
130 62
106 89
119 36
117 100
131 18
107 21
120 62
118 60
132 41
108 63
119 70
133 23
109 75
122 90
134 28
110 49
123 98
121 72
135 23
111 77
124 93
122 29
136 22
112 51
125 15
123 36
137 47
113 100
126 23
124 94
138 49
114 55
127 69
125 12
139 95
115 60
128 81
126 82
140 10
116 23
129 87
127 78
141 11
117 59
130 56
128 22
142 62
118 64
131 13
129 86
143 41
119 31
132 44
130 28
144 59
120 94
131 47
121 25
134 89
122 28
135 59
133 78
123 28
136 18
134 93
124 22
137 68
135 72
125 20
138 19
136 15
126 64
139 71
137 81
127 61
140 34
138 47
128 12
141 98
139 11
129 45
142 63
140 72
130 65
143 19
141 42
131 53
144 63
142 70
132 63
143 92
107
101
1 107 
2 93 35 
3 121 65 13 
2 137 24 
1 86 
3 25 40 95 
2 139 76 
2 134 113 
1 143 
1 47 
2 62 84 
2 52 16 
3 71 85 50 
1 14 
1 130 
3 144 87 104 
3 42 48 126 
3 9 108 136 
1 17 
1 119 
1 138 
1 90 
1 60 
2 15 112 
1 91 
3 19 140 64 
3 118 46 101 
