400 1500 10 100 76
2
3
3
3
3
3
3
3
3
3
3
3
3
3
3
3
3
3
3
3
3
3
3
3
3
3
3
3
3
3
3
3
3
3
3
3
3
3
3
2
3
4
4
4
4
4
4
4
4
4
4
4
4
4
4
4
4
4
4
4
4
4
4
4
4
4
4
4
4
4
4
4
4
4
4
4
4
4
4
3
3
4
4
4
4
4
4
4
4
4
4
4
4
4
4
4
4
4
4
4
4
4
4
4
4
4
4
4
4
4
4
4
4
4
4
4
4
4
4
3
3
4
4
4
4
4
4
4
4
4
4
4
4
4
4
4
4
4
4
4
4
4
4
4
4
4
4
4
4
4
4
4
4
4
4
4
4
4
4
3
3
4
4
4
4
4
4
4
4
4
4
4
4
4
4
4
4
4
4
4
4
4
4
4
4
4
4
4
4
4
4
4
4
4
4
4
4
4
4
3
3
4
4
4
4
4
4
4
4
4
4
4
4
4
4
4
4
4
4
4
4
4
4
4
4
4
4
4
4
4
4
4
4
4
4
4
4
4
4
3
3
4
4
4
4
4
4
4
4
4
4
4
4
4
4
4
4
4
4
4
4
4
4
4
4
4
4
4
4
4
4
4
4
4
4
4
4
4
4
3
3
4
4
4
4
4
4
4
4
4
4
4
4
4
4
4
4
4
4
4
4
4
4
4
4
4
4
4
4
4
4
4
4
4
4
4
4
4
4
3
3
4
4
4
4
4
4
4
4
4
4
4
4
4
4
4
4
4
4
4
4
4
4
4
4
4
4
4
4
4
4
4
4
4
4
4
4
4
4
3
2
3
3
3
3
3
3
3
3
3
3
3
3
3
3
3
3
3
3
3
3
3
3
3
3
3
3
3
3
3
3
3
3
3
3
3
3
3
3
2
41 61
2 29
42 31
3 23
1 59
43 17
4 51
2 97
44 56
5 88
3 62
45 56
6 33
4 60
46 43
7 57
5 32
47 89
8 40
6 70
48 38
9 78
7 89
49 54
10 53
8 41
50 64
11 26
9 65
51 78
12 51
10 42
52 18
13 71
11 87
53 48
14 35
12 91
54 25
15 24
13 32
55 22
16 25
14 60
56 65
17 81
15 61
57 17
18 29
16 83
58 78
19 17
17 31
59 98
20 89
18 84
60 46
21 21
19 98
61 43
22 56
20 38
62 84
23 44
21 21
63 76
24 55
22 27
64 20
25 70
23 75
65 29
26 25
24 71
66 20
27 32
25 38
67 49
28 50
26 14
68 20
29 75
27 73
69 19
30 22
28 26
70 65
31 67
29 63
71 11
32 27
30 31
72 41
33 100
31 15
73 12
34 11
32 53
74 83
35 32
33 34
75 96
36 52
34 80
76 65
37 70
35 57
77 84
38 68
36 88
78 13
39 66
37 59
79 45
40 66
38 11
80 52
39 30
81 84
1 51
42 35
82 100
2 61
43 11
41 80
83 45
3 19
44 100
42 35
84 22
4 64
45 67
43 50
85 72
5 49
46 96
44 100
86 38
6 82
47 38
45 95
87 84
7 64
48 41
46 48
88 81
8 19
49 24
47 11
89 85
9 47
50 63
48 28
90 59
10 10
51 98
49 33
91 46
11 55
52 30
50 18
92 35
12 82
53 46
51 80
93 70
13 43
54 25
52 18
94 92
14 60
55 69
53 55
95 63
15 62
56 45
54 34
96 88
16 73
57 15
55 75
97 43
17 43
58 39
56 38
98 85
18 62
59 70
57 99
99 18
19 100
60 81
58 18
100 27
20 71
61 59
59 49
101 16
21 68
62 94
60 42
102 60
22 94
63 77
61 50
103 14
23 79
64 36
62 15
104 50
24 55
65 39
63 94
105 20
25 78
66 17
64 46
106 49
26 90
67 18
65 41
107 64
27 92
68 60
66 10
108 46
28 89
69 94
67 22
109 83
29 51
70 27
68 82
110 88
30 71
71 53
69 98
111 69
31 82
72 25
70 100
112 42
32 63
73 42
71 33
113 94
33 17
74 10
72 66
114 52
34 45
75 63
73 79
115 30
35 83
76 25
74 25
116 34
36 72
77 43
75 27
117 90
37 22
78 79
76 33
118 59
38 16
79 38
77 75
119 30
39 52
80 41
78 30
120 20
40 29
79 61
121 25
41 21
82 80
122 52
42 78
83 70
81 39
123 94
43 68
84 34
82 53
124 30
44 28
85 12
83 85
125 51
45 71
86 95
84 90
126 67
46 79
87 69
85 50
127 62
47 76
88 95
86 67
128 46
48 40
89 17
87 16
129 100
49 27
90 84
88 26
130 53
50 94
91 78
89 48
131 64
51 100
92 64
90 39
132 26
52 100
93 70
91 39
133 32
53 42
94 78
92 43
134 18
54 87
95 63
93 90
135 100
55 43
96 97
94 50
136 40
56 81
97 34
95 11
137 17
57 57
98 23
96 89
138 86
58 43
99 77
97 50
139 37
59 13
100 16
98 91
140 47
60 59
101 64
99 18
141 90
61 44
102 19
100 44
142 76
62 62
103 47
101 63
143 21
63 22
104 73
102 53
144 100
64 12
105 69
103 18
145 61
65 42
106 60
104 72
146 44
66 60
107 73
105 26
147 78
67 54
108 96
106 70
148 100
68 78
109 50
107 78
149 91
69 12
110 65
108 14
150 77
70 60
111 26
109 49
151 81
71 63
112 75
110 27
152 45
72 100
113 79
111 46
153 44
73 28
114 60
112 45
154 10
74 53
115 63
113 67
155 62
75 32
116 12
114 72
156 42
76 32
117 49
115 89
157 79
77 45
118 76
116 87
158 51
78 21
119 60
117 88
159 18
79 70
120 51
118 66
160 62
80 34
119 14
161 28
81 99
122 97
162 45
82 78
123 73
121 76
163 38
83 26
124 12
122 81
164 71
84 63
125 90
123 78
165 41
85 71
126 68
124 21
166 70
86 48
127 48
125 46
167 74
87 74
128 15
126 96
168 62
88 10
129 64
127 58
169 43
89 12
130 21
128 53
170 96
90 26
131 16
129 84
171 30
91 100
132 45
130 14
172 29
92 74
133 92
131 91
173 22
93 30
134 45
132 59
174 10
94 65
135 13
133 22
175 51
95 64
136 26
134 24
176 96
96 77
137 79
135 10
177 15
97 75
138 26
136 79
178 92
98 17
139 70
137 92
179 65
99 36
140 62
138 75
180 64
100 44
141 68
139 57
181 18
101 65
142 17
140 50
182 60
102 64
143 36
141 15
183 92
103 82
144 31
142 97
184 45
104 47
145 39
143 22
185 94
105 12
146 31
144 69
186 37
106 95
147 66
145 74
187 17
107 12
148 82
146 78
188 18
108 90
149 80
147 36
189 44
109 18
150 63
148 35
190 80
110 32
151 19
149 42
191 33
111 64
152 37
150 11
192 13
112 77
153 83
151 34
193 97
113 30
154 19
152 28
194 82
114 72
155 54
153 52
195 48
115 32
156 40
154 94
196 43
116 100
157 54
155 38
197 97
117 93
158 72
156 16
198 76
118 84
159 84
157 61
199 22
119 73
160 92
158 48
200 80
120 80
159 47
201 31
121 52
162 50
202 90
122 90
163 67
161 92
203 16
123 97
164 44
162 38
204 26
124 87
165 85
163 62
205 77
125 99
166 72
164 33
206 15
126 83
167 16
165 73
207 98
127 49
168 43
166 53
208 53
128 20
169 74
167 21
209 42
129 60
170 59
168 50
210 70
130 59
171 44
169 59
211 13
131 63
172 44
170 79
212 69
132 45
173 38
171 66
213 55
133 94
174 61
172 86
214 94
134 36
175 68
173 87
215 42
135 93
176 71
174 13
216 12
136 97
177 24
175 41
217 79
137 63
178 17
176 60
218 26
138 35
179 49
177 87
219 56
139 57
180 97
178 53
220 29
140 62
181 21
179 37
221 66
141 95
182 34
180 16
222 36
142 76
183 31
181 30
223 66
143 64
184 100
182 57
224 97
144 50
185 83
183 20
225 50
145 68
186 59
184 61
226 84
146 44
187 83
185 23
227 47
147 91
188 78
186 17
228 52
148 29
189 96
187 78
229 12
149 27
190 30
188 44
230 71
150 82
191 41
189 90
231 54
151 67
192 67
190 47
232 84
152 87
193 22
191 50
233 51
153 75
194 45
192 67
234 43
154 72
195 12
193 52
235 62
155 75
196 60
194 63
236 19
156 73
197 54
195 29
237 26
157 96
198 80
196 94
238 76
158 59
199 76
197 35
239 90
159 76
200 40
198 70
240 31
160 57
199 60
241 88
161 94
202 37
242 29
162 89
203 73
201 33
243 23
163 80
204 23
202 87
244 71
164 28
205 61
203 32
245 95
165 90
206 40
204 52
246 59
166 54
207 97
205 70
247 88
167 11
208 72
206 38
248 36
168 12
209 26
207 88
249 50
169 72
210 96
208 60
250 60
170 19
211 70
209 44
251 68
171 60
212 38
210 34
252 87
172 92
213 55
211 83
253 38
173 67
214 41
212 62
254 49
174 25
215 22
213 100
255 52
175 32
216 34
214 33
256 63
176 37
217 35
215 10
257 11
177 92
218 67
216 11
258 15
178 20
219 48
217 25
259 61
179 63
220 78
218 36
260 39
180 67
221 17
219 96
261 65
181 81
222 89
220 23
262 68
182 10
223 57
221 56
263 32
183 71
224 38
222 59
264 72
184 52
225 97
223 93
265 83
185 21
226 31
224 55
266 22
186 28
227 74
225 16
267 59
187 35
228 30
226 13
268 37
188 22
229 45
227 36
269 90
189 54
230 97
228 84
270 86
190 71
231 45
229 17
271 43
191 11
232 70
230 27
272 57
192 52
233 11
231 69
273 41
193 31
234 38
232 29
274 64
194 83
235 34
233 75
275 20
195 27
236 23
234 12
276 22
196 44
237 81
235 17
277 85
197 22
238 13
236 62
278 42
198 23
239 93
237 98
279 100
199 59
240 86
238 75
280 16
200 43
239 53
281 67
201 20
242 97
282 22
202 38
243 55
241 94
283 34
203 53
244 77
242 52
284 35
204 19
245 13
243 76
285 77
205 53
246 86
244 35
286 52
206 33
247 57
245 32
287 97
207 96
248 50
246 42
288 53
208 70
249 17
247 74
289 44
209 71
250 58
248 54
290 13
210 14
251 36
249 99
291 47
211 84
252 43
250 97
292 34
212 74
253 36
251 30
293 66
213 61
254 93
252 98
294 65
214 95
255 75
253 51
295 73
215 69
256 34
254 57
296 76
216 81
257 96
255 97
297 23
217 17
258 57
256 46
298 65
218 63
259 90
257 41
299 86
219 50
260 97
258 83
300 24
220 55
261 53
259 52
301 91
221 21
262 97
260 34
302 42
222 38
263 90
261 42
303 62
223 56
264 83
262 29
304 97
224 37
265 24
263 75
305 39
225 89
266 54
264 35
306 100
226 99
267 89
265 100
307 16
227 93
268 82
266 15
308 69
228 39
269 93
267 20
309 37
229 62
270 25
268 18
310 66
230 82
271 39
269 65
311 86
231 31
272 33
270 18
312 96
232 64
273 59
271 99
313 21
233 96
274 93
272 28
314 93
234 94
275 55
273 66
315 89
235 97
276 11
274 18
316 55
236 92
277 30
275 26
317 98
237 39
278 41
276 18
318 79
238 50
279 89
277 46
319 84
239 21
280 10
278 70
320 28
240 59
279 59
321 63
241 89
282 46
322 69
242 73
283 27
281 14
323 15
243 10
284 97
282 73
324 97
244 76
285 23
283 68
325 77
245 91
286 30
284 20
326 76
246 39
287 13
285 19
327 91
247 32
288 51
286 10
328 99
248 46
289 59
287 73
329 18
249 87
290 12
288 42
330 36
250 12
291 60
289 44
331 76
251 99
292 92
290 87
332 86
252 58
293 43
291 16
333 77
253 70
294 45
292 87
334 35
254 43
295 10
293 72
335 85
255 47
296 25
294 17
336 10
256 10
297 52
295 20
337 42
257 52
298 92
296 33
338 14
258 95
299 61
297 55
339 27
259 39
300 33
298 46
340 64
260 43
301 30
299 79
341 97
261 75
302 91
300 39
342 37
262 96
303 22
301 88
343 54
263 27
304 11
302 12
344 99
264 23
305 63
303 71
345 82
265 17
306 41
304 30
346 40
266 46
307 90
305 77
347 96
267 79
308 72
306 40
348 80
268 74
309 72
307 23
349 40
269 10
310 72
308 51
350 100
270 66
311 88
309 73
351 52
271 42
312 12
310 64
352 30
272 76
313 51
311 78
353 39
273 28
314 94
312 65
354 55
274 69
315 10
313 45
355 79
275 13
316 89
314 95
356 71
276 57
317 34
315 41
357 31
277 41
318 80
316 49
358 75
278 93
319 38
317 95
359 32
279 86
320 12
318 26
360 14
280 71
319 96
361 75
281 13
322 72
362 12
282 29
323 33
321 44
363 99
283 43
324 57
322 50
364 96
284 81
325 17
323 33
365 11
285 86
326 39
324 44
366 100
286 29
327 56
325 68
367 60
287 63
328 58
326 35
368 78
288 81
329 27
327 79
369 52
289 43
330 94
328 31
370 30
290 63
331 42
329 50
371 59
291 94
332 32
330 97
372 96
292 89
333 14
331 74
373 17
293 36
334 64
332 54
374 65
294 45
335 39
333 40
375 43
295 90
336 17
334 61
376 50
296 53
337 47
335 62
377 68
297 53
338 31
336 18
378 95
298 37
339 68
337 24
379 49
299 100
340 73
338 54
380 13
300 32
341 73
339 96
381 40
301 33
342 86
340 62
382 83
302 82
343 26
341 61
383 50
303 59
344 46
342 80
384 53
304 61
345 43
343 20
385 35
305 19
346 76
344 70
386 90
306 61
347 10
345 50
387 32
307 22
348 86
346 80
388 85
308 13
349 49
347 78
389 81
309 11
350 32
348 47
390 24
310 23
351 90
349 28
391 58
311 67
352 34
350 69
392 56
312 26
353 44
351 28
393 50
313 92
354 32
352 80
394 65
314 72
355 69
353 55
395 88
315 52
356 78
354 37
396 86
316 60
357 85
355 63
397 69
317 56
358 30
356 23
398 49
318 74
359 39
357 43
399 23
319 49
360 44
358 28
400 64
320 53
359 27
321 77
362 46
322 59
363 35
361 38
323 32
364 85
362 23
324 41
365 30
363 23
325 69
366 79
364 88
326 40
367 17
365 46
327 83
368 20
366 17
328 83
369 15
367 54
329 86
370 70
368 12
330 65
371 44
369 54
331 14
372 83
370 32
332 23
373 83
371 62
333 69
374 88
372 90
334 15
375 67
373 22
335 32
376 32
374 54
336 12
377 53
375 87
337 56
378 65
376 58
338 24
379 77
377 77
339 84
380 35
378 26
340 71
381 62
379 10
341 51
382 76
380 93
342 26
383 43
381 17
343 78
384 73
382 17
344 42
385 36
383 21
345 45
386 55
384 45
346 46
387 82
385 94
347 22
388 72
386 73
348 16
389 38
387 94
349 28
390 16
388 84
350 52
391 53
389 34
351 96
392 61
390 65
352 70
393 87
391 33
353 84
394 22
392 71
354 30
395 34
393 80
355 59
396 89
394 30
356 50
397 79
395 72
357 67
398 23
396 15
358 14
399 14
397 87
359 34
400 12
398 45
360 27
399 39
165
321
3 237 64 165 
2 253 44 
2 6 177 
3 339 358 20 
4 288 296 220 280 
1 144 
1 392 
1 334 
1 16 
2 241 192 
3 247 246 146 
2 114 35 
2 364 390 
2 277 234 
1 343 
1 89 
3 145 163 59 
1 359 
2 384 365 
3 175 273 213 
4 289 307 190 125 
3 121 111 196 
2 371 65 
1 262 
2 102 93 
1 217 
2 174 383 
1 24 
4 269 32 126 268 
2 263 256 
2 42 204 
1 242 
1 357 
2 58 260 
1 400 
1 181 
1 197 
2 272 62 
1 394 
2 279 124 
2 128 189 
3 386 399 318 
2 320 100 
3 13 123 381 
1 75 
1 134 
2 45 203 
4 26 301 255 313 
1 306 
1 37 
1 108 
2 367 271 
1 43 
1 209 
2 87 182 
1 86 
1 90 
1 315 
3 68 199 207 
1 205 
1 49 
2 330 278 
1 361 
2 54 257 
1 327 
5 88 94 179 53 282 
2 143 285 
2 340 169 
2 345 201 
1 239 
2 281 73 
1 261 
2 258 347 
1 11 
2 259 398 
3 51 5 321 
