100 9900 10 100 40
99
99
99
99
99
99
99
99
99
99
99
99
99
99
99
99
99
99
99
99
99
99
99
99
99
99
99
99
99
99
99
99
99
99
99
99
99
99
99
99
99
99
99
99
99
99
99
99
99
99
99
99
99
99
99
99
99
99
99
99
99
99
99
99
99
99
99
99
99
99
99
99
99
99
99
99
99
99
99
99
99
99
99
99
99
99
99
99
99
99
99
99
99
99
99
99
99
99
99
99
100 19
99 94
98 32
97 40
96 57
95 49
94 81
93 88
92 43
91 62
90 67
89 99
88 25
87 95
86 55
85 35
84 73
83 80
82 13
81 99
80 19
79 47
78 50
77 44
76 40
75 18
74 77
73 85
72 84
71 80
70 21
69 57
68 78
67 86
66 24
65 82
64 71
63 100
62 33
61 27
60 42
59 35
58 43
57 68
56 51
55 66
54 58
53 77
52 19
51 76
50 100
49 76
48 97
47 30
46 91
45 78
44 84
43 76
42 54
41 44
40 57
39 42
38 68
37 79
36 64
35 32
34 86
33 54
32 68
31 59
30 28
29 57
28 88
27 23
26 36
25 56
24 90
23 44
22 80
21 98
20 88
19 97
18 80
17 24
16 69
15 17
14 74
13 49
12 37
11 16
10 90
9 60
8 66
7 86
6 44
5 77
4 100
3 87
2 26
100 33
99 16
98 69
97 24
96 89
95 15
94 84
93 94
92 48
91 26
90 43
89 62
88 60
87 27
86 53
85 68
84 77
83 48
82 82
81 45
80 37
79 92
78 12
77 19
76 14
75 16
74 80
73 25
72 55
71 44
70 65
69 97
68 14
67 24
66 50
65 80
64 41
63 45
62 44
61 30
60 68
59 97
58 44
57 64
56 86
55 80
54 24
53 79
52 59
51 75
50 86
49 58
48 69
47 89
46 73
45 35
44 64
43 66
42 35
41 43
40 23
39 51
38 25
37 85
36 63
35 39
34 33
33 57
32 62
31 67
30 72
29 77
28 59
27 18
26 16
25 62
24 81
23 44
22 88
21 76
20 97
19 96
18 73
17 77
16 92
15 61
14 35
13 63
12 100
11 93
10 86
9 69
8 86
7 38
6 99
5 98
4 18
3 96
1 29
100 94
99 76
98 28
97 93
96 27
95 55
94 91
93 18
92 82
91 71
90 54
89 56
88 23
87 76
86 18
85 30
84 16
83 28
82 88
81 48
80 85
79 80
78 11
77 57
76 14
75 58
74 21
73 35
72 19
71 20
70 24
69 78
68 96
67 38
66 11
65 23
64 63
63 40
62 99
61 22
60 33
59 89
58 86
57 49
56 15
55 21
54 19
53 44
52 59
51 94
50 50
49 69
48 95
47 29
46 78
45 67
44 72
43 26
42 15
41 30
40 93
39 32
38 52
37 25
36 27
35 71
34 95
33 59
32 84
31 51
30 45
29 37
28 90
27 62
26 14
25 77
24 79
23 80
22 44
21 86
20 63
19 24
18 36
17 19
16 17
15 27
14 83
13 68
12 14
11 20
10 48
9 28
8 26
7 45
6 44
5 40
4 56
2 20
1 21
100 69
99 24
98 34
97 12
96 83
95 21
94 60
93 36
92 89
91 54
90 31
89 33
88 46
87 98
86 96
85 23
84 61
83 49
82 91
81 47
80 86
79 14
78 89
77 28
76 87
75 74
74 43
73 43
72 85
71 71
70 13
69 23
68 47
67 81
66 39
65 90
64 94
63 70
62 63
61 47
60 66
59 70
58 27
57 64
56 21
55 72
54 30
53 16
52 27
51 29
50 23
49 18
48 37
47 42
46 85
45 90
44 34
43 57
42 93
41 59
40 95
39 14
38 11
37 35
36 96
35 54
34 68
33 15
32 42
31 39
30 35
29 30
28 45
27 74
26 96
25 35
24 86
23 46
22 76
21 39
20 83
19 61
18 80
17 39
16 99
15 32
14 11
13 81
12 63
11 60
10 79
9 43
8 38
7 39
6 11
5 15
3 26
2 94
1 44
100 37
99 85
98 39
97 43
96 25
95 96
94 11
93 33
92 94
91 91
90 34
89 99
88 68
87 12
86 79
85 39
84 61
83 40
82 81
81 19
80 20
79 78
78 65
77 41
76 58
75 91
74 70
73 94
72 94
71 10
70 77
69 50
68 51
67 96
66 96
65 94
64 94
63 64
62 48
61 65
60 40
59 100
58 82
57 10
56 62
55 38
54 22
53 29
52 35
51 23
50 22
49 85
48 18
47 11
46 49
45 32
44 99
43 24
42 53
41 66
40 80
39 70
38 74
37 72
36 62
35 13
34 98
33 22
32 67
31 61
30 40
29 17
28 63
27 53
26 11
25 85
24 48
23 79
22 62
21 27
20 30
19 31
18 28
17 77
16 47
15 15
14 42
13 45
12 30
11 23
10 29
9 76
8 39
7 58
6 51
4 14
3 35
2 88
1 50
100 45
99 63
98 19
97 13
96 22
95 56
94 58
93 15
92 32
91 88
90 89
89 78
88 37
87 83
86 36
85 90
84 87
83 82
82 12
81 16
80 39
79 31
78 40
77 11
76 43
75 39
74 82
73 40
72 54
71 78
70 64
69 29
68 87
67 83
66 96
65 16
64 20
63 94
62 74
61 11
60 34
59 65
58 79
57 13
56 79
55 38
54 20
53 60
52 83
51 71
50 35
49 76
48 23
47 63
46 17
45 39
44 39
43 36
42 78
41 12
40 65
39 34
38 18
37 30
36 75
35 29
34 82
33 55
32 49
31 14
30 22
29 97
28 11
27 88
26 70
25 19
24 81
23 57
22 56
21 45
20 72
19 55
18 76
17 39
16 10
15 47
14 29
13 27
12 40
11 95
10 34
9 45
8 15
7 62
5 38
4 11
3 73
2 58
1 46
100 10
99 25
98 76
97 66
96 57
95 59
94 81
93 82
92 88
91 23
90 62
89 15
88 70
87 98
86 10
85 90
84 53
83 70
82 26
81 93
80 63
79 77
78 48
77 15
76 44
75 49
74 56
73 57
72 97
71 85
70 48
69 13
68 60
67 16
66 57
65 74
64 70
63 98
62 99
61 100
60 53
59 72
58 59
57 93
56 66
55 27
54 85
53 66
52 93
51 10
50 33
49 61
48 34
47 22
46 77
45 33
44 72
43 17
42 13
41 83
40 29
39 75
38 15
37 15
36 55
35 53
34 82
33 37
32 91
31 31
30 39
29 59
28 45
27 93
26 43
25 69
24 97
23 48
22 97
21 94
20 52
19 63
18 58
17 98
16 66
15 24
14 45
13 82
12 99
11 38
10 68
9 70
8 94
6 43
5 83
4 18
3 74
2 26
1 53
100 57
99 82
98 73
97 99
96 96
95 89
94 70
93 78
92 25
91 66
90 42
89 70
88 63
87 14
86 61
85 59
84 64
83 43
82 69
81 14
80 61
79 73
78 76
77 49
76 88
75 76
74 53
73 29
72 88
71 72
70 12
69 87
68 48
67 32
66 88
65 30
64 20
63 76
62 61
61 94
60 31
59 62
58 46
57 82
56 18
55 71
54 89
53 56
52 54
51 87
50 51
49 65
48 76
47 100
46 20
45 88
44 89
43 34
42 38
41 19
40 11
39 47
38 69
37 45
36 31
35 83
34 46
33 24
32 17
31 69
30 11
29 92
28 18
27 98
26 70
25 13
24 69
23 20
22 84
21 90
20 44
19 74
18 61
17 81
16 29
15 75
14 95
13 53
12 94
11 19
10 16
9 65
7 18
6 89
5 17
4 75
3 76
2 31
1 29
100 26
99 79
98 38
97 69
96 91
95 59
94 14
93 38
92 19
91 51
90 33
89 54
88 26
87 74
86 41
85 72
84 50
83 47
82 16
81 47
80 60
79 23
78 52
77 35
76 93
75 36
74 76
73 22
72 28
71 46
70 62
69 26
68 10
67 93
66 42
65 75
64 68
63 10
62 10
61 18
60 15
59 35
58 70
57 46
56 28
55 67
54 23
53 19
52 12
51 72
50 49
49 64
48 86
47 38
46 62
45 78
44 100
43 59
42 53
41 44
40 85
39 70
38 37
37 51
36 70
35 61
34 96
33 71
32 38
31 53
30 77
29 29
28 71
27 95
26 99
25 15
24 23
23 24
22 36
21 85
20 97
19 84
18 67
17 47
16 34
15 81
14 93
13 56
12 52
11 68
10 65
8 65
7 55
6 40
5 50
4 64
3 59
2 31
1 76
100 53
99 60
98 76
97 81
96 67
95 77
94 48
93 79
92 12
91 42
90 20
89 50
88 60
87 74
86 42
85 91
84 43
83 25
82 75
81 76
80 65
79 40
78 34
77 12
76 93
75 11
74 79
73 87
72 27
71 58
70 24
69 77
68 65
67 97
66 15
65 34
64 98
63 94
62 34
61 55
60 16
59 21
58 89
57 66
56 94
55 17
54 84
53 25
52 16
51 13
50 28
49 70
48 11
47 90
46 89
45 89
44 54
43 71
42 18
41 15
40 71
39 66
38 96
37 19
36 52
35 94
34 63
33 71
32 59
31 19
30 23
29 21
28 16
27 20
26 84
25 27
24 64
23 72
22 81
21 39
20 29
19 66
18 20
17 92
16 22
15 77
14 29
13 48
12 75
11 45
9 19
8 12
7 50
6 86
5 78
4 36
3 32
2 32
1 45
100 96
99 96
98 58
97 75
96 19
95 92
94 63
93 61
92 59
91 33
90 28
89 92
88 30
87 10
86 84
85 47
84 85
83 37
82 86
81 89
80 54
79 12
78 42
77 57
76 40
75 100
74 19
73 33
72 46
71 79
70 70
69 13
68 91
67 52
66 45
65 35
64 75
63 42
62 16
61 37
60 17
59 32
58 66
57 80
56 46
55 99
54 64
53 70
52 10
51 39
50 29
49 40
48 10
47 54
46 81
45 46
44 56
43 53
42 65
41 84
40 92
39 34
38 45
37 83
36 10
35 92
34 21
33 13
32 51
31 68
30 97
29 15
28 18
27 100
26 36
25 96
24 56
23 23
22 62
21 63
20 85
19 14
18 64
17 14
16 59
15 53
14 71
13 88
12 50
10 21
9 57
8 68
7 13
6 78
5 44
4 48
3 25
2 52
1 22
100 75
99 43
98 74
97 51
96 73
95 100
94 41
93 24
92 86
91 54
90 66
89 57
88 30
87 90
86 52
85 99
84 67
83 92
82 76
81 95
80 57
79 88
78 95
77 11
76 39
75 28
74 76
73 40
72 10
71 19
70 74
69 93
68 49
67 44
66 42
65 66
64 87
63 28
62 89
61 17
60 35
59 18
58 23
57 83
56 55
55 87
54 17
53 55
52 38
51 24
50 45
49 98
48 25
47 86
46 39
45 30
44 44
43 31
42 38
41 67
40 29
39 22
38 91
37 94
36 33
35 87
34 37
33 90
32 89
31 92
30 32
29 52
28 38
27 52
26 86
25 38
24 61
23 37
22 62
21 28
20 69
19 25
18 65
17 73
16 45
15 23
14 43
13 47
11 63
10 65
9 96
8 45
7 32
6 12
5 38
4 34
3 49
2 51
1 28
100 25
99 92
98 32
97 28
96 48
95 37
94 13
93 11
92 44
91 89
90 31
89 64
88 22
87 32
86 70
85 54
84 89
83 39
82 89
81 63
80 65
79 29
78 75
77 92
76 57
75 99
74 15
73 92
72 91
71 14
70 20
69 77
68 55
67 72
66 95
65 72
64 63
63 48
62 89
61 41
60 76
59 72
58 67
57 45
56 45
55 100
54 48
53 50
52 20
51 73
50 88
49 37
48 66
47 49
46 58
45 41
44 74
43 80
42 58
41 76
40 96
39 20
38 55
37 34
36 60
35 21
34 38
33 17
32 82
31 54
30 89
29 95
28 21
27 81
26 74
25 48
24 94
23 32
22 30
21 28
20 74
19 91
18 82
17 30
16 17
15 31
14 19
12 16
11 15
10 85
9 98
8 66
7 20
6 37
5 90
4 15
3 57
2 13
1 38
100 47
99 81
98 28
97 40
96 24
95 40
94 96
93 48
92 49
91 40
90 25
89 29
88 87
87 37
86 99
85 39
84 33
83 16
82 80
81 82
80 37
79 63
78 42
77 56
76 95
75 24
74 99
73 100
72 56
71 12
70 99
69 69
68 99
67 83
66 92
65 32
64 62
63 49
62 75
61 82
60 92
59 89
58 41
57 35
56 34
55 51
54 12
53 60
52 29
51 67
50 16
49 43
48 100
47 13
46 36
45 28
44 79
43 45
42 47
41 55
40 23
39 31
38 16
37 57
36 55
35 59
34 75
33 36
32 27
31 70
30 42
29 92
28 70
27 23
26 41
25 75
24 16
23 46
22 98
21 85
20 57
19 89
18 82
17 41
16 68
15 69
13 72
12 28
11 59
10 57
9 49
8 62
7 32
6 48
5 19
4 72
3 64
2 34
1 77
100 57
99 86
98 63
97 85
96 24
95 55
94 63
93 76
92 49
91 56
90 35
89 21
88 68
87 75
86 78
85 52
84 61
83 69
82 52
81 39
80 35
79 28
78 43
77 49
76 30
75 73
74 93
73 69
72 93
71 69
70 95
69 52
68 20
67 25
66 87
65 11
64 21
63 51
62 31
61 77
60 18
59 64
58 73
57 82
56 43
55 45
54 83
53 91
52 61
51 21
50 80
49 79
48 84
47 89
46 42
45 73
44 83
43 59
42 77
41 23
40 43
39 89
38 67
37 37
36 59
35 13
34 53
33 74
32 78
31 25
30 37
29 96
28 41
27 45
26 73
25 89
24 79
23 74
22 68
21 17
20 96
19 40
18 13
17 36
16 92
14 23
13 36
12 60
11 70
10 24
9 61
8 69
7 43
6 74
5 82
4 30
3 55
2 12
1 56
100 65
99 46
98 23
97 39
96 28
95 28
94 10
93 56
92 99
91 71
90 72
89 36
88 41
87 57
86 94
85 29
84 20
83 39
82 31
81 35
80 62
79 76
78 93
77 75
76 71
75 23
74 100
73 43
72 18
71 27
70 49
69 20
68 42
67 23
66 69
65 81
64 55
63 99
62 100
61 13
60 28
59 65
58 45
57 97
56 94
55 41
54 70
53 85
52 20
51 63
50 62
49 24
48 49
47 69
46 30
45 80
44 11
43 66
42 42
41 32
40 87
39 80
38 86
37 17
36 98
35 32
34 14
33 49
32 49
31 45
30 87
29 35
28 61
27 12
26 73
25 100
24 35
23 33
22 28
21 88
20 84
19 99
18 51
17 39
15 16
14 70
13 16
12 100
11 72
10 99
9 100
8 23
7 14
6 18
5 32
4 24
3 31
2 98
1 15
100 38
99 86
98 44
97 62
96 61
95 14
94 70
93 69
92 34
91 84
90 57
89 29
88 57
87 71
86 49
85 39
84 37
83 23
82 71
81 93
80 86
79 48
78 86
77 82
76 79
75 84
74 52
73 50
72 24
71 30
70 55
69 56
68 20
67 19
66 22
65 51
64 36
63 66
62 94
61 84
60 89
59 74
58 11
57 67
56 10
55 51
54 43
53 47
52 27
51 16
50 46
49 88
48 28
47 35
46 68
45 94
44 52
43 96
42 30
41 57
40 29
39 34
38 71
37 66
36 63
35 62
34 83
33 35
32 11
31 51
30 59
29 55
28 19
27 13
26 10
25 76
24 91
23 35
22 40
21 98
20 53
19 98
18 67
16 42
15 100
14 69
13 95
12 62
11 51
10 73
9 35
8 42
7 60
6 35
5 18
4 56
3 57
2 71
1 29
100 43
99 75
98 20
97 73
96 52
95 44
94 83
93 76
92 72
91 76
90 67
89 83
88 16
87 91
86 65
85 73
84 45
83 31
82 57
81 56
80 73
79 92
78 28
77 18
76 23
75 85
74 12
73 11
72 14
71 41
70 23
69 30
68 52
67 80
66 57
65 36
64 32
63 55
62 25
61 23
60 43
59 92
58 99
57 73
56 86
55 98
54 23
53 81
52 30
51 26
50 86
49 46
48 23
47 25
46 94
45 19
44 53
43 44
42 28
41 32
40 75
39 55
38 93
37 56
36 51
35 74
34 45
33 55
32 48
31 24
30 27
29 51
28 66
27 33
26 69
25 84
24 99
23 52
22 41
21 94
20 80
19 35
17 50
16 86
15 81
14 52
13 65
12 25
11 60
10 82
9 58
8 12
7 13
6 34
5 72
4 99
3 69
2 98
1 59
100 55
99 96
98 49
97 81
96 55
95 96
94 24
93 47
92 42
91 55
90 69
89 61
88 62
87 72
86 51
85 62
84 80
83 59
82 19
81 50
80 29
79 53
78 19
77 28
76 27
75 12
74 89
73 57
72 69
71 44
70 51
69 18
68 36
67 91
66 23
65 90
64 18
63 76
62 38
61 82
60 67
59 56
58 63
57 75
56 94
55 32
54 63
53 51
52 20
51 15
50 15
49 16
48 60
47 97
46 41
45 91
44 17
43 63
42 62
41 94
40 53
39 69
38 40
37 69
36 68
35 92
34 20
33 59
32 59
31 69
30 82
29 59
28 43
27 71
26 57
25 61
24 95
23 61
22 72
21 88
20 12
18 23
17 10
16 48
15 91
14 88
13 59
12 10
11 85
10 79
9 84
8 40
7 76
6 58
5 63
4 46
3 51
2 24
1 91
100 87
99 47
98 88
97 65
96 39
95 38
94 45
93 38
92 79
91 76
90 86
89 35
88 73
87 59
86 96
85 86
84 11
83 75
82 86
81 27
80 17
79 25
78 56
77 61
76 71
75 88
74 68
73 87
72 10
71 64
70 17
69 86
68 99
67 33
66 17
65 20
64 35
63 25
62 81
61 12
60 79
59 28
58 70
57 52
56 86
55 16
54 99
53 25
52 81
51 20
50 39
49 20
48 93
47 32
46 46
45 96
44 69
43 73
42 50
41 72
40 46
39 14
38 81
37 37
36 35
35 55
34 40
33 36
32 78
31 74
30 44
29 64
28 96
27 16
26 36
25 11
24 12
23 28
22 56
21 65
19 100
18 28
17 90
16 28
15 91
14 21
13 97
12 69
11 13
10 21
9 94
8 89
7 64
6 99
5 75
4 80
3 89
2 39
1 46
100 31
99 43
98 22
97 51
96 53
95 36
94 72
93 20
92 90
91 82
90 77
89 97
88 54
87 48
86 21
85 18
84 25
83 57
82 18
81 39
80 93
79 99
78 44
77 21
76 77
75 41
74 48
73 28
72 42
71 61
70 32
69 45
68 33
67 49
66 52
65 73
64 55
63 43
62 53
61 32
60 82
59 29
58 27
57 71
56 39
55 86
54 26
53 46
52 69
51 88
50 29
49 27
48 92
47 78
46 83
45 57
44 89
43 75
42 86
41 67
40 82
39 29
38 40
37 91
36 38
35 42
34 63
33 36
32 60
31 41
30 81
29 15
28 14
27 68
26 19
25 23
24 93
23 68
22 94
20 92
19 79
18 12
17 11
16 49
15 69
14 40
13 28
12 12
11 77
10 53
9 16
8 89
7 17
6 48
5 21
4 43
3 72
2 67
1 97
100 26
99 50
98 33
97 80
96 27
95 84
94 99
93 53
92 12
91 50
90 87
89 17
88 19
87 39
86 76
85 62
84 64
83 35
82 26
81 42
80 68
79 16
78 22
77 74
76 13
75 55
74 48
73 58
72 77
71 32
70 24
69 56
68 71
67 95
66 31
65 94
64 21
63 83
62 25
61 99
60 64
59 43
58 78
57 28
56 75
55 100
54 17
53 99
52 54
51 73
50 37
49 73
48 94
47 48
46 71
45 84
44 10
43 43
42 90
41 44
40 72
39 14
38 47
37 22
36 44
35 48
34 64
33 10
32 54
31 93
30 37
29 73
28 71
27 39
26 13
25 53
24 42
23 78
21 30
20 37
19 84
18 99
17 87
16 16
15 35
14 52
13 19
12 42
11 10
10 78
9 55
8 46
7 10
6 36
5 70
4 31
3 87
2 50
1 35
100 78
99 86
98 12
97 40
96 82
95 23
94 79
93 25
92 41
91 36
90 98
89 51
88 20
87 85
86 40
85 52
84 80
83 64
82 91
81 55
80 73
79 63
78 89
77 84
76 43
75 28
74 90
73 30
72 93
71 83
70 91
69 58
68 12
67 91
66 96
65 40
64 34
63 78
62 48
61 36
60 97
59 92
58 58
57 40
56 55
55 81
54 55
53 28
52 10
51 84
50 81
49 70
48 62
47 37
46 94
45 95
44 61
43 92
42 40
41 27
40 98
39 73
38 28
37 83
36 40
35 94
34 29
33 94
32 27
31 35
30 94
29 42
28 28
27 19
26 62
25 16
24 34
22 89
21 48
20 81
19 83
18 98
17 69
16 46
15 50
14 75
13 58
12 57
11 24
10 52
9 64
8 71
7 45
6 58
5 98
4 51
3 20
2 42
1 50
100 91
99 93
98 77
97 41
96 95
95 26
94 65
93 60
92 44
91 20
90 75
89 87
88 39
87 10
86 31
85 56
84 81
83 93
82 30
81 29
80 24
79 30
78 52
77 14
76 63
75 89
74 30
73 14
72 72
71 60
70 88
69 61
68 80
67 80
66 88
65 99
64 14
63 88
62 97
61 50
60 11
59 48
58 57
57 49
56 36
55 95
54 15
53 86
52 43
51 68
50 67
49 31
48 75
47 46
46 26
45 38
44 76
43 29
42 49
41 49
40 32
39 95
38 17
37 16
36 94
35 74
34 16
33 22
32 49
31 26
30 66
29 56
28 16
27 67
26 98
25 83
23 61
22 35
21 47
20 75
19 93
18 17
17 88
16 60
15 14
14 63
13 43
12 65
11 52
10 18
9 95
8 81
7 98
6 12
5 20
4 51
3 39
2 11
1 33
100 74
99 51
98 71
97 12
96 92
95 62
94 43
93 41
92 76
91 40
90 97
89 94
88 58
87 26
86 20
85 89
84 86
83 64
82 49
81 71
80 97
79 47
78 84
77 93
76 11
75 20
74 38
73 95
72 45
71 85
70 99
69 55
68 48
67 43
66 41
65 88
64 31
63 17
62 99
61 79
60 18
59 12
58 88
57 59
56 74
55 58
54 73
53 11
52 88
51 100
50 78
49 70
48 53
47 97
46 89
45 83
44 97
43 64
42 58
41 94
40 93
39 42
38 39
37 46
36 23
35 94
34 68
33 63
32 19
31 88
30 59
29 21
28 24
27 61
26 99
24 36
23 85
22 61
21 40
20 91
19 10
18 57
17 26
16 68
15 98
14 90
13 31
12 56
11 22
10 11
9 71
8 56
7 30
6 72
5 79
4 25
3 53
2 73
1 36
100 45
99 79
98 49
97 81
96 36
95 53
94 92
93 49
92 77
91 80
90 28
89 24
88 68
87 34
86 19
85 52
84 18
83 46
82 72
81 21
80 90
79 26
78 23
77 85
76 29
75 47
74 93
73 19
72 88
71 42
70 85
69 80
68 57
67 18
66 84
65 96
64 61
63 78
62 100
61 12
60 12
59 85
58 90
57 46
56 64
55 97
54 52
53 57
52 95
51 99
50 39
49 98
48 92
47 81
46 71
45 79
44 71
43 44
42 84
41 88
40 21
39 62
38 12
37 36
36 80
35 21
34 88
33 71
32 46
31 33
30 80
29 97
28 44
27 63
25 23
24 29
23 41
22 73
21 49
20 57
19 41
18 71
17 73
16 14
15 88
14 82
13 46
12 17
11 51
10 52
9 25
8 96
7 96
6 96
5 66
4 34
3 78
2 18
1 58
100 45
99 79
98 75
97 34
96 23
95 11
94 39
93 77
92 22
91 33
90 85
89 84
88 20
87 42
86 33
85 89
84 30
83 76
82 31
81 43
80 79
79 71
78 97
77 84
76 68
75 58
74 86
73 30
72 48
71 96
70 46
69 32
68 93
67 42
66 28
65 80
64 17
63 86
62 72
61 28
60 62
59 61
58 38
57 67
56 25
55 47
54 64
53 12
52 26
51 84
50 67
49 73
48 15
47 68
46 77
45 23
44 40
43 45
42 36
41 15
40 21
39 44
38 98
37 41
36 83
35 92
34 69
33 27
32 89
31 64
30 42
29 21
28 13
26 71
25 99
24 59
23 13
22 82
21 41
20 90
19 80
18 60
17 17
16 78
15 81
14 83
13 57
12 14
11 43
10 97
9 52
8 21
7 45
6 56
5 13
4 87
3 60
2 23
1 27
100 76
99 14
98 68
97 88
96 64
95 88
94 15
93 11
92 27
91 72
90 39
89 79
88 70
87 11
86 93
85 34
84 78
83 48
82 96
81 35
80 52
79 21
78 73
77 26
76 74
75 14
74 61
73 44
72 90
71 59
70 42
69 93
68 64
67 41
66 77
65 67
64 91
63 87
62 67
61 11
60 66
59 86
58 37
57 27
56 11
55 78
54 37
53 92
52 87
51 96
50 25
49 79
48 75
47 98
46 73
45 81
44 54
43 22
42 43
41 51
40 78
39 70
38 14
37 67
36 36
35 54
34 48
33 13
32 39
31 31
30 91
29 24
27 93
26 31
25 63
24 71
23 57
22 79
21 50
20 41
19 42
18 36
17 42
16 72
15 22
14 80
13 81
12 81
11 59
10 17
9 97
8 100
7 35
6 96
5 63
4 74
3 43
2 40
1 18
100 68
99 71
98 42
97 40
96 62
95 49
94 56
93 72
92 62
91 57
90 69
89 96
88 19
87 86
86 26
85 97
84 93
83 75
82 23
81 23
80 16
79 85
78 70
77 99
76 81
75 81
74 20
73 36
72 83
71 67
70 41
69 59
68 14
67 92
66 81
65 37
64 26
63 30
62 73
61 23
60 80
59 76
58 58
57 39
56 67
55 55
54 43
53 74
52 72
51 55
50 40
49 97
48 39
47 46
46 13
45 67
44 74
43 18
42 21
41 85
40 16
39 12
38 58
37 54
36 43
35 20
34 81
33 48
32 71
31 70
30 43
28 100
27 85
26 50
25 45
24 71
23 98
22 11
21 81
20 80
19 81
18 22
17 87
16 72
15 44
14 22
13 33
12 61
11 87
10 11
9 13
8 78
7 68
6 76
5 14
4 62
3 14
2 16
1 96
100 42
99 66
98 83
97 52
96 53
95 86
94 83
93 68
92 84
91 20
90 80
89 62
88 94
87 79
86 62
85 88
84 51
83 10
82 31
81 69
80 95
79 25
78 26
77 54
76 63
75 60
74 18
73 36
72 38
71 86
70 41
69 10
68 74
67 21
66 86
65 78
64 75
63 93
62 80
61 54
60 63
59 14
58 53
57 70
56 19
55 74
54 35
53 70
52 15
51 27
50 63
49 72
48 17
47 19
46 93
45 93
44 68
43 85
42 90
41 79
40 74
39 48
38 100
37 61
36 24
35 88
34 12
33 24
32 36
31 10
29 85
28 84
27 96
26 10
25 81
24 16
23 22
22 66
21 81
20 97
19 60
18 19
17 89
16 99
15 53
14 68
13 98
12 93
11 66
10 65
9 22
8 37
7 58
6 17
5 39
4 91
3 52
2 43
1 46
100 91
99 99
98 12
97 57
96 46
95 23
94 42
93 60
92 72
91 93
90 80
89 73
88 79
87 74
86 28
85 53
84 44
83 43
82 40
81 17
80 68
79 80
78 86
77 78
76 49
75 13
74 83
73 68
72 67
71 95
70 51
69 93
68 63
67 59
66 48
65 100
64 61
63 15
62 37
61 60
60 28
59 83
58 80
57 82
56 35
55 70
54 17
53 43
52 46
51 12
50 11
49 31
48 54
47 69
46 62
45 93
44 98
43 49
42 82
41 81
40 86
39 71
38 41
37 29
36 77
35 55
34 63
33 91
32 62
30 38
29 98
28 37
27 32
26 90
25 93
24 52
23 61
22 38
21 99
20 66
19 80
18 53
17 89
16 89
15 71
14 66
13 16
12 96
11 14
10 88
9 83
8 93
7 81
6 53
5 61
4 23
3 43
2 45
1 24
100 27
99 15
98 19
97 46
96 44
95 43
94 49
93 95
92 40
91 35
90 65
89 67
88 99
87 13
86 64
85 76
84 42
83 68
82 97
81 52
80 59
79 34
78 76
77 51
76 95
75 14
74 81
73 93
72 86
71 83
70 46
69 18
68 25
67 72
66 67
65 30
64 17
63 70
62 24
61 68
60 40
59 70
58 65
57 21
56 35
55 22
54 31
53 44
52 18
51 58
50 93
49 89
48 87
47 35
46 97
45 34
44 43
43 20
42 11
41 34
40 74
39 65
38 87
37 52
36 89
35 87
34 60
33 13
31 10
30 32
29 87
28 39
27 59
26 96
25 92
24 48
23 77
22 91
21 81
20 12
19 19
18 24
17 20
16 97
15 95
14 99
13 89
12 72
11 47
10 70
9 13
8 68
7 87
6 29
5 75
4 42
3 59
2 78
1 24
100 21
99 97
98 63
97 88
96 73
95 52
94 35
93 73
92 26
91 72
90 38
89 28
88 88
87 45
86 44
85 14
84 71
83 20
82 96
81 20
80 30
79 47
78 13
77 24
76 87
75 43
74 71
73 71
72 49
71 86
70 43
69 24
68 82
67 35
66 64
65 37
64 14
63 88
62 14
61 59
60 11
59 62
58 68
57 67
56 15
55 65
54 94
53 47
52 71
51 29
50 92
49 22
48 47
47 39
46 26
45 21
44 99
43 41
42 57
41 43
40 83
39 68
38 37
37 31
36 47
35 39
34 13
32 36
31 94
30 40
29 24
28 52
27 47
26 23
25 76
24 40
23 29
22 69
21 46
20 65
19 62
18 48
17 83
16 19
15 95
14 76
13 71
12 19
11 80
10 50
9 46
8 94
7 78
6 42
5 59
4 38
3 13
2 18
1 52
100 50
99 15
98 30
97 38
96 31
95 14
94 42
93 33
92 59
91 14
90 23
89 18
88 18
87 51
86 80
85 33
84 12
83 58
82 21
81 11
80 38
79 25
78 19
77 91
76 48
75 80
74 84
73 60
72 33
71 95
70 41
69 31
68 61
67 56
66 21
65 87
64 77
63 87
62 79
61 99
60 68
59 63
58 78
57 72
56 100
55 47
54 18
53 44
52 53
51 21
50 25
49 70
48 65
47 64
46 61
45 92
44 76
43 87
42 64
41 86
40 34
39 13
38 67
37 47
36 67
35 27
33 75
32 64
31 22
30 87
29 73
28 82
27 70
26 15
25 61
24 85
23 27
22 89
21 51
20 85
19 93
18 58
17 57
16 36
15 22
14 63
13 41
12 24
11 78
10 42
9 87
8 73
7 75
6 51
5 52
4 23
3 79
2 46
1 34
100 100
99 53
98 40
97 18
96 71
95 17
94 14
93 58
92 44
91 18
90 73
89 90
88 83
87 70
86 46
85 29
84 98
83 14
82 20
81 76
80 79
79 52
78 64
77 93
76 43
75 46
74 18
73 71
72 97
71 16
70 18
69 83
68 38
67 88
66 94
65 41
64 13
63 37
62 43
61 72
60 29
59 47
58 82
57 89
56 24
55 28
54 63
53 67
52 96
51 58
50 62
49 28
48 54
47 29
46 51
45 52
44 62
43 11
42 24
41 19
40 82
39 29
38 93
37 38
36 21
34 78
33 68
32 86
31 66
30 93
29 23
28 79
27 51
26 97
25 55
24 43
23 75
22 95
21 23
20 29
19 44
18 38
17 41
16 21
15 79
14 66
13 21
12 85
11 96
10 10
9 61
8 90
7 87
6 54
5 68
4 67
3 72
2 36
1 31
100 54
99 20
98 18
97 72
96 33
95 22
94 77
93 35
92 55
91 77
90 80
89 68
88 19
87 44
86 98
85 20
84 71
83 64
82 29
81 82
80 25
79 56
78 76
77 43
76 95
75 100
74 18
73 100
72 40
71 75
70 48
69 65
68 87
67 44
66 94
65 46
64 93
63 14
62 10
61 13
60 30
59 56
58 40
57 49
56 33
55 29
54 39
53 97
52 55
51 33
50 13
49 25
48 90
47 69
46 89
45 81
44 13
43 47
42 46
41 48
40 71
39 51
38 40
37 49
35 81
34 73
33 67
32 29
31 33
30 77
29 78
28 96
27 20
26 84
25 82
24 83
23 54
22 73
21 17
20 69
19 70
18 61
17 93
16 61
15 88
14 50
13 45
12 63
11 67
10 71
9 19
8 90
7 60
6 43
5 62
4 20
3 55
2 96
1 43
100 27
99 89
98 69
97 89
96 88
95 68
94 43
93 41
92 38
91 76
90 91
89 16
88 59
87 37
86 35
85 33
84 13
83 56
82 74
81 73
80 60
79 71
78 18
77 23
76 78
75 93
74 68
73 85
72 45
71 13
70 61
69 70
68 93
67 77
66 48
65 67
64 46
63 37
62 81
61 10
60 62
59 22
58 34
57 80
56 23
55 36
54 53
53 74
52 84
51 77
50 14
49 21
48 94
47 84
46 60
45 85
44 33
43 88
42 71
41 30
40 72
39 20
38 84
36 17
35 100
34 15
33 26
32 60
31 77
30 23
29 46
28 94
27 63
26 35
25 32
24 74
23 73
22 29
21 66
20 25
19 42
18 19
17 57
16 63
15 82
14 95
13 51
12 93
11 84
10 44
9 36
8 51
7 22
6 14
5 89
4 30
3 42
2 17
1 64
100 23
99 62
98 72
97 14
96 40
95 61
94 92
93 79
92 73
91 43
90 64
89 80
88 72
87 91
86 73
85 39
84 73
83 22
82 91
81 74
80 78
79 53
78 92
77 34
76 50
75 77
74 80
73 49
72 47
71 60
70 76
69 68
68 74
67 14
66 65
65 22
64 18
63 82
62 41
61 66
60 84
59 41
58 41
57 93
56 64
55 47
54 72
53 52
52 94
51 97
50 61
49 77
48 20
47 83
46 81
45 34
44 30
43 16
42 27
41 28
40 29
39 78
37 92
36 23
35 86
34 78
33 55
32 83
31 69
30 81
29 11
28 80
27 19
26 20
25 14
24 58
23 30
22 100
21 61
20 28
19 30
18 66
17 14
16 14
15 25
14 56
13 59
12 79
11 35
10 47
9 35
8 42
7 94
6 17
5 48
4 16
3 14
2 14
1 64
100 69
99 64
98 45
97 28
96 26
95 60
94 10
93 95
92 38
91 14
90 62
89 90
88 40
87 83
86 39
85 17
84 81
83 61
82 98
81 71
80 67
79 75
78 51
77 89
76 21
75 11
74 59
73 98
72 33
71 71
70 19
69 80
68 74
67 61
66 11
65 93
64 92
63 17
62 59
61 69
60 25
59 68
58 18
57 52
56 59
55 80
54 35
53 28
52 39
51 43
50 42
49 96
48 22
47 47
46 100
45 49
44 44
43 93
42 92
41 63
40 28
38 89
37 19
36 96
35 19
34 77
33 78
32 70
31 66
30 99
29 67
28 63
27 82
26 82
25 13
24 68
23 84
22 93
21 63
20 77
19 26
18 21
17 11
16 64
15 50
14 92
13 24
12 45
11 97
10 61
9 57
8 15
7 72
6 36
5 14
4 52
3 64
2 16
1 85
100 40
99 73
98 74
97 72
96 33
95 79
94 33
93 98
92 47
91 47
90 48
89 79
88 60
87 80
86 49
85 18
84 81
83 88
82 66
81 66
80 99
79 89
78 55
77 56
76 91
75 92
74 80
73 65
72 25
71 43
70 88
69 48
68 94
67 36
66 30
65 27
64 81
63 22
62 31
61 89
60 73
59 97
58 10
57 74
56 15
55 48
54 99
53 10
52 70
51 71
50 29
49 47
48 91
47 89
46 22
45 43
44 79
43 67
42 11
41 13
39 59
38 39
37 67
36 72
35 81
34 67
33 33
32 33
31 82
30 42
29 23
28 82
27 62
26 97
25 84
24 22
23 17
22 22
21 99
20 35
19 94
18 48
17 30
16 39
15 97
14 41
13 63
12 38
11 24
10 39
9 59
8 17
7 55
6 33
5 86
4 88
3 15
2 100
1 24
100 70
99 91
98 62
97 34
96 44
95 19
94 88
93 37
92 91
91 33
90 21
89 61
88 59
87 85
86 24
85 25
84 52
83 88
82 39
81 49
80 94
79 54
78 87
77 39
76 33
75 53
74 35
73 34
72 12
71 37
70 92
69 36
68 88
67 13
66 72
65 36
64 39
63 18
62 53
61 41
60 27
59 96
58 81
57 88
56 28
55 15
54 22
53 77
52 27
51 68
50 70
49 60
48 43
47 48
46 76
45 29
44 92
43 62
42 66
40 94
39 91
38 10
37 76
36 83
35 68
34 21
33 74
32 35
31 84
30 94
29 74
28 72
27 82
26 98
25 38
24 89
23 94
22 14
21 48
20 93
19 34
18 82
17 84
16 30
15 20
14 90
13 75
12 46
11 35
10 94
9 20
8 64
7 75
6 24
5 27
4 19
3 10
2 12
1 73
100 66
99 30
98 90
97 28
96 64
95 11
94 84
93 46
92 88
91 60
90 23
89 72
88 15
87 96
86 94
85 31
84 77
83 93
82 98
81 12
80 77
79 88
78 70
77 91
76 61
75 62
74 85
73 86
72 24
71 47
70 47
69 55
68 88
67 85
66 93
65 19
64 99
63 61
62 54
61 76
60 87
59 21
58 45
57 20
56 60
55 83
54 71
53 42
52 18
51 25
50 66
49 74
48 40
47 51
46 59
45 90
44 45
43 21
41 53
40 21
39 30
38 69
37 68
36 14
35 21
34 39
33 89
32 65
31 42
30 37
29 43
28 44
27 14
26 26
25 77
24 43
23 20
22 13
21 59
20 51
19 73
18 15
17 42
16 36
15 83
14 56
13 24
12 90
11 25
10 84
9 11
8 22
7 62
6 12
5 14
4 47
3 83
2 33
1 28
100 62
99 80
98 28
97 68
96 37
95 11
94 93
93 14
92 32
91 17
90 32
89 44
88 79
87 47
86 96
85 17
84 60
83 73
82 11
81 69
80 55
79 23
78 68
77 41
76 13
75 100
74 17
73 92
72 39
71 60
70 65
69 38
68 77
67 19
66 12
65 58
64 63
63 48
62 34
61 51
60 50
59 88
58 96
57 61
56 65
55 92
54 14
53 93
52 81
51 15
50 94
49 25
48 50
47 30
46 74
45 36
44 32
42 13
41 23
40 70
39 86
38 18
37 49
36 91
35 31
34 84
33 77
32 42
31 23
30 23
29 94
28 37
27 68
26 68
25 28
24 65
23 43
22 20
21 84
20 66
19 85
18 69
17 38
16 68
15 48
14 89
13 94
12 38
11 19
10 53
9 28
8 47
7 48
6 54
5 75
4 73
3 25
2 57
1 56
100 90
99 97
98 32
97 50
96 36
95 61
94 14
93 47
92 86
91 58
90 66
89 15
88 26
87 11
86 99
85 55
84 40
83 87
82 61
81 76
80 54
79 30
78 61
77 49
76 86
75 23
74 67
73 71
72 32
71 54
70 70
69 66
68 18
67 34
66 91
65 71
64 100
63 25
62 12
61 29
60 86
59 18
58 69
57 93
56 37
55 48
54 82
53 16
52 49
51 40
50 88
49 73
48 89
47 15
46 91
45 69
43 71
42 82
41 74
40 81
39 74
38 52
37 41
36 99
35 81
34 62
33 24
32 28
31 67
30 53
29 86
28 52
27 95
26 99
25 62
24 68
23 28
22 38
21 47
20 57
19 12
18 11
17 21
16 44
15 49
14 19
13 48
12 89
11 62
10 89
9 49
8 28
7 57
6 87
5 57
4 20
3 73
2 18
1 11
100 53
99 58
98 41
97 64
96 56
95 72
94 38
93 91
92 15
91 38
90 63
89 13
88 45
87 18
86 10
85 70
84 48
83 27
82 26
81 19
80 24
79 54
78 41
77 22
76 26
75 16
74 64
73 27
72 32
71 74
70 13
69 33
68 53
67 33
66 31
65 84
64 72
63 58
62 19
61 28
60 65
59 43
58 66
57 57
56 90
55 34
54 27
53 12
52 76
51 81
50 96
49 74
48 56
47 97
46 26
44 56
43 68
42 97
41 75
40 70
39 10
38 23
37 15
36 70
35 92
34 15
33 71
32 40
31 45
30 93
29 59
28 95
27 74
26 17
25 85
24 18
23 65
22 80
21 89
20 72
19 17
18 60
17 41
16 56
15 81
14 82
13 92
12 65
11 16
10 26
9 13
8 62
7 42
6 98
5 18
4 25
3 18
2 28
1 77
100 74
99 89
98 83
97 53
96 43
95 63
94 56
93 69
92 51
91 63
90 47
89 83
88 26
87 73
86 81
85 89
84 79
83 43
82 77
81 13
80 60
79 96
78 72
77 21
76 61
75 24
74 51
73 35
72 87
71 26
70 84
69 37
68 41
67 76
66 65
65 46
64 81
63 89
62 19
61 72
60 80
59 80
58 27
57 85
56 18
55 37
54 24
53 17
52 17
51 80
50 56
49 85
48 47
47 96
45 54
44 26
43 28
42 94
41 21
40 45
39 50
38 37
37 90
36 21
35 19
34 41
33 98
32 51
31 40
30 29
29 31
28 85
27 10
26 81
25 18
24 20
23 67
22 40
21 98
20 100
19 70
18 12
17 34
16 22
15 80
14 54
13 89
12 99
11 77
10 38
9 18
8 52
7 86
6 86
5 27
4 80
3 32
2 72
1 42
100 68
99 76
98 31
97 32
96 57
95 57
94 24
93 81
92 47
91 71
90 54
89 55
88 95
87 36
86 82
85 25
84 44
83 67
82 26
81 32
80 83
79 70
78 98
77 86
76 78
75 96
74 23
73 41
72 92
71 84
70 93
69 67
68 79
67 15
66 72
65 92
64 60
63 25
62 69
61 36
60 92
59 45
58 19
57 16
56 93
55 37
54 90
53 80
52 44
51 25
50 82
49 24
48 75
46 21
45 55
44 19
43 92
42 78
41 13
40 20
39 54
38 55
37 15
36 75
35 26
34 92
33 28
32 40
31 47
30 91
29 13
28 75
27 92
26 91
25 81
24 53
23 25
22 15
21 30
20 87
19 32
18 99
17 77
16 61
15 96
14 38
13 33
12 15
11 91
10 61
9 51
8 23
7 58
6 10
5 81
4 100
3 85
2 97
1 48
100 96
99 45
98 91
97 20
96 21
95 55
94 85
93 83
92 27
91 28
90 91
89 18
88 74
87 94
86 37
85 81
84 83
83 27
82 100
81 64
80 89
79 50
78 52
77 27
76 29
75 86
74 48
73 74
72 21
71 43
70 97
69 21
68 36
67 96
66 92
65 83
64 19
63 23
62 27
61 87
60 86
59 53
58 34
57 46
56 72
55 87
54 58
53 50
52 44
51 93
50 70
49 59
47 80
46 98
45 38
44 70
43 54
42 84
41 73
40 50
39 33
38 36
37 20
36 10
35 85
34 45
33 63
32 19
31 72
30 94
29 82
28 23
27 94
26 53
25 89
24 19
23 48
22 47
21 88
20 36
19 54
18 100
17 67
16 22
15 89
14 55
13 99
12 73
11 63
10 60
9 65
8 47
7 15
6 54
5 14
4 35
3 37
2 35
1 25
100 11
99 46
98 80
97 84
96 35
95 99
94 29
93 55
92 42
91 14
90 13
89 78
88 74
87 47
86 25
85 13
84 40
83 68
82 89
81 100
80 56
79 64
78 67
77 69
76 53
75 53
74 70
73 62
72 71
71 34
70 28
69 40
68 82
67 83
66 25
65 72
64 79
63 53
62 96
61 72
60 26
59 16
58 84
57 69
56 71
55 93
54 66
53 39
52 17
51 24
50 27
48 23
47 29
46 29
45 63
44 69
43 57
42 28
41 95
40 24
39 39
38 58
37 33
36 37
35 61
34 29
33 74
32 14
31 85
30 53
29 36
28 87
27 76
26 27
25 92
24 52
23 95
22 99
21 39
20 14
19 16
18 78
17 77
16 98
15 31
14 22
13 25
12 77
11 65
10 78
9 81
8 62
7 100
6 32
5 75
4 89
3 16
2 75
1 12
100 79
99 83
98 67
97 67
96 45
95 81
94 46
93 84
92 72
91 73
90 31
89 30
88 21
87 77
86 29
85 89
84 77
83 39
82 86
81 61
80 89
79 32
78 11
77 38
76 56
75 80
74 25
73 35
72 63
71 17
70 90
69 78
68 93
67 14
66 86
65 47
64 21
63 91
62 30
61 43
60 94
59 17
58 75
57 95
56 95
55 40
54 42
53 26
52 12
51 57
49 86
48 94
47 98
46 12
45 76
44 18
43 52
42 92
41 44
40 52
39 36
38 65
37 34
36 96
35 20
34 54
33 65
32 63
31 84
30 54
29 95
28 38
27 62
26 38
25 53
24 77
23 77
22 17
21 59
20 99
19 45
18 55
17 100
16 26
15 37
14 82
13 87
12 95
11 22
10 21
9 86
8 60
7 18
6 89
5 34
4 41
3 54
2 31
1 31
100 95
99 34
98 24
97 39
96 95
95 51
94 86
93 63
92 93
91 31
90 79
89 86
88 31
87 30
86 30
85 39
84 17
83 100
82 73
81 59
80 71
79 42
78 85
77 52
76 84
75 100
74 75
73 53
72 76
71 87
70 78
69 48
68 66
67 81
66 85
65 65
64 84
63 10
62 74
61 56
60 45
59 12
58 41
57 60
56 47
55 61
54 12
53 80
52 34
50 96
49 34
48 42
47 32
46 14
45 78
44 69
43 67
42 55
41 15
40 65
39 53
38 48
37 44
36 12
35 87
34 74
33 34
32 44
31 35
30 83
29 12
28 23
27 20
26 53
25 41
24 23
23 17
22 26
21 11
20 43
19 12
18 47
17 68
16 95
15 65
14 80
13 43
12 94
11 48
10 15
9 99
8 88
7 21
6 37
5 97
4 82
3 60
2 41
1 93
100 40
99 69
98 39
97 45
96 34
95 83
94 31
93 29
92 66
91 16
90 96
89 55
88 100
87 98
86 11
85 50
84 68
83 82
82 88
81 60
80 74
79 85
78 90
77 90
76 50
75 92
74 100
73 58
72 67
71 12
70 84
69 92
68 14
67 100
66 37
65 41
64 76
63 49
62 53
61 92
60 57
59 21
58 67
57 74
56 51
55 89
54 81
53 55
51 10
50 53
49 43
48 13
47 33
46 97
45 64
44 65
43 68
42 69
41 99
40 82
39 66
38 71
37 43
36 83
35 23
34 57
33 60
32 44
31 100
30 23
29 35
28 67
27 51
26 31
25 69
24 72
23 94
22 13
21 66
20 76
19 66
18 52
17 64
16 37
15 44
14 84
13 68
12 65
11 11
10 23
9 93
8 25
7 58
6 28
5 69
4 54
3 36
2 26
1 91
100 46
99 65
98 25
97 17
96 62
95 73
94 58
93 94
92 77
91 64
90 12
89 43
88 85
87 46
86 62
85 52
84 32
83 59
82 56
81 62
80 78
79 81
78 80
77 43
76 81
75 93
74 74
73 39
72 99
71 97
70 15
69 31
68 26
67 84
66 36
65 47
64 33
63 56
62 59
61 63
60 55
59 77
58 63
57 14
56 36
55 25
54 19
52 53
51 49
50 66
49 75
48 65
47 13
46 21
45 93
44 54
43 15
42 55
41 79
40 65
39 48
38 60
37 14
36 81
35 64
34 87
33 95
32 66
31 97
30 10
29 88
28 10
27 33
26 40
25 82
24 54
23 46
22 80
21 42
20 28
19 47
18 57
17 61
16 41
15 20
14 87
13 31
12 54
11 38
10 59
9 23
8 70
7 69
6 14
5 93
4 74
3 78
2 71
1 25
100 25
99 11
98 72
97 95
96 96
95 98
94 43
93 24
92 16
91 38
90 17
89 91
88 52
87 51
86 98
85 47
84 34
83 65
82 99
81 47
80 28
79 62
78 74
77 77
76 94
75 81
74 63
73 80
72 47
71 49
70 16
69 44
68 91
67 98
66 73
65 98
64 67
63 61
62 61
61 48
60 68
59 93
58 50
57 56
56 38
55 77
53 68
52 54
51 89
50 58
49 23
48 51
47 82
46 85
45 20
44 80
43 41
42 30
41 57
40 87
39 33
38 73
37 42
36 90
35 88
34 23
33 33
32 83
31 72
30 76
29 94
28 40
27 71
26 46
25 85
24 81
23 11
22 34
21 56
20 26
19 56
18 76
17 17
16 28
15 64
14 92
13 73
12 30
11 22
10 87
9 58
8 29
7 52
6 32
5 50
4 98
3 62
2 13
1 28
100 31
99 68
98 82
97 50
96 21
95 10
94 51
93 21
92 92
91 70
90 89
89 48
88 65
87 60
86 75
85 42
84 63
83 86
82 85
81 93
80 100
79 47
78 36
77 55
76 81
75 56
74 35
73 81
72 21
71 56
70 11
69 90
68 23
67 78
66 76
65 35
64 31
63 60
62 76
61 98
60 34
59 41
58 34
57 85
56 19
54 49
53 28
52 39
51 93
50 52
49 41
48 48
47 25
46 71
45 98
44 98
43 15
42 31
41 46
40 21
39 71
38 65
37 10
36 75
35 91
34 33
33 98
32 44
31 51
30 81
29 93
28 34
27 65
26 47
25 36
24 28
23 43
22 39
21 84
20 24
19 74
18 92
17 54
16 27
15 17
14 100
13 18
12 73
11 57
10 64
9 81
8 40
7 41
6 91
5 87
4 28
3 64
2 46
1 97
100 15
99 55
98 66
97 85
96 18
95 60
94 46
93 36
92 33
91 51
90 76
89 77
88 45
87 39
86 44
85 32
84 56
83 35
82 26
81 90
80 60
79 80
78 62
77 74
76 42
75 69
74 79
73 25
72 66
71 85
70 42
69 91
68 72
67 96
66 43
65 62
64 37
63 58
62 91
61 61
60 20
59 31
58 42
57 38
55 30
54 38
53 89
52 12
51 60
50 84
49 32
48 78
47 17
46 86
45 98
44 93
43 92
42 28
41 37
40 72
39 23
38 19
37 42
36 93
35 67
34 97
33 75
32 39
31 84
30 33
29 74
28 63
27 31
26 96
25 37
24 66
23 98
22 49
21 92
20 23
19 91
18 68
17 90
16 91
15 43
14 12
13 55
12 14
11 20
10 72
9 46
8 29
7 32
6 13
5 52
4 56
3 16
2 26
1 84
100 78
99 19
98 79
97 26
96 64
95 95
94 30
93 20
92 83
91 81
90 44
89 17
88 59
87 83
86 67
85 36
84 14
83 40
82 89
81 37
80 72
79 49
78 70
77 76
76 66
75 95
74 34
73 87
72 64
71 31
70 94
69 99
68 20
67 71
66 78
65 76
64 68
63 36
62 29
61 86
60 82
59 54
58 40
56 88
55 93
54 95
53 42
52 87
51 75
50 87
49 54
48 78
47 79
46 89
45 97
44 22
43 14
42 52
41 88
40 94
39 96
38 14
37 89
36 67
35 67
34 61
33 68
32 39
31 37
30 34
29 77
28 49
27 38
26 85
25 68
24 65
23 98
22 99
21 64
20 25
19 38
18 61
17 87
16 88
15 56
14 34
13 65
12 45
11 23
10 44
9 77
8 100
7 25
6 28
5 92
4 10
3 61
2 41
1 57
100 48
99 67
98 68
97 44
96 26
95 63
94 11
93 29
92 29
91 52
90 83
89 80
88 85
87 95
86 62
85 75
84 20
83 83
82 36
81 58
80 11
79 34
78 57
77 20
76 71
75 95
74 40
73 13
72 75
71 100
70 73
69 41
68 24
67 69
66 22
65 39
64 54
63 48
62 45
61 61
60 87
59 85
57 66
56 13
55 80
54 76
53 22
52 30
51 73
50 97
49 24
48 76
47 55
46 38
45 77
44 15
43 23
42 17
41 29
40 90
39 69
38 63
37 65
36 35
35 41
34 47
33 76
32 62
31 40
30 40
29 87
28 63
27 50
26 85
25 18
24 88
23 24
22 88
21 21
20 26
19 51
18 52
17 42
16 49
15 56
14 90
13 64
12 36
11 47
10 47
9 72
8 10
7 67
6 35
5 70
4 23
3 78
2 12
1 58
100 15
99 63
98 75
97 90
96 94
95 94
94 83
93 52
92 80
91 68
90 72
89 71
88 39
87 96
86 65
85 59
84 23
83 61
82 71
81 99
80 76
79 71
78 93
77 29
76 18
75 33
74 97
73 33
72 83
71 88
70 50
69 15
68 23
67 59
66 43
65 62
64 91
63 67
62 14
61 91
60 72
58 62
57 41
56 88
55 23
54 50
53 92
52 50
51 47
50 98
49 33
48 18
47 57
46 40
45 57
44 47
43 30
42 68
41 41
40 57
39 38
38 47
37 89
36 13
35 15
34 60
33 99
32 69
31 13
30 40
29 40
28 25
27 82
26 67
25 22
24 56
23 20
22 84
21 58
20 34
19 32
18 37
17 60
16 61
15 56
14 100
13 82
12 26
11 70
10 57
9 48
8 53
7 72
6 32
5 35
4 61
3 62
2 30
1 15
100 39
99 81
98 61
97 32
96 67
95 78
94 10
93 23
92 25
91 51
90 99
89 73
88 88
87 35
86 51
85 60
84 64
83 47
82 31
81 70
80 17
79 80
78 66
77 61
76 11
75 77
74 97
73 15
72 80
71 14
70 83
69 23
68 26
67 82
66 33
65 63
64 72
63 74
62 32
61 73
59 39
58 33
57 62
56 99
55 75
54 61
53 41
52 84
51 36
50 35
49 15
48 86
47 62
46 49
45 52
44 90
43 90
42 97
41 62
40 48
39 21
38 36
37 87
36 21
35 87
34 64
33 85
32 71
31 48
30 14
29 44
28 34
27 81
26 81
25 67
24 17
23 34
22 35
21 29
20 17
19 27
18 22
17 21
16 29
15 41
14 14
13 16
12 60
11 84
10 45
9 38
8 43
7 81
6 93
5 79
4 25
3 58
2 44
1 57
100 63
99 41
98 98
97 40
96 73
95 44
94 75
93 76
92 85
91 47
90 23
89 78
88 65
87 58
86 16
85 38
84 87
83 81
82 32
81 73
80 63
79 20
78 90
77 63
76 17
75 94
74 87
73 63
72 100
71 56
70 77
69 63
68 41
67 50
66 74
65 24
64 41
63 75
62 61
60 84
59 31
58 70
57 93
56 88
55 49
54 25
53 21
52 81
51 66
50 76
49 89
48 17
47 78
46 26
45 34
44 75
43 55
42 45
41 72
40 49
39 80
38 13
37 48
36 70
35 62
34 44
33 51
32 28
31 72
30 92
29 12
28 80
27 43
26 78
25 96
24 87
23 60
22 67
21 10
20 18
19 46
18 41
17 12
16 100
15 41
14 36
13 19
12 91
11 81
10 66
9 27
8 15
7 63
6 87
5 35
4 98
3 53
2 68
1 77
100 32
99 29
98 67
97 72
96 71
95 94
94 32
93 64
92 58
91 69
90 33
89 63
88 68
87 58
86 69
85 73
84 79
83 53
82 69
81 48
80 59
79 42
78 53
77 62
76 80
75 79
74 75
73 58
72 68
71 75
70 47
69 48
68 65
67 28
66 38
65 24
64 96
63 57
61 34
60 75
59 53
58 46
57 73
56 80
55 59
54 92
53 91
52 24
51 60
50 64
49 70
48 90
47 92
46 100
45 69
44 11
43 54
42 40
41 53
40 76
39 46
38 90
37 14
36 76
35 36
34 11
33 34
32 44
31 17
30 53
29 46
28 14
27 63
26 90
25 62
24 53
23 77
22 84
21 49
20 76
19 28
18 58
17 88
16 38
15 41
14 48
13 20
12 14
11 45
10 85
9 43
8 64
7 17
6 22
5 51
4 88
3 22
2 95
1 27
100 30
99 57
98 82
97 49
96 54
95 55
94 90
93 26
92 14
91 61
90 37
89 54
88 78
87 77
86 100
85 52
84 75
83 20
82 69
81 59
80 50
79 90
78 29
77 70
76 92
75 96
74 88
73 60
72 20
71 84
70 69
69 42
68 45
67 37
66 60
65 90
64 55
62 74
61 50
60 33
59 58
58 25
57 51
56 76
55 19
54 76
53 49
52 20
51 47
50 95
49 59
48 37
47 61
46 25
45 99
44 19
43 97
42 89
41 32
40 84
39 48
38 93
37 99
36 73
35 12
34 39
33 10
32 41
31 35
30 50
29 44
28 98
27 82
26 36
25 56
24 47
23 61
22 44
21 91
20 72
19 13
18 62
17 97
16 86
15 11
14 16
13 16
12 67
11 70
10 72
9 76
8 48
7 33
6 43
5 79
4 93
3 36
2 28
1 10
100 65
99 79
98 81
97 13
96 28
95 36
94 49
93 43
92 35
91 28
90 72
89 72
88 76
87 64
86 48
85 98
84 17
83 39
82 48
81 29
80 77
79 58
78 26
77 23
76 12
75 100
74 64
73 21
72 21
71 14
70 76
69 68
68 80
67 78
66 88
65 10
63 34
62 19
61 57
60 93
59 71
58 78
57 39
56 90
55 76
54 37
53 54
52 74
51 76
50 30
49 87
48 18
47 79
46 55
45 80
44 24
43 75
42 31
41 35
40 11
39 51
38 38
37 82
36 63
35 39
34 76
33 27
32 61
31 26
30 58
29 35
28 19
27 29
26 45
25 31
24 58
23 17
22 45
21 18
20 74
19 62
18 98
17 59
16 22
15 35
14 60
13 15
12 49
11 51
10 75
9 34
8 44
7 91
6 71
5 52
4 65
3 32
2 31
1 82
100 26
99 24
98 25
97 10
96 100
95 10
94 60
93 61
92 13
91 52
90 79
89 70
88 38
87 17
86 69
85 13
84 67
83 70
82 87
81 78
80 17
79 59
78 58
77 34
76 61
75 81
74 85
73 58
72 64
71 36
70 10
69 86
68 83
67 92
66 80
64 91
63 45
62 69
61 35
60 33
59 65
58 80
57 49
56 31
55 61
54 66
53 24
52 31
51 57
50 32
49 23
48 59
47 48
46 49
45 42
44 62
43 26
42 72
41 31
40 17
39 72
38 79
37 100
36 16
35 98
34 22
33 22
32 20
31 22
30 72
29 68
28 95
27 90
26 61
25 53
24 78
23 61
22 26
21 96
20 23
19 72
18 64
17 85
16 25
15 47
14 54
13 91
12 29
11 23
10 30
9 82
8 67
7 60
6 24
5 75
4 53
3 73
2 64
1 93
100 11
99 76
98 31
97 21
96 51
95 61
94 24
93 93
92 41
91 16
90 13
89 87
88 74
87 48
86 91
85 72
84 22
83 23
82 16
81 64
80 95
79 70
78 69
77 41
76 43
75 89
74 35
73 94
72 75
71 90
70 67
69 86
68 51
67 17
65 61
64 23
63 16
62 71
61 30
60 85
59 84
58 40
57 80
56 83
55 26
54 29
53 56
52 34
51 38
50 43
49 40
48 98
47 35
46 74
45 48
44 16
43 10
42 78
41 80
40 23
39 50
38 88
37 21
36 98
35 11
34 50
33 54
32 65
31 10
30 85
29 88
28 73
27 72
26 60
25 54
24 36
23 83
22 32
21 44
20 60
19 58
18 40
17 63
16 53
15 79
14 97
13 57
12 53
11 97
10 43
9 84
8 72
7 83
6 47
5 51
4 92
3 27
2 68
1 18
100 59
99 55
98 75
97 49
96 66
95 63
94 95
93 97
92 92
91 94
90 54
89 49
88 86
87 92
86 42
85 44
84 13
83 25
82 13
81 99
80 48
79 17
78 81
77 60
76 90
75 83
74 20
73 66
72 66
71 65
70 91
69 97
68 61
66 88
65 30
64 12
63 31
62 12
61 62
60 60
59 96
58 63
57 12
56 73
55 25
54 96
53 44
52 99
51 43
50 29
49 81
48 86
47 45
46 62
45 54
44 41
43 53
42 48
41 100
40 88
39 32
38 17
37 95
36 25
35 63
34 70
33 28
32 38
31 40
30 31
29 31
28 29
27 43
26 98
25 25
24 20
23 51
22 28
21 68
20 33
19 49
18 71
17 52
16 81
15 64
14 69
13 29
12 82
11 50
10 37
9 62
8 18
7 35
6 92
5 42
4 96
3 36
2 55
1 26
100 45
99 73
98 21
97 63
96 26
95 71
94 32
93 29
92 64
91 19
90 62
89 33
88 29
87 23
86 34
85 49
84 67
83 77
82 21
81 36
80 81
79 74
78 93
77 56
76 88
75 93
74 47
73 36
72 94
71 54
70 29
69 82
67 27
66 30
65 25
64 19
63 45
62 59
61 89
60 33
59 95
58 79
57 29
56 93
55 41
54 48
53 95
52 32
51 64
50 37
49 20
48 26
47 96
46 36
45 55
44 70
43 89
42 30
41 46
40 30
39 33
38 53
37 82
36 85
35 81
34 92
33 58
32 94
31 39
30 47
29 26
28 32
27 50
26 92
25 46
24 79
23 24
22 77
21 71
20 58
19 98
18 46
17 93
16 12
15 18
14 20
13 29
12 53
11 79
10 88
9 72
8 63
7 83
6 94
5 68
4 16
3 42
2 87
1 82
100 50
99 33
98 79
97 31
96 54
95 21
94 56
93 73
92 49
91 27
90 63
89 77
88 77
87 39
86 68
85 78
84 76
83 61
82 18
81 36
80 43
79 48
78 66
77 46
76 37
75 74
74 18
73 62
72 48
71 70
70 51
68 95
67 67
66 63
65 33
64 46
63 39
62 69
61 80
60 13
59 11
58 37
57 92
56 50
55 34
54 84
53 43
52 36
51 45
50 88
49 69
48 69
47 99
46 26
45 16
44 40
43 69
42 42
41 55
40 32
39 77
38 67
37 46
36 61
35 69
34 61
33 71
32 21
31 14
30 87
29 54
28 93
27 80
26 70
25 10
24 97
23 22
22 29
21 86
20 62
19 47
18 76
17 92
16 19
15 55
14 60
13 40
12 66
11 52
10 42
9 71
8 63
7 87
6 71
5 21
4 15
3 60
2 14
1 94
100 91
99 29
98 28
97 20
96 95
95 22
94 62
93 16
92 41
91 49
90 32
89 46
88 24
87 25
86 31
85 65
84 56
83 97
82 100
81 32
80 59
79 99
78 77
77 62
76 68
75 84
74 48
73 89
72 13
71 28
69 84
68 95
67 47
66 73
65 71
64 87
63 50
62 26
61 93
60 75
59 16
58 50
57 59
56 10
55 76
54 88
53 17
52 61
51 96
50 60
49 20
48 64
47 33
46 46
45 24
44 46
43 47
42 55
41 84
40 88
39 71
38 22
37 82
36 15
35 47
34 90
33 28
32 30
31 84
30 24
29 29
28 13
27 42
26 17
25 34
24 75
23 28
22 54
21 80
20 29
19 24
18 35
17 74
16 12
15 20
14 53
13 96
12 78
11 53
10 41
9 31
8 12
7 73
6 71
5 61
4 58
3 42
2 50
1 56
100 85
99 51
98 17
97 23
96 55
95 91
94 75
93 68
92 98
91 52
90 61
89 46
88 59
87 66
86 95
85 92
84 70
83 59
82 48
81 24
80 51
79 26
78 91
77 88
76 37
75 77
74 83
73 53
72 61
70 74
69 15
68 94
67 14
66 95
65 60
64 47
63 91
62 74
61 58
60 100
59 17
58 63
57 24
56 46
55 63
54 60
53 93
52 23
51 35
50 22
49 38
48 89
47 92
46 92
45 42
44 45
43 15
42 29
41 41
40 73
39 72
38 37
37 37
36 35
35 65
34 81
33 77
32 30
31 53
30 54
29 46
28 26
27 40
26 87
25 24
24 45
23 27
22 17
21 17
20 63
19 60
18 96
17 82
16 44
15 37
14 53
13 20
12 32
11 76
10 12
9 22
8 60
7 26
6 71
5 92
4 52
3 40
2 62
1 98
100 25
99 36
98 67
97 17
96 66
95 12
94 41
93 54
92 55
91 93
90 86
89 53
88 79
87 89
86 88
85 15
84 48
83 59
82 37
81 98
80 67
79 37
78 80
77 14
76 91
75 69
74 28
73 76
71 98
70 48
69 39
68 63
67 35
66 50
65 68
64 30
63 73
62 33
61 49
60 44
59 71
58 19
57 28
56 95
55 42
54 95
53 18
52 41
51 38
50 54
49 83
48 40
47 42
46 83
45 59
44 95
43 65
42 38
41 87
40 49
39 30
38 20
37 39
36 19
35 59
34 35
33 74
32 41
31 61
30 40
29 62
28 85
27 83
26 45
25 16
24 82
23 96
22 22
21 93
20 41
19 92
18 50
17 19
16 57
15 58
14 33
13 70
12 88
11 72
10 28
9 77
8 64
7 22
6 83
5 73
4 62
3 32
2 38
1 90
100 86
99 72
98 22
97 46
96 86
95 92
94 22
93 58
92 11
91 90
90 94
89 33
88 61
87 80
86 23
85 56
84 52
83 66
82 23
81 35
80 91
79 70
78 78
77 19
76 10
75 67
74 55
72 23
71 42
70 29
69 12
68 48
67 56
66 75
65 81
64 28
63 98
62 65
61 24
60 38
59 16
58 65
57 16
56 37
55 14
54 43
53 59
52 98
51 52
50 34
49 71
48 53
47 62
46 81
45 56
44 10
43 23
42 81
41 28
40 20
39 64
38 49
37 14
36 28
35 56
34 76
33 30
32 36
31 64
30 83
29 94
28 18
27 79
26 70
25 81
24 70
23 46
22 66
21 83
20 21
19 88
18 13
17 55
16 19
15 88
14 86
13 45
12 54
11 85
10 33
9 11
8 33
7 91
6 16
5 11
4 73
3 91
2 90
1 76
100 82
99 87
98 33
97 62
96 67
95 60
94 27
93 45
92 47
91 60
90 81
89 57
88 46
87 42
86 94
85 84
84 68
83 86
82 18
81 21
80 82
79 26
78 13
77 30
76 86
75 98
73 26
72 80
71 93
70 12
69 93
68 17
67 85
66 99
65 28
64 59
63 16
62 80
61 97
60 43
59 39
58 41
57 59
56 37
55 43
54 92
53 54
52 29
51 85
50 40
49 50
48 52
47 75
46 71
45 50
44 58
43 71
42 98
41 98
40 64
39 50
38 57
37 74
36 97
35 29
34 10
33 25
32 11
31 59
30 73
29 30
28 40
27 89
26 57
25 66
24 42
23 70
22 76
21 21
20 32
19 77
18 94
17 42
16 83
15 64
14 83
13 38
12 71
11 78
10 85
9 28
8 16
7 53
6 27
5 50
4 60
3 83
2 58
1 24
100 19
99 47
98 12
97 86
96 51
95 45
94 79
93 39
92 59
91 58
90 62
89 50
88 83
87 74
86 71
85 28
84 12
83 10
82 95
81 15
80 58
79 13
78 21
77 24
76 53
74 40
73 64
72 41
71 27
70 72
69 78
68 57
67 73
66 86
65 16
64 81
63 54
62 45
61 49
60 97
59 29
58 73
57 35
56 30
55 30
54 86
53 28
52 19
51 57
50 45
49 29
48 36
47 75
46 72
45 41
44 20
43 11
42 71
41 69
40 91
39 21
38 12
37 90
36 13
35 93
34 53
33 87
32 24
31 99
30 56
29 62
28 90
27 21
26 47
25 38
24 29
23 21
22 41
21 71
20 92
19 31
18 85
17 39
16 25
15 94
14 57
13 78
12 51
11 14
10 49
9 83
8 67
7 17
6 13
5 25
4 58
3 46
2 87
1 86
100 65
99 70
98 77
97 37
96 38
95 88
94 99
93 25
92 21
91 25
90 97
89 88
88 33
87 73
86 22
85 29
84 70
83 89
82 91
81 77
80 27
79 75
78 62
77 29
75 66
74 42
73 56
72 96
71 70
70 43
69 16
68 50
67 64
66 84
65 77
64 42
63 93
62 15
61 74
60 27
59 94
58 44
57 17
56 23
55 97
54 97
53 40
52 78
51 88
50 15
49 64
48 88
47 20
46 89
45 32
44 61
43 35
42 89
41 29
40 62
39 60
38 87
37 77
36 10
35 70
34 62
33 32
32 21
31 13
30 63
29 17
28 76
27 64
26 18
25 24
24 98
23 46
22 58
21 65
20 73
19 75
18 10
17 70
16 76
15 51
14 49
13 52
12 55
11 30
10 89
9 20
8 78
7 64
6 87
5 16
4 13
3 78
2 40
1 71
100 36
99 28
98 19
97 70
96 44
95 53
94 14
93 40
92 88
91 17
90 40
89 40
88 27
87 41
86 66
85 86
84 93
83 89
82 17
81 40
80 12
79 17
78 30
76 43
75 21
74 50
73 46
72 67
71 52
70 50
69 19
68 94
67 47
66 80
65 88
64 40
63 69
62 94
61 96
60 77
59 60
58 33
57 79
56 43
55 49
54 46
53 85
52 65
51 86
50 30
49 67
48 75
47 18
46 22
45 19
44 45
43 71
42 35
41 96
40 34
39 87
38 14
37 15
36 47
35 66
34 90
33 57
32 90
31 99
30 83
29 85
28 54
27 15
26 98
25 57
24 18
23 45
22 26
21 28
20 15
19 49
18 41
17 84
16 30
15 12
14 23
13 11
12 96
11 39
10 56
9 100
8 63
7 54
6 62
5 94
4 60
3 72
2 21
1 23
100 60
99 32
98 81
97 11
96 40
95 87
94 73
93 18
92 56
91 79
90 12
89 46
88 37
87 47
86 34
85 29
84 45
83 86
82 88
81 64
80 92
79 32
77 32
76 41
75 75
74 36
73 34
72 45
71 54
70 61
69 88
68 95
67 23
66 42
65 40
64 12
63 15
62 26
61 30
60 61
59 81
58 49
57 25
56 29
55 13
54 79
53 22
52 70
51 56
50 28
49 36
48 15
47 63
46 18
45 78
44 51
43 46
42 32
41 12
40 100
39 90
38 31
37 12
36 68
35 75
34 16
33 18
32 26
31 66
30 99
29 92
28 57
27 14
26 90
25 13
24 18
23 32
22 13
21 100
20 96
19 31
18 63
17 42
16 26
15 19
14 16
13 71
12 17
11 49
10 100
9 26
8 66
7 44
6 11
5 90
4 54
3 79
2 76
1 52
100 29
99 38
98 21
97 71
96 41
95 85
94 52
93 69
92 24
91 11
90 95
89 79
88 94
87 66
86 68
85 98
84 96
83 34
82 50
81 46
80 66
78 81
77 71
76 25
75 93
74 63
73 24
72 57
71 78
70 95
69 59
68 17
67 54
66 95
65 53
64 19
63 19
62 27
61 34
60 79
59 85
58 33
57 54
56 48
55 50
54 76
53 66
52 38
51 10
50 83
49 74
48 72
47 10
46 45
45 67
44 76
43 37
42 14
41 61
40 21
39 55
38 88
37 43
36 80
35 88
34 52
33 95
32 17
31 24
30 91
29 57
28 45
27 18
26 89
25 81
24 80
23 80
22 14
21 77
20 43
19 97
18 89
17 48
16 17
15 11
14 50
13 100
12 58
11 36
10 37
9 20
8 15
7 32
6 46
5 44
4 60
3 24
2 56
1 40
100 87
99 11
98 93
97 69
96 13
95 30
94 72
93 68
92 98
91 94
90 91
89 61
88 24
87 67
86 74
85 81
84 28
83 70
82 48
81 54
79 50
78 96
77 10
76 29
75 16
74 87
73 38
72 83
71 55
70 55
69 73
68 69
67 87
66 32
65 51
64 36
63 29
62 74
61 30
60 13
59 17
58 21
57 25
56 70
55 20
54 60
53 54
52 96
51 55
50 41
49 59
48 63
47 86
46 58
45 69
44 83
43 12
42 13
41 60
40 16
39 95
38 56
37 91
36 57
35 28
34 34
33 98
32 99
31 69
30 52
29 47
28 49
27 44
26 29
25 37
24 54
23 28
22 58
21 37
20 10
19 64
18 90
17 19
16 61
15 74
14 99
13 37
12 85
11 51
10 83
9 100
8 34
7 86
6 32
5 54
4 47
3 39
2 55
1 88
100 30
99 90
98 56
97 86
96 50
95 47
94 86
93 53
92 58
91 22
90 22
89 23
88 89
87 73
86 76
85 24
84 38
83 26
82 96
80 75
79 85
78 99
77 98
76 21
75 39
74 34
73 30
72 96
71 61
70 14
69 50
68 64
67 99
66 60
65 66
64 52
63 91
62 43
61 61
60 84
59 11
58 66
57 29
56 55
55 91
54 91
53 32
52 62
51 52
50 70
49 78
48 54
47 76
46 58
45 82
44 80
43 29
42 27
41 67
40 35
39 85
38 28
37 15
36 49
35 19
34 28
33 73
32 24
31 75
30 13
29 73
28 12
27 95
26 47
25 75
24 41
23 56
22 76
21 43
20 73
19 23
18 19
17 70
16 35
15 53
14 76
13 14
12 21
11 25
10 72
9 11
8 18
7 11
6 73
5 28
4 99
3 31
2 55
1 30
100 84
99 30
98 93
97 92
96 31
95 69
94 99
93 63
92 12
91 48
90 90
89 91
88 26
87 50
86 54
85 19
84 62
83 97
81 36
80 59
79 86
78 23
77 36
76 39
75 32
74 18
73 28
72 34
71 52
70 45
69 97
68 49
67 63
66 100
65 32
64 89
63 96
62 31
61 48
60 66
59 54
58 30
57 72
56 70
55 25
54 77
53 15
52 90
51 73
50 64
49 65
48 73
47 77
46 99
45 72
44 80
43 34
42 78
41 85
40 65
39 33
38 84
37 10
36 39
35 55
34 29
33 65
32 42
31 31
30 28
29 55
28 34
27 61
26 73
25 94
24 94
23 85
22 96
21 39
20 46
19 11
18 65
17 10
16 30
15 81
14 19
13 28
12 14
11 34
10 17
9 23
8 56
7 11
6 76
5 56
4 70
3 39
2 10
1 97
100 94
99 45
98 44
97 64
96 86
95 19
94 72
93 61
92 23
91 27
90 94
89 69
88 31
87 74
86 50
85 12
84 82
82 36
81 58
80 33
79 57
78 86
77 64
76 35
75 12
74 41
73 58
72 95
71 72
70 76
69 64
68 76
67 18
66 48
65 45
64 100
63 43
62 23
61 28
60 14
59 54
58 25
57 74
56 68
55 58
54 99
53 91
52 73
51 11
50 96
49 28
48 25
47 89
46 81
45 60
44 47
43 88
42 74
41 92
40 17
39 54
38 13
37 76
36 66
35 56
34 76
33 97
32 68
31 65
30 60
29 91
28 44
27 66
26 34
25 51
24 72
23 40
22 11
21 63
20 24
19 30
18 89
17 65
16 74
15 79
14 67
13 18
12 70
11 41
10 65
9 28
8 58
7 85
6 50
5 46
4 81
3 62
2 90
1 49
100 42
99 32
98 39
97 78
96 79
95 29
94 51
93 58
92 29
91 34
90 65
89 47
88 91
87 85
86 56
85 16
83 78
82 42
81 58
80 29
79 55
78 33
77 68
76 58
75 82
74 88
73 34
72 78
71 27
70 32
69 64
68 56
67 44
66 72
65 72
64 86
63 16
62 92
61 46
60 86
59 24
58 36
57 99
56 52
55 29
54 48
53 74
52 30
51 93
50 79
49 20
48 59
47 81
46 23
45 41
44 74
43 76
42 22
41 11
40 28
39 98
38 74
37 95
36 51
35 70
34 85
33 82
32 17
31 95
30 18
29 87
28 17
27 50
26 99
25 90
24 11
23 11
22 84
21 63
20 33
19 50
18 58
17 30
16 34
15 64
14 93
13 97
12 60
11 42
10 55
9 63
8 47
7 100
6 96
5 56
4 27
3 37
2 63
1 34
100 55
99 42
98 27
97 17
96 55
95 95
94 43
93 11
92 42
91 52
90 48
89 29
88 15
87 46
86 32
84 43
83 56
82 48
81 30
80 62
79 70
78 38
77 15
76 54
75 76
74 75
73 36
72 49
71 88
70 36
69 63
68 91
67 90
66 50
65 83
64 55
63 27
62 10
61 92
60 16
59 66
58 92
57 77
56 81
55 17
54 72
53 46
52 98
51 86
50 31
49 23
48 81
47 61
46 82
45 18
44 82
43 32
42 29
41 95
40 81
39 30
38 47
37 48
36 15
35 100
34 26
33 27
32 63
31 66
30 64
29 84
28 69
27 18
26 99
25 62
24 45
23 57
22 63
21 38
20 100
19 75
18 47
17 82
16 40
15 41
14 17
13 88
12 42
11 15
10 53
9 90
8 29
7 42
6 43
5 47
4 69
3 39
2 13
1 61
100 73
99 81
98 73
97 23
96 36
95 24
94 32
93 28
92 19
91 44
90 46
89 90
88 59
87 43
85 34
84 83
83 89
82 48
81 47
80 16
79 76
78 30
77 31
76 24
75 68
74 49
73 28
72 60
71 72
70 24
69 17
68 45
67 27
66 11
65 45
64 98
63 62
62 15
61 18
60 47
59 27
58 27
57 38
56 81
55 79
54 41
53 82
52 76
51 77
50 89
49 58
48 18
47 24
46 34
45 37
44 38
43 81
42 13
41 47
40 56
39 61
38 56
37 19
36 61
35 58
34 50
33 36
32 21
31 62
30 55
29 37
28 34
27 66
26 66
25 71
24 17
23 10
22 93
21 95
20 12
19 82
18 64
17 38
16 95
15 52
14 49
13 41
12 21
11 96
10 53
9 68
8 53
7 80
6 58
5 23
4 14
3 73
2 48
1 90
100 43
99 25
98 46
97 24
96 96
95 67
94 14
93 83
92 22
91 13
90 64
89 89
88 97
86 81
85 76
84 43
83 62
82 79
81 98
80 33
79 18
78 35
77 27
76 54
75 79
74 63
73 58
72 26
71 39
70 85
69 31
68 16
67 25
66 24
65 60
64 99
63 13
62 15
61 73
60 66
59 37
58 42
57 89
56 71
55 20
54 31
53 38
52 41
51 17
50 80
49 32
48 36
47 23
46 20
45 26
44 66
43 90
42 17
41 65
40 25
39 35
38 35
37 46
36 14
35 88
34 68
33 88
32 30
31 59
30 43
29 76
28 60
27 79
26 37
25 47
24 33
23 97
22 77
21 71
20 46
19 23
18 55
17 56
16 44
15 18
14 43
13 97
12 27
11 41
10 45
9 70
8 73
7 85
6 92
5 37
4 92
3 76
2 91
1 77
100 97
99 28
98 27
97 99
96 27
95 89
94 30
93 40
92 52
91 76
90 100
89 35
87 11
86 83
85 40
84 68
83 92
82 34
81 77
80 86
79 81
78 52
77 30
76 84
75 54
74 66
73 26
72 55
71 39
70 27
69 82
68 67
67 83
66 11
65 47
64 84
63 50
62 97
61 43
60 86
59 64
58 59
57 50
56 34
55 31
54 10
53 24
52 23
51 51
50 59
49 21
48 93
47 100
46 54
45 32
44 33
43 86
42 21
41 36
40 100
39 30
38 50
37 86
36 23
35 86
34 50
33 26
32 28
31 88
30 71
29 41
28 88
27 59
26 22
25 85
24 28
23 86
22 52
21 74
20 41
19 98
18 10
17 45
16 67
15 53
14 24
13 28
12 61
11 32
10 88
9 13
8 77
7 97
6 49
5 10
4 52
3 66
2 12
1 23
100 42
99 90
98 75
97 45
96 42
95 90
94 18
93 12
92 85
91 22
90 44
88 80
87 91
86 22
85 36
84 49
83 11
82 61
81 44
80 16
79 28
78 57
77 75
76 46
75 35
74 94
73 85
72 35
71 23
70 74
69 79
68 32
67 57
66 26
65 73
64 36
63 13
62 24
61 77
60 95
59 91
58 22
57 63
56 29
55 84
54 50
53 15
52 91
51 84
50 60
49 46
48 37
47 97
46 32
45 22
44 23
43 74
42 73
41 45
40 44
39 28
38 19
37 33
36 93
35 82
34 79
33 35
32 97
31 93
30 76
29 67
28 33
27 89
26 46
25 100
24 46
23 87
22 54
21 60
20 62
19 30
18 59
17 22
16 95
15 64
14 62
13 67
12 63
11 70
10 16
9 75
8 32
7 76
6 51
5 27
4 71
3 72
2 19
1 16
100 40
99 63
98 23
97 65
96 19
95 49
94 34
93 25
92 69
91 38
89 60
88 66
87 63
86 12
85 48
84 39
83 27
82 59
81 84
80 60
79 59
78 63
77 30
76 95
75 39
74 66
73 47
72 68
71 27
70 27
69 77
68 59
67 62
66 85
65 69
64 76
63 36
62 17
61 48
60 96
59 18
58 12
57 85
56 31
55 68
54 29
53 81
52 54
51 31
50 60
49 56
48 70
47 53
46 78
45 87
44 28
43 63
42 30
41 84
40 81
39 63
38 26
37 56
36 83
35 44
34 41
33 90
32 70
31 78
30 86
29 70
28 12
27 28
26 36
25 80
24 23
23 84
22 55
21 32
20 29
19 13
18 49
17 59
16 54
15 38
14 22
13 14
12 84
11 98
10 39
9 21
8 66
7 70
6 90
5 68
4 93
3 56
2 84
1 84
100 72
99 81
98 84
97 68
96 82
95 71
94 100
93 36
92 92
90 20
89 51
88 89
87 96
86 33
85 29
84 52
83 75
82 50
81 82
80 35
79 81
78 49
77 25
76 65
75 38
74 25
73 13
72 23
71 69
70 95
69 83
68 15
67 16
66 72
65 45
64 28
63 65
62 32
61 85
60 44
59 87
58 99
57 41
56 35
55 95
54 74
53 67
52 25
51 93
50 14
49 18
48 50
47 59
46 72
45 79
44 35
43 35
42 23
41 71
40 59
39 21
38 14
37 18
36 83
35 69
34 54
33 56
32 22
31 62
30 99
29 68
28 65
27 91
26 18
25 62
24 56
23 18
22 65
21 40
20 24
19 91
18 71
17 34
16 22
15 53
14 26
13 24
12 86
11 23
10 98
9 100
8 46
7 18
6 92
5 95
4 50
3 54
2 12
1 14
100 80
99 80
98 32
97 49
96 18
95 94
94 43
93 51
91 81
90 79
89 17
88 99
87 81
86 34
85 97
84 85
83 37
82 77
81 80
80 20
79 86
78 31
77 29
76 81
75 59
74 39
73 94
72 98
71 67
70 19
69 16
68 53
67 42
66 34
65 17
64 61
63 98
62 15
61 25
60 36
59 29
58 41
57 51
56 53
55 46
54 43
53 99
52 66
51 15
50 32
49 32
48 47
47 70
46 45
45 77
44 100
43 65
42 47
41 90
40 94
39 14
38 69
37 19
36 15
35 78
34 42
33 90
32 56
31 94
30 58
29 46
28 53
27 19
26 52
25 67
24 80
23 94
22 66
21 87
20 20
19 85
18 59
17 50
16 29
15 11
14 79
13 66
12 84
11 92
10 23
9 46
8 51
7 79
6 54
5 60
4 60
3 53
2 87
1 91
100 90
99 13
98 92
97 35
96 93
95 37
94 63
92 27
91 25
90 15
89 70
88 20
87 91
86 90
85 44
84 14
83 16
82 40
81 72
80 30
79 35
78 21
77 47
76 12
75 92
74 29
73 32
72 73
71 15
70 48
69 63
68 22
67 76
66 54
65 49
64 69
63 40
62 11
61 98
60 89
59 86
58 95
57 31
56 98
55 54
54 89
53 11
52 54
51 40
50 42
49 98
48 65
47 77
46 67
45 28
44 93
43 28
42 34
41 27
40 16
39 27
38 36
37 46
36 59
35 75
34 88
33 43
32 25
31 24
30 88
29 84
28 12
27 96
26 86
25 91
24 61
23 51
22 38
21 100
20 99
19 12
18 52
17 51
16 74
15 86
14 11
13 91
12 54
11 87
10 43
9 68
8 55
7 84
6 80
5 33
4 43
3 29
2 35
1 59
100 75
99 21
98 77
97 88
96 59
95 16
93 15
92 46
91 24
90 10
89 65
88 68
87 10
86 79
85 68
84 72
83 75
82 26
81 91
80 52
79 67
78 51
77 55
76 78
75 19
74 28
73 63
72 83
71 53
70 84
69 41
68 70
67 62
66 77
65 42
64 87
63 92
62 80
61 67
60 23
59 14
58 37
57 74
56 32
55 78
54 15
53 54
52 99
51 87
50 79
49 29
48 57
47 88
46 22
45 81
44 54
43 25
42 43
41 84
40 73
39 42
38 89
37 85
36 54
35 29
34 55
33 53
32 65
31 15
30 78
29 23
28 73
27 12
26 46
25 29
24 18
23 17
22 61
21 51
20 83
19 90
18 91
17 44
16 96
15 28
14 94
13 73
12 89
11 38
10 16
9 32
8 97
7 41
6 46
5 26
4 29
3 60
2 41
1 73
100 40
99 58
98 71
97 60
96 45
94 96
93 86
92 28
91 13
90 94
89 75
88 52
87 16
86 54
85 86
84 27
83 14
82 70
81 75
80 40
79 73
78 36
77 11
76 30
75 87
74 22
73 97
72 12
71 73
70 47
69 58
68 49
67 42
66 42
65 38
64 93
63 22
62 65
61 81
60 58
59 70
58 74
57 19
56 31
55 94
54 50
53 69
52 21
51 52
50 57
49 86
48 56
47 17
46 93
45 18
44 83
43 13
42 45
41 38
40 51
39 14
38 14
37 36
36 56
35 49
34 37
33 42
32 41
31 37
30 94
29 84
28 52
27 17
26 30
25 12
24 10
23 63
22 55
21 66
20 26
19 28
18 88
17 73
16 62
15 43
14 67
13 48
12 72
11 63
10 87
9 97
8 87
7 58
6 36
5 22
4 51
3 62
2 29
1 45
100 62
99 76
98 99
97 62
95 36
94 81
93 34
92 58
91 51
90 18
89 26
88 31
87 13
86 81
85 16
84 97
83 13
82 19
81 49
80 55
79 44
78 54
77 58
76 74
75 40
74 77
73 12
72 68
71 63
70 100
69 16
68 26
67 45
66 88
65 94
64 97
63 21
62 35
61 14
60 38
59 65
58 50
57 98
56 89
55 46
54 18
53 95
52 80
51 58
50 20
49 36
48 82
47 83
46 17
45 98
44 68
43 12
42 19
41 14
40 34
39 92
38 17
37 39
36 51
35 28
34 45
33 44
32 28
31 62
30 77
29 36
28 74
27 47
26 21
25 27
24 15
23 87
22 37
21 65
20 57
19 30
18 12
17 92
16 42
15 19
14 12
13 26
12 70
11 22
10 99
9 80
8 33
7 32
6 66
5 35
4 68
3 75
2 72
1 68
100 35
99 31
98 62
96 57
95 42
94 36
93 77
92 56
91 24
90 21
89 24
88 85
87 19
86 86
85 21
84 21
83 22
82 47
81 62
80 59
79 76
78 90
77 69
76 52
75 97
74 27
73 64
72 69
71 35
70 43
69 80
68 55
67 65
66 70
65 85
64 31
63 99
62 49
61 76
60 49
59 13
58 67
57 100
56 95
55 63
54 93
53 60
52 89
51 37
50 95
49 76
48 78
47 33
46 25
45 92
44 21
43 66
42 75
41 39
40 99
39 75
38 60
37 95
36 26
35 49
34 13
33 58
32 94
31 100
30 96
29 69
28 61
27 21
26 72
25 80
24 85
23 81
22 87
21 64
20 71
19 74
18 84
17 65
16 32
15 26
14 69
13 61
12 71
11 63
10 50
9 86
8 69
7 50
6 28
5 68
4 23
3 59
2 22
1 49
100 87
99 71
97 26
96 96
95 14
94 23
93 17
92 78
91 81
90 91
89 29
88 17
87 95
86 44
85 95
84 20
83 88
82 35
81 32
80 76
79 90
78 55
77 100
76 35
75 18
74 39
73 48
72 36
71 93
70 54
69 42
68 26
67 64
66 64
65 74
64 91
63 51
62 72
61 79
60 94
59 87
58 91
57 75
56 96
55 92
54 73
53 39
52 96
51 73
50 76
49 87
48 59
47 78
46 75
45 80
44 57
43 31
42 44
41 58
40 71
39 60
38 43
37 48
36 31
35 34
34 72
33 28
32 59
31 50
30 39
29 70
28 21
27 71
26 10
25 49
24 55
23 77
22 64
21 97
20 41
19 53
18 78
17 83
16 74
15 74
14 26
13 65
12 49
11 82
10 11
9 23
8 79
7 58
6 91
5 64
4 45
3 35
2 10
1 67
100 93
98 32
97 28
96 79
95 96
94 18
93 59
92 52
91 41
90 16
89 56
88 68
87 73
86 66
85 30
84 78
83 93
82 33
81 72
80 88
79 86
78 18
77 24
76 38
75 46
74 72
73 16
72 73
71 71
70 63
69 57
68 29
67 12
66 82
65 90
64 44
63 97
62 89
61 75
60 62
59 99
58 40
57 78
56 18
55 53
54 13
53 74
52 11
51 88
50 63
49 91
48 79
47 52
46 71
45 11
44 12
43 77
42 42
41 18
40 65
39 13
38 93
37 52
36 89
35 86
34 55
33 42
32 77
31 15
30 47
29 40
28 67
27 52
26 63
25 11
24 18
23 84
22 13
21 47
20 55
19 15
18 10
17 64
16 85
15 32
14 35
13 60
12 82
11 13
10 41
9 88
8 11
7 43
6 27
5 81
4 80
3 69
2 73
1 60
99 31
98 29
97 72
96 36
95 36
94 15
93 91
92 58
91 50
90 43
89 28
88 75
87 28
86 100
85 62
84 79
83 77
82 81
81 33
80 94
79 87
78 85
77 80
76 41
75 72
74 76
73 98
72 36
71 12
70 23
69 93
68 81
67 45
66 54
65 59
64 23
63 98
62 98
61 73
60 45
59 33
58 85
57 99
56 13
55 10
54 70
53 29
52 84
51 50
50 30
49 69
48 21
47 95
46 69
45 88
44 33
43 72
42 68
41 31
40 91
39 36
38 43
37 91
36 42
35 31
34 92
33 86
32 50
31 48
30 93
29 37
28 46
27 85
26 68
25 15
24 71
23 94
22 13
21 58
20 51
19 98
18 32
17 90
16 41
15 62
14 91
13 78
12 43
11 90
10 38
9 40
8 22
7 70
6 99
5 44
4 55
3 17
2 71
1 71
61
24
1 61 
1 42 
3 25 15 82 
3 51 84 69 
1 32 
4 55 75 35 96 
1 77 
1 4 
3 26 83 86 
4 45 10 57 44 
1 37 
2 2 36 
3 43 18 67 
1 88 
4 48 30 41 27 
1 62 
1 19 
3 73 85 68 
3 89 50 38 
2 80 16 
1 39 
1 49 
2 21 72 
1 31 
2 91 29 
2 76 74 
1 33 
3 54 8 56 
2 71 53 
2 81 65 
2 9 11 
2 60 98 
1 97 
1 34 
1 14 
3 70 92 87 
2 94 52 
4 22 95 47 99 
1 40 
3 23 64 24 
