100 9900 10 100 60
99
99
99
99
99
99
99
99
99
99
99
99
99
99
99
99
99
99
99
99
99
99
99
99
99
99
99
99
99
99
99
99
99
99
99
99
99
99
99
99
99
99
99
99
99
99
99
99
99
99
99
99
99
99
99
99
99
99
99
99
99
99
99
99
99
99
99
99
99
99
99
99
99
99
99
99
99
99
99
99
99
99
99
99
99
99
99
99
99
99
99
99
99
99
99
99
99
99
99
99
100 68
99 80
98 57
97 42
96 97
95 16
94 68
93 64
92 25
91 45
90 25
89 50
88 84
87 53
86 23
85 86
84 37
83 63
82 96
81 28
80 74
79 94
78 32
77 29
76 36
75 41
74 44
73 48
72 67
71 23
70 75
69 16
68 53
67 51
66 48
65 78
64 57
63 68
62 41
61 74
60 28
59 68
58 94
57 67
56 50
55 78
54 85
53 51
52 99
51 45
50 42
49 20
48 10
47 50
46 50
45 69
44 40
43 54
42 100
41 51
40 75
39 29
38 36
37 36
36 90
35 65
34 84
33 79
32 69
31 81
30 82
29 27
28 97
27 15
26 13
25 14
24 25
23 45
22 73
21 49
20 91
19 35
18 98
17 28
16 51
15 73
14 84
13 24
12 14
11 41
10 93
9 71
8 78
7 93
6 20
5 51
4 89
3 72
2 74
100 35
99 15
98 33
97 53
96 91
95 17
94 64
93 95
92 25
91 11
90 51
89 45
88 94
87 16
86 23
85 29
84 82
83 56
82 25
81 99
80 75
79 60
78 88
77 88
76 85
75 99
74 53
73 27
72 83
71 94
70 46
69 50
68 79
67 56
66 60
65 13
64 62
63 86
62 12
61 13
60 100
59 15
58 87
57 89
56 31
55 38
54 25
53 95
52 17
51 21
50 89
49 24
48 42
47 52
46 99
45 29
44 68
43 78
42 47
41 55
40 30
39 32
38 76
37 72
36 19
35 69
34 62
33 88
32 37
31 37
30 63
29 77
28 10
27 74
26 93
25 83
24 59
23 49
22 68
21 72
20 57
19 56
18 43
17 52
16 88
15 84
14 45
13 70
12 84
11 81
10 78
9 24
8 55
7 43
6 22
5 82
4 91
3 32
1 29
100 75
99 33
98 96
97 62
96 28
95 71
94 76
93 66
92 68
91 21
90 64
89 43
88 37
87 48
86 15
85 14
84 57
83 95
82 69
81 51
80 22
79 18
78 55
77 95
76 72
75 12
74 23
73 13
72 81
71 17
70 53
69 70
68 28
67 45
66 31
65 12
64 70
63 84
62 81
61 81
60 91
59 58
58 80
57 93
56 70
55 11
54 33
53 20
52 58
51 10
50 50
49 76
48 33
47 19
46 19
45 44
44 47
43 90
42 32
41 16
40 63
39 14
38 56
37 79
36 90
35 75
34 36
33 42
32 39
31 93
30 22
29 81
28 12
27 58
26 10
25 88
24 79
23 75
22 74
21 23
20 93
19 79
18 43
17 11
16 34
15 86
14 12
13 78
12 51
11 42
10 92
9 39
8 11
7 91
6 31
5 56
4 63
2 89
1 23
100 89
99 21
98 24
97 86
96 18
95 51
94 63
93 70
92 34
91 93
90 14
89 78
88 28
87 47
86 73
85 78
84 25
83 42
82 26
81 18
80 31
79 100
78 100
77 39
76 97
75 59
74 38
73 24
72 80
71 79
70 54
69 42
68 86
67 93
66 47
65 11
64 95
63 49
62 89
61 17
60 84
59 40
58 39
57 91
56 80
55 79
54 67
53 45
52 93
51 92
50 51
49 23
48 47
47 73
46 75
45 50
44 69
43 36
42 75
41 31
40 43
39 22
38 46
37 69
36 62
35 34
34 94
33 39
32 17
31 90
30 89
29 72
28 33
27 39
26 18
25 64
24 28
23 58
22 89
21 30
20 72
19 55
18 36
17 44
16 83
15 64
14 92
13 88
12 69
11 75
10 36
9 72
8 68
7 42
6 46
5 54
3 57
2 72
1 56
100 17
99 92
98 96
97 73
96 63
95 47
94 46
93 51
92 74
91 78
90 66
89 47
88 83
87 75
86 12
85 66
84 15
83 33
82 70
81 45
80 34
79 95
78 34
77 98
76 42
75 49
74 10
73 99
72 100
71 72
70 24
69 73
68 21
67 58
66 36
65 42
64 21
63 27
62 40
61 19
60 65
59 64
58 80
57 64
56 99
55 81
54 54
53 57
52 16
51 95
50 100
49 52
48 48
47 64
46 25
45 32
44 93
43 51
42 69
41 15
40 55
39 61
38 70
37 64
36 89
35 82
34 53
33 17
32 29
31 68
30 62
29 80
28 33
27 86
26 58
25 20
24 36
23 57
22 18
21 56
20 99
19 53
18 60
17 86
16 55
15 26
14 13
13 100
12 84
11 45
10 84
9 48
8 87
7 21
6 18
4 76
3 59
2 83
1 67
100 82
99 42
98 66
97 42
96 75
95 25
94 87
93 63
92 89
91 39
90 96
89 93
88 18
87 30
86 78
85 64
84 43
83 69
82 28
81 22
80 13
79 98
78 48
77 70
76 43
75 66
74 53
73 52
72 69
71 60
70 98
69 78
68 58
67 53
66 62
65 46
64 99
63 43
62 22
61 47
60 88
59 19
58 18
57 62
56 50
55 82
54 22
53 61
52 39
51 97
50 20
49 87
48 12
47 49
46 99
45 37
44 47
43 19
42 54
41 37
40 43
39 68
38 72
37 94
36 85
35 51
34 49
33 93
32 61
31 88
30 87
29 48
28 55
27 59
26 24
25 50
24 61
23 56
22 91
21 42
20 46
19 68
18 15
17 70
16 53
15 56
14 99
13 54
12 52
11 56
10 92
9 77
8 95
7 70
5 97
4 34
3 33
2 95
1 20
100 30
99 81
98 74
97 96
96 91
95 33
94 16
93 91
92 50
91 41
90 10
89 20
88 52
87 23
86 83
85 35
84 53
83 56
82 32
81 23
80 22
79 36
78 73
77 12
76 79
75 49
74 13
73 47
72 63
71 94
70 27
69 25
68 27
67 85
66 16
65 38
64 77
63 86
62 63
61 88
60 32
59 54
58 76
57 83
56 35
55 45
54 35
53 25
52 18
51 60
50 76
49 83
48 19
47 32
46 39
45 78
44 21
43 57
42 18
41 59
40 10
39 67
38 48
37 10
36 27
35 44
34 94
33 60
32 19
31 67
30 31
29 20
28 67
27 73
26 87
25 16
24 73
23 42
22 82
21 94
20 98
19 21
18 12
17 31
16 16
15 34
14 43
13 53
12 44
11 14
10 92
9 13
8 29
6 31
5 13
4 34
3 32
2 40
1 10
100 99
99 52
98 57
97 45
96 96
95 56
94 71
93 75
92 54
91 80
90 93
89 97
88 10
87 45
86 56
85 29
84 31
83 11
82 53
81 70
80 23
79 75
78 97
77 60
76 30
75 86
74 38
73 62
72 88
71 32
70 31
69 75
68 95
67 95
66 89
65 47
64 88
63 71
62 79
61 53
60 42
59 60
58 68
57 30
56 24
55 54
54 46
53 20
52 34
51 30
50 39
49 71
48 46
47 73
46 22
45 60
44 59
43 10
42 10
41 22
40 84
39 22
38 81
37 26
36 54
35 28
34 58
33 82
32 98
31 38
30 46
29 19
28 58
27 68
26 92
25 59
24 87
23 61
22 15
21 11
20 67
19 11
18 31
17 22
16 71
15 67
14 68
13 25
12 37
11 34
10 58
9 16
7 47
6 100
5 96
4 11
3 43
2 68
1 59
100 41
99 77
98 98
97 23
96 63
95 89
94 14
93 90
92 47
91 44
90 11
89 15
88 63
87 62
86 38
85 28
84 76
83 10
82 86
81 68
80 28
79 30
78 75
77 85
76 97
75 18
74 98
73 74
72 76
71 73
70 11
69 63
68 27
67 60
66 32
65 39
64 51
63 29
62 19
61 77
60 89
59 92
58 73
57 44
56 44
55 92
54 84
53 93
52 43
51 67
50 54
49 82
48 50
47 92
46 30
45 90
44 71
43 37
42 53
41 43
40 83
39 28
38 22
37 61
36 88
35 96
34 75
33 26
32 49
31 58
30 55
29 59
28 62
27 19
26 74
25 56
24 61
23 76
22 42
21 83
20 51
19 84
18 70
17 11
16 55
15 27
14 20
13 53
12 54
11 57
10 51
8 63
7 65
6 73
5 99
4 55
3 73
2 59
1 96
100 55
99 55
98 23
97 50
96 58
95 47
94 35
93 15
92 86
91 83
90 76
89 20
88 60
87 27
86 26
85 41
84 35
83 54
82 30
81 56
80 45
79 73
78 62
77 26
76 68
75 19
74 76
73 45
72 10
71 66
70 77
69 40
68 55
67 37
66 18
65 24
64 74
63 94
62 97
61 46
60 12
59 22
58 77
57 87
56 96
55 28
54 49
53 86
52 39
51 70
50 15
49 44
48 93
47 15
46 21
45 81
44 24
43 33
42 65
41 83
40 98
39 61
38 40
37 62
36 58
35 93
34 96
33 24
32 40
31 79
30 98
29 87
28 46
27 50
26 78
25 48
24 94
23 56
22 70
21 86
20 45
19 86
18 75
17 26
16 83
15 45
14 66
13 53
12 93
11 45
9 34
8 76
7 48
6 26
5 46
4 55
3 56
2 10
1 16
100 81
99 57
98 79
97 54
96 50
95 31
94 89
93 41
92 31
91 45
90 87
89 58
88 33
87 22
86 28
85 39
84 25
83 28
82 90
81 81
80 82
79 36
78 62
77 62
76 99
75 85
74 87
73 57
72 11
71 60
70 58
69 32
68 98
67 75
66 58
65 78
64 96
63 98
62 46
61 23
60 46
59 65
58 32
57 44
56 68
55 68
54 11
53 66
52 24
51 82
50 56
49 36
48 96
47 45
46 92
45 21
44 100
43 36
42 75
41 31
40 33
39 23
38 62
37 20
36 27
35 49
34 18
33 80
32 89
31 36
30 88
29 91
28 62
27 41
26 43
25 85
24 89
23 11
22 59
21 48
20 78
19 87
18 91
17 50
16 21
15 28
14 66
13 62
12 98
10 99
9 69
8 70
7 65
6 71
5 66
4 65
3 93
2 95
1 71
100 96
99 59
98 50
97 19
96 99
95 23
94 77
93 50
92 84
91 70
90 45
89 94
88 41
87 52
86 27
85 24
84 92
83 83
82 55
81 47
80 15
79 76
78 89
77 20
76 41
75 94
74 40
73 53
72 75
71 79
70 66
69 26
68 83
67 23
66 38
65 42
64 23
63 15
62 56
61 18
60 65
59 52
58 46
57 46
56 74
55 42
54 64
53 97
52 87
51 62
50 69
49 54
48 21
47 19
46 65
45 53
44 90
43 37
42 55
41 79
40 65
39 31
38 99
37 42
36 84
35 15
34 63
33 34
32 61
31 33
30 42
29 46
28 13
27 49
26 68
25 57
24 37
23 85
22 46
21 18
20 53
19 43
18 59
17 88
16 68
15 68
14 86
13 25
11 17
10 77
9 42
8 89
7 70
6 49
5 62
4 90
3 52
2 69
1 89
100 65
99 19
98 35
97 19
96 59
95 53
94 30
93 30
92 87
91 94
90 13
89 86
88 92
87 80
86 36
85 60
84 21
83 70
82 16
81 61
80 40
79 90
78 18
77 36
76 94
75 64
74 83
73 26
72 94
71 77
70 69
69 30
68 100
67 16
66 89
65 44
64 20
63 85
62 54
61 93
60 34
59 66
58 63
57 90
56 69
55 98
54 79
53 79
52 97
51 26
50 32
49 88
48 22
47 65
46 97
45 77
44 60
43 24
42 56
41 21
40 10
39 84
38 40
37 17
36 66
35 85
34 40
33 75
32 80
31 94
30 29
29 30
28 48
27 99
26 54
25 10
24 68
23 94
22 100
21 80
20 68
19 41
18 97
17 36
16 88
15 53
14 46
12 11
11 68
10 74
9 76
8 75
7 31
6 96
5 60
4 37
3 65
2 10
1 70
100 96
99 14
98 79
97 69
96 61
95 56
94 19
93 92
92 55
91 71
90 83
89 14
88 39
87 58
86 21
85 94
84 51
83 72
82 90
81 78
80 38
79 42
78 97
77 60
76 62
75 51
74 60
73 88
72 81
71 79
70 39
69 55
68 68
67 71
66 10
65 62
64 61
63 28
62 99
61 83
60 81
59 50
58 60
57 59
56 66
55 56
54 19
53 50
52 74
51 32
50 78
49 85
48 17
47 95
46 78
45 61
44 36
43 24
42 57
41 33
40 75
39 26
38 75
37 30
36 81
35 17
34 52
33 56
32 73
31 46
30 37
29 97
28 75
27 92
26 23
25 27
24 55
23 40
22 53
21 24
20 39
19 57
18 73
17 18
16 94
15 32
13 10
12 33
11 87
10 52
9 61
8 11
7 78
6 91
5 26
4 47
3 54
2 84
1 21
100 40
99 80
98 43
97 31
96 47
95 52
94 93
93 68
92 88
91 67
90 48
89 16
88 73
87 84
86 96
85 60
84 39
83 98
82 69
81 57
80 77
79 38
78 83
77 91
76 77
75 34
74 52
73 17
72 63
71 22
70 70
69 82
68 49
67 31
66 39
65 66
64 94
63 17
62 71
61 60
60 59
59 72
58 35
57 31
56 80
55 89
54 15
53 57
52 42
51 20
50 83
49 68
48 59
47 48
46 31
45 31
44 30
43 42
42 64
41 88
40 74
39 51
38 50
37 43
36 51
35 32
34 77
33 18
32 68
31 25
30 63
29 97
28 64
27 27
26 66
25 21
24 84
23 47
22 18
21 39
20 71
19 37
18 74
17 34
16 62
14 27
13 72
12 61
11 52
10 63
9 18
8 94
7 10
6 44
5 17
4 13
3 80
2 90
1 90
100 12
99 21
98 47
97 11
96 31
95 77
94 87
93 31
92 45
91 42
90 66
89 98
88 49
87 35
86 73
85 20
84 40
83 99
82 33
81 30
80 68
79 26
78 36
77 26
76 31
75 74
74 17
73 71
72 58
71 82
70 31
69 32
68 23
67 26
66 48
65 31
64 58
63 41
62 91
61 69
60 17
59 64
58 38
57 63
56 55
55 16
54 65
53 19
52 81
51 57
50 76
49 63
48 10
47 25
46 78
45 68
44 50
43 27
42 35
41 14
40 44
39 30
38 50
37 59
36 19
35 33
34 30
33 62
32 21
31 58
30 58
29 12
28 13
27 67
26 80
25 80
24 10
23 32
22 10
21 98
20 35
19 18
18 45
17 63
15 24
14 62
13 85
12 69
11 75
10 16
9 71
8 68
7 15
6 92
5 51
4 96
3 22
2 84
1 76
100 72
99 39
98 49
97 11
96 12
95 45
94 21
93 86
92 32
91 50
90 76
89 92
88 35
87 54
86 51
85 13
84 38
83 25
82 90
81 93
80 10
79 67
78 96
77 24
76 67
75 24
74 45
73 12
72 53
71 28
70 35
69 13
68 81
67 44
66 61
65 68
64 92
63 19
62 56
61 24
60 21
59 99
58 52
57 64
56 93
55 72
54 47
53 13
52 15
51 74
50 80
49 99
48 23
47 57
46 40
45 66
44 16
43 63
42 12
41 53
40 10
39 71
38 11
37 10
36 28
35 41
34 93
33 75
32 68
31 61
30 64
29 51
28 13
27 66
26 81
25 87
24 72
23 97
22 13
21 91
20 58
19 92
18 58
16 17
15 55
14 35
13 71
12 73
11 34
10 59
9 38
8 88
7 98
6 95
5 59
4 54
3 76
2 41
1 87
100 38
99 16
98 29
97 96
96 20
95 38
94 92
93 65
92 98
91 65
90 83
89 80
88 68
87 85
86 67
85 71
84 91
83 68
82 59
81 99
80 22
79 78
78 64
77 55
76 14
75 41
74 72
73 30
72 85
71 47
70 48
69 29
68 75
67 54
66 46
65 15
64 67
63 60
62 68
61 97
60 24
59 42
58 59
57 57
56 30
55 70
54 67
53 32
52 59
51 29
50 71
49 26
48 52
47 23
46 14
45 87
44 29
43 50
42 33
41 34
40 61
39 70
38 42
37 69
36 32
35 63
34 64
33 35
32 23
31 26
30 68
29 50
28 40
27 14
26 11
25 11
24 92
23 87
22 39
21 40
20 83
19 93
17 93
16 86
15 45
14 74
13 91
12 67
11 38
10 82
9 95
8 42
7 53
6 20
5 25
4 85
3 54
2 80
1 63
100 49
99 19
98 94
97 91
96 80
95 57
94 11
93 75
92 62
91 19
90 54
89 89
88 97
87 72
86 28
85 80
84 33
83 75
82 13
81 34
80 88
79 20
78 38
77 12
76 38
75 87
74 92
73 62
72 38
71 95
70 80
69 25
68 63
67 23
66 47
65 16
64 27
63 88
62 16
61 29
60 36
59 46
58 67
57 34
56 84
55 71
54 85
53 38
52 72
51 31
50 39
49 65
48 93
47 28
46 20
45 50
44 64
43 93
42 87
41 85
40 89
39 42
38 14
37 18
36 32
35 19
34 50
33 52
32 25
31 24
30 75
29 66
28 10
27 71
26 71
25 37
24 45
23 95
22 45
21 85
20 19
18 43
17 91
16 49
15 42
14 57
13 54
12 58
11 41
10 20
9 78
8 80
7 30
6 68
5 23
4 28
3 31
2 66
1 86
100 13
99 58
98 14
97 35
96 30
95 81
94 24
93 81
92 99
91 68
90 58
89 84
88 56
87 21
86 54
85 56
84 42
83 48
82 73
81 96
80 43
79 90
78 37
77 37
76 23
75 29
74 56
73 84
72 77
71 94
70 40
69 83
68 63
67 88
66 38
65 26
64 75
63 56
62 39
61 25
60 20
59 61
58 75
57 93
56 98
55 84
54 31
53 10
52 23
51 70
50 37
49 79
48 22
47 16
46 32
45 79
44 82
43 31
42 36
41 90
40 21
39 86
38 36
37 40
36 75
35 24
34 99
33 59
32 35
31 84
30 55
29 88
28 35
27 64
26 94
25 53
24 36
23 21
22 27
21 90
19 96
18 21
17 54
16 65
15 36
14 94
13 100
12 73
11 92
10 79
9 99
8 65
7 69
6 33
5 85
4 57
3 11
2 55
1 95
100 100
99 30
98 59
97 69
96 57
95 34
94 89
93 80
92 33
91 48
90 35
89 81
88 68
87 18
86 29
85 59
84 89
83 38
82 34
81 39
80 26
79 95
78 56
77 32
76 42
75 68
74 28
73 83
72 14
71 60
70 24
69 32
68 64
67 90
66 72
65 70
64 36
63 14
62 66
61 95
60 84
59 56
58 84
57 20
56 64
55 46
54 23
53 34
52 28
51 46
50 66
49 25
48 73
47 24
46 56
45 64
44 99
43 78
42 43
41 13
40 20
39 77
38 47
37 19
36 71
35 55
34 84
33 52
32 85
31 22
30 90
29 36
28 91
27 13
26 31
25 36
24 68
23 57
22 18
20 11
19 64
18 88
17 77
16 77
15 56
14 80
13 38
12 17
11 90
10 70
9 34
8 42
7 91
6 17
5 83
4 83
3 52
2 49
1 94
100 31
99 54
98 59
97 71
96 16
95 77
94 70
93 87
92 51
91 26
90 15
89 48
88 12
87 76
86 82
85 54
84 55
83 75
82 84
81 83
80 70
79 43
78 74
77 82
76 25
75 63
74 89
73 40
72 94
71 97
70 85
69 12
68 52
67 97
66 62
65 79
64 72
63 13
62 60
61 47
60 37
59 61
58 39
57 51
56 29
55 44
54 74
53 47
52 90
51 65
50 62
49 40
48 96
47 15
46 95
45 20
44 53
43 71
42 86
41 52
40 17
39 23
38 43
37 62
36 43
35 24
34 12
33 42
32 86
31 75
30 67
29 63
28 77
27 29
26 86
25 17
24 98
23 59
21 38
20 45
19 61
18 71
17 83
16 57
15 64
14 66
13 65
12 33
11 88
10 14
9 52
8 37
7 36
6 15
5 69
4 11
3 61
2 37
1 34
100 75
99 10
98 89
97 87
96 31
95 60
94 27
93 70
92 39
91 44
90 70
89 34
88 37
87 65
86 77
85 61
84 51
83 77
82 67
81 20
80 41
79 18
78 15
77 20
76 81
75 37
74 68
73 69
72 79
71 70
70 84
69 90
68 54
67 38
66 58
65 45
64 42
63 75
62 33
61 32
60 90
59 63
58 97
57 47
56 99
55 76
54 42
53 51
52 26
51 34
50 62
49 76
48 22
47 21
46 92
45 95
44 34
43 14
42 77
41 25
40 43
39 91
38 11
37 46
36 92
35 32
34 12
33 29
32 90
31 27
30 51
29 43
28 53
27 18
26 58
25 67
24 49
22 30
21 65
20 75
19 52
18 67
17 93
16 44
15 39
14 51
13 70
12 37
11 95
10 27
9 38
8 62
7 32
6 13
5 39
4 60
3 41
2 66
1 40
100 87
99 49
98 41
97 97
96 23
95 19
94 58
93 35
92 26
91 68
90 98
89 85
88 43
87 100
86 45
85 53
84 77
83 98
82 13
81 45
80 85
79 13
78 14
77 40
76 17
75 32
74 15
73 75
72 92
71 22
70 19
69 90
68 94
67 62
66 19
65 45
64 52
63 21
62 12
61 36
60 99
59 58
58 14
57 17
56 73
55 13
54 75
53 13
52 78
51 41
50 29
49 47
48 10
47 61
46 94
45 37
44 62
43 36
42 87
41 13
40 63
39 98
38 96
37 45
36 94
35 64
34 61
33 60
32 76
31 44
30 14
29 21
28 83
27 85
26 32
25 88
23 39
22 95
21 96
20 43
19 15
18 25
17 10
16 13
15 38
14 98
13 22
12 21
11 60
10 42
9 82
8 78
7 79
6 61
5 18
4 52
3 55
2 59
1 88
100 97
99 28
98 75
97 99
96 75
95 60
94 43
93 57
92 89
91 58
90 85
89 93
88 24
87 83
86 86
85 10
84 84
83 60
82 69
81 56
80 100
79 17
78 11
77 88
76 91
75 50
74 61
73 50
72 88
71 90
70 39
69 28
68 94
67 22
66 92
65 40
64 83
63 25
62 28
61 53
60 53
59 98
58 50
57 14
56 39
55 39
54 68
53 65
52 16
51 54
50 69
49 89
48 51
47 64
46 78
45 12
44 95
43 30
42 14
41 88
40 21
39 26
38 71
37 23
36 14
35 15
34 51
33 41
32 90
31 56
30 58
29 97
28 59
27 72
26 17
24 31
23 17
22 42
21 48
20 71
19 61
18 77
17 46
16 95
15 63
14 14
13 84
12 51
11 25
10 27
9 47
8 38
7 59
6 40
5 35
4 52
3 92
2 61
1 84
100 75
99 90
98 83
97 94
96 58
95 16
94 73
93 63
92 38
91 99
90 47
89 49
88 23
87 78
86 39
85 68
84 67
83 73
82 19
81 68
80 30
79 12
78 91
77 45
76 13
75 67
74 57
73 13
72 32
71 19
70 15
69 66
68 56
67 96
66 90
65 81
64 82
63 69
62 22
61 38
60 27
59 46
58 60
57 55
56 17
55 80
54 47
53 94
52 85
51 85
50 92
49 42
48 42
47 19
46 43
45 72
44 50
43 23
42 76
41 23
40 38
39 94
38 78
37 66
36 31
35 95
34 26
33 20
32 88
31 96
30 64
29 33
28 85
27 95
25 79
24 34
23 66
22 73
21 41
20 28
19 100
18 95
17 51
16 28
15 15
14 74
13 90
12 85
11 22
10 44
9 26
8 87
7 61
6 42
5 51
4 27
3 33
2 60
1 66
100 20
99 41
98 43
97 38
96 55
95 18
94 16
93 25
92 89
91 74
90 67
89 18
88 21
87 63
86 21
85 78
84 56
83 69
82 71
81 97
80 40
79 78
78 32
77 94
76 34
75 42
74 16
73 74
72 89
71 26
70 54
69 15
68 88
67 53
66 40
65 25
64 93
63 73
62 76
61 100
60 55
59 35
58 65
57 80
56 26
55 38
54 18
53 14
52 25
51 23
50 25
49 93
48 37
47 63
46 98
45 62
44 36
43 80
42 66
41 59
40 86
39 38
38 38
37 68
36 51
35 63
34 85
33 67
32 19
31 97
30 80
29 17
28 31
26 100
25 50
24 98
23 78
22 24
21 73
20 11
19 31
18 81
17 28
16 62
15 78
14 52
13 60
12 50
11 16
10 36
9 14
8 92
7 66
6 89
5 53
4 62
3 87
2 22
1 33
100 34
99 100
98 77
97 49
96 74
95 41
94 68
93 85
92 63
91 94
90 35
89 76
88 53
87 34
86 23
85 36
84 25
83 64
82 30
81 63
80 32
79 19
78 74
77 85
76 41
75 80
74 66
73 35
72 68
71 83
70 20
69 33
68 10
67 68
66 55
65 17
64 95
63 71
62 23
61 100
60 94
59 72
58 47
57 18
56 90
55 34
54 62
53 44
52 60
51 10
50 31
49 87
48 16
47 89
46 68
45 49
44 52
43 35
42 48
41 68
40 51
39 28
38 94
37 16
36 24
35 38
34 74
33 75
32 63
31 22
30 24
29 14
27 84
26 77
25 46
24 56
23 64
22 81
21 25
20 39
19 24
18 90
17 61
16 57
15 65
14 96
13 33
12 99
11 77
10 25
9 53
8 78
7 51
6 57
5 31
4 69
3 17
2 88
1 14
100 84
99 100
98 60
97 27
96 17
95 45
94 41
93 39
92 59
91 81
90 29
89 38
88 60
87 13
86 87
85 13
84 64
83 69
82 70
81 21
80 100
79 94
78 30
77 87
76 60
75 73
74 10
73 86
72 37
71 58
70 84
69 73
68 36
67 80
66 54
65 100
64 93
63 46
62 17
61 38
60 17
59 71
58 85
57 95
56 19
55 15
54 32
53 59
52 84
51 39
50 20
49 23
48 70
47 22
46 96
45 23
44 56
43 82
42 50
41 33
40 38
39 17
38 67
37 42
36 25
35 11
34 33
33 17
32 100
31 21
30 60
28 92
27 59
26 14
25 58
24 90
23 86
22 98
21 72
20 86
19 53
18 71
17 26
16 21
15 40
14 14
13 62
12 43
11 44
10 32
9 29
8 77
7 98
6 46
5 49
4 99
3 27
2 16
1 45
100 76
99 93
98 86
97 79
96 41
95 51
94 15
93 94
92 25
91 23
90 27
89 20
88 75
87 16
86 66
85 72
84 65
83 99
82 22
81 46
80 89
79 51
78 73
77 46
76 31
75 54
74 28
73 45
72 53
71 65
70 34
69 79
68 29
67 15
66 42
65 77
64 63
63 56
62 56
61 85
60 86
59 44
58 36
57 55
56 82
55 10
54 42
53 80
52 61
51 24
50 15
49 38
48 67
47 91
46 33
45 49
44 29
43 77
42 77
41 57
40 61
39 96
38 17
37 21
36 13
35 61
34 66
33 73
32 48
31 70
29 100
28 86
27 89
26 29
25 25
24 84
23 32
22 39
21 67
20 98
19 10
18 55
17 85
16 32
15 34
14 26
13 45
12 10
11 15
10 100
9 42
8 82
7 77
6 17
5 62
4 23
3 42
2 52
1 41
100 95
99 75
98 70
97 95
96 23
95 84
94 17
93 70
92 42
91 73
90 38
89 43
88 30
87 58
86 96
85 59
84 69
83 80
82 42
81 11
80 38
79 82
78 37
77 51
76 13
75 22
74 81
73 29
72 34
71 63
70 44
69 82
68 82
67 85
66 38
65 39
64 10
63 77
62 34
61 97
60 63
59 15
58 96
57 69
56 23
55 78
54 51
53 78
52 41
51 71
50 26
49 46
48 95
47 69
46 68
45 39
44 22
43 91
42 37
41 92
40 74
39 16
38 52
37 64
36 92
35 99
34 92
33 97
32 52
30 44
29 35
28 76
27 87
26 28
25 71
24 29
23 40
22 38
21 48
20 67
19 17
18 80
17 69
16 71
15 41
14 53
13 36
12 50
11 21
10 70
9 74
8 71
7 45
6 100
5 17
4 22
3 79
2 70
1 82
100 60
99 39
98 40
97 54
96 15
95 15
94 16
93 50
92 74
91 70
90 69
89 56
88 53
87 42
86 83
85 16
84 68
83 22
82 21
81 97
80 69
79 95
78 14
77 65
76 85
75 40
74 47
73 23
72 65
71 43
70 26
69 42
68 84
67 44
66 95
65 90
64 68
63 56
62 91
61 45
60 82
59 32
58 31
57 79
56 35
55 91
54 84
53 80
52 67
51 23
50 32
49 41
48 43
47 72
46 68
45 31
44 27
43 47
42 77
41 15
40 55
39 32
38 95
37 92
36 19
35 49
34 47
33 81
31 17
30 70
29 40
28 96
27 40
26 56
25 95
24 69
23 56
22 61
21 49
20 26
19 25
18 68
17 78
16 54
15 42
14 31
13 59
12 56
11 61
10 82
9 57
8 34
7 52
6 56
5 33
4 30
3 99
2 54
1 80
100 70
99 95
98 64
97 55
96 41
95 47
94 25
93 85
92 78
91 35
90 54
89 24
88 98
87 33
86 39
85 54
84 56
83 65
82 87
81 57
80 38
79 28
78 99
77 46
76 51
75 40
74 34
73 54
72 55
71 97
70 40
69 20
68 67
67 60
66 50
65 71
64 14
63 99
62 24
61 65
60 15
59 82
58 11
57 92
56 89
55 53
54 42
53 79
52 78
51 75
50 90
49 89
48 73
47 77
46 57
45 79
44 31
43 95
42 27
41 47
40 17
39 32
38 81
37 74
36 77
35 29
34 91
32 66
31 32
30 28
29 66
28 40
27 95
26 26
25 93
24 24
23 87
22 60
21 51
20 87
19 35
18 88
17 53
16 28
15 68
14 36
13 98
12 88
11 40
10 66
9 53
8 79
7 73
6 79
5 15
4 17
3 33
2 93
1 58
100 14
99 55
98 60
97 76
96 15
95 34
94 70
93 61
92 15
91 19
90 93
89 63
88 69
87 38
86 95
85 21
84 74
83 44
82 45
81 36
80 39
79 98
78 14
77 15
76 46
75 36
74 74
73 78
72 25
71 84
70 46
69 58
68 59
67 59
66 61
65 65
64 95
63 77
62 74
61 94
60 48
59 89
58 11
57 52
56 54
55 47
54 42
53 17
52 95
51 41
50 87
49 94
48 94
47 98
46 54
45 64
44 16
43 65
42 30
41 53
40 20
39 97
38 25
37 82
36 43
35 53
33 36
32 23
31 43
30 91
29 98
28 83
27 85
26 46
25 34
24 56
23 83
22 60
21 56
20 15
19 17
18 31
17 56
16 49
15 83
14 88
13 42
12 63
11 88
10 56
9 76
8 32
7 43
6 95
5 94
4 38
3 26
2 31
1 29
100 93
99 43
98 67
97 67
96 43
95 59
94 14
93 12
92 93
91 98
90 36
89 33
88 15
87 51
86 51
85 89
84 98
83 12
82 85
81 26
80 20
79 38
78 97
77 25
76 76
75 59
74 92
73 65
72 50
71 10
70 31
69 20
68 12
67 73
66 68
65 84
64 16
63 69
62 66
61 50
60 89
59 24
58 36
57 20
56 90
55 83
54 82
53 90
52 13
51 12
50 40
49 79
48 75
47 98
46 31
45 95
44 87
43 10
42 86
41 30
40 57
39 93
38 41
37 98
36 18
34 38
33 50
32 60
31 11
30 42
29 79
28 19
27 36
26 20
25 81
24 69
23 22
22 52
21 39
20 45
19 82
18 10
17 51
16 14
15 91
14 42
13 75
12 57
11 34
10 68
9 53
8 80
7 36
6 82
5 25
4 34
3 62
2 70
1 37
100 94
99 88
98 20
97 20
96 59
95 35
94 37
93 82
92 92
91 77
90 96
89 43
88 93
87 100
86 77
85 24
84 44
83 13
82 11
81 22
80 34
79 74
78 80
77 84
76 67
75 70
74 24
73 68
72 43
71 64
70 79
69 85
68 94
67 29
66 98
65 62
64 57
63 83
62 85
61 66
60 36
59 80
58 17
57 18
56 35
55 33
54 71
53 42
52 54
51 28
50 36
49 80
48 20
47 34
46 52
45 86
44 26
43 54
42 26
41 77
40 67
39 14
38 64
37 32
35 98
34 79
33 100
32 62
31 44
30 95
29 60
28 51
27 61
26 64
25 29
24 20
23 73
22 93
21 78
20 70
19 71
18 31
17 12
16 21
15 38
14 90
13 27
12 97
11 22
10 75
9 72
8 36
7 11
6 41
5 15
4 46
3 56
2 10
1 24
100 63
99 17
98 63
97 24
96 84
95 39
94 62
93 77
92 81
91 17
90 47
89 18
88 66
87 45
86 21
85 60
84 80
83 48
82 45
81 42
80 91
79 95
78 54
77 98
76 46
75 17
74 21
73 31
72 45
71 90
70 29
69 23
68 38
67 80
66 76
65 96
64 90
63 28
62 79
61 99
60 47
59 67
58 52
57 25
56 96
55 40
54 44
53 33
52 54
51 78
50 63
49 94
48 73
47 89
46 81
45 70
44 85
43 70
42 92
41 94
40 84
39 67
38 56
36 12
35 83
34 54
33 99
32 70
31 46
30 56
29 81
28 18
27 64
26 89
25 83
24 14
23 96
22 11
21 81
20 98
19 63
18 28
17 21
16 12
15 47
14 19
13 18
12 66
11 91
10 95
9 67
8 24
7 52
6 84
5 50
4 45
3 65
2 94
1 64
100 17
99 90
98 65
97 22
96 11
95 23
94 93
93 67
92 72
91 27
90 98
89 45
88 25
87 73
86 45
85 77
84 87
83 59
82 43
81 23
80 80
79 37
78 87
77 30
76 56
75 60
74 24
73 13
72 16
71 55
70 22
69 67
68 91
67 40
66 21
65 60
64 93
63 23
62 80
61 84
60 69
59 45
58 82
57 68
56 43
55 53
54 56
53 92
52 42
51 71
50 64
49 77
48 77
47 68
46 80
45 22
44 10
43 42
42 12
41 78
40 39
39 75
37 41
36 14
35 36
34 27
33 85
32 24
31 69
30 76
29 36
28 22
27 52
26 62
25 25
24 34
23 23
22 33
21 78
20 54
19 57
18 69
17 67
16 86
15 14
14 44
13 42
12 14
11 39
10 77
9 43
8 30
7 82
6 50
5 32
4 56
3 12
2 43
1 73
100 24
99 74
98 24
97 39
96 83
95 78
94 28
93 84
92 95
91 61
90 37
89 26
88 38
87 74
86 29
85 89
84 31
83 96
82 53
81 35
80 28
79 74
78 93
77 66
76 79
75 98
74 16
73 60
72 95
71 72
70 37
69 96
68 67
67 50
66 49
65 61
64 24
63 32
62 35
61 92
60 15
59 49
58 41
57 45
56 89
55 41
54 39
53 95
52 91
51 58
50 56
49 41
48 35
47 84
46 44
45 47
44 26
43 90
42 49
41 44
40 56
38 24
37 82
36 40
35 19
34 93
33 78
32 98
31 14
30 27
29 68
28 12
27 12
26 92
25 94
24 93
23 33
22 15
21 18
20 50
19 66
18 69
17 70
16 31
15 98
14 81
13 17
12 35
11 73
10 72
9 76
8 92
7 62
6 33
5 66
4 59
3 44
2 90
1 96
100 18
99 99
98 56
97 89
96 85
95 46
94 94
93 87
92 34
91 72
90 68
89 44
88 58
87 43
86 46
85 36
84 14
83 58
82 58
81 18
80 50
79 65
78 78
77 95
76 80
75 89
74 14
73 36
72 73
71 94
70 50
69 45
68 73
67 86
66 78
65 32
64 93
63 38
62 25
61 76
60 31
59 90
58 51
57 95
56 42
55 16
54 37
53 56
52 13
51 51
50 65
49 71
48 83
47 80
46 97
45 16
44 84
43 84
42 57
41 54
39 30
38 79
37 47
36 76
35 13
34 32
33 90
32 79
31 35
30 89
29 76
28 68
27 62
26 41
25 38
24 96
23 71
22 79
21 27
20 27
19 20
18 91
17 14
16 57
15 92
14 100
13 39
12 33
11 56
10 22
9 85
8 59
7 55
6 45
5 42
4 20
3 20
2 60
1 94
100 47
99 51
98 97
97 29
96 86
95 23
94 69
93 56
92 16
91 15
90 100
89 30
88 19
87 90
86 52
85 80
84 47
83 54
82 58
81 74
80 25
79 60
78 13
77 26
76 19
75 59
74 52
73 50
72 35
71 42
70 74
69 95
68 58
67 26
66 38
65 27
64 21
63 56
62 62
61 54
60 76
59 23
58 61
57 52
56 62
55 52
54 64
53 11
52 83
51 60
50 92
49 44
48 82
47 95
46 56
45 51
44 81
43 51
42 52
40 70
39 16
38 14
37 52
36 60
35 82
34 77
33 19
32 22
31 75
30 74
29 27
28 53
27 44
26 91
25 70
24 56
23 99
22 62
21 31
20 12
19 29
18 82
17 16
16 64
15 16
14 57
13 41
12 74
11 78
10 13
9 27
8 22
7 43
6 19
5 84
4 25
3 52
2 82
1 77
100 62
99 72
98 93
97 11
96 33
95 88
94 12
93 75
92 13
91 87
90 91
89 72
88 43
87 54
86 83
85 80
84 73
83 34
82 60
81 15
80 15
79 16
78 68
77 36
76 49
75 94
74 98
73 78
72 49
71 53
70 58
69 27
68 10
67 36
66 68
65 19
64 96
63 89
62 46
61 79
60 15
59 100
58 30
57 27
56 86
55 28
54 17
53 92
52 59
51 35
50 82
49 23
48 29
47 31
46 21
45 86
44 99
43 48
41 96
40 93
39 34
38 80
37 11
36 29
35 46
34 32
33 81
32 50
31 20
30 86
29 15
28 76
27 18
26 49
25 69
24 77
23 42
22 58
21 18
20 97
19 64
18 18
17 89
16 14
15 62
14 82
13 78
12 94
11 39
10 26
9 79
8 45
7 70
6 65
5 54
4 42
3 34
2 43
1 57
100 53
99 37
98 61
97 21
96 87
95 87
94 53
93 70
92 54
91 100
90 67
89 18
88 47
87 33
86 65
85 41
84 10
83 61
82 27
81 48
80 39
79 93
78 54
77 48
76 32
75 91
74 93
73 68
72 11
71 30
70 73
69 83
68 30
67 17
66 37
65 77
64 40
63 51
62 67
61 26
60 21
59 15
58 97
57 18
56 16
55 10
54 67
53 57
52 37
51 92
50 29
49 93
48 95
47 68
46 56
45 48
44 37
42 10
41 41
40 83
39 50
38 13
37 79
36 50
35 52
34 79
33 23
32 15
31 12
30 63
29 38
28 34
27 47
26 43
25 54
24 43
23 43
22 74
21 36
20 74
19 90
18 17
17 72
16 88
15 55
14 68
13 87
12 77
11 43
10 60
9 99
8 36
7 94
6 31
5 49
4 82
3 27
2 29
1 61
100 100
99 41
98 36
97 64
96 87
95 66
94 92
93 88
92 18
91 18
90 90
89 43
88 34
87 13
86 67
85 37
84 24
83 17
82 45
81 40
80 64
79 30
78 13
77 91
76 56
75 83
74 30
73 60
72 83
71 60
70 98
69 19
68 28
67 85
66 42
65 94
64 16
63 14
62 31
61 79
60 79
59 100
58 69
57 20
56 39
55 79
54 31
53 52
52 26
51 39
50 88
49 25
48 63
47 47
46 88
45 42
43 45
42 75
41 65
40 70
39 80
38 39
37 80
36 18
35 18
34 45
33 21
32 10
31 23
30 40
29 16
28 57
27 35
26 88
25 77
24 82
23 98
22 55
21 14
20 60
19 40
18 22
17 21
16 98
15 57
14 18
13 95
12 15
11 24
10 29
9 17
8 51
7 73
6 81
5 56
4 82
3 18
2 88
1 54
100 21
99 50
98 33
97 71
96 72
95 37
94 97
93 59
92 60
91 17
90 30
89 61
88 92
87 49
86 43
85 20
84 94
83 50
82 42
81 14
80 48
79 88
78 70
77 94
76 16
75 17
74 92
73 79
72 57
71 33
70 54
69 96
68 14
67 80
66 60
65 62
64 100
63 96
62 37
61 11
60 90
59 76
58 49
57 65
56 64
55 93
54 67
53 100
52 66
51 13
50 41
49 90
48 19
47 26
46 57
44 55
43 78
42 23
41 77
40 58
39 53
38 13
37 23
36 37
35 31
34 65
33 91
32 17
31 61
30 98
29 29
28 36
27 68
26 12
25 10
24 33
23 99
22 43
21 99
20 16
19 14
18 37
17 35
16 12
15 74
14 81
13 30
12 75
11 75
10 45
9 37
8 39
7 72
6 79
5 91
4 49
3 48
2 98
1 72
100 65
99 11
98 80
97 53
96 32
95 76
94 55
93 44
92 46
91 16
90 12
89 75
88 20
87 92
86 61
85 34
84 10
83 14
82 21
81 81
80 39
79 20
78 76
77 81
76 13
75 26
74 39
73 20
72 20
71 46
70 37
69 17
68 28
67 100
66 56
65 55
64 59
63 89
62 51
61 34
60 94
59 76
58 25
57 88
56 41
55 60
54 91
53 85
52 44
51 44
50 40
49 42
48 10
47 85
45 79
44 35
43 72
42 28
41 16
40 38
39 89
38 59
37 83
36 65
35 33
34 39
33 98
32 59
31 29
30 21
29 94
28 37
27 11
26 82
25 66
24 71
23 61
22 53
21 12
20 76
19 49
18 76
17 40
16 59
15 57
14 11
13 46
12 36
11 97
10 16
9 12
8 22
7 51
6 69
5 24
4 52
3 78
2 70
1 42
100 88
99 58
98 65
97 28
96 63
95 66
94 54
93 15
92 68
91 63
90 80
89 18
88 99
87 23
86 90
85 65
84 23
83 31
82 81
81 63
80 17
79 49
78 76
77 65
76 94
75 66
74 31
73 28
72 42
71 27
70 43
69 21
68 23
67 62
66 17
65 47
64 10
63 79
62 35
61 41
60 83
59 35
58 40
57 95
56 65
55 79
54 82
53 62
52 92
51 23
50 35
49 96
48 49
46 97
45 11
44 38
43 86
42 54
41 28
40 40
39 47
38 96
37 79
36 78
35 48
34 68
33 61
32 69
31 47
30 52
29 30
28 15
27 13
26 12
25 47
24 79
23 36
22 63
21 17
20 29
19 98
18 75
17 100
16 16
15 15
14 84
13 46
12 70
11 37
10 80
9 34
8 87
7 61
6 56
5 99
4 56
3 39
2 56
1 42
100 40
99 19
98 69
97 15
96 19
95 20
94 70
93 38
92 52
91 39
90 28
89 38
88 94
87 48
86 21
85 31
84 57
83 64
82 20
81 34
80 63
79 47
78 37
77 19
76 50
75 20
74 11
73 11
72 91
71 98
70 77
69 36
68 15
67 31
66 12
65 87
64 49
63 35
62 59
61 16
60 82
59 98
58 19
57 91
56 19
55 76
54 46
53 90
52 56
51 85
50 92
49 36
47 88
46 40
45 76
44 13
43 63
42 70
41 25
40 89
39 25
38 70
37 26
36 78
35 24
34 91
33 66
32 12
31 60
30 57
29 33
28 47
27 72
26 82
25 10
24 20
23 83
22 44
21 91
20 62
19 94
18 36
17 85
16 87
15 22
14 32
13 19
12 67
11 53
10 92
9 36
8 28
7 10
6 93
5 54
4 96
3 48
2 72
1 61
100 13
99 41
98 47
97 34
96 17
95 94
94 70
93 50
92 21
91 57
90 73
89 78
88 65
87 50
86 38
85 72
84 61
83 40
82 17
81 13
80 16
79 36
78 69
77 99
76 90
75 37
74 36
73 59
72 70
71 84
70 59
69 12
68 55
67 17
66 93
65 64
64 92
63 35
62 58
61 49
60 63
59 81
58 76
57 30
56 27
55 37
54 15
53 87
52 91
51 27
50 87
48 53
47 99
46 69
45 96
44 14
43 90
42 31
41 86
40 77
39 65
38 81
37 71
36 52
35 51
34 20
33 67
32 20
31 56
30 60
29 33
28 27
27 53
26 30
25 76
24 94
23 27
22 86
21 46
20 76
19 59
18 33
17 92
16 17
15 20
14 22
13 62
12 54
11 25
10 41
9 66
8 35
7 61
6 35
5 65
4 67
3 14
2 12
1 45
100 26
99 59
98 85
97 73
96 35
95 74
94 76
93 16
92 38
91 26
90 33
89 94
88 19
87 27
86 50
85 23
84 71
83 70
82 30
81 32
80 69
79 44
78 70
77 90
76 41
75 51
74 78
73 36
72 35
71 17
70 31
69 99
68 12
67 60
66 15
65 44
64 87
63 91
62 26
61 64
60 27
59 40
58 74
57 83
56 78
55 71
54 64
53 43
52 19
51 39
49 94
48 59
47 42
46 88
45 36
44 13
43 59
42 89
41 11
40 68
39 14
38 90
37 40
36 83
35 16
34 13
33 12
32 41
31 83
30 89
29 84
28 19
27 47
26 41
25 12
24 56
23 88
22 20
21 90
20 34
19 63
18 69
17 21
16 93
15 49
14 84
13 84
12 96
11 40
10 24
9 40
8 86
7 64
6 16
5 30
4 27
3 30
2 27
1 90
100 61
99 39
98 12
97 23
96 52
95 41
94 60
93 24
92 62
91 52
90 35
89 24
88 26
87 37
86 93
85 16
84 48
83 29
82 92
81 19
80 91
79 84
78 83
77 84
76 86
75 23
74 45
73 50
72 12
71 83
70 62
69 26
68 11
67 48
66 62
65 98
64 19
63 47
62 33
61 86
60 48
59 34
58 73
57 13
56 40
55 35
54 79
53 94
52 29
50 45
49 85
48 52
47 16
46 16
45 80
44 92
43 72
42 93
41 82
40 96
39 20
38 14
37 83
36 45
35 19
34 65
33 60
32 71
31 37
30 45
29 39
28 61
27 83
26 43
25 59
24 91
23 49
22 66
21 26
20 75
19 31
18 22
17 37
16 41
15 28
14 41
13 51
12 96
11 12
10 15
9 28
8 23
7 94
6 89
5 37
4 24
3 100
2 35
1 100
100 51
99 70
98 84
97 47
96 66
95 58
94 31
93 41
92 11
91 85
90 32
89 41
88 51
87 76
86 63
85 23
84 74
83 23
82 85
81 34
80 24
79 18
78 30
77 30
76 57
75 66
74 17
73 25
72 82
71 18
70 17
69 52
68 99
67 26
66 25
65 55
64 64
63 100
62 81
61 69
60 67
59 50
58 99
57 21
56 26
55 86
54 42
53 47
51 69
50 98
49 50
48 51
47 18
46 54
45 50
44 31
43 75
42 22
41 87
40 59
39 10
38 33
37 55
36 36
35 31
34 74
33 87
32 26
31 62
30 68
29 57
28 57
27 35
26 56
25 34
24 81
23 69
22 34
21 67
20 40
19 97
18 17
17 78
16 57
15 10
14 98
13 51
12 90
11 48
10 57
9 60
8 69
7 89
6 78
5 25
4 28
3 36
2 15
1 13
100 30
99 29
98 44
97 69
96 78
95 86
94 60
93 68
92 46
91 42
90 35
89 50
88 99
87 73
86 26
85 59
84 86
83 98
82 95
81 18
80 64
79 14
78 69
77 37
76 81
75 26
74 52
73 99
72 34
71 49
70 21
69 82
68 43
67 47
66 24
65 54
64 34
63 92
62 59
61 20
60 55
59 41
58 26
57 49
56 55
55 27
54 65
52 45
51 11
50 23
49 52
48 81
47 72
46 44
45 50
44 46
43 90
42 79
41 83
40 19
39 21
38 73
37 31
36 41
35 41
34 84
33 62
32 58
31 47
30 34
29 61
28 95
27 22
26 53
25 83
24 54
23 35
22 94
21 96
20 97
19 13
18 64
17 65
16 59
15 63
14 43
13 63
12 40
11 40
10 33
9 31
8 32
7 63
6 41
5 34
4 76
3 50
2 51
1 39
100 53
99 99
98 25
97 58
96 68
95 56
94 64
93 88
92 10
91 44
90 99
89 75
88 56
87 43
86 11
85 18
84 55
83 66
82 49
81 41
80 27
79 37
78 28
77 100
76 100
75 62
74 76
73 32
72 89
71 92
70 96
69 44
68 74
67 29
66 59
65 68
64 80
63 33
62 71
61 15
60 26
59 11
58 80
57 65
56 29
55 44
53 73
52 40
51 50
50 32
49 15
48 55
47 18
46 67
45 89
44 76
43 85
42 75
41 98
40 92
39 71
38 14
37 46
36 42
35 85
34 92
33 70
32 40
31 33
30 79
29 55
28 12
27 57
26 15
25 52
24 55
23 92
22 26
21 88
20 84
19 85
18 75
17 38
16 87
15 95
14 70
13 48
12 27
11 14
10 86
9 97
8 98
7 82
6 89
5 28
4 69
3 65
2 84
1 84
100 96
99 87
98 92
97 35
96 19
95 29
94 14
93 76
92 95
91 26
90 29
89 44
88 66
87 91
86 29
85 15
84 57
83 92
82 64
81 80
80 44
79 62
78 25
77 54
76 96
75 98
74 75
73 94
72 49
71 61
70 56
69 43
68 96
67 37
66 93
65 93
64 42
63 94
62 41
61 97
60 23
59 33
58 85
57 97
56 93
54 71
53 56
52 85
51 24
50 47
49 76
48 93
47 17
46 30
45 41
44 78
43 37
42 13
41 47
40 45
39 84
38 82
37 21
36 81
35 75
34 40
33 43
32 26
31 45
30 92
29 45
28 96
27 39
26 41
25 81
24 36
23 97
22 36
21 78
20 75
19 83
18 45
17 79
16 50
15 27
14 15
13 51
12 14
11 50
10 57
9 89
8 99
7 78
6 10
5 62
4 18
3 56
2 17
1 26
100 26
99 91
98 93
97 76
96 83
95 61
94 41
93 97
92 51
91 25
90 27
89 66
88 35
87 33
86 77
85 94
84 98
83 48
82 54
81 83
80 52
79 60
78 63
77 39
76 39
75 15
74 60
73 31
72 98
71 14
70 92
69 72
68 75
67 79
66 94
65 25
64 63
63 92
62 44
61 98
60 91
59 38
58 14
57 99
55 37
54 43
53 53
52 17
51 98
50 37
49 81
48 76
47 63
46 57
45 61
44 90
43 21
42 76
41 31
40 21
39 33
38 22
37 73
36 81
35 45
34 68
33 45
32 81
31 96
30 56
29 82
28 39
27 70
26 38
25 24
24 95
23 91
22 94
21 71
20 41
19 85
18 61
17 39
16 89
15 74
14 22
13 83
12 48
11 67
10 84
9 93
8 91
7 65
6 69
5 100
4 53
3 39
2 46
1 96
100 23
99 19
98 89
97 61
96 15
95 23
94 27
93 49
92 85
91 68
90 30
89 78
88 74
87 60
86 48
85 82
84 80
83 98
82 89
81 49
80 51
79 97
78 16
77 16
76 99
75 78
74 92
73 10
72 92
71 93
70 56
69 63
68 51
67 96
66 11
65 29
64 15
63 84
62 77
61 63
60 57
59 30
58 59
56 35
55 88
54 40
53 23
52 21
51 40
50 87
49 80
48 77
47 19
46 18
45 91
44 54
43 95
42 95
41 100
40 86
39 36
38 37
37 92
36 44
35 36
34 22
33 75
32 38
31 83
30 39
29 15
28 28
27 68
26 75
25 34
24 40
23 10
22 48
21 88
20 16
19 58
18 88
17 44
16 99
15 39
14 93
13 74
12 96
11 88
10 75
9 66
8 70
7 53
6 38
5 67
4 92
3 12
2 32
1 40
100 96
99 78
98 75
97 87
96 94
95 37
94 31
93 34
92 56
91 21
90 85
89 43
88 71
87 16
86 34
85 20
84 66
83 44
82 67
81 65
80 58
79 32
78 60
77 91
76 18
75 58
74 14
73 83
72 38
71 33
70 29
69 76
68 22
67 41
66 23
65 23
64 64
63 34
62 11
61 75
60 31
59 85
57 97
56 35
55 80
54 95
53 75
52 13
51 77
50 21
49 82
48 53
47 91
46 49
45 25
44 57
43 91
42 20
41 36
40 53
39 59
38 35
37 43
36 51
35 67
34 80
33 89
32 86
31 79
30 14
29 38
28 13
27 99
26 94
25 31
24 79
23 81
22 71
21 92
20 45
19 74
18 55
17 49
16 26
15 54
14 56
13 67
12 54
11 60
10 20
9 88
8 50
7 90
6 87
5 41
4 31
3 69
2 85
1 78
100 27
99 53
98 28
97 47
96 66
95 33
94 25
93 37
92 11
91 56
90 46
89 12
88 39
87 10
86 34
85 78
84 97
83 23
82 40
81 51
80 10
79 55
78 99
77 83
76 67
75 36
74 20
73 17
72 95
71 85
70 42
69 25
68 46
67 100
66 62
65 37
64 67
63 35
62 92
61 94
60 50
58 21
57 77
56 88
55 13
54 29
53 46
52 21
51 96
50 25
49 11
48 61
47 10
46 23
45 60
44 82
43 19
42 40
41 46
40 91
39 37
38 88
37 64
36 25
35 51
34 69
33 78
32 24
31 46
30 82
29 73
28 53
27 25
26 87
25 18
24 22
23 67
22 50
21 66
20 11
19 81
18 17
17 31
16 50
15 63
14 31
13 13
12 19
11 78
10 69
9 31
8 40
7 14
6 30
5 16
4 42
3 27
2 34
1 60
100 35
99 89
98 62
97 38
96 46
95 75
94 10
93 91
92 83
91 93
90 76
89 95
88 17
87 31
86 80
85 52
84 64
83 82
82 50
81 84
80 76
79 84
78 11
77 69
76 11
75 44
74 50
73 50
72 14
71 94
70 91
69 58
68 36
67 51
66 60
65 51
64 49
63 20
62 19
61 25
59 66
58 100
57 14
56 35
55 82
54 85
53 36
52 10
51 96
50 69
49 35
48 39
47 77
46 73
45 49
44 13
43 72
42 51
41 99
40 54
39 13
38 70
37 83
36 64
35 77
34 73
33 12
32 17
31 27
30 31
29 97
28 17
27 48
26 61
25 85
24 75
23 63
22 53
21 27
20 16
19 18
18 18
17 90
16 51
15 69
14 96
13 25
12 46
11 64
10 59
9 36
8 51
7 41
6 85
5 24
4 60
3 56
2 63
1 24
100 70
99 52
98 90
97 87
96 60
95 57
94 26
93 27
92 33
91 71
90 28
89 33
88 75
87 76
86 61
85 17
84 30
83 31
82 73
81 85
80 24
79 22
78 34
77 90
76 64
75 38
74 36
73 85
72 83
71 67
70 38
69 95
68 43
67 80
66 77
65 64
64 66
63 35
62 48
60 32
59 86
58 91
57 74
56 99
55 33
54 42
53 41
52 28
51 43
50 67
49 91
48 16
47 56
46 73
45 97
44 53
43 13
42 45
41 51
40 63
39 86
38 10
37 59
36 66
35 55
34 15
33 59
32 32
31 65
30 99
29 83
28 11
27 14
26 86
25 13
24 74
23 63
22 96
21 45
20 35
19 46
18 69
17 28
16 23
15 61
14 40
13 36
12 42
11 15
10 83
9 14
8 65
7 86
6 70
5 51
4 47
3 71
2 97
1 64
100 36
99 63
98 77
97 71
96 23
95 18
94 49
93 14
92 69
91 49
90 84
89 61
88 78
87 95
86 74
85 62
84 74
83 33
82 98
81 39
80 80
79 93
78 24
77 80
76 40
75 93
74 67
73 32
72 11
71 45
70 34
69 93
68 46
67 93
66 64
65 63
64 68
63 100
61 95
60 38
59 74
58 35
57 37
56 23
55 38
54 78
53 72
52 19
51 47
50 46
49 41
48 66
47 67
46 87
45 12
44 31
43 79
42 54
41 18
40 12
39 77
38 30
37 66
36 37
35 60
34 76
33 23
32 14
31 18
30 26
29 74
28 14
27 25
26 48
25 53
24 80
23 40
22 41
21 21
20 60
19 25
18 28
17 50
16 23
15 45
14 93
13 49
12 95
11 56
10 52
9 100
8 33
7 87
6 30
5 55
4 86
3 67
2 56
1 60
100 21
99 68
98 71
97 99
96 82
95 69
94 90
93 70
92 84
91 54
90 20
89 42
88 22
87 63
86 20
85 55
84 17
83 63
82 62
81 48
80 10
79 17
78 88
77 87
76 86
75 44
74 47
73 36
72 32
71 26
70 41
69 65
68 36
67 57
66 90
65 87
64 86
62 33
61 10
60 13
59 28
58 66
57 42
56 73
55 94
54 87
53 40
52 24
51 100
50 23
49 11
48 22
47 51
46 27
45 55
44 55
43 21
42 93
41 79
40 15
39 52
38 93
37 25
36 13
35 73
34 36
33 93
32 26
31 17
30 12
29 60
28 98
27 24
26 16
25 54
24 46
23 90
22 70
21 41
20 67
19 77
18 62
17 17
16 20
15 93
14 57
13 29
12 20
11 31
10 33
9 19
8 19
7 99
6 21
5 38
4 35
3 30
2 23
1 11
100 17
99 27
98 38
97 84
96 33
95 48
94 92
93 30
92 54
91 65
90 97
89 20
88 64
87 57
86 54
85 83
84 23
83 34
82 63
81 21
80 20
79 29
78 18
77 72
76 43
75 28
74 57
73 82
72 55
71 18
70 15
69 53
68 27
67 36
66 93
65 44
63 96
62 50
61 48
60 75
59 34
58 41
57 19
56 52
55 68
54 40
53 47
52 59
51 45
50 42
49 99
48 14
47 47
46 76
45 50
44 36
43 89
42 55
41 96
40 61
39 35
38 42
37 37
36 16
35 59
34 19
33 32
32 95
31 19
30 57
29 76
28 29
27 34
26 99
25 75
24 77
23 85
22 52
21 100
20 44
19 14
18 41
17 51
16 65
15 38
14 57
13 77
12 64
11 76
10 76
9 11
8 67
7 47
6 82
5 14
4 29
3 91
2 54
1 92
100 39
99 32
98 30
97 37
96 54
95 88
94 45
93 32
92 56
91 26
90 24
89 31
88 73
87 89
86 21
85 92
84 93
83 85
82 83
81 74
80 72
79 67
78 46
77 28
76 34
75 82
74 46
73 27
72 35
71 20
70 90
69 43
68 71
67 12
66 30
64 15
63 50
62 76
61 40
60 69
59 63
58 44
57 15
56 49
55 11
54 36
53 61
52 11
51 94
50 31
49 26
48 88
47 50
46 83
45 19
44 14
43 54
42 94
41 16
40 84
39 62
38 62
37 52
36 57
35 42
34 54
33 79
32 84
31 62
30 50
29 14
28 41
27 92
26 10
25 89
24 46
23 22
22 23
21 15
20 89
19 100
18 51
17 54
16 70
15 43
14 61
13 28
12 44
11 50
10 19
9 93
8 97
7 52
6 85
5 30
4 46
3 16
2 60
1 70
100 49
99 16
98 19
97 69
96 25
95 55
94 63
93 43
92 66
91 34
90 24
89 81
88 71
87 11
86 17
85 10
84 70
83 56
82 80
81 89
80 77
79 12
78 24
77 31
76 18
75 97
74 20
73 21
72 36
71 88
70 33
69 28
68 61
67 13
65 55
64 54
63 58
62 24
61 60
60 97
59 92
58 57
57 95
56 46
55 99
54 11
53 59
52 80
51 22
50 50
49 12
48 23
47 16
46 13
45 71
44 72
43 51
42 11
41 28
40 14
39 52
38 65
37 36
36 56
35 60
34 71
33 63
32 98
31 39
30 53
29 16
28 83
27 32
26 34
25 16
24 16
23 45
22 37
21 24
20 20
19 43
18 27
17 53
16 34
15 30
14 14
13 94
12 68
11 82
10 28
9 92
8 62
7 78
6 84
5 11
4 20
3 26
2 27
1 84
100 12
99 65
98 77
97 98
96 15
95 64
94 14
93 69
92 37
91 96
90 43
89 96
88 94
87 32
86 100
85 30
84 58
83 46
82 96
81 65
80 38
79 81
78 25
77 66
76 93
75 33
74 35
73 78
72 48
71 55
70 47
69 60
68 43
66 63
65 11
64 32
63 74
62 56
61 61
60 27
59 70
58 18
57 45
56 20
55 50
54 49
53 77
52 22
51 17
50 33
49 13
48 41
47 42
46 22
45 71
44 83
43 82
42 45
41 59
40 45
39 75
38 31
37 24
36 95
35 12
34 96
33 46
32 56
31 58
30 94
29 87
28 91
27 55
26 51
25 76
24 74
23 26
22 57
21 12
20 33
19 23
18 33
17 43
16 79
15 69
14 90
13 13
12 57
11 53
10 91
9 81
8 48
7 20
6 17
5 22
4 30
3 15
2 77
1 76
100 52
99 44
98 83
97 78
96 83
95 18
94 41
93 94
92 29
91 30
90 46
89 15
88 99
87 53
86 26
85 29
84 96
83 11
82 79
81 41
80 86
79 11
78 51
77 65
76 84
75 99
74 19
73 58
72 52
71 53
70 60
69 53
67 77
66 77
65 80
64 68
63 95
62 84
61 20
60 23
59 55
58 90
57 55
56 40
55 36
54 89
53 39
52 31
51 97
50 49
49 59
48 87
47 11
46 75
45 80
44 50
43 57
42 98
41 27
40 71
39 37
38 66
37 11
36 34
35 70
34 72
33 44
32 90
31 59
30 27
29 48
28 74
27 82
26 22
25 83
24 61
23 91
22 61
21 13
20 70
19 51
18 11
17 69
16 19
15 77
14 97
13 64
12 17
11 89
10 73
9 40
8 67
7 93
6 85
5 83
4 14
3 50
2 93
1 46
100 35
99 82
98 65
97 97
96 76
95 66
94 51
93 11
92 40
91 30
90 44
89 98
88 20
87 33
86 66
85 81
84 63
83 57
82 83
81 89
80 85
79 52
78 78
77 37
76 98
75 97
74 46
73 68
72 55
71 97
70 32
68 68
67 12
66 30
65 19
64 76
63 15
62 41
61 15
60 47
59 65
58 25
57 16
56 41
55 29
54 23
53 25
52 16
51 87
50 59
49 12
48 65
47 69
46 65
45 45
44 11
43 77
42 87
41 31
40 73
39 64
38 45
37 71
36 52
35 96
34 32
33 22
32 82
31 37
30 56
29 42
28 44
27 22
26 17
25 68
24 40
23 76
22 32
21 45
20 31
19 62
18 21
17 68
16 58
15 66
14 25
13 16
12 75
11 97
10 12
9 76
8 92
7 84
6 37
5 59
4 64
3 39
2 17
1 52
100 27
99 65
98 39
97 14
96 41
95 29
94 26
93 47
92 69
91 49
90 87
89 82
88 44
87 100
86 51
85 36
84 21
83 24
82 55
81 76
80 68
79 57
78 48
77 72
76 72
75 56
74 84
73 91
72 23
71 91
69 85
68 83
67 54
66 57
65 33
64 57
63 69
62 72
61 30
60 49
59 45
58 63
57 31
56 19
55 76
54 38
53 43
52 21
51 15
50 72
49 66
48 59
47 82
46 99
45 95
44 51
43 100
42 70
41 37
40 85
39 90
38 66
37 69
36 92
35 26
34 98
33 23
32 29
31 24
30 39
29 25
28 81
27 90
26 62
25 45
24 74
23 33
22 100
21 98
20 27
19 77
18 38
17 85
16 36
15 48
14 96
13 58
12 86
11 91
10 46
9 94
8 14
7 92
6 100
5 23
4 94
3 30
2 11
1 56
100 37
99 51
98 47
97 45
96 51
95 36
94 57
93 27
92 72
91 65
90 92
89 39
88 47
87 23
86 25
85 99
84 66
83 33
82 70
81 55
80 23
79 79
78 76
77 75
76 65
75 70
74 43
73 54
72 92
70 16
69 36
68 78
67 99
66 75
65 22
64 46
63 34
62 57
61 52
60 51
59 81
58 55
57 86
56 21
55 46
54 64
53 68
52 24
51 94
50 29
49 52
48 45
47 95
46 38
45 51
44 65
43 34
42 83
41 79
40 75
39 13
38 14
37 21
36 12
35 31
34 21
33 98
32 19
31 82
30 13
29 22
28 30
27 75
26 40
25 42
24 41
23 55
22 72
21 50
20 85
19 52
18 81
17 96
16 86
15 14
14 87
13 79
12 24
11 30
10 19
9 39
8 43
7 49
6 48
5 94
4 28
3 20
2 53
1 39
100 29
99 57
98 93
97 97
96 26
95 88
94 51
93 73
92 72
91 15
90 90
89 11
88 15
87 27
86 86
85 18
84 66
83 22
82 17
81 69
80 64
79 99
78 69
77 70
76 94
75 52
74 40
73 87
71 43
70 55
69 21
68 30
67 31
66 77
65 13
64 23
63 91
62 71
61 88
60 78
59 91
58 71
57 62
56 42
55 93
54 15
53 18
52 76
51 84
50 88
49 74
48 10
47 27
46 49
45 18
44 16
43 26
42 32
41 14
40 16
39 96
38 43
37 68
36 71
35 82
34 52
33 85
32 62
31 36
30 73
29 87
28 22
27 84
26 81
25 27
24 26
23 57
22 97
21 31
20 84
19 30
18 54
17 34
16 94
15 98
14 62
13 43
12 77
11 16
10 37
9 98
8 98
7 10
6 23
5 30
4 67
3 15
2 48
1 32
100 48
99 77
98 59
97 94
96 74
95 11
94 72
93 14
92 61
91 41
90 86
89 75
88 100
87 77
86 10
85 58
84 70
83 99
82 24
81 50
80 97
79 83
78 17
77 41
76 96
75 77
74 74
72 99
71 97
70 99
69 62
68 35
67 10
66 60
65 25
64 36
63 84
62 65
61 72
60 92
59 96
58 39
57 98
56 26
55 62
54 46
53 16
52 28
51 36
50 38
49 34
48 39
47 46
46 11
45 49
44 65
43 96
42 51
41 30
40 22
39 42
38 44
37 96
36 34
35 27
34 35
33 21
32 44
31 19
30 85
29 18
28 98
27 95
26 61
25 69
24 97
23 94
22 73
21 75
20 87
19 49
18 67
17 42
16 22
15 94
14 15
13 35
12 76
11 91
10 95
9 95
8 28
7 13
6 52
5 46
4 37
3 45
2 42
1 96
100 41
99 12
98 17
97 40
96 33
95 56
94 69
93 69
92 12
91 69
90 99
89 46
88 17
87 97
86 80
85 57
84 19
83 76
82 44
81 72
80 93
79 19
78 89
77 15
76 35
75 56
73 98
72 25
71 67
70 65
69 47
68 54
67 83
66 34
65 50
64 35
63 77
62 84
61 41
60 99
59 88
58 69
57 86
56 84
55 56
54 31
53 56
52 35
51 57
50 20
49 15
48 44
47 10
46 82
45 74
44 83
43 32
42 96
41 98
40 83
39 13
38 95
37 95
36 62
35 41
34 89
33 69
32 74
31 34
30 28
29 38
28 37
27 22
26 22
25 95
24 48
23 64
22 32
21 85
20 38
19 30
18 48
17 29
16 74
15 22
14 91
13 49
12 85
11 59
10 47
9 86
8 79
7 81
6 32
5 65
4 27
3 70
2 29
1 17
100 33
99 51
98 98
97 44
96 28
95 87
94 38
93 92
92 25
91 57
90 70
89 94
88 93
87 38
86 20
85 66
84 44
83 40
82 91
81 96
80 88
79 89
78 84
77 11
76 53
74 30
73 92
72 23
71 29
70 38
69 45
68 95
67 59
66 52
65 45
64 69
63 27
62 52
61 25
60 89
59 99
58 86
57 62
56 47
55 95
54 68
53 45
52 45
51 18
50 77
49 80
48 36
47 64
46 24
45 78
44 64
43 14
42 43
41 47
40 95
39 21
38 73
37 28
36 75
35 53
34 88
33 64
32 13
31 74
30 25
29 28
28 90
27 19
26 83
25 99
24 27
23 24
22 40
21 26
20 33
19 91
18 95
17 97
16 62
15 53
14 33
13 72
12 100
11 35
10 78
9 62
8 33
7 35
6 25
5 70
4 51
3 72
2 92
1 47
100 52
99 11
98 25
97 17
96 80
95 100
94 76
93 47
92 98
91 27
90 90
89 86
88 90
87 84
86 11
85 52
84 18
83 80
82 52
81 62
80 44
79 38
78 85
77 77
75 64
74 36
73 86
72 54
71 93
70 54
69 59
68 96
67 28
66 28
65 95
64 37
63 95
62 30
61 58
60 27
59 30
58 43
57 57
56 70
55 42
54 11
53 56
52 79
51 20
50 21
49 72
48 27
47 60
46 82
45 99
44 96
43 47
42 10
41 81
40 48
39 29
38 26
37 99
36 68
35 43
34 92
33 76
32 78
31 27
30 92
29 52
28 75
27 80
26 99
25 57
24 45
23 53
22 30
21 54
20 11
19 34
18 22
17 96
16 37
15 35
14 66
13 10
12 51
11 25
10 100
9 53
8 88
7 19
6 87
5 34
4 25
3 88
2 29
1 72
100 13
99 19
98 26
97 29
96 36
95 81
94 80
93 49
92 20
91 29
90 28
89 96
88 48
87 44
86 17
85 38
84 89
83 78
82 82
81 30
80 59
79 18
78 84
76 75
75 65
74 81
73 93
72 91
71 100
70 72
69 83
68 71
67 85
66 66
65 11
64 28
63 36
62 12
61 81
60 21
59 76
58 21
57 61
56 63
55 54
54 37
53 67
52 25
51 74
50 51
49 20
48 61
47 31
46 87
45 76
44 93
43 100
42 86
41 58
40 71
39 14
38 60
37 33
36 20
35 76
34 100
33 39
32 33
31 35
30 85
29 40
28 53
27 38
26 81
25 47
24 16
23 95
22 47
21 38
20 86
19 67
18 64
17 71
16 31
15 56
14 42
13 97
12 18
11 68
10 100
9 21
8 28
7 43
6 15
5 49
4 99
3 78
2 98
1 10
100 64
99 59
98 65
97 17
96 83
95 99
94 28
93 76
92 59
91 11
90 21
89 53
88 99
87 17
86 59
85 100
84 88
83 27
82 22
81 73
80 52
79 27
77 11
76 73
75 22
74 32
73 30
72 79
71 74
70 75
69 96
68 60
67 44
66 31
65 37
64 70
63 92
62 22
61 24
60 29
59 11
58 45
57 87
56 35
55 84
54 83
53 90
52 99
51 92
50 14
49 37
48 72
47 88
46 96
45 81
44 46
43 95
42 93
41 33
40 53
39 87
38 33
37 68
36 27
35 20
34 10
33 40
32 15
31 35
30 55
29 93
28 97
27 41
26 49
25 69
24 21
23 73
22 11
21 80
20 36
19 86
18 78
17 93
16 21
15 23
14 58
13 83
12 29
11 27
10 97
9 24
8 72
7 55
6 75
5 92
4 37
3 21
2 11
1 97
100 30
99 55
98 18
97 47
96 11
95 94
94 27
93 19
92 37
91 78
90 69
89 47
88 33
87 64
86 48
85 47
84 69
83 92
82 32
81 38
80 46
78 36
77 65
76 52
75 60
74 39
73 45
72 29
71 50
70 10
69 29
68 94
67 28
66 77
65 34
64 24
63 24
62 70
61 89
60 99
59 35
58 62
57 93
56 17
55 82
54 52
53 79
52 90
51 47
50 90
49 35
48 25
47 55
46 25
45 49
44 80
43 85
42 84
41 16
40 49
39 45
38 79
37 77
36 61
35 27
34 39
33 38
32 35
31 41
30 44
29 77
28 21
27 87
26 100
25 41
24 41
23 10
22 88
21 54
20 40
19 11
18 71
17 47
16 16
15 20
14 50
13 22
12 34
11 11
10 10
9 39
8 82
7 72
6 32
5 49
4 37
3 88
2 62
1 65
100 95
99 26
98 83
97 88
96 38
95 18
94 90
93 33
92 94
91 28
90 69
89 39
88 27
87 100
86 36
85 51
84 87
83 92
82 93
81 96
79 63
78 13
77 29
76 40
75 30
74 32
73 76
72 54
71 35
70 70
69 72
68 52
67 100
66 33
65 46
64 86
63 25
62 19
61 55
60 85
59 19
58 80
57 70
56 25
55 90
54 64
53 21
52 23
51 72
50 44
49 93
48 29
47 60
46 45
45 74
44 52
43 75
42 40
41 63
40 13
39 53
38 79
37 67
36 37
35 59
34 82
33 71
32 18
31 41
30 69
29 16
28 12
27 68
26 89
25 91
24 82
23 32
22 92
21 65
20 81
19 71
18 74
17 19
16 42
15 59
14 93
13 97
12 25
11 75
10 41
9 51
8 78
7 49
6 44
5 77
4 15
3 26
2 19
1 43
100 28
99 57
98 74
97 69
96 14
95 13
94 19
93 66
92 68
91 61
90 48
89 76
88 15
87 100
86 43
85 61
84 59
83 94
82 14
80 95
79 65
78 64
77 22
76 88
75 63
74 24
73 20
72 32
71 57
70 99
69 57
68 96
67 33
66 26
65 73
64 24
63 84
62 50
61 99
60 70
59 53
58 74
57 33
56 96
55 77
54 84
53 83
52 95
51 17
50 30
49 22
48 70
47 31
46 32
45 89
44 25
43 46
42 16
41 16
40 78
39 78
38 74
37 61
36 100
35 72
34 75
33 49
32 65
31 97
30 20
29 30
28 55
27 29
26 74
25 89
24 44
23 99
22 76
21 77
20 92
19 57
18 25
17 29
16 69
15 29
14 40
13 20
12 56
11 21
10 47
9 49
8 46
7 46
6 20
5 88
4 20
3 75
2 51
1 74
100 55
99 14
98 27
97 96
96 48
95 72
94 15
93 71
92 10
91 56
90 72
89 68
88 98
87 21
86 53
85 17
84 40
83 91
81 70
80 14
79 47
78 94
77 91
76 29
75 65
74 25
73 42
72 82
71 28
70 53
69 26
68 47
67 43
66 93
65 20
64 85
63 84
62 64
61 53
60 86
59 84
58 82
57 89
56 80
55 31
54 43
53 66
52 27
51 99
50 64
49 19
48 57
47 33
46 64
45 23
44 65
43 79
42 40
41 58
40 94
39 81
38 53
37 32
36 14
35 97
34 11
33 29
32 64
31 26
30 77
29 93
28 38
27 80
26 35
25 84
24 28
23 34
22 11
21 65
20 54
19 75
18 100
17 80
16 31
15 67
14 20
13 85
12 17
11 74
10 34
9 29
8 32
7 86
6 69
5 61
4 45
3 71
2 72
1 97
100 15
99 18
98 16
97 89
96 29
95 15
94 60
93 58
92 70
91 22
90 86
89 63
88 24
87 23
86 64
85 45
84 68
82 65
81 52
80 50
79 53
78 51
77 49
76 57
75 85
74 63
73 86
72 14
71 35
70 49
69 10
68 86
67 82
66 46
65 45
64 33
63 77
62 42
61 29
60 12
59 13
58 11
57 39
56 78
55 87
54 99
53 33
52 28
51 28
50 67
49 13
48 87
47 22
46 72
45 60
44 94
43 24
42 10
41 69
40 74
39 75
38 47
37 15
36 32
35 40
34 72
33 21
32 59
31 51
30 63
29 89
28 42
27 61
26 92
25 31
24 37
23 59
22 90
21 70
20 95
19 84
18 37
17 38
16 78
15 71
14 67
13 70
12 92
11 20
10 64
9 88
8 70
7 100
6 53
5 79
4 91
3 21
2 14
1 99
100 83
99 19
98 55
97 49
96 99
95 76
94 98
93 96
92 11
91 72
90 31
89 50
88 45
87 65
86 17
85 31
83 83
82 82
81 78
80 86
79 90
78 70
77 42
76 59
75 56
74 73
73 43
72 52
71 88
70 86
69 96
68 33
67 14
66 99
65 25
64 43
63 97
62 20
61 78
60 32
59 39
58 49
57 92
56 72
55 31
54 60
53 40
52 77
51 53
50 94
49 21
48 66
47 47
46 97
45 45
44 20
43 64
42 80
41 42
40 85
39 10
38 91
37 65
36 91
35 25
34 85
33 67
32 25
31 75
30 43
29 39
28 90
27 42
26 73
25 55
24 41
23 79
22 41
21 42
20 49
19 19
18 61
17 55
16 78
15 48
14 11
13 39
12 64
11 58
10 70
9 74
8 20
7 100
6 17
5 44
4 79
3 75
2 92
1 45
100 76
99 77
98 32
97 22
96 38
95 58
94 12
93 66
92 41
91 55
90 28
89 44
88 39
87 12
86 92
84 54
83 99
82 79
81 76
80 64
79 83
78 25
77 95
76 71
75 51
74 58
73 13
72 77
71 98
70 54
69 70
68 22
67 34
66 79
65 77
64 96
63 10
62 36
61 14
60 90
59 34
58 90
57 18
56 65
55 69
54 20
53 26
52 54
51 63
50 21
49 60
48 90
47 77
46 57
45 39
44 47
43 38
42 71
41 82
40 85
39 33
38 98
37 40
36 31
35 50
34 75
33 62
32 62
31 92
30 26
29 62
28 36
27 30
26 54
25 87
24 57
23 11
22 18
21 69
20 66
19 91
18 13
17 76
16 68
15 12
14 39
13 63
12 31
11 69
10 87
9 79
8 41
7 39
6 28
5 65
4 70
3 53
2 21
1 34
100 89
99 18
98 93
97 39
96 29
95 40
94 24
93 37
92 16
91 32
90 90
89 18
88 85
87 15
85 40
84 41
83 12
82 79
81 41
80 84
79 79
78 60
77 70
76 64
75 30
74 61
73 100
72 96
71 30
70 74
69 98
68 16
67 61
66 41
65 75
64 44
63 87
62 25
61 65
60 63
59 51
58 69
57 50
56 89
55 74
54 21
53 70
52 21
51 70
50 63
49 76
48 78
47 66
46 35
45 22
44 28
43 89
42 78
41 29
40 76
39 98
38 31
37 16
36 54
35 26
34 97
33 37
32 64
31 79
30 83
29 61
28 26
27 65
26 27
25 91
24 41
23 81
22 99
21 39
20 72
19 77
18 23
17 72
16 98
15 73
14 14
13 67
12 91
11 14
10 69
9 13
8 77
7 97
6 63
5 96
4 15
3 37
2 64
1 71
100 92
99 85
98 55
97 58
96 14
95 77
94 46
93 95
92 58
91 30
90 92
89 30
88 82
86 80
85 28
84 82
83 46
82 95
81 100
80 25
79 58
78 53
77 10
76 57
75 88
74 72
73 52
72 98
71 88
70 72
69 69
68 83
67 85
66 18
65 33
64 22
63 76
62 65
61 71
60 31
59 67
58 10
57 58
56 97
55 71
54 26
53 47
52 41
51 87
50 60
49 43
48 40
47 26
46 12
45 94
44 78
43 82
42 40
41 15
40 30
39 92
38 23
37 30
36 82
35 26
34 52
33 100
32 68
31 88
30 44
29 88
28 20
27 99
26 16
25 64
24 73
23 29
22 52
21 27
20 57
19 19
18 91
17 99
16 88
15 49
14 21
13 24
12 80
11 73
10 72
9 27
8 33
7 31
6 28
5 67
4 10
3 15
2 97
1 34
100 93
99 64
98 13
97 54
96 70
95 70
94 56
93 51
92 76
91 68
90 12
89 96
87 96
86 50
85 78
84 52
83 33
82 48
81 91
80 29
79 58
78 69
77 20
76 47
75 11
74 66
73 21
72 36
71 44
70 63
69 15
68 33
67 65
66 84
65 24
64 57
63 46
62 80
61 85
60 24
59 13
58 93
57 99
56 18
55 50
54 46
53 68
52 76
51 62
50 35
49 37
48 11
47 95
46 58
45 39
44 16
43 53
42 87
41 31
40 12
39 20
38 26
37 88
36 83
35 39
34 11
33 72
32 96
31 10
30 44
29 56
28 68
27 11
26 52
25 87
24 74
23 63
22 62
21 28
20 69
19 11
18 25
17 35
16 76
15 46
14 39
13 30
12 60
11 90
10 92
9 82
8 99
7 98
6 15
5 43
4 62
3 56
2 11
1 57
100 26
99 84
98 37
97 14
96 52
95 66
94 91
93 11
92 81
91 61
90 60
88 39
87 27
86 98
85 49
84 62
83 29
82 76
81 73
80 52
79 82
78 73
77 71
76 72
75 17
74 80
73 92
72 37
71 67
70 65
69 83
68 57
67 44
66 44
65 56
64 84
63 26
62 17
61 58
60 58
59 73
58 94
57 46
56 38
55 15
54 93
53 30
52 16
51 84
50 98
49 37
48 60
47 14
46 78
45 75
44 75
43 40
42 71
41 82
40 71
39 42
38 57
37 68
36 28
35 60
34 47
33 40
32 56
31 97
30 36
29 65
28 86
27 75
26 12
25 20
24 90
23 79
22 86
21 83
20 78
19 74
18 60
17 57
16 70
15 54
14 95
13 23
12 23
11 73
10 16
9 73
8 92
7 12
6 92
5 93
4 73
3 20
2 90
1 42
100 44
99 32
98 93
97 75
96 79
95 12
94 32
93 38
92 40
91 82
89 25
88 77
87 60
86 50
85 35
84 46
83 27
82 15
81 39
80 38
79 23
78 61
77 82
76 18
75 29
74 12
73 98
72 43
71 52
70 12
69 91
68 88
67 49
66 40
65 39
64 83
63 80
62 63
61 90
60 64
59 25
58 28
57 24
56 95
55 45
54 17
53 84
52 13
51 46
50 99
49 45
48 29
47 98
46 11
45 85
44 11
43 16
42 76
41 97
40 81
39 11
38 56
37 44
36 41
35 75
34 24
33 55
32 27
31 87
30 100
29 83
28 36
27 37
26 65
25 27
24 79
23 40
22 33
21 39
20 78
19 80
18 14
17 67
16 52
15 68
14 93
13 40
12 60
11 85
10 25
9 57
8 22
7 69
6 71
5 44
4 63
3 75
2 18
1 85
100 15
99 73
98 68
97 31
96 45
95 42
94 35
93 27
92 34
90 43
89 43
88 51
87 83
86 58
85 80
84 13
83 98
82 83
81 88
80 57
79 44
78 29
77 56
76 87
75 93
74 56
73 89
72 75
71 54
70 61
69 69
68 49
67 75
66 100
65 96
64 58
63 30
62 36
61 76
60 62
59 69
58 50
57 35
56 38
55 91
54 71
53 42
52 40
51 64
50 66
49 82
48 13
47 92
46 74
45 34
44 23
43 78
42 32
41 42
40 12
39 90
38 29
37 14
36 40
35 11
34 94
33 75
32 85
31 70
30 36
29 23
28 94
27 29
26 42
25 17
24 13
23 24
22 60
21 94
20 71
19 60
18 24
17 57
16 72
15 12
14 98
13 63
12 25
11 94
10 47
9 28
8 83
7 15
6 91
5 47
4 27
3 25
2 70
1 26
100 12
99 77
98 50
97 79
96 16
95 69
94 69
93 49
91 66
90 22
89 100
88 60
87 22
86 68
85 50
84 25
83 55
82 92
81 60
80 75
79 27
78 53
77 45
76 56
75 73
74 43
73 55
72 29
71 96
70 54
69 25
68 72
67 69
66 40
65 20
64 35
63 66
62 65
61 43
60 39
59 68
58 83
57 70
56 72
55 61
54 50
53 57
52 61
51 44
50 67
49 12
48 11
47 67
46 94
45 26
44 93
43 93
42 51
41 35
40 38
39 24
38 15
37 46
36 36
35 73
34 69
33 12
32 37
31 42
30 64
29 34
28 15
27 50
26 94
25 59
24 54
23 61
22 60
21 89
20 78
19 36
18 100
17 62
16 99
15 54
14 60
13 74
12 33
11 72
10 58
9 65
8 82
7 99
6 16
5 16
4 65
3 51
2 71
1 37
100 42
99 61
98 51
97 42
96 45
95 46
94 58
92 35
91 24
90 87
89 92
88 27
87 33
86 68
85 94
84 83
83 67
82 61
81 94
80 42
79 78
78 98
77 29
76 23
75 11
74 68
73 49
72 71
71 44
70 55
69 71
68 45
67 52
66 33
65 39
64 31
63 82
62 21
61 83
60 73
59 100
58 95
57 43
56 54
55 84
54 84
53 47
52 21
51 27
50 77
49 72
48 73
47 75
46 82
45 54
44 13
43 39
42 23
41 89
40 63
39 16
38 79
37 91
36 27
35 16
34 76
33 72
32 60
31 47
30 85
29 45
28 69
27 100
26 74
25 35
24 51
23 35
22 69
21 49
20 94
19 92
18 12
17 66
16 16
15 36
14 13
13 49
12 71
11 87
10 93
9 86
8 71
7 32
6 24
5 90
4 22
3 34
2 65
1 81
100 89
99 94
98 76
97 72
96 89
95 97
93 42
92 40
91 82
90 53
89 59
88 57
87 12
86 61
85 87
84 60
83 91
82 57
81 72
80 51
79 38
78 15
77 52
76 67
75 95
74 62
73 88
72 63
71 62
70 96
69 58
68 13
67 82
66 10
65 94
64 99
63 83
62 36
61 14
60 22
59 56
58 53
57 90
56 62
55 49
54 62
53 76
52 44
51 48
50 53
49 59
48 40
47 20
46 39
45 10
44 75
43 26
42 34
41 23
40 26
39 83
38 47
37 97
36 72
35 72
34 37
33 55
32 98
31 25
30 67
29 79
28 64
27 78
26 89
25 25
24 99
23 72
22 59
21 71
20 71
19 98
18 73
17 64
16 71
15 82
14 71
13 27
12 47
11 36
10 71
9 34
8 20
7 39
6 33
5 97
4 46
3 89
2 38
1 38
100 28
99 76
98 20
97 65
96 56
94 40
93 16
92 72
91 63
90 71
89 99
88 38
87 33
86 92
85 46
84 51
83 47
82 63
81 92
80 42
79 22
78 71
77 22
76 49
75 74
74 96
73 67
72 12
71 14
70 24
69 80
68 62
67 71
66 67
65 46
64 19
63 68
62 29
61 11
60 98
59 68
58 21
57 93
56 76
55 33
54 69
53 47
52 76
51 19
50 82
49 55
48 36
47 53
46 96
45 26
44 49
43 82
42 97
41 91
40 13
39 80
38 96
37 50
36 49
35 19
34 41
33 95
32 18
31 53
30 56
29 61
28 22
27 100
26 75
25 64
24 91
23 63
22 70
21 80
20 88
19 75
18 42
17 27
16 84
15 78
14 37
13 17
12 24
11 77
10 20
9 90
8 65
7 89
6 42
5 22
4 83
3 55
2 40
1 20
100 80
99 46
98 51
97 93
95 18
94 23
93 43
92 61
91 92
90 61
89 49
88 48
87 49
86 76
85 41
84 67
83 94
82 57
81 53
80 88
79 26
78 50
77 49
76 35
75 17
74 82
73 67
72 68
71 46
70 57
69 39
68 69
67 61
66 20
65 40
64 73
63 65
62 96
61 69
60 78
59 12
58 67
57 60
56 65
55 92
54 44
53 46
52 17
51 13
50 93
49 82
48 92
47 87
46 89
45 62
44 32
43 94
42 95
41 21
40 94
39 82
38 53
37 42
36 43
35 24
34 11
33 11
32 44
31 56
30 48
29 20
28 100
27 17
26 64
25 85
24 22
23 11
22 49
21 49
20 15
19 15
18 87
17 56
16 93
15 68
14 32
13 61
12 41
11 79
10 33
9 68
8 60
7 57
6 78
5 82
4 88
3 72
2 43
1 68
100 23
99 34
98 84
96 85
95 61
94 76
93 10
92 16
91 46
90 83
89 15
88 44
87 46
86 20
85 86
84 89
83 45
82 67
81 23
80 56
79 47
78 87
77 96
76 73
75 74
74 37
73 40
72 75
71 39
70 17
69 70
68 54
67 46
66 61
65 19
64 13
63 33
62 27
61 98
60 47
59 68
58 90
57 95
56 74
55 38
54 21
53 94
52 61
51 69
50 11
49 81
48 50
47 29
46 52
45 44
44 28
43 23
42 12
41 95
40 64
39 68
38 81
37 81
36 26
35 27
34 47
33 70
32 59
31 27
30 56
29 54
28 79
27 19
26 99
25 96
24 14
23 91
22 36
21 59
20 92
19 21
18 19
17 61
16 23
15 61
14 54
13 94
12 70
11 36
10 35
9 44
8 59
7 96
6 21
5 37
4 18
3 65
2 20
1 39
100 93
99 41
97 88
96 21
95 20
94 46
93 82
92 84
91 62
90 55
89 12
88 51
87 10
86 87
85 22
84 67
83 56
82 62
81 15
80 48
79 62
78 14
77 76
76 38
75 76
74 92
73 97
72 31
71 94
70 92
69 56
68 89
67 17
66 44
65 93
64 33
63 15
62 65
61 24
60 65
59 44
58 60
57 17
56 13
55 13
54 66
53 15
52 37
51 14
50 69
49 44
48 82
47 24
46 22
45 45
44 93
43 94
42 52
41 84
40 53
39 74
38 42
37 30
36 71
35 68
34 52
33 10
32 14
31 10
30 28
29 24
28 12
27 59
26 72
25 43
24 82
23 32
22 77
21 43
20 72
19 67
18 21
17 92
16 35
15 40
14 93
13 21
12 65
11 57
10 45
9 28
8 13
7 20
6 47
5 94
4 86
3 99
2 69
1 13
100 99
98 69
97 95
96 85
95 60
94 96
93 55
92 23
91 63
90 65
89 15
88 71
87 10
86 96
85 97
84 32
83 82
82 99
81 91
80 91
79 41
78 60
77 17
76 10
75 84
74 43
73 80
72 69
71 17
70 47
69 41
68 49
67 34
66 36
65 99
64 81
63 85
62 82
61 72
60 83
59 82
58 82
57 82
56 60
55 34
54 17
53 88
52 24
51 86
50 100
49 65
48 66
47 53
46 40
45 46
44 58
43 99
42 74
41 28
40 88
39 22
38 20
37 96
36 21
35 43
34 57
33 13
32 83
31 10
30 88
29 50
28 91
27 10
26 89
25 10
24 51
23 82
22 50
21 43
20 59
19 82
18 65
17 93
16 20
15 40
14 74
13 65
12 88
11 61
10 11
9 36
8 47
7 11
6 61
5 74
4 31
3 56
2 85
1 62
99 100
98 66
97 70
96 65
95 52
94 72
93 27
92 71
91 72
90 51
89 99
88 85
87 47
86 52
85 14
84 54
83 96
82 86
81 71
80 25
79 49
78 76
77 33
76 19
75 25
74 15
73 54
72 25
71 66
70 32
69 89
68 38
67 67
66 19
65 23
64 22
63 96
62 84
61 62
60 80
59 82
58 97
57 89
56 95
55 24
54 43
53 37
52 69
51 40
50 62
49 36
48 11
47 20
46 27
45 33
44 38
43 29
42 16
41 27
40 15
39 33
38 32
37 13
36 43
35 95
34 97
33 64
32 85
31 43
30 85
29 93
28 58
27 56
26 44
25 35
24 12
23 67
22 50
21 64
20 16
19 96
18 10
17 43
16 28
15 67
14 22
13 91
12 64
11 96
10 34
9 92
8 17
7 10
6 49
5 15
4 97
3 34
2 48
1 53
47
98
1 47 
2 19 100 
1 55 
2 64 13 
2 1 76 
1 79 
1 32 
1 62 
1 12 
3 70 90 80 
1 50 
1 48 
1 8 
2 23 51 
1 21 
1 5 
1 75 
1 92 
1 7 
2 4 44 
2 14 18 
1 30 
1 41 
1 97 
2 87 11 
1 36 
1 71 
1 82 
1 94 
1 54 
1 52 
1 10 
2 86 40 
1 88 
1 69 
1 99 
1 37 
1 3 
1 85 
1 15 
2 26 73 
1 46 
2 6 95 
1 53 
1 29 
1 93 
3 24 66 65 
2 39 78 
3 68 25 77 
1 56 
1 63 
2 17 67 
1 59 
1 9 
2 34 89 
1 42 
1 49 
1 22 
2 58 83 
1 98 
