100 9900 10 100 60
99
99
99
99
99
99
99
99
99
99
99
99
99
99
99
99
99
99
99
99
99
99
99
99
99
99
99
99
99
99
99
99
99
99
99
99
99
99
99
99
99
99
99
99
99
99
99
99
99
99
99
99
99
99
99
99
99
99
99
99
99
99
99
99
99
99
99
99
99
99
99
99
99
99
99
99
99
99
99
99
99
99
99
99
99
99
99
99
99
99
99
99
99
99
99
99
99
99
99
99
100 62
99 16
98 98
97 38
96 16
95 82
94 93
93 22
92 60
91 78
90 18
89 57
88 57
87 45
86 88
85 74
84 17
83 97
82 22
81 80
80 55
79 91
78 68
77 58
76 44
75 85
74 19
73 31
72 100
71 45
70 59
69 98
68 12
67 31
66 90
65 85
64 86
63 40
62 24
61 70
60 55
59 92
58 83
57 69
56 52
55 54
54 32
53 12
52 31
51 16
50 67
49 41
48 92
47 100
46 40
45 87
44 37
43 99
42 100
41 36
40 38
39 55
38 99
37 30
36 37
35 89
34 88
33 28
32 66
31 37
30 66
29 88
28 79
27 31
26 59
25 98
24 63
23 42
22 86
21 56
20 86
19 69
18 63
17 19
16 87
15 52
14 64
13 75
12 60
11 83
10 88
9 49
8 53
7 79
6 68
5 12
4 20
3 11
2 69
100 31
99 17
98 13
97 86
96 88
95 14
94 12
93 94
92 71
91 42
90 35
89 78
88 26
87 38
86 83
85 16
84 71
83 40
82 48
81 81
80 89
79 33
78 26
77 41
76 34
75 24
74 16
73 24
72 26
71 85
70 85
69 53
68 39
67 83
66 40
65 56
64 21
63 96
62 76
61 47
60 36
59 87
58 93
57 39
56 50
55 31
54 23
53 62
52 10
51 38
50 83
49 91
48 96
47 35
46 48
45 41
44 59
43 54
42 23
41 30
40 16
39 70
38 66
37 98
36 16
35 100
34 95
33 25
32 87
31 97
30 80
29 76
28 16
27 53
26 30
25 42
24 12
23 39
22 17
21 80
20 46
19 45
18 12
17 10
16 96
15 37
14 26
13 56
12 24
11 15
10 93
9 23
8 26
7 32
6 85
5 24
4 35
3 69
1 29
100 23
99 27
98 51
97 33
96 26
95 38
94 14
93 61
92 96
91 29
90 44
89 68
88 99
87 14
86 22
85 47
84 66
83 51
82 15
81 45
80 57
79 52
78 59
77 18
76 46
75 13
74 19
73 57
72 47
71 22
70 86
69 86
68 72
67 31
66 83
65 33
64 57
63 87
62 27
61 54
60 66
59 29
58 92
57 96
56 50
55 31
54 97
53 69
52 59
51 87
50 50
49 62
48 65
47 39
46 47
45 89
44 96
43 53
42 88
41 45
40 33
39 49
38 48
37 62
36 54
35 68
34 62
33 75
32 38
31 10
30 67
29 83
28 77
27 66
26 17
25 67
24 78
23 85
22 15
21 58
20 32
19 61
18 29
17 27
16 91
15 60
14 63
13 59
12 67
11 89
10 94
9 17
8 41
7 90
6 56
5 24
4 49
2 42
1 19
100 49
99 27
98 43
97 29
96 56
95 83
94 58
93 92
92 52
91 15
90 49
89 79
88 63
87 59
86 28
85 59
84 98
83 56
82 65
81 76
80 51
79 19
78 78
77 17
76 77
75 88
74 48
73 62
72 89
71 63
70 64
69 96
68 99
67 68
66 31
65 79
64 93
63 91
62 37
61 76
60 48
59 100
58 16
57 37
56 54
55 65
54 84
53 77
52 52
51 56
50 85
49 14
48 28
47 11
46 96
45 39
44 90
43 78
42 21
41 86
40 56
39 97
38 67
37 92
36 40
35 73
34 41
33 82
32 67
31 79
30 72
29 78
28 58
27 18
26 82
25 97
24 53
23 35
22 64
21 47
20 94
19 68
18 34
17 35
16 24
15 91
14 22
13 74
12 57
11 45
10 31
9 15
8 98
7 35
6 66
5 68
3 86
2 25
1 32
100 57
99 78
98 72
97 13
96 78
95 55
94 67
93 14
92 23
91 14
90 92
89 60
88 52
87 40
86 55
85 12
84 16
83 46
82 92
81 85
80 97
79 62
78 95
77 75
76 73
75 42
74 40
73 88
72 88
71 38
70 40
69 26
68 81
67 44
66 66
65 55
64 77
63 11
62 55
61 19
60 14
59 44
58 83
57 47
56 26
55 86
54 82
53 93
52 55
51 42
50 36
49 28
48 80
47 48
46 74
45 32
44 14
43 89
42 37
41 25
40 14
39 78
38 79
37 80
36 34
35 36
34 51
33 27
32 13
31 54
30 17
29 44
28 93
27 21
26 55
25 58
24 59
23 10
22 14
21 88
20 52
19 99
18 88
17 67
16 38
15 94
14 70
13 81
12 67
11 92
10 65
9 12
8 83
7 95
6 84
4 42
3 10
2 93
1 32
100 99
99 84
98 62
97 74
96 61
95 87
94 28
93 58
92 67
91 47
90 82
89 63
88 56
87 44
86 84
85 25
84 39
83 95
82 88
81 10
80 65
79 55
78 31
77 42
76 43
75 13
74 20
73 29
72 38
71 96
70 31
69 70
68 24
67 21
66 39
65 78
64 31
63 53
62 36
61 66
60 71
59 20
58 50
57 54
56 18
55 86
54 18
53 60
52 36
51 44
50 50
49 64
48 35
47 77
46 25
45 41
44 30
43 53
42 10
41 77
40 86
39 91
38 55
37 57
36 64
35 98
34 23
33 17
32 37
31 30
30 49
29 54
28 58
27 25
26 25
25 78
24 10
23 58
22 21
21 47
20 97
19 42
18 46
17 98
16 58
15 37
14 50
13 92
12 27
11 43
10 66
9 14
8 26
7 53
5 70
4 79
3 22
2 22
1 72
100 80
99 61
98 79
97 36
96 23
95 85
94 55
93 74
92 35
91 97
90 23
89 10
88 88
87 83
86 29
85 53
84 54
83 84
82 21
81 73
80 13
79 27
78 23
77 18
76 100
75 49
74 98
73 67
72 39
71 76
70 69
69 93
68 93
67 38
66 98
65 20
64 64
63 19
62 44
61 20
60 73
59 91
58 41
57 13
56 98
55 10
54 44
53 17
52 78
51 51
50 80
49 39
48 49
47 13
46 25
45 79
44 32
43 68
42 99
41 17
40 48
39 83
38 74
37 19
36 84
35 63
34 70
33 14
32 71
31 86
30 47
29 99
28 23
27 23
26 90
25 31
24 30
23 53
22 21
21 93
20 97
19 14
18 12
17 75
16 25
15 14
14 47
13 21
12 63
11 61
10 43
9 35
8 67
6 54
5 62
4 94
3 24
2 12
1 95
100 14
99 22
98 89
97 63
96 95
95 31
94 69
93 81
92 88
91 53
90 81
89 44
88 25
87 75
86 66
85 89
84 97
83 75
82 85
81 49
80 99
79 71
78 55
77 37
76 55
75 67
74 68
73 88
72 88
71 21
70 84
69 99
68 91
67 60
66 87
65 12
64 43
63 81
62 44
61 44
60 20
59 64
58 24
57 42
56 12
55 88
54 40
53 92
52 74
51 53
50 63
49 58
48 15
47 35
46 19
45 26
44 28
43 58
42 66
41 15
40 30
39 72
38 57
37 63
36 99
35 48
34 34
33 57
32 27
31 100
30 67
29 74
28 70
27 37
26 48
25 58
24 51
23 71
22 62
21 78
20 20
19 47
18 91
17 50
16 78
15 82
14 32
13 82
12 60
11 96
10 66
9 23
7 80
6 79
5 28
4 47
3 19
2 84
1 91
100 11
99 80
98 69
97 24
96 28
95 29
94 14
93 77
92 82
91 57
90 55
89 93
88 79
87 86
86 43
85 25
84 23
83 84
82 38
81 26
80 93
79 17
78 28
77 76
76 89
75 55
74 55
73 62
72 70
71 20
70 22
69 80
68 84
67 35
66 51
65 19
64 85
63 82
62 91
61 50
60 32
59 69
58 67
57 47
56 13
55 42
54 53
53 37
52 72
51 78
50 45
49 47
48 30
47 74
46 95
45 66
44 37
43 81
42 54
41 44
40 86
39 21
38 52
37 41
36 52
35 26
34 25
33 25
32 26
31 47
30 99
29 91
28 80
27 80
26 33
25 64
24 77
23 64
22 30
21 86
20 51
19 85
18 63
17 83
16 13
15 44
14 75
13 58
12 51
11 79
10 80
8 67
7 46
6 98
5 92
4 72
3 45
2 94
1 57
100 52
99 64
98 38
97 21
96 76
95 16
94 60
93 52
92 29
91 92
90 55
89 80
88 60
87 31
86 59
85 51
84 51
83 88
82 29
81 95
80 85
79 98
78 97
77 89
76 28
75 94
74 82
73 37
72 43
71 51
70 61
69 23
68 75
67 66
66 13
65 43
64 32
63 94
62 62
61 65
60 21
59 20
58 11
57 44
56 92
55 97
54 29
53 55
52 85
51 46
50 41
49 96
48 20
47 74
46 66
45 97
44 83
43 18
42 63
41 38
40 45
39 70
38 61
37 68
36 46
35 95
34 30
33 27
32 78
31 50
30 40
29 46
28 77
27 81
26 89
25 98
24 35
23 87
22 92
21 83
20 13
19 45
18 57
17 67
16 53
15 18
14 83
13 42
12 57
11 45
9 95
8 39
7 52
6 55
5 19
4 17
3 99
2 54
1 74
100 20
99 43
98 36
97 96
96 79
95 62
94 38
93 80
92 87
91 20
90 60
89 34
88 27
87 89
86 50
85 56
84 54
83 46
82 82
81 97
80 27
79 80
78 22
77 53
76 72
75 24
74 41
73 10
72 81
71 98
70 82
69 84
68 83
67 28
66 32
65 83
64 54
63 76
62 77
61 51
60 80
59 90
58 100
57 25
56 24
55 39
54 25
53 75
52 87
51 88
50 94
49 45
48 15
47 63
46 69
45 70
44 12
43 70
42 54
41 46
40 60
39 44
38 27
37 54
36 85
35 44
34 23
33 36
32 14
31 100
30 15
29 31
28 64
27 69
26 28
25 17
24 24
23 36
22 66
21 78
20 91
19 31
18 37
17 69
16 97
15 79
14 76
13 23
12 94
10 34
9 44
8 65
7 52
6 85
5 23
4 32
3 49
2 100
1 65
100 54
99 27
98 98
97 83
96 47
95 85
94 95
93 89
92 89
91 38
90 87
89 20
88 19
87 38
86 76
85 83
84 43
83 10
82 97
81 51
80 99
79 100
78 10
77 93
76 36
75 53
74 21
73 27
72 36
71 51
70 81
69 68
68 14
67 65
66 47
65 89
64 61
63 41
62 31
61 17
60 97
59 76
58 91
57 29
56 35
55 40
54 61
53 13
52 81
51 77
50 21
49 51
48 30
47 63
46 14
45 99
44 89
43 25
42 21
41 55
40 84
39 13
38 83
37 56
36 74
35 68
34 11
33 54
32 25
31 59
30 22
29 58
28 64
27 56
26 14
25 18
24 85
23 80
22 78
21 39
20 85
19 98
18 72
17 59
16 22
15 69
14 92
13 69
11 17
10 52
9 59
8 92
7 86
6 67
5 15
4 70
3 45
2 32
1 59
100 76
99 74
98 29
97 38
96 37
95 21
94 87
93 84
92 92
91 84
90 48
89 42
88 42
87 74
86 12
85 48
84 67
83 98
82 71
81 64
80 90
79 60
78 41
77 57
76 21
75 43
74 38
73 67
72 88
71 43
70 62
69 33
68 10
67 37
66 10
65 10
64 16
63 12
62 32
61 81
60 27
59 79
58 71
57 90
56 22
55 10
54 16
53 21
52 33
51 29
50 53
49 77
48 18
47 33
46 20
45 95
44 87
43 45
42 61
41 41
40 90
39 48
38 70
37 50
36 53
35 48
34 35
33 50
32 84
31 14
30 59
29 69
28 85
27 62
26 93
25 85
24 29
23 60
22 52
21 67
20 81
19 50
18 66
17 24
16 37
15 10
14 84
12 20
11 53
10 97
9 30
8 58
7 99
6 68
5 28
4 83
3 50
2 16
1 97
100 89
99 57
98 67
97 10
96 79
95 24
94 82
93 95
92 43
91 10
90 58
89 43
88 45
87 17
86 87
85 75
84 16
83 51
82 71
81 86
80 36
79 84
78 78
77 52
76 36
75 87
74 46
73 21
72 32
71 35
70 68
69 82
68 39
67 95
66 83
65 93
64 64
63 71
62 52
61 82
60 12
59 38
58 22
57 11
56 93
55 46
54 96
53 69
52 75
51 10
50 45
49 91
48 91
47 22
46 85
45 85
44 31
43 66
42 37
41 78
40 61
39 37
38 48
37 84
36 29
35 10
34 98
33 16
32 72
31 94
30 47
29 87
28 65
27 45
26 59
25 31
24 68
23 52
22 51
21 55
20 76
19 29
18 91
17 63
16 41
15 16
13 44
12 23
11 30
10 62
9 37
8 22
7 77
6 95
5 12
4 98
3 75
2 76
1 42
100 73
99 93
98 83
97 48
96 93
95 59
94 33
93 83
92 10
91 46
90 23
89 26
88 63
87 65
86 60
85 44
84 84
83 41
82 35
81 21
80 83
79 18
78 93
77 97
76 75
75 21
74 44
73 31
72 33
71 24
70 30
69 22
68 83
67 18
66 44
65 46
64 39
63 85
62 82
61 94
60 68
59 57
58 20
57 43
56 97
55 93
54 61
53 35
52 81
51 22
50 76
49 90
48 17
47 40
46 52
45 24
44 46
43 76
42 90
41 48
40 11
39 36
38 84
37 31
36 68
35 84
34 29
33 39
32 88
31 25
30 11
29 95
28 18
27 63
26 80
25 66
24 74
23 10
22 27
21 86
20 30
19 44
18 42
17 38
16 31
14 19
13 90
12 60
11 88
10 75
9 13
8 44
7 77
6 13
5 55
4 46
3 29
2 26
1 23
100 28
99 70
98 90
97 67
96 25
95 71
94 24
93 81
92 62
91 99
90 78
89 65
88 33
87 79
86 25
85 38
84 92
83 69
82 29
81 40
80 55
79 36
78 59
77 33
76 19
75 63
74 93
73 14
72 68
71 63
70 68
69 100
68 62
67 21
66 90
65 41
64 52
63 66
62 18
61 48
60 39
59 65
58 52
57 39
56 43
55 65
54 76
53 60
52 50
51 70
50 48
49 77
48 88
47 22
46 73
45 91
44 63
43 15
42 49
41 49
40 39
39 40
38 31
37 66
36 87
35 31
34 89
33 37
32 77
31 33
30 26
29 58
28 19
27 49
26 66
25 28
24 59
23 35
22 46
21 78
20 42
19 89
18 58
17 15
15 98
14 77
13 38
12 40
11 69
10 92
9 38
8 68
7 14
6 36
5 13
4 42
3 41
2 20
1 46
100 95
99 42
98 39
97 22
96 19
95 74
94 29
93 53
92 36
91 27
90 38
89 57
88 79
87 89
86 47
85 65
84 36
83 20
82 52
81 94
80 72
79 28
78 77
77 48
76 92
75 54
74 60
73 88
72 85
71 31
70 74
69 98
68 51
67 85
66 74
65 34
64 72
63 23
62 41
61 54
60 65
59 48
58 62
57 70
56 19
55 29
54 38
53 80
52 38
51 49
50 12
49 76
48 33
47 14
46 96
45 30
44 88
43 39
42 49
41 62
40 47
39 87
38 40
37 32
36 98
35 82
34 73
33 86
32 45
31 41
30 53
29 60
28 26
27 51
26 31
25 64
24 20
23 64
22 67
21 15
20 47
19 14
18 76
16 66
15 55
14 12
13 28
12 52
11 68
10 88
9 33
8 87
7 22
6 66
5 69
4 58
3 39
2 10
1 62
100 48
99 43
98 11
97 50
96 84
95 51
94 74
93 87
92 46
91 88
90 50
89 86
88 55
87 96
86 62
85 75
84 90
83 84
82 54
81 13
80 34
79 15
78 84
77 71
76 32
75 37
74 44
73 83
72 33
71 36
70 90
69 32
68 30
67 16
66 67
65 57
64 87
63 51
62 74
61 40
60 62
59 52
58 49
57 90
56 51
55 35
54 69
53 38
52 92
51 22
50 10
49 66
48 85
47 27
46 84
45 42
44 77
43 38
42 24
41 31
40 89
39 41
38 54
37 43
36 69
35 85
34 26
33 76
32 73
31 22
30 77
29 53
28 91
27 51
26 37
25 66
24 15
23 17
22 43
21 58
20 77
19 68
17 99
16 85
15 25
14 31
13 38
12 74
11 81
10 83
9 20
8 73
7 65
6 48
5 29
4 22
3 85
2 26
1 54
100 61
99 82
98 96
97 71
96 29
95 45
94 36
93 19
92 21
91 91
90 84
89 34
88 26
87 72
86 75
85 43
84 36
83 44
82 25
81 67
80 61
79 85
78 90
77 45
76 17
75 28
74 85
73 53
72 99
71 84
70 22
69 12
68 99
67 69
66 90
65 73
64 100
63 65
62 60
61 44
60 97
59 67
58 59
57 26
56 14
55 83
54 41
53 64
52 59
51 89
50 82
49 57
48 26
47 76
46 61
45 42
44 60
43 33
42 36
41 12
40 17
39 95
38 66
37 29
36 13
35 74
34 80
33 65
32 94
31 24
30 88
29 52
28 75
27 72
26 43
25 84
24 53
23 27
22 99
21 91
20 95
18 95
17 20
16 47
15 49
14 28
13 65
12 53
11 38
10 47
9 90
8 90
7 31
6 49
5 12
4 64
3 70
2 73
1 96
100 71
99 36
98 70
97 95
96 48
95 87
94 66
93 87
92 60
91 83
90 23
89 78
88 91
87 97
86 47
85 26
84 70
83 11
82 99
81 49
80 83
79 50
78 75
77 86
76 28
75 56
74 79
73 91
72 35
71 35
70 86
69 90
68 45
67 70
66 86
65 13
64 86
63 86
62 32
61 91
60 47
59 87
58 66
57 10
56 74
55 39
54 76
53 41
52 47
51 60
50 42
49 51
48 74
47 48
46 60
45 23
44 55
43 25
42 63
41 55
40 71
39 32
38 35
37 33
36 87
35 85
34 72
33 13
32 31
31 65
30 33
29 40
28 67
27 60
26 68
25 61
24 80
23 36
22 85
21 40
19 13
18 36
17 34
16 81
15 55
14 40
13 95
12 65
11 25
10 54
9 90
8 22
7 60
6 75
5 66
4 13
3 76
2 23
1 89
100 53
99 57
98 75
97 33
96 49
95 39
94 55
93 51
92 56
91 26
90 29
89 22
88 41
87 78
86 12
85 68
84 51
83 76
82 93
81 39
80 68
79 12
78 31
77 11
76 21
75 14
74 69
73 64
72 70
71 61
70 40
69 57
68 93
67 100
66 33
65 76
64 74
63 72
62 39
61 59
60 80
59 92
58 60
57 30
56 14
55 35
54 30
53 58
52 19
51 39
50 83
49 29
48 20
47 40
46 18
45 49
44 79
43 73
42 38
41 30
40 54
39 71
38 34
37 72
36 97
35 29
34 41
33 20
32 36
31 60
30 73
29 85
28 27
27 32
26 97
25 10
24 26
23 79
22 78
20 82
19 94
18 27
17 37
16 21
15 82
14 91
13 18
12 99
11 64
10 37
9 89
8 44
7 34
6 80
5 50
4 93
3 92
2 85
1 10
100 20
99 46
98 98
97 90
96 38
95 91
94 37
93 20
92 64
91 73
90 68
89 76
88 27
87 93
86 71
85 70
84 73
83 86
82 59
81 92
80 67
79 80
78 62
77 66
76 91
75 48
74 99
73 76
72 60
71 59
70 54
69 100
68 90
67 93
66 91
65 18
64 61
63 63
62 80
61 61
60 90
59 25
58 26
57 97
56 30
55 65
54 50
53 59
52 18
51 82
50 12
49 14
48 92
47 81
46 48
45 56
44 58
43 15
42 95
41 36
40 35
39 95
38 52
37 73
36 44
35 72
34 25
33 69
32 23
31 21
30 98
29 83
28 64
27 48
26 31
25 89
24 77
23 96
21 21
20 29
19 16
18 37
17 90
16 66
15 98
14 39
13 63
12 51
11 22
10 51
9 58
8 55
7 75
6 57
5 70
4 52
3 21
2 62
1 37
100 81
99 72
98 26
97 83
96 42
95 77
94 39
93 71
92 42
91 27
90 35
89 68
88 94
87 15
86 95
85 43
84 19
83 50
82 24
81 90
80 14
79 17
78 71
77 58
76 97
75 19
74 21
73 82
72 17
71 97
70 98
69 26
68 60
67 53
66 43
65 35
64 27
63 81
62 63
61 40
60 13
59 29
58 19
57 33
56 12
55 87
54 68
53 96
52 85
51 44
50 100
49 65
48 10
47 52
46 95
45 95
44 88
43 80
42 93
41 28
40 62
39 54
38 45
37 29
36 79
35 65
34 45
33 68
32 55
31 43
30 45
29 41
28 94
27 20
26 65
25 55
24 19
22 57
21 31
20 88
19 24
18 38
17 44
16 48
15 62
14 98
13 45
12 76
11 44
10 77
9 90
8 79
7 59
6 13
5 66
4 42
3 90
2 18
1 60
100 94
99 46
98 22
97 76
96 76
95 32
94 73
93 85
92 62
91 63
90 53
89 90
88 34
87 11
86 16
85 59
84 85
83 88
82 46
81 13
80 54
79 47
78 89
77 78
76 19
75 54
74 45
73 45
72 52
71 98
70 66
69 32
68 66
67 99
66 66
65 62
64 67
63 64
62 91
61 65
60 14
59 37
58 10
57 82
56 90
55 87
54 46
53 68
52 100
51 95
50 15
49 15
48 50
47 31
46 49
45 38
44 90
43 22
42 11
41 85
40 91
39 93
38 29
37 77
36 95
35 85
34 63
33 74
32 22
31 98
30 27
29 90
28 40
27 50
26 72
25 79
23 84
22 65
21 88
20 16
19 80
18 100
17 75
16 16
15 82
14 27
13 63
12 17
11 45
10 86
9 18
8 84
7 26
6 53
5 23
4 50
3 24
2 54
1 69
100 51
99 75
98 66
97 15
96 18
95 63
94 44
93 25
92 64
91 22
90 18
89 95
88 91
87 60
86 44
85 78
84 87
83 68
82 28
81 86
80 94
79 77
78 66
77 98
76 22
75 80
74 14
73 50
72 93
71 80
70 67
69 81
68 94
67 64
66 80
65 46
64 70
63 100
62 79
61 14
60 73
59 16
58 36
57 14
56 19
55 77
54 78
53 47
52 69
51 54
50 87
49 50
48 54
47 38
46 99
45 62
44 98
43 97
42 11
41 10
40 74
39 59
38 98
37 70
36 31
35 82
34 85
33 85
32 38
31 30
30 60
29 36
28 79
27 49
26 89
24 41
23 62
22 81
21 32
20 19
19 50
18 36
17 98
16 41
15 42
14 75
13 70
12 60
11 18
10 87
9 96
8 75
7 91
6 12
5 32
4 90
3 15
2 85
1 79
100 14
99 68
98 15
97 68
96 14
95 89
94 20
93 35
92 25
91 61
90 100
89 89
88 21
87 82
86 90
85 36
84 59
83 20
82 34
81 64
80 59
79 40
78 47
77 34
76 44
75 27
74 38
73 25
72 53
71 65
70 64
69 93
68 57
67 31
66 78
65 21
64 41
63 88
62 87
61 77
60 89
59 34
58 29
57 36
56 19
55 24
54 57
53 19
52 15
51 23
50 78
49 63
48 51
47 53
46 98
45 86
44 91
43 66
42 91
41 62
40 94
39 30
38 38
37 96
36 39
35 38
34 59
33 31
32 95
31 61
30 96
29 70
28 94
27 31
25 57
24 25
23 16
22 74
21 57
20 87
19 73
18 48
17 95
16 91
15 71
14 90
13 92
12 40
11 80
10 60
9 24
8 14
7 41
6 59
5 80
4 40
3 31
2 67
1 50
100 69
99 27
98 17
97 30
96 82
95 95
94 63
93 38
92 46
91 82
90 13
89 59
88 20
87 21
86 45
85 10
84 95
83 84
82 83
81 81
80 27
79 64
78 72
77 73
76 12
75 74
74 65
73 76
72 97
71 74
70 39
69 49
68 98
67 30
66 16
65 44
64 31
63 99
62 67
61 46
60 69
59 87
58 12
57 54
56 23
55 56
54 19
53 100
52 26
51 53
50 19
49 52
48 84
47 74
46 56
45 75
44 44
43 100
42 96
41 62
40 46
39 51
38 66
37 14
36 24
35 30
34 53
33 78
32 67
31 30
30 94
29 25
28 87
26 42
25 58
24 19
23 39
22 48
21 99
20 78
19 37
18 40
17 97
16 93
15 84
14 23
13 55
12 69
11 69
10 66
9 89
8 41
7 23
6 24
5 64
4 21
3 32
2 23
1 21
100 27
99 19
98 59
97 37
96 55
95 44
94 53
93 27
92 81
91 49
90 43
89 82
88 87
87 78
86 73
85 32
84 39
83 33
82 72
81 98
80 73
79 23
78 71
77 59
76 16
75 39
74 55
73 52
72 20
71 35
70 63
69 62
68 27
67 14
66 99
65 27
64 86
63 11
62 20
61 14
60 37
59 100
58 28
57 35
56 24
55 30
54 12
53 48
52 23
51 91
50 20
49 72
48 44
47 17
46 79
45 23
44 56
43 99
42 38
41 35
40 14
39 21
38 25
37 27
36 48
35 71
34 21
33 43
32 15
31 39
30 68
29 33
27 11
26 76
25 80
24 86
23 49
22 76
21 74
20 42
19 59
18 72
17 23
16 87
15 70
14 64
13 38
12 63
11 40
10 10
9 50
8 31
7 18
6 45
5 96
4 78
3 69
2 84
1 23
100 53
99 43
98 23
97 54
96 17
95 53
94 70
93 14
92 65
91 34
90 18
89 64
88 68
87 69
86 55
85 89
84 31
83 80
82 67
81 26
80 23
79 76
78 18
77 20
76 11
75 90
74 29
73 77
72 38
71 77
70 89
69 45
68 83
67 14
66 18
65 64
64 50
63 14
62 39
61 98
60 53
59 81
58 30
57 73
56 24
55 95
54 55
53 90
52 60
51 71
50 60
49 80
48 99
47 70
46 21
45 20
44 91
43 44
42 82
41 45
40 85
39 98
38 48
37 67
36 61
35 29
34 37
33 78
32 41
31 28
30 25
28 17
27 19
26 86
25 32
24 51
23 20
22 15
21 90
20 73
19 19
18 65
17 56
16 31
15 48
14 30
13 96
12 79
11 38
10 81
9 88
8 79
7 39
6 15
5 70
4 26
3 92
2 16
1 56
100 100
99 39
98 80
97 25
96 65
95 31
94 60
93 42
92 53
91 17
90 42
89 14
88 22
87 50
86 59
85 13
84 36
83 12
82 40
81 92
80 10
79 89
78 69
77 62
76 95
75 66
74 98
73 27
72 22
71 16
70 49
69 33
68 28
67 27
66 39
65 79
64 86
63 39
62 13
61 23
60 40
59 75
58 71
57 84
56 47
55 48
54 27
53 60
52 60
51 30
50 21
49 15
48 58
47 38
46 61
45 45
44 17
43 93
42 12
41 100
40 88
39 90
38 91
37 10
36 34
35 23
34 49
33 66
32 23
31 41
29 69
28 82
27 12
26 82
25 45
24 39
23 13
22 94
21 95
20 96
19 18
18 74
17 93
16 75
15 72
14 20
13 60
12 84
11 26
10 31
9 93
8 82
7 40
6 17
5 16
4 69
3 62
2 35
1 51
100 87
99 33
98 44
97 19
96 69
95 53
94 68
93 49
92 12
91 22
90 30
89 13
88 37
87 90
86 51
85 46
84 20
83 98
82 39
81 22
80 97
79 78
78 45
77 14
76 86
75 94
74 85
73 17
72 99
71 37
70 57
69 13
68 43
67 34
66 58
65 70
64 21
63 43
62 40
61 23
60 84
59 59
58 64
57 94
56 46
55 62
54 74
53 100
52 51
51 44
50 86
49 16
48 13
47 69
46 56
45 56
44 83
43 97
42 36
41 69
40 97
39 35
38 30
37 85
36 62
35 11
34 34
33 85
32 72
30 33
29 69
28 88
27 68
26 61
25 23
24 76
23 83
22 38
21 60
20 65
19 53
18 25
17 18
16 17
15 10
14 78
13 86
12 52
11 99
10 16
9 92
8 23
7 27
6 97
5 15
4 24
3 97
2 20
1 58
100 86
99 82
98 89
97 37
96 72
95 70
94 82
93 49
92 97
91 92
90 62
89 77
88 53
87 75
86 44
85 45
84 15
83 22
82 83
81 98
80 50
79 63
78 47
77 37
76 13
75 78
74 23
73 72
72 17
71 32
70 66
69 84
68 57
67 100
66 39
65 60
64 57
63 84
62 48
61 91
60 89
59 17
58 100
57 55
56 36
55 44
54 68
53 99
52 61
51 93
50 62
49 46
48 40
47 90
46 36
45 36
44 60
43 83
42 37
41 52
40 92
39 98
38 79
37 11
36 68
35 34
34 73
33 36
31 94
30 85
29 43
28 74
27 78
26 45
25 90
24 27
23 98
22 29
21 23
20 89
19 14
18 70
17 53
16 49
15 57
14 76
13 28
12 87
11 33
10 59
9 61
8 11
7 30
6 93
5 26
4 54
3 20
2 12
1 58
100 64
99 99
98 63
97 31
96 15
95 57
94 44
93 60
92 65
91 17
90 23
89 32
88 77
87 57
86 50
85 65
84 87
83 66
82 14
81 73
80 23
79 66
78 18
77 92
76 31
75 47
74 17
73 89
72 43
71 74
70 47
69 28
68 97
67 10
66 77
65 94
64 15
63 78
62 95
61 53
60 98
59 41
58 33
57 43
56 31
55 77
54 56
53 15
52 64
51 74
50 95
49 46
48 20
47 93
46 86
45 53
44 75
43 79
42 87
41 39
40 58
39 12
38 83
37 79
36 16
35 49
34 27
32 96
31 66
30 52
29 72
28 65
27 90
26 20
25 59
24 56
23 63
22 78
21 41
20 44
19 89
18 99
17 22
16 11
15 32
14 25
13 45
12 42
11 28
10 34
9 39
8 19
7 83
6 96
5 12
4 60
3 85
2 35
1 46
100 85
99 66
98 91
97 90
96 47
95 84
94 14
93 96
92 12
91 100
90 44
89 64
88 58
87 63
86 66
85 46
84 41
83 73
82 89
81 77
80 36
79 43
78 24
77 76
76 50
75 33
74 94
73 43
72 41
71 16
70 35
69 95
68 64
67 52
66 71
65 18
64 60
63 96
62 84
61 13
60 87
59 36
58 55
57 93
56 55
55 47
54 84
53 71
52 11
51 92
50 54
49 45
48 37
47 30
46 68
45 29
44 44
43 18
42 99
41 27
40 48
39 21
38 17
37 12
36 91
35 92
33 22
32 15
31 92
30 82
29 47
28 81
27 56
26 74
25 88
24 23
23 61
22 27
21 45
20 63
19 78
18 86
17 57
16 22
15 53
14 37
13 39
12 76
11 68
10 28
9 99
8 22
7 15
6 98
5 11
4 98
3 40
2 61
1 39
100 15
99 62
98 12
97 59
96 98
95 66
94 15
93 14
92 86
91 28
90 19
89 56
88 59
87 89
86 41
85 60
84 98
83 15
82 45
81 35
80 48
79 65
78 31
77 69
76 100
75 32
74 36
73 77
72 53
71 23
70 96
69 54
68 64
67 12
66 30
65 89
64 10
63 95
62 20
61 94
60 59
59 70
58 38
57 67
56 49
55 64
54 44
53 45
52 87
51 12
50 84
49 69
48 34
47 52
46 71
45 99
44 37
43 12
42 54
41 99
40 16
39 56
38 55
37 69
36 25
34 27
33 86
32 20
31 29
30 54
29 58
28 48
27 65
26 82
25 30
24 17
23 36
22 47
21 98
20 14
19 97
18 66
17 31
16 28
15 68
14 91
13 58
12 22
11 67
10 43
9 69
8 99
7 48
6 27
5 20
4 100
3 81
2 93
1 25
100 14
99 43
98 16
97 33
96 98
95 100
94 26
93 78
92 18
91 77
90 63
89 93
88 37
87 80
86 29
85 16
84 97
83 25
82 47
81 51
80 16
79 39
78 71
77 93
76 33
75 39
74 13
73 41
72 36
71 87
70 17
69 46
68 80
67 59
66 89
65 29
64 38
63 35
62 25
61 51
60 24
59 32
58 63
57 79
56 31
55 26
54 99
53 61
52 56
51 38
50 82
49 61
48 69
47 12
46 35
45 76
44 92
43 41
42 66
41 18
40 75
39 88
38 16
37 65
35 64
34 67
33 33
32 88
31 22
30 59
29 97
28 51
27 70
26 13
25 43
24 56
23 36
22 54
21 47
20 69
19 69
18 91
17 82
16 10
15 47
14 10
13 62
12 28
11 21
10 67
9 56
8 53
7 17
6 45
5 18
4 85
3 55
2 91
1 63
100 83
99 70
98 76
97 62
96 91
95 97
94 23
93 95
92 85
91 45
90 44
89 14
88 51
87 28
86 48
85 97
84 37
83 64
82 12
81 13
80 28
79 47
78 72
77 40
76 19
75 78
74 24
73 49
72 45
71 28
70 93
69 27
68 57
67 74
66 19
65 38
64 93
63 45
62 83
61 12
60 77
59 68
58 15
57 44
56 41
55 31
54 62
53 24
52 23
51 75
50 56
49 40
48 25
47 80
46 40
45 100
44 73
43 16
42 49
41 58
40 60
39 63
38 21
36 21
35 26
34 67
33 44
32 50
31 17
30 81
29 10
28 79
27 61
26 71
25 72
24 42
23 50
22 46
21 50
20 44
19 21
18 10
17 93
16 24
15 26
14 81
13 85
12 30
11 77
10 83
9 96
8 78
7 82
6 35
5 37
4 15
3 19
2 30
1 63
100 29
99 35
98 79
97 97
96 69
95 99
94 91
93 92
92 75
91 58
90 30
89 25
88 28
87 18
86 10
85 92
84 58
83 75
82 49
81 34
80 76
79 68
78 98
77 39
76 44
75 93
74 45
73 85
72 79
71 65
70 39
69 69
68 57
67 78
66 17
65 74
64 33
63 50
62 92
61 48
60 100
59 37
58 91
57 27
56 85
55 42
54 88
53 12
52 55
51 33
50 58
49 77
48 53
47 98
46 82
45 47
44 49
43 81
42 42
41 69
40 20
39 81
37 52
36 32
35 45
34 38
33 25
32 50
31 70
30 86
29 76
28 48
27 77
26 69
25 93
24 82
23 36
22 76
21 44
20 92
19 95
18 63
17 53
16 33
15 36
14 69
13 75
12 54
11 30
10 17
9 28
8 54
7 15
6 75
5 63
4 67
3 16
2 75
1 54
100 22
99 54
98 66
97 18
96 60
95 42
94 83
93 14
92 71
91 58
90 87
89 63
88 42
87 93
86 48
85 37
84 40
83 27
82 52
81 17
80 15
79 76
78 99
77 20
76 53
75 15
74 11
73 45
72 63
71 70
70 93
69 64
68 81
67 72
66 65
65 34
64 70
63 93
62 83
61 46
60 34
59 86
58 86
57 58
56 29
55 27
54 31
53 53
52 79
51 28
50 29
49 59
48 100
47 10
46 65
45 50
44 61
43 96
42 45
41 83
40 91
38 63
37 47
36 60
35 20
34 61
33 79
32 41
31 27
30 79
29 65
28 23
27 60
26 72
25 22
24 43
23 44
22 81
21 16
20 14
19 76
18 63
17 43
16 97
15 94
14 12
13 30
12 54
11 30
10 50
9 38
8 30
7 82
6 38
5 54
4 46
3 84
2 33
1 74
100 62
99 48
98 91
97 55
96 71
95 22
94 63
93 18
92 61
91 22
90 29
89 22
88 63
87 27
86 52
85 91
84 57
83 27
82 74
81 23
80 57
79 22
78 32
77 18
76 10
75 94
74 55
73 94
72 67
71 84
70 35
69 51
68 25
67 77
66 73
65 21
64 69
63 97
62 37
61 12
60 24
59 14
58 60
57 53
56 80
55 81
54 70
53 56
52 37
51 90
50 85
49 23
48 99
47 98
46 39
45 70
44 74
43 50
42 57
41 63
39 88
38 90
37 86
36 68
35 58
34 11
33 68
32 79
31 39
30 87
29 62
28 97
27 63
26 63
25 39
24 39
23 54
22 56
21 81
20 43
19 76
18 95
17 45
16 21
15 11
14 74
13 86
12 43
11 83
10 55
9 33
8 66
7 54
6 21
5 39
4 66
3 10
2 49
1 46
100 94
99 39
98 28
97 40
96 93
95 15
94 16
93 19
92 76
91 51
90 33
89 91
88 98
87 80
86 88
85 61
84 56
83 32
82 21
81 25
80 72
79 48
78 69
77 51
76 47
75 47
74 19
73 18
72 80
71 33
70 19
69 68
68 27
67 90
66 15
65 46
64 58
63 71
62 43
61 27
60 68
59 78
58 10
57 33
56 85
55 69
54 72
53 52
52 62
51 75
50 49
49 77
48 95
47 93
46 96
45 98
44 12
43 73
42 80
40 27
39 76
38 97
37 100
36 15
35 55
34 56
33 39
32 48
31 93
30 22
29 30
28 91
27 29
26 14
25 98
24 31
23 89
22 56
21 66
20 82
19 40
18 82
17 61
16 86
15 23
14 31
13 18
12 17
11 83
10 84
9 13
8 15
7 17
6 28
5 60
4 13
3 58
2 33
1 68
100 71
99 80
98 88
97 45
96 95
95 25
94 65
93 17
92 72
91 32
90 46
89 72
88 78
87 48
86 14
85 74
84 81
83 61
82 45
81 10
80 48
79 68
78 72
77 55
76 74
75 30
74 73
73 95
72 90
71 40
70 36
69 83
68 76
67 44
66 27
65 19
64 11
63 33
62 63
61 73
60 69
59 32
58 59
57 13
56 33
55 46
54 34
53 83
52 68
51 15
50 50
49 33
48 51
47 70
46 98
45 95
44 82
43 84
41 100
40 39
39 26
38 58
37 34
36 90
35 87
34 47
33 97
32 80
31 64
30 79
29 72
28 12
27 10
26 95
25 85
24 100
23 88
22 58
21 99
20 96
19 82
18 12
17 86
16 58
15 13
14 29
13 60
12 85
11 12
10 51
9 34
8 89
7 54
6 50
5 65
4 51
3 42
2 24
1 91
100 70
99 31
98 85
97 24
96 79
95 25
94 42
93 49
92 100
91 24
90 87
89 70
88 21
87 62
86 37
85 85
84 20
83 85
82 85
81 91
80 72
79 44
78 82
77 34
76 85
75 18
74 32
73 25
72 67
71 90
70 58
69 85
68 32
67 20
66 78
65 39
64 86
63 44
62 92
61 75
60 78
59 69
58 95
57 12
56 24
55 83
54 52
53 38
52 34
51 29
50 68
49 47
48 95
47 83
46 93
45 25
44 27
42 16
41 96
40 58
39 30
38 24
37 19
36 41
35 100
34 90
33 40
32 68
31 33
30 73
29 60
28 40
27 90
26 92
25 93
24 87
23 44
22 57
21 41
20 58
19 81
18 30
17 95
16 47
15 40
14 19
13 10
12 91
11 86
10 46
9 48
8 57
7 93
6 76
5 10
4 65
3 23
2 86
1 50
100 81
99 63
98 28
97 36
96 77
95 56
94 26
93 96
92 63
91 97
90 42
89 78
88 19
87 100
86 40
85 73
84 55
83 66
82 76
81 21
80 43
79 30
78 18
77 98
76 26
75 55
74 14
73 82
72 72
71 49
70 43
69 21
68 100
67 73
66 48
65 49
64 93
63 37
62 85
61 70
60 93
59 27
58 68
57 74
56 35
55 16
54 42
53 72
52 71
51 40
50 88
49 30
48 25
47 74
46 94
45 95
43 98
42 89
41 84
40 92
39 68
38 65
37 92
36 89
35 54
34 79
33 27
32 45
31 21
30 65
29 65
28 46
27 63
26 20
25 46
24 55
23 49
22 21
21 80
20 53
19 75
18 91
17 20
16 81
15 41
14 21
13 91
12 72
11 99
10 58
9 81
8 96
7 41
6 94
5 57
4 48
3 37
2 38
1 59
100 85
99 66
98 49
97 57
96 41
95 16
94 70
93 32
92 61
91 59
90 95
89 57
88 89
87 77
86 68
85 29
84 92
83 94
82 100
81 24
80 90
79 21
78 12
77 41
76 36
75 15
74 36
73 66
72 97
71 24
70 63
69 60
68 91
67 76
66 92
65 15
64 44
63 19
62 93
61 46
60 39
59 11
58 83
57 49
56 25
55 67
54 77
53 15
52 85
51 57
50 59
49 59
48 92
47 77
46 85
44 56
43 58
42 80
41 74
40 82
39 57
38 32
37 99
36 13
35 62
34 55
33 50
32 63
31 30
30 88
29 88
28 63
27 80
26 22
25 68
24 94
23 31
22 25
21 78
20 37
19 20
18 83
17 46
16 99
15 89
14 83
13 63
12 54
11 48
10 99
9 80
8 84
7 12
6 26
5 36
4 92
3 79
2 49
1 82
100 83
99 77
98 86
97 54
96 54
95 50
94 57
93 95
92 55
91 20
90 82
89 92
88 32
87 54
86 11
85 52
84 56
83 73
82 42
81 36
80 81
79 81
78 68
77 52
76 17
75 23
74 64
73 50
72 63
71 96
70 40
69 57
68 54
67 52
66 74
65 37
64 11
63 88
62 79
61 20
60 65
59 84
58 28
57 82
56 87
55 14
54 49
53 40
52 80
51 24
50 73
49 36
48 85
47 17
45 29
44 18
43 74
42 69
41 25
40 51
39 11
38 15
37 97
36 69
35 96
34 43
33 99
32 42
31 52
30 37
29 60
28 42
27 100
26 80
25 61
24 60
23 74
22 28
21 93
20 33
19 91
18 38
17 28
16 77
15 12
14 97
13 41
12 71
11 57
10 59
9 25
8 83
7 30
6 12
5 30
4 18
3 77
2 74
1 42
100 48
99 95
98 87
97 36
96 52
95 47
94 85
93 56
92 27
91 79
90 28
89 92
88 92
87 49
86 73
85 77
84 66
83 13
82 62
81 91
80 59
79 92
78 28
77 15
76 62
75 35
74 15
73 53
72 51
71 50
70 52
69 23
68 43
67 58
66 36
65 47
64 20
63 62
62 13
61 31
60 100
59 54
58 89
57 28
56 30
55 86
54 98
53 97
52 87
51 28
50 38
49 42
48 10
46 36
45 99
44 91
43 97
42 10
41 90
40 92
39 60
38 13
37 42
36 72
35 95
34 26
33 86
32 11
31 47
30 38
29 87
28 43
27 80
26 78
25 23
24 26
23 14
22 58
21 43
20 55
19 56
18 33
17 53
16 14
15 86
14 82
13 20
12 51
11 55
10 42
9 69
8 50
7 54
6 54
5 63
4 53
3 40
2 48
1 55
100 60
99 70
98 22
97 25
96 23
95 90
94 10
93 37
92 93
91 18
90 63
89 89
88 53
87 49
86 53
85 40
84 18
83 82
82 90
81 93
80 24
79 53
78 66
77 34
76 100
75 60
74 86
73 47
72 42
71 80
70 27
69 97
68 57
67 70
66 81
65 80
64 79
63 11
62 86
61 67
60 89
59 99
58 50
57 93
56 34
55 98
54 70
53 10
52 32
51 10
50 48
49 81
47 73
46 66
45 92
44 37
43 45
42 98
41 29
40 10
39 42
38 93
37 13
36 33
35 55
34 89
33 60
32 26
31 83
30 40
29 41
28 90
27 26
26 23
25 77
24 17
23 12
22 49
21 84
20 10
19 14
18 74
17 50
16 49
15 64
14 79
13 88
12 78
11 73
10 29
9 95
8 66
7 19
6 15
5 65
4 65
3 26
2 89
1 79
100 10
99 50
98 22
97 44
96 52
95 13
94 79
93 59
92 63
91 62
90 44
89 77
88 83
87 44
86 12
85 46
84 19
83 95
82 70
81 96
80 97
79 91
78 64
77 40
76 17
75 68
74 13
73 65
72 72
71 75
70 88
69 68
68 19
67 59
66 48
65 80
64 67
63 71
62 42
61 96
60 81
59 42
58 93
57 17
56 23
55 59
54 26
53 82
52 35
51 21
50 58
48 83
47 49
46 80
45 30
44 32
43 23
42 24
41 13
40 62
39 13
38 36
37 85
36 23
35 71
34 38
33 80
32 98
31 24
30 47
29 40
28 57
27 99
26 24
25 17
24 10
23 72
22 22
21 32
20 44
19 65
18 32
17 62
16 87
15 43
14 21
13 80
12 100
11 14
10 24
9 95
8 90
7 48
6 30
5 85
4 19
3 19
2 46
1 69
100 42
99 17
98 49
97 62
96 55
95 88
94 15
93 60
92 15
91 29
90 28
89 57
88 23
87 36
86 99
85 64
84 83
83 100
82 51
81 91
80 19
79 19
78 43
77 77
76 70
75 19
74 63
73 33
72 91
71 16
70 57
69 57
68 83
67 58
66 65
65 50
64 46
63 91
62 33
61 21
60 70
59 85
58 76
57 17
56 21
55 10
54 20
53 10
52 95
51 75
49 78
48 37
47 63
46 27
45 24
44 23
43 45
42 95
41 77
40 36
39 57
38 39
37 29
36 18
35 23
34 95
33 27
32 85
31 85
30 20
29 14
28 56
27 77
26 35
25 93
24 98
23 66
22 14
21 29
20 72
19 27
18 41
17 88
16 49
15 24
14 80
13 89
12 93
11 94
10 17
9 42
8 33
7 62
6 70
5 38
4 54
3 78
2 36
1 63
100 39
99 29
98 35
97 55
96 48
95 61
94 22
93 11
92 34
91 100
90 31
89 57
88 37
87 24
86 59
85 61
84 77
83 80
82 53
81 98
80 51
79 90
78 88
77 20
76 81
75 85
74 14
73 55
72 50
71 90
70 94
69 71
68 29
67 24
66 17
65 31
64 58
63 64
62 24
61 26
60 43
59 82
58 100
57 16
56 55
55 87
54 35
53 65
52 40
50 56
49 75
48 32
47 48
46 13
45 76
44 46
43 61
42 18
41 39
40 33
39 86
38 81
37 95
36 70
35 65
34 83
33 99
32 17
31 33
30 29
29 75
28 76
27 48
26 63
25 22
24 45
23 76
22 77
21 86
20 11
19 84
18 72
17 98
16 58
15 11
14 28
13 34
12 93
11 84
10 15
9 78
8 62
7 40
6 77
5 67
4 50
3 21
2 47
1 86
100 28
99 68
98 86
97 43
96 93
95 16
94 32
93 17
92 31
91 38
90 69
89 69
88 58
87 29
86 49
85 78
84 63
83 49
82 92
81 85
80 33
79 62
78 60
77 60
76 44
75 28
74 91
73 91
72 53
71 97
70 61
69 41
68 19
67 83
66 48
65 28
64 87
63 90
62 25
61 24
60 47
59 83
58 36
57 37
56 77
55 92
54 29
53 63
51 42
50 99
49 35
48 65
47 49
46 49
45 78
44 99
43 61
42 25
41 21
40 14
39 31
38 18
37 32
36 38
35 15
34 40
33 34
32 63
31 48
30 68
29 14
28 76
27 67
26 97
25 14
24 64
23 27
22 82
21 65
20 22
19 35
18 88
17 50
16 16
15 79
14 70
13 85
12 40
11 64
10 81
9 35
8 72
7 27
6 69
5 21
4 80
3 36
2 37
1 77
100 62
99 10
98 96
97 56
96 46
95 59
94 56
93 28
92 16
91 85
90 79
89 36
88 71
87 19
86 99
85 46
84 69
83 21
82 18
81 15
80 93
79 57
78 90
77 50
76 80
75 69
74 95
73 70
72 72
71 53
70 10
69 70
68 99
67 30
66 48
65 41
64 32
63 19
62 59
61 15
60 55
59 23
58 100
57 69
56 17
55 23
54 63
52 61
51 87
50 18
49 98
48 48
47 45
46 90
45 46
44 62
43 32
42 31
41 76
40 20
39 75
38 47
37 87
36 30
35 87
34 90
33 37
32 74
31 56
30 78
29 23
28 17
27 44
26 28
25 80
24 54
23 57
22 66
21 79
20 50
19 81
18 50
17 57
16 23
15 68
14 39
13 89
12 68
11 36
10 85
9 14
8 16
7 75
6 77
5 60
4 72
3 15
2 91
1 11
100 87
99 14
98 28
97 41
96 32
95 49
94 21
93 52
92 23
91 32
90 27
89 15
88 48
87 58
86 93
85 75
84 13
83 64
82 58
81 53
80 28
79 86
78 30
77 54
76 88
75 100
74 49
73 37
72 96
71 97
70 27
69 43
68 18
67 75
66 87
65 36
64 54
63 90
62 51
61 80
60 19
59 84
58 21
57 48
56 47
55 18
53 63
52 67
51 38
50 85
49 32
48 47
47 54
46 12
45 42
44 83
43 87
42 75
41 15
40 83
39 85
38 42
37 37
36 46
35 91
34 45
33 88
32 36
31 20
30 74
29 42
28 68
27 85
26 77
25 26
24 15
23 22
22 41
21 24
20 59
19 28
18 77
17 87
16 61
15 34
14 23
13 98
12 33
11 29
10 89
9 19
8 50
7 22
6 66
5 71
4 36
3 60
2 32
1 63
100 57
99 49
98 71
97 65
96 22
95 82
94 87
93 57
92 90
91 23
90 59
89 52
88 64
87 30
86 30
85 70
84 70
83 81
82 15
81 15
80 65
79 32
78 47
77 56
76 65
75 14
74 86
73 68
72 83
71 50
70 58
69 46
68 42
67 29
66 59
65 68
64 20
63 27
62 20
61 99
60 44
59 49
58 74
57 74
56 37
54 28
53 91
52 83
51 71
50 57
49 97
48 94
47 32
46 21
45 65
44 28
43 84
42 50
41 45
40 89
39 59
38 48
37 90
36 69
35 15
34 26
33 63
32 62
31 56
30 69
29 49
28 62
27 91
26 53
25 82
24 21
23 81
22 42
21 89
20 64
19 65
18 49
17 29
16 95
15 99
14 94
13 76
12 40
11 65
10 70
9 73
8 73
7 96
6 82
5 20
4 38
3 71
2 76
1 78
100 94
99 19
98 38
97 95
96 44
95 60
94 52
93 66
92 15
91 77
90 34
89 87
88 55
87 45
86 11
85 60
84 15
83 21
82 89
81 98
80 68
79 100
78 61
77 18
76 45
75 31
74 97
73 20
72 34
71 66
70 83
69 19
68 68
67 22
66 83
65 99
64 12
63 24
62 47
61 24
60 41
59 23
58 70
57 68
55 24
54 33
53 35
52 98
51 22
50 40
49 75
48 80
47 63
46 23
45 44
44 97
43 72
42 72
41 43
40 31
39 13
38 16
37 11
36 15
35 90
34 35
33 14
32 89
31 72
30 10
29 67
28 87
27 82
26 64
25 50
24 38
23 15
22 94
21 22
20 95
19 98
18 74
17 50
16 94
15 12
14 93
13 27
12 71
11 64
10 60
9 91
8 58
7 89
6 48
5 95
4 60
3 84
2 96
1 71
100 41
99 20
98 70
97 82
96 23
95 76
94 34
93 83
92 81
91 95
90 58
89 48
88 43
87 15
86 86
85 81
84 39
83 72
82 88
81 25
80 93
79 91
78 33
77 44
76 33
75 21
74 66
73 72
72 37
71 61
70 41
69 43
68 80
67 46
66 53
65 33
64 31
63 80
62 71
61 19
60 16
59 78
58 22
56 51
55 99
54 60
53 61
52 63
51 19
50 87
49 27
48 79
47 49
46 69
45 13
44 82
43 24
42 100
41 77
40 12
39 64
38 82
37 85
36 91
35 97
34 10
33 60
32 41
31 81
30 30
29 49
28 70
27 99
26 94
25 12
24 90
23 95
22 59
21 40
20 33
19 18
18 34
17 38
16 78
15 73
14 66
13 57
12 85
11 49
10 12
9 88
8 40
7 88
6 18
5 27
4 18
3 18
2 49
1 73
100 91
99 55
98 61
97 91
96 49
95 89
94 82
93 24
92 92
91 84
90 81
89 25
88 100
87 83
86 90
85 39
84 64
83 30
82 96
81 51
80 54
79 36
78 54
77 40
76 33
75 41
74 66
73 33
72 21
71 75
70 26
69 96
68 26
67 97
66 20
65 54
64 44
63 63
62 80
61 47
60 52
59 86
57 34
56 82
55 80
54 57
53 60
52 48
51 69
50 81
49 57
48 99
47 19
46 28
45 38
44 63
43 46
42 15
41 21
40 36
39 79
38 91
37 87
36 19
35 15
34 14
33 63
32 38
31 92
30 66
29 45
28 22
27 91
26 75
25 95
24 97
23 58
22 13
21 41
20 97
19 28
18 48
17 35
16 73
15 59
14 32
13 62
12 19
11 33
10 73
9 57
8 60
7 44
6 75
5 99
4 14
3 87
2 30
1 38
100 93
99 74
98 31
97 42
96 31
95 64
94 50
93 68
92 59
91 81
90 97
89 39
88 38
87 91
86 95
85 40
84 40
83 98
82 11
81 56
80 52
79 88
78 87
77 66
76 59
75 30
74 84
73 50
72 72
71 91
70 58
69 96
68 92
67 17
66 24
65 87
64 25
63 98
62 27
61 88
60 94
58 11
57 96
56 89
55 33
54 72
53 47
52 80
51 90
50 79
49 55
48 65
47 13
46 58
45 54
44 13
43 42
42 97
41 36
40 22
39 39
38 98
37 22
36 91
35 70
34 50
33 29
32 24
31 71
30 88
29 97
28 87
27 48
26 47
25 26
24 91
23 64
22 28
21 50
20 57
19 73
18 57
17 90
16 72
15 49
14 79
13 60
12 33
11 62
10 46
9 65
8 66
7 39
6 35
5 54
4 79
3 97
2 25
1 60
100 44
99 72
98 59
97 27
96 88
95 82
94 10
93 46
92 59
91 100
90 31
89 50
88 68
87 40
86 22
85 69
84 64
83 12
82 12
81 55
80 49
79 77
78 30
77 54
76 11
75 20
74 52
73 71
72 56
71 25
70 75
69 78
68 15
67 22
66 98
65 76
64 95
63 37
62 45
61 31
59 11
58 57
57 19
56 72
55 68
54 36
53 45
52 67
51 67
50 93
49 87
48 42
47 48
46 25
45 56
44 76
43 17
42 51
41 26
40 41
39 29
38 93
37 90
36 68
35 96
34 55
33 67
32 35
31 69
30 89
29 82
28 51
27 23
26 100
25 48
24 51
23 96
22 16
21 30
20 18
19 37
18 27
17 43
16 98
15 13
14 24
13 98
12 74
11 13
10 32
9 40
8 34
7 29
6 10
5 42
4 80
3 60
2 24
1 90
100 56
99 30
98 16
97 85
96 86
95 31
94 32
93 35
92 45
91 23
90 18
89 32
88 54
87 41
86 63
85 60
84 54
83 40
82 83
81 61
80 12
79 17
78 54
77 36
76 61
75 58
74 46
73 40
72 26
71 46
70 26
69 30
68 38
67 20
66 70
65 75
64 16
63 25
62 74
60 45
59 67
58 48
57 21
56 76
55 65
54 100
53 91
52 43
51 90
50 86
49 88
48 18
47 100
46 69
45 61
44 97
43 98
42 45
41 93
40 35
39 74
38 17
37 37
36 74
35 70
34 74
33 42
32 24
31 78
30 84
29 33
28 58
27 72
26 69
25 88
24 100
23 56
22 38
21 66
20 92
19 46
18 14
17 87
16 85
15 21
14 33
13 94
12 50
11 57
10 50
9 40
8 57
7 39
6 14
5 20
4 58
3 36
2 39
1 90
100 29
99 86
98 58
97 74
96 29
95 79
94 15
93 22
92 47
91 88
90 73
89 64
88 58
87 20
86 65
85 84
84 85
83 73
82 39
81 58
80 39
79 81
78 81
77 44
76 29
75 65
74 82
73 84
72 34
71 14
70 60
69 93
68 85
67 54
66 13
65 75
64 32
63 13
61 64
60 20
59 32
58 58
57 18
56 46
55 81
54 15
53 19
52 29
51 73
50 81
49 98
48 23
47 26
46 23
45 34
44 83
43 30
42 26
41 88
40 49
39 15
38 58
37 54
36 24
35 11
34 37
33 45
32 74
31 16
30 79
29 18
28 15
27 10
26 40
25 70
24 25
23 23
22 36
21 78
20 92
19 30
18 87
17 35
16 53
15 36
14 94
13 82
12 24
11 34
10 27
9 76
8 96
7 37
6 14
5 48
4 90
3 68
2 43
1 85
100 40
99 47
98 94
97 90
96 26
95 41
94 90
93 72
92 35
91 67
90 54
89 67
88 43
87 91
86 89
85 50
84 41
83 69
82 75
81 71
80 90
79 72
78 61
77 52
76 99
75 58
74 38
73 85
72 99
71 50
70 97
69 20
68 53
67 16
66 30
65 93
64 24
62 24
61 89
60 54
59 88
58 75
57 60
56 79
55 35
54 65
53 59
52 16
51 85
50 75
49 15
48 52
47 70
46 24
45 52
44 74
43 81
42 84
41 77
40 61
39 44
38 92
37 82
36 42
35 43
34 42
33 18
32 57
31 52
30 87
29 28
28 97
27 49
26 56
25 58
24 47
23 32
22 19
21 50
20 77
19 40
18 61
17 86
16 62
15 20
14 67
13 95
12 23
11 19
10 20
9 42
8 76
7 58
6 66
5 28
4 61
3 42
2 34
1 100
100 22
99 39
98 33
97 33
96 22
95 25
94 97
93 55
92 17
91 83
90 46
89 32
88 89
87 71
86 43
85 23
84 11
83 44
82 32
81 38
80 43
79 87
78 35
77 64
76 71
75 82
74 71
73 51
72 78
71 11
70 46
69 84
68 42
67 29
66 83
65 67
63 63
62 79
61 67
60 20
59 18
58 25
57 59
56 37
55 85
54 33
53 61
52 90
51 15
50 18
49 74
48 21
47 21
46 34
45 20
44 11
43 60
42 99
41 65
40 52
39 68
38 33
37 37
36 20
35 19
34 42
33 22
32 26
31 32
30 59
29 86
28 10
27 24
26 81
25 79
24 39
23 39
22 37
21 28
20 14
19 18
18 63
17 68
16 70
15 33
14 62
13 44
12 35
11 27
10 74
9 56
8 21
7 44
6 60
5 90
4 10
3 63
2 99
1 72
100 13
99 16
98 21
97 73
96 55
95 23
94 74
93 90
92 62
91 78
90 44
89 19
88 93
87 36
86 26
85 25
84 42
83 55
82 90
81 83
80 53
79 52
78 70
77 40
76 88
75 80
74 33
73 89
72 93
71 52
70 20
69 38
68 94
67 81
66 40
64 76
63 40
62 63
61 30
60 88
59 67
58 25
57 82
56 13
55 20
54 96
53 79
52 50
51 20
50 34
49 20
48 30
47 46
46 16
45 64
44 18
43 89
42 49
41 47
40 42
39 82
38 96
37 57
36 67
35 63
34 81
33 55
32 48
31 73
30 93
29 32
28 57
27 89
26 21
25 18
24 20
23 10
22 29
21 86
20 48
19 44
18 77
17 26
16 70
15 50
14 48
13 63
12 15
11 87
10 42
9 72
8 37
7 68
6 55
5 28
4 60
3 39
2 68
1 25
100 63
99 44
98 42
97 64
96 76
95 66
94 76
93 52
92 17
91 89
90 93
89 92
88 76
87 86
86 75
85 43
84 66
83 81
82 42
81 38
80 22
79 36
78 22
77 51
76 67
75 82
74 51
73 75
72 23
71 92
70 10
69 52
68 42
67 21
65 66
64 83
63 64
62 27
61 90
60 73
59 76
58 23
57 65
56 30
55 44
54 47
53 53
52 80
51 54
50 36
49 69
48 83
47 53
46 44
45 24
44 51
43 61
42 54
41 40
40 32
39 49
38 19
37 98
36 50
35 53
34 29
33 44
32 32
31 72
30 26
29 69
28 64
27 20
26 86
25 92
24 57
23 29
22 27
21 64
20 10
19 74
18 54
17 74
16 72
15 37
14 89
13 20
12 38
11 20
10 58
9 77
8 83
7 88
6 10
5 92
4 73
3 29
2 19
1 43
100 15
99 46
98 73
97 92
96 27
95 63
94 86
93 33
92 56
91 92
90 65
89 93
88 78
87 62
86 76
85 59
84 59
83 94
82 21
81 42
80 59
79 44
78 45
77 54
76 88
75 43
74 97
73 54
72 83
71 76
70 45
69 44
68 79
66 23
65 48
64 83
63 78
62 58
61 63
60 93
59 31
58 17
57 70
56 34
55 92
54 53
53 10
52 86
51 69
50 26
49 58
48 40
47 48
46 11
45 37
44 89
43 23
42 52
41 50
40 40
39 80
38 93
37 76
36 46
35 22
34 44
33 10
32 21
31 22
30 59
29 66
28 59
27 30
26 54
25 64
24 58
23 76
22 89
21 33
20 33
19 76
18 17
17 60
16 82
15 58
14 48
13 45
12 15
11 47
10 74
9 42
8 79
7 50
6 77
5 63
4 70
3 57
2 33
1 67
100 39
99 11
98 49
97 48
96 59
95 33
94 24
93 54
92 100
91 98
90 77
89 51
88 49
87 85
86 42
85 70
84 37
83 52
82 54
81 32
80 77
79 46
78 44
77 48
76 92
75 86
74 75
73 13
72 45
71 54
70 90
69 19
67 69
66 75
65 60
64 61
63 85
62 34
61 68
60 42
59 43
58 69
57 94
56 56
55 46
54 98
53 61
52 33
51 30
50 26
49 73
48 56
47 90
46 89
45 31
44 90
43 29
42 52
41 66
40 80
39 29
38 41
37 61
36 44
35 91
34 22
33 72
32 97
31 19
30 67
29 95
28 81
27 17
26 72
25 10
24 97
23 49
22 92
21 38
20 46
19 53
18 81
17 26
16 96
15 49
14 34
13 84
12 89
11 70
10 12
9 12
8 58
7 72
6 13
5 53
4 18
3 34
2 80
1 27
100 64
99 76
98 94
97 55
96 31
95 67
94 61
93 43
92 58
91 25
90 83
89 55
88 43
87 45
86 70
85 75
84 89
83 65
82 44
81 74
80 93
79 43
78 54
77 56
76 67
75 51
74 81
73 56
72 41
71 43
70 70
68 30
67 31
66 95
65 47
64 15
63 62
62 97
61 54
60 71
59 48
58 49
57 78
56 59
55 40
54 54
53 60
52 55
51 94
50 25
49 35
48 72
47 37
46 78
45 79
44 70
43 61
42 87
41 78
40 83
39 90
38 89
37 21
36 71
35 42
34 89
33 29
32 51
31 82
30 27
29 65
28 51
27 47
26 33
25 43
24 62
23 59
22 27
21 36
20 94
19 33
18 41
17 25
16 70
15 44
14 95
13 65
12 58
11 98
10 72
9 67
8 35
7 91
6 15
5 74
4 58
3 81
2 11
1 44
100 64
99 85
98 18
97 27
96 58
95 15
94 99
93 75
92 13
91 50
90 69
89 10
88 95
87 42
86 12
85 94
84 92
83 79
82 53
81 79
80 50
79 51
78 15
77 52
76 65
75 22
74 13
73 87
72 94
71 57
69 83
68 15
67 41
66 89
65 18
64 25
63 31
62 72
61 66
60 11
59 79
58 38
57 88
56 92
55 76
54 48
53 83
52 11
51 86
50 47
49 65
48 68
47 74
46 85
45 43
44 41
43 85
42 40
41 40
40 92
39 52
38 69
37 94
36 29
35 69
34 81
33 34
32 31
31 53
30 10
29 33
28 35
27 86
26 62
25 23
24 77
23 23
22 99
21 62
20 30
19 62
18 31
17 63
16 79
15 83
14 10
13 43
12 70
11 15
10 37
9 60
8 10
7 53
6 42
5 100
4 23
3 54
2 89
1 56
100 41
99 50
98 79
97 91
96 59
95 55
94 93
93 19
92 33
91 39
90 29
89 54
88 70
87 19
86 74
85 86
84 74
83 86
82 25
81 83
80 80
79 64
78 15
77 10
76 99
75 83
74 32
73 53
72 31
70 42
69 84
68 19
67 20
66 24
65 98
64 48
63 58
62 91
61 63
60 57
59 43
58 70
57 53
56 71
55 80
54 55
53 27
52 21
51 66
50 15
49 23
48 42
47 89
46 55
45 32
44 25
43 86
42 66
41 95
40 70
39 39
38 60
37 52
36 57
35 99
34 50
33 56
32 40
31 24
30 94
29 69
28 23
27 95
26 42
25 98
24 50
23 90
22 52
21 74
20 41
19 68
18 21
17 68
16 94
15 60
14 19
13 52
12 40
11 32
10 95
9 97
8 76
7 94
6 94
5 90
4 76
3 60
2 71
1 66
100 21
99 15
98 42
97 28
96 14
95 27
94 31
93 34
92 39
91 79
90 82
89 95
88 53
87 61
86 90
85 11
84 31
83 95
82 56
81 36
80 70
79 66
78 91
77 49
76 88
75 86
74 16
73 64
71 61
70 41
69 56
68 96
67 38
66 22
65 32
64 38
63 54
62 86
61 11
60 10
59 51
58 57
57 85
56 57
55 82
54 84
53 18
52 97
51 82
50 20
49 92
48 70
47 56
46 26
45 100
44 82
43 13
42 45
41 70
40 82
39 55
38 89
37 11
36 59
35 36
34 18
33 63
32 21
31 85
30 98
29 36
28 56
27 81
26 10
25 95
24 47
23 44
22 39
21 64
20 89
19 63
18 45
17 96
16 21
15 19
14 95
13 98
12 98
11 37
10 19
9 57
8 30
7 34
6 52
5 25
4 57
3 48
2 27
1 57
100 34
99 67
98 76
97 88
96 99
95 82
94 64
93 10
92 52
91 47
90 11
89 82
88 23
87 84
86 36
85 54
84 35
83 33
82 21
81 19
80 84
79 57
78 48
77 87
76 15
75 57
74 36
72 39
71 79
70 50
69 52
68 60
67 12
66 91
65 46
64 20
63 22
62 65
61 67
60 75
59 27
58 92
57 25
56 48
55 57
54 40
53 11
52 77
51 67
50 29
49 18
48 67
47 78
46 61
45 64
44 47
43 41
42 19
41 27
40 19
39 86
38 53
37 23
36 22
35 85
34 25
33 39
32 28
31 19
30 82
29 79
28 28
27 63
26 78
25 94
24 42
23 88
22 59
21 90
20 47
19 35
18 49
17 69
16 17
15 82
14 67
13 54
12 31
11 79
10 63
9 17
8 39
7 78
6 71
5 68
4 19
3 46
2 46
1 55
100 32
99 71
98 48
97 84
96 100
95 64
94 75
93 21
92 82
91 51
90 63
89 68
88 74
87 78
86 17
85 19
84 27
83 96
82 84
81 61
80 71
79 33
78 29
77 44
76 45
75 50
73 45
72 43
71 27
70 50
69 48
68 71
67 88
66 74
65 97
64 83
63 46
62 75
61 63
60 79
59 80
58 13
57 32
56 81
55 31
54 62
53 52
52 23
51 22
50 60
49 86
48 60
47 48
46 60
45 27
44 32
43 19
42 99
41 97
40 45
39 88
38 20
37 53
36 41
35 17
34 22
33 73
32 39
31 84
30 27
29 22
28 43
27 66
26 91
25 37
24 37
23 77
22 30
21 47
20 26
19 34
18 50
17 55
16 92
15 15
14 76
13 27
12 57
11 98
10 31
9 61
8 44
7 25
6 21
5 35
4 94
3 96
2 86
1 30
100 96
99 42
98 17
97 37
96 73
95 94
94 29
93 77
92 92
91 58
90 54
89 98
88 73
87 19
86 32
85 80
84 70
83 70
82 99
81 25
80 27
79 28
78 49
77 36
76 54
74 51
73 36
72 59
71 24
70 16
69 20
68 18
67 87
66 29
65 77
64 93
63 82
62 37
61 73
60 14
59 50
58 61
57 98
56 13
55 56
54 12
53 11
52 84
51 95
50 14
49 69
48 35
47 85
46 30
45 95
44 68
43 98
42 99
41 91
40 87
39 22
38 41
37 61
36 42
35 41
34 18
33 20
32 35
31 33
30 88
29 96
28 91
27 23
26 10
25 68
24 32
23 18
22 42
21 25
20 61
19 62
18 75
17 72
16 78
15 44
14 81
13 85
12 93
11 84
10 20
9 14
8 10
7 90
6 91
5 71
4 66
3 21
2 82
1 35
100 77
99 37
98 37
97 56
96 87
95 76
94 30
93 94
92 36
91 23
90 12
89 90
88 68
87 62
86 34
85 98
84 31
83 99
82 39
81 92
80 11
79 21
78 40
77 73
75 67
74 48
73 27
72 48
71 47
70 32
69 64
68 94
67 100
66 48
65 59
64 47
63 91
62 90
61 90
60 27
59 68
58 44
57 68
56 66
55 62
54 93
53 25
52 77
51 64
50 100
49 56
48 58
47 71
46 95
45 56
44 27
43 22
42 76
41 69
40 77
39 91
38 56
37 56
36 42
35 97
34 31
33 80
32 55
31 90
30 34
29 73
28 78
27 48
26 29
25 82
24 60
23 39
22 85
21 76
20 43
19 26
18 88
17 44
16 24
15 68
14 32
13 95
12 58
11 36
10 78
9 79
8 69
7 17
6 88
5 90
4 91
3 68
2 51
1 70
100 59
99 37
98 13
97 20
96 52
95 24
94 39
93 31
92 66
91 97
90 51
89 76
88 98
87 38
86 24
85 43
84 97
83 10
82 42
81 51
80 55
79 15
78 66
76 11
75 68
74 19
73 89
72 43
71 95
70 28
69 45
68 26
67 10
66 94
65 74
64 51
63 10
62 84
61 20
60 41
59 43
58 44
57 97
56 24
55 44
54 54
53 11
52 14
51 97
50 99
49 23
48 88
47 96
46 48
45 53
44 87
43 43
42 74
41 42
40 87
39 70
38 58
37 87
36 74
35 57
34 80
33 76
32 57
31 71
30 82
29 38
28 55
27 84
26 25
25 67
24 21
23 86
22 96
21 19
20 35
19 31
18 17
17 97
16 29
15 59
14 95
13 16
12 84
11 11
10 13
9 88
8 98
7 64
6 17
5 48
4 22
3 65
2 36
1 36
100 57
99 96
98 97
97 97
96 88
95 75
94 27
93 50
92 54
91 55
90 94
89 40
88 67
87 78
86 10
85 50
84 94
83 53
82 63
81 55
80 40
79 36
77 53
76 99
75 37
74 39
73 39
72 12
71 35
70 48
69 80
68 38
67 93
66 54
65 44
64 44
63 29
62 30
61 35
60 92
59 60
58 53
57 53
56 24
55 32
54 76
53 45
52 40
51 21
50 41
49 34
48 48
47 38
46 31
45 75
44 55
43 88
42 62
41 83
40 57
39 93
38 30
37 47
36 18
35 39
34 23
33 87
32 37
31 97
30 53
29 90
28 17
27 78
26 39
25 48
24 15
23 81
22 15
21 28
20 65
19 67
18 48
17 82
16 31
15 14
14 65
13 60
12 97
11 71
10 12
9 27
8 61
7 33
6 38
5 88
4 71
3 45
2 50
1 97
100 28
99 22
98 24
97 96
96 71
95 77
94 77
93 27
92 11
91 35
90 29
89 21
88 64
87 68
86 88
85 58
84 31
83 68
82 67
81 54
80 85
78 35
77 77
76 90
75 36
74 87
73 93
72 86
71 15
70 90
69 89
68 30
67 81
66 21
65 73
64 14
63 13
62 75
61 70
60 60
59 43
58 95
57 16
56 80
55 17
54 100
53 53
52 77
51 64
50 75
49 23
48 27
47 56
46 66
45 85
44 72
43 81
42 35
41 15
40 83
39 66
38 98
37 10
36 100
35 59
34 65
33 60
32 89
31 99
30 48
29 36
28 69
27 40
26 77
25 29
24 27
23 59
22 31
21 100
20 45
19 93
18 17
17 50
16 17
15 93
14 50
13 87
12 82
11 60
10 64
9 91
8 39
7 84
6 59
5 40
4 82
3 52
2 50
1 15
100 78
99 87
98 11
97 51
96 80
95 42
94 54
93 11
92 11
91 69
90 23
89 82
88 21
87 34
86 21
85 21
84 60
83 48
82 93
81 11
79 37
78 88
77 83
76 18
75 94
74 52
73 92
72 22
71 75
70 39
69 74
68 87
67 73
66 31
65 56
64 77
63 32
62 39
61 97
60 33
59 14
58 54
57 72
56 24
55 41
54 56
53 87
52 78
51 38
50 38
49 25
48 97
47 20
46 72
45 64
44 22
43 40
42 78
41 57
40 18
39 46
38 33
37 24
36 78
35 89
34 77
33 34
32 89
31 98
30 34
29 77
28 86
27 19
26 61
25 74
24 25
23 25
22 24
21 100
20 31
19 57
18 15
17 20
16 79
15 89
14 14
13 69
12 53
11 26
10 34
9 57
8 81
7 32
6 20
5 32
4 78
3 52
2 91
1 42
100 31
99 32
98 39
97 12
96 85
95 81
94 62
93 40
92 47
91 75
90 86
89 61
88 72
87 47
86 17
85 77
84 16
83 49
82 87
80 54
79 13
78 44
77 83
76 46
75 15
74 44
73 40
72 70
71 64
70 19
69 44
68 32
67 74
66 94
65 59
64 80
63 98
62 36
61 23
60 98
59 59
58 58
57 24
56 13
55 14
54 98
53 72
52 29
51 87
50 19
49 43
48 39
47 30
46 84
45 75
44 44
43 12
42 38
41 27
40 84
39 92
38 73
37 61
36 90
35 57
34 73
33 98
32 73
31 52
30 97
29 26
28 61
27 70
26 20
25 60
24 38
23 12
22 76
21 100
20 54
19 80
18 12
17 20
16 91
15 77
14 21
13 100
12 77
11 30
10 97
9 64
8 81
7 67
6 34
5 59
4 86
3 77
2 60
1 77
100 22
99 47
98 68
97 88
96 13
95 66
94 92
93 55
92 14
91 40
90 18
89 24
88 45
87 79
86 54
85 22
84 85
83 12
81 93
80 13
79 35
78 43
77 71
76 49
75 90
74 10
73 15
72 77
71 76
70 37
69 78
68 50
67 83
66 16
65 44
64 93
63 17
62 90
61 44
60 45
59 23
58 69
57 55
56 61
55 19
54 21
53 56
52 62
51 48
50 65
49 20
48 88
47 31
46 44
45 31
44 94
43 79
42 26
41 21
40 35
39 76
38 24
37 79
36 64
35 12
34 47
33 11
32 19
31 36
30 70
29 17
28 31
27 41
26 21
25 13
24 69
23 45
22 90
21 13
20 37
19 38
18 30
17 31
16 28
15 94
14 18
13 62
12 12
11 85
10 90
9 17
8 80
7 27
6 82
5 51
4 95
3 99
2 39
1 98
100 82
99 72
98 71
97 39
96 53
95 24
94 84
93 63
92 67
91 33
90 10
89 74
88 38
87 35
86 36
85 70
84 95
82 98
81 64
80 16
79 61
78 31
77 80
76 14
75 31
74 18
73 30
72 84
71 18
70 11
69 26
68 67
67 46
66 51
65 45
64 75
63 10
62 96
61 27
60 15
59 95
58 38
57 19
56 58
55 29
54 99
53 58
52 27
51 84
50 33
49 43
48 54
47 65
46 91
45 59
44 90
43 60
42 47
41 24
40 51
39 33
38 70
37 46
36 100
35 72
34 80
33 82
32 77
31 78
30 56
29 93
28 47
27 70
26 67
25 71
24 17
23 20
22 24
21 56
20 45
19 67
18 51
17 91
16 70
15 86
14 67
13 57
12 47
11 61
10 66
9 59
8 46
7 69
6 48
5 12
4 71
3 11
2 75
1 89
100 92
99 44
98 23
97 16
96 59
95 73
94 95
93 20
92 47
91 88
90 99
89 45
88 45
87 13
86 94
85 92
83 73
82 94
81 38
80 63
79 20
78 86
77 95
76 57
75 18
74 13
73 26
72 12
71 57
70 68
69 32
68 78
67 73
66 45
65 28
64 38
63 26
62 72
61 15
60 48
59 10
58 23
57 14
56 33
55 27
54 37
53 17
52 73
51 43
50 63
49 19
48 52
47 23
46 40
45 37
44 37
43 87
42 55
41 72
40 62
39 95
38 56
37 35
36 10
35 25
34 85
33 98
32 100
31 24
30 84
29 43
28 34
27 58
26 35
25 34
24 72
23 34
22 36
21 83
20 17
19 81
18 55
17 96
16 82
15 80
14 84
13 63
12 56
11 25
10 40
9 53
8 74
7 100
6 84
5 69
4 66
3 89
2 34
1 24
100 35
99 98
98 22
97 11
96 71
95 42
94 74
93 46
92 42
91 49
90 67
89 13
88 83
87 80
86 63
84 33
83 14
82 17
81 76
80 59
79 57
78 51
77 26
76 36
75 10
74 92
73 60
72 20
71 78
70 17
69 57
68 70
67 55
66 21
65 90
64 14
63 43
62 76
61 78
60 33
59 98
58 94
57 44
56 97
55 57
54 32
53 66
52 51
51 19
50 41
49 78
48 71
47 45
46 15
45 88
44 26
43 27
42 77
41 16
40 76
39 26
38 87
37 56
36 91
35 59
34 68
33 83
32 64
31 40
30 10
29 15
28 12
27 98
26 53
25 38
24 34
23 12
22 16
21 99
20 44
19 58
18 80
17 88
16 12
15 70
14 87
13 22
12 52
11 52
10 19
9 10
8 18
7 45
6 58
5 29
4 69
3 25
2 95
1 87
100 56
99 53
98 53
97 97
96 42
95 99
94 41
93 19
92 21
91 55
90 93
89 71
88 34
87 71
85 28
84 35
83 75
82 16
81 53
80 40
79 73
78 91
77 83
76 75
75 15
74 37
73 47
72 25
71 23
70 65
69 27
68 74
67 83
66 72
65 14
64 60
63 37
62 96
61 62
60 32
59 95
58 75
57 25
56 72
55 85
54 60
53 93
52 41
51 84
50 24
49 40
48 50
47 73
46 33
45 52
44 48
43 74
42 40
41 66
40 36
39 24
38 81
37 22
36 68
35 90
34 95
33 36
32 70
31 44
30 26
29 12
28 42
27 67
26 14
25 51
24 83
23 29
22 87
21 61
20 43
19 88
18 13
17 95
16 93
15 32
14 83
13 14
12 43
11 87
10 37
9 32
8 30
7 63
6 53
5 40
4 12
3 18
2 31
1 18
100 85
99 56
98 36
97 81
96 87
95 56
94 73
93 72
92 76
91 87
90 35
89 56
88 21
86 82
85 32
84 95
83 78
82 63
81 96
80 41
79 68
78 18
77 44
76 50
75 70
74 53
73 64
72 46
71 81
70 97
69 84
68 39
67 55
66 31
65 87
64 85
63 42
62 56
61 75
60 10
59 99
58 74
57 29
56 45
55 59
54 37
53 29
52 41
51 37
50 10
49 21
48 31
47 19
46 28
45 49
44 55
43 98
42 85
41 25
40 20
39 70
38 47
37 62
36 37
35 60
34 84
33 75
32 83
31 30
30 43
29 63
28 100
27 58
26 57
25 30
24 83
23 74
22 12
21 24
20 36
19 28
18 19
17 13
16 92
15 78
14 65
13 78
12 65
11 100
10 18
9 21
8 22
7 49
6 64
5 98
4 83
3 46
2 85
1 30
100 11
99 83
98 41
97 52
96 74
95 18
94 94
93 29
92 28
91 84
90 97
89 66
87 18
86 24
85 93
84 83
83 59
82 20
81 63
80 52
79 14
78 35
77 39
76 30
75 97
74 66
73 31
72 73
71 34
70 83
69 57
68 10
67 10
66 29
65 70
64 21
63 53
62 24
61 93
60 58
59 24
58 24
57 92
56 50
55 12
54 66
53 71
52 61
51 39
50 84
49 96
48 83
47 14
46 50
45 24
44 49
43 29
42 47
41 41
40 96
39 40
38 74
37 83
36 54
35 42
34 90
33 71
32 51
31 76
30 97
29 25
28 17
27 16
26 83
25 83
24 72
23 18
22 43
21 29
20 13
19 95
18 86
17 55
16 57
15 60
14 100
13 26
12 63
11 65
10 84
9 36
8 56
7 97
6 82
5 69
4 41
3 76
2 13
1 80
100 59
99 96
98 22
97 76
96 33
95 22
94 36
93 12
92 89
91 75
90 27
88 29
87 64
86 38
85 22
84 36
83 85
82 47
81 16
80 72
79 65
78 41
77 79
76 19
75 53
74 17
73 78
72 32
71 69
70 84
69 75
68 97
67 70
66 98
65 90
64 79
63 91
62 31
61 96
60 41
59 18
58 42
57 80
56 20
55 62
54 99
53 90
52 75
51 85
50 22
49 55
48 14
47 89
46 77
45 59
44 62
43 16
42 75
41 99
40 16
39 13
38 72
37 88
36 67
35 13
34 20
33 29
32 47
31 88
30 26
29 69
28 70
27 12
26 80
25 88
24 93
23 94
22 21
21 37
20 47
19 78
18 58
17 79
16 28
15 74
14 29
13 21
12 12
11 67
10 17
9 78
8 64
7 48
6 100
5 52
4 68
3 34
2 40
1 81
100 36
99 94
98 43
97 55
96 49
95 86
94 37
93 12
92 97
91 86
89 95
88 54
87 67
86 65
85 60
84 33
83 27
82 13
81 37
80 81
79 94
78 66
77 69
76 81
75 49
74 28
73 88
72 94
71 92
70 42
69 63
68 30
67 75
66 38
65 98
64 69
63 84
62 62
61 97
60 36
59 10
58 87
57 56
56 59
55 92
54 41
53 77
52 95
51 17
50 21
49 67
48 21
47 99
46 53
45 90
44 45
43 19
42 75
41 70
40 80
39 24
38 86
37 68
36 33
35 12
34 58
33 34
32 23
31 69
30 72
29 57
28 79
27 19
26 98
25 43
24 57
23 36
22 78
21 25
20 71
19 36
18 85
17 52
16 56
15 99
14 42
13 79
12 17
11 20
10 53
9 76
8 19
7 71
6 17
5 92
4 33
3 37
2 60
1 82
100 38
99 88
98 100
97 14
96 28
95 100
94 73
93 46
92 58
90 89
89 59
88 35
87 17
86 98
85 70
84 92
83 52
82 17
81 76
80 13
79 27
78 69
77 85
76 44
75 73
74 86
73 29
72 62
71 83
70 38
69 96
68 72
67 48
66 45
65 86
64 89
63 100
62 27
61 93
60 27
59 13
58 57
57 48
56 33
55 98
54 78
53 91
52 100
51 31
50 53
49 44
48 86
47 26
46 71
45 32
44 47
43 82
42 14
41 10
40 14
39 44
38 91
37 21
36 34
35 35
34 14
33 38
32 50
31 54
30 72
29 22
28 37
27 62
26 85
25 17
24 99
23 12
22 69
21 77
20 68
19 31
18 26
17 11
16 63
15 94
14 45
13 76
12 56
11 44
10 58
9 81
8 100
7 22
6 92
5 51
4 73
3 84
2 44
1 93
100 57
99 82
98 14
97 19
96 19
95 28
94 17
93 53
91 97
90 45
89 26
88 46
87 49
86 90
85 53
84 54
83 18
82 63
81 10
80 56
79 55
78 10
77 13
76 15
75 45
74 34
73 41
72 77
71 38
70 74
69 97
68 35
67 15
66 28
65 14
64 87
63 38
62 56
61 98
60 32
59 81
58 91
57 33
56 34
55 30
54 37
53 50
52 72
51 78
50 88
49 53
48 83
47 74
46 87
45 38
44 16
43 36
42 42
41 54
40 58
39 94
38 32
37 82
36 86
35 83
34 16
33 76
32 75
31 54
30 51
29 58
28 91
27 80
26 100
25 75
24 14
23 36
22 72
21 84
20 53
19 43
18 19
17 38
16 50
15 60
14 97
13 59
12 44
11 22
10 79
9 27
8 20
7 59
6 93
5 14
4 54
3 55
2 11
1 55
100 46
99 56
98 42
97 28
96 49
95 29
94 68
92 20
91 26
90 34
89 47
88 14
87 57
86 20
85 86
84 35
83 57
82 18
81 50
80 18
79 82
78 34
77 64
76 92
75 82
74 81
73 16
72 76
71 76
70 40
69 55
68 91
67 100
66 75
65 60
64 16
63 89
62 91
61 22
60 14
59 71
58 96
57 18
56 52
55 23
54 94
53 67
52 87
51 54
50 98
49 32
48 56
47 79
46 51
45 93
44 82
43 16
42 46
41 57
40 60
39 38
38 83
37 92
36 90
35 43
34 10
33 14
32 81
31 92
30 91
29 32
28 45
27 92
26 99
25 57
24 71
23 67
22 97
21 60
20 13
19 23
18 93
17 37
16 40
15 45
14 100
13 43
12 37
11 86
10 84
9 49
8 39
7 45
6 45
5 67
4 64
3 24
2 96
1 38
100 62
99 39
98 79
97 13
96 30
95 26
93 78
92 51
91 57
90 58
89 71
88 79
87 100
86 98
85 50
84 83
83 58
82 86
81 20
80 52
79 95
78 88
77 58
76 89
75 33
74 86
73 38
72 12
71 45
70 72
69 25
68 36
67 43
66 52
65 80
64 75
63 10
62 33
61 29
60 23
59 63
58 21
57 59
56 93
55 16
54 59
53 31
52 63
51 35
50 14
49 90
48 74
47 65
46 97
45 60
44 32
43 24
42 52
41 55
40 30
39 92
38 40
37 72
36 35
35 76
34 73
33 51
32 32
31 96
30 90
29 58
28 83
27 38
26 95
25 34
24 27
23 52
22 62
21 31
20 96
19 82
18 18
17 24
16 31
15 65
14 25
13 28
12 41
11 41
10 53
9 29
8 83
7 42
6 59
5 46
4 12
3 30
2 44
1 18
100 53
99 40
98 31
97 55
96 34
94 62
93 65
92 75
91 54
90 25
89 50
88 66
87 90
86 16
85 35
84 94
83 72
82 76
81 58
80 38
79 32
78 92
77 92
76 12
75 100
74 40
73 37
72 11
71 40
70 69
69 37
68 36
67 12
66 17
65 30
64 75
63 67
62 11
61 60
60 19
59 72
58 37
57 36
56 76
55 64
54 30
53 91
52 57
51 86
50 31
49 27
48 77
47 71
46 90
45 11
44 26
43 34
42 85
41 77
40 89
39 40
38 24
37 23
36 63
35 79
34 33
33 81
32 64
31 20
30 40
29 16
28 83
27 25
26 75
25 52
24 20
23 63
22 39
21 52
20 55
19 71
18 44
17 28
16 40
15 99
14 96
13 79
12 30
11 49
10 62
9 14
8 18
7 28
6 29
5 23
4 18
3 68
2 18
1 71
100 45
99 15
98 55
97 31
95 55
94 49
93 26
92 55
91 10
90 65
89 94
88 14
87 69
86 87
85 83
84 36
83 23
82 73
81 45
80 22
79 61
78 58
77 68
76 23
75 63
74 72
73 47
72 68
71 80
70 52
69 85
68 75
67 29
66 65
65 57
64 30
63 68
62 65
61 50
60 90
59 26
58 34
57 45
56 22
55 92
54 82
53 53
52 52
51 11
50 38
49 81
48 72
47 80
46 37
45 42
44 13
43 20
42 35
41 97
40 66
39 12
38 73
37 36
36 59
35 33
34 80
33 78
32 12
31 68
30 16
29 52
28 48
27 76
26 70
25 61
24 98
23 71
22 25
21 80
20 98
19 46
18 28
17 36
16 82
15 61
14 84
13 82
12 100
11 56
10 75
9 92
8 96
7 98
6 53
5 78
4 48
3 78
2 10
1 68
100 47
99 29
98 41
96 30
95 23
94 87
93 52
92 95
91 93
90 50
89 33
88 36
87 84
86 62
85 47
84 44
83 91
82 27
81 100
80 62
79 13
78 93
77 41
76 31
75 29
74 18
73 87
72 62
71 31
70 68
69 90
68 57
67 84
66 78
65 60
64 48
63 74
62 70
61 55
60 52
59 48
58 44
57 14
56 25
55 87
54 74
53 25
52 26
51 96
50 89
49 71
48 14
47 36
46 88
45 49
44 15
43 19
42 48
41 73
40 43
39 83
38 39
37 18
36 25
35 71
34 71
33 45
32 37
31 81
30 46
29 84
28 44
27 23
26 45
25 64
24 65
23 71
22 48
21 69
20 49
19 36
18 57
17 69
16 42
15 82
14 84
13 27
12 73
11 91
10 65
9 36
8 79
7 95
6 35
5 99
4 28
3 53
2 24
1 60
100 80
99 10
97 55
96 80
95 99
94 91
93 43
92 71
91 99
90 36
89 46
88 75
87 88
86 91
85 77
84 64
83 30
82 99
81 50
80 14
79 27
78 95
77 33
76 32
75 50
74 78
73 89
72 41
71 91
70 17
69 29
68 55
67 19
66 84
65 54
64 59
63 87
62 79
61 42
60 31
59 38
58 31
57 42
56 88
55 80
54 79
53 62
52 64
51 41
50 83
49 39
48 36
47 41
46 37
45 23
44 22
43 59
42 37
41 31
40 89
39 46
38 44
37 67
36 81
35 92
34 92
33 46
32 14
31 91
30 50
29 25
28 30
27 83
26 38
25 55
24 29
23 31
22 51
21 59
20 10
19 39
18 44
17 74
16 22
15 16
14 49
13 18
12 33
11 15
10 68
9 18
8 54
7 96
6 45
5 35
4 94
3 63
2 41
1 31
100 86
98 86
97 52
96 74
95 40
94 32
93 63
92 81
91 19
90 58
89 98
88 64
87 45
86 37
85 54
84 33
83 14
82 59
81 52
80 86
79 40
78 68
77 32
76 66
75 99
74 100
73 42
72 76
71 34
70 79
69 72
68 100
67 81
66 37
65 81
64 97
63 18
62 97
61 77
60 42
59 25
58 90
57 73
56 67
55 72
54 100
53 61
52 89
51 91
50 25
49 27
48 93
47 51
46 12
45 68
44 57
43 55
42 100
41 98
40 42
39 95
38 76
37 100
36 67
35 39
34 52
33 70
32 72
31 20
30 96
29 31
28 43
27 94
26 37
25 11
24 75
23 86
22 67
21 51
20 51
19 40
18 46
17 35
16 60
15 24
14 86
13 55
12 77
11 55
10 71
9 49
8 65
7 75
6 84
5 88
4 39
3 83
2 61
1 58
99 54
98 84
97 75
96 98
95 20
94 49
93 63
92 45
91 29
90 36
89 48
88 65
87 99
86 57
85 19
84 13
83 59
82 76
81 87
80 72
79 35
78 95
77 36
76 63
75 28
74 47
73 52
72 47
71 49
70 13
69 96
68 32
67 23
66 89
65 96
64 24
63 99
62 20
61 84
60 11
59 74
58 73
57 19
56 22
55 87
54 97
53 21
52 99
51 59
50 89
49 12
48 30
47 78
46 20
45 53
44 29
43 24
42 28
41 35
40 76
39 38
38 55
37 77
36 40
35 58
34 87
33 18
32 16
31 52
30 10
29 73
28 34
27 23
26 92
25 85
24 38
23 29
22 68
21 51
20 86
19 99
18 53
17 46
16 53
15 56
14 69
13 66
12 21
11 83
10 42
9 78
8 27
7 39
6 58
5 72
4 12
3 91
2 94
1 89
76
49
1 76 
2 78 83 
1 7 
2 64 24 
1 89 
1 11 
1 22 
1 46 
1 59 
1 10 
1 27 
2 31 26 
2 75 30 
1 23 
1 40 
1 20 
1 70 
1 48 
2 19 72 
2 80 94 
1 62 
1 68 
1 99 
2 65 73 
1 54 
2 57 6 
1 98 
1 34 
3 1 55 8 
1 77 
1 79 
1 85 
2 92 52 
1 82 
1 63 
1 71 
1 61 
3 17 13 91 
2 2 90 
1 69 
1 44 
3 42 56 16 
2 95 53 
1 25 
1 39 
1 97 
1 41 
1 100 
2 87 43 
1 66 
1 81 
1 58 
1 51 
1 86 
1 12 
1 15 
1 50 
2 36 4 
1 18 
2 28 49 
